0.7898675259784795
0.0034957180032506585
0.0063460220117121935
0.003266409010393545
0.011744663992431015
0.0033776960044633597
0.0033152569958474487
0.003025765996426344
0.0033465030137449503
0.003520363010466099
0.0029265310149639845
0.0032075430208351463
0.003294853988336399
0.005868218984687701
0.0032421660143882036
0.0031259570096153766
0.003383103001397103
0.0032625499879941344
0.003215044009266421
0.003176892001647502
0.006361331994412467
0.003392282989807427
0.006077824014937505
0.0033503179729450494
0.003345843986608088
0.003179913997882977
0.002982299978611991
0.0030182389891706407
0.0034556440077722073
0.0033261129865422845
0.0031404150067828596
0.0032086939900182188
0.003415940998820588
0.003350655024405569
0.003149180003674701
0.011703941010637209
0.0069186460168566555
0.0034027310030069202
0.003187897993484512
0.0029363360081333667
0.0033375670027453452
0.0033627930097281933
0.006688912020763382
0.004316753009334207
0.003976804000558332
0.003429161006351933
0.003249480010708794
0.003256203985074535
0.003277042997069657
0.0055129610118456185
0.004338988976087421
0.0033888700127135962
0.003336238005431369
0.003385029995115474
0.0033669389958959073
0.0030499360000249
0.008136705000652
0.003421037021325901
0.0026955320208799094
0.003156858991133049
0.003135035978630185
0.00330231201951392
0.0031712499912828207
0.003351733001181856
0.0032856139878276736
0.003235169016988948
0.0033869280014187098
0.003342047013575211
0.0034370810026302934
0.0033639500034041703
0.0033219659817405045
0.003270479995990172
0.00460766299511306
0.0034871009993366897
0.0032350230030715466
0.0032112059998326004
0.0033548810170032084
0.003201234998414293
0.0032788109965622425
0.0032041659869719297
0.006308904994511977
0.004210657993098721
0.0032735610147938132
0.0032200010027736425
0.0034476079745218158
0.003420822002226487
0.0032273620017804205
0.0055212930019479245
0.00456747499993071
0.003291203989647329
0.0033543500176165253
0.003026846010470763
0.0033814110211096704
0.0034440990129951388
0.003209079004591331
0.003171055985148996
0.006526807992486283
0.004465256992261857
0.0028767559851985425
0.0033322460076306015
0.0033240859920624644
0.007072034990414977
0.0032221419969573617
0.003153040015604347
0.00345266200019978
0.003299033996881917
0.003067951009143144
0.00294167100219056
0.003436959028476849
0.0033900510170497
0.0030618849850725383
