80
-30.7196
-28.3305
-30.8073
-22.462
-19.3143
-21.3723
-21.026
-26.7067
-25.2422
-18.5428
-14.6273
-19.2214
-25.89
-19.7633
-14.9314
-15.2581
-17.0675
-12.4042
-8.32508
-8.02549
-11.1736
-16.9094
-22.6512
-20.3817
-23.3225
-27.7349
-25.4409
-26.1557
-24.9059
-16.7096
-12.5886
-13.6317
-19.3896
-23.7293
-24.5991
-25.306
-21.7254
-17.0643
-14.2506
-15.2298
-19.0314
-0.259294
20.1153
25.9029
34.8078
38.747
39.6342
36.0523
31.3037
25.5049
16.4952
20.223
9.90825
0.272936
-3.32051
12.3856
12.7872
16.5712
26.4783
33.7086
38.2488
41.6397
47.4781
51.2021
54.7049
57.9026
61.1812
64.0823
66.1656
67.5237
68.694
69.6532
70.4712
71.1297
71.5828
71.9435
72.2934
72.7903
73.448
74.097
74.5094
74.6984
74.0333
71.7283
66.9362
58.4093
43.6696
21.6972
20.7411
16.9026
4.82939
4.96614
14.8757
23.5895
25.3972
25.8427
23.6728
19.4408
16.0509
14.2197
12.0276
3.57211
1.69213
-4.8168
-11.2049
-11.3376
-14.2005
-15.2176
-10.1928
-4.70234
0.00638351
7.42829
1.63954
-7.80739
-7.93397
-1.57333
-8.95768
-14.5643
-21.6991
-21.2097
-17.4899
-16.6562
-17.2275
-16.1634
-18.0397
-19.6877
-23.0606
-20.7734
-23.4524
-26.4075
-24.2243
-20.4339
-18.9938
-15.223
-10.1004
-7.4491
-8.66668
-13.9454
-22.0203
-29.0758
-30.6678
-27.5201
-24.2055
-21.74
-21.0686
-21.1694
-21.7596
-20.896
-19.7882
-20.9836
-23.6318
-22.2866
-17.8782
-14.8328
-13.0255
-12.4996
-15.1338
-20.4067
-23.5952
2.74253
18.4089
28.7322
35.5645
43.5456
52.6433
59.3527
63.2978
65.2969
65.7031
65.4846
65.1866
65.3566
65.6882
66.3622
67.3747
68.5251
69.8333
71.2044
72.3252
73.1718
73.7368
74.3997
74.8251
74.9512
74.5055
73.409
71.8129
69.6964
67.2548
64.9974
62.8065
60.2826
57.8213
56.2474
55.8378
55.8405
56.0143
56.2333
56.5581
56.7012
56.2546
54.5244
51.8648
48.0658
41.2214
29.458
3.58815
-3.83099
-0.984468
2.07136
8.34897
12.8904
25.2985
30.4033
32.515
31.5477
28.55
23.6673
17.3029
12.9026
-1.89587
-10.0609
-3.64162
4.16205
4.59807
6.34294
6.64316
5.86737
3.79096
6.64813
5.04028
7.59688
-1.33951
0.662552
-2.82097
-6.02468
-20.3185
-23.9483
-23.7684
-22.4674
-22.1053
-21.3184
-18.694
-17.5812
-20.7051
-22.9841
-22.4525
-22.9727
-26.5092
-28.5902
-28.0985
-25.945
-20.2596
-17.5788
-17.524
-19.8363
-21.413
-22.3793
-25.4622
-29.2017
-32.3813
-31.5459
-32.863
-36.2637
-39.0688
-40.7065
-35.9767
-28.6954
-25.2927
-25.0429
-27.6021
-32.2856
-33.3025
-26.1966
-20.9546
-19.9807
-20.4833
-3.08814
-3.43437
27.3873
43.2812
55.5954
64.7694
70.0432
72.0158
71.5257
70.2779
69.387
68.6955
67.8696
67.2056
66.7186
66.1596
65.2298
63.9954
62.2996
60.5071
58.7196
57.4223
55.4406
53.5474
50.6545
46.8625
42.1402
35.0557
27.1377
17.9469
13.4707
15.8668
20.3631
19.9786
20.102
21.7012
19.9662
19.2433
19.4058
31.5617
44.2598
54.5365
59.4444
59.0493
53.4455
42.4339
26.1395
13.4898
13.2278
13.4943
12.7434
15.154
19.302
19.8273
18.2998
13.6868
10.6405
10.003
12.7247
15.3667
15.8071
11.6562
7.80909
5.69628
7.09271
3.92101
2.27596
2.08075
1.25779
1.58785
5.00281
-1.32725
1.42803
-4.40041
-2.14278
-4.02914
-10.1887
-22.9522
-22.6595
-22.859
-22.3491
-23.6804
-25.9801
-30.3619
-33.0395
-20.9429
-12.6755
-8.88751
-7.99426
-9.83214
-14.9035
-21.816
-22.5481
-17.349
-14.0907
-13.6874
-15.36
-18.7618
-24.7952
-29.4355
-24.6026
-17.0386
-12.9287
-12.2257
-14.9163
-19.2921
-20.7897
-20.1021
-21.359
-25.7616
-32.1312
-35.8627
-28.4931
-22.8937
-16.7787
-14.3537
-15.3475
-18.7916
-2.20322
2.06576
15.908
41.1001
54.6908
61.197
62.5035
58.6489
48.9723
36.303
31.6265
25.0009
4.9359
6.42864
12.705
15.6018
10.6992
16.0538
17.3656
23.417
21.7249
22.868
25.3244
24.2981
36.136
46.3999
53.2283
60.5049
67.3813
72.5295
76.0998
78.3125
79.6906
80.679
81.4788
82.2468
82.9921
83.6602
84.3149
84.9145
85.1918
84.3475
81.4821
75.8383
66.5631
52.5067
34.1843
21.2073
15.1539
11.3424
14.5528
21.5986
29.0514
31.2056
29.56
22.9826
13.5987
10.5929
13.0463
16.1034
17.0636
16.1391
11.934
6.53159
4.85939
4.9587
2.9977
-2.78343
-8.13521
-11.3241
-0.715742
-9.98919
-2.0554
-9.01506
-6.10989
-11.1614
-12.5117
-21.8756
-23.4676
-26.1064
-29.5094
-27.7202
-25.607
-25.647
-23.3603
-23.7152
-23.2387
-19.9067
-16.227
-15.8091
-18.8119
-22.2452
-19.0196
-11.6216
-7.36636
-7.32524
-11.3484
-19.5927
-28.107
-24.7883
-15.5504
-10.9721
-10.314
-13.6058
-18.9458
-21.882
-21.9683
-22.4017
-23.9483
-25.535
-24.0522
-20.3789
-18.0622
-17.4602
-18.7937
-19.9536
-20.9117
-19.6229
-3.39083
6.36282
8.99003
38.0744
50.8336
56.1471
55.5287
49.3565
40.7351
35.2469
32.5713
24.2145
21.9388
30.4151
40.0592
47.1794
55.5471
63.2727
68.9258
73.0653
76.664
80.1815
83.1538
85.5796
87.6828
89.6767
91.3391
92.2931
92.3058
91.3384
89.4004
86.895
84.3946
82.2702
80.7895
80.1711
80.246
80.5318
80.6117
80.3652
79.4347
77.4468
73.8433
67.909
58.7225
45.4569
24.3449
8.71415
8.23265
8.6664
16.6915
27.7212
33.9733
35.5588
32.5534
24.8355
13.5429
4.56148
-4.23982
-11.1638
-3.15249
-7.58241
-3.49506
-5.88598
-9.50456
-15.8307
-20.3805
-26.0207
-17.3138
-17.9261
-4.5799
-21.2043
-4.39343
-25.5795
-12.9299
-14.7275
-13.4449
-9.14721
-7.00222
-5.58988
-5.54574
-7.36137
-10.1479
-13.525
-15.8886
-16.7732
-16.5543
-16.7326
-17.8536
-16.7543
-11.9842
-9.74138
-9.26862
-9.75121
-11.699
-16.4868
-27.1738
-35.9078
-25.6518
-18.5052
-16.6703
-17.8885
-18.6421
-17.3113
-18.3206
-23.1299
-30.8919
-38.1642
-30.7326
-24.0985
-21.9061
-22.6742
-19.942
-13.223
-7.7607
-5.85912
-7.61514
-12.7249
-10.1417
5.52704
22.9801
38.226
53.0474
64.3793
72.2473
77.4623
80.6649
82.2704
82.6842
82.679
82.9367
83.6961
84.8561
86.0499
86.9633
87.5643
87.847
88.0466
88.3619
88.717
89.0234
89.1418
88.9149
88.0415
86.2922
83.4208
79.0331
72.3998
63.503
52.8528
41.915
33.7332
29.1819
25.1631
17.5502
21.1681
13.5048
21.1995
16.9245
18.222
20.8295
25.2858
29.3211
25.133
16.5572
6.77323
6.48072
7.03998
7.90434
19.9998
29.3249
32.8868
31.1863
25.1608
19.758
18.2929
14.6455
7.68292
0.897626
1.07012
-4.18112
-11.4277
-12.0585
-25.3327
-26.3931
-25.0962
-17.6348
-17.7593
-2.18515
-10.5729
-3.52505
-16.978
-12.9136
-16.8114
-17.8404
-12.5406
-14.2588
-10.2448
-6.45646
-5.91999
-9.33964
-15.6217
-19.1397
-18.711
-19.3001
-17.0191
-12.6161
-10.5932
-11.6688
-15.4191
-21.8249
-27.5034
-28.2726
-28.652
-30.4167
-30.8474
-28.9645
-23.0262
-16.6196
-13.5829
-14.7646
-20.3634
-24.9298
-21.7242
-19.6816
-20.8954
-22.9161
-22.2698
-23.1256
-24.8623
-20.4902
-14.0153
-9.70691
-6.91401
-6.30812
-8.05206
-5.86769
12.9449
33.8571
44.6275
56.8267
69.5628
78.0403
82.3528
83.2637
82.3197
81.6707
81.2043
80.4112
79.7276
79.1053
77.7913
75.3813
71.3691
65.5431
58.2308
52.3442
48.0291
43.9458
40.988
38.1135
35.7552
28.1381
22.4824
20.0161
29.575
33.2695
36.3955
44.2965
50.1826
53.3155
54.9972
55.3258
54.7806
53.0748
50.594
47.1973
42.4659
37.4732
33.8411
27.4704
23.1296
17.6447
15.6261
11.6886
5.5563
4.07497
15.5407
23.5147
26.2706
27.6562
26.5194
22.528
17.1171
15.8906
18.6245
20.3293
17.8634
13.9307
6.45789
-2.1332
-2.96477
-2.44938
-3.13329
-6.50836
-10.8922
-4.77308
-20.967
-10.8482
-20.2919
-11.8604
-16.8408
-19.2557
-13.8966
-15.5957
-18.6561
-18.0979
-18.1736
-18.7255
-19.0709
-17.7858
-18.7818
-21.7391
-19.9713
-15.5514
-13.4639
-14.298
-15.6578
-16.176
-16.4609
-16.7157
-18.0786
-20.6574
-26.6493
-33.5786
-29.5786
-21.5345
-17.2651
-16.9703
-18.3268
-18.6818
-19.3196
-22.8584
-27.7974
-24.0244
-17.0031
-12.8553
-12.1654
-12.795
-12.6998
-11.8935
-12.3845
-14.938
-19.0629
-19.0831
13.0272
29.7934
51.8027
66.0157
73.5265
76.1116
73.6345
65.9099
55.8054
48.3648
43.3754
35.8323
28.1006
28.5525
21.3399
30.6478
36.1896
38.8411
38.2388
35.2375
36.1394
38.3545
39.0709
44.2776
52.2021
58.205
62.2916
65.1119
66.4765
67.049
67.2865
67.1657
67.075
66.9706
66.5361
65.7747
64.4196
62.6893
60.4499
57.5862
53.7166
48.3754
40.2525
29.3633
13.4244
5.49729
6.29063
-1.77323
-4.95687
3.07406
10.7247
14.7679
14.3761
13.4803
11.3895
10.6758
7.86503
3.82556
2.18739
3.76928
6.98845
6.44395
4.22974
1.10918
-5.26284
-5.41236
-5.89024
-7.16794
-14.6927
-8.63103
-17.709
-1.69347
-6.43996
-2.33099
-4.91268
-9.71588
-16.3108
-19.9274
-24.8341
-30.1387
-26.2181
-24.81
-21.8223
-18.8168
-19.4068
-21.6292
-22.6668
-17.9686
-16.36
-18.1396
-22.9521
-26.8767
-23.6033
-18.4693
-17.7155
-21.9154
-27.9319
-30.8978
-29.7089
-28.6558
-26.7975
-22.7278
-19.9459
-19.5456
-21.1461
-25.6438
-33.394
-33.4779
-25.4566
-20.1267
-17.5462
-16.1978
-16.0234
-16.8058
-18.1751
-19.2496
-20.7749
-17.4063
8.7559
24.8103
50.4362
63.6441
70.8535
71.7736
68.7534
65.4205
63.3092
57.6126
47.4614
47.6143
47.8114
54.5747
63.4774
70.4107
75.7469
78.9609
80.2864
80.3993
80.2415
79.8937
79.0797
77.9333
76.6175
74.958
72.5649
69.4266
65.4141
60.3515
53.9933
47.2483
41.0636
35.8837
32.7968
29.3692
28.6529
25.1346
24.7905
26.8631
27.0387
22.9525
17.049
11.8175
6.92621
-4.07634
-11.4014
-6.31436
-1.66698
0.354751
5.57404
11.0681
13.5212
11.9719
10.5803
9.53089
8.18481
4.48439
-1.66674
-7.80947
-16.2762
-12.7156
-11.893
-9.15636
-15.0333
-17.6451
-13.7653
-11.1703
-9.34766
-4.31882
-18.2316
-12.6686
-16.4557
-14.3046
-15.7872
-14.3907
-29.9182
-28.091
-29.9997
-28.0284
-22.3524
-16.1139
-13.6891
-14.7966
-18.0831
-19.5001
-20.4934
-23.8526
-27.7819
-30.6874
-33.2874
-29.5012
-21.352
-17.6304
-17.7975
-21.4685
-26.0013
-23.8722
-21.31
-21.7816
-25.2825
-31.4191
-37.43
-36.154
-30.8271
-26.9115
-26.6817
-28.1009
-29.8436
-31.2428
-33.5578
-35.9154
-39.4771
-40.494
-36.7992
-30.116
-24.7174
-19.3679
4.15286
34.9653
54.6699
70.3464
81.3951
88.9644
93.7821
96.3984
97.2291
96.7194
95.4375
93.9973
92.8647
92.254
91.8281
91.1668
89.8782
87.7837
84.9594
81.8715
78.8501
75.6911
72.1362
67.7122
61.8214
54.5664
45.7264
36.0141
30.8576
27.515
30.3078
35.5667
39.2433
41.5558
43.0822
43.8807
44.0612
43.2607
41.8662
39.7368
37.0393
33.1968
29.2977
20.9129
9.24461
0.674147
2.24389
-0.946007
-3.42319
-3.14788
2.90485
8.32255
7.30524
10.813
13.8053
14.1592
11.2639
8.58218
8.46933
9.90148
9.98559
9.00005
5.09318
-2.81113
-10.5851
-11.6732
-11.7406
-9.76557
-13.0752
-6.37034
-19.7783
-8.20159
-30.0997
-15.8718
-25.0345
-31.0455
-41.249
-37.8445
-34.4917
-33.7235
-29.477
-24.8735
-21.0049
-19.4718
-20.3169
-20.2528
-18.7831
-18.3769
-20.9949
-28.6794
-37.6466
-38.6032
-36.146
-32.2493
-28.2088
-25.9538
-25.9059
-24.4395
-21.1342
-20.2546
-23.5492
-30.9924
-38.7526
-38.0785
-33.1801
-31.3495
-32.6538
-34.6067
-31.3765
-26.8516
-24.468
-23.9868
-25.2744
-29.5416
-35.6106
-35.3628
-31.9904
-21.9359
0.518016
28.2637
40.3809
60.8882
75.5668
84.3174
88.3879
89.0454
87.6741
85.8837
83.7752
80.9852
78.2728
75.781
72.7478
68.0935
62.3242
55.4456
46.6977
36.1787
24.6461
22.7356
19.9742
26.7701
33.3893
41.9459
47.1643
51.3294
54.2663
55.7026
55.7529
55.2858
55.0035
55.0872
55.1997
55.0114
54.3195
53.3671
52.1854
50.47
48.066
44.895
39.6089
31.9362
20.681
5.758
-6.11224
-20.6132
-17.8525
-10.1587
-0.374197
4.38605
2.30107
5.2778
8.50804
10.8857
9.25157
3.09451
-2.4771
4.34383
8.69539
9.14654
5.04034
-1.74785
-13.0033
-13.8334
-13.0967
-14.5519
-18.0322
-7.73082
-29.0118
-9.54094
-29.1643
-18.0977
-25.5491
-32.9842
-25.5593
-26.1047
-30.7415
-28.7003
-22.788
-17.9564
-18.2331
-21.3863
-22.8482
-19.9552
-16.076
-15.9186
-19.1451
-23.5345
-28.5303
-34.5652
-36.6243
-33.2848
-32.9552
-34.6065
-34.6066
-33.5742
-32.462
-32.6332
-35.8098
-39.9637
-40.461
-36.6937
-35.8252
-36.7713
-32.388
-26.9111
-25.6862
-28.686
-30.7609
-26.1358
-23.1166
-23.2029
-27.2972
-34.6595
-41.1597
-21.2937
-14.7648
24.4079
48.5793
61.7572
69.2138
70.937
68.051
59.9835
50.3417
45.7439
42.5338
37.568
32.7961
35.04
35.1457
36.4854
38.8765
45.2447
48.3212
48.2177
46.0193
42.0547
39.6674
41.8825
47.0954
50.706
52.9384
53.0466
51.2954
47.65
41.5793
32.4446
19.2107
11.1359
12.3971
9.70284
4.06547
-1.13947
8.02711
9.01064
8.14957
9.31179
12.8105
10.3392
6.6029
-2.47105
-8.91698
-15.1389
-14.8946
-4.91617
4.82435
13.6578
17.0834
18.7738
19.6815
18.102
13.6189
7.86995
4.93805
6.07691
7.59503
8.56626
5.33094
-1.94059
-13.3321
-18.9122
-17.6182
-16.6302
-17.6205
-14.5709
-36.2814
-12.2326
-31.6901
-19.8775
-27.8712
-35.3297
-22.8775
-27.28
-30.3522
-34.2336
-32.2148
-25.2975
-20.4733
-20.1075
-20.6633
-16.5284
-14.6137
-15.4809
-18.8225
-22.0934
-25.0796
-28.657
-31.6489
-33.8427
-36.6246
-38.9944
-41.4397
-41.591
-36.3402
-29.1184
-24.5169
-22.2707
-22.2193
-24.7702
-30.2634
-33.9539
-31.3565
-29.2096
-29.6241
-29.9483
-27.5002
-25.2932
-26.332
-29.0312
-28.3799
-26.806
-28.3685
-14.2358
1.69863
18.1843
45.8386
59.5427
66.6432
69.3071
69.1331
68.9657
69.718
70.4078
71.2074
71.439
70.2231
67.828
65.6691
64.6642
64.7823
65.0639
64.5631
62.2369
58.1532
53.2266
48.2305
43.997
40.2772
37.4371
32.8676
26.3346
17.7481
18.1694
23.0079
26.8433
31.9891
35.1022
35.8416
34.776
32.6738
31.0828
29.9796
28.1431
25.9328
21.9145
16.1997
6.91546
1.36893
-8.83803
-19.6347
-26.8817
-34.3523
-15.8488
0.991859
10.7589
15.651
18.5425
18.7129
16.9465
14.2208
11.056
7.51004
9.17645
15.4638
18.5829
17.6019
12.2773
2.00324
-11.2934
-19.0193
-14.8949
-16.6946
-7.93451
-29.9325
-13.8292
-30.6529
-20.5959
-27.193
-31.1659
-23.2535
-24.0545
-29.9307
-38.4799
-38.4404
-30.7986
-27.91
-26.2779
-23.8384
-19.4532
-16.846
-16.5101
-17.9459
-20.5439
-24.5904
-27.6524
-25.2408
-22.5803
-23.5396
-28.214
-35.0529
-38.8626
-39.1169
-37.9944
-36.5572
-35.2143
-34.5446
-36.3644
-40.3365
-37.937
-33.1485
-32.0645
-34.3816
-36.879
-36.5967
-36.1715
-35.8229
-31.9709
-26.4564
-24.4402
-26.2298
-10.601
-3.56208
21.719
35.3631
47.213
56.3581
62.7965
66.352
67.7176
67.938
67.7792
66.9429
65.1215
62.6832
60.3694
58.5188
56.3845
53.7669
50.848
46.3215
39.6787
30.8979
24.144
22.5807
28.1669
31.1538
31.9985
37.7962
41.8935
44.2573
44.2861
44.2974
44.6249
44.7159
44.4199
43.3605
41.5513
39.6827
38.3486
37.4319
36.5624
34.4273
30.5106
23.7044
15.9816
8.15802
-7.07066
-17.5898
-27.382
-26.1972
-10.7388
1.19402
8.59141
20.3449
27.4795
30.9707
30.4499
26.1163
19.4434
13.154
10.691
13.1116
14.8831
12.3584
4.14614
-9.63394
-18.4242
-18.7301
-18.9587
-19.4196
-10.3215
-27.4996
-13.111
-39.221
-21.4902
-31.7682
-40.2182
-22.4263
-20.75
-22.5942
-27.6322
-27.2593
-22.0726
-20.213
-21.7319
-26.104
-29.8439
-27.4929
-26.0502
-24.0391
-22.6012
-23.7115
-28.4513
-32.2951
-26.569
-22.8141
-23.795
-29.0914
-30.3831
-24.4635
-20.7363
-20.9008
-23.7907
-29.207
-34.6897
-38.2537
-36.0955
-33.7533
-32.8031
-31.6906
-30.7203
-31.4964
-34.4638
-36.7518
-33.9194
-30.0875
-28.447
-30.3723
-9.78956
1.39142
11.8008
16.4837
22.0519
30.3098
34.8857
37.903
38.2897
36.4898
33.2789
33.0301
32.8547
32.7365
31.5411
37.5567
46.2019
52.3534
56.5893
59.0834
60.3908
61.1011
61.3179
60.6231
59.1506
57.4945
55.7714
53.2349
50.2765
45.7535
39.1388
28.9781
16.6336
16.0563
16.0308
9.77349
6.71266
5.13913
4.05609
7.11295
8.74744
10.8796
9.72314
6.39222
0.663971
-4.60466
-22.3591
-14.4259
-23.5201
-21.5615
-2.3565
11.4165
20.2618
23.8693
25.246
25.1057
26.6712
28.3972
27.5791
24.9848
23.4844
21.4488
16.5334
8.20339
2.7513
-2.00459
-8.84092
-19.8763
-24.18
-20.6583
-10.9943
-21.042
-12.8024
-33.7442
-22.3198
-26.9391
-32.7859
-28.997
-26.1951
-26.0438
-28.1645
-27.4383
-22.1859
-18.8592
-18.3535
-20.0104
-20.9351
-23.7881
-23.193
-19.0321
-15.9331
-16.1256
-18.9923
-19.5881
-14.259
-9.92361
-9.357
-12.5935
-18.1696
-19.1835
-16.5685
-15.507
-16.577
-18.4981
-21.74
-26.6815
-33.2013
-39.0932
-36.6742
-32.7881
-33.1365
-37.0961
-37.3997
-35.4743
-34.9842
-35.3304
-33.7229
-33.0715
-7.36043
8.04342
21.5442
35.5077
45.571
54.636
62.3028
68.0519
71.7472
73.6835
74.7273
75.6885
76.4948
76.6253
76.2052
75.86
75.6767
74.9865
73.0767
70.0725
66.8819
64.292
61.636
58.5116
54.7391
49.9701
43.6604
37.4594
33.4825
36.1295
39.318
41.5809
43.4515
44.3464
44.1772
43.5352
43.1169
42.3338
40.9024
38.6955
36.3144
33.3597
30.1351
25.7448
18.6218
8.8096
-4.63151
-15.6906
-23.4088
-12.9442
2.16363
13.472
18.7594
18.8007
16.4643
15.7166
18.037
19.7542
22.3813
27.0745
30.3816
30.1032
26.4787
20.6698
15.3841
7.82185
-3.11226
-15.0843
-16.2291
-19.0634
-9.17741
-19.7879
-11.7941
-22.9342
-17.8863
-20.8661
-24.9495
-29.8265
-29.8108
-33.9953
-40.711
-45.4559
-45.1585
-41.2689
-33.6776
-27.9592
-26.1401
-26.2198
-24.0578
-21.7902
-20.2747
-18.4775
-16.9739
-17.2593
-18.4803
-17.7283
-16.5736
-17.7818
-19.3617
-19.0585
-20.6513
-26.3522
-33.6312
-34.6938
-30.859
-28.4964
-28.8818
-30.6636
-28.9111
-26.284
-26.3189
-27.5501
-27.3568
-26.8792
-28.0068
-27.4242
-24.8892
-23.5794
-7.4065
-0.945003
18.2075
29.4457
44.1716
56.6241
64.6607
68.8349
70.2429
70.3386
70.2122
69.7388
68.519
67.0471
65.5026
63.2051
59.7376
54.9156
49.1694
40.1214
29.6611
14.601
20.7641
22.0661
29.7717
39.8925
46.4372
49.256
50.5691
50.6281
49.2422
46.8433
43.747
40.7976
38.6031
36.7905
34.5855
32.4387
30.566
29.7662
27.4849
24.5315
20.7259
14.4073
7.0731
-1.61596
-7.87087
-16.8174
-21.213
-11.7709
0.398242
10.0098
14.4885
14.3187
12.6443
13.7519
17.1599
19.2683
19.4884
20.1566
22.3884
23.6064
21.1604
15.9089
14.1763
14.7618
12.9975
7.91733
-0.67586
-8.46427
-7.16259
-15.3262
-11.9745
-23.447
-18.9319
-24.2268
-26.2153
-15.9477
-19.1282
-25.8729
-31.1226
-29.6582
-25.4657
-24.2257
-23.3627
-20.6658
-16.2872
-15.163
-18.0014
-24.2217
-27.9519
-23.6814
-20.2256
-20.0692
-23.0371
-25.5201
-23.3724
-20.4529
-20.3868
-22.7384
-23.6815
-23.3455
-24.9414
-29.1472
-31.2457
-29.2943
-27.3429
-24.9964
-21.9634
-20.7616
-22.6921
-25.3331
-23.715
-22.627
-20.7603
-16.5719
-12.8959
-10.3051
-2.6048
3.32321
13.7863
21.7494
31.0358
39.3376
43.8124
43.7756
39.762
32.8106
25.7934
20.5346
23.9062
27.2522
32.1879
36.7617
44.5655
50.5578
53.3037
53.6203
53.2066
53.7042
54.3349
55.2164
55.4596
54.538
52.1461
48.042
42.1839
33.8179
25.8314
18.0628
18.8574
24.3051
28.5759
30.0257
28.262
24.8933
22.8637
21.0831
18.5204
17.9901
17.0601
11.6384
5.57419
-2.45773
-10.3868
-11.5719
-19.0965
-13.1835
0.6342
10.6331
14.4789
13.6176
8.61303
4.26247
6.59279
10.0437
12.9751
16.204
19.4589
19.8686
17.2766
13.2031
12.1196
14.0576
12.7814
7.77081
0.0401823
-14.0204
-9.9747
-17.2004
-10.7438
-17.0142
-15.756
-21.5342
-25.2966
-20.6101
-22.8444
-25.3508
-25.6013
-23.6329
-23.2175
-25.6223
-29.143
-22.1784
-16.2146
-14.5206
-16.7241
-22.3732
-26.6402
-27.5341
-26.0867
-22.9881
-21.3004
-22.0261
-24.5278
-27.0426
-29.2516
-28.4585
-23.9849
-20.9771
-21.0845
-23.3575
-26.7332
-30.6167
-34.6961
-32.7713
-27.5918
-23.8496
-22.1766
-21.8938
-22.8315
-23.0439
-20.427
-16.6515
-13.0931
-10.8183
-2.76664
2.2777
14.6054
30.909
41.5343
48.175
52.5799
55.9972
58.6942
60.5002
61.3098
60.957
59.5613
57.8793
56.7193
56.6195
56.9164
56.5838
55.9268
54.4516
53.0912
51.1064
48.7996
45.8513
41.9778
36.9463
34.1454
37.54
42.2887
45.0817
46.3667
47.1935
47.8327
47.8084
46.6685
44.1576
41.3583
38.9267
36.8797
35.9372
34.9391
32.4331
27.9725
22.1498
15.361
7.58062
-3.55818
-9.44845
-15.7946
-12.7812
-1.66488
8.92296
14.5282
15.0921
11.8565
6.64379
7.5656
9.89564
9.59987
9.05283
11.2689
12.522
10.3925
3.47599
-3.53269
-11.0064
-11.7711
-13.1961
-14.6538
-16.23
-11.7444
-21.1511
-15.8304
-31.861
-21.9666
-32.7513
-32.236
-21.4688
-21.0425
-23.4425
-27.4129
-30.2046
-30.7095
-32.2045
-32.4042
-31.6937
-29.7585
-28.4337
-29.3134
-30.4308
-30.2696
-27.3858
-24.6536
-24.2211
-25.7598
-26.831
-25.1825
-23.0284
-22.9609
-25.909
-29.6661
-30.1572
-29.0838
-31.0068
-35.9355
-41.2228
-37.5236
-31.157
-26.3213
-24.5207
-25.5524
-28.5229
-29.628
-28.1421
-28.0585
-30.8689
-34.1862
-35.2116
-8.32589
1.34134
18.4891
33.0099
45.7405
54.9303
60.2965
61.8618
60.1131
56.4333
53.3913
51.8999
49.8636
46.9397
43.0975
38.4484
36.0019
37.1754
39.3266
40.4836
45.3642
50.6157
53.6132
54.426
54.2478
53.8124
53.5562
53.1502
51.9753
49.3793
44.7458
39.105
34.7651
31.6945
27.1907
20.8325
15.5689
17.2449
17.7197
18.0721
14.7908
12.8527
13.3153
9.00686
6.15067
1.17464
-9.59881
-17.4967
-22.5028
-22.6543
-13.8621
-0.652355
6.01701
6.20556
3.77241
-1.93111
-3.40373
1.54949
4.21242
3.31667
-1.19573
-4.02107
-1.67845
-1.18944
-4.55196
-10.399
-14.8873
-19.65
-21.9318
-24.9886
-15.4016
-31.0236
-14.5474
-30.2766
-22.5559
-21.3247
-19.9372
-27.404
-23.8579
-23.3768
-25.7399
-28.3621
-28.2466
-27.8449
-29.9278
-33.5612
-31.4527
-28.8082
-25.8673
-23.0293
-20.0673
-19.3581
-20.3108
-21.2691
-22.3355
-24.4325
-24.4707
-21.928
-20.9343
-22.0471
-24.7865
-27.9029
-28.2619
-24.3181
-20.2958
-18.3874
-18.1645
-19.1712
-21.9254
-25.0614
-23.7546
-20.4347
-19.4308
-20.628
-21.1631
-20.9927
-22.3418
-26.0751
-9.10083
8.73543
21.0915
29.9721
35.5415
41.7241
48.7565
53.1533
54.0663
52.3158
52.0826
56.3263
60.5829
62.6812
63.5288
64.4669
66.2995
67.7091
67.9495
67.4971
66.691
65.5343
63.6168
60.7923
57.1999
52.736
46.9181
40.4405
39.5902
45.7878
50.2993
52.4286
53.3333
53.1488
51.8639
49.4963
46.9656
45.193
43.4597
41.2159
38.5832
35.0284
31.1604
26.2074
19.6985
11.5996
-1.78875
-9.60178
-20.9762
-21.4765
-17.4263
-7.73656
-1.93193
-1.93876
-2.73645
-6.70143
-9.46672
-6.72052
-2.33103
-0.791064
-1.09303
-1.87171
-0.95513
-2.53997
-6.19831
-11.8819
-14.222
-16.451
-18.1036
-25.1936
-13.1648
-28.4907
-17.0254
-28.3595
-20.5521
-19.9435
-20.0668
-33.3693
-30.1425
-29.3453
-28.581
-27.3224
-25.8468
-25.2673
-25.3207
-27.3468
-29.4714
-28.5156
-26.0093
-23.8281
-22.5118
-21.7054
-21.0613
-20.7673
-21.4244
-22.4697
-22.3795
-22.9345
-24.3069
-24.9531
-25.3858
-28.0041
-28.9469
-24.6333
-22.0714
-22.9836
-26.6888
-30.7048
-30.811
-26.2594
-20.8959
-17.6347
-16.2576
-15.5664
-14.9886
-15.9191
-19.3607
-23.8417
-11.1059
9.65581
30.5649
44.8097
56.322
65.4141
71.6252
74.6248
74.6524
72.7496
71.1719
70.8867
70.624
70.1741
69.8424
69.1351
67.6129
65.0233
60.3108
52.804
43.7536
39.5612
38.0457
42.0987
50.4522
57.7718
61.7678
63.9517
64.6437
63.8243
61.1964
56.8451
51.0708
45.2193
39.8012
34.4487
29.0188
25.9734
24.4267
23.7921
20.7879
18.4245
14.5285
8.96412
3.23005
-0.490832
-6.08479
-6.95108
-13.4967
-9.38466
-2.89285
4.10467
8.12259
7.6745
4.22119
0.567507
1.64655
3.39222
3.96341
2.92475
1.51183
0.322535
-0.667212
-4.51075
-11.9313
-18.4322
-21.2335
-23.9991
-25.6386
-32.153
-16.4077
-20.0688
-10.3274
-14.5879
-11.7803
-12.6159
-11.6562
-38.43
-36.1169
-31.7546
-29.848
-30.824
-32.5317
-32.5795
-29.8096
-29.0254
-29.61
-29.6607
-29.7854
-31.761
-33.9962
-31.7253
-25.7187
-21.8344
-21.3679
-23.8157
-27.9331
-30.1921
-28.2647
-24.7137
-23.0011
-23.1388
-24.207
-25.6671
-27.7704
-30.9415
-34.5089
-34.4519
-31.6999
-29.1262
-25.4468
-22.9603
-23.268
-26.3557
-30.3797
-33.6382
-36.2493
-39.3548
-16.3825
18.3821
34.6334
45.0131
52.7435
60.3144
65.8559
67.6565
65.3132
59.2637
52.6645
48.937
44.8706
42.2646
42.137
45.6004
56.3305
65.7692
71.2437
73.9439
75.2077
75.9223
76.1511
75.7359
74.4455
71.8815
68.303
63.3981
57.3263
52.2224
54.1329
58.0537
60.7496
61.0671
59.7306
56.9675
53.4352
49.2344
44.6965
40.239
35.9511
32.3053
28.9851
23.5003
15.7847
5.62219
-5.80181
-16.295
-15.4468
-9.26238
0.761966
9.24211
13.2394
11.6831
5.5229
-3.82634
-4.18329
-0.722405
0.0587806
-2.51555
-6.71769
-9.28978
-7.96226
-7.21487
-7.26706
-11.4136
-14.6506
-17.4428
-20.1912
-26.5212
-15.6793
-26.1369
-16.1213
-24.9805
-22.0378
-24.618
-27.2147
-27.5545
-31.2214
-30.0811
-30.2912
-31.3471
-31.7531
-33.3921
-28.9902
-24.162
-21.7835
-20.2097
-19.004
-19.3259
-22.5931
-28.3123
-32.411
-31.3724
-29.0086
-27.3772
-27.0223
-26.7489
-25.6407
-23.3352
-21.4778
-20.004
-19.5177
-20.6646
-23.8567
-25.5165
-23.1171
-21.9635
-22.9411
-22.0781
-19.7789
-19.5794
-21.0581
-21.7009
-21.673
-21.2666
-20.8614
-22.1633
-15.4372
19.6536
36.6785
48.7463
57.7089
66.2975
74.1873
79.6655
82.1299
82.1034
81.0319
80.4737
79.9814
79.0896
78.1801
77.6498
77.0969
76.4189
75.7127
74.926
74.0377
72.4263
69.6703
65.6005
62.5524
65.7213
70.508
73.4715
74.9581
75.3858
74.5269
72.6147
69.6724
66.0412
60.879
54.3869
47.8103
42.6159
38.5333
35.8609
33.5233
29.2048
22.5624
15.572
9.29035
1.09212
-9.47005
-8.63747
-19.1667
-11.712
2.14185
11.7277
15.6934
14.8893
10.028
2.64524
0.675982
1.38204
2.33776
1.47536
-0.871946
-5.84594
-7.49393
-6.84063
-5.81251
-4.43497
-3.65705
-4.06571
-6.11443
-11.4994
-14.5178
-22.2356
-14.4807
-20.4136
-16.5959
-17.4025
-19.8748
-28.0005
-32.4898
-32.672
-29.3156
-27.7625
-28.1485
-29.9412
-29.8509
-27.8355
-25.0631
-23.277
-22.6803
-22.6781
-21.6064
-19.8442
-19.732
-21.6889
-23.0146
-21.6498
-21.013
-23.2372
-25.8239
-25.5495
-25.9517
-28.9403
-32.2758
-30.6846
-27.1692
-25.5995
-26.4562
-29.2456
-32.7222
-33.4006
-31.0536
-29.1758
-27.4917
-25.6444
-23.7702
-22.4515
-21.7881
-22.988
-18.9005
10.5408
35.9662
51.44
64.0507
74.3629
81.7333
85.6293
86.0077
83.3796
79.3607
75.8996
72.7772
68.9653
67.0155
67.001
69.3709
73.8493
78.2852
81.2229
83.1861
85.595
88.3324
90.1658
90.4069
88.7565
85.4188
80.7292
75.2607
70.182
69.7236
73.5845
77.7718
79.7199
79.1625
76.1281
71.0694
64.9307
58.517
52.5208
47.1826
42.4113
37.817
31.7871
24.5831
14.1076
0.12499
-9.39088
-19.9525
-11.3346
3.77548
13.8897
18.148
17.1443
11.1395
0.467493
-5.19416
-2.93495
-1.44854
-2.90678
-7.4274
-16.9765
-25.0138
-15.9501
-6.40203
-2.8755
-0.608321
-0.707987
-3.55003
-9.07604
-11.586
-27.3575
-16.551
-28.4194
-20.2193
-21.2791
-20.2882
-35.3069
-34.4774
-34.4578
-34.7211
-36.4677
-38.7182
-43.8516
-36.7253
-29.0365
-24.9221
-25.1493
-28.1376
-31.7279
-33.5155
-32.2664
-29.6332
-27.8669
-24.3332
-20.5283
-19.2029
-21.2313
-26.3237
-30.0392
-26.8013
-24.8432
-26.5456
-30.1287
-29.8667
-28.5817
-29.7081
-32.3189
-33.3701
-30.7885
-27.3757
-26.8666
-30.2541
-38.6333
-46.906
-37.7721
-29.7615
-26.3822
-20.2597
2.42269
14.2963
22.1369
36.9187
52.7526
62.8413
68.8283
71.7576
71.794
69.4931
68.2627
71.8663
76.393
78.8458
79.6106
81.0285
83.9863
86.3748
87.3806
87.4321
86.843
85.6243
83.7533
80.5254
76.2442
74.5008
78.9282
83.4418
85.8804
86.5891
86.4128
85.7574
84.4573
81.3993
75.7031
67.6483
59.2068
51.128
43.0647
36.1991
31.0312
26.7919
20.0956
11.9706
3.97854
-4.70676
-17.2032
-24.3347
-16.5398
-0.221926
10.6435
15.2607
14.975
9.92596
-0.348839
-8.30475
-8.90044
-7.72604
-7.28021
-9.45016
-17.5155
-21.9945
-10.4211
-0.754345
3.94828
4.2436
0.697116
-5.12318
-12.2099
-15.9006
-26.3144
-21.1364
-40.0072
-25.5678
-33.5623
-30.5046
-33.6909
-29.0897
-25.2791
-24.7826
-26.7213
-29.5771
-30.9876
-30.4783
-27.8085
-25.3783
-23.7883
-23.0736
-22.4954
-21.7028
-21.4935
-23.5106
-28.4723
-36.8401
-39.8322
-30.2972
-24.3132
-21.6204
-19.9593
-18.7337
-19.0877
-21.7696
-25.2344
-26.7778
-27.0333
-27.4936
-27.8165
-28.5669
-29.6608
-27.3442
-22.8981
-20.147
-19.4591
-19.676
-20.2294
-21.5121
-24.1565
-17.2405
-2.51866
16.8758
27.7307
34.8144
47.6726
59.8094
68.219
73.4031
76.0921
76.7429
76.0349
75.3466
75.9622
76.636
76.0233
73.949
70.2216
65.2212
60.9962
61.9975
66.5908
70.381
73.7055
78.2898
82.6403
85.5453
86.2926
84.9595
81.6038
76.759
73.126
75.0531
78.8679
81.1176
81.9758
81.4617
79.1604
74.6033
68.0324
60.1475
51.5157
43.1227
35.4054
27.3752
17.5434
4.66034
0.126723
-11.6347
-17.4842
-6.66509
3.61993
8.8265
8.90451
6.23254
4.10879
4.81714
4.14148
-0.210252
-6.94573
-8.50729
-6.8197
-2.65458
4.90448
11.0181
13.1439
11.8704
7.03605
-1.5298
-11.3919
-15.415
-18.2996
-15.1995
-22.7073
-20.2071
-22.2381
-23.6697
-32.3988
-31.1363
-27.1674
-24.9849
-24.663
-24.8527
-25.5635
-26.6767
-27.143
-24.6171
-21.431
-20.0097
-20.6427
-23.2115
-26.9937
-29.3003
-28.6923
-28.2452
-27.4404
-24.7907
-23.137
-24.3037
-25.6472
-22.1864
-18.1731
-17.4297
-20.5562
-27.3205
-32.386
-29.9938
-26.7455
-25.1385
-25.3996
-27.236
-28.4302
-26.0774
-23.3042
-22.573
-24.0315
-27.277
-32.2095
-15.2559
5.77553
19.3959
28.3428
34.3874
39.1732
42.5566
44.8693
47.6784
50.8746
54.7274
59.5065
64.1067
67.1945
68.9011
69.6479
69.8989
70.0114
69.9506
69.8044
69.8208
70.0424
70.4508
71.7616
73.7719
74.6321
73.0996
69.7195
68.2004
71.1435
73.9951
75.9283
78.357
81.0601
83.2603
84.3608
83.9296
81.2956
76.0116
68.3482
59.794
50.977
41.1535
33.4553
26.8501
19.1849
8.00175
1.0306
-7.60537
-13.118
-11.8252
-4.60149
2.55672
6.39579
10.1274
13.1414
15.2139
17.0357
18.2716
17.8725
14.9614
10.2273
7.09242
7.82281
8.3253
5.88921
2.59196
0.470154
-2.67608
-9.32494
-10.9206
-20.1499
-14.5361
-25.022
-22.158
-27.9814
-29.633
-25.5109
-25.4449
-25.4815
-23.669
-21.6633
-21.2717
-23.514
-27.4454
-28.4373
-23.6718
-19.9711
-19.2187
-20.2007
-20.0686
-19.3124
-20.9737
-26.1259
-33.441
-31.415
-24.5323
-20.8317
-19.1313
-18.3688
-18.9909
-21.8198
-24.1708
-23.0966
-22.0827
-22.7219
-24.238
-26.331
-29.2132
-30.86
-31.2062
-32.7902
-33.2741
-32.2057
-31.4745
-30.3004
-29.1478
-29.5888
-13.1959
5.21065
21.9296
32.4047
39.9499
46.7292
51.6289
54.4025
55.7785
57.3359
59.5228
61.8343
64.7812
67.9389
69.6978
69.706
68.7609
67.1437
65.831
66.4981
68.9773
71.1893
73.9122
77.1599
79.0848
78.9556
76.8015
73.2844
68.9491
64.6867
61.6665
60.268
60.28
62.8488
68.3532
74.9766
79.8593
82.174
81.9041
79.3027
74.8756
69.1445
61.9184
52.573
40.6536
25.9418
12.1778
1.12969
-9.71766
-15.2423
-7.98341
0.121336
5.37369
8.36147
10.5633
11.7294
12.5309
14.4234
16.9723
17.416
14.8133
8.74616
1.99787
-3.73162
-9.357
-11.5398
-10.3183
-9.02118
-10.2076
-13.9743
-14.4021
-23.7107
-19.3077
-33.7629
-27.9903
-29.6666
-28.375
-25.6658
-26.3289
-25.6241
-25.4935
-27.7333
-31.0334
-32.4635
-30.4364
-27.6015
-24.19
-23.0651
-24.7126
-28.8331
-29.913
-26.5995
-23.9756
-24.1078
-25.9679
-23.9928
-19.2983
-17.0442
-18.3359
-22.6451
-27.9637
-31.3201
-32.1898
-30.7637
-28.3096
-27.0833
-27.5777
-28.0845
-27.5596
-27.6073
-28.7614
-29.5321
-29.4645
-28.3069
-26.3094
-25.0408
-25.3045
-26.6331
-11.3412
7.10013
21.5823
29.4194
34.4547
39.4783
45.4825
51.2529
55.649
58.5293
59.6699
59.7262
62.5237
68.8212
73.5186
75.567
76.8401
78.9806
80.8972
81.5149
80.6287
78.8311
76.8247
75.0501
72.5316
67.7295
61.7815
61.4058
63.8721
64.5103
63.6402
62.798
62.3774
61.1545
62.0999
67.6389
74.2781
78.3699
79.3357
77.1598
71.94
64.1666
55.3292
49.6671
45.2856
37.8595
25.5332
9.27522
-1.90812
-3.19523
2.76634
9.74271
13.1643
12.9235
12.3136
15.7532
18.7249
18.7217
16.3588
13.5808
11.6198
8.60119
6.21333
3.83625
1.00732
-4.00366
-9.29111
-15.6658
-20.0349
-21.2377
-14.7214
-18.3182
-15.7264
-24.8522
-21.199
-26.7808
-24.8486
-24.4868
-23.6237
-24.0671
-25.131
-25.7217
-25.194
-24.0891
-21.9367
-19.8393
-20.0659
-23.0665
-26.3685
-26.8309
-26.3661
-26.5766
-25.9275
-24.3425
-23.3555
-23.3077
-23.4074
-24.4107
-26.9072
-30.9759
-33.9048
-33.4166
-31.4144
-29.7487
-29.3402
-29.294
-29.1819
-26.3177
-23.326
-23.2025
-26.6003
-32.1609
-32.0176
-28.9216
-26.7973
-25.0171
-21.8844
-18.8765
-7.14364
8.78726
23.4084
31.4276
34.951
40.3694
50.043
58.5523
64.7982
68.9211
70.4386
70.0216
70.8755
74.442
76.9554
76.8538
74.7123
71.476
67.3807
61.0915
53.8621
49.2479
48.5166
48.166
48.2869
52.1821
56.2691
58.195
57.6849
54.7398
48.8763
42.2953
44.4484
50.5868
56.048
62.3824
68.6731
74.3883
78.8042
81.281
81.4002
78.9895
74.1023
66.7547
56.8532
44.4533
27.7531
11.3647
5.55725
4.91728
7.43194
11.9077
13.7406
13.7183
14.3635
16.4986
19.0006
19.9964
19.2534
17.4769
16.362
17.1982
17.8721
16.5042
12.2011
4.9656
-3.12501
-13.2698
-23.8026
-28.1398
-16.9755
-20.2796
-13.192
-16.7573
-16.6834
-17.3827
-17.0756
-18.6992
-18.8092
-18.3961
-18.1586
-19.3842
-22.2003
-24.745
-22.3491
-18.3275
-16.8197
-18.2212
-20.1239
-20.0674
-20.1265
-21.8724
-23.6813
-24.669
-26.2349
-28.7881
-30.1984
-28.9575
-26.9248
-25.4588
-25.3784
-26.6077
-27.2309
-24.9244
-21.216
-19.9839
-21.0771
-20.1945
-16.9706
-16.1718
-19.3204
-25.7956
-32.087
-35.8727
-34.7003
-28.822
-21.16
-15.2408
-5.86233
8.89905
22.698
30.4958
33.8732
37.5176
44.6292
51.1171
57.3542
63.0778
66.4868
66.6417
63.511
58.1044
54.4107
52.8037
52.434
53.3882
54.2793
53.4859
50.76
47.3758
43.4258
39.2356
37.0944
36.5484
35.0345
31.9923
31.081
32.3096
31.354
28.799
29.868
35.6248
40.7331
46.7656
53.912
60.5057
65.5627
69.1334
71.8647
73.6229
73.4052
70.2939
63.5703
52.7741
38.6327
24.0689
17.0522
15.155
15.0294
17.5004
19.5243
18.0028
12.9034
7.58711
9.10378
11.9083
14.806
17.4642
20.7482
25.3123
28.1959
27.4741
22.3143
12.0233
-2.45693
-18.1427
-24.9117
-26.4276
-18.4184
-24.1802
-16.5783
-20.2781
-18.2322
-20.4775
-21.9626
-21.5495
-24.4531
-24.1192
-24.1686
-26.5621
-31.1886
-33.4011
-31.1352
-27.1069
-24.4716
-23.0508
-22.2379
-22.5261
-24.4731
-28.0336
-32.3902
-36.1993
-35.9834
-29.9529
-25.1936
-23.9461
-25.1138
-27.462
-29.15
-28.7845
-26.8024
-25.5544
-26.5607
-28.3779
-27.064
-22.8941
-20.0938
-20.1634
-22.6606
-26.2632
-29.769
-32.8305
-32.4076
-29.5791
-28.5333
-29.7275
-11.1308
6.51331
21.6451
30.189
39.0393
51.3456
60.7839
65.9523
68.1147
69.6054
70.8737
70.2302
66.6068
60.969
56.0801
52.6303
49.2991
46.0195
41.6796
36.6985
33.7305
34.1191
37.1368
39.6325
39.875
37.1638
31.675
27.895
24.565
23.7276
24.5443
25.0891
25.2673
25.0168
25.6163
34.7627
48.2023
59.1634
66.9308
71.9098
74.9348
76.649
76.7994
74.543
68.8783
58.6596
43.3032
27.183
18.48
14.6229
21.875
33.3229
40.021
41.8967
39.1239
31.1981
17.8213
10.4785
17.3391
24.1427
28.2036
29.7575
28.9207
25.2766
17.5497
3.98341
-12.1188
-19.2309
-18.4159
-19.5426
-16.4977
-24.2529
-16.452
-20.5208
-14.921
-13.5663
-14.8064
-23.1991
-23.0012
-23.0019
-22.8806
-21.9301
-21.1693
-22.108
-24.9193
-28.787
-31.6781
-30.1801
-25.2182
-21.9386
-21.8001
-23.8394
-26.4447
-30.0662
-33.1129
-29.5163
-24.2832
-22.3377
-23.3693
-25.5411
-26.0865
-25.4677
-24.6167
-23.1109
-19.6278
-15.3251
-11.9494
-11.0339
-13.0402
-17.3263
-20.5791
-19.9532
-18.35
-17.9947
-19.0583
-20.8976
-22.2961
-21.592
-10.7856
6.1614
20.379
31.589
42.135
51.6133
57.7542
61.2851
62.9111
62.3916
59.0225
52.3212
44.6512
40.8106
41.7071
42.0684
41.6622
41.5804
41.0184
39.0041
36.3015
33.961
32.5161
31.0323
29.2414
27.5941
27.9688
28.7734
27.7906
25.9
22.6964
19.0536
19.294
21.8937
23.5186
28.4371
38.1527
49.7963
59.7211
67.5483
73.2325
76.4847
77.3854
75.809
71.3669
63.1481
49.0665
28.2805
13.4628
8.89726
18.2257
31.4871
39.2925
42.1952
41.4637
38.805
36.6626
34.9228
32.6717
30.426
28.1728
24.6084
18.831
11.0802
2.52545
-9.42801
-18.3057
-21.7589
-22.0589
-22.7351
-17.5191
-24.594
-19.1525
-23.4339
-17.5744
-16.7047
-16.5394
-24.0488
-24.1989
-21.8413
-19.0265
-18.7181
-21.9568
-27.4815
-29.7851
-28.1605
-27.0667
-27.8536
-29.0294
-28.776
-27.2826
-24.0236
-19.7731
-16.0056
-13.557
-12.749
-13.3786
-15.3175
-17.385
-17.6115
-16.7007
-17.2098
-20.1737
-22.9083
-21.3311
-18.3606
-17.4192
-18.3345
-20.3797
-22.4941
-23.597
-21.828
-17.1691
-12.3087
-9.30666
-8.85521
-10.3118
-12.2608
-10.1037
0.288659
16.7474
31.1289
42.6761
51.9599
57.3957
59.6708
59.2656
56.6701
52.1362
46.0678
39.6684
36.9484
36.1433
34.4516
31.591
28.9051
27.4576
25.6685
23.107
22.0939
21.8914
21.1637
20.8825
21.0687
20.1751
19.2008
13.8875
12.4017
11.6281
11.6482
14.829
15.4151
16.9753
21.9185
30.7313
41.0376
52.656
63.7235
71.4376
75.0449
74.8664
71.0858
63.9322
53.7712
39.9026
22.9082
8.37492
2.6236
12.1784
23.6408
29.3819
30.6499
29.3971
28.5272
30.1493
31.4119
30.5382
27.5181
23.2114
18.4492
11.4464
1.22169
-8.47771
-12.4289
-18.1387
-25.5201
-25.4122
-21.0021
-14.7784
-15.2264
-11.7584
-14.8477
-18.1253
-23.1646
-21.4219
-24.8381
-24.4471
-21.2258
-18.6976
-18.2652
-19.6978
-22.0469
-24.5837
-26.4901
-27.1275
-27.635
-26.5969
-23.0923
-20.4869
-20.3107
-21.1298
-20.749
-19.4512
-18.821
-19.5147
-21.2842
-22.2507
-20.0823
-17.4409
-16.6378
-16.8511
-17.99
-21.0728
-25.5418
-26.281
-24.7402
-25.5686
-27.8896
-27.1431
-24.2219
-21.9216
-20.75
-19.7107
-17.3546
-14.5106
-13.5633
-13.64
-2.43464
19.3139
35.6072
47.3271
54.6262
57.8782
57.1719
52.4132
43.8021
34.6438
31.2689
28.8407
26.7359
26.6307
26.3993
25.1939
23.7954
22.3109
20.4014
16.4463
13.5099
11.4415
11.4899
13.0246
11.9583
9.78758
8.91124
3.82073
3.05791
3.24484
2.65486
4.98662
4.66376
8.08418
11.6611
17.9425
23.6707
29.721
37.8271
47.3472
55.2017
58.8535
58.2975
53.3515
43.8968
29.5953
17.5145
4.54014
6.77824
20.0673
29.8754
34.071
33.6305
29.0818
22.523
20.2018
20.9962
20.5078
17.0948
10.8598
1.30175
-6.56617
-7.41198
-7.04415
-9.09687
-13.4694
-19.7708
-24.0241
-20.9875
-16.1752
-18.2696
-13.6704
-16.4713
-17.363
-21.0438
-21.9892
-19.7165
-21.2895
-24.0459
-25.0083
-24.3985
-25.1501
-27.6562
-27.2912
-23.4047
-20.3771
-19.9958
-21.8263
-25.1173
-27.786
-27.6181
-25.2341
-23.6118
-24.3861
-26.9784
-29.5768
-31.3618
-33.2979
-34.7767
-33.8855
-30.1241
-26.8754
-25.4589
-26.5993
-28.003
-27.6854
-27.3808
-28.0838
-29.3562
-30.2553
-28.2353
-23.4441
-18.8198
-16.2713
-16.7512
-20.0243
-24.0689
-25.5314
-3.11043
13.8946
27.8092
37.5527
42.8258
44.6377
43.6784
40.427
35.4015
29.7959
25.4815
22.1333
20.2944
19.9978
19.4222
19.3769
19.7989
19.159
18.6992
16.828
15.4612
14.2808
12.3396
10.747
9.92348
11.2468
14.453
11.8524
9.33907
5.11433
3.13973
5.10688
4.46287
6.72714
10.0898
15.3386
21.3619
28.0078
35.577
41.0095
45.1964
47.5827
47.3131
43.545
35.0352
21.7876
4.59234
0.463214
7.73479
22.5796
32.3818
36.5717
36.3082
32.5326
26.7866
21.6378
17.7905
17.831
17.3956
13.8466
7.21488
2.83983
2.93587
1.33097
-4.67735
-12.5452
-18.0509
-20.4975
-21.133
-14.8836
-18.2081
-15.7564
-21.0247
-19.1176
-18.8096
-18.8892
-19.1366
-19.6374
-17.7291
-16.9251
-18.7099
-21.7835
-23.9437
-25.8546
-25.7445
-23.215
-20.8033
-18.8421
-17.7198
-18.1441
-20.4368
-22.9071
-23.1423
-20.2547
-17.7608
-18.0671
-21.1506
-24.3102
-24.3857
-21.4515
-17.2664
-14.6775
-14.1756
-14.4238
-15.1254
-17.2191
-20.8792
-23.9842
-24.2156
-21.1332
-18.1561
-16.8369
-14.6112
-12.1798
-11.8429
-14.1242
-17.1914
-18.2917
-11.4792
4.20006
18.3968
26.5811
30.4802
30.9108
28.7387
25.4485
23.6641
24.1674
24.4004
23.1937
22.0558
21.2427
19.8758
16.9899
13.8048
10.1104
8.73356
6.90831
7.91556
9.65445
10.7014
11.5911
10.4677
8.9725
8.11822
3.24953
1.64429
2.73695
3.58508
6.57124
3.59399
4.50372
3.7237
7.90062
13.8927
18.1519
25.1685
31.3082
36.2239
38.9388
38.9635
35.4735
27.6431
13.9417
1.19887
-1.49052
6.25902
20.4198
30.6032
35.1094
34.9043
30.427
23.0157
18.6965
19.0574
19.5534
17.3142
12.0694
6.88969
6.44891
6.4404
2.84554
-5.31265
-18.1249
-28.7868
-27.1816
-23.539
-16.3913
-19.2961
-15.4275
-19.0711
-17.607
-18.2409
-19.3731
-21.3005
-19.6614
-17.4829
-16.427
-17.4645
-19.386
-19.848
-20.0988
-22.3745
-25.4265
-22.3113
-15.3756
-11.65
-11.8579
-15.5384
-19.8235
-19.1806
-16.3989
-15.2418
-16.6727
-20.5717
-25.1797
-26.3111
-24.4628
-21.853
-20.5449
-19.9018
-18.679
-17.4284
-17.6427
-19.0898
-20.9481
-22.2402
-20.9474
-18.893
-18.3435
-17.9268
-15.8458
-14.4666
-15.051
-16.3129
-14.527
-8.24773
2.61985
12.2371
20.0828
26.2869
29.2722
29.0444
26.1665
22.6938
20.1055
17.7862
15.8281
14.53
14.4088
14.2368
13.5146
13.3177
12.3177
12.4204
9.27712
6.83927
4.74902
3.63276
5.23344
5.91897
4.07869
5.70471
-3.36979
-4.04497
-3.69073
-3.4527
2.04792
2.07725
4.05245
2.76253
6.52365
12.7013
17.2381
20.6503
23.5488
27.1204
29.7237
30.2531
27.6657
21.9125
11.2946
-0.620505
-1.92128
2.69335
13.7015
22.0129
25.4553
24.6968
21.0419
18.4319
19.7289
21.2278
20.5972
17.1238
11.7288
7.12316
4.1253
-1.0536
-9.23692
-18.3437
-22.1475
-22.4352
-21.8316
-23.3244
-17.8795
-18.9098
-13.7782
-16.8979
-18.2581
-19.3754
-18.0659
-28.0885
-23.656
-22.391
-24.5107
-27.2921
-23.7806
-19.6511
-18.7448
-20.5484
-23.0117
-23.7252
-23.1491
-22.7697
-23.9363
-25.5955
-24.8641
-23.3938
-23.9801
-26.2281
-25.0927
-19.1093
-14.5307
-13.322
-15.4489
-19.3107
-21.7159
-22.5887
-23.7014
-23.7798
-21.3352
-19.6099
-20.0256
-21.6943
-22.0935
-21.9132
-23.4692
-26.8825
-28.5982
-25.4819
-21.5797
-18.9225
-13.16
-0.817359
12.501
19.9949
22.5687
21.4675
18.7052
17.2158
17.1056
17.2274
17.3564
16.7913
15.4875
13.6291
11.4682
9.72022
9.052
9.83004
8.53408
9.75154
6.60698
5.35298
5.26338
3.90719
3.53031
1.57449
3.27416
6.26101
2.45143
1.35031
-0.9527
-4.73624
-2.73666
-4.03638
-0.46883
-1.36715
2.29087
6.54493
11.3722
18.7574
24.7295
27.8965
28.4784
26.9063
22.6438
15.725
5.33232
-5.80389
-6.67183
-0.870484
8.67135
15.683
18.8974
18.5656
17.0701
17.772
20.0545
21.7343
22.0258
20.3687
16.674
11.8818
7.64617
3.82272
-1.3633
-8.17639
-13.1748
-14.5124
-13.88
-15.149
-13.3554
-14.8211
-11.794
-14.7076
-15.9502
-18.3643
-17.74
-21.9244
-18.985
-17.6789
-18.9852
-22.0281
-22.6906
-21.0339
-20.4229
-21.283
-21.0026
-19.7714
-19.6261
-20.3058
-20.7515
-19.4105
-16.2524
-13.8145
-14.1498
-18.207
-26.0454
-30.2171
-26.5025
-23.7759
-22.5909
-22.0995
-21.4614
-20.3339
-19.7618
-19.8537
-18.0123
-14.6309
-13.2208
-14.5293
-17.9404
-22.3672
-27.0489
-29.5643
-26.4605
-21.0313
-16.855
-15.0392
-12.2955
1.04302
14.7184
22.585
25.1161
23.3256
18.4416
15.1736
15.4502
16.5902
17.4925
18.0174
16.7725
13.9009
10.7034
9.51622
7.82736
5.47314
2.67694
4.27562
1.58043
0.931718
0.483414
3.32622
6.07609
5.90811
3.71071
4.63369
0.445695
-0.129431
-1.64171
-5.05266
-1.30254
-4.24732
-1.66233
-3.75525
2.1384
8.64454
13.2693
16.6525
19.4897
24.0501
28.1046
29.8455
27.9949
22.0484
11.668
0.858425
-3.21018
4.28615
15.4758
23.6265
26.88
25.6581
20.8867
17.1148
18.8329
20.4445
19.5964
16.6268
12.9967
10.2471
8.27802
6.14437
2.60811
-3.57803
-12.0132
-18.7657
-18.3521
-13.856
-9.50227
-9.92328
-10.8663
-16.0321
-17.6445
-15.5763
-14.0245
-26.7451
-26.0543
-24.7819
-22.7875
-21.4892
-21.2984
-21.9786
-22.8689
-22.6045
-19.9098
-17.2355
-16.5788
-17.7039
-18.8607
-19.9964
-22.5433
-24.2267
-21.7101
-18.9667
-18.4303
-20.0806
-23.174
-26.6924
-28.1785
-26.0434
-23.008
-21.4849
-21.2731
-21.3425
-20.0409
-17.3423
-14.8391
-13.5827
-13.9187
-15.5999
-17.9092
-19.8844
-21.8611
-24.7938
-26.0839
-24.1163
-14.6037
0.334679
14.4083
21.8986
24.2931
23.0712
20.0752
17.9204
16.6555
15.4537
13.5157
11.8479
10.7645
10.1156
9.85515
9.05209
6.95036
4.76218
2.57544
5.79144
2.84557
-0.181875
-2.58082
-3.02482
-0.158239
-0.0248351
-0.0360548
4.0725
-2.02434
-3.1199
-5.61028
-7.16855
-0.686648
-2.3615
0.0862752
-4.74749
-0.999708
5.56239
10.1463
13.9765
16.7285
18.9677
19.7817
19.4078
17.612
14.6733
9.88555
5.52332
4.65176
11.7606
25.2441
34.1711
37.7417
36.546
31.0146
26.2575
29.9598
32.5502
31.1563
25.4657
16.5814
9.62221
7.52081
4.83599
-0.969672
-9.79395
-18.8966
-25.2059
-23.3105
-20.2182
-15.4876
-19.3653
-16.3512
-18.6737
-16.7107
-18.3912
-21.3363
-29.3604
-28.3268
-25.8175
-24.5994
-25.062
-24.9157
-24.1
-23.5527
-24.1817
-24.0414
-22.5698
-21.2261
-21.6687
-23.788
-26.8169
-28.8431
-26.9683
-23.2876
-21.2809
-21.5476
-22.6025
-22.7857
-22.995
-23.5299
-23.2015
-22.4972
-22.9198
-24.1902
-25.2555
-25.6308
-25.1747
-24.3612
-23.1501
-21.3022
-20.1537
-20.4999
-21.9825
-23.5441
-24.308
-24.5448
-25.0122
-17.9971
-1.87928
12.1278
19.4346
21.5069
19.392
14.2559
10.2438
9.77693
10.7938
10.0694
10.568
10.5767
9.71502
6.69197
3.53768
2.51951
4.84939
4.95914
6.47694
1.95593
-1.55266
-3.43076
-4.39737
-3.60707
-4.11149
-4.03612
0.730877
-7.20067
-9.54489
-11.8433
-12.8574
-6.88611
-8.6708
-3.56683
-6.53516
-3.7325
1.36657
6.2462
11.4469
16.1405
20.0473
22.4637
22.6381
19.9082
14.5316
7.75183
4.64769
2.43125
16.3644
33.577
44.2122
48.769
48.3574
43.3328
36.4476
36.3167
37.3639
34.8561
27.7932
16.0164
7.17429
4.36766
0.301829
-6.02461
-12.6733
-17.6688
-21.244
-21.8957
-23.6393
-19.5308
-22.1919
-16.8071
-19.3287
-17.5487
-17.2445
-17.7443
-32.7943
-36.1616
-35.3849
-29.3683
-24.5321
-21.1395
-18.7229
-17.9426
-19.4922
-22.6737
-25.7597
-25.4476
-22.7891
-20.7391
-20.4292
-20.0883
-18.0486
-16.7062
-18.2113
-21.3172
-18.2591
-12.6144
-10.6223
-12.5218
-16.495
-18.5622
-19.1057
-20.1991
-21.1642
-22.1119
-23.8517
-26.2906
-27.4337
-24.627
-21.5436
-21.0585
-22.6456
-24.5664
-25.7971
-25.5216
-23.7733
-18.5079
-4.6341
7.39381
14.846
17.129
15.626
11.9327
9.72118
9.88379
11.2611
12.2642
13.0413
12.3763
10.1156
6.53731
3.9065
3.17084
3.325
1.23581
3.63745
1.32587
1.06543
-0.986535
-2.16922
-1.63799
-2.55958
-1.98947
2.18151
-2.82563
-3.75411
-5.8728
-7.02838
-2.73671
-5.23559
-2.9847
-3.60323
1.38617
6.55765
10.177
14.2953
18.9795
23.2936
25.9505
26.231
23.1441
15.7567
3.22227
-9.66581
-20.2415
13.7326
32.2043
42.9565
47.5642
47.204
42.1925
33.8965
29.4539
27.7682
24.4546
20.3621
17.7723
16.183
13.8406
9.87369
4.13054
-2.65102
-8.21263
-11.4817
-11.5742
-11.7948
-11.2996
-15.487
-16.9147
-25.6818
-24.1377
-23.8739
-21.0842
-23.7685
-24.2759
-24.8532
-24.6362
-22.534
-19.5464
-18.4661
-19.7045
-21.6048
-20.6443
-18.2944
-16.7516
-16.3364
-16.9839
-17.9917
-18.4576
-19.0458
-21.3189
-25.4922
-26.8155
-21.1389
-15.4913
-13.5285
-15.3306
-19.1399
-21.2074
-22.3821
-25.844
-28.1213
-25.9025
-24.579
-24.8573
-23.174
-19.2677
-17.6028
-19.3863
-23.4509
-24.4678
-21.402
-17.7793
-15.257
-13.7246
-6.64889
3.17965
10.0103
12.8336
12.9616
12.5337
13.6123
15.748
17.3169
16.5626
14.9059
12.4098
11.2199
10.5714
11.0651
11.1524
10.3754
7.81822
7.96833
6.15723
5.32836
4.74259
3.93789
3.524
2.66123
2.46753
4.07812
0.198777
-0.555449
-2.36188
-4.71496
-1.44713
-3.35092
-1.12531
-1.74482
2.35482
7.54613
11.7614
15.6585
19.568
24.3694
28.3471
29.6249
27.1607
20.1821
7.01932
-8.0393
-19.5667
0.952266
18.4142
28.1871
32.3793
32.0592
27.8096
21.7691
18.6848
16.6908
13.315
9.65625
8.08462
6.76488
4.35176
-0.0804917
-6.12987
-12.1662
-13.6605
-12.1212
-11.8163
-12.6978
-11.495
-12.2741
-11.4026
-15.528
-17.9896
-20.5569
-21.1058
-28.9044
-29.3742
-28.6078
-27.1943
-26.7153
-26.905
-26.1029
-23.6398
-20.9884
-19.3205
-19.2232
-20.8012
-23.3491
-25.3323
-23.8718
-21.2433
-20.0979
-20.3255
-20.3588
-20.2155
-20.2676
-18.7771
-17.1825
-17.2
-17.1326
-16.2692
-17.2119
-21.4303
-26.3431
-27.2873
-27.4298
-29.0404
-31.5315
-33.1665
-33.5307
-33.1745
-31.2646
-27.2267
-23.5495
-20.9766
-19.9322
-20.0035
-11.057
-1.07119
7.05859
12.1752
16.0145
18.1462
18.3342
17.0979
16.395
16.5425
17.0859
16.7075
15.1889
12.0495
9.34616
8.50617
8.16834
6.99367
8.99284
7.00986
5.85868
4.88367
4.84024
5.36059
4.27858
2.81349
4.3731
0.80472
-1.27306
-4.63643
-6.88461
-3.18378
-1.40646
0.698616
0.12213
2.28054
6.10338
10.6062
17.0363
24.8331
34.067
40.0484
41.6649
38.65
30.2139
14.4122
-14.0414
-20.4676
3.35049
20.4989
30.0643
33.7139
32.4442
26.1558
15.5921
10.4942
10.9485
12.0875
13.2883
13.0537
10.0449
4.09013
-1.15202
-3.0501
-5.35615
-10.3498
-16.6802
-19.5757
-18.5741
-15.0751
-16.9358
-14.3285
-14.9775
-14.6653
-16.9867
-20.9461
-22.1033
-19.3118
-15.8494
-14.1362
-14.8075
-16.456
-16.4306
-14.8709
-13.9987
-14.3067
-14.6592
-14.5712
-15.5316
-18.3965
-22.0678
-24.3069
-24.9556
-23.6165
-20.0363
-17.0043
-16.6901
-19.3989
-23.644
-24.6308
-21.9231
-19.3206
-16.7316
-13.5512
-11.7078
-12.6755
-16.2567
-20.1452
-22.4058
-23.5464
-23.7709
-23.414
-22.5322
-21.496
-21.4409
-22.9606
-24.9037
-24.7337
-15.5318
-5.63184
2.63575
8.94233
14.7705
18.8874
20.5694
20.3709
19.756
19.0725
18.202
16.055
13.7614
12.7138
14.0937
15.2393
14.9709
13.2206
12.4721
10.9377
10.4935
8.33383
6.22116
5.73371
5.81739
5.25418
5.13905
-0.973637
-4.30303
-6.71049
-5.00032
1.11951
1.31891
2.93404
3.19509
6.68759
11.158
14.8077
18.5027
25.7587
35.8402
42.0148
43.4061
39.9742
30.74
13.6182
-15.8813
-17.9651
10.9992
29.6932
40.3679
44.8719
44.3132
38.6283
27.0207
16.205
16.1173
17.3821
16.1334
12.4771
7.02682
2.82151
1.22577
0.411695
-2.69115
-8.58695
-15.324
-16.1322
-14.6553
-12.5796
-15.765
-17.6864
-24.3166
-22.7446
-23.1028
-21.8416
-22.1387
-22.2223
-21.3189
-19.76
-19.6226
-21.4908
-23.2076
-22.9543
-21.6243
-20.6953
-21.0001
-22.2932
-23.4012
-24.4601
-26.6615
-29.6305
-31.6674
-31.943
-31.6469
-29.6316
-25.4115
-22.4232
-21.516
-21.0545
-20.289
-20.3015
-20.697
-19.9581
-19.4941
-21.0394
-23.0295
-22.6772
-21.6343
-21.3425
-20.6935
-19.6402
-18.639
-17.7539
-17.4449
-17.4267
-17.0407
-15.9711
-12.0056
-5.31733
2.70786
10.6125
18.2687
23.7921
26.8256
27.6136
26.8999
24.9937
22.1
18.4941
15.7368
14.6571
14.4953
14.8821
15.2944
14.6939
13.8822
11.2333
8.44857
7.07574
6.58611
5.86994
4.01928
2.60235
4.34881
-1.11302
-3.53599
-6.29542
-7.54953
-2.72554
-1.74047
0.605694
2.33851
6.20899
11.3883
16.6144
22.4034
29.079
36.1502
40.3196
40.5052
36.1546
26.0893
8.40255
-24.6721
-24.365
9.32346
28.0681
38.997
43.656
43.2524
37.7084
26.0497
13.0061
11.198
10.9738
7.25591
1.05758
-3.3974
-4.10182
-4.33727
-5.56103
-7.64317
-9.24591
-11.4037
-14.0555
-17.1949
-17.1443
-22.2098
-20.3082
-24.6356
-22.6396
-25.3786
-28.6282
-21.121
-20.4261
-21.4106
-23.191
-25.5363
-28.7628
-30.4614
-28.4826
-25.1807
-22.8267
-22.3057
-23.3025
-24.0434
-23.5228
-22.327
-21.1896
-21.0848
-22.6844
-25.3572
-26.9186
-26.1966
-24.874
-24.1274
-24.2926
-25.7091
-28.2698
-30.0427
-28.648
-25.9795
-23.9872
-22.9693
-23.1257
-24.172
-25.0196
-25.3279
-24.8788
-22.0766
-18.5415
-16.8161
-17.222
-18.3467
-18.0328
-13.4116
-5.59706
5.03869
15.6698
24.6923
30.3622
32.8154
32.5484
30.4104
27.3571
24.8944
23.7101
22.5853
21.1019
20.2758
20.3009
19.7364
18.1119
17.223
15.6268
15.377
14.4097
13.4934
12.7763
11.5595
9.99006
9.45413
6.31519
3.72862
0.557404
-2.316
-1.4681
-0.310457
1.61987
4.21997
9.1168
14.9189
21.0399
28.3072
35.9522
41.0453
42.4703
39.9652
33.0893
21.1929
1.88064
-23.3013
-25.0973
-6.38953
11.7641
24.1414
30.0192
30.7504
26.6218
17.2979
7.22663
5.33919
3.79896
-0.568769
-5.15065
-6.29749
-3.01504
-0.344057
-0.684991
-4.93294
-11.9433
-17.1117
-17.6644
-18.2423
-17.0054
-21.7375
-19.9672
-23.2876
-20.985
-21.1978
-22.663
-30.0683
-25.8285
-23.3439
-22.3375
-21.6346
-20.1001
-18.9812
-19.7495
-21.7899
-22.0085
-20.432
-20.0086
-21.2041
-22.3728
-22.574
-22.5544
-22.9551
-23.5998
-23.868
-24.2593
-25.4313
-27.0315
-26.1847
-22.4535
-19.4555
-18.5882
-19.54
-21.3292
-23.3925
-24.1177
-23.4246
-23.5571
-25.1244
-25.2628
-22.1566
-18.5182
-16.7807
-17.7264
-20.6136
-23.3793
-24.8582
-23.0821
-15.0109
-6.90809
5.1044
19.0358
29.8197
36.4207
39.4147
39.458
37.4323
34.5751
31.7357
29.1754
27.0406
26.7186
27.8543
28.4331
27.6629
25.5194
23.2876
20.9988
19.2711
17.9559
17.2603
17.2929
16.754
14.95
12.7445
8.55423
6.54319
5.32698
4.79973
5.99422
5.61994
7.07447
11.5593
17.8972
24.3604
30.5399
37.2985
44.5617
49.2006
49.9321
46.3221
37.4947
22.2113
-1.18627
-16.9222
-19.6624
-9.51943
9.23388
21.8524
28.1143
29.2213
25.5009
16.4652
4.99769
2.50446
3.55315
3.2691
1.75696
-0.496458
-1.62159
-2.07103
-3.78125
-7.39875
-11.3896
-15.0382
-17.2045
-17.5368
-16.3538
-21.045
-20.3498
-27.8494
-25.4257
-27.3622
-27.5368
-25.1436
-26.2222
-27.4098
-26.7666
-24.2798
-21.3374
-19.3124
-19.1621
-20.3633
-20.7109
-20.2224
-21.0512
-22.7741
-21.9238
-20.5344
-21.793
-25.5221
-28.0875
-27.3482
-27.198
-29.501
-32.0609
-29.7332
-24.624
-20.5717
-18.9663
-19.8558
-22.0842
-23.3519
-22.8595
-22.1581
-22.2958
-22.6677
-22.2805
-20.5891
-17.5608
-15.2259
-14.628
-15.4756
-17.1343
-19.3789
-19.0408
-14.0264
-7.84025
7.23701
24.7958
36.981
44.614
48.7924
50.0999
49.1442
46.7974
44.1339
41.8728
39.8399
38.7168
38.6936
38.7882
38.1977
36.9703
35.6262
34.2109
33.2704
32.3491
31.1973
29.6145
27.7393
25.9108
24.174
21.0979
17.6275
14.4672
12.2885
11.9736
13.1639
15.5633
19.257
24.4172
31.1064
38.9164
46.7596
52.2229
54.1679
52.2793
46.1316
34.9052
17.7394
-6.12294
-25.0203
-25.533
-8.35716
9.68033
21.0762
26.6552
27.449
23.715
15.7108
7.30409
4.42446
4.39028
5.83659
7.09835
7.0294
5.95586
3.78188
-0.0300202
-5.12993
-9.56874
-12.9573
-16.6765
-20.9209
-18.1944
-20.1425
-17.4272
-21.5109
-22.3155
-23.2246
-22.4282
-28.5929
-29.7689
-30.9244
-28.9035
-26.7536
-26.8449
-27.4949
-23.8318
-17.9524
-14.1908
-13.9304
-17.3074
-23.7151
-28.8371
-29.5699
-30.1791
-30.7796
-29.0339
-26.336
-25.4555
-27.267
-29.9639
-28.3728
-23.511
-19.498
-17.9098
-19.1535
-22.8538
-25.9866
-24.6542
-22.4962
-21.9419
-22.7772
-24.0858
-25.6053
-27.4052
-28.3563
-26.7
-23.2515
-20.8704
-20.4918
-19.4276
-11.8387
0.202777
15.9165
31.0792
42.9048
50.7366
55.4123
57.2868
56.8705
54.9421
52.6129
50.2533
47.6466
45.9627
46.3564
47.3326
47.2163
45.936
44.0423
42.0176
40.792
40.2788
39.7591
38.6639
36.9172
34.7681
32.3583
28.7992
24.3228
20.1484
18.076
18.6093
19.8504
20.8214
22.3921
26.3547
32.7209
40.1094
46.6295
50.3644
50.6649
47.2643
39.9608
28.8997
14.4738
-3.90692
-20.1487
-19.8724
-6.65482
10.2458
21.1982
26.1428
26.2584
22.4229
17.3931
15.602
13.5747
8.91915
3.83465
4.69815
8.73075
10.496
8.3939
2.11369
-7.6375
-15.7219
-20.1293
-20.9386
-21.7881
-18.1569
-19.6836
-16.5138
-19.6888
-21.0531
-23.1232
-21.6908
-26.0345
-27.4166
-29.0849
-30.3848
-31.862
-32.5586
-31.394
-28.2394
-25.7786
-24.6438
-24.4904
-25.0076
-26.5022
-29.347
-32.1313
-31.6048
-28.8771
-26.5954
-25.3358
-25.5737
-27.5098
-29.8783
-30.9107
-30.8771
-30.6028
-30.1363
-30.0867
-30.7635
-31.9367
-32.8262
-31.7938
-28.3777
-24.7403
-22.5435
-22.4843
-24.5727
-28.1092
-30.6413
-29.8149
-27.7377
-26.3657
-22.6511
-5.48466
12.4403
26.578
37.8214
46.0008
51.7753
55.608
57.6681
58.2986
57.7035
56.1446
53.9573
51.5918
50.3667
50.7254
51.3857
51.0204
49.4651
47.0043
44.0982
41.9366
40.5986
39.8587
39.4431
38.6434
36.5656
32.9061
27.59
21.6334
16.3487
14.0809
15.5687
17.1755
17.7967
18.5903
22.557
29.3941
36.0206
40.688
42.4537
40.9678
36.0197
27.5894
16.1602
1.62611
-13.3144
-19.6644
-19.2991
-16.2992
-2.89689
8.32151
14.5302
16.2569
15.0642
12.8767
11.4868
10.1237
8.38853
6.96501
6.13611
5.53673
4.54559
1.59216
-4.13799
-12.2953
-18.4202
-21.9105
-21.8352
-22.7158
-20.5776
-25.7787
-21.487
-25.6937
-23.4566
-22.6229
-21.12
-27.8713
-28.2547
-27.4351
-27.4852
-26.8275
-23.2481
-20.3669
-20.1027
-21.9073
-24.4735
-27.176
-29.2424
-29.2891
-28.6122
-28.0045
-26.3142
-24.3124
-23.546
-24.5242
-26.7811
-28.6187
-28.8993
-28.685
-28.2605
-27.1026
-25.9829
-25.2698
-25.3228
-25.7004
-24.6606
-22.2112
-20.3045
-19.7888
-19.9079
-20.0463
-20.8389
-23.3233
-27.3947
-29.0622
-26.3013
-23.3138
-20.1374
-5.79327
11.078
24.82
34.9097
41.1197
44.7016
46.8637
48.2441
48.6066
48.6714
49.8453
51.3316
51.685
51.2676
51.6088
52.1128
51.6496
50.6701
50.4749
50.951
50.6806
48.6803
44.6199
40.0667
38.3001
37.8803
35.6941
30.6976
24.3203
19.6813
21.4495
28.1989
32.7065
33.6009
31.7085
31.2799
37.1206
42.924
45.2992
43.9155
38.7121
29.7016
17.463
3.43246
-8.51385
-18.598
-22.5611
-25.6075
-17.1399
-1.32021
9.87366
15.1891
15.7746
13.8505
12.9763
13.7934
13.1931
11.5002
11.1507
11.4213
9.89237
6.14993
0.943768
-4.60082
-11.8148
-18.968
-22.4979
-22.312
-23.2166
-20.5287
-25.8368
-22.8564
-27.8262
-22.3784
-18.7398
-15.5006
-24.0746
-24.2423
-24.7729
-25.3038
-24.4833
-21.3449
-18.8
-18.331
-19.6044
-21.7598
-24.5816
-26.8712
-26.7302
-26.2387
-27.372
-28.3505
-26.5191
-24.5385
-24.948
-27.3895
-29.4482
-28.2046
-25.8682
-24.9262
-25.1372
-23.6658
-20.8364
-19.6204
-20.9352
-23.9149
-26.0434
-25.3762
-22.9728
-20.5013
-19.5332
-21.1397
-25.015
-27.9148
-26.8912
-25.5883
-25.5157
-24.5182
-12.5451
2.30895
19.1383
31.6756
40.514
45.6995
47.6382
47.1009
45.524
45.1708
47.4934
50.2397
51.4778
51.9927
53.6906
56.2602
57.95
58.4514
58.3748
58.0094
57.1312
55.8184
54.9933
55.0407
54.8027
53.0174
49.2913
44.5347
40.3732
37.028
36.0432
38.3938
40.244
39.5179
36.6687
34.5524
36.2971
38.3764
37.9474
34.3202
27.7587
19.9644
11.9691
2.5559
-8.53704
-20.3244
-22.3411
-23.2275
-13.3177
2.56145
12.8968
17.5289
17.9596
16.9737
18.0439
19.4875
18.3183
14.9572
11.8468
9.62993
5.99424
0.830732
-3.001
-5.48012
-9.73677
-14.5031
-19.4062
-22.8427
-23.233
-19.0982
-23.1358
-21.6346
-29.5352
-25.7301
-23.7566
-21.3106
-18.107
-19.3183
-20.9645
-22.0685
-22.4986
-22.4986
-22.5317
-22.0189
-21.2596
-21.3319
-23.0524
-24.4506
-23.6545
-23.1833
-25.0094
-27.972
-29.4058
-29.9476
-30.1469
-28.6215
-26.0913
-23.841
-23.0609
-24.4098
-26.9103
-27.8169
-27.512
-27.8231
-27.1617
-24.4279
-22.4659
-22.5605
-24.1554
-26.0169
-27.2647
-27.3312
-25.6664
-23.7287
-23.2206
-24.4703
-26.4373
-22.5268
-6.59206
6.97803
16.8853
25.2522
33.1723
39.3993
43.2153
45.3757
46.3419
46.2862
45.9001
45.9302
46.6376
48.1517
49.8468
50.489
49.6145
47.8597
46.415
46.0356
46.4883
46.9626
46.9645
46.2557
44.8447
43.1566
41.2399
38.5758
34.5059
29.0856
24.5925
24.2654
24.9142
23.9408
22.029
22.1575
23.8305
25.0166
25.3998
25.3065
24.1149
21.1918
16.1953
9.21704
-0.0111723
-13.9677
-23.0957
-23.9484
-17.44
-2.44183
8.59131
14.2496
15.6613
14.8019
13.5781
12.9051
11.5242
9.51063
7.88746
6.37568
3.75877
0.335769
-1.66891
-3.52127
-8.62458
-15.3108
-18.9626
-20.3327
-21.9762
-19.7028
-24.2456
-22.5619
-28.901
-26.1105
-27.9747
-28.4688
-22.6242
-21.847
-20.9591
-20.3878
-20.1389
-19.8415
-20.0351
-21.9906
-25.5609
-27.0281
-25.1596
-23.5898
-23.3945
-24.1744
-25.5934
-27.527
-29.2702
-29.204
-27.7681
-26.3254
-25.0467
-24.4677
-25.6127
-28.3471
-29.6635
-27.3922
-24.767
-23.0283
-21.5688
-20.2942
-19.3258
-18.755
-18.9366
-20.4121
-23.005
-24.8128
-22.7568
-19.1238
-17.2909
-17.602
-19.2879
-15.0793
2.19117
17.0809
25.3732
29.593
32.7903
36.0288
38.2382
38.6466
37.7705
36.4174
34.5434
32.0853
31.1816
33.0131
34.4236
33.7895
31.3625
28.2239
25.3606
23.6716
23.7733
24.6945
24.5793
23.1897
20.6017
17.9765
15.929
13.4214
9.41046
5.36163
6.4106
11.5417
13.5837
12.4884
9.24158
11.3378
17.9254
22.4738
24.2656
24.15
22.5026
19.0298
13.522
5.78903
-2.93722
-13.9579
-19.1818
-20.7033
-12.6457
7.26087
20.9263
27.7924
29.5305
26.8165
20.1976
13.5016
10.8323
8.89497
5.84134
2.7016
-0.623668
-3.77774
-5.89145
-7.21305
-10.7343
-15.3394
-19.2787
-21.1944
-22.2604
-18.3759
-20.4081
-18.7826
-22.2492
-19.9991
-17.5448
-16.1556
-25.2482
-23.9072
-22.7139
-22.007
-22.6312
-24.484
-26.3931
-27.5106
-28.1727
-27.2295
-25.6546
-25.3492
-27.0676
-28.9118
-28.0792
-26.4708
-25.9914
-26.2167
-25.7406
-24.1051
-22.5972
-22.6057
-24.3478
-25.8501
-25.2241
-24.4602
-24.5729
-24.3032
-23.7345
-23.7351
-22.9111
-21.4996
-21.3878
-22.2164
-22.179
-21.9287
-22.438
-22.6445
-22.6455
-23.2545
-22.9414
-13.1857
2.93264
17.2705
25.31
29.523
33.35
36.9853
39.3421
40.5541
40.8628
39.7264
36.6981
33.0106
31.4142
32.6506
34.1327
33.8996
31.7108
27.9993
24.0799
21.3896
20.5341
20.7766
21.02
21.1462
20.4372
18.7575
15.8189
11.5375
7.05015
2.54426
0.647001
4.35487
6.02888
7.0321
7.26777
9.87955
15.4438
20.6677
24.4141
26.4227
25.907
21.9577
13.3754
-0.898348
-14.0703
-24.1677
-24.965
-27.4447
-14.1375
4.12513
16.5598
22.8824
24.6098
22.6057
17.9824
13.8556
12.3364
11.3192
8.79429
4.91456
0.406564
-5.0926
-10.9908
-14.7859
-17.4555
-19.8186
-22.5472
-22.7245
-20.5654
-16.6686
-18.8267
-18.4956
-24.0683
-24.3424
-24.2531
-22.8899
-20.4279
-19.5855
-20.5203
-21.4506
-21.3853
-21.4367
-21.6235
-20.7897
-20.3084
-21.0805
-22.0503
-22.2438
-22.1814
-21.8648
-21.6252
-22.6217
-25.9114
-30.6318
-32.01
-29.9243
-27.6254
-24.8523
-21.8304
-20.0924
-20.3115
-21.9204
-23.2164
-22.6406
-20.9991
-20.176
-21.0186
-23.0822
-24.5226
-24.5874
-24.9145
-26.4448
-27.9594
-28.5003
-28.4361
-27.1218
-25.429
-14.3906
-1.13831
12.7105
20.0981
22.5509
22.6969
25.3621
30.5766
34.6702
37.1392
38.5771
39.0637
38.8662
39.0007
39.7743
40.0964
39.0109
36.3193
32.1972
27.1663
22.9113
19.4282
17.0261
16.3453
18.2361
19.7721
19.244
16.5632
12.0028
7.12277
1.63863
-0.696135
4.07657
7.60261
9.24115
9.50438
12.6703
18.5849
22.0619
21.8092
17.8068
10.6071
1.67789
-7.15399
-14.6906
-16.7739
-21.9612
-24.4605
-26.8255
-25.929
-13.0566
-0.960931
6.79196
11.3545
13.4111
13.5704
13.441
13.1276
11.018
6.01174
-0.225155
-5.0694
-8.76113
-11.9497
-14.1491
-17.909
-21.7687
-23.4793
-22.2703
-22.5232
-20.0114
-21.6234
-16.6837
-17.8432
-18.8258
-20.5813
-20.2552
-26.4664
-24.659
-24.6854
-26.5384
-27.6078
-25.4458
-21.8623
-19.6735
-19.5611
-20.7156
-20.8776
-20.1697
-20.4181
-21.6132
-22.4918
-23.1255
-24.1246
-24.8258
-24.9901
-25.0249
-25.2829
-24.9573
-23.1097
-20.7322
-19.1862
-19.0341
-20.3565
-22.7424
-24.9185
-25.4776
-25.412
-24.4205
-21.9035
-20.1698
-20.802
-22.4721
-22.0765
-20.592
-20.5381
-21.3934
-20.8097
-14.7625
-5.54135
6.66389
14.555
17.7847
17.8742
19.3761
26.3698
32.2135
34.8878
35.0396
33.8286
32.6101
32.5529
33.7509
34.7548
34.53
32.8165
29.5285
25.674
22.5114
20.1449
18.8959
19.7369
22.5997
24.9501
25.4861
23.7352
19.6599
14.0957
6.9554
0.914615
7.97321
14.2683
17.0536
16.4665
14.0232
12.1094
10.774
8.06519
2.57896
-5.49486
-14.4801
-20.9832
-26.512
-23.2591
-27.9563
-29.0923
-29.8499
-27.3273
-19.0459
-7.66146
0.550781
4.47536
6.44269
7.05688
6.58381
4.92511
3.20921
2.9583
2.89037
0.809027
-3.12058
-7.09742
-9.23967
-12.9311
-16.7136
-17.4756
-16.4188
-17.1193
-17.3655
-21.8828
-19.0137
-20.1186
-18.7668
-19.5378
-20.598
-29.9874
-28.9501
-27.8954
-27.3978
-27.2795
-26.7905
-25.7886
-25.7375
-27.0361
-28.4568
-29.0638
-29.7343
-30.0464
-27.835
-25.1882
-24.2818
-25.0559
-26.0887
-26.4635
-26.7069
-26.7685
-26.2933
-25.9658
-26.5672
-27.4723
-27.2152
-25.6096
-23.9827
-23.594
-25.0871
-27.8622
-29.0381
-28.0842
-27.8908
-29.5726
-31.0563
-30.6461
-29.599
-28.5955
-27.182
-25.7596
-23.2701
-16.709
-6.52771
2.56377
7.53486
9.88618
10.8888
10.946
10.4464
10.4685
13.0455
16.2301
19.2061
21.7794
24.0552
25.7947
25.9373
23.5149
17.8559
10.807
8.84443
8.15288
8.79733
11.2866
17.2669
21.9898
23.6131
21.8944
17.1502
11.309
4.8851
0.265844
5.83176
10.8705
12.8478
10.8303
5.54603
-0.223992
-3.56408
-5.07288
-7.83887
-11.0265
-19.1428
-20.6843
-21.4292
-19.4078
-23.2015
-24.7758
-25.0575
-23.6358
-17.945
-8.0193
-2.06342
-0.411169
0.00781271
1.31528
2.87392
2.37794
-0.0610122
-2.35633
-3.30977
-3.90964
-3.95523
-3.36197
-4.16773
-8.24254
-14.899
-18.2482
-16.9287
-16.8846
-16.5192
-20.4215
-19.331
-22.2584
-22.3611
-25.5082
-28.8318
-19.5041
-20.7424
-23.2528
-25.7946
-27.9862
-28.9161
-27.5699
-26.5149
-27.4712
-30.0117
-33.1029
-33.6975
-30.3134
-26.6411
-24.9215
-24.7105
-24.5643
-24.5238
-25.5868
-27.5157
-29.3248
-30.8513
-32.4552
-33.1673
-33.6405
-32.4345
-29.0147
-26.8065
-26.9246
-26.5547
-23.7425
-21.6192
-21.7445
-23.8679
-27.0805
-29.9399
-30.5779
-29.167
-27.3788
-25.2905
-23.642
-18.8295
-13.2125
-1.54221
5.97777
8.78643
8.19925
5.90602
4.03163
2.95577
3.01845
4.59319
6.72476
8.85274
10.3776
11.3304
11.1372
9.92382
8.05432
4.15048
0.473119
-1.94192
-7.87057
-8.70833
-5.66087
0.343474
3.02316
4.23267
3.73511
-0.72228
-5.77473
-12.0193
-14.3628
-5.29413
-2.67738
-0.618625
-3.88723
-9.82038
-14.4284
-18.9323
-19.8207
-19.0042
-17.2737
-21.258
-17.5753
-18.3126
-18.4102
-23.518
-24.8533
-24.5083
-23.0566
-20.6665
-15.6547
-10.9219
-9.34681
-5.01524
-0.11426
2.5333
2.01459
-0.233632
-1.36088
-1.28104
-2.24236
-3.20141
-2.90266
-3.22428
-6.62678
-12.2529
-15.5547
-14.5026
-13.0697
-11.7121
-13.7237
-15.492
-19.4199
-19.377
-18.4399
-17.7841
-26.9381
-25.1064
-24.8724
-25.6564
-25.0946
-23.5749
-23.2001
-24.3679
-26.0948
-27.4132
-29.2871
-31.7295
-33.5484
-32.6195
-31.0333
-31.2676
-32.1896
-30.4622
-26.985
-24.5931
-24.3435
-26.2537
-29.5518
-31.5549
-29.8436
-25.8943
-22.4177
-21.2189
-22.6893
-25.7003
-26.502
-23.7563
-21.3009
-21.2168
-23.8976
-28.6613
-32.7537
-33.4447
-31.4973
-28.0354
-24.0609
-12.0302
1.01078
15.2451
22.7905
24.8668
22.0652
14.2162
2.96711
-3.96463
-6.0759
-6.04934
-3.03725
1.25578
4.26429
6.0297
5.36398
2.7761
0.274659
-3.44962
-4.51291
-5.50867
-12.7227
-15.5311
-13.7988
-8.61241
-9.67716
-9.29914
-6.85674
-12.5871
-14.8856
-17.1414
-21.2686
-13.6289
-19.4441
-13.9005
-16.397
-15.0459
-14.535
-18.6842
-22.4701
-20.8161
-16.4983
-19.7493
-18.1199
-22.0973
-22.1962
-27.3406
-26.1127
-25.4651
-24.8705
-19.2129
-11.3034
-6.48379
-5.60481
-3.66209
0.754837
4.23141
4.48392
1.62953
-3.03131
-6.11595
-8.10513
-5.14723
-1.50525
-0.542192
-2.91887
-6.37387
-6.93811
-5.80403
-5.321
-5.31726
-6.9693
-7.68439
-9.54913
-10.456
-12.5673
-14.5189
-30.7166
-30.3009
-28.6189
-24.8292
-21.6824
-20.8525
-22.5452
-26.1807
-29.8125
-30.9616
-30.8436
-30.513
-29.6674
-28.4098
-27.1741
-26.6335
-26.9062
-27.2579
-26.7573
-25.8925
-26.021
-27.8337
-31.5504
-35.2551
-33.7704
-27.9411
-22.7265
-20.3018
-20.1551
-20.3881
-19.3983
-18.7075
-20.071
-23.0128
-24.6203
-23.969
-24.1822
-25.6847
-26.8165
-26.2278
-24.8821
-9.92728
8.06061
23.0479
30.6433
32.702
29.7652
21.1739
5.88834
-9.83882
-11.836
-16.1313
-14.2506
-10.4314
-9.60353
-8.54841
-9.60402
-12.4305
-12.6134
-17.5304
-13.2952
-11.6149
-20.2054
-21.9832
-23.5691
-16.3452
-26.3827
-26.9335
-14.0827
-24.1968
-24.1034
-23.9772
-25.9957
-14.9996
-22.1735
-18.4894
-27.8283
-28.5982
-25.0814
-30.477
-30.0847
-24.3576
-17.7332
-20.1556
-17.701
-19.7101
-19.9262
-25.4525
-27.0314
-26.434
-24.0036
-16.1326
-6.32891
-0.968885
-0.405501
-2.02693
-2.59428
-0.985742
-0.454854
-1.10652
-2.03439
-3.16635
-6.01865
-6.07198
-3.39142
-2.59847
-5.64582
-11.6842
-16.3231
-15.5867
-13.0118
-9.83606
-9.4719
-8.35191
-8.89262
-9.38944
-11.6671
-14.8669
-27.3436
-27.4864
-27.1516
-27.2665
-28.0423
-28.7576
-29.1475
-28.5326
-26.6884
-25.2469
-25.1285
-25.9912
-27.5813
-29.2409
-29.7607
-29.1776
-28.6322
-28.0026
-27.1322
-27.0283
-28.5279
-31.499
-34.6404
-35.8853
-34.3816
-30.4617
-27.1546
-26.2488
-27.4894
-28.4558
-27.2013
-26.413
-28.1499
-31.522
-32.4227
-30.2808
-28.2511
-27.0543
-26.7983
-27.2652
-28.0919
-11.5969
8.76059
23.8341
31.4888
33.5867
30.6815
22.1251
6.71486
-10.6179
-12.7399
-17.5166
-17.9518
-16.4902
-18.5203
-18.5124
-19.8483
-22.3849
-17.5815
-23.7479
-15.3371
-13.5367
-23.6784
-27.4552
-30.0359
-19.2029
-30.5653
-32.053
-15.454
-30.197
-27.3928
-25.6647
-26.3723
-15.504
-24.3485
-19.782
-27.7129
-25.8463
-22.8029
-27.2249
-29.1066
-23.6332
-17.0053
-16.9455
-14.3389
-17.1417
-19.7926
-27.4722
-29.7756
-30.4502
-29.8556
-24.9842
-17.4736
-12.8656
-10.7898
-6.91676
-1.20044
4.23413
7.00726
6.67056
3.59484
-0.321045
-2.6482
-2.08949
-0.450806
-0.678983
-4.53532
-11.8182
-16.1387
-12.5749
-9.76769
-9.35046
-12.5856
-14.2197
-16.5004
-16.2927
-18.3956
-21.0686
-30.2177
-30.276
-27.7496
-25.1955
-24.233
-24.9036
-25.5557
-23.8917
-21.1385
-19.8073
-20.5241
-21.9452
-22.6746
-23.0131
-23.5968
-24.0153
-23.8485
-23.1439
-22.3991
-22.8302
-25.1313
-28.0279
-28.151
-26.1584
-24.6897
-23.2723
-22.3583
-23.2355
-25.8548
-27.2956
-26.2935
-26.1437
-27.693
-29.2034
-29.0293
-28.5386
-28.4747
-28.307
-27.9513
-28.2349
-29.2749
-17.0972
4.08816
18.8904
26.4893
28.5698
25.6917
17.3829
3.96487
-6.06665
-9.45236
-17.2015
-18.6155
-19.2007
-21.7842
-21.9033
-21.7869
-22.7022
-17.2958
-20.7445
-13.7818
-13.2262
-23.1433
-27.0525
-28.8938
-18.4948
-26.3466
-26.1715
-14.7832
-27.9688
-28.2318
-25.723
-25.9295
-15.6514
-24.3848
-19.8524
-28.7985
-26.9113
-23.0778
-25.1047
-23.5518
-18.7585
-13.8346
-14.2837
-13.4141
-17.3469
-21.4346
-29.0476
-29.4465
-26.6232
-24.158
-18.9464
-10.6578
-4.54385
-3.01631
-0.860735
3.03111
7.29369
9.73879
10.1609
9.04341
7.19855
5.0686
3.15083
1.39602
-1.14037
-5.71752
-12.2308
-17.7941
-21.1602
-22.4896
-19.1444
-20.3472
-18.0234
-19.4331
-18.1943
-18.6897
-19.3101
-26.1411
-22.9971
-21.3732
-21.9428
-23.6905
-24.0323
-22.5481
-21.087
-20.1692
-19.2843
-18.3624
-16.887
-15.7081
-16.1853
-18.4599
-20.888
-22.2675
-23.1341
-22.451
-21.4039
-22.0149
-23.9318
-24.2146
-23.3423
-23.5579
-24.8309
-25.9633
-25.9443
-25.0726
-23.7599
-23.0302
-23.2552
-23.4925
-23.1878
-22.6778
-22.7818
-24.1072
-25.3352
-23.4869
-20.6775
-19.9289
-19.6185
-7.43426
6.16597
14.0054
16.402
14.0349
7.14335
-1.53795
-6.39431
-10.1295
-17.5599
-17.8277
-16.1906
-18.4844
-20.6711
-22.7514
-24.3058
-17.04
-20.7813
-13.6478
-13.3655
-21.7704
-23.4858
-23.1148
-15.8067
-20.9524
-22.1285
-13.6198
-25.7657
-27.7894
-28.1134
-29.6311
-16.1479
-22.4094
-17.5447
-24.1373
-24.3466
-21.6458
-24.7968
-23.4144
-16.9821
-10.9066
-10.077
-10.0462
-14.6362
-18.9348
-26.0605
-27.8649
-27.8856
-23.5472
-13.8353
-2.27012
4.17505
5.63553
4.72046
5.41888
8.68833
10.7752
10.7974
9.48785
7.33953
3.94064
-0.395855
-2.8203
-3.97814
-7.80891
-14.5561
-19.2194
-17.6377
-15.3802
-13.2483
-15.874
-17.3969
-22.5009
-23.9687
-25.6096
-25.6278
-24.5546
-23.7722
-24.008
-24.6634
-24.8871
-24.8738
-25.77
-27.3319
-25.905
-22.285
-20.7919
-22.467
-26.5352
-30.062
-30.661
-28.4464
-25.7194
-24.1386
-24.3396
-26.0857
-27.5998
-26.5218
-24.4899
-23.8591
-24.2618
-24.1904
-24.1081
-25.3222
-26.6838
-24.2214
-20.0006
-18.1208
-19.4051
-23.3779
-28.1144
-31.5746
-33.9497
-31.0532
-24.3945
-20.5259
-20.3716
-21.0691
-3.52036
11.8191
20.2758
23.1158
21.0838
14.1044
3.37593
-3.82322
-8.68006
-15.6656
-15.6083
-14.7685
-17.8165
-18.7381
-17.9219
-19.1981
-17.0033
-24.151
-15.2806
-13.9336
-20.2406
-21.2838
-22.3059
-17.2136
-25.0095
-24.7001
-13.9115
-24.2892
-26.1967
-25.726
-26.271
-15.8385
-21.2627
-17.0325
-20.517
-18.6017
-16.0471
-18.7385
-20.2134
-17.0755
-12.4843
-12.0143
-11.4398
-15.6207
-19.7593
-25.7979
-25.8438
-25.1172
-21.7526
-11.0548
0.354379
6.51006
8.38186
7.18989
4.96325
4.14077
3.59696
2.20387
0.958356
1.20391
1.67409
1.84037
1.572
-0.125451
-4.84388
-12.7605
-20.5632
-22.929
-23.0925
-19.8909
-21.3973
-19.1751
-21.8352
-21.9705
-23.7396
-24.4791
-21.8508
-23.3219
-25.6286
-26.0278
-25.2222
-24.9408
-25.1253
-25.0445
-23.1254
-20.7418
-20.5031
-23.323
-27.9603
-30.5619
-30.6531
-30.2017
-29.2735
-28.175
-27.4627
-27.3144
-27.4278
-27.7454
-28.5111
-29.2847
-29.1612
-28.3366
-27.8387
-28.148
-28.1753
-25.8235
-22.815
-21.7742
-23.2452
-26.7631
-31.1338
-33.301
-30.7149
-26.1976
-22.1198
-19.8953
-20.3759
-19.2222
0.767255
15.6277
23.511
25.8213
23.1621
15.0005
0.58787
-12.5495
-13.3751
-13.2497
-9.20811
-7.56478
-8.93939
-11.0419
-13.3207
-16.3265
-15.5642
-19.7039
-13.5464
-12.6035
-17.1577
-17.0041
-15.5262
-11.3241
-12.7382
-13.7458
-10.5977
-16.0359
-13.7581
-11.3312
-11.1147
-8.41088
-10.6742
-8.67148
-9.9519
-9.44223
-9.08273
-10.4768
-11.9385
-12.1836
-10.2479
-10.1214
-10.0013
-13.8408
-18.9312
-25.4933
-25.6997
-22.3914
-15.8333
-3.06006
7.57641
12.6525
12.7928
8.59251
1.1847
-3.29118
-3.47599
-2.3407
-1.71353
-2.44135
-4.59928
-5.57916
-5.25315
-6.07662
-9.24275
-13.4833
-16.5097
-18.6473
-20.4149
-17.953
-17.4815
-13.269
-12.9976
-14.246
-18.4222
-23.0941
-25.1195
-27.58
-29.1169
-26.9901
-25.0566
-25.485
-27.5147
-28.4382
-27.9194
-27.2357
-26.4383
-25.4942
-24.7243
-24.7741
-25.9481
-27.549
-28.9033
-29.6784
-29.0922
-27.6606
-27.3566
-28.1709
-28.0339
-25.7237
-23.9571
-24.7072
-27.8029
-29.4824
-26.925
-24.2462
-22.8472
-22.5408
-23.3424
-25.5194
-28.0418
-28.2914
-26.3602
-23.6006
-20.898
-19.6357
-20.3664
-19.2075
-8.10236
4.38142
11.5253
13.3817
10.3776
2.10311
-10.4596
-16.2164
-11.5831
-7.84392
-3.30566
-0.803831
0.252786
1.75673
3.33621
3.87749
3.3319
0.649917
-1.99334
-5.63034
-10.6843
-10.2601
-7.42232
-3.82569
-4.17016
-5.54382
-3.75378
-4.78063
-4.12815
-5.13795
-6.20643
-3.42225
-2.77106
-1.95795
-5.33073
-10.3412
-14.2249
-16.7468
-18.3109
-17.8789
-15.255
-16.6825
-15.2978
-18.5195
-21.5716
-28.0427
-30.1965
-30.3037
-20.9005
-4.11903
7.85782
13.61
14.4003
11.1943
6.16035
3.71199
2.56341
1.18975
-0.0154725
-1.59307
-3.10979
-2.74371
-1.44027
-1.97885
-5.71468
-11.8681
-16.4312
-17.7377
-17.9033
-15.7623
-17.9652
-17.756
-21.6029
-21.2333
-22.7868
-23.1988
-30.1296
-30.0304
-31.0487
-31.3329
-30.2164
-29.1752
-27.8439
-25.7104
-24.139
-23.8329
-24.3614
-24.9003
-25.6961
-27.2104
-29.1996
-30.575
-30.9274
-30.8691
-30.4636
-29.9797
-30.0915
-30.0898
-28.8091
-26.949
-25.8206
-26.1235
-27.8779
-29.382
-28.0024
-24.9693
-22.4336
-21.4317
-22.4291
-25.6147
-29.6835
-31.1269
-29.4654
-27.1255
-24.3169
-21.9971
-21.2686
-20.3107
-11.4295
-0.439885
6.56308
9.16128
8.90535
7.15616
4.59188
0.68403
-2.90246
-3.59604
-1.08336
2.36638
4.45406
6.11536
8.31165
10.3151
10.6288
8.74445
6.7719
5.80467
5.00808
4.17134
3.19718
2.63717
0.131436
-3.38645
-4.4691
-7.4663
-7.78044
-9.765
-12.2337
-8.48065
-8.98337
-7.57248
-11.4004
-15.728
-18.733
-22.3303
-22.6606
-20.6699
-17.3035
-20.5415
-18.9677
-23.3251
-24.2341
-28.7082
-28.7251
-29.3676
-20.0281
-3.46559
7.60731
12.6038
12.7137
9.72127
7.73843
8.35718
7.33066
3.7277
-1.21598
-5.91861
-10.0363
-8.63704
-5.7495
-5.72373
-9.84014
-16.4866
-20.0594
-20.0572
-21.021
-19.68
-21.2885
-18.9724
-22.006
-22.5931
-24.4574
-25.7734
-23.6027
-24.8987
-27.0354
-27.125
-22.5422
-18.5817
-17.4546
-18.3718
-19.459
-19.8721
-21.1458
-23.9228
-27.6838
-30.0625
-30.1939
-29.4156
-28.6418
-27.7079
-27.0683
-26.7346
-26.1301
-25.7564
-26.36
-27.3896
-27.0084
-24.4454
-22.055
-21.3724
-22.3866
-23.9092
-24.5407
-24.4741
-24.6992
-24.8445
-23.2431
-21.1649
-21.045
-22.7753
-23.887
-23.4964
-23.7521
-19.9517
-1.65137
12.3986
20.2352
23.4803
24.4058
24.9672
24.9176
22.4945
17.119
10.4226
6.68595
7.02292
8.46799
9.93584
10.7536
11.1703
11.0133
9.4384
8.06724
8.16003
9.18664
9.41964
8.26354
6.78924
4.682
3.0499
2.85604
1.33472
-0.472606
-3.4212
-5.25125
-2.93109
-2.23107
-0.932616
-2.73842
-5.45502
-6.93308
-8.08188
-9.7872
-12.5604
-12.4659
-12.524
-11.861
-16.4112
-21.5358
-28.7687
-28.0533
-27.74
-26.1438
-16.103
-6.56908
-0.996309
1.64196
4.20663
6.52922
7.18591
5.4374
2.51201
0.706306
0.29482
-0.494541
0.567078
2.53909
2.44015
-1.23906
-8.32108
-15.061
-17.43
-18.784
-17.9579
-20.3077
-17.1937
-16.7573
-16.2075
-18.2643
-20.7119
-20.0263
-20.2805
-22.1469
-22.9026
-20.4418
-17.9706
-17.2517
-17.8032
-18.2406
-18.4638
-19.823
-22.7198
-25.2859
-24.755
-23.0876
-22.2087
-21.8136
-21.5074
-21.9612
-23.8251
-26.145
-26.6708
-25.3666
-24.3658
-23.9451
-23.0887
-22.514
-23.6947
-26.3967
-27.3287
-25.7078
-25.0833
-25.8175
-24.9057
-21.6578
-19.6199
-20.2105
-22.094
-21.8315
-19.8202
-19.3519
-15.9429
-1.54462
12.4397
20.2655
24.2459
26.8974
29.159
29.8171
27.6786
23.1397
19.3658
18.9303
19.6029
20.5922
21.494
21.1432
18.9345
15.2933
10.8353
9.27798
11.3471
14.933
18.1117
20.0572
20.3659
18.9124
16.7864
15.0712
13.2387
11.2044
9.73908
9.52631
9.53642
7.80633
4.83191
0.777078
-1.79991
-2.88117
-4.94172
-8.4
-12.2901
-12.2426
-12.0584
-11.3487
-15.6083
-20.2692
-26.8635
-27.7211
-27.4694
-26.0405
-17.7297
-8.07879
-1.89083
3.40207
8.16825
10.7916
10.6432
8.12316
5.16907
3.60766
2.80102
1.15046
0.257534
0.823662
0.901219
-1.2378
-5.42902
-9.87594
-12.59
-13.6082
-11.7142
-10.9261
-10.0186
-12.3006
-14.9845
-17.6677
-19.0846
-29.1738
-29.3033
-29.5527
-29.6971
-29.6283
-29.2994
-28.7368
-28.2518
-27.7723
-27.5335
-28.2465
-29.3767
-29.3141
-28.5383
-28.4174
-28.6226
-28.5652
-28.8738
-30.4146
-32.9617
-34.6048
-34.0715
-33.1056
-33.0567
-33.3719
-32.6985
-31.7408
-31.7875
-31.5196
-29.0607
-25.9402
-24.4097
-24.8504
-26.6153
-28.4259
-28.8745
-27.3247
-23.8711
-20.3636
-18.802
-19.8822
-17.1456
-5.09322
8.6373
16.2018
19.4181
20.4458
21.2309
21.9857
21.9424
21.713
21.8327
21.4389
19.3512
15.9273
13.0093
12.0907
11.7271
10.8062
8.13711
5.73469
4.67152
6.04841
8.90684
11.4877
13.5119
14.2291
14.4286
14.2359
12.2602
9.16239
6.20193
4.75804
4.21446
1.89804
-0.593224
-4.1779
-6.28213
-6.17983
-7.29309
-9.47329
-11.5761
-11.9897
-15.0857
-15.5732
-16.9093
-14.3747
-13.0972
-12.3847
-12.9713
-12.9475
-9.33039
-3.28072
0.29051
0.52563
-0.455278
-0.691556
0.0821949
0.68568
2.07513
3.17209
2.50414
-0.246682
-3.45145
-5.6096
-6.19283
-6.06269
-6.93998
-10.1333
-14.8034
-17.5698
-14.3784
-13.135
-10.8399
-12.082
-13.6429
-14.5084
-13.3346
-34.1443
-31.9797
-30.2186
-29.7415
-30.3787
-31.1709
-32.119
-33.0785
-33.3076
-32.1451
-31.3104
-31.1928
-31.0071
-30.8923
-31.5851
-32.3828
-31.4512
-30.0681
-30.0166
-31.29
-32.5426
-32.885
-33.2046
-33.7007
-32.6289
-30.4853
-29.0468
-28.7136
-29.1098
-29.2009
-28.0415
-26.9201
-27.0418
-27.3493
-26.8812
-26.2619
-25.6209
-24.211
-22.8321
-22.9908
-25.1041
-20.6247
-4.30147
9.46391
16.8353
19.2385
18.6065
19.728
24.1563
28.6265
32.3317
34.6076
34.5099
31.4396
25.5731
19.3754
16.7928
17.1408
17.9464
16.9186
14.1454
9.45082
4.55414
2.05798
0.617497
-0.565064
-4.00715
-5.11095
-3.04354
-6.04775
-8.688
-13.0363
-16.8437
-12.034
-15.3779
-14.4517
-20.1778
-23.1908
-21.2767
-21.975
-20.2781
-17.875
-15.5839
-21.0558
-22.1753
-28.1798
-26.4617
-27.1128
-25.0664
-24.8405
-25.1521
-18.7541
-9.69451
-4.55151
-3.64833
-4.32548
-4.00159
-2.29188
-1.15387
-0.31722
0.000401969
-1.19157
-4.91524
-7.61909
-7.13315
-7.10216
-9.56137
-12.6613
-14.4467
-14.756
-12.6784
-8.68478
-7.06459
-6.86836
-10.2939
-14.296
-17.2967
-17.6074
-33.4165
-32.0408
-31.7326
-31.855
-31.0014
-29.6462
-28.9053
-28.0439
-25.9522
-23.3287
-22.3987
-24.0239
-27.5916
-30.4814
-31.8175
-33.073
-32.741
-30.5975
-29.2375
-29.4454
-28.9277
-27.0233
-26.2897
-27.6908
-29.6453
-30.5549
-30.7985
-29.9162
-28.1034
-26.9292
-27.0753
-28.6156
-31.254
-33.0489
-32.3318
-31.1024
-30.1487
-28.2724
-26.4171
-26.3857
-28.5383
-25.3913
-6.33517
7.52994
15.1051
17.4078
16.1466
16.6238
22.6944
29.2032
34.1821
36.6877
36.4042
33.4341
28.7397
24.8539
23.3258
23.3794
23.3873
22.4014
20.3938
16.8606
12.9195
10.6622
10.3978
9.43633
5.89887
1.01413
-2.91715
-9.28712
-14.9693
-19.0906
-21.4119
-12.9737
-16.4931
-14.7973
-18.449
-17.1791
-13.2415
-12.1276
-11.2979
-9.58743
-7.84334
-9.61183
-11.577
-16.5108
-20.5216
-25.2094
-24.9126
-25.4034
-23.1988
-10.3456
-0.184307
4.43207
4.11657
-0.011745
-6.1371
-8.86077
-9.49153
-10.2659
-11.1083
-11.1163
-11.6643
-9.44665
-6.72783
-6.38555
-9.84033
-15.3772
-18.2246
-17.359
-14.7146
-10.1227
-8.69111
-8.28122
-11.1565
-13.734
-16.3471
-18.6232
-33.0324
-36.6874
-39.6134
-39.5898
-37.1229
-34.3945
-32.9137
-32.317
-31.7123
-30.3445
-29.3582
-29.8187
-31.6003
-33.2214
-33.8431
-33.9732
-33.9478
-33.8785
-33.997
-34.5946
-34.2046
-31.9048
-30.2522
-30.918
-33.106
-34.5526
-34.7511
-35.4775
-36.7603
-36.1824
-33.8425
-32.7873
-34.4318
-37.5367
-39.5218
-39.8855
-39.6054
-37.4972
-34.8322
-33.6019
-33.5074
-30.046
-16.8292
-5.84669
1.71245
5.10991
7.49665
11.7638
16.1382
18.818
20.4476
21.1966
20.7125
18.2115
14.6676
12.8518
13.681
15.1233
16.1044
15.8944
14.3217
10.5073
5.73443
2.03098
0.336242
-1.29472
-6.08757
-11.267
-10.3531
-16.5844
-18.7166
-20.6705
-21.9619
-13.2009
-16.104
-13.9838
-17.7561
-17.9561
-16.8529
-18.8927
-19.3066
-16.2411
-12.6328
-13.9495
-13.8702
-18.1224
-22.6279
-30.3747
-33.4017
-34.8457
-26.502
-9.68624
2.00131
7.63135
8.25635
4.68199
-2.54821
-9.34564
-13.253
-16.7682
-20.3384
-20.92
-22.1075
-16.5714
-12.1038
-10.9938
-14.4639
-21.3981
-27.6581
-28.1685
-27.2106
-21.8723
-24.2658
-20.738
-23.1637
-23.1595
-25.0024
-25.8692
-38.9604
-41.0527
-41.2671
-41.386
-41.426
-40.9627
-40.3719
-38.1761
-36.3908
-36.8919
-40.088
-43.5837
-41.2977
-35.8177
-31.8419
-29.7575
-29.1214
-29.5697
-31.2522
-34.5394
-39.0136
-41.7026
-40.7232
-39.7725
-39.7417
-38.8273
-35.987
-33.6169
-33.4374
-35.2514
-37.4789
-38.3136
-38.4707
-39.198
-40.3102
-39.5988
-37.7311
-36.8499
-36.4196
-34.284
-30.8136
-26.698
-14.9994
-3.7765
4.43222
7.53121
6.86677
4.79724
4.47912
4.87044
4.26871
2.1277
0.882999
-0.634036
-2.17255
-3.96059
-4.48053
-3.1957
-0.793121
-1.40444
-2.19341
-5.92512
-12.3711
-17.9959
-20.2214
-16.6069
-23.4748
-26.4853
-14.4898
-26.1977
-26.5122
-27.0383
-29.337
-16.8003
-26.1294
-21.0199
-29.2663
-28.7233
-26.2392
-34.4012
-37.4333
-29.529
-22.1097
-29.5635
-25.1692
-31.5213
-31.1175
-44.6116
-45.7554
-45.3988
-28.4915
-10.0939
1.16608
6.19598
6.05126
1.60811
-5.81684
-9.53924
-10.801
-13.7871
-18.667
-22.8352
-27.2169
-23.5879
-19.3535
-18.2014
-22.3926
-29.9939
-36.1316
-34.4343
-32.8093
-25.8388
-32.0119
-25.7903
-30.8221
-29.8503
-34.4679
-38.066
-53.2583
-54.3976
-55.5733
-54.7706
-52.2623
-50.3466
-51.3379
-51.568
-52.2508
-52.6376
-54.4799
-55.1542
-55.9637
-56.0978
-56.1461
-55.662
-54.715
-54.4821
-55.4648
-55.8973
-54.8804
-54.2371
-54.8844
-57.0684
-59.4376
-59.4342
-56.2416
-53.6372
-52.7124
-51.8858
-51.392
-52.4031
-54.1803
-53.9621
-53.9391
-54.5601
-55.7367
-55.5139
-55.1471
-54.9975
-54.0419
-42.2557
-14.0076
0.341396
9.09165
12.1484
10.4209
3.97643
-5.28334
-9.41391
-8.41806
-12.1876
-13.8558
-15.2597
-17.5677
-19.5762
-20.1687
-19.8203
-14.8202
-19.2334
-13.6908
-15.4974
-25
-33.6942
-38.887
-22.2791
-43.7595
-43.4999
-15.6413
-37.1667
-38.6906
-36.6774
-38.571
-18.2246
-31.9229
-23.857
-40.9768
-36.5324
-29.5812
-41.5026
-47.2749
-32.6481
-24.0138
-44.1332
-31.2581
-42.1213
-33.5309
-48.4266
-47.6995
-46.1314
-43.5726
-29.4987
-17.9461
-11.8053
-12.3669
-15.3996
-21.2158
-24.3066
-25.9252
-27.6419
-29.6578
-27.6791
-37.5665
-37.0224
-33.8555
-30.6926
-36.8442
-44.0679
-49.644
-44.3795
-45.3973
-29.526
-48.2432
-31.169
-51.5301
-39.439
-46.6577
-49.369
-68.879
-70.7582
-70.7432
-72.6794
-71.7031
-65.9105
-69.136
-66.5041
-66.3723
-64.4757
-68.1906
-69.2199
-72.0429
-73.0763
-74.2401
-73.9615
-73.7574
-73.0186
-73.1017
-72.2242
-71.8339
-72.2349
-72.3553
-75.4581
-76.631
-76.7916
-77.0034
-78.014
-79.1666
-76.13
-74.7842
-73.0803
-72.0176
-69.5659
-71.6488
-70.2858
-72.5941
-73.3829
-72.8021
-72.7058
-72.0124
-52.9903
-27.0073
-26.4702
-18.6072
-16.9004
-18.5696
-24.3786
-28.563
-27.8663
-17.9726
-25.9614
-23.1129
-24.2036
-28.0739
-36.3963
-34.2266
-34.3955
-20.5018
-31.5766
-16.2326
-16.759
-27.534
-38.7023
-45.6557
-22.479
-47.5982
-48.5652
-15.6752
-40.3981
-42.9308
-39.0525
-43.4772
-18.4212
-34.8477
-24.4919
-60.4024
-43.0788
-31.5857
-50.4049
-61.8264
-33.2281
-24.1737
-60.982
-33.319
-52.9626
-34.8992
-65.2253
-63.8825
-56.6401
-64.0747
-48.4808
-33.6893
-24.9815
-32.3472
-33.7291
-46.9025
-50.6484
-52.7924
-53.7436
-52.508
-34.4108
-55.3426
-51.3411
-49.6759
-39.4209
-52.3117
-58.4093
-63.588
-49.0078
-53.177
-30.5594
-65.2563
-31.6611
-63.9476
-40.7907
-51.7869
-64.556
