80
12.4112
14.5366
16.1034
21.2564
36.1193
50.6863
59.7838
62.2198
59.3869
52.1914
63.035
73.7459
80.2766
84.3966
86.8485
88.1884
88.3258
87.5016
86.2501
84.881
83.2899
82.1077
81.6832
81.0673
80.1219
78.7659
77.5894
76.3928
73.6557
69.8478
65.3794
63.171
60.1591
55.3979
46.2903
38.9448
39.645
40.8195
36.7033
24.7817
10.0049
17.0803
23.6307
18.2034
19.1685
22.2937
25.9415
41.4587
50.2174
59.168
61.5268
60.0014
54.9246
46.6901
41.5121
38.59
36.5429
41.2872
45.8468
46.9929
44.5372
37.734
26.017
11.4888
12.3799
18.1769
17.5594
11.4497
0.52563
-0.228249
6.95179
5.20782
7.5863
11.6922
14.278
11.3909
8.05951
6.80932
10.4765
10.0844
6.08638
2.04901
-2.33697
3.63533
3.71312
3.4972
-1.24047
1.56581
0.512585
-1.07427
-11.4822
-7.44762
-11.1473
-0.941045
1.83419
3.9392
1.48842
0.0615366
-1.86378
-1.94407
-2.764
3.17328
4.66261
5.05727
10.7306
11.5228
10.9666
2.3544
-1.91638
-3.42337
8.40529
11.5928
12.1476
5.58979
2.13187
-3.51909
-1.53872
8.25352
18.4137
17.9782
20.3666
22.9569
29.8178
40.9647
50.1101
52.5592
50.8424
46.0457
43.3806
49.7149
54.6091
56.5578
57.0799
58.3129
60.5768
59.4503
53.1648
41.7937
33.7516
29.1325
29.1702
37.8171
35.4489
32.3147
37.3347
31.6879
36.4099
31.5783
28.0784
24.6841
20.3243
29.9976
28.0929
25.856
22.0323
19.9021
31.229
15.7386
27.6404
20.4683
22.0296
31.088
48.1976
60.6609
70.0485
77.3656
81.2333
81.4074
78.3683
71.9671
63.1802
54.706
46.7744
39.0506
37.9929
38.9226
37.2821
35.0921
35.0122
34.4262
31.5614
29.2632
28.5626
26.2089
22.7834
18.4855
13.6131
9.01634
8.83066
10.3589
11.4205
13.2089
15.2157
15.3765
13.9287
12.2237
8.164
4.17751
4.70117
8.33783
10.2584
10.1746
9.71161
8.54508
8.1174
7.33268
4.67368
-0.443285
-3.51977
1.59217
6.34433
11.8051
14.7436
14.2794
11.6379
9.20744
5.91772
0.189905
-3.52991
0.491317
4.60023
8.18747
10.5646
12.2683
11.6287
8.81147
4.85812
1.45768
5.72733
8.96178
8.51561
5.85159
2.98887
5.13064
9.81691
11.9881
21.5282
24.7828
28.4744
33.791
38.1479
43.0154
42.067
40.0441
38.7191
37.7633
39.6558
27.4239
33.1613
31.9459
33.9646
35.3525
25.778
22.9783
27.6572
31.7665
24.0753
10.1407
19.933
24.8189
25.1891
32.347
33.9484
36.7045
34.9244
34.457
21.5828
18.1574
28.9827
33.9169
33.4643
23.5809
45.8929
59.3288
68.262
75.2594
81.8099
86.9194
90.1898
92.0454
93.0895
93.81
93.9752
92.7773
89.7412
84.3267
75.647
62.654
46.5362
40.4248
36.7645
28.7403
31.273
41.3477
45.079
44.1858
39.3973
32.9815
26.6689
20.2252
14.5981
9.25386
8.20342
10.1729
10.5784
7.83862
3.07034
2.38425
3.65737
4.70644
4.4538
5.82514
8.7247
10.2755
9.21783
6.76813
4.08849
1.74946
2.49158
5.16003
6.57431
7.77187
8.19997
7.84802
9.25901
11.6087
11.8365
9.19034
7.0157
8.87649
11.6807
12.8005
14.5106
17.8938
19.8926
18.7221
15.1631
12.647
12.8855
13.4774
14.4488
15.2703
14.8543
11.5026
4.91371
0.224935
-1.44766
-1.89249
-4.49898
-6.62395
-8.37812
-7.25514
2.4646
8.2919
10.509
11.4379
11.0938
16.246
43.1991
60.2696
72.2879
80.0046
84.1585
84.9155
82.4319
77.6257
71.252
63.493
51.1863
46.3656
49.8559
45.3128
44.1978
42.4792
34.9618
35.5716
42.8775
52.576
60.0676
64.9923
66.5748
66.0553
69.4156
75.7139
80.6617
85.1362
90.0754
94.4827
97.8862
100.213
101.791
103.1
104.228
104.792
104.407
102.968
100.769
98.1527
95.1385
91.0106
84.9994
76.9016
67.4243
59.006
50.8431
41.1104
33.5288
30.6669
27.4006
22.8023
33.9791
45.0459
53.5903
57.391
57.1083
52.7983
44.5369
33.1533
21.4949
12.9084
6.46952
6.32674
7.01527
8.96066
8.88876
6.88419
7.97488
8.78445
8.21266
8.48748
9.42475
8.10717
5.64984
6.45529
5.93901
6.09296
6.05765
3.65251
1.2901
2.4865
3.07423
2.7866
3.72702
6.55068
10.6265
10.7586
8.0836
5.50296
6.552
10.5768
14.3097
15.0049
14.4769
15.3301
14.4784
11.8641
10.6961
11.0821
9.82053
9.78479
9.43159
5.36884
0.850856
-3.99975
-1.54522
1.01754
2.14104
-0.887599
-1.82201
1.31073
6.09495
7.61596
6.61253
1.73615
6.54992
18.0439
46.5587
67.7948
81.8912
91.2548
97.1779
100.67
102.464
102.912
102.374
101.598
101.166
101.107
101.601
103.258
105.496
107.447
108.794
109.688
110.421
111.149
111.811
112.26
112.438
112.449
112.457
112.453
112.391
112.206
111.738
110.839
109.322
107.339
105.314
103.149
100.13
95.6952
89.5376
81.5852
71.2377
60.2154
52.0747
48.9323
44.9053
39.3218
35.9013
35.8746
37.5778
36.165
31.1411
22.7125
20.4386
23.8287
30.2006
40.8883
49.24
53.9122
54.4447
51.0735
44.4897
36.9159
30.7157
24.1002
16.0162
12.5459
14.7516
14.3364
11.0889
8.90289
9.96001
10.641
10.6505
10.9207
10.681
10.0445
8.09066
5.79744
5.70506
4.07176
0.769706
-3.81544
-4.67447
-4.99179
-4.61545
0.824304
4.8444
8.10979
7.88021
8.11616
8.37103
9.78659
10.8893
10.1496
7.90971
7.91037
10.2231
11.1856
11.092
9.48539
7.8241
5.37902
4.3951
6.83695
10.1925
10.892
7.29882
3.08869
3.16467
5.43545
5.17435
3.15803
0.538231
1.45328
4.14653
5.00164
7.5828
5.72535
8.99557
14.5282
41.6036
59.7971
71.01
76.7517
78.4877
79.953
86.0822
94.2299
100.73
104.887
107.272
108.755
109.976
110.798
111.016
110.683
110.082
109.531
109.205
108.82
107.965
106.543
105.078
104.035
102.929
101.188
98.6394
95.4384
91.7799
87.1284
80.7394
71.6288
59.73
54.9531
53.9774
46.1848
32.4323
28.5868
28.6982
30.9244
39.9153
46.5807
54.8552
62.7119
67.1715
68.0502
65.4842
59.464
49.4031
34.5665
15.8758
27.7185
40.2004
47.3384
49.8451
48.4989
45.6878
43.8834
41.2392
34.0614
24.9874
17.9093
16.1281
22.2799
26.3778
26.3706
22.2521
14.5492
8.06026
9.68174
10.5658
9.06756
7.06463
3.24779
-0.794485
-0.518145
0.206128
-2.56941
-7.88644
-3.08866
1.58069
4.23394
3.80146
1.61852
3.92985
6.17915
6.52133
4.13492
2.09191
4.06255
6.15956
6.5478
4.61279
0.888242
-5.63839
-8.97883
-4.32923
-1.08373
-1.90967
-1.71712
2.31844
5.22168
5.3551
1.94293
-3.57826
-10.3516
-14.0593
-11.7188
-8.46505
-8.67304
-8.94767
-9.43313
-9.96995
-3.65066
11.9972
10.564
6.70574
14.0946
35.1282
45.4212
48.9653
50.0653
50.2073
53.3175
55.7166
61.4565
69.6085
73.3998
72.2637
70.9922
72.6389
72.9003
67.8239
60.7245
55.1481
50.0425
34.7243
32.1333
44.7318
48.1214
52.2359
49.6535
46.922
47.3031
33.8016
29.8165
33.373
33.8334
36.5572
38.4677
20.438
27.2183
33.9851
41.3081
50.3329
59.1265
65.767
70.9704
74.9587
77.7147
79.1506
78.4504
75.1636
69.6375
63.0671
56.1205
47.3442
34.8978
21.0343
23.5333
33.0314
39.5927
42.0826
44.595
48.3229
49.6765
47.0278
41.0169
33.133
25.9828
19.9522
18.935
19.6171
18.9428
17.6444
18.1233
18.7336
16.6404
11.7651
6.55013
6.02203
7.02967
4.84732
0.403835
-4.35275
-4.77233
2.56428
9.0884
12.8591
12.5866
8.49281
1.71539
-2.71006
2.21079
6.58022
8.42933
8.83688
9.70033
9.7231
8.07605
6.95495
6.68746
5.09611
1.7586
-0.435949
2.69572
7.01096
9.98411
11.9329
12.6914
11.4287
7.73199
2.44975
-4.18346
-12.0843
-13.7094
-9.66484
-6.19384
-2.12828
2.15104
5.13737
5.93209
4.31482
3.24112
0.822965
12.1276
31.3931
48.2336
57.0382
61.0434
62.7878
62.3816
60.7202
56.327
57.2461
62.4705
64.5377
61.8279
53.4405
45.7696
37.0311
31.5971
30.1839
24.41
23.4729
21.8064
31.8959
37.0537
32.7714
34.5532
35.4684
25.8338
33.7106
32.3825
37.9403
42.8892
49.3961
54.847
61.4374
69.4475
76.5156
81.2551
83.9949
85.4656
85.7506
84.939
83.2747
80.8
76.6517
70.1458
60.6269
48.373
35.6619
30.2533
26.5097
15.9224
11.1125
18.9105
32.1073
43.9459
50.2528
52.918
51.7115
46.7416
38.0738
26.6446
20.4156
18.2217
11.4807
-0.264922
-4.23936
0.0994537
7.168
9.57575
8.2093
5.17322
2.28919
0.55087
-0.79105
-2.71119
0.328676
1.97062
0.318263
-4.71617
-2.77064
0.935704
4.10856
4.95715
3.40005
0.677902
0.315951
-0.517614
-0.930165
1.26979
4.18041
5.16789
4.44
2.39686
0.0483529
-2.76537
-6.99511
-10.5071
-8.52097
-4.95536
-1.22305
0.0807382
-0.964634
-3.47818
-5.18537
-4.98433
-5.72237
-9.22002
-14.6256
-14.4413
-9.52974
-4.63605
-1.55593
-0.0140271
-0.646546
-2.0925
-13.4165
-12.0928
-7.0479
3.23245
31.5361
54.1901
69.253
79.1736
84.7647
86.6973
85.4499
81.4511
75.6018
70.0551
65.874
62.064
56.0944
44.6118
35.8657
40.1857
42.2764
38.8642
39.1802
43.8234
48.7251
51.4523
53.813
56.2221
59.1863
63.7806
67.5764
71.6663
75.5017
79.1563
82.1647
84.3341
85.8896
86.6485
86.1702
84.4577
81.5358
76.6678
69.55
60.3897
50.6068
44.5627
39.5667
29.8851
29.4639
32.4668
35.5597
35.7742
31.0941
23.2617
17.8341
21.5093
34.0858
41.0886
44.5622
43.5983
38.8419
30.4407
20.9791
16.0444
16.0467
15.8704
11.9099
10.8813
11.961
12.6981
9.4316
3.10761
-3.90901
-5.07637
-4.55887
-4.8686
-7.13027
-3.30616
-0.205578
2.06151
0.363687
-3.97418
-11.9624
-13.9378
-15.4455
-14.0522
-16.8966
-14.0909
-10.9304
-6.61269
-3.95269
-2.86975
-3.47248
-4.01496
-5.95328
-8.61819
-13.3594
-14.0576
-9.584
-7.11082
-9.11309
-13.9582
-15.1568
-14.859
-12.9936
-13.717
-15.5229
-15.5332
-12.9433
-13.0624
-16.1427
-22.5002
-19.385
-17.0204
-16.8945
-20.0644
-19.4993
-19.4213
4.21448
4.77619
6.61692
11.9635
30.2181
46.8603
61.4071
72.9518
81.2093
86.5482
89.2622
89.5353
87.5459
84.0134
80.8802
78.4914
76.9123
77.605
80.277
82.6811
84.2015
84.9114
85.0053
84.8326
84.5438
84.0316
82.9907
81.7511
81.0376
80.8674
80.9475
80.5579
79.854
78.7406
77.0375
74.9461
71.8327
67.3588
61.7905
54.3714
42.4492
33.3966
20.9553
19.4483
24.1066
29.7298
39.6093
45.4684
49.022
50.0165
47.4059
40.9426
30.2908
15.3595
6.10983
14.5137
18.2377
21.8665
22.0693
22.0216
19.2268
14.2359
12.0588
12.1197
13.4907
13.3003
13.0639
12.2705
11.8437
9.84202
8.19651
7.42859
5.7131
3.82884
3.63899
4.45727
7.61142
10.723
11.196
8.79768
4.79258
0.839674
1.97368
4.57631
6.0355
5.55008
5.39921
7.04199
8.31729
8.69829
8.0998
7.83803
7.25574
5.42992
2.66344
1.20515
1.70683
2.48426
2.16606
2.38565
3.93315
4.9686
5.75418
8.13858
9.87309
8.53941
3.84516
-1.46551
-1.11573
4.02256
7.91349
8.77673
6.68994
4.21711
5.36336
7.73652
8.56357
7.8699
4.59265
8.15792
10.9031
12.4517
19.8587
26.7233
29.6458
38.3079
43.872
48.6454
56.9275
65.1697
70.9739
74.1166
74.7378
74.3228
74.074
74.3998
74.951
75.2253
74.9125
74.0694
72.9507
71.3954
68.9967
65.631
62.6637
59.9875
56.015
51.2408
45.2173
41.2823
36.5811
29.1572
27.1316
19.7103
18.3598
20.1743
27.2212
30.9803
31.9322
38.8541
42.9199
44.7397
44.1454
44.314
44.2124
45.4699
44.9317
41.9064
36.329
27.4912
15.8247
8.10271
6.68561
9.17937
13.8176
16.5648
16.2003
12.8984
8.86501
5.66757
4.63763
6.6853
8.57198
9.70672
7.34022
2.45152
1.37014
6.20427
9.86394
10.7602
9.22202
5.82959
2.93251
5.93753
10.1062
11.6076
10.1178
6.07939
1.46946
3.10336
7.04543
8.55685
6.6099
3.89733
5.22875
8.61493
10.4763
10.1188
8.09982
6.31213
5.75
5.20948
3.81266
2.31334
1.55154
1.22585
2.79842
4.52666
4.52542
3.59898
4.76196
6.424
6.53012
4.26316
0.218948
-2.84325
-0.249809
4.30866
7.6665
8.21728
6.41463
6.59332
10.25
12.4196
11.4023
7.56067
-13.7431
-12.3134
-13.6991
-10.7184
-4.44106
20.1021
32.5078
36.3643
35.5572
31.6911
25.0061
32.6316
37.1072
38.3435
39.1852
35.3192
28.9762
23.8738
20.7627
11.3346
10.7103
12.4466
9.50453
8.25769
24.3294
20.1594
20.3982
18.2716
9.44611
10.6381
16.2749
13.0953
13.4665
11.6513
14.3813
21.4174
34.6156
43.2262
50.3605
54.2315
56.1448
56.1386
54.0586
50.1588
44.1549
34.9742
20.9553
12.2358
9.02521
8.2486
5.73306
-0.892204
-1.91213
-1.78285
-5.29206
-2.87393
3.89987
14.8129
18.531
18.9176
14.9174
8.12109
1.31486
-2.01725
-4.4071
-9.36394
-10.836
-5.18761
-0.276835
2.42895
1.53782
-3.64147
-10.2326
-13.0102
-14.3628
-16.6375
-15.6286
-14.8947
-19.1217
-23.4251
-15.5802
-7.74705
-4.43193
-5.77326
-11.8646
-19.6843
-27.3521
-26.8214
-21.3525
-18.847
-18.9743
-19.8068
-24.94
-31.7129
-31.9838
-23.8534
-19.6416
-18.2881
-20.5755
-21.4193
-21.1932
-19.169
-17.5449
-18.2536
-13.7337
-14.4491
-15.6782
-18.5792
-29.221
-25.8923
-15.8912
-12.1009
-11.4773
-13.2103
-14.3483
-15.0145
-16.8293
-20.5712
-15.0192
-14.8826
-14.5937
-9.8699
8.90411
17.4609
29.076
40.1745
46.4987
49.9223
50.0786
47.0735
42.4252
36.6528
32.6016
28.9424
28.6856
27.2873
19.4057
17.1498
16.6907
25.4243
30.6889
39.2564
42.9857
46.4621
47.4879
48.0748
50.4384
51.7158
52.9233
54.6503
56.3879
57.6051
58.0637
57.9851
57.7857
57.6338
56.2675
53.1855
47.6764
40.0746
32.3778
25.9214
15.7505
12.7039
12.0391
20.2312
23.7165
26.6991
26.2988
23.2282
15.9989
3.91884
-0.964814
11.9738
22.0129
27.156
28.1846
25.0688
18.3502
11.25
7.93072
4.96674
2.41392
2.47292
0.697769
2.59284
5.82994
6.16719
1.97432
-6.74587
-20.9454
-25.9366
-25.3794
-20.0816
-17.4598
-19.1808
-19.1421
-16.6334
-13.9189
-12.5992
-12.2438
-14.7552
-19.1351
-22.0365
-19.8332
-16.5041
-12.8023
-9.23998
-9.06802
-9.39072
-11.8494
-19.8142
-27.6348
-35.2065
-32.3375
-32.3643
-26.7303
-20.2439
-15.4015
-14.9265
-17.4276
-21.7219
-25.3026
-20.0888
-17.4988
-19.9452
-22.6268
-25.8149
-24.6561
-20.801
-18.1701
-18.3932
-21.053
-25.0154
-24.7085
-23.1628
-17.2646
-12.0356
-9.53006
-7.3278
11.2658
21.0643
31.4165
38.7623
44.7391
48.1038
50.6009
54.5867
58.2289
60.5834
60.4182
59.3698
58.6668
58.9588
59.24
59.8705
60.8085
62.2972
64.0066
65.2664
66.3827
65.9872
65.0881
64.0418
62.7823
61.8026
60.4641
59.5322
58.4824
56.7566
53.7793
48.9202
41.8354
33.0168
29.3147
24.4252
15.2297
6.11127
6.6303
17.0532
23.9382
30.6968
33.7376
33.5555
30.5268
25.7444
22.4256
19.3128
13.9767
5.46889
2.2899
7.25334
14.8193
20.192
22.6737
22.9369
21.0813
17.3783
13.416
9.5232
6.65268
5.56327
5.86886
5.07146
2.41094
-1.61398
-6.84616
-14.4837
-20.147
-16.275
-12.582
-9.25601
-8.11372
-9.26733
-13.3829
-14.7375
-13.5488
-12.7163
-12.3971
-12.8848
-13.4306
-12.6778
-13.8548
-15.8859
-15.4286
-11.9145
-8.76693
-8.78047
-12.7373
-18.9811
-25.2943
-26.1314
-22.78
-16.8205
-10.9262
-6.95557
-5.35913
-5.88287
-6.16029
-5.3431
-3.95784
-4.57172
-7.83434
-13.8945
-21.3789
-21.9818
-17.3675
-12.7091
-8.52307
-6.5866
-7.54575
-10.6078
-10.2622
-7.41118
-33.3587
-29.9678
-25.1131
-11.4948
-7.15261
23.6924
31.5351
35.8508
35.6993
34.2787
37.337
46.4232
53.8325
58.0257
60.7815
62.3864
63.2767
62.8554
60.9338
57.7138
54.6395
51.5775
50.0696
49.5752
45.8399
42.3511
34.4991
29.5793
25.9955
17.0334
21.5657
12.0287
12.5142
6.41408
3.44211
3.26396
9.55661
19.6962
30.5017
38.3071
42.5115
44.7785
45.7002
45.7691
44.2427
41.0482
35.1102
26.803
18.6637
19.5037
21.3695
19.5656
12.4184
0.414813
-8.96533
0.338936
7.42145
10.6762
12.5271
11.5873
9.16396
8.92087
10.0974
10.2122
9.53934
8.00509
2.12105
-3.10578
-4.33073
-3.37806
-4.16564
-8.23555
-15.5074
-22.9547
-19.1985
-16.689
-16.6351
-18.4885
-23.2551
-27.7267
-27.1556
-29.0386
-28.4799
-24.1099
-19.0223
-16.1411
-16.9483
-20.1954
-22.6111
-18.8193
-16.4639
-14.4635
-14.8831
-17.79
-20.779
-21.1145
-17.6183
-16.5073
-16.1161
-16.2756
-17.1694
-19.1529
-16.8204
-12.7526
-10.6506
-11.3137
-13.4862
-17.5832
-21.552
-24.1363
-24.5814
-25.0286
-22.2924
-16.1977
-11.939
-11.2512
-13.4613
-16.2268
-23.504
-24.7565
-23.8295
-18.1639
8.35294
29.9666
41.5681
48.9066
52.9627
53.474
51.2872
47.2086
40.8923
36.5616
31.4396
27.3636
27.7112
29.8619
23.393
15.1893
15.317
5.17889
-2.89229
9.1855
18.5894
16.0038
14.4264
15.9194
5.8948
17.5844
19.2315
32.2161
40.5119
46.4149
50.3639
52.8108
54.313
54.7343
54.2802
52.3182
49.1253
45.0803
41.5112
37.3342
32.1151
25.0816
16.8422
21.1537
24.0367
26.0891
25.0421
20.5641
11.7385
-3.29205
-2.97798
3.70625
9.7329
13.0384
12.2018
10.2755
8.88684
9.85158
12.5372
14.9332
16.8214
19.347
21.361
20.3209
15.5823
7.57228
-1.47678
-8.16819
-14.7698
-23.4836
-27.676
-29.9675
-28.283
-23.7286
-20.2781
-18.1855
-21.5894
-25.5159
-25.5446
-23.4209
-21.7234
-21.9
-23.2567
-23.3948
-23.5068
-26.2233
-29.5794
-27.4186
-24.9198
-23.6935
-24.4079
-24.9029
-24.5945
-27.2807
-28.698
-23.6767
-19.7181
-17.1679
-16.7779
-19.4285
-21.5021
-24.6313
-26.9926
-24.9281
-24.8639
-26.6083
-29.3115
-31.6329
-28.956
-26.5844
-22.8448
-20.1779
-18.2785
-20.9061
-22.3775
-26.2105
-34.7167
-22.1598
11.5767
23.1666
35.7867
49.5817
58.9343
65.2812
68.3779
68.5235
65.8491
59.3653
48.5433
35.6643
21.9481
26.3127
28.6043
33.2271
39.7142
42.5192
45.9844
49.5089
51.819
53.0831
54.1053
54.1054
54.7512
55.9808
58.0323
60.0107
61.1534
61.0229
59.3243
56.8385
53.5257
49.5393
43.1053
35.1477
21.5861
9.78753
-4.57779
7.0258
21.7215
30.675
36.2945
37.6506
34.9404
27.9261
16.5476
4.30296
-2.1841
-11.1067
-6.58855
10.8106
19.5839
23.4142
22.8886
18.2181
9.69056
1.23453
2.74047
4.74479
5.54181
11.232
15.5203
16.0368
12.5835
5.33029
-3.26671
-9.68407
-12.4831
-13.9818
-18.7863
-19.1204
-18.346
-19.1557
-21.8148
-21.2236
-22.0577
-28.1871
-34.8855
-34.1934
-35.444
-30.9166
-24.8474
-19.2395
-17.9166
-19.6512
-23.8565
-22.2863
-19.3423
-17.8883
-18.1927
-18.535
-19.5939
-22.6508
-27.9047
-31.3808
-30.8337
-30.066
-26.5876
-24.5405
-22.6536
-23.0893
-20.2255
-17.6044
-17.2114
-19.5115
-23.5667
-29.5305
-36.7744
-37.3749
-30.8418
-26.4869
-26.1287
-30.4863
-21.8044
-21.5326
-21.1122
-16.9001
1.35473
16.9833
23.9903
33.1652
40.9725
46.8967
53.767
59.1287
61.7782
61.9511
60.0259
56.4821
53.8245
53.4055
57.2305
61.3506
64.0948
65.5406
65.7396
65.0447
64.0102
62.573
60.4432
58.399
56.28
53.869
51.6004
48.4158
44.4451
38.5114
32.0157
22.3023
5.84293
5.95588
14.2829
21.4017
28.3834
34.2006
37.7858
40.6937
42.1169
42.8446
40.9918
36.8889
29.4628
20.8502
10.4226
-1.61658
-11.9964
-19.6799
-1.76704
6.86993
13.6232
15.6209
14.9943
12.6634
9.02613
2.99242
-2.77693
-1.38209
2.12154
4.98517
7.43347
10.2679
11.0293
9.48649
5.99536
2.52905
1.53368
-0.115874
-3.36591
-9.64629
-17.564
-23.0522
-22.3635
-22.6509
-21.4889
-21.4585
-22.819
-26.36
-32.1864
-32.2362
-27.0404
-21.0921
-20.1833
-22.567
-24.7815
-20.9146
-21.1406
-23.8617
-29.5566
-33.5923
-32.1467
-34.5609
-37.7645
-38.3502
-34.4325
-31.8369
-28.3431
-24.1875
-21.1675
-22.9073
-29.1879
-35.5601
-32.4108
-29.4323
-27.25
-26.599
-27.443
-29.2128
-30.7244
-31.9557
-27.3994
-24.1621
-15.6688
-13.2813
-13.2832
-9.21482
8.88056
16.9618
23.8609
27.6962
27.7698
25.0647
25.359
27.4672
30.0392
37.8893
44.1686
48.2851
50.3356
51.1917
51.3691
50.6855
48.5999
45.072
40.5585
35.7693
32.5682
23.5056
17.6688
17.1666
6.44274
8.16616
14.6266
4.18079
12.3338
10.8239
15.3515
23.6705
27.4138
32.5944
36.8041
39.8824
40.6636
39.9076
37.7832
35.4131
31.9875
26.5496
21.0943
20.7923
24.053
24.4059
20.6018
11.9928
-0.968787
-11.9464
-11.4718
1.39931
6.63865
8.22672
7.54802
8.14855
7.47546
3.41272
-3.13285
-4.01533
-2.25882
-2.33573
1.85212
6.42666
7.4707
3.64273
-6.393
-20.7942
-20.3268
-14.2422
-12.0796
-12.4422
-15.5121
-18.1552
-21.7094
-22.2576
-24.452
-29.1862
-30.5831
-29.0336
-30.2646
-31.0983
-32.4035
-32.4878
-35.2296
-32.4178
-31.8093
-27.452
-23.693
-24.3569
-27.1727
-31.0886
-33.0333
-32.0594
-31.2858
-29.7316
-27.9787
-27.8144
-27.172
-29.7054
-26.8898
-30.3933
-33.5086
-36.6502
-30.0508
-25.3655
-22.639
-22.1104
-21.6462
-22.6591
-27.5031
-29.6819
-26.9975
-26.2737
-8.6817
-4.63645
-4.38639
-4.49802
9.37274
24.7411
37.001
44.2607
48.0501
49.7901
49.8515
47.7148
42.8524
34.9091
24.9708
18.1728
13.9238
14.4926
9.42434
10.6156
10.1991
3.29509
2.06489
8.22226
23.1031
25.6335
25.5364
26.3248
27.6871
31.0214
34.2886
37.2494
39.7694
41.473
42.3449
41.7696
40.2469
37.6626
34.8743
30.5319
24.2669
15.1733
12.1584
18.6971
26.4269
31.9407
35.2155
36.4987
35.9594
33.5203
29.1948
23.0431
14.294
4.0195
-0.316562
8.41232
15.7403
18.0348
15.0224
7.52426
-2.6561
-6.89554
-7.10859
-7.22142
-6.87411
-5.58255
-6.66452
-7.20549
-7.93953
-11.3605
-16.7935
-20.9377
-24.4483
-25.5759
-22.4782
-18.3716
-15.2477
-14.0506
-15.508
-17.5046
-18.6564
-18.5113
-16.6855
-15.5921
-17.1471
-20.1918
-24.3173
-28.0867
-32.1074
-29.9363
-28.0245
-26.3423
-27.835
-28.3763
-28.7702
-30.5896
-32.175
-32.94
-28.0627
-21.3842
-16.7327
-14.8781
-13.7452
-12.6867
-11.5689
-11.9771
-13.9592
-18.0141
-24.1972
-32.1684
-35.6722
-25.6659
-18.8232
-16.7147
-18.1453
-21.3955
-20.9745
-18.2543
-11.6658
-14.5178
-17.0185
-11.368
-4.33801
18.3748
25.3484
32.2049
37.9676
43.2855
48.339
52.4102
54.1701
53.5132
50.9623
46.9128
42.9821
41.8024
43.385
45.2239
46.1278
46.1731
46.1452
46.6419
47.051
46.1756
44.2165
41.539
38.9899
37.3986
36.435
35.9022
35.8586
33.9261
29.6454
23.6025
16.5311
16.5693
21.7766
30.885
37.1285
41.1757
43.4607
44.0854
42.9499
40.0753
34.4588
26.744
16.7822
11.9747
14.9445
15.2247
10.4533
-1.14048
-5.51167
9.53052
17.8084
20.7481
19.4824
13.4067
2.89383
-9.74501
-11.4917
-9.32404
-8.18785
-9.43477
-9.72858
-11.9038
-14.8724
-19.0703
-26.337
-31.4123
-33.8731
-30.7392
-25.9846
-22.6875
-21.0154
-20.3267
-19.7768
-20.2352
-23.0603
-21.5295
-20.1492
-20.5136
-22.3653
-25.4882
-29.4632
-31.9959
-30.72
-30.2142
-31.5007
-35.0459
-42.493
-38.4954
-36.206
-33.7775
-32.9787
-31.7161
-28.4993
-25.4602
-23.4686
-20.239
-17.1685
-15.9394
-15.3338
-17.2276
-18.707
-19.5454
-19.9355
-21.0188
-21.4394
-20.6793
-20.8246
-22.8404
-26.7091
-28.129
-30.2963
-31.0286
-21.7409
-11.5962
-3.92089
2.31066
5.94449
16.9874
23.9413
31.6126
34.5845
35.0812
38.0192
42.6495
46.6748
48.8287
49.0102
48.4355
47.5601
46.1582
44.5228
42.6165
40.7516
38.9453
37.4045
35.7583
33.6855
28.6281
20.3653
15.5376
4.26989
-0.235248
9.69342
-0.596271
8.8346
13.6877
21.0988
28.9516
35.9973
41.0156
45.2981
47.1296
46.6145
44.0094
39.5067
34.1188
27.7617
19.4805
13.8721
14.7575
16.2189
18.7441
20.1862
18.4777
12.9579
3.57736
-6.99522
-2.36379
3.34962
5.54029
2.29
-3.36383
-13.2668
-21.1909
-23.9261
-21.3603
-20.1602
-16.4898
-18.5018
-19.2302
-19.9214
-21.2465
-25.422
-30.4977
-32.0856
-26.2962
-23.8405
-24.4729
-24.7668
-20.9519
-19.248
-19.9107
-24.8363
-33.8394
-39.2451
-37.9735
-44.3648
-39.6482
-34.7861
-30.8848
-30.2208
-29.3628
-32.5284
-34.8344
-38.9337
-39.513
-36.6221
-34.2099
-33.33
-33.7558
-33.293
-31.2044
-28.8811
-29.8106
-31.6839
-33.2309
-27.3716
-26.5863
-25.6681
-25.498
-25.5891
-27.7189
-28.2525
-29.5158
-32.0516
-34.278
-32.3999
-31.6598
-29.7007
-31.4212
-19.9969
-15.4918
-13.6161
-13.0679
0.200383
16.7804
31.4346
44.8151
53.5072
58.0289
58.9522
56.4866
50.8934
42.6749
34.2757
27.3596
22.4375
14.366
13.2724
5.13536
3.93254
1.21999
6.59138
7.31524
15.4905
14.6508
14.0768
20.3164
28.6301
36.0484
41.8315
45.0482
47.5724
48.6186
48.9828
48.5685
47.3296
45.2487
40.611
33.5316
24.2999
14.7046
8.67879
5.37125
12.5206
18.0131
19.9563
20.3114
16.4561
12.0366
8.64228
6.54897
2.13139
-7.84141
-10.6075
2.00289
8.42537
10.5558
7.40626
0.847839
-6.87245
-13.395
-16.2839
-15.1092
-13.9634
-15.2513
-20.6576
-24.4196
-22.8298
-22.1628
-24.123
-27.7333
-31.3531
-31.9579
-29.6679
-28.2697
-26.6632
-24.144
-22.9608
-23.0478
-24.8242
-28.2274
-26.971
-25.5093
-26.9868
-28.9493
-30.1934
-28.7636
-30.5149
-30.9667
-35.1077
-32.1668
-29.9125
-26.2887
-25.1644
-25.793
-27.0462
-28.6922
-30.6294
-30.1223
-28.4771
-27.0536
-27.6335
-28.0273
-26.0949
-24.1025
-24.3068
-27.3978
-33.4822
-34.543
-29.6731
-25.5745
-24.9312
-27.333
-30.9209
-29.2374
-25.3345
-24.7851
-15.7065
-18.3706
-18.5862
-12.6001
-2.16997
22.3846
37.1482
47.2389
53.8238
58.6655
62.5888
65.7996
67.2885
66.6751
64.3435
61.0653
58.0069
57.6888
59.9352
62.0295
62.8384
62.3892
61.438
60.6264
59.9365
58.993
57.6473
56.2073
54.7005
53.3904
52.3383
51.0702
48.9782
45.3469
39.2139
29.4859
22.0506
21.3448
24.9099
28.2609
29.4223
29.6993
28.2737
25.3335
21.8445
18.2935
18.1453
21.7123
25.1608
26.6996
24.7526
19.4522
10.1182
-5.46479
-5.18703
6.72738
14.2678
16.3847
14.1874
7.26857
-3.57723
-14.8671
-24.1712
-21.9756
-16.8573
-13.9241
-15.298
-17.1459
-19.8558
-23.1943
-27.1909
-28.0091
-28.3529
-27.8333
-30.4918
-30.9617
-29.5503
-26.9676
-27.3992
-24.6861
-23.6596
-24.9615
-26.8947
-27.257
-29.278
-29.2486
-28.1489
-28.0107
-29.1155
-27.7905
-21.7827
-18.66
-18.1479
-21.2161
-26.3693
-31.497
-32.2818
-31.5955
-30.3684
-31.7017
-32.292
-34.9648
-29.4778
-30.5909
-26.8675
-29.0874
-29.866
-32.2074
-33.6573
-34.041
-28.2643
-23.7161
-22.526
-26.2604
-32.2002
-36.4816
-32.2784
-33.9638
-13.76
-10.3276
-9.12219
-7.52856
2.74482
19.077
32.4495
42.0844
48.3584
51.3102
52.99
55.9422
59.8898
63.0835
65.172
66.1853
66.4269
66.0359
65.5255
64.4962
62.5088
59.7746
56.6515
53.3381
50.0732
46.049
41.5558
35.7331
29.986
21.906
17.9429
17.325
23.8658
34.1895
42.0629
46.3868
47.8323
46.6301
44.1594
40.1747
34.8716
28.8454
23.2382
19.8696
28.3276
35.861
39.582
40.1743
37.2529
32.0831
26.4109
20.8253
13.1805
1.98793
-5.75704
2.60244
8.44754
10.8725
9.26725
5.61749
-0.107129
-7.68404
-13.6876
-13.9864
-12.7943
-12.9078
-17.9434
-24.1966
-27.3452
-21.9231
-17.7525
-17.2048
-20.1225
-23.1761
-24.8659
-26.6803
-29.2446
-30.4612
-30.9704
-28.6436
-27.3963
-27.8985
-28.0887
-29.2021
-32.0631
-30.7297
-28.3858
-27.6959
-28.8151
-26.7784
-22.0702
-18.3027
-19.0453
-22.6806
-26.9124
-26.8039
-24.77
-25.2024
-27.9511
-28.5248
-25.69
-23.654
-24.2144
-28.1337
-33.089
-39.1635
-38.4624
-37.5182
-38.8858
-38.3916
-31.3228
-25.1871
-21.7814
-21.7528
-23.7483
-26.195
-28.0492
-32.2292
-19.593
-21.4688
-27.0357
-24.3891
-0.0288528
7.73299
33.7065
49.252
59.0553
64.4756
66.6482
65.9815
62.7459
58.2499
54.1569
50.0103
43.1417
35.384
31.487
30.8657
27.9639
22.1096
15.2385
15.2681
24.5701
29.286
34.2134
37.9763
42.7804
48.5106
53.191
56.2819
57.6924
57.4756
56.0428
53.9061
51.0828
46.7377
39.8699
33.7562
39.0695
46.0306
50.764
52.9428
52.9014
50.6188
45.885
38.5136
29.8644
20.2541
11.706
3.29041
-6.86517
-10.2963
-6.55002
7.81301
15.4313
17.8107
15.7836
9.34572
0.674773
-5.29481
-8.94958
-14.0812
-20.4819
-22.3372
-25.0983
-28.8552
-28.2817
-25.2407
-22.253
-20.4299
-22.0837
-26.3786
-34.7652
-42.4167
-40.4541
-37.6498
-31.3184
-25.9402
-24.3729
-25.1191
-25.2487
-25.325
-28.2463
-33.0501
-40.2493
-41.1881
-45.3692
-39.3929
-35.4965
-33.8469
-31.742
-30.2659
-28.4283
-26.228
-23.2894
-22.3123
-23.5797
-27.6394
-29.8855
-27.5479
-22.7761
-21.9721
-23.873
-29.0295
-36.1091
-39.6894
-35.3989
-32.9987
-31.7075
-32.238
-33.3331
-31.277
-29.3304
-29.799
-31.5816
-34.9627
-20.7154
-19.99
-19.4559
-16.1795
-12.3855
16.2604
32.1733
43.3181
51.7697
59.0606
65.3316
69.7551
71.8023
71.733
70.8667
69.6533
66.9772
63.4041
63.5897
66.8088
68.8879
68.6914
66.479
63.2033
60.4676
58.7351
57.6254
56.5553
56.0851
56.3841
56.7027
56.0088
54.024
49.8566
42.9418
33.6439
38.3893
50.1303
57.9727
62.5081
64.141
63.4345
60.5946
56.3521
51.2421
44.7669
37.0566
32.9276
31.1271
28.1101
22.056
13.273
5.18091
-0.437603
-4.78971
7.92021
15.5719
17.9794
15.6221
9.41387
2.28261
0.571559
2.37073
3.48544
1.83574
-2.56904
-8.56247
-12.8241
-15.8312
-17.4335
-18.0508
-19.4643
-22.6691
-25.4556
-24.3407
-22.6014
-23.7097
-27.3606
-31.3455
-29.0093
-28.293
-28.0674
-27.2237
-28.0015
-29.9575
-32.0092
-34.3686
-33.9399
-32.0917
-29.9506
-30.63
-30.4966
-33.6899
-36.2149
-36.6279
-36.2394
-36.2909
-35.8644
-31.1815
-27.1332
-26.5172
-27.6515
-29.4207
-29.5656
-28.5791
-31.6978
-33.2044
-35.5912
-33.5692
-31.6404
-30.9014
-32.2678
-33.2489
-32.9405
-32.8579
-32.3132
-30.3396
-31.3925
-23.2599
-19.1302
-18.8468
-15.6296
-3.53884
9.85805
25.9495
38.7994
47.8122
52.3728
54.1582
55.8198
60.9681
67.1575
71.6133
73.4626
73.1425
71.5823
69.9614
68.5652
66.7669
64.43
60.97
55.9775
51.7296
48.7061
44.7515
39.7128
39.3413
45.9754
55.1064
63.0442
69.2517
73.1816
75.1006
75.0223
73.3149
70.3214
66.657
62.9103
59.5933
60.4937
64.6852
67.2218
66.9178
64.1189
59.4362
53.1547
45.6401
39.6687
36.4338
30.4085
19.684
2.56988
-3.38852
4.20006
10.3703
12.7702
11.3683
7.63166
3.38634
2.48414
4.46155
6.3751
7.08438
6.91474
6.19526
4.04206
-0.213721
-6.36001
-12.2974
-14.5365
-16.478
-17.9296
-17.6672
-17.2015
-19.0706
-23.6592
-31.0129
-32.0714
-34.2221
-32.3316
-27.6754
-24.2085
-23.8169
-23.3747
-23.1485
-23.9611
-26.7595
-28.8179
-28.9977
-27.3891
-26.8708
-28.6431
-32.1081
-36.3238
-38.2195
-37.8215
-31.7795
-25.9086
-23.7299
-24.5228
-25.1269
-25.5575
-24.8728
-27.5024
-30.4106
-31.0037
-29.4461
-29.1376
-31.0057
-33.9026
-33.3165
-30.5649
-29.8014
-30.6173
-30.335
-32.7817
-30.3504
-32.8817
-33.382
-20.307
-9.17966
10.3698
27.4569
41.2781
51.9773
58.9803
62.8002
64.0216
63.0847
61.124
59.4758
58.4434
56.6267
54.4019
53.5315
54.396
55.2062
55.0207
57.5721
65.3362
72.5654
77.0642
78.9871
79.2199
79.443
80.7792
82.7431
84.2609
84.6753
83.401
79.8267
74.0196
66.6256
62.5778
68.4057
76.6238
82.264
84.9408
85.0116
82.6922
77.9674
70.7901
63.1759
61.4595
62.172
59.6337
52.7127
41.0284
22.588
-7.30862
-2.34597
8.85555
16.7079
20.2225
19.4505
15.0669
10.0218
7.70497
6.00254
2.64546
-0.804547
-2.59177
-3.60049
-3.46846
-4.27255
-7.15439
-10.1559
-11.3102
-13.0858
-16.8192
-20.1219
-20.2869
-21.2491
-23.9824
-28.0688
-29.9864
-33.8432
-36.027
-34.3184
-31.8016
-29.738
-28.4644
-27.8705
-26.2027
-25.4157
-25.8834
-26.7942
-27.2088
-28.7259
-32.2691
-34.1803
-32.5175
-30.9947
-31.1325
-30.9814
-29.9542
-30.2016
-31.8588
-32.0293
-31.2806
-31.0636
-35.4254
-38.7924
-38.1045
-34.3657
-33.3879
-32.2632
-31.5735
-30.5659
-28.623
-26.1942
-25.795
-27.2462
-32.4388
-28.5762
-31.2529
-38.6091
-23.2266
1.36668
13.2173
23.8752
33.7934
41.6641
48.8966
54.7793
62.8423
70.5408
75.322
76.737
75.2526
73.2228
73.8487
76.3587
78.473
79.3954
79.2647
78.9005
79.349
80.351
80.7648
80.0699
78.3122
75.6219
71.9232
66.7257
61.1926
57.9824
59.9479
65.1502
69.9504
74.8277
79.4398
83.0957
84.7924
84.0103
80.4718
73.7063
63.9599
62.6107
69.8389
74.45
75.6202
73.2612
67.3809
58.4472
48.1639
37.2965
23.5772
3.81283
2.38222
6.88621
8.31422
7.2616
5.6823
3.66632
1.66835
1.74259
3.26203
2.70746
-0.663347
-5.71432
-7.28172
-7.00548
-9.31758
-14.5477
-18.828
-19.788
-20.2539
-23.7074
-27.8505
-27.9727
-26.2939
-26.7614
-26.3712
-26.0255
-27.0484
-29.2949
-32.143
-37.2608
-36.5249
-33.7868
-29.4922
-26.5332
-25.3623
-25.4812
-25.3774
-25.8701
-27.5899
-30.6712
-35.433
-40.6734
-44.5159
-40.7441
-33.7906
-29.3332
-27.8932
-28.6201
-31.2198
-32.0241
-35.6739
-34.7369
-33.9215
-33.8586
-34.1748
-29.5237
-25.6927
-24.0266
-25.4029
-28.764
-34.0314
-34.9174
-35.585
-30.6187
-30.2495
-28.7466
-23.6532
-3.14909
11.177
24.6904
34.3374
41.5824
47.4131
51.7829
54.547
56.5712
59.8308
64.1151
67.5294
68.9869
68.5258
66.9165
64.8035
61.6554
56.3313
50.8526
49.3054
48.4128
47.1957
46.9372
47.9522
50.1295
54.8441
61.2381
67.9896
74.1995
79.3853
82.7649
83.8627
82.7617
79.7406
74.8493
67.6992
58.5074
54.9905
59.723
65.0445
68.9296
71.2677
71.8925
71.4865
71.2516
70.478
67.3164
60.0684
47.2062
27.4291
11.7482
7.58648
7.36863
7.94794
6.83462
5.68526
6.36661
9.59867
13.2323
14.7508
13.271
9.01376
3.81967
1.60039
-0.649691
-5.06397
-10.7482
-14.3781
-15.2502
-14.0914
-13.9356
-16.4067
-21.642
-26.6824
-30.2147
-27.5875
-27.8581
-30.1684
-30.4332
-29.3999
-30.5102
-33.6702
-36.7817
-36.1023
-33.6834
-31.4533
-28.7265
-25.0394
-23.6232
-25.0261
-30.4864
-36.1908
-34.9722
-32.6898
-31.234
-29.0747
-26.2291
-25.6869
-27.5082
-32.7513
-35.7691
-33.1703
-27.4515
-23.9035
-24.5761
-28.3522
-30.9427
-29.41
-28.1992
-26.0342
-23.6106
-22.9848
-25.3892
-28.8105
-24.7216
-24.6679
-26.0041
-20.9149
-3.46638
11.9504
22.034
30.4581
39.1582
45.7028
50.0404
54.3536
59.1455
63.0155
64.8871
64.3709
61.6441
58.9287
60.9007
64.8017
66.7336
66.6624
67.0434
69.6679
72.2196
73.0867
72.6249
71.4621
69.5773
67.3434
65.8619
66.2362
67.4918
67.4441
64.7735
59.3917
51.8693
45.097
42.8313
43.2373
45.3191
48.1134
51.2859
55.6669
60.4074
65.5022
70.1386
73.0471
73.0988
70.0342
64.1773
56.91
48.8211
37.686
22.2099
12.7459
11.8717
12.4925
10.5484
6.75196
4.72236
4.24189
3.30863
0.950766
-0.589547
0.750489
1.23598
0.358384
-2.56768
-7.21658
-12.0741
-15.0202
-16.6743
-19.2209
-21.3114
-19.6744
-18.9887
-21.4905
-23.9269
-20.1139
-17.991
-18.6927
-21.3845
-22.3984
-22.66
-24.9503
-29.0411
-31.0702
-31.3629
-28.8512
-27.5984
-26.6981
-26.5314
-25.9473
-27.2415
-30.8104
-31.221
-26.0159
-22.9109
-23.6602
-27.2138
-29.6885
-29.9867
-31.8764
-32.3885
-31.7861
-29.2884
-28.0919
-28.1429
-30.4774
-33.285
-36.7381
-35.009
-29.4839
-25.6789
-24.7369
-26.2122
-28.3961
-31.2275
-32.5061
-31.4645
-18.1144
7.35846
21.8354
32.2836
40.7815
48.9326
54.4237
56.3785
56.6579
60.3911
67.3042
72.9767
76.1936
77.0782
76.2767
74.7036
72.6442
69.6832
65.4502
61.0749
59.8154
60.2694
59.3586
55.8526
50.5779
44.89
38.2841
34.7762
36.7463
39.4531
44.9298
50.2372
53.2391
53.5532
51.8601
48.5424
46.4197
50.5739
57.3024
63.2025
67.2206
68.9717
67.9731
64.101
57.4057
51.3889
51.0251
51.1598
48.1341
41.6226
31.7534
19.147
11.5722
17.9144
21.4968
21.1819
18.3764
16.4851
16.6413
15.9784
15.012
15.125
14.7942
12.9914
9.41239
4.94916
2.24841
-0.140798
-3.54097
-7.34815
-10.1325
-14.12
-16.875
-16.3762
-16.615
-19.8664
-22.4972
-20.9821
-20.3781
-20.3081
-21.245
-23.2053
-26.4962
-30.8709
-34.5192
-32.7828
-29.8146
-29.3823
-30.2529
-29.9039
-28.5377
-28.252
-31.0186
-34.8316
-35.3653
-33.7193
-34.4522
-37.8232
-40.3111
-36.7002
-35.553
-32.9404
-32.7108
-32.7677
-32.0674
-30.2729
-28.8347
-28.5665
-30.102
-32.7638
-34.6243
-32.1562
-29.2673
-27.6908
-29.9299
-26.5507
-24.4073
-23.8614
-13.9657
2.56194
19.6568
29.2391
36.6079
43.8687
49.554
53.3854
55.1354
54.8461
52.7848
50.0075
48.1095
48.4829
49.7815
49.196
45.8552
39.0634
33.5331
35.5817
43.7676
50.1047
52.7469
52.9226
52.3961
52.265
51.5718
49.5557
46.2689
42.0878
38.3617
36.4011
35.2617
35.6104
39.9564
46.9934
53.4165
57.3773
58.8419
58.2466
56.048
52.0747
47.0798
41.973
39.3679
43.219
47.5363
48.2299
44.4441
35.4794
21.8804
10.0577
18.403
26.0694
29.255
28.8493
27.3342
27.4739
28.6226
29.4097
29.374
27.82
24.1939
18.9193
13.331
9.11109
8.12665
7.53087
4.26774
-1.58226
-7.51951
-10.9561
-12.1707
-12.9694
-14.7664
-16.2184
-14.4675
-12.4426
-12.966
-15.483
-19.3854
-23.2308
-25.7845
-26.4481
-25.4092
-25.0869
-24.7798
-23.6558
-22.8594
-23.6306
-25.2196
-26.5948
-27.1399
-27.3952
-28.3335
-30.8061
-35.4078
-39.9341
-38.4627
-32.0294
-28.6051
-27.1581
-29.0712
-31.8975
-32.3261
-29.8232
-26.9176
-25.0434
-24.4249
-24.974
-27.2077
-30.9996
-33.3827
-32.7832
-34.4765
-30.6757
-28.8727
-26.7362
-18.8644
-5.17208
3.44583
16.1818
27.198
35.2784
39.3022
42.2626
46.8002
51.9392
54.9985
55.992
55.6994
54.9331
52.567
47.557
38.6637
27.1902
25.2537
34.2728
41.5049
45.8876
47.4242
46.6401
44.2056
40.2194
35.4521
30.4882
30.3429
34.9069
38.8851
41.2054
41.4263
39.3416
37.7863
38.4089
38.7143
38.4139
40.4982
43.9129
45.8873
44.823
42.1892
41.4796
44.3466
46.521
45.8009
41.5913
34.0097
24.3011
13.402
6.99204
14.0595
21.1947
26.094
29.1804
31.4119
32.8315
34.2058
36.4086
37.6743
36.1232
30.9337
22.8189
14.2366
7.01591
2.98572
1.88767
0.638235
-1.76126
-5.78247
-11.1523
-13.0988
-12.0047
-11.7453
-14.3209
-19.2726
-24.187
-23.4727
-23.3016
-25.4162
-31.7711
-35.7311
-36.3383
-35.4164
-36.0097
-30.5371
-24.2807
-21.1171
-22.351
-27.2207
-32.3471
-30.5845
-26.4141
-24.6434
-25.3689
-27.5663
-28.7974
-26.6635
-24.0679
-25.0147
-28.4774
-34.4593
-37.6698
-37.8289
-30.6342
-25.7912
-24.6022
-26.581
-28.4957
-29.2665
-30.1219
-33.0176
-34.2557
-36.9562
-28.949
-25.5443
-22.0013
-19.3069
-9.37812
5.32355
13.6724
24.2746
32.5748
38.3779
41.0475
40.6334
37.8687
34.6047
34.7566
38.1339
40.3435
40.0277
36.2668
29.5598
19.7596
13.4157
16.4161
23.1565
29.7234
32.1192
31.9708
30.7994
28.7995
26.1682
24.8332
28.8108
34.0987
37.1363
37.2087
33.9268
27.2894
20.2113
20.6576
24.9339
27.3108
29.0865
30.2884
31.956
34.3785
37.188
39.9256
40.8898
39.2664
34.686
27.5801
20.172
12.446
5.6017
4.84867
16.0618
23.3525
26.7624
28.4155
30.7034
33.1874
33.8494
31.9767
27.6846
21.8579
15.3831
9.99363
8.2782
6.59145
2.93709
-3.48162
-10.408
-13.0437
-15.0103
-17.5753
-17.6556
-15.744
-15.9977
-19.8932
-24.8998
-26.6374
-26.7531
-26.8357
-28.426
-29.0988
-27.2132
-26.2823
-27.9497
-31.8615
-32.9894
-32.4088
-28.8144
-27.0825
-27.4012
-30.2349
-32.5799
-31.4004
-29.946
-29.9281
-27.4034
-23.8037
-22.7972
-24.2229
-27.7354
-29.9095
-33.7625
-34.4677
-33.2154
-30.77
-30.353
-31.577
-32.5478
-30.4934
-27.5426
-24.5958
-23.5232
-24.7695
-26.7846
-26.7959
-25.6529
-25.8241
-25.6916
-7.29292
3.22192
8.03288
11.092
11.5106
12.2152
18.12
26.4319
32.6338
35.9218
36.8905
36.2784
35.0833
32.5356
28.6974
25.2535
20.8814
18.1359
20.5535
25.774
29.0651
28.949
26.7648
24.3123
20.5324
17.073
12.0253
6.55806
10.4599
12.2988
16.1047
19.9406
19.7229
18.4705
16.2196
15.8699
17.1819
22.7985
27.6158
31.3292
31.5651
29.4042
24.978
20.3604
18.9473
17.9918
14.2416
8.6206
1.48451
-8.28214
0.0626502
12.9745
19.6953
22.1897
21.5631
19.4829
17.4456
15.1182
12.1868
9.93456
9.03799
8.58104
6.74335
4.08
1.31595
-1.75753
-6.50149
-13.1256
-15.2235
-13.5791
-13.4224
-14.9126
-16.8699
-17.7712
-17.3453
-16.6871
-18.161
-21.1743
-24.477
-27.9623
-31.1765
-30.7318
-30.4606
-30.1981
-29.8814
-27.923
-27.4814
-27.9151
-26.3098
-21.4539
-17.9208
-17.7542
-21.0722
-27.7356
-31.5158
-27.7322
-24.9975
-25.3403
-28.3395
-34.7215
-36.3717
-34.4981
-33.4137
-33.9528
-34.6087
-33.9171
-31.5518
-30.7837
-31.8663
-31.5095
-29.0048
-27.5154
-28.11
-31.5552
-25.7549
-26.5284
-27.4497
-24.2981
-12.1236
-0.144201
4.15849
7.86347
8.32107
7.75739
12.1858
14.4953
14.9384
15.6536
21.1451
25.7489
28.0787
27.18
23.0637
16.9233
9.84031
3.6561
-0.216188
5.72958
13.6109
15.6607
11.8981
12.5633
13.0678
13.7224
10.4643
4.2785
2.61375
2.89642
5.73806
9.06415
2.69085
2.80049
5.51696
10.3216
12.2358
13.7537
11.8015
10.9686
3.58984
-1.39241
-0.510881
2.01037
4.2629
5.34411
4.75838
2.5537
-4.09523
-12.7307
0.0994513
12.6923
19.5103
21.778
20.3652
16.6304
13.3754
11.7706
9.78891
6.12926
3.05219
2.45113
1.64301
0.11489
-2.15211
-5.30024
-9.54993
-14.4656
-17.8753
-18.9586
-19.8122
-21.152
-22.5753
-24.2273
-25.3185
-24.3604
-22.4263
-21.9364
-23.1455
-26.3206
-32.1808
-35.6062
-35.4052
-34.1519
-33.7869
-31.1407
-29.3221
-28.7982
-30.6149
-32.7273
-31.0541
-30.1169
-32.2894
-36.3965
-34.4068
-27.643
-23.3037
-22.9164
-26.0381
-31.3123
-34.086
-31.9474
-29.7001
-30.9751
-33.5548
-34.3946
-28.5402
-24.3029
-23.2342
-25.8424
-29.523
-30.5858
-29.5489
-29.1581
-32.5228
-26.4514
-23.7337
-19.1681
-9.6455
-1.33152
2.28291
6.61323
7.71329
7.5721
11.5527
13.9149
14.5594
12.8684
11.6736
9.00169
10.3153
10.841
5.56937
5.30815
5.60376
7.07479
6.64446
8.57139
14.4519
13.7151
9.10713
9.51019
8.35413
9.50826
7.17953
3.41694
6.34372
5.68649
8.9883
12.4585
9.31788
5.73797
1.41744
-0.137862
-3.08657
3.62574
6.16422
11.5944
6.87627
3.0649
4.29789
6.73936
6.03289
3.65042
1.47102
0.395642
-3.32879
-9.75101
1.40504
13.7012
20.2906
22.3098
20.9601
17.5255
13.9105
10.2806
6.51548
2.87122
1.1102
1.61205
2.36861
2.14372
1.27965
-0.492329
-3.71302
-8.83036
-14.1832
-15.3331
-12.7256
-11.6694
-13.6052
-18.4108
-26.0244
-27.1296
-25.3968
-24.3372
-25.5053
-29.3577
-33.4413
-32.9684
-32.3281
-33.8584
-35.4598
-30.931
-27.2619
-26.365
-29.4319
-34.9152
-38.9435
-38.0525
-31.9612
-26.3406
-23.236
-22.7902
-24.4441
-26.6754
-28.688
-31.4188
-32.069
-31.1378
-27.829
-27.2723
-29.9423
-34.08
-33.8834
-30.4297
-27.305
-25.8934
-25.5962
-25.729
-24.8675
-22.3848
-24.0135
-23.3234
-23.6898
-19.2344
-7.68924
2.92909
8.037
10.6931
9.80475
8.26385
10.0865
10.7856
11.0689
6.69206
5.08123
4.31336
10.2229
9.63809
4.47825
1.26612
-4.38678
-1.74864
-6.00208
-1.97729
7.76665
7.29072
-2.86175
1.1604
-2.6176
4.63606
7.62701
7.80811
8.18524
4.73462
3.95987
6.76687
-2.18185
-7.96581
-8.97152
-1.82281
-6.57582
-1.63095
-4.94468
4.47399
0.256035
-1.19794
-0.281732
-1.07606
-5.07673
-9.26418
-9.29743
-8.06429
-13.279
-10.536
3.55674
16.9458
23.745
25.9439
24.6497
22.1171
20.7765
19.7115
18.027
16.9258
16.8267
16.2797
14.2241
10.5426
6.4465
3.68206
1.17547
-0.747246
-1.67413
-3.08106
-6.10822
-10.8502
-17.0126
-23.4305
-27.1484
-27.545
-27.4211
-26.7755
-25.6998
-26.2476
-28.4643
-27.9169
-24.8589
-23.115
-24.1384
-27.3274
-31.9228
-33.35
-36.1871
-33.6027
-30.7863
-30.26
-30.2098
-27.6195
-24.2597
-23.717
-26.0821
-30.7071
-32.9196
-32.3432
-29.0633
-27.6258
-26.9194
-26.0024
-24.9422
-24.9514
-26.7919
-29.3898
-30.4268
-29.7371
-29.7309
-29.5895
-29.5256
-29.9468
-24.9593
-25.2281
-27.066
-23.7137
-3.62352
8.72808
14.1694
15.8475
13.7362
7.94386
5.82044
8.90394
14.9205
18.3043
20.1337
19.7449
18.4183
15.7178
11.4555
10.7939
9.75131
8.35731
4.78538
5.60671
11.264
10.0362
2.76834
2.56075
-2.08744
0.995449
-5.88213
-10.3452
-0.969608
-3.81516
-0.748098
5.69591
-0.571357
-2.28833
-2.58927
1.22567
-3.14021
-1.89368
-8.29669
2.88486
-3.70316
-3.9915
-2.5429
-1.13574
-0.60591
-1.29471
-3.25844
-6.45331
-13.5622
-8.32121
7.40186
20.4262
26.8203
28.5021
27.3287
26.0161
25.6006
24.8985
25.15
25.9459
24.7394
20.4954
15.3018
12.1865
9.6135
6.407
4.86987
5.22948
5.74617
5.5728
3.35431
-1.48776
-6.84783
-9.77945
-12.7974
-17.9733
-23.2422
-24.4815
-25.3708
-26.3457
-26.1254
-25.9042
-25.9684
-25.4338
-25.1045
-25.6026
-27.4324
-29.9514
-31.4276
-32.2974
-32.6963
-33.1646
-34.1975
-34.1119
-33.3607
-32.9456
-33.0475
-34.2052
-36.6406
-38.9471
-35.3386
-31.7075
-28.0676
-25.6931
-23.5014
-21.9398
-22.4585
-25.1905
-27.566
-27.7426
-27.5512
-29.2359
-30.2571
-32.0389
-28.3298
-27.5778
-27.9199
-19.3167
2.31596
14.305
20.1954
21.3758
17.7817
9.99611
5.00026
5.15753
9.55556
11.3126
13.9501
14.7941
16.2642
13.1318
6.69225
2.95464
3.24999
5.92409
4.98649
6.88621
12.8944
13.1475
12.3346
15.2707
16.107
15.5902
10.9252
3.04414
-0.755655
-2.74155
0.797618
5.72274
2.47425
2.70449
2.79833
3.797
-0.832181
0.355057
-0.582363
5.31024
-0.217342
-4.16221
-4.14191
-0.127585
1.37466
0.162835
-3.60544
-7.53489
-13.2277
-5.15188
17.5117
33.0131
41.7461
45.3684
45.03
41.7479
37.2568
32.881
28.1659
23.9927
20.2154
16.105
13.3527
14.3963
17.0124
19.1183
19.8163
19.2163
17.2403
13.1135
6.06783
-2.39774
-6.6207
-8.27164
-11.3026
-14.5436
-16.6843
-19.1412
-22.5957
-25.6307
-24.7636
-19.8142
-16.1022
-15.4404
-18.2361
-24.2935
-30.5851
-32.1857
-32.7411
-32.1003
-28.9961
-25.3314
-23.5279
-23.6939
-23.9849
-23.5926
-24.1215
-26.2612
-28.3766
-30.066
-30.2674
-30.7555
-29.9519
-29.6557
-30.9168
-31.497
-30.0382
-27.9282
-25.3327
-23.1495
-22.9737
-25.052
-26.7611
-26.4263
-31.3769
-31.289
-34.2739
-12.8708
4.23573
16.3195
22.2247
23.4834
20.1617
12.3233
5.53355
6.64279
10.7083
11.5981
14.512
15.9498
17.9545
16.672
11.3507
6.23507
4.73627
7.24338
7.25255
8.4553
11.9132
10.9929
6.81483
7.48912
5.84689
6.53204
4.37316
2.27756
5.60969
6.37923
7.99962
8.70085
2.51476
-0.925754
-2.08534
1.02584
-4.48489
-3.66034
-7.37943
2.81078
-3.82437
-6.56823
-5.71999
-4.73546
-5.23487
-4.9656
-5.68181
-8.31166
-13.4626
-7.27318
15.2735
30.9019
40.5876
44.768
44.3284
39.8372
33.613
31.0627
29.9444
27.0448
22.0379
16.5077
14.0746
15.2777
16.4348
15.6421
12.0463
5.44597
-2.22885
-8.58586
-12.7991
-13.4031
-14.2207
-17.7233
-21.4607
-20.7062
-19.4159
-21.0051
-22.9757
-23.8571
-25.3661
-25.1127
-23.6765
-22.9251
-23.4598
-24.443
-25.9789
-27.4269
-29.3778
-31.8317
-32.8325
-31.7525
-29.3725
-27.2822
-25.3813
-23.7286
-22.7891
-23.1781
-24.0193
-25.9201
-28.256
-32.0523
-29.7653
-25.1881
-22.7361
-23.2861
-25.734
-28.9454
-30.0714
-28.742
-27.2667
-26.6813
-24.8253
-22.8094
-33.2433
-35.7849
-36.1356
-12.823
5.25604
17.3056
23.3488
24.8822
22.0516
14.9346
11.06
13.7968
16.4984
16.4939
15.3956
14.0261
14.8643
14.6561
11.5702
8.76872
6.12076
5.47113
0.495932
-1.46362
5.11582
5.30286
-3.27585
1.18718
1.1403
4.88556
4.5601
1.50953
0.679598
0.0817622
4.12743
7.72445
2.91222
-0.771622
-1.79585
3.63181
3.33791
4.21011
0.475276
3.57018
-2.21696
-4.98391
-5.27479
-5.17433
-6.03722
-6.17436
-6.44607
-7.90675
-13.263
-9.74841
6.65648
23.5439
35.6311
42.7948
45.3736
43.6958
38.1834
33.0137
34.3197
35.4239
32.9571
26.3965
17.1883
12.8087
13.4206
13.5839
11.2396
6.74842
2.04946
-1.41563
-3.17158
-5.37147
-8.82707
-12.2188
-14.8427
-17.9233
-21.6397
-22.5894
-21.9161
-23.2148
-26.4971
-28.6877
-28.6976
-26.8978
-24.7737
-24.0914
-25.8599
-28.8942
-30.4739
-30.507
-31.3507
-32.6369
-33.2009
-34.0844
-35.6275
-34.9587
-31.9157
-30.088
-29.8448
-33.0187
-35.5318
-36.5092
-33.2399
-29.8078
-28.7549
-30.1834
-30.4049
-27.2159
-24.6285
-24.6763
-26.1251
-26.8109
-25.44
-24.0127
-27.3788
-30.2028
-33.1492
-17.3192
5.75486
18.0778
23.8906
24.8963
21.3103
14.4363
13.4911
18.4111
22.961
25.1857
26.6848
26.5522
25.6267
22.123
16.67
11.2009
8.33321
8.75191
6.37399
3.96234
6.93781
5.61503
-1.20747
1.77438
0.365567
3.98113
4.34086
2.51468
4.07353
3.78013
6.05808
8.36592
5.85677
7.46737
8.83961
8.47776
3.87064
-0.147137
-3.14308
4.5485
-1.47566
-3.86743
-4.72127
-3.66949
-3.87795
-4.74796
-6.36043
-7.83204
-11.4204
-10.2921
4.98717
24.1649
38.473
47.4732
51.222
50.3516
45.0024
36.6569
32.6099
31.3762
28.095
22.6824
18.2622
16.0131
14.7612
14.4395
13.7326
11.9008
9.08344
5.09625
0.144523
-3.97209
-4.18752
-2.0251
-1.6558
-4.5844
-10.3667
-16.2082
-18.5199
-19.9376
-22.0727
-25.4587
-28.8612
-29.103
-27.3479
-27.6828
-30.704
-33.337
-31.3367
-28.3819
-27.0499
-26.7559
-26.9462
-28.5544
-31.6468
-34.0214
-33.7586
-31.4008
-28.6093
-28.5054
-30.3258
-33.3304
-32.8823
-30.8541
-29.6236
-29.1881
-28.277
-27.0418
-26.1176
-26.0404
-26.871
-28.8388
-30.6131
-31.4376
-27.1988
-27.9634
-30.3741
-12.6969
5.43396
17.802
23.4737
24.6437
21.8028
17.2595
18.3639
22.2978
24.3249
23.3188
20.6217
18.332
18.6915
18.8484
17.399
17.3966
16.8734
14.3966
8.51254
3.11505
5.45434
5.87242
-1.51367
-0.288375
-3.72799
0.784374
2.15658
1.5094
3.00143
3.21291
6.51332
9.03989
7.63661
7.77986
7.67232
7.06578
1.13864
-2.57881
-5.16595
3.38073
0.987336
0.597343
1.5529
3.89119
4.12973
2.02974
-3.0942
-9.89752
-17.3761
-16.6329
-1.11797
20.1746
35.3942
44.0934
47.5327
46.4339
40.8228
30.8315
19.7986
11.6589
8.11051
7.17231
7.15896
7.12934
6.76975
5.671
3.02084
-1.72196
-6.77311
-7.24106
-4.67261
-1.74462
-0.395592
-1.71744
-6.27233
-13.3264
-19.5115
-23.7115
-27.5406
-29.3389
-28.3926
-26.1293
-25.1147
-25.4794
-27.0873
-27.572
-27.1509
-27.5565
-29.8706
-31.8256
-31.4662
-30.9494
-31.2777
-32.4426
-33.8832
-34.5976
-34.2651
-33.966
-30.6059
-28.7641
-27.0586
-27.2732
-27.7516
-27.281
-26.183
-25.7338
-25.7052
-26.1384
-27.1821
-28.6925
-28.8648
-28.1167
-28.2626
-30.1439
-30.6306
-27.6082
-23.4069
-7.83459
8.39084
20.8575
26.718
27.8512
24.6365
19.5507
21.2922
25.6812
27.8415
27.0283
25.2528
24.036
25.0215
24.5272
21.7701
18.197
15.4939
13.7231
9.90635
7.04736
8.63053
6.32656
2.02776
6.59227
9.10373
11.1741
9.45987
6.18968
6.49785
7.83081
12.8448
16.3552
16.6336
16.5197
15.2373
13.0926
7.99293
4.45504
1.33927
6.75507
5.01959
5.38709
6.06624
6.61353
5.98615
4.52824
2.38128
-0.850425
-5.55026
-10.2469
4.75419
17.7885
28.2078
33.4644
35.3665
35.2131
33.6789
30.3953
24.8089
17.1996
10.2554
8.10205
9.55853
9.96777
7.70017
3.12053
-2.28187
-6.72928
-6.44102
-3.69139
-2.7099
-4.19431
-7.34586
-11.007
-15.1703
-18.9995
-22.8427
-24.8686
-23.2753
-21.4438
-20.4767
-20.9549
-23.0146
-26.2375
-29.5971
-33.1892
-35.465
-33.4967
-29.4582
-26.7156
-25.3819
-24.5169
-24.3683
-26.2313
-29.5427
-32.0017
-32.0768
-32.5828
-31.8948
-31.8372
-29.2518
-26.9481
-25.2274
-25.747
-28.9347
-30.4633
-28.637
-27.2479
-26.8913
-26.2712
-25.4928
-23.1741
-20.0289
-19.1189
-30.1708
-31.4457
-29.2614
-12.5432
7.97224
20.5074
26.4891
27.8163
25.1302
20.3873
20.5611
23.2076
24.0239
21.6239
18.205
16.8334
18.7296
19.565
19.467
19.3111
18.506
15.988
10.0455
5.65908
10.795
10.5173
7.68578
5.5919
2.6188
6.67921
6.9706
8.38634
10.8275
12.7297
15.1058
16.2863
14.4223
13.0238
13.0324
13.5726
11.4948
8.61175
5.56173
7.81325
7.27994
6.81152
6.45015
6.64602
7.20948
7.76191
7.20701
4.21765
-2.19717
-9.60642
-2.37387
18.0021
33.234
41.9107
45.5696
44.9575
40.4351
33.0102
25.943
20.6525
15.9102
11.6389
8.83474
6.39142
3.01837
-0.368802
-1.77591
-3.41172
-6.99137
-10.7543
-12.8171
-14.3504
-16.0204
-17.7878
-20.6888
-22.9762
-24.0425
-23.6405
-23.4054
-25.094
-28.6886
-30.2463
-31.1063
-32.1458
-33.1171
-31.5035
-30.5554
-29.112
-28.4939
-27.5484
-26.3031
-25.247
-24.3353
-23.698
-24.0542
-25.7076
-28.039
-30.1394
-31.3896
-33.713
-33.3875
-33.5599
-32.584
-32.1275
-31.9557
-31.5629
-30.7007
-30.8901
-30.3463
-27.3875
-24.8601
-24.5344
-26.1582
-27.7627
-23.9961
-26.4895
-28.4694
-16.549
3.34807
15.0171
21.2193
22.9335
20.768
15.4517
11.9722
12.1754
13.4243
11.9837
10.4271
8.44308
12.0727
10.9707
8.77497
7.09626
7.13365
8.85889
8.30395
8.27843
10.4249
8.7161
2.97381
1.87534
-2.4386
0.698087
0.192308
-0.452444
2.35084
3.91013
7.40664
10.9713
9.66634
8.58387
7.74415
8.76551
7.13277
5.06104
0.021788
3.55711
2.85245
3.43219
2.131
0.387459
-0.34165
1.1842
1.57162
-0.420771
-5.84277
-13.8267
-6.42044
18.8073
34.1773
42.6779
45.6926
43.9606
37.4545
27.2726
20.994
19.2733
16.5922
11.7758
6.45738
3.3084
1.17109
-1.60264
-4.89595
-7.64008
-10.1732
-13.8166
-17.861
-19.3153
-17.8818
-17.0531
-19.1264
-23.4497
-27.3057
-27.0118
-26.1884
-24.1085
-20.8002
-19.0655
-20.3992
-23.6204
-25.3462
-24.763
-26.3461
-31.3094
-37.6066
-38.2581
-35.0643
-31.0273
-28.1906
-26.3757
-25.4772
-25.8697
-27.9871
-30.7498
-30.7825
-28.6602
-27.52
-28.525
-28.9298
-25.8869
-22.5674
-21.6541
-22.8503
-25.2062
-27.8448
-30.3438
-31.2298
-27.7294
-23.6434
-21.8596
-22.7471
-22.048
-23.4854
-15.2473
-0.563536
10.594
15.8239
16.7156
12.8645
4.84801
-0.723073
0.0454025
5.31774
5.86617
6.96972
6.45714
8.97502
7.8113
5.1692
4.77908
4.86807
5.30742
3.43421
3.18469
6.68346
5.6388
1.82037
4.01275
3.26559
4.30374
2.47635
0.446442
2.97998
1.4553
1.6966
4.01228
-0.987931
-1.82785
-1.03395
2.78247
1.42061
1.63054
-2.15639
2.51404
-2.47476
-4.42133
-5.1769
-3.9525
-2.51382
-0.661026
0.489716
-0.972692
-6.88037
-14.8164
-6.51773
14.5449
29.4586
38.0706
41.2942
39.796
33.5808
23.6974
17.6589
14.3898
9.62625
2.64926
-3.86237
-6.01573
-7.05806
-8.62474
-11.0036
-12.7875
-13.327
-14.2141
-17.2089
-20.3033
-20.3397
-20.0048
-22.0374
-24.6892
-23.5487
-20.0221
-17.9482
-18.3535
-20.8882
-24.3505
-28.2048
-29.7871
-27.7436
-24.6005
-23.4503
-23.7394
-25.753
-28.049
-27.5453
-24.9813
-23.0327
-21.411
-19.1953
-17.5173
-17.6249
-19.9667
-22.9795
-24.0359
-22.6602
-22.7809
-24.1239
-24.3762
-22.2936
-20.9389
-21.1747
-23.0664
-25.1764
-26.4681
-26.8276
-26.2416
-24.8335
-24.755
-27.2475
-27.507
-28.8834
-24.6921
-6.80569
4.0061
8.92071
9.99998
7.18547
1.11803
-0.0359236
0.466714
4.30871
4.37517
5.13509
2.29292
5.82189
3.85632
-2.1126
-3.44916
-3.46056
-0.342806
-0.646988
1.84801
8.29009
9.30107
7.0135
6.61198
2.96485
3.40738
3.27306
3.8573
6.25184
4.31648
3.21088
4.77011
1.19667
2.94059
5.09615
7.74845
8.07061
8.41893
5.57341
5.03576
-1.6265
-4.9218
-5.1278
-2.86717
-1.38912
-0.253485
-1.13175
-4.85169
-12.4831
-20.7398
-11.5237
14.364
31.3243
41.2708
45.5608
45.3584
41.253
34.5992
28.64
23.176
18.0275
12.3811
6.34658
2.33134
-1.02626
-5.41953
-10.9495
-13.3696
-13.4279
-15.4523
-19.6659
-22.3659
-22.354
-21.9672
-22.1623
-22.4064
-22.7659
-23.5276
-22.3598
-20.9808
-21.9604
-25.7418
-30.7504
-30.7239
-26.6818
-23.9707
-23.8827
-25.2574
-27.4968
-29.0436
-29.5257
-27.9773
-25.214
-24.0639
-25.2504
-26.9814
-26.5581
-25.1682
-24.3817
-24.1008
-24.1441
-26.1899
-27.9648
-27.2608
-25.2145
-23.9215
-23.6904
-24.2673
-25.1473
-26.9776
-29.8671
-32.3844
-31.5391
-28.8846
-29.626
-28.7448
-27.6597
-21.9006
-9.39492
-0.871929
2.9916
4.21466
1.92069
-3.89058
-5.10933
-3.2523
3.18327
3.65243
4.5812
1.70373
5.3767
3.33383
-0.473145
2.61468
6.06962
8.89204
10.5061
11.7222
12.7135
10.3171
4.3645
3.68234
1.10821
2.14734
0.298174
-0.115257
3.04842
4.04569
5.22352
6.0558
0.375761
-2.10175
-1.62026
2.82371
1.7189
1.29317
-4.30899
-0.878262
-8.28437
-7.31891
-4.63861
-2.99688
-4.86251
-7.59946
-10.3056
-13.3475
-20.6881
-23.2776
-8.20687
13.4677
28.7125
37.4046
41.0522
40.6311
36.9137
31.7518
27.941
24.8555
21.6767
18.4438
16.3848
14.5025
11.4009
7.2394
2.69673
-2.25726
-7.75674
-12.2792
-15.0194
-16.8205
-18.4847
-18.8151
-18.9738
-20.7344
-24.5342
-28.2032
-29.2914
-29.7069
-30.6479
-31.4047
-30.4055
-26.4723
-23.5984
-23.7114
-26.6785
-29.134
-28.4697
-26.8055
-25.6836
-25.3273
-24.9095
-25.0719
-26.3373
-28.7305
-30.8589
-31.372
-29.3483
-27.8607
-26.9294
-27.0972
-27.8141
-29.6277
-30.4766
-28.9109
-26.2478
-24.0392
-22.506
-22.241
-24.0807
-27.3174
-28.2434
-26.0085
-33.783
-33.0489
-32.9027
-29.3199
-14.557
-5.79726
-2.72267
-0.324895
-2.10114
-7.73641
-7.33383
-4.7875
1.13151
0.491528
0.827568
-3.86982
1.61786
-1.45441
-8.34008
-6.13715
-3.46467
-0.784627
-2.46152
-2.47604
3.38377
3.34369
0.642437
2.40632
0.0653528
1.32447
0.0365829
-0.810705
1.03717
-2.20252
-3.13026
-0.267514
-9.06338
-10.8282
-9.80631
-3.61355
-7.13506
-5.83077
-11.9867
-3.4199
-15.5214
-19.8023
-16.1799
-10.4097
-10.1123
-10.3373
-12.2847
-15.639
-22.738
-27.9322
-17.7125
6.26523
23.0349
33.2435
37.9679
38.2327
34.4557
27.803
22.6218
20.9713
20.3526
20.4375
20.0909
17.8653
13.3955
7.07572
-0.604233
-6.34298
-8.27454
-9.07689
-10.6567
-13.5751
-17.4832
-21.2964
-23.0908
-24.7719
-26.5838
-26.5681
-25.4137
-25.9533
-27.9944
-27.7014
-24.6379
-21.8861
-21.5195
-23.6486
-27.5909
-29.2177
-28.3146
-26.9973
-26.5658
-27.9938
-30.4918
-31.8634
-31.5511
-31.3407
-31.1084
-30.1208
-29.1341
-29.6818
-30.6481
-30.6979
-28.0621
-26.5939
-27.4104
-30.0212
-31.1846
-29.694
-27.2213
-25.9613
-25.154
-25.8351
-27.1854
-28.1581
-31.8849
-35.0628
-37.7072
-30.6499
-16.2523
-6.6452
-3.22059
-0.23278
-1.68272
-6.78998
-9.94447
-8.4309
-0.660135
-1.50317
0.212047
-4.09325
1.30168
-2.42935
-7.90395
-6.34745
-5.94503
-3.0868
-6.57811
-6.1772
1.88994
0.625467
-6.44044
-4.1222
-8.01685
-5.80223
-8.96982
-12.5027
-5.96867
-8.83279
-7.16627
-2.06389
-10.4092
-12.3242
-15.0877
-8.146
-14.913
-9.88371
-13.9204
-3.75163
-15.8739
-23.2767
-23.6119
-17.1612
-19.8605
-21.259
-21.4481
-21.1411
-28.0382
-29.9206
-19.9008
0.173919
16.108
26.0164
30.7422
31.0672
27.4631
21.4447
17.5809
16.1407
14.6142
13.1515
11.8588
9.25092
4.56754
-1.90533
-8.4224
-11.4066
-12.1407
-12.6438
-13.0987
-13.6131
-15.5983
-19.7583
-24.9143
-26.7465
-26.1205
-26.0092
-24.8284
-23.7919
-25.0334
-25.9916
-24.8853
-23.5351
-24.2253
-26.2947
-28.8157
-29.567
-28.5635
-26.431
-25.774
-25.8674
-25.8504
-26.6134
-29.345
-32.7561
-32.1331
-29.1657
-27.5533
-28.3112
-29.3746
-30.1212
-28.8921
-27.901
-28.7346
-31.8513
-35.3047
-34.3906
-31.3568
-29.8003
-30.0623
-31.3813
-33.5245
-32.6407
-33.4842
-32.5006
-32.3014
-28.9684
-15.1114
-6.31291
-2.98522
1.03579
1.9334
0.453312
-0.107417
-1.66391
1.54719
0.0130961
1.61217
-0.824622
3.16969
-0.696206
-4.83763
-0.999314
3.1707
6.53193
7.29146
7.29054
8.27689
6.25922
0.438538
0.775529
-1.57011
0.816215
0.523621
0.0955926
1.59901
-1.81601
-4.52291
-2.67521
-13.03
-14.3766
-15.1261
-7.58594
-13.2124
-9.63575
-14.2634
-3.4612
-13.8352
-20.9268
-23.3799
-18.0119
-23.3625
-29.486
-27.1403
-21.2539
-22.5745
-20.2383
-12.2735
-0.824569
8.82385
15.0878
18.015
17.7942
15.2286
11.8753
8.85169
4.78912
0.380181
-0.651762
-0.42515
-1.91774
-4.00027
-5.20373
-7.45946
-11.28
-15.953
-20.1841
-22.9865
-24.5966
-25.8817
-26.7395
-27.4353
-26.9933
-26.9371
-27.5611
-26.9818
-26.6093
-28.3072
-30.244
-29.6435
-27.2592
-26.2146
-26.0906
-26.7839
-26.651
-26.2191
-25.292
-24.1676
-23.23
-23.3486
-25.4858
-28.9762
-30.5435
-29.0276
-27.0911
-26.0839
-27.4233
-29.7462
-31.681
-32.2354
-33.5602
-35.5448
-33.3618
-27.9759
-24.1236
-21.7528
-20.472
-20.8664
-23.8794
-28.1167
-28.4321
-28.4072
-27.2966
-27.3686
-25.7051
-13.5742
-4.83702
-0.228692
3.53174
3.80785
3.31967
3.71469
4.96396
9.31563
12.1141
13.0274
10.1505
7.71276
1.74
1.40257
6.82385
11.5401
14.7621
16.5544
17.6395
17.7869
15.0967
8.84979
4.38023
3.29882
6.91201
7.03942
6.16187
4.70679
-0.879754
-6.016
-3.78723
-15.7171
-16.9556
-16.2341
-6.50112
-10.1271
-5.78729
-6.39823
-0.309877
-6.92944
-12.8659
-17.1726
-14.779
-21.6087
-28.5186
-27.8678
-22.3586
-23.5471
-24.1875
-15.7332
0.710908
13.7356
20.8727
23.3307
21.8076
16.7886
9.63323
2.28915
-5.01771
-9.68982
-9.55311
-8.83121
-10.1975
-13.4168
-17.2313
-19.7157
-20.0324
-20.7963
-23.107
-26.6119
-27.9783
-26.2781
-24.7829
-24.9996
-25.1908
-26.1046
-27.251
-26.589
-25.4197
-25.8363
-28.0202
-30.4941
-31.2229
-31.9104
-30.417
-26.2485
-21.8274
-20.4546
-21.9527
-23.1362
-21.6541
-21.0355
-23.1886
-25.9494
-25.78
-25.0485
-25.9489
-27.7695
-29.5976
-30.0959
-31.6614
-32.9482
-33.4904
-32.0486
-30.3514
-28.2635
-25.5821
-23.2027
-22.5409
-24.2293
-27.1951
-26.41
-21.5796
-31.3754
-29.9111
-26.9784
-21.028
-12.2613
-4.592
-1.16043
0.62606
-1.45165
-5.09673
-4.94923
-4.18921
2.88726
6.69806
10.0248
8.67932
7.15169
2.29277
-0.459231
2.96523
5.56385
7.44122
6.32938
6.26993
9.68762
8.42561
2.5645
-0.0420739
-0.63862
5.64378
6.97057
5.6394
3.60247
-2.37161
-6.38787
-1.4095
-4.87168
-3.14893
-2.60347
-0.718726
-1.61867
0.431664
0.213008
2.81643
-2.42639
-7.62176
-11.3912
-12.2012
-17.1594
-22.6828
-24.2535
-21.7462
-23.8832
-23.8755
-21.1553
-15.9971
-3.15112
6.59728
10.9186
10.8329
6.63351
-0.684565
-7.20971
-11.9711
-15.2769
-16.6544
-16.8803
-16.9415
-17.8218
-19.4315
-20.7112
-20.885
-22.6443
-26.0764
-28.0073
-25.5838
-23.5905
-24.3504
-27.3641
-28.9775
-28.8281
-28.7814
-28.8097
-28.6157
-28.1996
-27.127
-26.8695
-27.5535
-28.4362
-28.0283
-27.3439
-25.2593
-23.8782
-24.0384
-25.7557
-27.4285
-28.317
-29.9037
-31.3412
-30.5671
-28.1024
-26.0923
-24.8288
-24.1928
-23.6799
-24.6475
-26.9069
-29.292
-31.0779
-33.53
-34.2771
-31.9571
-29.0323
-28.6632
-30.7628
-31.3606
-29.0622
-28.9229
-27.8549
-25.18
-22.0276
-18.3853
-10.5565
-4.85799
-2.01526
-0.575966
-2.75048
-9.2735
-10.9018
-11.322
-5.03009
-7.66138
-3.49955
-6.59016
0.0577557
-2.78186
-10.5584
-8.12606
-4.90482
-2.37912
-3.29929
-1.66362
4.61511
3.74384
-2.43022
-3.18142
-7.41375
-4.40974
-6.9458
-8.73233
-4.05744
-7.72008
-8.33143
-2.73153
-9.57071
-7.602
-6.4533
-3.21022
-7.19715
-6.42034
-13.8737
-4.1999
-11.411
-11.1665
-8.9688
-6.81847
-8.86871
-13.0394
-17.3934
-18.9898
-22.5778
-22.9876
-18.1129
-10.4617
-0.547421
6.647
10.5728
11.1864
8.58433
3.1426
-3.43877
-8.91601
-12.182
-12.9089
-12.3381
-12.9359
-14.1759
-15.0288
-16.1652
-18.3568
-21.0015
-23.0089
-22.9827
-21.6034
-20.7536
-21.0323
-21.9338
-23.4392
-25.5351
-24.9511
-21.0125
-18.1567
-18.156
-20.7754
-24.8414
-27.3561
-27.93
-25.8678
-23.0789
-19.626
-16.7373
-15.5828
-16.3666
-18.445
-20.8417
-24.0247
-25.4561
-22.6836
-20.2713
-20.5037
-22.6542
-25.0967
-26.585
-28.2695
-29.5404
-28.7426
-27.3566
-28.0735
-29.579
-29.4859
-27.7586
-27.3064
-27.4406
-26.2836
-24.7049
-25.7628
-29.495
-26.7795
-24.7245
-21.7593
-14.3369
-6.88457
-4.17666
-2.01565
-4.90689
-12.7641
-14.7328
-13.5666
-4.36053
-6.2723
-2.81049
-6.08972
-0.0225051
-3.68222
-16.4473
-15.5255
-15.1483
-10.0471
-16.4422
-12.17
0.209182
-1.65602
-13.1693
-9.01718
-15.4829
-8.5507
-12.2104
-20.0067
-11.2661
-19.9148
-16.4238
-6.24465
-22.6253
-21.753
-21.5073
-10.3804
-18.1087
-11.9699
-18.428
-5.17204
-17.3114
-22.3877
-19.98
-14.9871
-18.3664
-20.9034
-20.5625
-18.4067
-19.7761
-21.725
-21.8112
-12.0381
2.06297
11.7891
16.7683
18.0157
16.0972
12.3414
9.14427
7.23199
5.20122
2.80645
0.541992
-2.61678
-7.50089
-13.4869
-18.5411
-21.4494
-22.9353
-24.1233
-26.5196
-26.9423
-24.1364
-21.4084
-20.6382
-21.6833
-24.197
-27.5979
-28.7307
-27.1357
-25.877
-25.0934
-24.9024
-25.309
-26.7941
-27.4892
-25.662
-23.7086
-23.5114
-24.5081
-26.2443
-27.1561
-25.6981
-24.1122
-24.0936
-25.2308
-26.3622
-27.5414
-28.572
-29.122
-27.3937
-25.955
-25.3368
-26.0433
-27.4122
-27.3703
-25.3601
-23.1318
-21.9585
-22.6241
-24.1434
-24.9576
-24.3517
-25.3823
-29.543
-29.407
-26.8513
-23.6667
-15.3323
-10.0045
-8.10635
-4.73575
-6.51511
-13.5313
-14.8837
-13.2415
-5.22717
-9.31646
-6.10112
-9.56643
-0.946017
-5.56237
-20.6939
-18.521
-14.833
-10.5361
-16.9627
-13.4956
-0.312293
-2.02003
-15.1169
-10.7497
-17.9591
-9.12274
-13.1099
-20.1748
-11.4708
-22.6652
-18.7018
-6.94265
-22.228
-18.5796
-17.0668
-9.69562
-17.3822
-12.0958
-18.7206
-5.65231
-17.0121
-20.7591
-19.0162
-15.024
-19.1483
-22.2337
-22.35
-20.8549
-24.1886
-25.649
-21.8098
-5.36066
11.5191
22.1391
27.0305
27.4385
24.5983
21.4845
20.2903
18.2028
14.5832
12.288
11.9891
10.6972
6.6905
-0.487781
-9.81666
-17.4586
-22.524
-26.4359
-29.4142
-27.3251
-23.6799
-22.3607
-23.582
-26.053
-27.803
-27.377
-26.0899
-26.1481
-27.2628
-27.0063
-25.7
-25.5536
-27.9026
-30.8109
-31.2783
-30.6771
-30.9776
-31.4756
-32.1593
-33.3105
-32.7954
-29.88
-27.5161
-26.226
-25.9402
-26.8332
-27.8028
-28.3538
-26.9014
-25.711
-24.5005
-23.8182
-24.0766
-23.4816
-21.6625
-20.5198
-21.2468
-22.9516
-22.7675
-21.2972
-20.3881
-21.3472
-26.1948
-25.3296
-25.5586
-25.7812
-20.1049
-16.1976
-20.0367
-12.3283
-12.6842
-18.9782
-15.9
-15.1812
-6.84699
-14.15
-9.40748
-13.9611
-2.49269
-6.19823
-20.8931
-17.6295
-14.6944
-10.563
-17.8592
-14.7753
-1.02375
-3.30786
-19.3358
-13.1182
-20.8227
-10.5276
-13.6855
-20.8313
-11.4268
-20.1161
-16.828
-6.846
-21.3832
-19.5114
-18.8809
-10.007
-16.5335
-12.2362
-17.7319
-5.09848
-14.9972
-16.7804
-15.1335
-12.7377
-16.0844
-18.7966
-19.1097
-18.1008
-20.2763
-22.8425
-23.2214
-8.45625
8.63351
19.0189
23.5945
23.4894
19.6998
17.0181
19.339
20.349
18.028
13.8659
11.277
9.20162
5.26308
0.869015
-2.69486
-7.84351
-14.4436
-19.2652
-24.3827
-29.0606
-27.8772
-25.769
-25.8621
-28.0546
-30.5867
-32.4507
-32.0701
-31.7602
-31.558
-28.9023
-25.6003
-23.8786
-23.7348
-23.7304
-23.9877
-24.832
-26.7964
-26.2884
-24.3253
-23.9842
-25.6669
-27.6365
-28.0302
-27.5993
-27.036
-26.8469
-26.957
-27.3183
-27.2665
-28.6189
-30.653
-31.8162
-30.8932
-29.1084
-27.0843
-24.4541
-21.957
-21.2548
-22.1855
-23.0631
-21.8411
-21.0962
-23.0256
-24.2629
-26.6561
-26.8419
-19.8439
-14.3521
-15.3938
-9.74839
-10.0093
-13.6263
-13.0103
-13.6513
-6.66001
-14.1916
-10.0959
-14.8126
-2.90696
-5.44485
-15.8714
-13.7684
-11.9044
-9.6933
-19.0637
-18.2872
-1.64075
-3.55577
-19.7354
-12.4996
-20.896
-10.2024
-14.6429
-22.1694
-11.0975
-17.2933
-15.4763
-6.81488
-24.2544
-23.8465
-24.7607
-11.4402
-20.83
-13.1604
-17.363
-5.1108
-14.3662
-19.6406
-19.221
-14.4984
-17.2177
-18.236
-17.5998
-17.4078
-22.3572
-28.3219
-22.6742
-12.7324
-1.46734
4.44992
6.24447
4.82019
4.4272
11.4587
17.4916
19.1761
16.6546
10.9678
5.8814
3.07271
0.728115
-0.627797
-2.4862
-6.79235
-12.3638
-16.0055
-19.6549
-22.9137
-25.2225
-26.3311
-26.642
-25.9767
-25.928
-27.4847
-29.2767
-31.1653
-30.4342
-26.3991
-23.7251
-23.4657
-25.2396
-26.9956
-27.7177
-27.7655
-27.7467
-25.938
-23.7862
-23.9253
-26.8312
-31.2058
-34.129
-34.539
-33.3669
-31.8746
-29.966
-28.4528
-25.1926
-21.8216
-19.7277
-19.5716
-21.4478
-24.8366
-28.0555
-28.0213
-25.0034
-22.9612
-22.9124
-24.3793
-26.032
-27.3811
-23.3279
-24.1337
-24.903
-23.6475
-14.7645
-7.25168
-4.2022
0.398851
1.85433
0.465701
-2.20927
-7.15225
-3.38536
-5.26431
-3.33092
-7.97038
-1.44893
-4.22547
-10.0323
-7.05891
-5.10063
-3.44115
-6.07954
-5.90723
1.15367
-1.05394
-13.2639
-10.5569
-18.3659
-9.74739
-14.8692
-25.3521
-11.9759
-18.6885
-15.6247
-6.54995
-19.7827
-18.7315
-19.98
-10.2349
-15.5999
-9.52147
-12.9783
-4.28175
-11.7733
-12.864
-12.9227
-11.9783
-13.8857
-14.8062
-16.5469
-19.1504
-25.5393
-29.7842
-21.1063
-6.47399
5.47883
12.0291
14.1157
12.2076
6.75588
1.98541
3.06301
4.39885
4.56951
5.28748
5.48727
3.66932
0.729878
-1.17761
-3.5535
-7.98942
-13.0106
-15.5848
-16.0061
-15.7465
-16.6613
-19.1753
-22.4372
-24.231
-23.7251
-23.3596
-24.7672
-26.9259
-27.1274
-25.6465
-25.1535
-25.8807
-27.459
-29.059
-30.8722
-30.7982
-29.3522
-27.6758
-26.4922
-24.9919
-23.0925
-22.5827
-24.2325
-26.6216
-26.9592
-25.7505
-24.0342
-22.7001
-21.2184
-20.1922
-19.978
-21.6486
-25.0014
-28.8908
-30.4207
-28.9087
-26.9214
-26.2682
-26.5254
-25.7562
-24.5066
-24.5668
-18.9958
-20.4095
-23.0433
-22.1744
-13.2276
-4.48543
0.699147
4.53793
7.115
9.46863
12.1317
13.6234
13.9652
11.7171
8.9333
6.18425
7.65988
8.17837
8.20211
7.76971
5.69691
2.58107
-4.0844
-8.36982
-1.26277
-3.48552
-16.8467
-9.0586
-10.7475
-5.82477
-8.90314
-12.2101
-6.61558
-8.84667
-8.38442
-4.31975
-12.2714
-10.1555
-9.21143
-5.45521
-9.691
-7.83053
-11.8295
-3.93299
-10.2963
-9.07643
-4.81978
-1.17761
-1.22256
-3.64274
-8.26463
-13.2708
-19.8751
-23.3517
-10.4842
6.30423
18.0744
23.7716
24.5354
20.6865
12.1011
1.34025
-4.01248
-3.95766
-2.74723
-1.63826
-1.77055
-3.45771
-5.64878
-7.59362
-10.1251
-12.5124
-14.6861
-18.1482
-21.9331
-23.9844
-25.1835
-25.8778
-26.7458
-27.3649
-28.2752
-29.5452
-30.3167
-29.887
-29.3197
-29.0771
-29.2577
-29.5514
-30.2867
-31.1131
-32.5693
-33.2566
-31.7775
-29.1566
-26.7073
-24.7586
-23.7882
-24.358
-24.8972
-23.5408
-21.8047
-21.7236
-22.915
-24.5561
-26.3096
-28.9263
-31.9585
-31.7844
-29.2187
-27.3852
-26.8125
-26.567
-26.2022
-26.6551
-28.2998
-28.8052
-27.725
-27.1928
-22.5966
-21.7793
-20.1969
-17.6105
-10.2027
-3.18903
0.229173
1.444
-0.853214
-3.10465
0.966239
4.955
8.43222
8.20665
8.76092
9.66273
13.9598
15.6009
15.0856
14.0858
12.9445
12.6176
12.6052
12.0582
10.8136
6.08485
0.3433
2.04752
2.52159
3.09549
0.632293
-3.16143
-3.04561
-5.79211
-6.16569
-2.53962
-4.19008
0.706392
4.0942
6.64036
6.29962
5.76174
2.29908
1.45756
-4.11519
-5.55822
-5.51041
-4.28521
-5.491
-8.35946
-12.3359
-15.1654
-18.2252
-19.3465
-12.2329
3.83328
15.8878
21.9803
23.1666
19.7547
11.7211
2.22587
-1.52677
-3.31229
-6.92724
-11.1441
-13.5979
-13.8551
-13.8381
-14.3782
-14.7862
-14.9311
-16.5582
-19.8157
-23.2619
-25.8493
-26.9449
-25.8561
-24.8057
-24.1812
-23.059
-21.444
-20.3969
-20.7775
-21.6702
-21.6928
-21.453
-21.6529
-22.4458
-23.489
-24.1756
-23.6223
-23.0978
-23.0395
-23.0257
-22.9124
-23.0003
-23.2976
-22.4077
-20.3933
-19.376
-20.5886
-23.6587
-27.1583
-30.4078
-33.0199
-31.75
-27.2446
-23.723
-21.1927
-19.309
-18.6996
-20.1748
-23.6387
-25.7493
-22.1794
-16.9331
-13.6975
-28.177
-29.6864
-27.2887
-22.9484
-15.4035
-10.1206
-8.48278
-5.44526
-7.02897
-11.6467
-11.1971
-11.0635
-5.29711
-10.5039
-6.11601
-8.31711
0.164406
-1.93322
-5.90223
-3.81247
-2.3389
-0.598688
-0.654228
0.00487895
3.77303
-0.0429661
-8.27135
-6.21664
-9.9702
-6.09763
-10.6055
-18.6557
-12.5035
-22.2594
-16.9445
-7.64264
-17.602
-13.4633
-11.4876
-5.28875
-7.52214
-5.11711
-7.71561
-3.63741
-13.3344
-20.4642
-20.6699
-14.3212
-16.2892
-16.9119
-16.9026
-16.5168
-18.6622
-19.6938
-14.2459
0.429278
12.1881
18.2438
19.6118
16.7859
10.1187
2.10537
-1.91961
-2.69543
-4.15048
-7.34291
-11.4866
-14.1342
-14.8904
-15.6688
-17.5673
-19.0521
-18.5606
-16.9958
-16.9791
-18.9553
-21.47
-22.3869
-21.9419
-21.4049
-21.0808
-20.3814
-19.9082
-20.789
-22.4908
-23.2342
-23.734
-24.6642
-25.4044
-24.4865
-23.4416
-23.4671
-24.677
-25.4769
-25.247
-24.3132
-23.0855
-22.838
-23.7483
-24.7567
-24.9031
-24.4519
-24.0943
-24.6372
-26.2066
-28.2061
-27.4002
-24.5128
-22.1561
-21.2214
-20.917
-20.95
-21.8805
-24.0904
-25.3581
-24.3809
-22.6632
-21.7157
-29.3305
-28.5574
-26.9615
-24.3587
-18.176
-13.6204
-13.4514
-8.9199
-9.91578
-17.9365
-20.5549
-22.8733
-9.67108
-20.261
-11.2251
-18.7064
-3.36486
-7.22476
-23.3422
-20.5532
-17.141
-12.0494
-20.74
-18.7026
-2.42216
-4.8264
-21.6808
-13.0858
-21.9854
-10.7166
-15.4735
-23.8308
-12.2354
-20.6704
-16.2566
-7.28853
-20.6042
-19.7449
-20.6448
-10.8618
-17.6217
-12.0745
-15.7955
-5.37154
-13.7869
-17.7476
-20.3133
-17.1461
-20.8208
-20.8514
-20.2645
-19.1066
-21.5557
-23.4097
-15.2406
0.847561
11.6578
17.2313
18.4882
15.8903
9.65248
0.798616
-6.91205
-7.64769
-6.03018
-6.70364
-10.3684
-15.4317
-17.9501
-18.345
-19.0268
-19.0351
-18.3778
-17.9399
-19.0899
-21.362
-23.5299
-25.4348
-26.95
-25.9221
-23.9832
-23.5378
-24.7044
-26.2383
-27.0604
-26.3805
-24.6162
-22.5955
-21.9623
-22.0756
-21.3216
-19.0786
-18.1663
-19.9079
-24.4933
-28.0752
-26.3147
-24.7214
-25.3036
-27.09
-27.4841
-26.1422
-24.3258
-23.0356
-22.1162
-21.4827
-21.3593
-21.6816
-21.9881
-22.3199
-23.3886
-25.7255
-28.3789
-29.5606
-28.192
-26.4177
-25.1358
-25.2756
-26.9398
-24.5583
-24.0558
-22.7078
-16.6728
-8.49
-3.23765
0.310727
-1.38858
-9.05628
-18.4192
-24.3543
-10.0646
-20.4315
-11.4536
-19.5415
-3.73505
-7.3682
-21.9081
-20.7885
-17.9366
-12.1462
-19.7662
-17.8175
-2.71493
-5.16768
-23.9485
-13.8604
-21.571
-10.4898
-15.0771
-23.6343
-12.8062
-20.4908
-16.5934
-7.50664
-20.4091
-19.8296
-22.5832
-11.808
-23.2907
-14.9537
-21.803
-6.64792
-16.6028
-20.5148
-22.2384
-18.3432
-23.1553
-25.1992
-22.9809
-19.806
-19.3956
-20.1332
-7.01557
10.1247
20.9438
25.9668
26.2849
22.1214
13.3456
1.58917
-7.95478
-10.1984
-10.8447
-12.2253
-15.6618
-19.6135
-20.1011
-17.6755
-16.5438
-17.4918
-20.7281
-23.2163
-23.54
-23.9324
-26.2879
-30.3215
-33.8002
-31.4441
-27.8128
-26.5145
-27.5348
-30.1288
-33.0509
-32.6829
-30.1542
-28.6538
-29.3136
-30.3538
-28.8094
-26.0894
-25.2946
-26.6027
-28.3282
-27.6334
-24.9292
-22.9389
-22.6317
-23.3811
-23.6136
-23.2355
-23.4836
-24.3018
-24.4543
-23.7041
-22.8529
-23.0245
-22.9479
-21.7289
-20.6383
-21.0868
-22.5013
-23.8622
-24.4721
-24.2198
-23.0061
-22.3587
-24.3024
-25.0114
-25.5811
-23.9319
-16.3037
-9.76576
-3.35343
2.71802
4.01713
1.13045
-4.10546
-9.7421
-6.20937
-11.1273
-7.45715
-12.269
-2.12998
-4.17862
-8.78179
-5.84186
-3.53682
-1.38991
-2.56133
-3.15112
0.854393
-2.79911
-15.2149
-12.5095
-17.349
-7.85275
-10.2889
-12.4795
-7.55449
-10.8882
-10.8983
-6.6848
-19.0349
-19.5275
-19.4597
-10.1588
-16.737
-12.9937
-19.9224
-7.4882
-18.782
-23.4148
-21.3217
-15.5064
-18.2026
-20.9907
-21.6542
-18.6581
-18.011
-18.3139
-11.9777
2.28844
13.1451
19.1835
20.9678
18.7891
12.5021
2.18375
-7.14759
-7.74418
-5.94256
-5.95882
-8.5334
-12.6779
-15.7347
-16.5262
-16.7482
-16.9118
-18.2113
-20.1625
-21.9416
-23.2089
-24.1416
-24.5347
-25.5812
-27.6257
-30.0983
-31.2032
-31.3099
-31.1824
-30.9068
-29.0173
-27.2691
-26.0645
-24.633
-22.9223
-22.4112
-23.6702
-25.7102
-25.8043
-24.5054
-23.794
-22.6039
-19.911
-18.0007
-18.667
-21.6971
-24.5349
-24.6597
-23.1873
-21.3844
-20.3201
-20.6838
-22.4567
-23.9947
-24.2947
-25.1388
-26.9807
-28.4981
-28.9169
-27.7954
-26.0102
-24.5837
-24.1306
-22.1579
-23.6707
-25.3556
-22.6536
-14.0507
-6.21551
0.337279
6.27464
9.60286
10.5945
9.69018
7.14413
6.07479
4.98945
6.8078
6.45374
8.26201
8.77639
10.3083
12.614
13.3444
13.8465
14.4535
14.6183
13.69
10.2189
5.69257
6.15547
8.80601
12.4667
13.4441
12.6317
12.1673
11.159
9.15364
5.90445
-0.989909
-3.1434
-3.48039
-2.39279
-8.46029
-10.9857
-19.2503
-7.77133
-19.0075
-27.8966
-25.9309
-17.8077
-21.3116
-22.3838
-22.9034
-22.1958
-25.6539
-27.7757
-18.8057
-2.304
9.18661
15.0706
16.2593
13.1229
5.52389
-5.58125
-14.5419
-14.8154
-12.1444
-10.5328
-10.96
-13.1022
-16.4295
-19.258
-18.5977
-15.6703
-14.6113
-16.0327
-19.1864
-21.3813
-21.4035
-21.089
-22.5138
-24.1761
-24.3219
-24.1888
-24.9163
-25.2627
-24.897
-24.9241
-25.2279
-24.2785
-22.8105
-22.502
-23.5161
-24.5365
-24.7817
-24.6652
-24.1113
-22.4428
-20.4682
-19.3835
-19.769
-21.877
-25.4874
-29.2354
-30.3261
-29.5599
-26.7867
-24.7651
-23.5065
-23.3627
-23.2702
-22.9445
-23.738
-25.982
-27.6594
-28.1043
-27.7776
-27.2491
-26.577
-25.4616
-17.3677
-16.8912
-16.838
-16.1007
-11.4192
-4.7955
-0.525501
3.52398
6.9952
10.6763
12.9293
12.5425
11.5246
10.3464
11.0821
10.3188
11.1362
10.3341
9.69414
10.3117
10.9677
11.9647
11.541
10.7135
10.7571
8.76725
5.53175
7.16149
11.7415
16.1736
17.4052
16.1148
14.3754
12.8375
12.9099
14.2734
13.8273
11.7525
8.09954
6.83821
4.61501
3.87221
0.586214
0.613154
-6.03919
-11.0544
-14.373
-13.4094
-15.7091
-15.7365
-15.4648
-14.2276
-15.7255
-18.4331
-14.9702
-0.175254
11.9352
18.0163
19.1731
15.7909
7.65982
-4.4064
-16.3595
-21.5464
-21.5822
-18.4899
-15.9734
-15.5038
-16.9712
-19.2225
-20.6365
-20.1399
-19.4763
-20.0105
-21.3325
-21.8781
-21.474
-20.1697
-18.1698
-16.6582
-17.318
-19.2617
-19.9725
-19.9116
-21.3933
-24.0997
-25.3936
-24.3786
-22.7251
-21.5509
-21.2845
-21.682
-22.0365
-21.5901
-21.0778
-21.5392
-23.1998
-25.3201
-25.3542
-23.1052
-21.2553
-20.6654
-19.9075
-18.6193
-18.0294
-18.9713
-20.1674
-19.5995
-18.0346
-18.0559
-20.4878
-23.8056
-23.6816
-20.7683
-18.4292
-18.2718
-19.6341
-20.0325
-20.4399
-20.5443
-21.815
-22.9227
-17.0571
-12.8847
-11.463
-6.93137
-5.7662
-5.77948
-3.93261
-3.36331
-0.183023
-1.77186
-0.222572
-1.3125
4.28181
8.93701
13.0379
15.878
16.1153
14.7074
13.8507
16.6058
19.9648
21.2761
21.6696
22.5964
23.0387
23.0048
22.3395
21.9546
23.2627
25.4807
28.0435
30.3658
31.7522
31.9387
30.8848
29.2157
27.0383
24.6189
22.1093
21.0134
19.2037
15.4447
9.51098
2.62798
-5.94039
-13.5279
-18.5762
-17.9013
-20.0268
-21.5638
-16.6248
-3.65416
7.4692
13.1731
14.1728
10.8184
2.94931
-8.67714
-19.5077
-21.8457
-22.2153
-23.735
-26.1554
-26.5421
-25.9584
-25.5138
-25.1947
-23.7743
-23.3776
-25.0124
-27.7231
-28.2569
-26.285
-23.7073
-20.6411
-18.6305
-18.8392
-20.4762
-21.4661
-22.0557
-23.4131
-22.4024
-18.8913
-16.8592
-17.9029
-21.1653
-24.4285
-25.431
-24.6598
-23.2298
-22.773
-23.8095
-25.7769
-27.5077
-27.5779
-26.1832
-24.8144
-24.257
-23.4595
-21.7369
-19.9631
-20.1354
-22.4347
-24.581
-24.2316
-23.5821
-24.0201
-24.4881
-23.4562
-21.6711
-20.538
-20.8842
-21.9711
-22.5948
-25.4452
-25.4963
-26.4035
-27.1957
-21.1163
-17.2134
-17.758
-10.6447
-9.82873
-15.3119
-13.2272
-9.24549
-2.19709
-2.24932
1.80572
2.81955
8.14098
12.422
16.7405
19.0468
18.1776
14.6821
11.0611
12.2839
16.1437
18.0154
18.501
18.7194
18.0769
17.947
18.1556
18.4686
19.8586
22.1932
24.9374
27.33
29.3826
30.9121
31.2417
30.3865
28.6991
26.9797
26.4474
27.1831
26.52
23.6287
18.4008
11.7031
4.07668
-5.53979
-15.937
-20.4395
-25.4494
-26.3387
-21.2861
-11.5328
-1.43883
4.2286
5.76351
3.52418
-2.41937
-11.5138
-20.3342
-23.2717
-23.2844
-23.3743
-24.1165
-23.5286
-22.0958
-20.4637
-20.2684
-21.1919
-22.4156
-22.3651
-21.0045
-19.4565
-19.0926
-20.6061
-23.0929
-23.1068
-21.4367
-20.6861
-21.3948
-23.2113
-25.2346
-24.8951
-21.725
-18.4165
-17.352
-18.89
-22.2943
-24.35
-24.4936
-24.0711
-24.0254
-23.3618
-22.8079
-23.4659
-25.4855
-27.8499
-27.7534
-24.979
-22.1584
-21.4104
-21.9152
-22.5518
-22.3297
-22.7379
-24.2274
-25.5479
-25.1827
-23.9092
-23.1092
-23.8036
-26.2753
-29.1679
-28.3902
-25.9012
-25.5494
-25.0329
-25.0162
-24.4966
-16.6382
-10.5728
-3.01498
3.86184
5.7369
3.17496
-1.29538
-4.06507
-1.52515
-3.39508
-1.60551
-0.962622
4.93107
4.57714
3.89009
4.29617
4.97685
6.70489
8.96488
11.285
12.8204
11.031
6.95078
5.88955
6.10317
9.00877
11.295
13.2604
15.2186
17.5136
19.9452
20.6022
19.2206
18.9266
19.6949
19.718
18.6222
18.3467
17.9238
17.3494
15.3474
12.4656
8.15105
3.31031
-1.15565
-6.95751
-13.4804
-17.8719
-21.424
-23.6037
-21.8443
-11.2511
0.131729
5.96261
6.89709
3.31276
-5.0039
-16.2294
-22.9992
-23.7743
-23.2975
-22.5733
-22.3821
-22.5627
-21.7015
-19.8318
-19.1869
-20.6305
-23.8845
-26.3891
-26.639
-25.6775
-24.8821
-25.0934
-26.172
-26.9691
-27.7844
-29.1723
-30.0634
-29.0493
-26.8548
-24.5964
-23.1045
-21.98
-20.953
-20.4454
-21.2034
-22.3705
-23.8293
-25.925
-28.3718
-28.8558
-28.0822
-27.8676
-27.4901
-27.0527
-27.2573
-27.7087
-27.5514
-27.7832
-26.1579
-23.9153
-22.4691
-22.0442
-21.714
-21.151
-20.5151
-20.087
-19.8199
-20.3233
-22.4564
-25.8174
-28.0796
-27.0949
-23.7583
-23.6183
-24.158
-22.9876
-11.609
-2.15729
3.64642
6.56518
5.67509
2.29946
0.529841
1.74473
5.36374
7.09695
10.2702
12.4128
14.2064
12.6209
9.93312
9.49027
10.9683
13.5636
16.3186
18.4611
18.9773
16.6031
12.9308
12.9046
14.7609
16.9127
17.295
15.9149
15.1859
17.1913
20.0282
20.671
18.3626
15.7437
13.9896
12.1449
9.75691
8.87588
7.38109
7.04107
4.86715
3.49994
1.87048
2.2697
4.27625
4.94163
2.48202
-3.75266
-12.8844
-19.15
-18.5803
-13.3294
-2.25785
4.06868
5.42944
2.35361
-5.015
-13.1675
-15.2191
-14.5694
-14.6403
-15.5766
-17.1861
-19.4142
-21.5726
-21.6902
-20.0256
-19.1791
-20.7022
-23.0738
-24.3191
-24.8205
-26.0542
-26.7497
-26.3595
-25.4006
-25.8857
-27.0291
-26.9063
-25.489
-24.4752
-24.39
-24.5456
-23.9308
-23.2714
-23.5415
-25.2258
-27.015
-28.4477
-28.9179
-29.528
-29.1393
-27.0086
-24.7874
-23.9644
-24.9957
-27.1106
-27.1372
-24.2837
-22.5846
-23.5298
-26.0596
-26.8295
-25.6602
-24.8977
-25.0128
-25.1748
-24.3128
-21.7485
-19.5649
-19.6196
-22.1984
-25.4737
-26.3911
-23.499
-22.6991
-22.8362
-20.7238
-10.7275
-1.34052
3.32252
4.63506
1.42644
-4.87996
-6.00964
-5.22827
-2.51163
-5.03932
-1.32588
-1.79142
2.68949
0.676312
-3.3424
-1.75229
1.04954
5.6856
9.30478
12.0134
13.2068
10.208
3.9257
2.53272
2.08027
4.39192
5.36226
5.68136
6.60259
7.11101
9.26346
10.3362
7.90757
6.36689
5.74756
4.75812
0.444677
-1.90076
-5.93272
-2.59758
-7.17687
-5.38273
-2.05683
1.18075
3.06505
3.02388
0.13299
-6.03377
-14.6954
-20.052
-17.9179
-8.9683
1.63885
7.58069
8.87319
5.83502
-1.58925
-11.6036
-16.3861
-15.3869
-14.6581
-15.3864
-16.9804
-18.8363
-21.1834
-23.7119
-24.8088
-23.8851
-23.4729
-23.8229
-24.5575
-24.6486
-23.7703
-22.5242
-22.0615
-22.3385
-23.1707
-23.7903
-23.3835
-22.5688
-21.9712
-21.4579
-20.8841
-19.4333
-18.3587
-18.8309
-20.2684
-20.4693
-20.0735
-20.7587
-22.5258
-24.3134
-25.2048
-23.9514
-21.3828
-19.8832
-19.8264
-20.3784
-21.3946
-23.4037
-25.2502
-24.9596
-23.519
-23.089
-23.674
-24.6884
-25.0489
-23.1989
-20.1394
-18.5104
-19.3186
-21.8138
-23.1923
-22.652
-29.6543
-28.6531
-27.9961
-25.649
-15.4068
-7.34849
-3.85193
-1.77838
-4.37151
-11.7683
-16.1933
-18.1497
-9.65305
-18.6281
-11.0923
-18.3204
-3.66485
-6.72023
-20.3689
-16.7793
-13.4308
-8.63488
-10.5749
-8.29727
0.164847
-2.19008
-11.2853
-6.4604
-7.9006
-5.28153
-9.06139
-15.1237
-10.485
-17.7063
-15.6459
-6.31092
-16.4984
-17.7429
-21.2407
-11.8718
-18.1327
-12.9462
-18.6596
-6.89274
-17.3949
-19.4803
-18.0671
-14.5015
-14.7211
-14.0309
-13.9393
-16.3031
-21.382
-25.5733
-23.7925
-11.7003
0.446792
6.95048
8.42719
5.35624
-2.55793
-14.3671
-22.4082
-24.1353
-24.4182
-25.197
-26.7819
-27.6878
-27.599
-27.0575
-26.6937
-26.2986
-26.9816
-28.4319
-30.2628
-30.5892
-29.2693
-27.8537
-27.1208
-26.4543
-26.186
-26.2947
-26.615
-27.3871
-28.1457
-26.4173
-24.3219
-23.5683
-24.4353
-25.3933
-25.4245
-23.7909
-22.5989
-22.6981
-24.3996
-26.7462
-27.9989
-26.7657
-24.3402
-22.9556
-22.8305
-23.36
-24.4446
-26.7387
-28.3779
-28.5344
-27.4973
-26.9068
-26.7871
-27.2512
-27.6577
-25.944
-23.1876
-22.3034
-24.1816
-26.6413
-25.2375
-23.1901
-37.5963
-37.6995
-38.7219
-35.0804
-22.1917
-17.1059
-18.2441
-11.8306
-12.955
-21.2057
-22.4765
-23.793
-10.6532
-21.8616
-12.4463
-21.4594
-4.28279
-8.04682
-31.2798
-25.4902
-22.1209
-14.8868
-32.5342
-25.6918
-3.13984
-5.78852
-33.9664
-15.8236
-28.5131
-13.2356
-18.0429
-37.1895
-14.6142
-28.9695
-22.5421
-9.06858
-35.5905
-35.8748
-40.0778
-14.5368
-26.5765
-16.8438
-28.0989
-8.36499
-24.6272
-38.0784
-34.807
-20.8804
-21.2427
-20.7248
-20.4028
-21.975
-29.3184
-38.4998
-32.0042
-21.4484
-9.46446
-3.03259
-1.58225
-4.2922
-11.3302
-21.9925
-31.2903
-35.4337
-35.8639
-36.1143
-38.2163
-38.2655
-37.0268
-36.7361
-39.3279
-39.771
-39.1403
-37.6049
-38.7423
-41.8927
-44.9516
-44.8572
-43.1447
-38.3213
-36.3539
-35.6792
-35.2655
-35.4585
-36.3814
-35.9011
-35.5585
-36.6719
-39.5587
-40.4343
-39.0638
-37.216
-37.4015
-37.3773
-37.9666
-39.326
-40.2048
-39.433
-37.9082
-37.1162
-37.074
-36.747
-35.3887
-35.4221
-35.3104
-36.5123
-37.6073
-38.2806
-38.7911
-39.9522
-41.1979
-41.8246
-41.2262
-40.7869
-41.2361
-41.9183
-39.8164
-38.8635
-47.1554
-47.3787
-47.6742
-40.4514
-24.0749
-20.119
-28.4139
-15.8836
-16.5677
-30.048
-29.8407
-31.3516
-11.431
-24.5253
-12.8568
-23.1609
-4.28227
-8.0906
-39.4107
-29.3172
-24.1821
-15.3037
-44.0718
-30.2089
-3.30704
-5.79362
-44.4798
-16.4253
-31.8504
-13.4628
-18.4876
-43.971
-14.7462
-30.9047
-23.5053
-9.12523
-41.3536
-40.8844
-47.8328
-14.6418
-27.2419
-16.8769
-28.9608
-8.26466
-24.6012
-38.2403
-37.2762
-22.5455
-24.5664
-23.7173
-21.6737
-22.3475
-30.3351
-44.8866
-40.1667
-35.6079
-22.4254
-15.6588
-14.7217
-17.5166
-24.3888
-34.4105
-42.0083
-44.4658
-42.116
-39.5426
-42.5819
-45.3851
-45.0773
-43.7373
-46.5029
-46.6251
-49.1157
-48.7101
-52.001
-52.0739
-50.472
-49.6055
-52.0789
-48.2825
-49.0476
-51.831
-48.8929
-46.6457
-48.6487
-48.5994
-49.0014
-49.6649
-52.4154
-51.0072
-50.5918
-45.8113
-45.2879
-44.1636
-44.3721
-46.1513
-48.6023
-50.4496
-49.6257
-48.709
-49.5173
-51.1347
-50.1876
-52.5797
-48.889
-49.898
-49.4545
-48.9701
-48.9886
-50.6545
-51.0369
-50.6367
-48.2075
-46.4732
-45.4349
-46.8222
-46.4997
-48.5266
-56.5514
-54.5892
-54.0533
-41.1391
-24.454
-21.0856
-38.0901
-17.2548
-17.3904
-32.9548
-31.7557
-33.692
-11.3616
-25.111
-12.8584
-23.2739
-4.08797
-7.94588
-42.1959
-29.8257
-24.087
-15.1343
-45.8202
-30.5156
-3.04853
-5.62641
-51.5888
-16.3598
-32.2525
-13.2078
-18.1623
-44.3962
-14.475
-31.6762
-23.9761
-9.00371
-43.5222
-41.1106
-49.3956
-14.3951
-27.2329
-16.7572
-29.6156
-8.06865
-25.2321
-49.5998
-51.4151
-24.218
-31.98
-43.5917
-34.9687
-29.3748
-36.7931
-55.1908
-42.2735
-53.0329
-37.3085
-30.7187
-35.9745
-40.9047
-45.4424
-52.1192
-55.0665
-55.5572
-48.7474
-43.0436
-48.8966
-59.1168
-57.0838
-50.0601
-54.823
-53.1306
-55.4838
-52.4052
-55.8653
-54.9781
-53.1262
-53.2547
-58.8532
-50.8107
-52.4058
-59.8337
-55.8801
-52.3327
-57.476
-56.1537
-54.9263
-53.2055
-55.3306
-53.1296
-52.9668
-48.8549
-52.1772
-53.0962
-55.1649
-56.8382
-56.8518
-57.9403
-57.7002
-57.8774
-59.3641
-58.6021
-53.4296
-56.6742
-52.7031
-55.4646
-54.9145
-54.6835
-54.4413
-57.5194
-56.4227
-54.9498
-52.5484
-51.9733
-51.3722
-52.6283
-49.6283
-51.1163
