80
-46.8826
-40.8615
-37.2533
-36.1114
-36.6597
-34.4167
-26.0974
-21.8709
-21.8918
-26.8246
-33.9079
-40.4371
-44.7564
-55.6864
-44.8961
-38.8673
-40.2865
-3.39781
36.3789
49.9792
62.6702
67.7284
67.3022
61.8964
52.5267
39.3987
19.2255
26.7796
30.2135
27.6127
33.8066
42.4093
44.481
38.5466
38.1144
45.3597
48.7662
46.4448
42.5474
46.1989
48.3139
42.8161
23.9223
23.6803
29.7157
29.2423
20.4287
18.3947
24.3948
26.1641
14.3259
23.4451
20.0621
24.3168
34.8929
35.3439
45.3718
55.0655
61.4006
67.372
71.8497
74.3535
75.6616
76.2374
75.7612
73.617
70.2333
65.9063
61.4339
57.2678
52.1089
48.4409
48.7902
44.5921
34.447
18.5211
15.5134
15.3434
10.3994
0.18053
-9.86059
-13.7365
-14.5368
-12.4587
-9.44868
-9.43564
-13.1252
-18.4982
-16.499
-17.4351
-19.022
-16.1187
-14.5117
-18.0366
-25.4649
-25.3459
-21.1669
-16.4865
-14.036
-15.5179
-17.4513
-14.833
-13.81
-15.5336
-17.4315
-20.9719
-23.9787
-23.77
-22.2586
-22.2458
-23.2912
-24.1741
-26.1169
-28.4637
-27.4406
-22.0531
-21.1935
-23.708
-25.9839
-24.7501
-23.1065
-20.0983
-16.5277
-14.8014
-15.6301
-18.6476
-21.3303
-20.6772
-19.653
-20.7626
-24.2932
-27.4063
-29.8656
-33.214
-33.363
6.43298
34.9388
53.3841
65.2752
71.8104
72.7582
68.7094
58.2548
41.2391
18.6592
32.9777
19.9484
25.148
29.7234
30.7371
29.6674
32.2957
29.8507
26.0268
26.4769
30.5657
32.4931
26.4955
21.0153
23.4982
27.4506
19.6569
23.4374
23.2351
27.5571
25.4157
27.0456
31.9365
43.8049
51.2913
60.0958
68.9591
75.7371
80.1773
82.4358
83.5153
83.5648
82.2655
79.6401
76.1113
72.0041
67.0314
61.6542
55.7851
49.179
52.61
59.8548
63.0678
62.4378
58.1926
51.403
42.7636
34.739
27.3684
20.2179
14.9875
5.98608
-7.85162
-12.509
-8.90619
-9.01344
-10.1615
-7.89952
-5.8184
-7.39181
-12.8781
-18.2868
-18.3653
-18.1428
-19.4702
-21.6542
-23.5607
-22.8327
-14.7723
-8.33976
-6.31385
-8.81884
-12.7885
-9.78496
-5.47455
-4.69159
-7.28194
-12.3166
-17.8178
-20.9687
-16.4215
-12.5664
-13.2509
-17.5247
-19.061
-16.1146
-15.6323
-18.3134
-19.9868
-17.0584
-15.7054
-30.8271
-26.0789
-24.0002
-23.1774
-23.878
-23.3125
-24.042
-26.6225
-31.7275
-33.2538
-29.956
-28.473
-26.6751
-26.5566
-27.8711
-29.5078
-29.7584
14.2332
24.9924
46.1085
63.9494
76.2408
82.2912
83.5057
80.4622
72.6865
61.2628
49.5508
54.2819
59.2061
59.1792
55.4232
48.8487
37.3527
35.9665
29.8718
28.5582
31.2429
23.6121
33.3854
42.4374
45.8422
41.511
42.5042
53.8656
61.0036
67.8904
74.1067
79.6047
83.5495
85.7542
87.0449
87.4095
86.8643
85.1042
82.4253
79.3137
75.1499
68.9631
60.7522
51.9389
43.2147
33.9278
29.4084
41.444
50.7379
62.0047
68.6609
70.7284
68.6306
63.4423
58.4968
55.4102
50.2691
41.6322
30.2926
17.2571
9.82303
2.63983
-8.85937
-12.4828
-14.4923
-16.7847
-12.6487
-9.66436
-9.56772
-9.7233
-10.4683
-13.9807
-21.7256
-25.9222
-23.2597
-20.4631
-18.9117
-18.849
-15.5293
-10.3684
-8.45685
-11.1067
-17.2832
-12.9137
-8.55976
-8.46808
-12.2069
-16.3297
-17.027
-15.7195
-14.07
-15.0039
-17.379
-20.2104
-21.4441
-20.9022
-21.5604
-23.928
-28.5616
-24.1058
-16.0765
-8.59039
-8.50742
-8.75851
-8.97546
-8.64843
-7.55355
-6.20442
-5.95593
-7.46789
-10.3375
-13.1703
-14.0989
-13.7615
-13.4538
-13.34
-13.2112
-13.5581
17.2238
45.2426
59.8971
70.6075
79.1732
86.7887
92.4652
95.7607
96.9968
96.8988
96.6281
96.6097
96.5423
95.7762
94.0494
91.6391
89.1695
86.9625
85.0576
83.6424
83.1632
83.7922
85.3391
87.4601
89.4972
91.049
92.048
92.8487
93.5164
93.7214
93.3945
92.2012
90.0879
87.1986
83.4537
78.6315
71.5768
62.4545
49.0599
34.9068
33.9344
38.538
41.0388
46.5535
56.2399
64.7723
69.545
73.0599
75.8459
77.0116
76.3894
73.7583
69.2898
63.3247
58.0071
55.2836
51.0575
43.6694
33.3018
19.0527
4.22062
2.12124
5.57558
6.79503
5.77535
4.46414
4.3971
5.78845
7.23658
7.70626
7.05004
5.95399
5.03898
4.84193
4.6217
3.63893
2.35288
2.63747
4.44044
6.05589
5.89085
4.45013
3.50458
4.16824
4.72808
4.36549
4.08145
4.40978
4.30811
3.24838
1.95167
1.702
1.80621
1.25285
0.345161
-0.57479
-1.22301
-1.2494
-0.711325
0.31811
1.11817
-19.2248
-20.3265
-20.3345
-20.4452
-21.1907
-20.6699
-18.8212
-17.3695
-17.8581
-20.4184
-23.0021
-24.3222
-25.0762
-25.8021
-26.5083
-26.3273
-23.3409
11.8948
50.5385
65.4888
76.1851
80.8692
82.9541
82.7615
81.6592
83.4379
86.7388
88.5427
88.857
88.4818
88.6483
89.598
90.5032
90.8872
90.8125
90.5412
90.1304
89.5754
88.9718
88.3477
87.6646
87.0028
86.5209
85.945
84.563
82.1017
78.6739
73.6298
67.2205
59.2261
51.2442
42.1857
25.5881
29.6631
34.4948
49.6249
58.5379
65.085
70.0503
72.7772
74.3406
74.918
73.9514
72.3547
69.7438
66.6987
64.9835
64.3936
64.5974
63.9891
60.483
52.9932
42.2489
29.9962
18.3214
13.0029
11.8896
11.3626
9.18052
5.20267
-1.57654
-6.82526
-6.62023
-4.64085
-4.34909
-5.5171
-6.89121
-7.55732
-7.93696
-6.89709
-5.88189
-5.53954
-5.49287
-6.28606
-8.21065
-8.02692
-6.64033
-5.59127
-5.4429
-5.40758
-6.17179
-7.79177
-8.84152
-7.94685
-6.33947
-5.383
-5.34858
-5.70996
-6.98126
-8.95706
-10.8046
-12.6559
-14.0582
-14.6014
-13.3549
-10.5035
-9.39067
-10.8894
-45.4774
-37.3565
-34.1015
-33.2955
-34.0116
-35.1705
-37.7497
-42.2927
-47.6347
-46.8955
-38.6545
-33.2471
-30.3087
-30.6109
-33.4905
-37.8744
-41.1249
-2.57893
48.0506
73.3239
86.8075
94.1675
95.9035
92.7099
84.4661
68.65
42.2026
41.0039
37.7437
41.158
37.0933
39.3962
40.2714
37.6134
34.81
38.2883
41.6658
40.7508
35.6747
35.8088
36.5546
35.1762
36.5857
37.2435
30.0286
23.3923
23.0294
20.4637
28.6298
38.4779
42.0607
55.7451
65.9872
73.5217
78.8577
80.7736
80.6904
78.656
75.0655
70.9577
65.8866
58.5613
52.0168
43.9482
46.7258
59.6026
70.3513
76.0945
76.988
72.9563
64.3234
55.5106
52.0438
46.6921
37.0296
25.0776
13.2074
7.55325
5.90829
0.0122256
-14.3856
-23.7403
-25.7578
-29.9926
-32.4732
-28.0085
-25.9863
-25.477
-21.8871
-21.2339
-25.3712
-33.5165
-37.1095
-28.2531
-22.8256
-23.3312
-27.3852
-31.4732
-29.5568
-28.4758
-29.8007
-33.1064
-38.4272
-41.8469
-45.213
-39.8027
-37.0314
-34.51
-32.2658
-31.5961
-33.9272
-38.6183
-49.1584
-48.5351
-40.1584
-32.7289
-29.9186
-29.6914
-45.2975
-40.6529
-38.3292
-37.8175
-34.8381
-31.4467
-31.0767
-34.8383
-39.6746
-40.4869
-35.0581
-31.2449
-32.1794
-36.8161
-39.8228
-39.4008
-41.8495
8.92747
51.2919
76.2753
91.702
100.688
104.422
103.273
96.9373
85.3087
65.4752
51.2703
50.1404
46.0469
46.3058
43.661
38.8658
41.2293
32.6981
38.9575
38.3522
35.6549
32.9358
21.6833
18.0362
28.6938
38.8431
39.3265
42.7002
46.5516
55.2181
67.5592
77.3984
84.7748
89.8793
92.2978
93.0415
91.8501
88.479
83.0121
75.2136
64.3819
53.7532
41.2556
50.3487
57.2007
68.7791
76.6991
83.566
87.7672
89.4042
88.2472
83.7858
75.6306
63.7324
53.094
49.5748
45.7601
38.0951
27.5949
18.8294
17.7407
13.9639
4.90784
-9.19448
-14.8474
-16.1321
-20.0874
-23.9789
-18.1258
-11.4247
-8.10415
-8.15394
-10.2438
-13.4422
-18.5228
-24.234
-26.5319
-27.1646
-28.6038
-31.8908
-31.4527
-30.0828
-29.7572
-31.2442
-31.7428
-33.8033
-37.4938
-39.0042
-33.4136
-28.0633
-26.4121
-27.8685
-31.8483
-33.5932
-32.4259
-31.9348
-34.8444
-33.3077
-29.0999
-27.2671
-27.4805
-43.6565
-46.941
-49.4188
-46.8281
-40.6377
-38.0688
-38.2048
-35.4226
-30.9506
-27.5094
-25.3557
-25.7266
-28.4752
-32.5511
-36.3267
-37.6013
-35.8809
19.5749
48.1544
65.2406
82.2075
95.6298
104.496
109.224
110.408
108.849
106.374
104.529
103.646
102.777
100.651
96.3373
89.1653
78.988
68.803
61.1334
54.0728
57.1619
66.3814
75.9102
83.3528
88.5319
91.9251
94.4012
96.5718
98.5026
99.98
100.928
101.177
100.194
97.6044
93.782
88.1152
81.0079
71.3349
60.9727
46.1935
56.2721
67.0624
77.3017
84.9213
90.0794
92.9451
94.2036
93.2972
90.4382
85.6177
78.5494
69.3293
57.7764
46.7429
40.9126
34.6899
29.6319
27.7841
25.7241
24.6155
23.6941
20.3647
11.7521
-2.88056
-14.9501
-17.0455
-20.5728
-18.6201
-13.7963
-12.6868
-15.7358
-22.2569
-24.5443
-19.544
-15.4839
-14.8858
-16.8654
-20.2898
-24.3618
-28.3268
-29.55
-30.3698
-31.113
-26.7375
-21.0872
-17.0723
-15.395
-16.2555
-19.8902
-26.8334
-34.0255
-38.8506
-38.2822
-35.4675
-33.1421
-30.8437
-28.7636
-28.1488
-30.0437
-32.0629
-29.3545
-43.8699
-46.6739
-47.6459
-49.7172
-46.5021
-42.408
-38.3281
-35.8788
-35.3694
-35.0048
-33.1933
-30.7839
-29.1436
-28.2188
-28.6526
-32.283
-39.8352
22.6221
31.3582
42.462
59.1275
77.8412
90.2286
98.6228
104.641
108.963
111.829
113.434
113.938
113.658
113.118
112.638
112.141
111.504
110.772
110.102
109.524
109.036
108.55
107.832
106.731
105.354
104.196
103.435
102.474
100.818
98.4403
94.9286
89.6849
82.6332
73.7798
61.2855
54.9133
58.9685
70.5673
80.4185
87.915
92.968
95.398
95.575
93.3019
89.5439
85.4973
80.6433
73.9753
64.3337
55.5787
56.8501
56.2864
52.9194
45.3223
41.164
39.0416
32.7762
22.7624
23.7201
27.414
27.5937
23.2349
13.6896
-1.01353
-14.7361
-16.5817
-16.674
-16.7031
-15.2765
-15.5606
-19.7834
-23.1044
-21.4202
-21.1495
-22.8656
-23.8047
-23.5592
-23.1822
-25.3047
-30.5561
-38.0095
-38.7062
-41.1758
-41.5277
-31.2965
-21.5684
-16.8087
-16.6174
-21.2784
-30.8086
-43.4594
-33.384
-26.025
-23.7302
-25.0699
-28.3972
-30.8098
-29.3135
-25.0069
-20.5477
-18.1335
-34.4925
-35.4368
-40.2434
-45.8973
-42.6686
-37.967
-36.4854
-36.4394
-35.2703
-32.9455
-30.986
-29.1964
-26.5049
-24.6447
-24.9891
-26.7469
-27.741
20.7727
39.5374
50.8642
59.6051
65.9332
68.3848
66.0143
64.166
71.7859
78.1479
80.9565
79.7499
75.3759
78.2657
88.3727
95.5779
99.7909
101.867
102.695
102.95
102.336
100.31
96.772
91.4132
83.2397
73.2234
70.418
68.8342
61.1745
50.8885
49.4453
56.2236
66.4191
77.4485
87.2436
95.2334
100.745
103.983
105.086
104.263
101.359
96.368
88.7439
79.1621
69.0634
66.9563
73.9268
79.6229
82.3908
82.5196
79.623
73.6906
63.8831
50.7984
39.4224
32.4693
26.9474
19.7699
18.9748
22.0117
22.4785
17.9894
7.68537
-6.15759
-11.7824
-11.75
-12.4025
-11.6169
-9.42115
-8.67891
-10.3144
-12.2827
-11.3417
-10.5735
-13.3496
-19.6999
-23.1309
-21.2061
-20.0937
-23.0639
-27.2816
-25.8843
-22.8693
-22.7719
-25.0488
-28.1384
-28.8936
-26.3692
-23.6411
-24.5802
-27.9131
-28.6487
-25.1864
-23.8166
-25.5237
-27.8921
-30.207
-31.5109
-28.0361
-23.4403
-22.1511
-36.0452
-33.0485
-29.0386
-27.3335
-28.0414
-30.1961
-31.6016
-29.4412
-26.5235
-26.3956
-28.7092
-29.1831
-27.4517
-26.7408
-27.8714
-29.4664
-29.5078
6.47808
28.5348
43.7678
53.0049
60.8089
64.9918
66.8873
65.4369
60.0379
53.6112
54.2039
53.7571
54.091
53.5643
54.7906
57.3566
56.445
53.7623
56.8138
61.1404
62.6174
61.9945
57.4157
58.1978
59.6677
62.4438
63.8557
63.6284
64.507
74.7011
86.9955
96.6312
103.187
107.099
109.375
110.022
108.995
105.98
100.537
92.1575
81.2188
72.074
77.5108
84.1276
88.8352
91.1985
91.6637
90.4885
87.7637
83.0089
75.785
65.1286
50.8457
36.0249
28.9702
24.8074
18.637
12.1088
10.959
13.1909
12.2485
6.87996
-2.33127
-10.3132
-8.92309
-4.96916
-3.34396
-3.84282
-2.85061
-1.59726
-2.93152
-7.95712
-14.2492
-14.5367
-13.615
-14.5881
-16.0492
-16.771
-18.7818
-22.8487
-25.924
-24.8116
-25.2386
-28.5201
-31.2811
-29.5413
-26.8609
-24.6074
-23.7545
-24.965
-26.9114
-26.7536
-26.6866
-26.9798
-25.3453
-23.9796
-24.8312
-27.2136
-27.3375
-26.1506
-26.7062
-23.2868
-24.3248
-24.1248
-24.8145
-27.1579
-27.3392
-24.8236
-24.455
-26.4837
-26.338
-25.3716
-26.2752
-25.8442
-24.3776
-25.566
-30.8318
-38.9933
4.85641
24.2788
43.1413
54.1256
66.1992
75.6705
81.6159
84.4295
84.4872
82.1676
78.3531
77.5682
80.4739
82.2962
80.8347
74.964
63.8922
54.502
53.0983
51.1248
52.8289
64.3122
78.1056
88.4802
95.0445
98.8096
101.489
104.079
106.351
108.029
109.063
108.841
106.929
103.079
96.8428
88.9176
81.5361
74.3797
73.4894
81.4221
89.1719
94.5692
96.7063
96.0369
92.3883
85.6215
75.9537
65.5399
56.3388
45.9056
39.9937
41.3195
37.5382
34.5324
29.796
29.5453
24.689
15.2992
9.00152
3.5848
-2.40115
-8.0274
-6.43557
-4.23796
-2.56464
-2.61671
-4.00163
-6.02101
-4.61967
-1.88376
-2.60829
-7.50298
-14.903
-17.1753
-15.071
-15.2151
-16.7463
-16.7553
-16.7677
-18.1382
-19.1303
-19.914
-21.087
-19.0675
-15.9969
-16.192
-20.0028
-25.0182
-28.6935
-31.7704
-29.7359
-23.8396
-20.6886
-20.9756
-22.8029
-23.0351
-21.4772
-19.1055
-16.7939
-15.4333
-14.805
-37.9567
-39.6916
-34.8228
-29.8238
-26.8732
-24.536
-22.4752
-21.8768
-22.3845
-22.9076
-23.1358
-23.6212
-24.4995
-26.4006
-30.4733
-33.8308
-30.9231
17.0841
36.0564
54.3468
65.6746
71.8614
73.5247
72.8652
74.415
78.4422
81.6627
83.8546
85.974
88.3952
90.8535
92.852
94.2848
95.2966
96.3657
97.6931
99.1569
100.838
102.841
104.989
106.936
108.315
108.934
108.764
107.809
105.974
102.935
98.2272
91.9214
83.3349
74.3178
68.4068
78.0803
87.2657
94.1146
98.1992
99.8587
99.3494
96.3733
91.1452
83.8283
74.397
64.7421
56.5163
55.3146
55.9451
55.6446
53.3469
49.0879
42.6525
30.0945
27.4837
27.2549
26.4345
22.6385
16.8105
12.9323
12.6948
12.6944
11.1148
7.36853
1.43117
-3.56087
-7.18348
-12.0488
-17.2617
-17.5159
-15.0923
-12.7592
-12.0257
-13.2646
-14.8408
-13.2463
-10.0495
-9.60082
-12.5648
-17.8395
-20.5299
-19.2956
-15.6408
-11.0447
-8.62454
-9.23448
-10.9852
-11.4326
-11.8546
-14.9122
-21.156
-26.689
-24.5484
-21.017
-20.2475
-20.4528
-17.5534
-15.5339
-16.4937
-18.8381
-18.1461
-52.0494
-39.4164
-29.4177
-23.9095
-21.8363
-22.5077
-25.6989
-31.8509
-40.1039
-41.5029
-36.509
-32.126
-30.2797
-31.4259
-34.7386
-37.4191
-34.4757
13.5518
28.9125
41.8229
53.9202
59.8982
61.5142
59.6548
55.1762
47.6442
40.3325
45.9455
45.9181
45.073
53.7875
64.5991
72.7034
79.0099
83.7434
86.9664
89.0847
90.2537
90.2726
88.7803
85.1317
79.1471
72.5777
69.1192
65.7936
61.0172
57.7277
53.9958
61.4061
72.4435
83.5343
91.9812
97.402
100.079
100.15
97.776
93.15
85.494
74.1818
61.9637
62.8915
66.1852
66.4583
64.9338
61.2445
56.5875
51.0552
44.7246
38.9538
34.4796
33.9477
32.5205
31.0814
28.8488
25.3991
22.8347
22.209
21.6453
18.7764
12.8609
5.65682
0.489092
-5.75451
-16.2846
-29.4977
-30.1884
-27.0994
-22.6498
-18.3331
-16.1563
-16.8891
-19.6921
-20.9675
-20.3144
-19.3387
-18.0383
-16.4071
-15.9525
-17.0721
-19.5202
-22.1508
-23.1485
-22.3701
-21.0302
-19.3048
-17.6873
-16.8915
-17.2572
-19.1631
-22.4765
-25.6754
-27.3163
-27.2148
-25.205
-21.4497
-18.3025
-16.7397
-16.1848
-37.3402
-41.1195
-39.5139
-38.2187
-41.1428
-45.2644
-43.4699
-38.9294
-35.3571
-31.9857
-29.8296
-30.4981
-33.4169
-35.5865
-34.1977
-33.8809
-34.3964
-0.919562
20.8723
35.0144
52.7291
66.5736
75.1098
79.6406
81.0393
80.2607
78.5692
76.1649
72.4731
65.8115
55.5728
47.6019
44.9829
43.7715
41.1048
38.4157
34.0669
31.5142
39.2245
41.2616
43.66
48.7703
55.3897
62.0479
69.7569
76.3569
81.684
86.3651
90.4298
93.4462
95.0932
95.0237
92.8872
88.0208
79.6196
68.721
58.9467
60.9994
66.2936
70.1038
70.375
67.6556
61.6613
52.3135
47.868
51.0944
55.2289
56.8914
55.0363
49.3814
40.7839
31.6396
28.7624
26.0648
21.1276
13.5513
6.51099
3.8594
2.39327
2.71676
1.72731
-3.68529
-13.7944
-19.8108
-19.6788
-21.9688
-27.2306
-30.519
-28.3838
-26.7161
-26.1716
-26.6093
-26.9121
-25.8778
-22.8269
-20.6161
-20.4577
-21.4315
-20.7694
-17.6465
-15.4251
-15.613
-17.3608
-18.4082
-18.6296
-20.2667
-23.9618
-27.19
-26.277
-24.7747
-25.307
-26.2324
-24.8739
-23.5048
-24.9613
-29.5004
-27.7599
-21.5043
-37.0339
-31.0922
-25.2135
-22.503
-21.5397
-21.5375
-23.0857
-27.1704
-33.5095
-34.0706
-28.2958
-25.5446
-26.894
-28.9103
-25.5034
-21.6422
-19.9993
12.5708
27.0192
40.6383
51.8552
63.5391
72.6717
79.4305
84.4846
88.218
90.4408
90.8484
89.2645
86.2364
83.2378
81.6079
81.075
80.7248
80.4619
80.1589
79.5664
78.8772
78.4895
79.0444
80.5022
82.3725
84.1702
85.291
85.4413
85.5551
86.2387
86.5201
85.387
82.1502
75.9609
68.53
67.5063
74.4141
79.3117
80.432
78.655
74.4101
68.9564
62.7993
57.2617
56.2055
60.2808
64.3392
66.9162
67.5165
65.7638
61.368
54.1264
44.9618
35.4158
33.7691
33.4473
31.7095
28.1412
24.8982
21.1188
16.6641
11.6386
7.98468
3.85885
-3.83072
-10.0473
-9.58421
-7.24626
-6.81874
-8.95874
-13.8727
-21.0824
-27.0613
-26.0363
-21.4338
-19.1005
-19.9242
-22.3187
-21.8878
-19.3592
-19.2201
-20.7858
-21.3428
-20.7482
-19.7025
-17.6617
-14.5168
-13.225
-15.0911
-19.6278
-23.0892
-22.9782
-22.6762
-20.0879
-15.3956
-12.1414
-11.8834
-14.8139
-20.9572
-27.5286
-26.0136
-49.4591
-38.4511
-31.2804
-27.0872
-25.8967
-27.1413
-29.9582
-33.5899
-36.2326
-34.3027
-30.4935
-28.4179
-29.1078
-31.7363
-34.1837
-34.6213
-31.1548
14.5269
30.7917
41.406
47.5542
49.4781
47.7936
45.9248
48.1418
53.7246
59.1629
61.5487
60.5981
58.9093
63.908
71.2711
76.6616
80.1841
82.1912
83.2005
83.7293
83.4943
82.4194
80.8147
78.6152
75.1679
70.0376
64.0512
59.9303
55.8083
51.1931
48.378
50.6684
61.0814
70.2321
77.8487
83.5799
85.9508
84.94
80.6804
72.9016
62.9788
57.2226
60.201
65.2119
68.0716
68.1257
65.2591
59.9428
53.3203
47.0598
45.1982
43.9832
38.9288
29.9785
19.747
18.3696
16.9676
13.3891
12.2508
16.9445
20.7191
21.5252
19.0396
12.4497
1.36478
-13.6643
-22.0368
-21.8889
-20.7175
-21.3306
-23.8279
-27.3016
-30.0552
-27.7195
-24.0133
-22.3628
-23.8759
-27.9995
-32.0048
-31.7591
-28.4573
-26.3919
-26.798
-29.3049
-33.31
-34.8811
-34.2087
-32.6602
-31.0398
-30.4485
-30.9687
-33.277
-36.2314
-37.4931
-37.8579
-35.0961
-31.9791
-31.2577
-31.0846
-28.3794
-24.8297
-54.8318
-52.7024
-47.3161
-43.3681
-42.5486
-43.1492
-42.0535
-38.9933
-35.9156
-34.8317
-35.868
-38.8147
-42.2713
-43.6254
-44.0755
-44.7281
-43.5073
7.06025
23.4465
38.0569
48.5089
55.1743
58.4739
59.3453
58.8246
57.7816
57.4127
57.0345
56.0038
52.4911
47.0937
43.5234
42.483
42.0857
42.4474
44.9375
47.3213
49.923
52.0761
49.5235
45.9866
40.3653
40.4302
40.0788
44.71
53.04
65.018
74.9135
81.6448
86.0905
88.415
88.3623
85.6467
79.978
71.6947
64.9026
68.1957
73.2967
75.9476
75.6116
72.0168
65.2203
55.7639
49.5913
52.3122
56.0767
57.5685
56.5277
52.5869
45.5003
34.6879
23.7217
22.1076
21.4649
18.6001
18.7235
21.7356
22.0793
18.4221
11.4773
5.03667
-1.56411
-9.03085
-15.61
-19.6756
-19.9331
-19.1198
-20.1488
-22.646
-24.8893
-28.0186
-34.2058
-39.9946
-40.2517
-36.5432
-32.9797
-30.5431
-28.3033
-27.1064
-28.2837
-32.3977
-37.2435
-39.5227
-36.2145
-32.4149
-31.587
-34.8965
-40.497
-41.1411
-37.0497
-33.013
-29.6607
-26.8869
-26.0196
-27.9124
-31.7757
-32.9704
-29.9298
-48.7777
-46.904
-44.092
-42.1686
-41.4535
-39.2264
-34.5049
-31.2624
-31.4858
-34.6646
-36.8688
-35.242
-33.5136
-32.8236
-32.8421
-33.1942
-32.3126
4.39727
25.1871
41.5659
51.1766
57.5785
60.6163
61.8144
64.0276
69.1747
74.7807
78.9052
80.6539
80.2799
78.2402
75.1748
71.6942
68.2767
64.9514
61.4917
59.1764
59.8945
61.0126
62.6723
64.2991
64.9203
65.8225
68.4902
72.6593
76.8497
79.9768
81.4711
81.5033
79.4933
75.3746
69.0063
61.1286
59.1658
63.9695
68.3304
70.0799
69.6347
67.105
63.1703
59.5751
59.1059
61.453
63.0612
62.582
59.7897
55.0544
48.1502
39.4791
28.939
22.2275
18.9486
17.1791
16.8407
17.336
18.8329
21.5027
22.2398
19.2718
11.2505
-2.45492
-23.3802
-27.1402
-23.8617
-23.5232
-22.3444
-20.3056
-20.2286
-23.0531
-25.5408
-23.8367
-20.1007
-16.5896
-14.267
-14.3506
-17.4012
-23.3278
-31.1727
-33.8579
-31.1678
-29.9802
-31.3265
-34.1987
-38.3251
-42.5772
-44.692
-44.3159
-42.5323
-37.9307
-31.9142
-27.2869
-23.2318
-20.722
-21.0463
-24.7853
-30.034
-30.3648
-28.7482
-50.1508
-42.1751
-36.414
-34.9899
-38.1256
-44.5672
-45.0021
-42.2682
-41.3195
-39.275
-34.1686
-29.9101
-28.1813
-29.0896
-32.1457
-34.555
-33.4985
7.31168
23.4046
32.8579
39.3598
41.5911
41.4299
40.6053
41.9419
46.581
54.0385
59.4123
63.6205
67.4275
71.3049
74.8801
77.6269
79.3218
80.1536
80.325
80.0764
79.1098
77.3514
74.3537
70.2821
66.3782
64.274
64.3594
64.2172
63.0159
59.9491
55.0052
49.8852
54.2428
60.8974
65.3787
67.6141
67.8006
65.5499
60.13
53.457
53.6185
59.3675
63.0739
64.3921
63.4024
60.0188
54.3266
46.6738
41.5326
39.3127
38.1488
34.5181
27.4427
17.6163
13.227
12.3588
10.3269
8.7987
13.7806
16.9915
17.3628
15.0851
10.9718
4.27132
-5.53772
-18.5833
-26.9367
-24.0616
-18.4112
-15.8036
-16.894
-21.5811
-27.7665
-29.025
-25.4213
-22.2228
-21.6525
-23.1071
-25.7117
-28.8569
-30.5917
-29.0363
-27.8654
-29.0254
-33.6013
-39.2162
-41.1835
-40.839
-41.2622
-43.6777
-44.0739
-40.2517
-35.1499
-29.3676
-25.16
-23.5856
-25.118
-28.8222
-29.8451
-25.5465
-22.0147
-42.3747
-41.4345
-39.7879
-40.7293
-45.77
-53.1292
-54.693
-53.2546
-52.1739
-51.3915
-51.182
-51.9553
-51.9508
-49.8016
-47.9827
-47.0496
-44.4581
-2.48989
9.91418
18.2828
28.0041
39.2163
47.3243
51.3764
51.5214
47.5792
40.7743
35.2679
33.2103
30.8881
32.9496
37.4589
41.0997
44.6843
46.5769
50.5318
52.5032
52.3428
48.4628
44.6262
42.0502
38.4563
36.8345
36.6065
39.6847
45.4241
51.5197
57.258
62.4295
66.4129
67.9561
66.8597
63.3888
57.4346
51.8489
53.915
58.9484
61.7934
61.7381
58.7895
52.7635
46.0455
45.0524
46.0098
45.8717
43.6957
39.6013
33.7683
25.2916
15.8632
10.8061
9.93476
6.64309
5.45639
8.5359
14.6904
18.7706
19.2539
16.1121
9.51978
0.171285
-10.4905
-18.5508
-24.6834
-25.1813
-24.1387
-25.2968
-28.6546
-32.0038
-32.3658
-31.4569
-31.9823
-35.3293
-38.9153
-38.454
-37.3713
-38.7163
-40.8751
-40.5933
-38.3304
-39.2387
-43.2624
-47.2024
-46.1373
-44.3915
-43.7028
-44.1715
-45.6301
-46.3368
-45.4569
-42.9811
-40.3335
-38.1552
-36.034
-34.2892
-34.4216
-37.3262
-41.2645
-53.0126
-51.9882
-49.4478
-49.3527
-52.2841
-56.8466
-57.7973
-54.4487
-49.9512
-48.5693
-50.8701
-53.5164
-49.9489
-45.7846
-45.3877
-48.3779
-49.8286
-8.99834
3.0795
23.9002
33.8386
42.7051
48.5529
52.4228
54.7019
55.2305
52.8443
48.2164
45.3156
47.7171
49.7587
48.6772
45.3039
41.3916
38.3777
35.8197
37.7037
40.8571
47.128
53.848
60.2789
64.6305
66.9169
67.9687
68.4996
68.0585
66.0776
62.9988
59.5745
54.9503
48.1741
44.2779
49.5429
55.5825
58.104
57.3705
53.5914
47.5446
43.6012
45.1406
48.7965
50.2892
48.7971
44.1823
37.339
31.292
29.6122
29.8702
28.1013
22.6511
14.4168
8.25819
6.96056
3.13747
0.503763
1.57608
1.87954
0.643556
-3.24399
-9.2737
-15.4712
-21.6006
-24.3839
-27.5249
-31.6519
-35.2766
-37.78
-38.3149
-38.3095
-36.6985
-35.9133
-37.5368
-39.9085
-41.3941
-41.7581
-40.4981
-40.8596
-42.7395
-44.7389
-46.1681
-46.9562
-43.5569
-38.0471
-34.7974
-34.1166
-35.6256
-39.2413
-43.1349
-44.46
-44.2807
-44.0538
-44.0455
-44.179
-44.903
-46.3736
-47.5313
-47.6696
-46.0959
-56.7008
-52.4723
-47.7094
-47.2037
-49.2273
-48.5822
-45.3427
-43.9789
-43.9041
-43.0448
-42.7242
-44.9685
-50.0296
-54.285
-52.7037
-49.8614
-48.6034
-4.50773
7.12819
22.4627
29.8566
32.3141
31.1693
29.5009
31.8422
33.2307
34.9273
37.1006
37.4692
39.4772
43.0082
46.607
49.6206
52.1347
54.1922
56.2886
57.8931
59.7318
60.9073
61.9906
63.1325
64.1389
64.1073
62.625
59.4019
54.0065
45.9343
37.7505
43.2153
51.4432
57.9459
61.1259
61.3428
58.4211
52.4671
46.2226
46.8639
50.6872
51.9741
50.8691
47.0912
41.7018
38.2549
39.9176
41.0402
40.0535
35.8927
29.977
21.0624
11.7333
5.43658
6.72782
1.36047
-1.90453
0.747357
3.85873
3.72441
0.234995
-7.16425
-17.7288
-26.4515
-28.8975
-28.3179
-28.455
-29.0585
-30.6319
-32.7934
-36.8111
-39.9711
-38.4567
-33.5728
-30.1456
-28.222
-27.7654
-28.216
-29.7808
-32.2162
-35.7395
-40.2655
-42.8661
-44.4846
-39.7352
-33.6422
-30.5027
-30.8586
-33.674
-36.6529
-39.05
-41.7241
-43.1148
-41.2301
-38.0629
-37.4622
-39.0454
-40.9542
-42.3151
-43.5787
-42.6494
-48.4368
-46.9589
-44.506
-43.8612
-44.9089
-44.7987
-44.4103
-45.693
-45.8044
-44.2447
-44.6981
-47.5264
-49.1261
-49.1264
-50.883
-54.624
-55.1997
-1.8494
16.591
28.0652
35.3929
41.0245
43.5605
42.9084
39.1243
34.9036
35.006
39.9262
42.2573
41.8495
38.6699
33.5428
27.7837
25.1008
26.7405
29.2168
32.3879
30.752
28.4313
27.7947
30.3172
35.0662
39.4377
46.0462
52.3425
57.2786
61.4402
64.2997
65.6405
65.1923
62.8193
58.8547
54.2804
53.4814
56.5951
58.4947
57.5612
53.7494
48.9041
46.1673
47.8738
49.2072
48.5607
45.5563
40.5823
33.6197
28.29
25.1823
22.3707
17.0617
11.3077
5.92387
4.41935
1.0161
-4.8269
-8.63405
-12.6675
-13.3999
-15.2621
-17.9438
-20.7361
-23.9712
-30.7196
-36.5036
-32.5869
-27.2676
-23.8953
-22.2127
-23.0606
-26.4699
-30.2079
-28.9875
-27.1364
-27.7292
-28.9435
-27.8709
-26.3021
-25.8592
-26.8219
-29.1021
-33.2039
-39.2014
-44.5883
-43.718
-36.4619
-30.841
-28.8002
-30.2033
-34.0482
-37.4042
-37.967
-39.3337
-40.5855
-37.8499
-34.4909
-33.9136
-36.7893
-40.6033
-56.2912
-62.1374
-62.9812
-58.2782
-53.8032
-51.2957
-50.4605
-50.412
-48.9305
-47.6094
-48.4765
-51.3129
-53.03
-51.1428
-49.1594
-49.0566
-50.0561
9.52678
25.8407
35.6863
40.5894
41.6764
40.2551
38.3486
38.9851
41.1351
46.2321
50.8862
54.309
56.6529
58.063
58.3968
57.7029
56.4059
54.7905
53.541
53.2153
54.205
55.3663
56.6117
59.1238
62.0647
64.4544
65.6136
65.7279
65.3518
64.2608
62.1266
58.1919
53.0013
51.7607
55.0151
58.155
59.3195
58.1013
54.6179
50.9746
52.5382
55.1584
55.7966
53.3757
47.9703
40.9839
36.2993
36.2239
36.4433
33.8679
29.4914
23.2884
15.5746
8.2044
8.70187
6.66495
4.89831
1.08533
-4.11722
-9.40062
-13.5074
-17.588
-22.0253
-24.1466
-26.5246
-29.3111
-30.9054
-30.9271
-29.5781
-26.9177
-25.2375
-24.3229
-24.162
-25.1004
-27.0122
-29.3707
-32.7637
-36.844
-35.863
-32.2408
-30.8808
-31.7011
-33.2676
-34.4594
-36.2832
-40.0659
-43.1766
-43.2045
-42.3851
-42.7806
-43.6628
-45.4869
-47.8991
-49.1442
-50.0727
-50.3371
-45.5426
-40.3918
-38.9147
-41.4054
-45.9377
-55.3018
-53.2759
-50.7639
-50.8508
-52.4267
-53.338
-55.4989
-58.5169
-59.5055
-54.3716
-49.4191
-47.3441
-48.6942
-52.966
-57.3882
-58.0135
-52.2253
7.36774
23.6324
33.0892
37.2711
39.1341
39.6691
39.1205
36.8781
32.0829
25.9305
20.0814
14.9839
24.3234
38.1904
48.0482
54.2692
57.8272
59.8656
61.0334
61.6179
61.3041
60.081
58.0875
54.8316
50.6291
46.0253
41.9167
36.5665
30.4986
36.4725
48.1175
56.6084
61.9135
63.8429
62.5189
58.2565
52.319
50.0957
53.059
54.9997
53.8749
49.7438
43.1298
38.3137
39.1867
39.4844
36.8142
30.7313
22.8951
22.2035
23.5418
22.8789
18.9954
11.1488
-0.0255226
-2.79534
-2.30217
-0.586599
1.13402
-0.809203
-5.00564
-13.3009
-25.4183
-28.7679
-25.1815
-23.6871
-25.9115
-29.9968
-30.7914
-30.1008
-28.8221
-24.8022
-21.1818
-20.7138
-23.0204
-25.2346
-25.8742
-27.0484
-29.6212
-31.2103
-31.4429
-32.795
-35.5665
-37.5781
-38.6347
-40.7376
-42.8802
-40.9589
-37.2882
-35.8913
-36.9818
-39.2308
-41.8113
-45.5902
-49.8929
-51.7476
-52.7384
-54.5175
-53.7745
-50.9683
-48.5741
-45.3999
-44.4401
-45.9857
-49.1923
-52.3048
-55.3809
-57.7574
-55.7291
-52.0799
-49.8443
-48.4193
-48.8384
-51.1179
-52.6493
-51.9606
-52.8812
-51.7078
7.11942
27.858
40.0658
46.8345
50.9082
53.5389
55.7347
57.2461
57.313
55.6916
52.1829
47.9269
45.7733
45.9791
44.2744
37.892
27.8734
24.0609
29.6805
35.1097
37.5755
37.8914
45.3624
54.5056
61.2275
65.2886
67.8198
69.5274
70.1921
69.9498
68.9141
66.7572
62.7543
56.8186
54.3929
58.3746
61.4442
61.2816
57.7314
51.4863
46.9092
46.1914
46.3416
44.2581
39.9123
36.1367
35.9865
36.589
35.051
30.5447
25.2781
21.2468
17.0152
14.3521
14.0781
13.4543
13.1127
11.9293
8.99857
3.17716
-5.51206
-15.8806
-19.8503
-15.9332
-13.0205
-13.2069
-15.5793
-18.9811
-23.5175
-30.1293
-33.9028
-28.6169
-24.0633
-23.1966
-24.7447
-25.5158
-25.1695
-27.2492
-32.3359
-36.792
-36.0611
-34.4887
-34.4404
-35.8952
-37.0099
-36.4512
-35.819
-35.8078
-35.9781
-36.5663
-37.2648
-36.2121
-34.9018
-36.0685
-39.5572
-42.543
-43.4898
-45.0606
-44.631
-41.3114
-39.9895
-42.4058
-45.8457
-50.7934
-55.1098
-57.8486
-57.2835
-52.8317
-48.2245
-46.1162
-46.6182
-48.7224
-50.1081
-48.639
-44.7196
-42.467
-43.6428
-46.4986
11.6397
26.2507
36.7761
43.0281
46.3938
47.4698
47.4227
48.0327
49.7231
50.9263
50.7411
49.9403
51.0854
53.8632
56.697
59.4539
61.9978
64.2279
65.6964
67.1381
69.6099
72.4298
74.5915
76.0947
76.8192
76.7353
75.7123
73.555
70.17
65.3343
60.76
62.1498
67.1526
71.1125
72.6685
71.6365
68.2976
64.298
62.8055
62.8778
61.0177
56.4725
50.9081
48.3643
48.5756
47.5633
44.6248
41.6774
41.2865
41.4092
38.8653
33.3546
26.4173
22.9562
23.9067
22.4364
17.968
13.6791
12.7078
9.8964
3.60009
-3.34126
-4.80254
-2.50625
-1.01872
-1.10882
-3.40134
-7.99492
-14.233
-21.0225
-26.3174
-29.0473
-29.0551
-26.3523
-24.4736
-25.1046
-27.5105
-29.7115
-30.7315
-31.445
-32.2429
-33.4017
-35.4726
-38.3517
-41.8175
-42.7636
-40.8424
-38.7407
-38.2269
-39.4271
-40.1074
-38.1118
-35.7671
-35.3665
-37.9677
-40.6469
-38.9293
-36.806
-36.7427
-38.0473
-39.6149
-44.1705
-45.5276
-50.9669
-58.0651
-61.766
-59.0684
-54.0113
-52.0608
-53.123
-55.0054
-53.9381
-50.5349
-46.8585
-44.2193
-43.4057
-45.3436
-47.9475
0.848687
23.6731
35.4574
45.5763
53.3635
58.0888
59.4681
57.3375
51.9974
46.5883
44.9395
45.4665
42.8868
38.6601
37.4463
43.5378
49.7674
54.625
57.8529
59.9647
61.1578
61.5203
60.5561
57.0437
51.6382
46.7172
53.2249
62.3129
69.2887
73.7646
76.1054
76.2788
74.0819
69.6787
63.9237
60.5205
62.1544
64.2797
63.7517
60.7134
57.1287
56.4874
56.8542
55.2413
50.7074
45.5763
44.5636
46.2238
46.4128
44.291
40.8275
36.7687
32.0558
27.0807
24.3355
23.3502
22.2319
20.5033
18.0584
14.4317
10.3309
5.28896
1.74359
0.517081
-2.47951
-9.09257
-19.4726
-28.2781
-26.1476
-23.9023
-23.9671
-25.0784
-26.0074
-27.817
-31.2189
-34.4834
-35.326
-34.7705
-33.9821
-34.2116
-34.1678
-33.5235
-34.1698
-36.809
-39.6292
-39.542
-38.6751
-39.3195
-39.831
-39.4744
-40.5913
-44.3976
-49.4389
-49.2951
-46.7878
-45.1135
-44.7002
-44.6586
-43.6286
-39.9703
-35.7595
-53.8124
-54.936
-58.5116
-64.5481
-67.9027
-65.2588
-60.1655
-56.0486
-52.7066
-49.0919
-46.7253
-47.0441
-50.3947
-55.7502
-59.8839
-59.4643
-54.145
-5.09284
11.8312
31.5965
46.3863
55.1003
58.5482
58.3434
57.3917
59.239
62.7426
65.4828
66.6737
66.5296
65.7649
65.4374
65.6343
66.2831
66.9821
67.5384
68.3334
70.9202
74.5174
77.8289
80.6411
82.5877
83.5871
83.5535
82.6431
80.605
77.5965
73.5549
69.4496
71.0125
75.2727
76.921
75.2765
70.6421
65.5326
64.4054
64.747
63.1108
58.8608
53.5589
50.6036
50.2947
49.3151
47.1461
45.7882
45.7056
45.157
42.8234
39.8263
36.8321
34.4743
33.8905
33.5213
30.8892
26.3209
24.4738
24.5203
22.7253
17.1009
7.35623
-2.67418
-10.2974
-14.7846
-18.7136
-21.9175
-26.0153
-30.5541
-32.933
-34.142
-37.0519
-40.6914
-43.694
-45.7602
-46.7832
-44.6903
-40.7907
-36.5743
-34.3805
-34.9423
-38.5286
-45.4182
-52.3707
-49.166
-42.5907
-38.8265
-36.8294
-36.9062
-38.8968
-41.1912
-40.8613
-40.8426
-44.3751
-49.5561
-51.8227
-51.8699
-50.4629
-47.0518
-43.5311
-53.2455
-53.2805
-55.6316
-57.2342
-55.1595
-52.9957
-52.7899
-54.2763
-54.1434
-50.3329
-47.0682
-46.0213
-46.8169
-48.4942
-49.5303
-47.6134
-42.9525
5.45533
28.1965
47.4379
60.9519
69.782
74.2545
75.2691
73.5695
69.6543
63.865
56.9549
51.5133
51.6357
56.4597
64.2029
70.7844
75.4278
78.8244
81.5563
83.7406
85.2097
85.8945
85.5232
83.6875
80.3327
76.1992
72.4344
69.993
71.4344
76.9528
82.8797
87.0988
88.9147
88.0343
84.3913
78.8325
76.36
77.8494
77.8744
74.7501
69.774
66.3382
64.9063
62.3302
58.3418
56.6064
58.1736
58.9097
57.7159
55.3806
52.8992
49.3811
43.6651
36.4616
31.4712
31.4155
31.5526
29.6466
25.4168
20.4314
15.3843
8.04334
-2.69802
-10.3567
-11.4915
-12.66
-15.3857
-20.1434
-25.4591
-29.196
-30.2985
-30.6061
-32.0628
-35.794
-40.3522
-43.3854
-43.9715
-44.8743
-45.7961
-46.0257
-44.1145
-42.3376
-42.5692
-44.6503
-44.1007
-40.6069
-38.2915
-38.1209
-39.283
-41.2564
-42.0692
-39.6105
-37.2359
-37.4697
-41.3294
-46.9347
-47.8568
-45.619
-45.0344
-46.6633
-48.7838
-56.6663
-55.2484
-55.0085
-56.6824
-55.8144
-52.122
-50.7416
-52.9568
-57.2532
-55.2414
-49.5332
-47.1206
-48.0861
-50.0691
-50.5873
-50.0955
-47.1494
9.45001
27.4264
45.6731
58.2505
65.6121
70.5988
75.0606
78.1816
79.1254
77.6216
74.5027
71.9202
70.9142
70.2098
68.006
64.5061
61.3905
58.9694
56.5757
55.3702
61.3956
71.0347
80.0005
86.4582
90.3881
92.5586
93.8787
94.6901
94.5844
92.9914
90.0641
86.4767
83.5345
83.4652
84.999
85.3966
83.7411
81.2514
79.9646
79.5333
77.4468
73.5074
69.7259
67.9868
66.7142
64.3973
62.2885
62.9482
64.3624
63.639
59.6074
51.9813
40.6267
28.8064
28.3976
31.0533
30.7949
27.0387
21.4146
17.6931
14.8664
9.26504
1.36793
-3.10714
-4.91732
-6.72348
-8.50997
-11.8868
-17.4917
-25.5621
-32.5461
-32.7872
-32.3139
-33.9255
-36.2682
-36.571
-34.3685
-32.3765
-32.5289
-35.4931
-40.0683
-42.0987
-40.6937
-39.5442
-39.3171
-39.742
-40.7978
-41.238
-39.8146
-39.6623
-41.5243
-43.5883
-43.9111
-40.826
-36.8569
-34.9345
-35.6296
-37.3914
-38.3776
-38.5194
-38.4244
-47.2929
-46.3899
-46.359
-47.1013
-48.5167
-50.6534
-52.9767
-56.5455
-57.6371
-53.8203
-49.8728
-47.3228
-46.3255
-46.8857
-47.1562
-45.9617
-45.1299
7.73605
27.3278
43.0771
56.6967
66.9037
72.9356
74.8576
72.9263
68.2342
65.5993
67.0088
67.9522
68.2136
69.5142
73.5518
78.8431
83.6435
87.6864
90.8177
93.4322
95.8624
97.8678
98.7396
98.0488
95.9752
93.1954
90.2932
86.9479
82.5949
82.1686
88.0274
93.723
96.7302
96.6363
93.3422
87.7271
85.7024
88.3185
88.9555
86.3889
83.4963
83.2898
82.8978
79.8873
75.9
74.487
73.9072
71.1401
66.6958
62.7656
58.609
51.8426
40.8737
27.079
24.2263
27.4454
28.9242
29.6865
31.2295
32.0838
30.0292
24.2159
14.9984
5.85461
-0.522076
-4.56545
-7.51267
-11.8443
-19.5064
-29.9412
-38.1784
-38.0574
-34.714
-29.5212
-24.7682
-22.7617
-24.1417
-28.6453
-34.7752
-40.3816
-42.1943
-39.58
-37.6674
-37.4746
-37.3863
-36.7076
-36.3514
-35.3078
-32.3598
-29.7753
-29.9236
-33.6108
-38.8523
-37.3956
-32.527
-30.6142
-31.7777
-34.1301
-34.7647
-33.6277
-33.2499
-40.9961
-41.5492
-43.3847
-43.3816
-42.4
-43.1913
-46.5389
-51.5569
-50.5192
-45.2701
-42.7093
-43.3366
-45.3763
-46.6268
-47.7778
-49.8181
-50.8019
0.715966
18.7933
34.6179
52.9605
65.6025
73.5231
78.1616
80.185
79.7906
77.921
76.8267
77.2636
76.9899
75.0647
72.1523
68.8184
66.0342
67.3095
72.5622
76.5677
77.9789
77.0844
76.2697
77.9827
80.5246
82.5492
85.0539
88.6392
92.4558
95.3781
96.9085
96.4827
93.7271
88.7116
83.6506
82.8604
83.7859
83.1658
81.1173
80.3554
81.3928
81.6183
79.713
77.3826
76.7803
76.3451
74.1896
71.4896
69.5893
66.5987
60.2553
49.6561
35.3095
21.1816
14.1813
14.2441
17.808
20.8189
21.6983
19.9279
15.83
10.3263
6.45964
2.75711
-2.32019
-6.98296
-10.8348
-16.7356
-24.1672
-31.0778
-35.9775
-38.1467
-34.3512
-30.1136
-28.4473
-28.456
-27.1253
-24.8892
-24.5283
-26.6228
-29.648
-31.0252
-32.1117
-34.9222
-37.5384
-34.8795
-30.3597
-27.8338
-28.1497
-30.3489
-31.9607
-32.6467
-34.2753
-35.8528
-34.6313
-33.2285
-34.1501
-37.0743
-39.8391
-41.1083
-41.9172
-49.2681
-49.4454
-49.729
-48.9045
-47.7859
-48.3403
-50.8051
-51.8419
-48.4911
-43.4651
-39.6983
-38.4693
-40.1506
-44.3388
-49.3689
-52.8202
-53.0175
-0.724193
16.9735
35.4202
48.5289
57.5534
62.9844
66.1161
67.9151
68.9236
69.5728
70.2946
71.2177
71.4085
71.1005
71.2429
71.8653
72.1019
71.6915
70.7043
69.5186
69.3273
71.2914
74.773
78.5399
81.3048
82.4464
82.3858
81.4504
79.4532
76.1785
72.159
69.2946
68.413
69.6002
70.6507
69.4931
66.4409
62.8597
61.707
61.5164
59.8998
56.7271
55.8512
57.0553
57.6841
58.3094
59.1416
58.469
55.3552
49.9702
43.0562
34.1274
22.4273
10.4469
7.56418
6.67688
8.49394
13.1353
16.0228
15.1708
10.2725
2.40158
-4.17441
-9.13614
-15.7506
-20.5717
-23.4191
-24.7348
-24.8071
-26.544
-31.1101
-34.9236
-34.6954
-33.4523
-33.6674
-35.6416
-37.8353
-37.0509
-33.3508
-30.8187
-30.987
-32.6387
-32.0942
-30.315
-30.2822
-31.574
-31.7093
-32.1263
-34.9677
-40.0962
-42.6228
-39.8728
-37.2313
-36.0919
-36.1993
-36.8814
-36.9238
-34.9622
-32.5575
-32.0282
-34.0164
-53.6922
-53.8977
-53.1268
-50.5276
-48.2873
-47.9663
-48.6551
-48.7489
-47.9138
-46.0144
-43.5781
-42.7007
-43.9525
-45.2588
-44.7856
-44.6582
-46.4344
-5.51264
13.5483
25.2569
36.8459
48.0531
57.5058
64.0712
67.6666
68.3192
66.1103
61.9271
58.6189
57.6397
55.7884
52.1301
49.1498
50.4146
53.2038
55.7292
57.2538
57.0252
55.3114
55.0127
59.0784
63.6371
66.6022
68.7626
70.3987
71.8848
72.242
70.8357
67.4434
63.4322
63.0502
65.5155
66.6266
65.3069
62.6677
61.0435
60.3498
59.1912
57.4614
55.7791
53.9036
52.0522
51.5028
51.0381
48.8204
43.6442
36.4386
29.284
23.6996
18.3801
13.6445
10.1455
7.01284
6.62572
10.5427
13.1714
12.1142
6.93133
-2.3746
-13.001
-19.0958
-21.783
-25.7936
-31.1946
-33.9131
-34.3614
-34.6118
-35.6856
-36.7745
-36.4529
-36.1538
-37.7206
-41.9212
-47.1417
-47.4413
-44.1786
-41.7535
-39.3568
-37.8385
-37.7986
-39.1265
-40.4248
-38.3923
-35.0617
-33.0591
-33.2461
-35.3333
-38.3957
-41.4271
-43.6116
-43.9214
-42.83
-42.0485
-41.2862
-40.6582
-41.0318
-42.1828
-41.7749
-51.8943
-56.523
-60.3258
-56.8545
-51.5958
-48.6979
-48.212
-49.0298
-49.3108
-47.5726
-45.5389
-44.2864
-42.4857
-40.514
-40.0673
-41.7253
-44.6832
-12.2305
5.83397
15.7501
29.0095
39.126
45.1676
47.5187
47.5189
47.0232
47.6954
48.4662
48.9956
48.9229
49.5511
51.7513
54.507
56.682
58.093
58.1286
57.4174
57.9142
60.9639
64.7282
67.4815
68.7514
68.5245
67.1536
64.7112
61.1114
56.6198
53.8089
55.9601
59.0918
60.209
58.5867
55.5214
54.2729
54.5138
52.971
50.2926
49.1003
48.9837
47.9366
46.2875
46.0581
46.3903
45.2588
41.6805
36.1332
27.73
18.8183
9.81434
5.98667
7.92548
9.28419
7.63262
4.66719
1.81052
-1.602
-6.44363
-11.1781
-13.1884
-16.6071
-22.5583
-28.0353
-32.2431
-33.848
-32.78
-32.5113
-33.3865
-31.4157
-27.6261
-25.913
-26.1086
-26.4824
-26.8056
-28.698
-32.7735
-36.8834
-38.477
-39.999
-42.224
-44.0236
-45.4763
-46.9493
-47.6767
-47.6056
-46.8523
-44.7431
-42.4284
-42.0255
-44.2951
-47.3553
-46.7786
-44.3698
-41.9856
-40.0608
-39.3499
-39.8896
-40.919
-41.3735
-48.1377
-51.944
-55.8545
-54.681
-50.7062
-48.1288
-46.6758
-44.166
-41.2667
-40.0231
-40.428
-42.1471
-45.0513
-47.427
-45.9004
-43.2147
-41.022
-10.4086
5.14665
25.386
39.2053
47.2631
50.3329
50.0835
48.9605
49.1609
49.492
48.3424
45.7346
43.2699
42.802
43.1635
41.4429
39.2579
38.4238
42.4384
45.3165
45.8644
45.5026
48.415
54.2867
58.9959
61.2341
61.9418
61.2531
58.8944
54.7548
49.6114
46.2375
47.5197
49.3189
48.9944
46.4521
44.3013
43.4379
41.9728
39.358
37.3897
36.3152
34.902
33.9662
34.2384
34.3939
32.659
29.4518
26.3837
22.4117
17.7588
12.2892
5.5381
-0.413791
-3.90592
-4.95343
-5.73735
-4.65965
-4.661
-8.16009
-15.1559
-22.4158
-28.2034
-34.7818
-39.2965
-38.9886
-33.9465
-28.8983
-26.9468
-27.7592
-27.4002
-24.3801
-22.9333
-24.4926
-26.5506
-26.3773
-26.9977
-30.1636
-32.7758
-31.7579
-30.1131
-29.8686
-30.7313
-31.1836
-30.9165
-31.6867
-34.0371
-36.9071
-38.6724
-39.6036
-40.872
-43.245
-45.41
-42.0967
-35.8689
-32.4342
-32.1353
-33.2529
-33.7009
-33.562
-34.4634
-48.7205
-48.9831
-50.8855
-52.9858
-51.869
-50.1066
-50.2414
-49.5925
-46.991
-44.5778
-43.8049
-44.234
-43.9861
-42.283
-41.3515
-41.9081
-40.7936
-7.19673
14.3378
29.7376
40.5094
47.6878
52.1765
53.9748
53.101
50.3585
47.1021
44.1418
40.7686
39.7198
43.2894
47.6589
50.4569
52.0777
53.3179
53.7092
52.8827
52.2668
55.5414
60.876
64.6701
65.8399
64.6503
61.7065
57.883
53.2301
48.4991
47.3231
51.0275
53.329
52.9623
49.1948
43.2976
40.4231
41.5775
42.2663
42.6777
42.5268
40.328
36.9477
35.7625
35.656
33.9457
31.5596
29.9901
27.7957
21.8857
16.2834
13.0459
8.21835
1.02295
-4.22482
-5.91201
-5.40398
-4.41999
-5.16684
-9.23579
-15.9651
-23.5335
-30.5126
-36.1377
-36.9189
-36.1539
-36.6829
-38.3436
-37.7618
-35.0595
-32.1533
-30.0423
-30.3448
-33.8445
-39.0051
-40.5828
-39.7007
-38.7693
-35.5363
-31.56
-29.9613
-31.2221
-34.2226
-37.0398
-39.4242
-42.2253
-44.4825
-41.9828
-36.6584
-33.2571
-33.2921
-36.7436
-41.9303
-43.2638
-39.8911
-37.4886
-37.1469
-36.9856
-35.3418
-34.4279
-36.3864
-44.7306
-42.6769
-43.2413
-46.2768
-49.9248
-51.147
-49.3967
-46.2532
-43.3868
-41.9172
-42.4173
-45.2299
-49.3858
-51.0167
-49.7391
-48.5003
-44.947
-11.3664
6.42019
17.3878
29.2364
38.8704
44.3483
46.9376
48.7341
50.9171
52.4159
52.408
50.9947
49.3422
48.2802
46.9946
44.8588
43.3067
42.2881
42.2864
41.3318
41.2863
42.5633
46.3719
51.317
55.1106
56.9513
57.4693
56.6789
55.027
52.0684
48.3455
46.6861
48.0255
48.5315
46.4282
42.0954
38.2689
36.9063
36.7008
36.3551
35.9907
34.5818
33.3153
32.4969
31.4516
30.0661
28.6632
26.5339
24.1268
19.165
13.7451
6.64713
0.675611
1.9927
3.86619
2.08916
-0.924287
-3.61047
-7.02493
-12.6087
-19.0363
-24.606
-29.9537
-31.7868
-30.5141
-28.7199
-28.4688
-29.8706
-31.9936
-33.8071
-35.8899
-37.909
-37.4189
-34.9661
-33.9043
-35.1602
-38.0188
-40.098
-38.9251
-37.286
-37.4636
-39.4697
-40.7273
-38.8267
-35.6568
-33.6525
-34.1312
-37.1391
-39.6941
-39.5197
-40.1907
-42.8331
-43.661
-40.2326
-37.1294
-36.645
-39.0304
-43.3725
-47.1078
-47.534
-46.4932
-47.6758
-47.8666
-49.4356
-51.627
-52.7495
-52.343
-51.6658
-50.1093
-46.0934
-40.6633
-37.8549
-38.9788
-44.3637
-51.9923
-53.0437
-50.0591
-45.0491
-17.4378
-1.16053
11.4906
26.3376
37.2858
44.0759
47.7449
50.2779
52.1381
52.6907
50.8293
46.5529
41.5058
41.7212
45.9355
50.1234
53.0744
54.7638
55.1038
54.5225
53.5846
53.5092
54.3725
54.9116
54.2006
52.154
49.5371
47.9022
49.4122
52.6057
54.4785
54.3363
52.5142
51.4645
52.1939
52.3666
51.4275
50.7648
50.5961
49.6229
48.0447
46.4671
44.56
42.6823
41.2621
39.5671
36.198
32.2616
28.7524
24.6213
20.88
17.4347
13.8269
12.6278
12.4128
10.5203
6.45223
2.3074
-0.754207
-5.28058
-11.3559
-17.3041
-20.9272
-24.9162
-30.2572
-33.121
-31.1542
-29.1105
-28.6832
-29.3497
-30.3648
-30.1614
-27.709
-25.3933
-25.6235
-29.1698
-33.5669
-32.3282
-29.4571
-28.7773
-30.3051
-32.1146
-33.2623
-33.926
-32.0189
-29.426
-29.4569
-32.2895
-34.2463
-33.9142
-35.4057
-40.1695
-45.2546
-45.3396
-42.856
-39.7762
-38.1745
-39.416
-43.3891
-47.5489
-49.0386
-48.4257
-45.7061
-44.2926
-45.688
-50.666
-57.0271
-56.573
-53.7376
-50.925
-47.1381
-44.0066
-43.6039
-46.5002
-50.4358
-49.7364
-46.533
-43.0456
-17.0244
-1.97543
9.2989
19.2318
26.966
34.3512
43.0185
51.1982
56.6929
58.8751
57.9654
54.602
50.8462
48.534
46.5938
42.7541
38.2831
36.9316
37.0837
36.2689
34.9122
35.6853
38.5495
41.4993
42.6726
43.8814
45.7124
47.7658
49.4391
50.0764
49.0581
47.7699
47.391
49.4251
50.8377
51.1064
51.2886
52.5937
54.9064
56.5529
56.7388
55.5593
54.0413
52.5998
50.5712
47.6522
45.0237
43.6492
41.8184
37.7242
31.8877
26.1558
22.3254
23.7145
26.0938
25.2213
20.0659
10.5668
-0.302147
-6.36642
-11.7742
-19.4236
-27.7359
-33.1664
-34.1604
-33.1588
-30.5757
-28.0275
-27.1391
-28.377
-31.4249
-34.9121
-34.3935
-31.3925
-29.9844
-30.9641
-32.8988
-32.5177
-30.314
-29.8084
-32.1132
-35.747
-37.1677
-37.5103
-38.6536
-39.2605
-39.0068
-39.2432
-38.9806
-37.8877
-38.2727
-41.4059
-47.1343
-51.7945
-52.2354
-50.3976
-47.7793
-45.0633
-43.1914
-42.7918
-44.0192
-49.1762
-50.7373
-50.3142
-49.032
-48.3919
-48.6951
-50.2101
-52.9391
-55.7447
-55.3063
-52.1275
-49.6639
-49.581
-51.7107
-54.7559
-56.925
-56.7812
-11.3045
4.59159
13.3673
18.8359
23.2004
29.3908
36.0832
40.8708
42.7232
41.5867
38.3791
35.4975
35.0769
35.029
34.852
35.7907
38.2728
40.3595
40.9509
39.8204
38.385
38.8172
40.7088
43.6495
46.6156
48.9521
49.9499
49.7716
48.4556
46.0138
42.8389
40.3463
39.0011
39.218
40.6365
41.694
42.9446
45.6492
49.2097
52.6048
54.6852
55.342
55.7062
56.4267
56.5433
55.5834
54.0842
52.4769
50.2643
47.3187
43.4169
38.2209
31.4395
24.6418
21.217
20.1689
16.839
10.2037
2.31598
-4.45477
-10.6506
-17.7677
-25.1109
-31.2556
-35.8987
-36.6616
-36.0373
-36.3573
-37.4353
-38.5387
-39.4805
-40.9557
-41.7375
-38.8904
-36.0187
-35.9302
-38.7173
-41.3252
-40.4921
-38.9402
-38.8314
-40.0578
-41.9608
-43.8196
-44.2545
-43.1299
-42.0625
-41.1466
-39.5497
-37.7588
-37.2147
-38.3496
-39.1019
-38.7459
-39.3741
-42.4565
-46.9094
-50.5908
-53.1078
-54.7597
-55.4043
-56.7171
-58.1718
-57.4585
-55.2612
-53.7378
-53.1684
-52.7738
-53.0971
-54.3938
-54.789
-53.8482
-53.3146
-53.7069
-54.6497
-55.8699
-57.5554
-58.182
-9.74296
7.59931
17.2329
23.0704
27.452
30.0685
31.3547
31.8394
31.9637
32.1627
31.8355
31.5154
31.6076
31.2165
30.5843
29.508
30.2079
34.1275
39.1723
43.576
46.917
50.1493
53.3209
55.3464
55.64
54.943
54.3132
53.9247
53.8311
53.5235
52.2863
50.0281
46.7807
43.6571
40.8259
37.4469
34.6189
35.0952
36.076
37.1961
38.8672
40.9161
42.8787
44.767
46.5426
46.7652
44.7494
41.1739
37.795
34.3787
30.3967
25.5336
19.7402
11.2834
3.31196
-1.65241
-0.59993
2.62626
4.36985
2.86026
-2.57992
-12.2577
-23.9488
-32.7078
-36.8758
-36.5978
-35.5826
-36.9081
-40.3614
-44.278
-45.5041
-44.7731
-45.0089
-46.9238
-48.6836
-47.6099
-44.5605
-42.3491
-42.4262
-44.8126
-48.0282
-49.23
-48.7294
-48.806
-49.5182
-49.2669
-48.5947
-48.3316
-48.8642
-50.4376
-52.8493
-53.8647
-52.0254
-50.0185
-49.8729
-50.2894
-50.3874
-50.7443
-51.7471
-52.7012
-52.7365
-60.6548
-58.0205
-55.643
-54.5883
-55.7312
-58.2397
-58.2467
-55.6674
-54.1639
-55.0652
-57.8996
-60.9402
-60.6715
-57.3433
-55.1516
-55.3948
-56.9373
-6.75378
10.1216
19.5125
23.769
24.8831
25.1457
27.5349
31.0019
33.4296
33.5923
31.3458
27.0082
21.8197
19.5802
22.5164
27.7724
34.9107
40.816
44.863
47.2065
49.3499
53.161
58.8385
64.1453
67.69
69.6376
70.3785
69.7442
67.2873
63.3314
60.203
59.5135
58.9359
56.7489
53.6468
50.8388
47.3461
41.4885
34.3619
29.6942
28.2095
27.4051
28.7256
29.2273
27.9374
27.0019
27.5328
28.5067
27.713
23.8235
18.1516
12.0279
8.98795
10.7173
12.5223
11.3587
6.85487
1.45055
-1.15454
-4.53672
-11.8974
-22.4614
-29.1533
-31.5975
-34.0547
-38.4087
-43.7323
-47.2686
-46.4629
-44.8343
-43.5744
-43.4969
-42.401
-40.4267
-39.7932
-42.002
-46.1103
-47.2123
-44.4209
-41.9838
-41.2162
-41.4881
-41.6726
-42.1097
-43.2707
-45.2156
-47.0867
-48.4889
-49.5332
-49.8166
-49.8094
-49.792
-49.8148
-49.5409
-47.2842
-44.3006
-43.2467
-44.9304
-47.1775
-47.2149
-47.3563
-60.0356
-58.3029
-56.5613
-55.4805
-55.9626
-57.2514
-58.3133
-60.2072
-63.5737
-65.416
-61.3672
-57.145
-55.7007
-56.782
-59.0738
-61.0967
-62.201
-9.76792
6.45663
15.3279
19.4511
21.0442
21.716
23.116
23.9886
22.1618
18.7366
17.6811
21.1588
26.5599
30.325
32.8376
37.4256
44.6894
51.0715
54.9408
56.8667
58.1357
59.9023
62.2398
64.0384
64.3417
63.0245
61.1691
60.072
60.0566
60.4925
61.1194
61.4659
61.4038
60.624
58.847
56.0766
52.2273
47.3043
42.1842
38.0247
32.8914
23.6795
17.1679
17.9914
19.5121
20.1746
18.7434
15.8543
13.2137
6.02601
2.68751
2.03287
5.67218
9.23006
10.3997
8.31509
3.41692
-3.39659
-10.8056
-20.5597
-28.8908
-35.3162
-36.5379
-36.1323
-36.4865
-38.6671
-42.706
-47.6731
-49.9082
-48.9681
-47.8457
-46.5206
-44.0119
-41.686
-41.0232
-42.1471
-44.3297
-46.1733
-45.182
-41.9327
-39.4658
-38.9255
-39.8041
-41.952
-45.4647
-49.1189
-47.772
-42.4349
-38.5135
-37.1665
-38.4592
-42.3241
-48.193
-52.1857
-50.8602
-49.1669
-49.0538
-48.7343
-46.8413
-45.4803
-46.3756
-55.1887
-59.0276
-61.0789
-60.4885
-58.7662
-57.3717
-56.6874
-57.3113
-58.9702
-60.9596
-61.5826
-61.1805
-61.2127
-61.4265
-60.517
-58.8414
-57.9858
-8.1399
9.16104
18.3325
22.4916
24.0521
24.8387
25.4199
25.2348
23.629
23.8221
28.0223
33.333
38.5041
44.3642
49.8933
53.015
53.3305
51.3735
48.5325
46.5893
45.3716
45.195
48.0856
53.1532
57.8196
60.9284
61.9708
60.8035
57.938
55.8997
57.4399
60.1069
61.2503
60.7887
60.0876
60.2701
61.0732
61.65
60.9937
58.2462
52.9295
45.2136
36.2818
28.7709
22.8297
18.3318
14.4426
12.2968
11.4504
4.73024
0.708277
0.179332
5.33326
10.7872
13.4994
13.2031
10.4728
5.71862
-0.9038
-8.78598
-16.4943
-24.9281
-32.4545
-35.2
-35.5107
-36.482
-38.0002
-38.9992
-40.1948
-43.4773
-47.3208
-47.093
-44.8991
-42.804
-41.1624
-41.1093
-43.3852
-47.0911
-48.9044
-47.2076
-45.6986
-46.2557
-48.342
-50.9477
-53.8517
-56.0563
-53.4357
-48.6074
-45.0084
-43.4566
-43.9842
-45.1881
-46.1357
-47.1801
-48.6934
-49.2986
-47.2128
-44.2864
-42.8077
-42.9229
-43.2824
-59.2895
-60.0498
-60.0904
-58.0836
-55.2842
-54.7272
-57.3239
-61.906
-63.197
-61.5382
-60.5105
-60.2321
-60.0063
-59.6782
-59.4889
-59.5485
-59.1039
-9.95401
5.75775
15.1397
19.9125
22.6461
25.6514
29.7506
33.379
35.0548
37.5152
41.5425
44.9274
46.2788
45.8905
45.2094
45.6162
46.7759
47.5558
47.6227
47.3963
47.0576
46.4136
46.7909
49.4244
52.805
55.0229
56.0152
55.53
53.8065
52.3118
52.6793
54.026
54.6384
54.6005
54.445
54.2425
53.831
53.5143
53.4804
53.327
52.2882
49.7311
45.877
41.7587
37.794
33.1049
26.7867
18.1609
11.2327
-1.17069
-3.69701
-0.46892
5.29599
10.5244
13.4039
13.3831
10.5663
5.22182
-2.31061
-10.9806
-19.337
-27.2016
-36.0426
-43.0491
-43.1683
-39.9299
-37.368
-36.8175
-38.4159
-41.4314
-43.3792
-42.295
-40.3405
-39.138
-38.7105
-37.7162
-35.8766
-34.2489
-34.1722
-36.2773
-40.2044
-45.2776
-50.1429
-55.2847
-58.3678
-56.0424
-50.8034
-46.3181
-43.1694
-42.0928
-43.4967
-46.4656
-47.2224
-45.7461
-45.49
-46.5926
-48.0782
-48.8711
-48.4177
-47.49
-46.9197
-64.798
-62.9436
-60.4588
-58.173
-57.1674
-57.9269
-59.4628
-59.4214
-58.0686
-57.6039
-58.6206
-60.8939
-63.8797
-65.5771
-66.3152
-68.014
-68.2204
-2.47625
15.8477
26.0728
31.262
34.8432
38.9885
44.625
49.5457
52.1358
52.0826
50.1744
47.8569
45.6502
42.8346
39.2386
35.5225
36.4593
40.7683
44.9324
47.8378
49.9144
51.2556
51.2539
50.5548
50.3403
50.8748
51.8092
52.8285
53.8344
54.2573
53.5789
51.9039
49.8019
48.224
47.568
47.4217
47.341
47.2208
47.1853
47.1561
47.366
47.4541
46.7726
44.938
42.5232
40.0808
36.8869
32.3243
25.9153
17.2866
12.6869
12.5921
11.2006
8.23497
7.84431
10.0765
10.5091
7.85951
2.339
-5.44942
-14.7489
-25.9241
-37.2279
-43.0193
-40.0372
-35.6134
-34.0832
-35.4118
-38.7493
-42.6099
-45.3366
-46.6361
-47.4283
-47.5914
-45.7425
-43.3766
-42.0349
-40.9943
-39.6296
-38.7624
-39.7487
-43.3511
-48.6703
-50.1343
-46.6051
-43.3075
-41.6109
-41.4753
-42.633
-45.2777
-49.6448
-55.065
-53.9438
-48.3857
-45.926
-46.704
-49.4252
-50.7212
-48.6892
-46.5177
-46.8088
-59.5375
-58.6065
-57.1294
-56.5642
-57.6904
-60.2487
-61.7782
-61.3324
-60.4356
-59.7449
-59.4938
-59.5544
-58.9162
-58.0803
-58.9577
-62.6628
-67.4456
7.03277
25.2951
36.4726
43.1791
47.9964
51.5579
54.0607
55.2852
54.9415
53.3675
51.2277
49.5908
48.3608
47.3686
47.2891
47.7103
48.2845
49.3315
50.8796
51.8877
52.2024
52.1941
52.2262
52.5045
53.0282
53.5697
54.3677
54.75
54.3761
53.3793
52.2158
52.0209
52.819
53.6066
53.396
52.6344
52.302
52.113
51.2265
49.4187
47.434
46.0198
45.7253
45.9525
45.7162
44.3191
41.6511
37.9687
33.607
29.62
28.0219
27.1338
24.0218
18.2686
12.3365
8.01678
3.48542
-1.75823
-6.27878
-10.0543
-12.8006
-16.475
-21.7336
-27.1894
-31.6514
-36.8166
-41.8723
-44.3454
-46.261
-48.5819
-49.2465
-48.808
-49.6735
-50.4037
-48.1296
-44.6279
-42.9276
-43.52
-45.0943
-45.7571
-45.6471
-46.6997
-48.7417
-48.6591
-44.8735
-42.0846
-42.5226
-45.7977
-48.7559
-48.8069
-49.1275
-50.7742
-51.9964
-50.993
-49.7834
-49.351
-50.5799
-52.9643
-54.1094
-53.9124
-54.1061
-55.6722
-54.4537
-52.4711
-50.105
-48.1874
-47.8076
-49.7304
-53.9918
-60.0082
-65.1707
-66.1155
-65.309
-65.0303
-65.2022
-64.3363
-62.4611
-59.981
1.34784
18.69
31.6988
42.1797
51.2382
57.7593
61.5875
62.7042
61.4049
58.6701
56.0097
54.0419
51.7877
49.3092
46.9309
44.8858
44.825
47.2238
50.3383
52.4939
53.4703
53.5665
54.1947
56.724
59.8048
61.7857
62.1216
60.993
58.9049
57.0142
56.7916
57.1678
56.6518
55.0231
53.597
53.0899
52.776
52.0884
51.0936
49.9107
48.9114
48.1058
47.484
47.0238
46.7265
46.1624
44.4778
41.2654
36.9513
33.3926
31.7353
30.0201
26.6507
22.6188
19.5929
15.8299
10.265
4.46127
0.173671
-2.67899
-6.15516
-11.8344
-20.5444
-29.655
-34.0792
-37.6064
-41.2923
-43.442
-44.4299
-45.7603
-48.0316
-51.3029
-51.8902
-48.3266
-44.9691
-43.4956
-43.9274
-45.8042
-47.5102
-47.299
-45.9819
-45.8224
-47.1033
-48.7206
-48.1849
-46.7498
-47.5549
-49.4245
-47.9025
-45.0349
-44.1335
-44.7922
-46.3529
-49.3509
-54.0563
-56.8901
-54.8889
-52.6421
-51.6848
-51.9399
-53.0403
-59.1263
-59.7783
-61.1927
-61.7113
-61.8001
-62.4174
-63.4262
-64.5559
-64.5821
-62.9206
-62.2615
-64.2379
-68.2184
-70.1066
-67.2461
-63.2728
-59.4325
4.92827
23.5764
35.513
46.4788
56.5617
62.8994
65.7957
66.0021
64.4715
62.3761
60.4263
58.554
55.9994
52.6383
49.081
45.7076
42.8719
42.9321
46.0117
49.3213
51.3384
52.2869
52.9012
54.2384
56.3337
58.2855
59.4875
59.3809
57.8128
55.8927
55.1286
55.0591
54.4011
53.1018
51.8222
50.99
50.4634
49.9839
49.0581
47.5463
45.6317
43.8448
42.7261
42.3286
41.8401
40.4714
38.4122
36.1276
33.2699
30.1589
27.7876
25.0287
21.1318
18.9709
18.5775
16.0986
11.1064
5.45808
0.412033
-5.03163
-12.6422
-20.3744
-24.6067
-27.9279
-33.0903
-38.9931
-42.7188
-45.6504
-46.8068
-47.2649
-48.4971
-50.5139
-51.9042
-51.4879
-49.6467
-47.5606
-47.2532
-49.0907
-51.2374
-51.5605
-51.5722
-52.6451
-53.706
-54.0271
-54.2757
-53.5884
-51.9067
-50.42
-49.1761
-48.2835
-48.5836
-50.4112
-53.5238
-57.2701
-60.7813
-59.8339
-54.017
-49.2836
-46.6885
-46.285
-47.6953
-63.1841
-65.4422
-66.8175
-66.402
-63.2626
-60.0209
-59.2419
-61.3414
-63.6076
-62.3282
-60.9648
-62.5567
-66.9639
-68.6785
-63.9924
-60.3006
-59.2348
4.71402
21.7043
33.0479
42.6015
51.6616
58.1477
62.1338
64.2312
64.6178
63.3002
60.6386
57.72
55.2487
53.436
52.739
52.8098
53.4516
55.0335
57.0632
58.2678
58.3055
57.5757
57.3016
58.4543
60.5525
62.5005
63.6384
63.5025
61.9423
59.7797
58.9477
59.031
58.5043
57.0769
55.336
53.7539
52.6462
51.8811
50.9339
49.4611
47.5662
45.6385
44.6307
44.555
44.2127
42.8182
40.2946
37.3293
34.2188
30.664
26.8745
22.5388
16.3735
10.5497
9.1393
8.62942
7.2633
3.73501
-2.88233
-12.652
-20.7962
-23.2902
-22.8315
-24.9736
-30.3479
-36.292
-39.1652
-41.463
-44.0414
-45.5553
-46.2409
-47.5938
-49.9796
-51.4347
-50.4953
-49.9089
-51.4053
-54.613
-55.9332
-53.3365
-49.1349
-46.129
-45.2739
-46.8218
-49.86
-51.935
-52.2192
-51.8113
-51.2164
-51.5484
-53.5628
-57.2525
-60.7084
-60.0834
-56.7456
-54.0625
-52.2
-50.4757
-48.908
-48.5128
-50.1429
-66.7623
-67.0272
-64.8975
-63.5361
-62.7454
-62.6197
-63.7597
-65.9494
-66.6394
-65.0238
-63.9747
-63.9542
-64.1656
-63.5868
-62.6249
-62.0831
-61.7178
0.399029
16.908
26.0117
30.6098
33.8613
38.8949
44.9462
49.3543
51.8862
53.2643
54.0938
54.3841
54.2997
54.293
54.9844
56.5332
58.2497
60.0705
62.2226
64.4598
66.3167
67.4251
67.8121
67.9475
68.4751
69.6134
70.9937
71.7664
71.373
70.0697
68.8231
67.9165
66.7866
65.2305
63.6434
62.117
60.3092
58.478
56.8882
55.2511
53.2774
51.0659
49.43
48.7007
48.2281
47.0189
45.1721
42.8905
39.7044
34.6426
27.6157
19.2436
10.3692
5.5975
6.05071
4.84339
0.682707
-6.47697
-14.1104
-19.0399
-23.2662
-29.0986
-33.6069
-37.1995
-41.213
-45.9432
-48.0926
-46.8371
-45.4181
-45.9211
-47.8506
-50.4307
-50.9324
-49.4166
-47.7314
-46.7727
-47.0642
-48.3776
-49.7398
-50.9227
-49.8861
-47.9152
-48.0475
-51.3821
-56.8148
-59.1712
-57.9629
-56.2042
-54.4229
-52.5206
-50.5678
-49.4206
-49.5721
-50.4226
-50.8262
-51.278
-53.2575
-57.0443
-59.6509
-59.6122
-59.7015
-57.322
-59.227
-61.7052
-62.3428
-60.9235
-59.7832
-59.7374
-60.032
-59.8173
-59.6821
-60.155
-60.067
-59.3796
-59.3577
-59.8288
-60.3316
-60.138
-1.45295
15.1877
24.25
28.1742
29.6137
31.4053
35.5335
40.0422
43.1437
45.0021
45.9046
46.2159
46.417
47.3032
48.6621
50.3204
52.8071
56.3352
59.9205
62.409
63.561
64.011
65.4898
68.9194
72.4765
75.0231
76.2677
76.0838
74.9025
74.3599
75.2494
76.1149
76.095
75.232
73.6635
71.6904
70.06
69.1314
68.2962
66.8252
64.3293
61.2226
58.8755
58.1144
57.6056
56.0466
52.9656
48.5559
43.336
37.5402
30.3651
20.4437
7.14053
-0.60469
1.33722
1.17293
-2.07583
-9.39264
-18.8364
-27.9039
-31.8948
-35.2665
-37.5662
-40.2805
-44.9104
-50.1144
-49.8952
-46.2665
-44.4653
-45.568
-48.2175
-48.9851
-46.8272
-44.6959
-44.0492
-44.4607
-45.0453
-45.6258
-46.3484
-47.3951
-46.6695
-44.6373
-44.295
-47.4044
-53.6269
-57.5977
-56.0927
-53.6085
-52.3643
-51.9051
-50.7977
-49.409
-49.1346
-49.2392
-48.8508
-48.4453
-49.6815
-53.516
-59.6786
-63.5861
-58.2303
-61.0793
-60.674
-60.3585
-60.6898
-61.9241
-63.2166
-63.0972
-60.7119
-58.0181
-57.1957
-58.6311
-61.255
-63.2249
-64.3795
-64.5703
-64.3977
-63.1653
-5.58554
11.0148
19.9367
23.7525
24.1719
23.9753
27.6694
32.6686
35.4772
35.8836
35.4254
35.8813
37.554
39.4467
41.1451
43.6118
47.3567
51.3551
54.0974
55.3839
55.9761
56.7753
58.0323
59.373
60.6226
62.2806
64.3823
66.2038
67.1793
67.6021
68.3424
69.4306
70.0487
69.8346
69.0421
68.2857
68.0369
68.4057
68.8164
68.3404
66.5963
63.9665
61.5347
60.014
58.8055
56.6925
53.1036
48.1253
41.8719
33.7972
23.1557
9.72951
-4.66204
-13.1735
-12.7544
-16.0762
-20.1357
-27.1603
-32.379
-40.0359
-40.5988
-40.8115
-40.5589
-40.9547
-42.0704
-44.1854
-46.9422
-50.2975
-50.3791
-47.5279
-45.7578
-45.3965
-44.5244
-42.5592
-41.799
-42.9586
-45.264
-47.8584
-51.0908
-54.344
-53.5847
-50.6515
-49.4597
-51.2792
-55.3448
-58.1547
-57.858
-57.2019
-57.181
-57.5381
-58.0179
-58.6106
-58.7474
-56.011
-51.82
-48.6469
-47.7852
-49.7932
-54.1432
-57.3859
-56.4407
-61.187
-61.5737
-61.7387
-61.8735
-62.8425
-65.3448
-69.1251
-72.0151
-69.8627
-66.2472
-64.7429
-65.2991
-66.4334
-66.3294
-64.825
-63.2002
-61.3888
-6.86032
9.34393
18.2851
22.5365
25.2331
27.8837
31.3504
34.2419
35.8968
36.6741
37.5087
38.9807
40.3441
40.7525
40.6159
41.5212
44.2445
47.7449
50.561
52.142
52.8636
53.3945
54.391
56.4182
59.0016
61.1474
62.3757
62.3614
61.5809
61.5698
63.1159
64.814
65.7498
65.928
65.4548
64.8127
64.7863
65.5934
66.2557
65.8967
64.2425
61.8459
59.9329
58.6897
56.9409
53.55
48.001
40.8278
33.3692
27.082
21.1452
14.3887
6.21729
3.02626
5.25442
5.10482
0.847327
-8.33967
-19.854
-29.0955
-33.239
-39.2562
-43.4436
-45.8074
-47.3086
-48.0087
-48.5298
-50.4381
-51.6733
-50.3836
-48.8876
-48.8938
-49.652
-50.5401
-51.5859
-52.488
-52.9734
-52.5536
-50.0788
-47.0715
-45.7783
-46.5614
-48.3345
-49.9664
-51.8901
-53.6266
-54.6352
-56.0141
-58.1271
-58.7965
-57.0492
-55.7387
-56.3534
-58.9246
-62.8311
-62.3732
-56.8801
-52.7413
-51.3905
-52.1376
-54.0799
-60.1233
-62.1726
-65.4732
-67.0986
-66.431
-66.1366
-67.0078
-68.7672
-70.1891
-68.9664
-66.7944
-66.0312
-66.2013
-65.4217
-63.9455
-63.171
-61.8313
-1.3594
15.3877
24.5275
28.6385
29.3019
28.785
30.9075
34.9063
37.4495
37.6343
37.0025
37.5801
38.9369
39.8127
40.1962
41.0779
43.7652
47.6509
50.3658
51.1669
51.1182
51.7133
53.2151
54.9645
56.4423
57.8906
58.956
59.2663
58.9302
58.8405
59.6757
60.9555
61.7572
61.5441
60.5794
59.7733
59.7356
60.0934
60.0333
59.2264
57.891
56.3365
54.6348
52.6705
50.2538
47.234
43.4716
39.3687
34.5536
28.1401
20.572
12.8578
5.46666
2.3898
3.49614
2.51359
-1.96668
-10.0401
-18.8984
-24.0284
-27.3824
-32.1379
-37.2537
-39.4206
-40.663
-43.3543
-46.1612
-47.3916
-46.1336
-43.4486
-42.3196
-43.7872
-45.6254
-45.6553
-45.5544
-46.5526
-47.9866
-49.2745
-49.487
-48.1849
-46.9264
-47.0761
-48.8234
-51.6739
-53.6221
-53.4415
-53.0004
-53.5613
-54.4807
-54.5386
-52.9734
-51.1741
-51.3111
-53.552
-56.6682
-57.9476
-56.7154
-54.9026
-53.8632
-53.2219
-53.0989
-64.87
-65.5219
-65.382
-65.4753
-65.1316
-63.6983
-63.0516
-64.2817
-66.1693
-66.5975
-65.7786
-65.1711
-64.7765
-64.0287
-63.9021
-65.5205
-67.0793
7.38085
25.9049
36.2385
40.5579
40.049
35.126
28.7052
28.0215
30.1413
32.1995
34.3097
35.4807
34.9997
33.7308
33.6362
34.7417
36.0747
37.5942
38.8816
39.6004
41.1717
43.9146
46.6732
48.7262
49.7754
50.3315
50.3656
50.1729
50.2728
50.7892
51.4721
52.5881
53.5434
53.9282
53.3891
52.5193
52.151
52.6832
53.2318
52.7303
51.0799
49.098
47.4839
45.9038
43.9122
41.2266
37.7353
33.6595
28.5842
22.0404
13.8643
5.15353
-1.73451
-1.95307
-1.30974
-5.45391
-13.7585
-25.8819
-32.7416
-38.0349
-39.0629
-40.5435
-41.0036
-41.3074
-42.4511
-44.4892
-47.0923
-49.6075
-50.0302
-47.9795
-46.7325
-47.4708
-49.0453
-48.8317
-47.1134
-46.4274
-47.6717
-50.472
-53.011
-52.7589
-51.5746
-52.6245
-56.0546
-58.1742
-55.9423
-53.3952
-52.833
-54.0968
-55.9963
-57.3542
-58.6971
-60.8561
-62.2569
-59.3359
-55.236
-53.1791
-53.4017
-53.8308
-53.1352
-53.3538
-55.9361
-67.3362
-68.8921
-66.4264
-62.6647
-59.9796
-59.0769
-60.2581
-62.6351
-64.2573
-65.0186
-65.5859
-65.3723
-64.419
-63.6196
-63.8609
-64.9015
-65.0779
0.46161
18.1415
28.4984
33.0913
33.1514
29.6468
25.6358
25.139
24.2668
23.1932
23.4901
23.9835
22.4801
19.6756
19.8017
22.6749
24.5984
25.126
25.7483
26.1088
25.928
26.7459
29.2355
32.2516
33.5547
34.2664
34.7602
34.8593
34.9591
35.3272
35.767
36.9751
37.4053
37.4484
36.7856
36.0436
35.9306
36.7898
37.972
38.1768
37.356
36.021
34.8856
33.9532
32.9365
31.8168
29.9911
27.0417
22.3043
14.4678
3.47172
-9.67518
-16.2759
-15.8728
-14.4957
-20.0162
-27.0287
-35.695
-37.0033
-43.1857
-43.7034
-43.6318
-43.9157
-45.0944
-46.4752
-49.0812
-53.1932
-56.5121
-54.9363
-50.7574
-47.3977
-45.8964
-46.1489
-47.0904
-47.6479
-48.0553
-49.2231
-50.9067
-52.0633
-52.9936
-54.9201
-58.0169
-59.4301
-58.3372
-56.7522
-55.4912
-53.9041
-51.8133
-50.6628
-51.7143
-54.4347
-57.0986
-58.9239
-59.288
-57.9924
-55.659
-53.6964
-52.8739
-53.5005
-54.9983
-55.9637
-64.6451
-65.6015
-66.6502
-67.1279
-66.5222
-65.2231
-64.1473
-63.2986
-62.2299
-61.4533
-62.0878
-64.2994
-65.6743
-64.1465
-62.3567
-62.1355
-62.9033
-14.9236
1.18335
10.4911
14.3471
14.171
10.731
6.65949
7.42257
5.15447
4.68466
6.73581
8.58865
8.66723
6.87371
5.47234
6.23053
7.29372
7.40845
9.06168
11.1448
11.3329
10.6174
11.8962
18.338
21.3352
22.6376
22.3542
20.6621
20.555
21.6561
21.8133
23.787
21.247
21.0816
19.8178
18.2681
17.2277
17.3853
17.6315
16.9937
15.3512
12.6073
12.1619
12.9579
12.8681
11.7261
9.31409
6.76437
2.38005
-6.31792
-14.4413
-20.5308
-26.4174
-34.1638
-27.495
-42.2859
-42.4183
-44.3545
-38.8782
-47.5907
-50.1147
-51.3777
-49.1919
-47.4943
-48.0825
-51.5471
-54.2405
-53.5359
-51.8033
-50.2762
-49.3964
-49.2027
-48.9832
-49.038
-49.9044
-50.9163
-51.8465
-53.1912
-54.0348
-54.2672
-55.0887
-56.7456
-57.4377
-56.9977
-56.7011
-56.902
-57.1736
-56.3803
-54.984
-54.943
-57.0066
-60.012
-60.9498
-59.6209
-57.274
-54.2869
-52.1431
-51.7217
-53.0625
-55.4084
-57.7905
-64.795
-66.5697
-69.3678
-72.243
-71.9075
-68.3354
-65.3518
-64.6522
-64.9859
-64.58
-64.2135
-65.7531
-68.3782
-68.8472
-67.9938
-67.6768
-66.3682
-21.6363
-6.81754
3.83768
8.23519
8.67496
6.77297
9.9201
16.8573
20.5954
22.7832
24.101
26.2639
29.8222
32.7514
33.7993
33.1114
32.0751
32.9162
35.0571
35.8937
34.0549
30.5827
30.1757
33.7854
36.2642
37.4124
38.0643
39.1305
40.086
40.7937
41.0907
41.1918
40.0689
38.5944
37.0695
35.9491
35.8186
36.3361
35.9665
34.2567
32.0013
30.1508
29.1776
28.1511
26.326
23.5678
19.8226
16.4653
13.6043
8.47984
1.26279
-9.87516
-19.7621
-26.4122
-23.6012
-33.4473
-35.7464
-38.9107
-37.4622
-46.1017
-49.2247
-52.6342
-53.1613
-50.5914
-48.8577
-49.7102
-51.9177
-53.1812
-52.2711
-50.4921
-48.8975
-47.9139
-47.8283
-49.1561
-51.5797
-53.1198
-53.8116
-55.4135
-56.4033
-55.5345
-54.6114
-55.4241
-56.5177
-55.7608
-54.1031
-53.3284
-53.78
-54.8443
-55.2663
-54.7022
-54.0498
-54.2308
-54.8274
-55.2295
-55.9121
-56.0632
-55.6227
-55.4449
-56.1863
-57.8035
-60.1741
-65.8889
-67.3202
-66.311
-64.6856
-63.5016
-61.9271
-59.8926
-58.4197
-57.6536
-57.5909
-58.1909
-59.1952
-60.3929
-61.9855
-64.3368
-65.7233
-64.8298
-15.2666
1.03408
10.5388
14.3174
14.797
16.0488
21.2603
27.0176
31.6987
35.0274
37.7329
41.2708
44.6219
45.8975
44.6549
41.7675
39.3664
38.7662
40.5086
44.1238
47.7807
50.6046
52.4731
53.6659
54.2905
53.8391
52.3475
50.9933
51.0426
52.1851
53.8314
54.8906
54.3275
53.1039
52.349
51.435
49.406
47.3104
46.7119
46.8333
46.6441
45.6292
43.4669
40.3447
36.5527
32.3697
28.3421
25.2054
22.0085
15.7941
7.31492
-3.53599
-14.0856
-18.5822
-17.6025
-23.6274
-27.6581
-32.9011
-33.0855
-37.4059
-38.1401
-39.7318
-41.5732
-44.13
-45.7451
-45.7678
-44.1702
-43.8788
-46.0555
-50.0637
-52.054
-49.7298
-47.6571
-48.2013
-51.3225
-53.8308
-52.6968
-51.6938
-51.5212
-49.3513
-46.7365
-46.5089
-48.4081
-49.7395
-49.5394
-49.7265
-50.5535
-50.4171
-49.4658
-49.4945
-50.5911
-51.3794
-51.8215
-53.3944
-56.0747
-56.6733
-54.9627
-53.9306
-54.8639
-56.8014
-56.6592
-62.3915
-63.0453
-61.3175
-59.3797
-59.2529
-60.2596
-60.791
-60.5577
-59.4887
-58.0199
-57.6391
-59.0649
-61.8253
-64.7517
-67.1297
-68.3408
-67.0813
-14.2217
1.64285
10.7886
14.6249
15.9057
17.5383
21.7487
26.4868
30.1971
33.6286
37.5787
42.1833
45.4095
45.7325
42.7705
37.8717
37.5515
42.6915
47.1987
49.5391
51.0551
53.1926
55.0286
55.8389
56.1778
56.2093
55.3379
53.9786
53.6741
54.6985
55.9137
56.404
55.8497
54.8797
54.0717
53.265
52.4312
52.2039
52.901
53.378
52.5721
50.2875
47.1656
43.7032
39.3481
34.6923
31.9635
30.3599
27.836
23.0281
15.864
5.91003
-5.45292
-9.24879
-9.09794
-13.07
-19.2627
-28.4695
-35.5374
-43.6064
-42.1973
-42.2021
-43.9499
-46.6775
-47.7284
-46.7246
-44.9395
-45.0456
-47.3433
-50.1038
-50.5515
-49.5259
-48.9739
-50.0672
-52.9721
-55.4221
-53.9701
-51.9675
-52.3374
-54.4379
-55.449
-54.7232
-52.7857
-50.0266
-48.4938
-48.7817
-49.5537
-49.3219
-49.1788
-50.4714
-52.8163
-53.8741
-53.6275
-54.1113
-56.6495
-59.933
-61.7508
-61.7389
-60.1698
-56.26
-51.5823
-64.7449
-63.6912
-64.4197
-66.132
-66.6563
-65.0841
-63.6629
-64.3721
-67.0531
-69.3459
-69.4232
-69.0643
-67.9875
-65.9336
-64.4809
-64.8192
-63.9714
-14.2765
1.63863
10.4778
14.6438
17.8159
21.7701
25.4321
28.172
30.2631
31.7077
33.0999
34.9701
36.9198
37.7181
36.9008
35.7394
36.6596
40.0793
43.9254
45.8986
46.0016
46.183
48.4093
51.2597
52.7886
52.4425
51.2938
50.3135
49.8454
50.8377
53.1169
54.3494
53.7262
52.6607
52.2511
51.4771
49.9624
49.3174
49.9699
50.2355
49.5081
48.2246
46.4502
43.1714
37.6681
30.0368
23.5759
22.0875
23.7481
24.7632
23.324
17.9518
7.17106
-6.62378
-12.1959
-17.5738
-24.2934
-31.7119
-34.5773
-40.1231
-41.887
-44.4403
-46.7381
-49.2918
-51.0637
-51.9513
-52.3708
-52.5288
-51.865
-50.5242
-49.4109
-49.5802
-51.1243
-53.7455
-55.9873
-55.4363
-53.0631
-51.7925
-52.4305
-53.4927
-53.7123
-54.2732
-54.9804
-53.6573
-51.1357
-49.721
-50.0944
-51.6417
-52.7488
-52.9236
-53.3136
-54.1165
-54.5094
-54.5831
-55.6754
-57.6379
-58.7002
-58.0837
-57.1916
-56.3431
-56.0553
-68.4581
-66.8033
-64.7613
-63.9547
-63.4468
-62.6843
-63.0058
-64.6196
-63.7479
-60.6176
-59.2472
-60.4374
-62.9999
-65.381
-67.755
-70.0565
-68.5688
-3.08934
14.07
23.266
26.9356
27.2885
27.5233
29.6639
32.1204
34.8517
38.2015
41.0518
43.0119
43.9482
43.3405
40.9575
37.7298
36.4681
37.7887
41.8865
46.5082
50.3365
53.1192
54.9972
56.049
56.3685
56.3337
56.4735
55.8946
54.1276
53.0752
54.236
55.2671
54.9861
54.8339
55.5912
56.0171
55.2514
54.0203
53.1833
52.0415
49.5801
46.2471
43.347
40.3223
35.9312
29.8815
23.5182
20.6248
23.6931
26.63
26.3972
21.9481
12.285
-2.37276
-13.2951
-22.2111
-28.6166
-35.2761
-37.5922
-47.4541
-47.1447
-45.1695
-43.8124
-43.82
-44.7229
-46.8948
-49.7192
-50.6198
-49.8286
-50.4967
-52.9392
-54.4423
-54.3776
-55.4907
-55.967
-52.5035
-49.6936
-49.8244
-51.5233
-51.8614
-51.2827
-52.0247
-53.2329
-53.0119
-51.5712
-50.3386
-50.5769
-52.7636
-56.266
-59.6898
-61.6524
-61.807
-61.0869
-60.5586
-60.7063
-60.1844
-60.1099
-61.2985
-62.0048
-60.6777
-59.5845
-61.8361
-61.7256
-62.5939
-62.8654
-62.5741
-63.087
-64.6283
-66.4948
-66.7639
-66.0476
-66.8282
-69.2818
-70.11
-68.3437
-67.0581
-67.4482
-67.0802
5.042
22.609
32.612
37.3191
39.1444
41.0142
43.5133
45.2795
47.706
52.0853
55.9928
57.8821
57.5441
55.3794
53.1698
53.3073
54.3774
54.4724
55.9355
60.0627
63.8635
66.251
67.7016
68.3785
68.1456
67.9956
68.6756
68.9715
67.6968
65.5906
64.7064
65.2746
66.3045
67.6053
68.8632
69.5217
69.303
68.5058
67.0637
64.4963
60.546
56.161
52.7634
48.96
43.4102
36.6858
31.2995
28.721
28.8011
29.5742
28.7795
24.693
16.2316
3.71317
-8.20642
-19.7236
-26.6508
-33.9272
-35.8172
-41.7889
-41.6523
-41.787
-44.0772
-48.0288
-51.7353
-55.364
-57.3262
-55.882
-52.212
-49.6597
-49.2318
-50.6811
-53.5644
-56.4111
-55.4139
-51.8081
-49.6592
-49.2052
-48.5362
-47.6298
-48.0212
-49.7158
-50.4569
-49.282
-47.461
-46.6412
-48.3386
-52.9675
-57.2741
-57.5973
-57.96
-58.0807
-56.146
-54.5604
-55.2103
-57.5954
-59.3018
-59.2724
-59.3425
-61.1164
-63.6335
-67.7505
-65.6724
-64.1699
-62.261
-61.1565
-61.6948
-63.0726
-64.3711
-65.8587
-67.654
-68.9907
-69.8393
-69.5126
-68.1979
-67.0413
-66.7581
-65.7832
-2.54448
15.1794
27.3784
37.0511
44.8749
50.1888
52.7957
53.362
54.4754
58.5318
63.109
65.8697
66.3216
65.0247
63.9642
64.4049
64.3421
62.4993
62.5803
67.1552
70.8745
72.3112
72.6037
72.4463
71.673
71.4023
72.4276
73.3872
73.5662
73.4129
73.8673
74.9483
76.1162
77.2285
78.3797
79.0143
78.5245
77.2095
75.5231
73.188
69.6928
65.1496
60.6965
56.3343
51.2068
45.9103
41.9275
39.6604
39.1262
39.0279
37.6202
33.2696
24.5949
10.1045
-6.92635
-14.3351
-16.0319
-18.4126
-21.0052
-24.5202
-26.342
-28.7965
-33.2913
-40.2586
-45.663
-46.5724
-47.0262
-47.1633
-46.1649
-45.6557
-46.773
-49.8659
-54.4684
-57.6951
-54.5679
-50.1385
-48.7664
-50.542
-53.5033
-54.5165
-53.6019
-52.1779
-51.1473
-51.0348
-51.6815
-52.5524
-53.8772
-55.7412
-57.2024
-58.0638
-58.6857
-57.9572
-55.5944
-53.7949
-54.1599
-56.4149
-59.2995
-62.2466
-64.6565
-65.2193
-63.2614
-67.4176
-65.7745
-65.4786
-65.9303
-66.6478
-67.6824
-68.5327
-66.8156
-63.3855
-61.6268
-62.6409
-65.2209
-66.9189
-67.4428
-68.4694
-68.5399
-65.5142
0.760179
18.6229
30.0311
38.1645
43.6487
47.0137
48.7824
49.5134
50.701
54.006
59.0175
63.3426
65.7577
66.309
65.6854
64.5698
62.7909
60.2667
59.1149
60.502
61.2981
60.4756
60.2517
61.2814
61.5421
61.2076
62.9116
66.616
69.9159
71.8836
73.0461
73.8643
74.2549
74.4934
75.1986
76.1092
76.2663
75.4433
73.9085
71.609
68.1004
63.3538
58.5107
54.6674
51.2077
47.5668
44.4478
43.4288
44.3293
45.1871
44.3809
40.4512
32.3057
19.3232
2.39632
-4.85201
-6.41716
-9.15832
-11.7263
-14.8011
-19.668
-28.4302
-39.4724
-46.5292
-47.3401
-49.1694
-53.3276
-58.4338
-60.1299
-58.2031
-55.6472
-53.4514
-51.9526
-52.1431
-53.521
-53.5148
-51.7863
-50.4687
-50.9185
-52.9486
-54.9497
-55.6262
-55.431
-55.5745
-55.8495
-55.781
-56.017
-56.9229
-57.3052
-56.4148
-55.6724
-55.5635
-55.1261
-54.7983
-55.8173
-57.8519
-60.1274
-62.368
-63.9487
-64.5322
-64.1182
-67.6315
-66.3723
-64.928
-64.462
-66.0927
-68.3252
-68.394
-67.0849
-65.9989
-65.4929
-65.156
-64.6135
-64.5714
-66.2138
-69.3953
-71.3962
-69.0436
6.26135
23.549
33.2073
37.9818
39.6382
39.3972
38.8738
40.9123
44.6911
47.7639
51.2637
55.7325
59.7982
62.282
62.9722
62.1201
60.2331
58.8206
59.467
60.5307
59.5214
56.1638
54.4524
57.6951
61.7267
63.8755
63.9546
63.0421
62.8902
64.5415
66.7022
68.219
68.6299
67.8397
65.8537
63.3573
62.4759
63.7188
64.6362
63.6105
60.356
55.9202
52.4093
50.1426
47.3558
43.5229
40.3078
39.1629
38.4685
38.1732
38.6769
37.7783
33.5361
24.8847
10.8201
-2.11307
-9.55795
-14.9949
-17.4139
-18.3875
-21.0359
-26.8089
-35.7608
-43.2463
-45.7436
-46.5116
-48.3906
-51.7045
-55.2649
-56.3581
-54.3922
-52.8796
-52.8055
-53.3715
-52.6717
-51.1988
-50.834
-51.7132
-52.5761
-52.9136
-53.1418
-53.6033
-54.5907
-55.9714
-55.4895
-53.182
-52.2893
-53.6379
-55.8481
-56.9026
-57.7198
-59.0537
-59.5739
-58.8856
-58.7066
-60.0381
-62.9402
-65.9715
-66.3594
-64.6856
-63.2137
-72.9086
-70.8804
-70.0129
-70.6179
-70.7225
-69.1609
-67.5551
-67.3868
-68.37
-69.7384
-70.5622
-70.8469
-71.8491
-73.6097
-72.9192
-69.4995
-65.9492
3.72087
20.72
29.7229
32.9955
31.7723
27.5448
26.7577
31.8127
37.014
41.4916
46.0567
50.5055
53.7167
55.4626
56.3423
56.5409
55.5734
53.5323
52.4595
53.1867
54.2161
55.0646
56.6039
59.2406
62.2651
64.7188
66.4584
67.4088
67.2124
65.889
64.1353
63.4596
64.1554
64.4625
62.965
60.4537
59.7558
60.247
59.4645
57.9606
57.4125
57.2288
55.8707
53.0927
49.4336
45.7383
43.454
42.598
41.0686
39.2017
39.5931
39.951
37.1852
29.7457
15.8043
-1.64227
-11.2519
-9.75812
-9.33827
-11.9613
-17.7823
-27.4529
-39.8362
-46.2648
-47.2828
-49.6303
-52.7375
-55.1851
-56.6539
-57.2783
-57.4971
-58.5134
-60.2527
-60.8283
-59.1554
-57.668
-57.7048
-58.0456
-57.5566
-57.3968
-58.4327
-60.9518
-63.0819
-62.4708
-60.3345
-59.0086
-59.218
-59.6664
-58.1932
-55.8281
-54.3593
-54.4426
-55.4716
-56.5556
-57.3806
-58.1781
-59.2331
-60.2717
-61.009
-61.5478
-62.1005
-74.7726
-74.005
-71.9786
-70.2405
-69.3147
-69.3132
-70.4219
-71.9211
-72.0471
-70.9609
-70.4446
-71.4864
-73.7713
-75.4102
-73.2573
-69.0856
-65.7309
-5.41141
11.0187
19.7426
23.2262
22.8469
20.8306
22.9365
28.932
32.9102
34.9146
36.034
38.2744
40.5062
41.2345
41.2265
42.8095
45.6979
46.852
45.6463
43.0975
41.7055
42.344
44.8884
49.1486
52.8694
55.3478
57.508
59.0856
59.1784
58.7781
59.6112
61.5013
63.5944
64.7922
64.1123
61.8534
60.1226
59.6821
59.0886
59.1694
60.312
60.737
58.9215
54.6099
50.0035
49.0149
49.8428
49.4294
46.8317
42.1982
36.9079
32.0729
26.334
17.4472
3.61873
-8.54227
-12.4389
-11.5257
-9.93778
-10.0661
-12.6062
-18.4062
-28.083
-39.9854
-50.2737
-55.4868
-59.3793
-60.4206
-59.3052
-57.924
-56.4081
-55.3347
-55.5959
-57.4268
-59.2878
-59.1136
-58.4985
-58.8526
-59.5627
-59.1846
-57.341
-55.7431
-55.4184
-56.8462
-59.2937
-60.768
-60.6952
-60.0806
-59.9437
-61.1674
-63.0536
-64.54
-65.1535
-64.4744
-63.5304
-62.671
-61.5887
-60.2271
-59.1486
-58.9851
-59.6093
-75.3093
-74.0251
-71.8399
-70.7285
-72.057
-75.2491
-77.385
-77.5005
-76.95
-76.6445
-76.0834
-73.2883
-70.096
-69.0766
-70.5818
-73.3812
-74.5367
0.631572
17.5322
26.6561
30.0432
28.7808
23.5717
18.4449
21.055
25.3576
28.2671
29.0562
28.7213
28.5744
28.6834
28.6654
29.6489
31.9539
33.0999
31.7751
28.549
26.3091
27.6806
32.1657
37.0286
39.9282
41.3461
41.9776
41.6888
40.2583
40.3007
44.1609
49.1974
53.2274
55.4912
55.8123
55.1309
54.3972
53.1406
51.0382
50.0589
51.8794
53.8763
53.884
51.5895
48.7672
48.7891
50.1086
49.5957
46.6142
41.3185
34.0606
24.6026
12.0817
-2.69969
-13.094
-13.6296
-10.5569
-8.22801
-8.09917
-10.9642
-16.2128
-23.8272
-33.9169
-44.5552
-52.2737
-57.6326
-59.9773
-60.4664
-59.2838
-58.1091
-57.565
-56.7468
-55.5413
-55.3336
-56.5874
-58.7381
-61.1868
-63.7067
-65.5164
-66.5434
-65.595
-63.1769
-61.332
-60.8812
-61.275
-61.5686
-61.8667
-61.2718
-60.2483
-60.7607
-62.6456
-64.0092
-64.1537
-63.7864
-63.8049
-63.3633
-62.9947
-63.4963
-64.1729
-64.6473
-65.1721
-70.816
-71.5778
-72.3158
-71.9624
-72.0513
-73.2379
-74.9096
-75.4237
-74.5631
-74.8618
-76.4901
-76.7058
-74.7491
-73.3155
-73.228
-73.4305
-72.7279
-0.0430789
16.895
25.8931
29.0879
27.2996
20.2895
9.17391
10.6537
12.0621
16.2038
18.9073
20.7166
21.898
22.2407
22.5007
22.8026
22.9387
21.0748
18.3367
15.0155
12.4911
12.9371
15.0712
17.1777
16.5214
15.439
16.5214
18.6301
19.3072
19.475
21.3644
27.0896
31.8707
34.8126
35.4464
34.9356
34.1381
32.4686
29.3786
28.8883
32.8944
36.5249
37.48
35.3135
30.6353
27.4658
28.3954
29.0256
27.2824
23.2372
17.3896
8.93927
-2.45248
-14.6851
-21.1957
-26.1764
-25.0652
-19.3684
-15.0405
-14.8672
-18.4079
-26.2584
-38.0215
-48.4332
-53.7363
-57.5885
-59.7639
-59.9216
-59.0105
-58.8778
-59.9422
-60.8641
-60.3144
-60.1635
-61.497
-63.4727
-64.4258
-64.2644
-63.8472
-64.2941
-64.8126
-63.8205
-61.5395
-60.1645
-60.445
-60.6891
-60.5223
-61.0996
-62.8735
-65.0195
-65.4148
-64.8167
-64.8298
-64.5428
-64.0723
-64.2593
-65.5892
-66.0172
-64.5167
-63.5778
-64.8855
-66.7568
-69.1098
-71.1323
-71.4139
-71.6752
-72.4534
-72.2952
-70.6197
-69.1865
-69.6476
-71.9904
-73.9924
-72.3759
-69.7272
-69.1374
-70.8143
-73.2111
-9.68004
6.61141
15.0226
17.8246
15.6859
8.01174
-5.39876
1.19106
-14.6977
-17.2233
-15.8702
-13.4322
-10.5778
-15.4811
-11.6128
-3.00212
4.86841
5.54823
5.61141
3.95656
0.574729
-0.888851
-1.50976
3.01382
3.08701
0.508297
-1.22733
-5.00985
-5.52938
-2.40719
-5.406
5.42297
-2.2055
-0.912081
0.402383
1.58451
1.7889
3.51768
1.94698
0.144166
0.0290942
0.0433551
2.87538
4.78575
5.88497
8.52427
9.85455
9.48144
7.02832
1.8762
-2.59315
-7.1166
-13.8748
-21.4402
-24.2618
-29.1568
-26.4804
-21.57
-18.5752
-19.8161
-24.6623
-33.8058
-46.5297
-56.4014
-59.4049
-59.6483
-59.7924
-60.071
-59.5646
-59.4995
-60.5054
-62.568
-64.1534
-65.3743
-67.1145
-69.7771
-71.3462
-69.2967
-66.1452
-65.4065
-65.9537
-67.1663
-68.5244
-69.884
-70.0816
-68.0145
-66.7733
-68.1383
-71.1852
-73.2509
-72.4331
-71.0105
-69.8576
-67.8738
-66.3273
-65.5414
-65.6039
-65.4886
-65.3236
-66.5913
-69.757
-75.1985
-77.2427
-79.3234
-79.8249
-79.862
-79.5752
-76.774
-73.7522
-72.425
-73.0907
-74.3505
-74.2359
-72.5627
-71.0037
-70.605
-71.4857
-73.0931
-14.1475
1.54212
9.96842
12.8493
10.8697
3.25146
-9.74169
0.28119
-18.5135
-27.2386
-28.79
-26.2056
-18.0383
-43.1387
-29.2127
-16.1862
-6.75566
-40.5319
-36.5189
-17.9453
-32.3984
-19.8352
-24.3098
-8.59857
-12.0821
-27.0716
-14.0698
-29.7506
-31.2309
-9.81798
-19.0962
3.57706
-13.7977
-14.8934
-21.912
-20.9381
-17.9113
-5.52674
-7.77608
-9.88747
-9.83589
-18.0405
-17.681
-15.5239
-19.5123
-12.5441
-20.3349
-18.2493
-12.327
-27.6964
-28.6401
-25.0523
-21.9136
-23.2017
-24.3081
-30.0525
-24.6778
-18.5431
-15.2987
-16.6396
-22.0097
-32.3388
-46.3047
-58.448
-63.0672
-64.8631
-64.4871
-64.1131
-64.7421
-66.7938
-68.2754
-67.871
-65.8467
-64.7204
-65.3817
-67.4142
-69.0227
-68.854
-68.4965
-69.8779
-70.2596
-69.4608
-68.8134
-68.297
-68.0725
-68.6896
-70.4583
-71.8307
-71.4484
-70.8586
-70.9031
-71.702
-72.4227
-71.4811
-71.512
-71.8099
-71.3793
-70.218
-69.4717
-70.0659
-71.3085
-84.0615
-82.497
-80.6441
-80.1337
-81.2336
-82.7848
-83.2051
-83.4063
-82.9032
-81.5018
-80.332
-80.4779
-81.2284
-80.9227
-80.1241
-80.8654
-81.115
-20.0219
-4.47952
3.88375
6.92232
5.17879
-2.47782
-15.0125
-1.74321
-15.3901
-18.4695
-19.7817
-21.4311
-17.8086
-39.3936
-30.1477
-16.9233
-7.47882
-42.8621
-39.6897
-18.3981
-32.72
-20.2131
-27.0261
-9.22059
-11.7094
-26.1399
-13.9679
-29.725
-28.5703
-8.85315
-15.4869
3.74247
-12.9488
-15.065
-24.8045
-25.3277
-20.7617
-6.21564
-8.79771
-10.6669
-9.34241
-17.5483
-20.0323
-19.098
-30.6004
-15.1074
-26.6886
-20.7741
-13.4069
-33.847
-34.928
-29.9493
-24.6367
-25.0408
-24.5746
-26.8056
-21.0379
-15.0714
-12.1984
-13.8678
-20.1221
-32.371
-49.3637
-65.1405
-67.1023
-69.1337
-67.8994
-67.8863
-69.6185
-71.996
-70.5453
-68.2717
-67.5309
-68.822
-70.5857
-71.2995
-71.1152
-69.9979
-69.092
-70.647
-71.9333
-72.046
-71.7789
-71.8959
-72.5334
-73.1265
-74.0116
-74.9083
-75.755
-78.168
-79.7901
-79.9849
-79.787
-78.1002
-78.1719
-77.5034
-76.95
-77.3751
-77.8068
-77.8233
-77.0922
-88.0133
-86.3637
-85.4431
-84.4374
-83.5697
-83.5021
-83.6233
-83.7059
-82.7767
-83.0906
-84.4207
-84.5981
-83.3032
-82.889
-83.9913
-85.9453
-83.7145
-29.8051
-18.5476
-12.6222
-9.78876
-10.4803
-19.2555
-24.661
-2.7596
-16.5078
-20.7695
-21.6463
-22.6769
-19.2023
-42.2623
-31.2761
-17.0408
-7.80307
-40.9221
-40.8981
-18.666
-33.1056
-20.4396
-28.6419
-9.6288
-10.9981
-21.6956
-12.3497
-23.628
-23.3897
-8.44049
-12.2518
4.24092
-9.79296
-11.5294
-18.4527
-18.8178
-16.0134
-5.7575
-9.2282
-12.423
-10.5361
-19.7045
-20.9089
-18.8326
-32.9205
-15.9106
-30.6314
-23.0002
-14.5505
-43.218
-43.1993
-40.1511
-33.2464
-34.8863
-31.4543
-41.2347
-40.9121
-39.4196
-34.9835
-39.4613
-44.6902
-54.8537
-68.6478
-79.1762
-74.5973
-77.9434
-76.9795
-77.2843
-77.5701
-78.258
-77.4157
-78.4793
-77.2748
-76.5712
-77.4872
-79.0585
-80.3736
-80.2869
-78.7972
-79.1352
-77.5023
-76.3769
-75.9958
-75.9267
-76.7492
-76.383
-76.7563
-77.845
-78.3003
-78.8819
-78.8719
-78.6731
-79.6242
-79.7659
-82.5034
-83.5777
-83.6803
-84.4118
-85.0192
-86.1169
-87.1763
-91.4888
-91.1474
-89.5498
-87.8115
-85.6139
-84.665
-85.0376
-87.7692
-88.5741
-87.3958
-85.0282
-83.1776
-82.1825
-81.9733
-82.9185
-85.5972
-83.6772
-28.4691
-16.3703
-8.73305
-5.23455
-5.86515
-13.7093
-23.1657
-3.20436
-20.0058
-32.5196
-32.636
-28.3248
-19.9703
-54.6594
-31.5889
-17.0611
-7.81065
-39.9854
-41.4726
-18.534
-32.2779
-20.1591
-29.5575
-9.85668
-11.5049
-30.8997
-14.9099
-34.9721
-35.9326
-10.8123
-24.791
3.10538
-17.6243
-17.3196
-27.8206
-27.6633
-26.4102
-8.57808
-14.8224
-20.5259
-14.0431
-27.2393
-24.2329
-19.4949
-36.9539
-16.046
-32.74
-23.3125
-14.6036
-45.7814
-45.6676
-51.0874
-40.5927
-47.502
-34.9644
-52.7384
-54.314
-70.7609
-44.9973
-66.9204
-70.4254
-82.1215
-83.2124
-84.9925
-75.6553
-79.0418
-78.9317
-81.5082
-83.1018
-82.3592
-80.7357
-84.2525
-86.0645
-87.4591
-88.4626
-88.2965
-88.5147
-90.04
-87.8057
-90.3374
-88.7216
-89.709
-90.0251
-86.6109
-86.1065
-85.6716
-87.2993
-86.6988
-83.2571
-82.8982
-84.1956
-85.5804
-87.1016
-84.931
-87.1483
-86.3327
-84.3792
-83.6938
-84.3067
-86.3555
-88.3554
-90.7517
-92.6061
-90.7168
-87.3002
-84.5057
-84.0611
-85.6668
-89.912
-91.2332
-90.1973
-88.5186
-86.8799
-86.1951
-87.0205
-89.3292
-92.1426
-85.1482
-32.3632
-24.59
-21.5272
-18.223
-16.5591
-28.2463
-30.1767
-3.21512
-20.1806
-35.2951
-34.3467
-28.8949
-20.0022
-62.6158
-31.6235
-16.9993
-7.63035
-40.5467
-42.6599
-18.3773
-31.8741
-19.8729
-29.7643
-9.70243
-11.2679
-35.2481
-15.3235
-49.2088
-55.8861
-11.01
-28.4137
3.20108
-19.8591
-18.9553
-34.2899
-36.2254
-43.6644
-9.87651
-18.8936
-34.177
-17.3058
-61.3801
-27.0565
-20.1168
-42.5962
-16.1122
-35.0404
-23.5405
-14.5119
-53.9436
-49.2179
-53.6397
-40.7805
-48.6155
-34.7625
-53.3051
-54.2241
-71.3861
-44.8545
-68.3553
-72.0418
-85.1687
-85.4578
-87.2287
-76.878
-82.9773
-82.8824
-86.2528
-88.3509
-88.148
-84.0266
-85.8713
-84.9974
-84.1366
-84.2096
-84.8647
-86.8661
-88.414
-85.3866
-86.0608
-84.6409
-86.1981
-87.8187
-86.1917
-86.8665
-87.2403
-89.0238
-88.947
-85.2262
-85.2965
-86.0444
-87.1643
-89.6756
-86.9436
-89.47
-88.0909
-86.1756
-85.9233
-85.6944
-85.6759
-85.5432
