80
-28.5512
-24.8564
-18.5014
-13.2404
-11.2076
-11.7804
-14.6671
-15.5322
-15.1874
-14.8672
-16.2235
-20.5265
-28.7991
-30.1289
-21.5296
-17.9565
-20.4348
-29.4443
-45.1059
-57.502
-38.6009
-26.5029
-21.77
-20.9492
-23.8259
-28.2647
-31.0092
-30.251
-30.0524
-28.6899
-23.3656
-20.2567
-18.5709
-3.06802
22.9323
37.94
43.5154
43.8
35.5782
28.0893
27.1502
25.6862
27.6245
39.4243
49.7144
57.9503
64.7449
68.794
70.0022
69.6701
67.9615
64.0553
59.0237
52.9619
46.7408
42.0421
39.493
32.3608
24.3718
24.0835
28.3271
27.43
22.5107
16.8042
18.2643
24.3202
24.8505
24.7702
20.4407
12.4292
1.22343
-9.39632
-3.93196
3.41403
16.5237
22.3853
22.4431
17.2762
7.06323
3.413
1.13563
-5.32614
-6.62073
-4.37556
-6.41325
-11.3214
-19.7042
-30.3679
-27.3195
-24.3326
-26.9529
-30.6572
-33.3458
-34.6588
-27.2488
-20.9942
-16.846
-12.514
-6.40009
-4.23629
-5.84997
-10.9729
-12.4278
-12.7652
-16.1155
-18.6369
-13.7362
-10.1227
-9.22663
-11.2607
-14.4238
-16.4327
-18.4542
-20.0436
-22.7109
-28.5685
-28.6966
-25.0542
-26.8723
-22.0545
-17.4371
-15.9635
-18.8216
-26.767
-35.7205
-26.3045
-18.3067
-15.982
-18.8476
-24.3681
-26.5121
-24.9505
-24.529
-23.5328
-22.5993
-23.9574
-27.6427
-34.5645
-29.1916
-22.1496
-19.085
-19.6142
-20.8187
-21.5295
-19.5329
-14.3086
-10.4495
-10.2517
-13.7748
-18.1407
-16.2318
4.35672
37.8494
50.2207
57.6895
58.6427
54.9265
58.5737
70.3852
78.5923
83.0569
84.979
85.1885
84.2158
81.4527
76.7009
69.7442
60.3838
49.2188
38.5806
29.1523
31.8002
33.6691
31.5271
26.8082
21.0741
8.75535
22.7134
34.6151
39.9822
41.0143
39.0342
36.1174
32.909
30.1091
28.0456
25.9535
22.2116
20.2606
21.4255
21.3178
21.711
27.8802
33.5357
35.1985
32.2851
24.777
15.158
11.5762
9.92367
7.9927
4.40232
0.440161
-5.70426
-14.3467
-24.5908
-32.2784
-33.4675
-33.2748
-32.522
-29.2717
-24.4641
-20.9758
-21.0539
-18.6246
-8.71798
-0.501384
2.64319
0.797776
-4.47804
-7.39203
-6.90844
-8.67142
-11.3543
-12.4428
-12.3269
-12.5121
-15.0069
-22.9488
-35.9769
-37.3146
-32.8853
-30.586
-26.022
-21.0071
-19.0684
-14.6012
-13.8655
-13.7584
-13.4721
-13.0611
-12.9198
-12.9712
-13.061
-11.9718
-12.6644
-16.4997
-25.1234
-34.044
-35.2546
-32.4106
-23.8138
-16.7806
-12.5568
-11.033
-9.86613
-8.20017
-6.16161
-6.07759
-8.50514
-13.1939
-18.6737
-21.2973
-16.7035
-10.2093
-6.50392
-5.64518
-7.8488
-13.5081
2.45529
41.2299
61.5471
74.985
83.1826
87.4399
89.596
90.8053
91.2606
90.6297
88.2587
83.7512
76.2316
67.0214
58.1749
53.263
47.6612
39.4808
35.1797
32.9313
35.0628
35.4873
34.1393
33.1582
37.2896
41.7651
44.3875
45.8026
45.9592
43.6492
38.7075
31.2782
28.901
32.8947
34.4956
32.299
29.4031
30.413
32.5861
32.18
29.1995
30.6212
37.4239
41.1441
40.5227
35.51
26.3709
15.1705
1.80791
-9.05651
-14.3562
-15.1961
-13.9448
-16.9102
-21.0108
-19.6441
-17.9468
-18.8551
-22.6934
-25.7381
-22.0888
-18.7899
-18.3637
-15.721
-4.35124
5.03372
10.3612
12.4451
12.2514
10.5707
7.57932
2.97705
-1.28604
-2.89516
-3.56248
-4.70264
-7.09441
-10.5538
-13.3002
-13.5912
-14.4168
-15.9033
-15.0499
-12.7084
-12.1642
-20.1245
-20.5432
-19.7495
-18.1623
-16.7091
-17.4847
-22.2251
-27.2543
-24.3672
-20.5221
-20.7521
-25.1174
-33.4163
-39.7876
-38.7338
-35.2323
-31.1412
-29.5023
-29.2088
-27.6722
-22.1623
-19.1456
-18.8706
-22.0578
-29.3824
-37.1254
-34.5979
-32.4944
-33.7708
-31.9248
-25.6436
-21.4821
-20.5367
2.41154
41.9947
66.1719
81.4597
89.4085
92.3074
90.4669
83.6797
72.5494
61.5733
57.4628
51.9964
49.0846
43.9591
42.874
39.471
37.5698
32.5733
30.9322
42.2636
51.3971
57.6045
59.7565
58.8235
54.7008
47.4477
37.351
30.8487
25.925
22.4584
26.8881
35.4517
40.3859
40.8266
36.7916
28.33
20.2496
17.5799
16.0932
16.4461
21.5053
32.5596
40.1336
42.2511
39.4565
32.1356
23.0686
16.465
7.92275
-0.298757
-1.40943
-0.853136
-2.59507
-6.60934
-10.4016
-11.4136
-12.443
-17.6817
-25.4486
-29.2262
-27.2799
-26.0842
-23.7518
-21.4564
-17.1253
-10.0582
-5.152
-2.9424
-2.08263
-2.432
-4.56468
-8.859
-14.2747
-17.4015
-18.6622
-21.0683
-21.3317
-17.0328
-12.451
-10.637
-12.6644
-19.5002
-27.1918
-28.0701
-27.8494
-18.366
-17.8321
-18.4617
-21.5753
-24.2253
-23.1406
-22.1166
-21.0216
-16.5096
-12.4222
-11.5471
-13.7604
-17.6254
-20.6886
-23.3397
-26.6535
-30.4281
-32.5119
-31.2527
-29.8746
-28.8547
-27.3381
-24.9929
-23.9915
-25.5448
-28.3224
-25.1282
-20.6234
-19.6109
-21.7936
-26.7766
-34.4658
-26.7936
8.09168
47.4777
68.047
79.5536
85.3373
85.9092
81.7679
72.3695
56.7462
39.3056
35.4808
36.0538
35.9356
35.9714
36.0906
40.9421
52.1495
60.7178
65.8512
68.2852
69.0319
67.0977
62.6688
55.0745
47.3299
39.3425
33.7788
28.5089
24.6848
25.6074
36.6392
44.294
47.6997
47.2791
42.8546
34.1667
19.4486
4.60795
3.20149
3.08899
18.6031
34.8286
43.7243
47.4513
46.6868
41.3061
30.9234
15.714
-3.0813
-6.5089
-5.71667
-3.86619
-3.01821
-4.4813
-5.94062
-7.91653
-12.8689
-18.0875
-18.2829
-16.6782
-15.4625
-16.0428
-18.1206
-21.3243
-19.0008
-12.0406
-7.62391
-6.72693
-8.24906
-10.2485
-11.4931
-12.4054
-14.7146
-18.7546
-24.1226
-27.0976
-22.4944
-13.2037
-8.73082
-9.30083
-14.7252
-22.4976
-25.4853
-24.2473
-24.5389
-26.8682
-34.417
-37.7969
-33.5448
-29.2549
-27.2343
-28.246
-31.5576
-30.4892
-24.1627
-20.5453
-19.88
-21.2893
-23.389
-26.2792
-30.88
-34.1857
-37.8956
-36.6711
-29.9255
-26.0155
-24.6292
-24.7125
-25.506
-27.0409
-27.0235
-23.4756
-20.8089
-21.5158
-26.2347
-34.1211
-26.7707
-12.5754
7.22599
50.3074
65.9977
75.2555
77.9987
75.6032
67.3919
51.9645
40.793
39.6725
39.3301
43.7689
47.0864
59.6657
67.425
72.1493
73.4706
71.7766
67.5879
62.7164
57.4775
54.0019
48.9867
42.7029
31.3526
25.7729
33.1022
41.6754
47.699
50.4396
50.7792
48.7426
44.5548
40.9151
39.1043
34.8332
25.8956
17.9368
16.0492
13.123
18.8983
31.8059
39.9337
42.251
39.5316
32.1469
23.2028
16.6411
8.66003
-0.50252
-1.51337
1.65016
3.95128
4.45955
1.9639
-2.65327
-7.74221
-9.89156
-11.6408
-15.5827
-20.1331
-21.3811
-19.9059
-17.332
-10.8087
-3.11065
1.63493
2.65079
-0.264189
-6.66988
-10.9513
-8.90483
-7.97095
-10.8099
-16.8318
-19.7504
-14.5958
-10.5762
-10.1346
-13.1814
-17.9489
-19.9429
-16.5633
-13.3552
-12.851
-18.9477
-17.6223
-18.0989
-19.7237
-22.5701
-27.4177
-33.8851
-34.119
-31.1675
-28.5252
-27.2378
-24.5065
-20.3576
-18.3529
-19.3932
-22.1201
-24.7949
-26.9461
-31.0809
-33.7038
-31.1174
-28.2715
-26.8156
-25.7827
-24.8455
-25.4996
-28.0137
-29.3266
-26.9973
-25.6827
-26.7955
-22.1518
-9.6376
16.5975
46.8181
63.0087
71.6352
74.8551
73.6596
67.6122
56.4326
51.6594
53.8258
62.1913
72.4628
79.9078
83.1942
83.7275
81.1785
74.9922
65.0545
49.699
37.2111
30.8773
28.737
30.9179
37.6842
45.6333
51.9044
55.2229
55.9307
53.446
48.8074
43.7398
43.6141
48.2742
50.1009
47.2438
39.3654
26.1306
16.7259
15.9435
16.8592
22.7326
32.7492
39.5627
42.0305
40.1862
33.6722
22.7641
14.5156
11.8721
7.30601
0.708502
-1.71686
3.36472
5.92814
4.32346
-1.35774
-7.8125
-12.0891
-12.6945
-10.6474
-10.2939
-12.4992
-16.2807
-18.3636
-17.1464
-11.3106
-7.3059
-7.75332
-11.7232
-14.9788
-12.2424
-10.2978
-10.7197
-12.998
-14.5338
-13.6653
-11.1274
-9.50158
-10.4771
-15.0143
-21.9683
-27.4081
-30.7219
-27.6235
-24.4593
-21.916
-24.6582
-29.6951
-31.4622
-31.7004
-33.7314
-32.1802
-28.0342
-24.1563
-21.7276
-20.6463
-21.1056
-23.2684
-24.7342
-25.967
-30.1274
-36.4284
-42.1876
-36.3552
-31.9896
-30.8313
-31.9773
-30.0001
-22.369
-17.2339
-14.3596
-13.6297
-14.8338
-18.2196
-23.8801
-27.6922
-27.3683
-16.0938
6.96732
34.4733
51.6569
59.4703
63.8767
66.6097
73.5158
81.2255
85.8572
87.7066
86.9884
85.0487
82.8052
80.59
76.4551
68.5054
58.9657
50.6776
46.5856
42.044
39.2177
43.7857
50.2464
54.7534
56.3436
55.5614
52.4392
46.5097
39.0403
34.3677
41.5888
48.1085
50.1428
48.234
42.9525
34.0609
22.0228
5.50293
-11.9542
-7.37336
4.57306
19.0944
27.6788
31.8411
32.4185
30.3517
26.0888
20.1349
12.1139
5.08719
2.16485
-0.424071
-4.25234
-6.57512
-9.47062
-13.4408
-19.0928
-19.0127
-18.709
-19.3591
-20.0178
-22.8364
-22.8954
-20.9149
-19.8192
-20.6363
-21.9123
-21.9703
-22.7022
-22.829
-22.7227
-17.5403
-11.1625
-4.8909
-1.98408
-2.93159
-7.29568
-13.2131
-15.3117
-12.4213
-9.33197
-7.83386
-8.50573
-11.3379
-17.4973
-30.2999
-36.2459
-42.918
-43.9641
-43.4202
-46.0476
-45.9656
-33.2446
-21.2829
-14.33
-11.414
-12.387
-16.3341
-21.0951
-20.7437
-15.9722
-12.9656
-11.8689
-12.7903
-14.9817
-17.8084
-20.4679
-22.1754
-26.0759
-32.6293
-37.4047
-35.3132
-27.6288
-22.6956
-21.3701
-24.5024
-27.8284
-19.2583
9.71777
28.3921
46.7225
58.8345
72.7041
85.7021
94.809
99.4014
99.5267
95.0018
85.6323
75.2761
71.3476
68.5243
64.585
60.3743
53.9392
47.6032
51.6237
59.1717
63.655
64.3892
61.3889
54.0183
46.6031
42.2651
37.306
30.965
28.872
36.025
44.0502
47.5492
45.5942
37.8645
22.0886
1.986
1.38881
-2.68632
-5.98119
-7.69983
-6.50962
-5.11444
-3.15422
-1.89435
2.61604
10.3301
15.6218
17.5693
16.8691
16.5688
14.4681
8.64449
-1.53784
-10.0131
-8.5504
-8.69349
-10.1999
-14.3616
-20.2861
-25.1198
-28.0051
-33.7703
-36.8392
-17.4863
-4.40279
2.0444
4.25533
3.10915
-0.27391
-3.10732
-4.17107
-5.0574
-5.33576
-3.60259
-1.70163
-2.00221
-3.79035
-3.93541
-1.49235
1.54679
3.74969
4.15689
2.15489
-2.49938
-8.81386
-21.5183
-22.7966
-21.9739
-22.1686
-24.5644
-25.4163
-23.6449
-21.5007
-18.5958
-16.6536
-17.0662
-19.0597
-20.0233
-18.6373
-16.0905
-14.2555
-13.2097
-10.0132
-5.55428
-3.01448
-2.28584
-2.32519
-3.74465
-7.911
-14.748
-19.334
-17.6481
-16.4813
-17.2336
-19.9484
-23.1032
-25.2281
-22.0397
0.59656
39.1967
62.886
80.4442
92.5008
100.438
104.732
105.54
102.923
96.8801
87.7561
76.6247
68.8219
62.12
61.875
70.8096
79.294
84.0773
85.3167
83.5409
78.9479
71.6045
61.003
49.2718
40.9102
42.0819
48.1894
53.3065
56.6286
58.4694
58.3598
55.4631
49.6905
40.6241
28.3401
13.7365
4.62676
5.70416
2.69531
3.84081
5.81818
7.7486
10.5246
14.6308
17.7882
18.0142
14.3876
8.5826
12.3447
18.897
21.8623
21.1173
17.4244
12.1326
5.35578
-2.52259
-10.8323
-13.8378
-12.8359
-11.1577
-11.1203
-12.9406
-10.5058
-2.35205
5.32537
10.2896
11.5866
9.08792
2.81072
-3.29806
-0.769271
1.86111
0.326654
-5.73472
-12.3244
-12.5177
-12.1577
-14.4226
-17.7207
-18.4304
-15.4396
-12.796
-11.2198
-8.65986
-5.98215
-23.5252
-17.0769
-10.7224
-8.10699
-8.52299
-11.028
-13.8394
-14.9009
-13.9884
-13.8549
-15.5678
-17.0591
-15.8772
-14.9529
-16.631
-20.3156
-22.1716
-16.4773
-8.59878
-3.75439
-2.80788
-5.14621
-8.01411
-8.70782
-9.78454
-13.2479
-17.3277
-19.7646
-22.1925
-24.7494
-25.1766
-24.3876
-25.1524
-17.1922
38.7453
59.4523
73.7373
82.5873
86.8018
86.9023
83.3803
77.115
69.3588
61.0586
57.1835
68.5935
81.768
90.9489
95.7875
96.8206
94.3283
88.989
81.362
71.5378
60.814
54.3098
56.4325
59.7659
60.9139
58.9975
55.4399
52.3718
50.6005
48.0036
45.2985
42.286
38.156
30.4604
19.1843
6.67683
7.16205
4.48308
1.7325
4.08862
11.3716
18.6714
22.5971
23.7272
22.5203
19.3974
16.0388
17.1551
18.9691
17.3667
12.461
6.64614
3.84556
4.94193
6.85412
6.60771
3.67714
-1.12135
-5.60284
-9.71662
-14.2241
-15.8093
-12.4355
-6.88327
-0.779948
2.35216
1.50635
-3.19341
-6.16948
-3.1021
-1.72594
-4.51564
-11.4549
-20.1951
-19.8285
-18.0543
-18.9728
-20.9524
-19.6293
-17.8725
-16.8308
-15.4549
-13.3069
-11.8089
-28.8776
-25.8075
-18.9853
-11.7541
-9.10138
-11.1397
-16.1735
-17.8441
-17.8724
-20.5194
-26.4522
-28.1517
-24.2158
-20.2555
-18.2922
-17.2259
-15.4483
-12.947
-12.5674
-14.8999
-16.2754
-16.2352
-17.2458
-16.6824
-14.6834
-15.9747
-22.1467
-30.4324
-33.393
-36.0249
-36.0146
-36.4251
-36.8556
-7.03032
22.8726
29.9241
43.2426
45.9027
44.4177
40.6141
39.4821
41.968
51.5112
72.1749
86.2203
96.1795
102.401
104.845
103.565
98.1219
87.8163
72.0967
57.0138
61.5704
71.2038
79.0861
82.9007
82.8236
78.7074
70.5124
57.9282
47.9094
46.2398
43.7619
39.7601
41.4819
42.1232
39.441
32.3747
23.8542
18.9932
17.2272
14.4386
11.8043
14.2734
19.5526
21.8089
20.9068
17.1286
11.923
7.955
8.14479
11.7613
14.9895
15.4929
12.602
9.99403
12.9632
15.8132
14.7224
9.35489
0.771782
-6.53926
-8.54683
-10.2403
-11.6927
-12.0399
-11.8642
-9.97008
-7.86759
-8.03074
-8.61756
-9.24364
-12.6413
-20.366
-21.8085
-18.4859
-19.7372
-26.9199
-33.0266
-29.7323
-29.5545
-30.0262
-28.0791
-26.2834
-26.1216
-26.3412
-29.1696
-12.0391
-12.9481
-12.7152
-7.68593
-4.20404
-4.35973
-5.79226
-5.27723
-4.61347
-4.41323
-3.17817
-2.41222
-4.74943
-11.4146
-17.5873
-11.8909
-5.72537
-3.93551
-5.53141
-7.34395
-7.73753
-8.93823
-11.5337
-11.1828
-9.54194
-10.1159
-12.7625
-15.4982
-17.1883
-19.1743
-21.3626
-20.7432
-16.7466
-1.62338
19.5087
22.0318
29.5273
35.6017
49.66
65.9923
77.9535
86.3214
92.3584
96.8766
99.9665
101.119
100.207
97.5208
93.0258
86.673
79.0703
77.4231
84.7871
89.848
91.7745
90.7753
86.899
80.6569
75.4189
73.4888
71.9535
69.7845
67.0925
63.3582
56.7814
47.405
41.0367
38.7282
34.3213
25.9687
16.2801
13.1923
11.7108
10.4568
17.0036
22.6766
24.3245
21.6646
15.6838
10.293
8.59969
7.417
7.89719
9.66958
10.1958
9.30693
8.31825
8.15614
6.56788
3.2174
-0.844213
-3.50974
-2.3426
0.070187
1.25379
0.00216558
-4.55963
-8.56442
-7.52293
-7.63286
-11.61
-13.9733
-9.00573
-5.41607
-4.67251
-4.46353
-4.70035
-6.79898
-9.97403
-9.58383
-7.95701
-8.85107
-12.8254
-19.1647
-24.4895
-22.2652
-18.1822
-16.9201
-10.7585
-12.1662
-12.5483
-6.86736
-1.9929
-0.771929
-1.75287
-2.56078
-2.22534
-1.31955
1.54797
4.20757
5.06779
4.55042
3.12854
0.674125
-3.59353
-8.36916
-9.69856
-9.02242
-8.27794
-7.65657
-7.21909
-7.09034
-7.42958
-8.22284
-9.495
-9.49878
-7.51215
-6.05978
-6.76031
-9.55576
-9.91945
-4.83317
12.9865
16.8377
30.6643
46.0826
64.3392
76.244
83.6706
87.712
89.616
89.6161
87.1633
81.4373
71.2315
56.7857
66.2008
81.9306
91.5971
97.6674
99.9515
98.7298
94.0226
85.5359
73.8977
72.771
80.391
84.297
83.8649
78.8917
69.5743
59.3134
52.7774
45.0869
34.9642
28.8485
26.5918
23.2223
19.0144
16.0316
14.6426
13.7644
17.0863
21.2338
21.8469
18.0726
12.4976
16.9126
23.3762
26.6413
26.9931
25.0755
21.5189
16.3697
8.83343
-1.09444
-7.27308
-3.89867
-0.088443
0.336682
-0.541433
0.436196
0.721573
-2.20498
-8.14658
-11.2412
-8.8959
-8.06864
-8.5134
-6.74918
-3.91914
-3.95504
-7.42704
-9.89779
-7.15093
-4.74681
-4.03757
-5.24504
-7.56621
-10.387
-11.4201
-11.0615
-10.4111
-10.2206
-11.8922
-16.019
-5.94206
-7.58816
-11.392
-11.0908
-8.36286
-8.41026
-11.118
-11.7279
-8.91589
-7.85419
-9.10062
-9.3854
-5.23665
-1.68024
-1.34769
-4.2372
-6.28189
-4.93675
-4.10237
-4.14975
-4.632
-7.06521
-11.5668
-13.1752
-12.0477
-13.422
-19.138
-23.691
-18.7468
-15.4635
-15.4662
-16.8865
-17.7876
-10.2206
14.8321
22.1659
45.2563
58.3069
66.9733
71.4227
71.5528
67.9327
59.5416
46.6273
39.3303
47.6321
64.4103
77.5902
87.1699
93.1977
96.1614
95.8717
92.4511
85.822
75.6267
69.9256
78.1928
85.0392
88.206
87.552
82.7664
73.5996
60.7151
46.7655
32.8812
28.0017
27.2091
25.0869
25.2038
25.621
24.2661
21.4775
18.0379
13.8688
16.495
22.5412
24.7394
23.0557
21.517
23.98
25.9007
24.2727
18.5699
9.37971
0.979521
-0.918415
-1.0507
-1.06866
-0.82077
-0.96655
-2.96098
-4.57069
-4.37503
-5.66481
-10.1728
-16.4558
-17.9169
-17.1805
-17.5077
-18.6323
-19.8197
-16.4885
-12.7847
-12.5815
-15.7832
-12.3839
-4.64605
-0.250026
2.0901
3.53332
3.13859
0.0496743
-4.77423
-8.57981
-12.312
-17.398
-19.9875
-20.7165
0.52356
1.39965
-0.271861
-3.94085
-6.11807
-5.81522
-6.79514
-9.99184
-13.4234
-12.6112
-8.25635
-5.43375
-6.0985
-9.91935
-13.8279
-12.5645
-9.63572
-8.37888
-8.10547
-7.10865
-6.8802
-8.96189
-13.267
-16.9685
-18.7604
-20.9595
-24.681
-28.6625
-26.6317
-20.9573
-15.9212
-11.4778
-8.58323
-5.87214
10.9324
26.2705
38.0709
46.302
49.2342
47.6525
43.0415
33.0888
32.8113
48.1731
61.2338
71.0204
78.5752
83.1576
84.9151
83.6085
78.9021
70.7445
64.5382
71.76
79.671
84.2552
86.0222
85.0588
81.5152
75.3511
66.9403
57.8718
52.199
47.0485
38.6185
29.6198
24.4739
21.5239
17.96
13.0934
6.54111
3.916
2.88108
6.00333
13.6739
19.265
20.4334
17.5706
14.3547
15.8282
16.3449
13.5421
9.56157
7.11145
5.2797
3.54034
1.0507
-1.82943
-0.733698
2.08806
3.27751
1.76189
-2.29935
-7.26928
-10.2839
-11.2698
-12.7533
-16.9188
-20.7898
-19.3957
-17.6441
-17.98
-20.0825
-23.1272
-23.6692
-14.6646
-3.90004
3.85137
8.19783
9.2809
7.29137
2.58516
-3.44343
-7.49331
-10.1434
-14.6842
-21.663
-25.4114
-17.7736
-14.0902
-12.4066
-13.2792
-15.8649
-18.1971
-18.4025
-17.0572
-16.018
-15.6443
-15.5393
-15.6403
-16.8642
-18.8759
-19.8616
-19.254
-19.4227
-21.063
-22.3031
-23.7537
-23.2239
-22.3419
-23.2243
-22.5024
-19.827
-17.7419
-16.998
-17.6194
-18.7635
-21.2218
-26.2905
-30.3556
-25.5515
-18.5594
-1.56215
7.23412
9.58703
6.5503
21.1533
33.0805
43.3989
51.0647
59.5321
66.6327
71.3865
72.9539
71.2213
66.3508
59.0166
52.6002
55.4807
65.804
74.5937
79.4886
80.7998
78.6192
72.8692
65.0504
59.8471
60.1393
61.1805
59.3823
53.8944
45.6868
34.6793
23.7138
13.1361
4.73624
4.55618
3.21556
-0.697082
-3.08664
2.3826
9.19491
17.8824
24.3354
27.0253
25.7604
20.708
13.6321
9.77579
10.1468
11.2949
12.7835
12.9118
10.8478
8.41109
7.35122
5.18054
1.85875
0.352909
-0.455448
-2.4524
-5.79045
-10.6121
-16.1496
-21.9344
-25.1303
-24.3769
-21.7789
-19.259
-16.7377
-14.6505
-13.4184
-13.3994
-15.8982
-17.7994
-15.8425
-14.0707
-14.5308
-14.4567
-12.6462
-11.6172
-12.5758
-14.9188
-15.3289
-14.0421
-14.658
-30.7877
-28.8849
-25.8746
-21.5817
-17.9141
-15.3253
-13.6707
-13.6395
-15.8281
-19.1127
-21.8156
-23.006
-21.0216
-19.3537
-20.5156
-22.5317
-19.8881
-15.5868
-13.8233
-15.1457
-19.5429
-25.3603
-28.8656
-30.7728
-30.7419
-23.8636
-17.6422
-15.1587
-16.1011
-16.8005
-14.8338
-13.0827
-11.241
-7.07739
1.64901
6.60407
-4.21134
7.51217
35.2007
49.7623
59.6611
65.5877
68.5615
68.6999
65.6803
59.2876
49.1109
41.7361
45.1129
56.2452
64.2626
68.8712
70.1587
68.3208
63.2793
56.5771
56.2895
61.4748
64.5855
64.3032
59.9407
51.5073
40.4697
29.2854
20.6369
14.2866
6.80106
6.59198
7.45529
6.87244
3.07444
-3.2701
-7.4077
-5.18315
6.10384
16.2418
22.2169
24.2701
22.841
18.4529
12.6071
6.51606
-0.064356
0.98299
7.65086
11.626
12.6878
11.3543
8.45083
3.60379
-3.63605
-13.635
-18.6967
-12.9109
-8.21175
-6.86832
-6.81395
-6.53123
-4.57089
-2.53626
-2.00129
-2.56986
-3.86282
-5.82557
-8.11618
-9.89065
-13.4574
-18.5998
-18.5465
-15.7301
-13.9384
-14.0482
-15.6335
-17.5789
-16.6088
-15.59
-17.1888
-20.1698
-16.4001
-18.2287
-15.4338
-10.9793
-8.34919
-7.12359
-7.51475
-10.4891
-15.7682
-20.543
-22.6438
-22.454
-21.6278
-22.2847
-20.8589
-17.1997
-13.4504
-9.70584
-7.33573
-8.11911
-12.9336
-19.9111
-21.185
-20.0654
-21.4586
-24.2378
-24.0696
-22.0752
-20.1533
-17.5461
-15.9614
-17.4109
-20.4624
-16.514
4.11087
8.10703
9.77458
33.6083
46.8534
55.1613
58.0501
56.3818
50.713
43.7169
41.2666
38.2068
45.0643
54.2442
60.5291
62.3171
59.9567
53.5533
43.0696
39.8612
44.6441
49.3699
51.6495
51.2151
48.4491
42.9514
37.2162
31.2567
26.5152
23.7427
18.5583
12.3163
8.77054
9.25043
8.06413
3.08793
-4.69825
-10.3729
-13.6145
-17.4288
-19.5895
-14.2266
-8.67992
-5.98186
-6.20542
-8.18008
-12.8588
-21.5741
-25.4797
-20.0488
-16.7438
-15.5132
-15.3685
-14.1587
-13.3284
-11.0041
-10.2168
-11.3842
-14.0409
-16.5425
-19.6435
-22.2192
-20.8569
-13.4602
-5.68366
-1.42685
-1.18445
-3.90141
-5.87133
-5.26019
-6.24987
-10.8222
-17.8443
-22.127
-20.5751
-16.6569
-12.1017
-9.04477
-8.91853
-11.6072
-15.8829
-19.0745
-20.5828
-22.1186
-18.5013
-19.9071
-19.4598
-16.6383
-14.5392
-15.0873
-17.5845
-20.0497
-22.502
-25.3578
-28.3649
-31.5646
-30.8636
-24.0977
-17.8291
-14.1412
-12.778
-11.7977
-11.1836
-12.1976
-15.0988
-18.1788
-19.5272
-19.6777
-19.5516
-20.4221
-21.1557
-19.4071
-17.5663
-18.3441
-21.661
-23.2519
-21.6629
-14.7082
2.62145
15.8057
32.9453
44.4
51.9474
55.3205
54.5623
49.5598
41.2823
32.9157
38.7472
47.1108
54.1447
59.2759
61.0529
59.4315
54.1601
46.6691
45.3589
48.9578
52.6687
53.0248
49.7746
43.71
40.2274
41.7983
42.7821
40.6995
36.2027
27.7481
16.5509
14.4612
18.405
19.4064
16.2939
8.77118
-2.85735
-14.2511
-15.0421
-12.4705
-12.51
-14.7772
-19.3643
-25.3693
-24.2313
-18.2543
-12.8383
-9.92951
-9.91544
-12.2419
-15.4638
-14.4342
-9.41714
-6.45314
-6.60447
-8.30857
-7.64435
-5.97718
-5.96794
-8.59238
-11.8275
-13.5818
-14.1471
-13.3243
-11.3109
-9.13482
-7.15184
-6.27137
-7.39635
-10.6468
-14.6354
-16.1086
-15.5522
-16.4842
-20.7669
-27.3158
-31.0452
-28.8183
-23.7266
-18.969
-17.1476
-18.1979
-21.3207
-24.2488
-8.17188
-10.9452
-13.3476
-14.814
-14.9946
-13.1513
-11.7259
-11.9252
-13.7937
-17.6084
-24.0595
-28.8578
-26.5546
-23.8206
-23.054
-23.3276
-22.5609
-20.7678
-20.5971
-22.6877
-26.6651
-30.6905
-32.6451
-29.6137
-26.6701
-26.1264
-26.6807
-25.7735
-22.6625
-20.1103
-19.845
-19.9318
-17.4927
-10.8085
-3.36091
13.9859
24.9963
31.2543
34.0386
33.7841
30.9839
29.6478
32.278
39.3657
45.8199
49.0453
48.273
43.3936
36.9831
34.2305
38.5887
43.7482
46.9208
46.6189
43.2859
38.0907
36.9775
39.6515
40.2987
38.3382
33.8401
29.0294
22.9559
14.9707
7.80366
11.4348
14.0528
13.271
8.33545
-1.39364
-9.4556
-9.0304
-9.21502
-9.44527
-10.3604
-12.5756
-14.0173
-12.1935
-7.50071
-4.00927
-1.42061
2.64467
7.0021
9.33811
10.4987
12.0494
13.2168
12.1903
8.4906
4.01963
1.96574
0.894757
-2.36324
-7.69508
-11.1698
-12.7067
-15.5899
-18.4344
-19.3522
-21.0653
-24.7381
-28.2487
-31.2803
-32.1557
-29.2535
-28.3161
-29.0694
-28.6899
-24.7563
-21.3314
-19.8726
-20.4228
-21.587
-21.9675
-20.8201
-17.7351
-14.9051
-14.8283
-11.1623
-12.9899
-15.1912
-16.2201
-17.6983
-18.6734
-15.4342
-11.7203
-11.1977
-14.2269
-18.0196
-16.6335
-13.2248
-12.2609
-14.3344
-18.728
-20.7795
-17.3661
-14.7013
-15.3732
-19.3383
-24.4943
-26.1363
-22.765
-19.2333
-18.7449
-21.5078
-23.4368
-18.3002
-11.9971
-8.93787
-9.74085
-14.0539
-11.4101
-4.23774
-0.390722
-0.732565
6.91895
11.4716
19.5837
28.0002
33.76
37.1235
36.4893
33.9985
31.0724
28.2173
28.12
30.7388
34.7637
36.2861
35.291
32.1757
31.4729
33.5217
36.3972
36.2901
33.6843
29.8715
26.6611
25.0918
24.0934
20.2036
12.1372
5.45567
4.1313
5.04848
4.27708
0.86827
-2.95623
-4.67084
-5.48813
-7.21989
-8.9361
-10.1075
-11.9351
-14.2494
-13.9388
-10.7817
-7.35092
-3.71095
-1.31404
-0.702355
-0.557006
0.972982
3.39822
4.63836
3.89706
0.663202
-4.63538
-9.28218
-11.8219
-14.7141
-17.0492
-15.7046
-12.3565
-10.2279
-10.5758
-12.5
-13.8438
-14.4562
-16.8002
-21.02
-23.3257
-23.3014
-23.459
-23.2784
-21.2418
-19.3435
-18.2709
-16.9555
-15.5745
-15.4191
-17.5625
-21.2818
-22.8323
-22.4402
-20.6375
-14.975
-14.6697
-16.5835
-19.0624
-20.4544
-19.9108
-18.4888
-19.2006
-22.488
-21.3191
-13.0594
-7.73884
-6.36328
-8.14987
-11.8506
-15.3711
-16.3314
-14.4913
-13.449
-13.8168
-15.1215
-17.3785
-19.7951
-17.7226
-14.7099
-14.7499
-18.0501
-20.5255
-16.1669
-11.0967
-9.26835
-10.757
-14.0662
-11.1132
-2.88105
2.15219
7.9279
20.1388
31.8723
37.7449
38.5628
34.8452
27.6352
21.5546
24.3788
35.0421
43.0954
47.3013
47.5905
43.9829
38.0121
36.7071
41.3523
44.6561
45.6417
43.1558
36.8539
29.1848
23.6052
19.522
16.0363
9.1741
9.33074
10.0232
8.26026
5.2717
4.3238
3.81786
2.75933
0.527677
-0.733985
-0.527069
-0.448103
-1.86852
-4.67146
-7.3536
-7.56302
-6.7507
-8.0906
-11.1834
-8.56078
-5.34766
-5.7791
-10.2446
-15.6869
-15.806
-14.4677
-15.4026
-17.9472
-19.0223
-17.6868
-15.8551
-15.6717
-16.6453
-17.2791
-15.7357
-13.8202
-13.2371
-14.4951
-16.533
-18.0254
-19.2072
-19.4839
-17.4961
-15.4514
-15.9852
-18.8149
-20.3656
-18.9058
-18.3407
-18.1236
-16.8869
-16.3095
-17.2457
-18.0331
-17.1658
-15.9453
-15.0028
-13.621
-13.5342
-12.9746
-11.9278
-13.1303
-17.8297
-22.6031
-20.1078
-16.3244
-13.7837
-11.4298
-9.84554
-9.82191
-10.834
-11.7764
-13.5374
-16.5247
-17.4079
-14.84
-13.8549
-16.514
-22.2085
-26.3793
-26.0108
-24.251
-22.0949
-19.6787
-18.8498
-20.288
-21.8216
-19.0542
-14.413
-11.8425
-9.76604
-7.40558
13.631
26.8421
36.4443
41.9821
43.8499
42.19
37.6885
34.4521
39.4725
47.466
52.9207
55.461
55.1583
51.8894
47.6816
47.4291
50.8503
52.9675
52.668
49.4967
43.8874
37.5268
32.5392
30.4935
28.8998
26.1769
22.4443
17.3921
10.6095
0.569841
-5.02426
-9.15581
-9.91222
-9.46647
-10.7786
-14.4958
-20.0738
-23.978
-15.7309
-3.65069
4.27318
8.24992
8.80559
6.48182
2.51512
-1.35073
-3.77234
-5.79299
-8.35553
-12.6569
-17.814
-18.7457
-15.4613
-13.7651
-14.9372
-17.1978
-15.5448
-11.6064
-9.11896
-7.9081
-6.9544
-6.38011
-6.67453
-6.91969
-5.19515
-2.79313
-2.16893
-4.4807
-9.49629
-14.3266
-14.8427
-14.4192
-15.6127
-18.2276
-21.1424
-23.6873
-24.7584
-23.7869
-22.6329
-22.551
-24.2054
-26.2089
-27.267
-20.0117
-22.2482
-22.4399
-20.7805
-20.5559
-22.1821
-22.5716
-20.403
-17.7955
-15.6916
-15.3621
-17.6353
-21.2377
-21.5829
-19.9197
-20.1516
-22.9534
-24.1682
-22.6379
-22.9614
-26.5199
-29.9061
-26.9857
-23.7981
-23.0409
-23.515
-23.2627
-22.4319
-23.0671
-26.0492
-29.0808
-25.2772
-20.0669
-14.2188
4.35762
15.1128
26.9573
32.8255
34.1374
35.0721
41.6288
49.6561
55.078
57.4246
56.64
52.6308
45.7005
40.1213
42.995
47.8425
49.822
48.0994
43.3959
39.2863
41.6033
43.3926
42.1154
37.1436
30.2873
25.4011
24.1559
21.577
19.1307
14.5123
6.94853
0.083141
-3.93615
-5.77534
-7.42303
-8.81078
-10.1621
-11.8171
-13.9064
-10.7546
-0.959403
6.16002
8.99528
7.83471
3.53088
-0.740237
-2.06142
-2.37949
-4.2691
-5.64578
-6.47007
-8.07643
-10.3246
-11.6395
-11.7943
-13.0963
-15.6286
-19.0284
-21.3124
-20.9661
-18.6487
-17.5606
-18.4779
-18.2398
-11.9111
-5.1613
-1.3742
-0.453775
-2.06969
-5.74172
-10.189
-12.3391
-12.2279
-12.8213
-14.9183
-17.7507
-20.1224
-20.8447
-19.992
-20.08
-22.3129
-24.4303
-22.8543
-18.3166
-16.7377
-20.7802
-19.927
-18.8424
-19.1261
-19.646
-20.9161
-22.8935
-22.0503
-18.8298
-17.0355
-15.392
-11.1399
-7.32668
-6.3605
-8.72919
-13.8961
-19.7562
-21.0064
-17.8475
-14.0735
-11.5697
-11.9118
-16.0182
-22.5556
-20.2713
-15.2255
-14.0629
-14.4749
-13.1661
-11.4792
-11.8804
-14.3897
-15.3387
-0.494898
4.5097
5.27196
10.869
22.1131
31.9053
40.0558
45.0366
47.3727
46.879
43.8509
40.0084
41.5975
46.4189
48.5037
46.7029
41.846
41.1913
45.1283
47.5217
46.3836
41.867
37.5282
37.0295
36.1269
31.7935
24.0963
17.3625
14.8434
11.1393
2.95241
-5.51241
-8.81981
-8.65861
-9.84151
-11.9456
-13.3363
-14.1559
-13.8589
-9.13851
0.200504
6.50783
8.43065
6.51898
2.30393
0.437233
1.40823
0.519187
-2.77158
-7.52885
-11.0919
-13.5518
-15.9447
-17.5616
-17.2098
-16.3515
-17.3713
-20.4591
-22.5984
-22.0591
-20.0024
-18.3662
-17.2793
-17.1062
-17.6419
-16.5427
-11.6907
-6.27722
-3.51004
-4.40254
-8.17236
-11.2504
-11.4182
-11.3956
-9.96525
-8.37657
-9.07518
-11.0331
-11.9859
-13.0011
-15.7685
-19.2528
-21.1775
-20.7239
-19.037
-21.8742
-20.634
-19.9013
-20.9366
-23.0806
-23.8314
-23.8603
-25.5243
-26.5915
-23.4733
-19.1075
-16.0824
-14.9759
-16.0874
-18.8123
-20.034
-18.188
-17.0744
-17.8746
-18.1805
-15.7175
-13.7368
-14.5548
-17.1155
-17.3867
-15.6982
-15.7129
-17.1818
-17.7034
-16.5208
-15.125
-15.1137
-15.3564
1.75897
10.751
17.6165
29.6894
36.969
40.7774
40.6868
37.1752
33.0208
32.6185
40.9316
47.9483
51.5374
51.7548
48.52
43.1858
41.6795
43.7803
44.4123
42.7062
38.442
35.9967
37.1852
37.5599
35.8588
30.426
21.0326
9.88952
3.20907
-0.270019
0.0418995
-3.62585
-6.92432
-10.6694
-11.5324
-11.8975
-12.1726
-14.3166
-17.9024
-19.4222
-11.7837
-6.1373
-3.55442
-3.36524
-3.63897
-4.72746
-7.61916
-9.29058
-9.20415
-9.49214
-12.3263
-15.1103
-16.0348
-16.4846
-17.428
-18.59
-19.9147
-21.9009
-23.1874
-22.8268
-21.9383
-21.4516
-20.6374
-17.0015
-11.6018
-6.61161
-4.07232
-3.67384
-5.31806
-8.59725
-12.5479
-15.4323
-16.1212
-15.417
-13.6526
-12.8257
-13.6013
-14.8569
-15.3868
-16.1971
-18.3433
-21.9638
-24.4103
-21.2666
-7.61143
-7.38432
-8.48984
-11.3089
-15.1748
-18.7237
-20.8768
-21.5526
-22.2453
-25.0501
-29.735
-28.3353
-21.9232
-18.8166
-19.3732
-21.2947
-20.7804
-19.1842
-17.7741
-17.4879
-18.6156
-20.6842
-22.9348
-25.405
-26.0606
-22.2693
-18.1607
-14.3682
-9.92191
-6.18802
-4.33584
-4.62563
-6.65925
-8.73539
11.3653
25.1741
38.4793
45.4324
47.7653
46.6715
45.5326
48.4724
52.5721
54.822
54.6283
51.5086
46.8041
45.2202
47.8533
49.2176
47.8357
43.8609
40.2289
40.6286
42.7789
42.3509
40.1469
36.8211
32.1609
26.195
21.2497
19.178
18.3306
16.0608
13.3246
9.72212
6.40408
3.31924
0.458442
0.409691
1.31759
0.866413
-1.15341
-2.41616
-1.14845
0.447319
-0.378402
-3.21229
-6.25048
-7.36898
-8.04513
-9.56296
-11.6211
-13.0088
-9.57642
-6.62124
-6.52386
-8.79039
-11.1507
-12.1108
-13.0367
-14.3065
-15.4682
-16.3891
-16.0656
-12.0254
-6.82239
-3.17671
-0.961943
0.0417725
0.586793
0.205047
-1.80906
-5.80853
-10.1562
-12.8067
-15.568
-17.0124
-13.7657
-10.9105
-11.0253
-13.5563
-16.0609
-16.9449
-17.5622
-19.0868
-21.5387
-23.5528
-10.1066
-13.4797
-14.8728
-16.1818
-18.0701
-19.084
-18.2223
-16.1285
-14.1733
-13.8615
-16.0061
-19.648
-21.7118
-19.6377
-17.0305
-15.5011
-14.4113
-14.1656
-15.354
-17.3494
-18.7906
-20.2048
-21.8746
-22.8941
-21.5558
-17.6121
-14.9978
-15.3065
-17.7815
-19.4616
-18.5655
-16.936
-16.1172
-11.556
1.87595
22.096
32.8751
38.7291
41.8232
47.1434
53.4899
56.8722
56.97
54.3881
50.4096
48.0497
51.1122
55.8467
57.1352
54.4168
49.731
50.6502
54.0292
54.1125
49.8366
42.3002
35.4308
33.5108
32.1165
29.7305
30.1632
30.057
26.9229
21.2322
13.4355
10.0797
9.4972
7.35371
2.86885
-3.37031
-2.9389
0.476388
1.03417
-0.361923
1.53522
4.76816
6.06371
6.38115
7.29414
8.58122
9.14949
7.92894
3.93856
-2.44954
-5.75802
-3.36977
-1.95721
-3.1367
-5.85756
-9.29337
-11.5019
-12.243
-11.2498
-10.867
-11.7066
-13.7732
-15.7763
-10.8729
-3.64256
0.934773
2.83163
2.65527
0.973301
-1.87922
-6.17617
-11.1074
-11.1867
-7.13508
-5.02611
-4.4712
-4.82692
-6.36477
-9.40249
-13.3279
-16.3137
-17.5064
-16.5901
-15.2928
-13.0881
-11.8846
-12.2266
-12.2814
-12.0316
-11.537
-9.17036
-6.9068
-7.44742
-10.883
-13.2705
-10.9282
-8.14666
-7.33779
-8.09083
-8.36131
-7.48911
-7.82745
-10.5097
-14.165
-17.107
-18.3503
-16.281
-12.5386
-10.7636
-11.5469
-13.7619
-15.501
-16.6329
-17.9238
-16.3517
-12.6262
-10.5933
-5.13014
10.6527
21.2602
27.2332
37.8365
48.1917
54.579
56.2898
53.7085
47.9025
45.2201
49.5077
54.5709
56.8145
55.7886
52.4184
51.0688
53.0684
54.0039
52.2805
49.7932
49.0965
48.389
45.098
39.4498
34.9971
32.506
27.7629
19.7226
11.6065
6.28901
7.11902
11.2552
13.522
12.5668
7.3423
-0.474704
-3.06793
-1.06423
-0.011931
4.9432
14.739
21.2618
23.2871
21.4378
17.2809
14.4848
13.1592
11.1264
8.48691
7.19616
7.24909
7.33542
6.81404
6.24674
5.81229
4.57139
1.61462
0.156274
3.49104
5.84956
4.83275
1.03431
-2.60293
-4.78973
-7.67255
-10.9785
-12.0469
-12.7437
-12.9496
-9.38975
-6.25827
-6.24671
-8.1767
-8.87117
-7.10528
-5.08264
-4.49446
-6.16589
-9.57952
-10.0881
-6.85353
-4.81458
-4.88498
-4.48786
-12.3209
-9.87501
-8.03883
-7.18024
-7.01882
-7.60703
-8.97659
-10.3004
-10.1991
-9.21794
-8.69817
-8.23655
-5.29265
-1.86638
-1.20669
-4.06613
-9.43168
-13.6508
-15.8569
-18.2271
-20.5511
-20.4916
-17.4696
-14.8504
-14.0782
-14.3562
-14.3964
-14.2174
-13.8623
-13.281
-13.4521
-15.6401
-18.6539
-9.88827
7.19634
25.2001
38.3211
49.7582
56.8553
59.6515
58.7866
56.5075
57.3272
60.4838
62.4333
61.677
57.8402
52.9338
52.4798
54.07
53.4145
51.0346
51.6825
54.3177
54.7457
51.5538
45.4741
39.5726
37.0093
34.5084
28.8165
21.5453
15.2375
12.6427
10.3613
9.754
10.1489
8.71886
4.93893
0.859517
0.0889652
0.508069
2.49065
11.733
23.4896
30.2763
32.4147
30.7197
26.5847
22.2339
17.6333
11.3498
6.24935
7.58522
11.6071
13.9699
13.0861
9.38901
5.05346
3.17447
3.67269
5.43017
6.71712
6.63804
5.35985
3.15442
-0.594492
-4.69613
-5.22851
-4.58317
-5.60204
-7.71237
-10.1439
-12.6233
-13.9065
-14.4768
-16.0851
-15.8931
-13.1299
-10.5846
-9.10386
-8.59325
-7.31914
-3.78234
-1.23486
-1.94025
-4.59947
-4.21702
-17.2081
-16.0604
-15.4791
-15.3778
-15.6053
-17.4235
-19.6387
-18.379
-15.0709
-12.8876
-12.2305
-11.2711
-8.59871
-6.4543
-6.49719
-8.28061
-10.2327
-11.9593
-13.7195
-14.1657
-13.9626
-14.1623
-13.878
-11.3336
-8.48044
-6.8407
-6.52488
-7.34441
-8.26076
-8.95473
-10.8583
-15.3161
-16.8957
7.32636
27.3568
40.2629
48.141
51.4164
51.4836
52.6919
57.1952
61.0245
62.7819
62.1288
59.2537
56.6073
58.1502
59.8593
58.3412
54.2824
52.0815
53.8737
54.1047
51.9732
48.4888
46.9474
45.7796
43.129
38.6541
32.6516
29.0996
28.0776
30.1215
31.3589
30.1023
25.4819
18.5284
11.7003
6.83006
4.37509
5.43921
6.68817
7.64403
11.6497
21.9513
27.9765
28.9935
25.1997
16.3496
6.37074
3.35383
3.53644
3.83827
2.5241
0.015103
-0.17484
4.2061
7.05177
6.9939
4.62582
1.85383
1.02768
1.75843
2.7587
2.4711
-0.119407
-4.07937
-2.62508
2.91464
5.60366
4.71187
0.906186
-2.91832
-3.4244
-3.11997
-4.69807
-7.53467
-8.92892
-7.89563
-5.31574
-2.73971
-2.12305
-4.09888
-7.53356
-9.83513
-11.0297
-12.266
-12.9028
-17.9397
-17.3942
-17.9001
-18.4161
-18.8193
-18.687
-14.9311
-9.85766
-7.28577
-7.31112
-9.25185
-12.1761
-14.2263
-14.1565
-14.3077
-16.8688
-21.3744
-25.9056
-29.0603
-29.5281
-26.1485
-20.533
-15.0416
-12.0827
-12.13
-14.5943
-17.4773
-17.1346
-13.8763
-11.5029
-11.1527
-12.2287
-12.0832
12.2835
33.7798
45.49
51.3906
53.6158
55.7995
59.6339
61.4508
59.2319
53.4168
53.1071
60.4393
65.7174
67.4067
66.1775
63.7409
63.1154
63.9028
62.7442
59.6289
56.7798
55.3335
52.9738
48.7498
44.0568
41.6538
41.9793
42.5728
41.4157
37.6464
31.2739
24.6202
18.3768
13.6695
11.207
8.36632
4.9938
2.63573
1.7456
4.93209
12.9032
23.6727
29.6313
30.7081
27.1889
19.9388
14.6205
13.6737
12.0228
9.52668
6.02622
2.06283
0.497941
1.05543
1.14505
1.00877
2.56127
7.58035
12.709
15.2955
15.1247
12.741
8.55657
2.17352
-4.38078
-2.15545
1.71834
1.97974
-1.43037
-6.64394
-8.05575
-6.79962
-7.52371
-11.2368
-15.5058
-13.4354
-7.13404
-2.36542
-0.238576
-1.10489
-5.00959
-10.8253
-14.2278
-12.7938
-11.7274
-14.7604
-14.4165
-12.9463
-13.0347
-15.5616
-17.7572
-15.4146
-11.5178
-9.64257
-10.4759
-13.3553
-15.851
-15.8423
-15.3229
-15.5445
-16.4889
-17.3233
-17.8989
-17.2461
-14.2921
-11.9378
-12.0408
-13.7508
-14.8613
-15.6169
-17.1352
-17.6741
-17.1051
-16.7593
-15.3418
-12.4984
-10.5804
-10.2697
16.3219
34.7859
48.0308
59.1762
67.283
71.46
71.8385
69.3291
67.3706
69.0593
70.8416
70.1654
67.0161
64.3878
66.1186
68.0931
67.591
65.509
64.8699
65.3488
64.5342
62.1228
59.1249
56.0556
53.5042
52.3758
50.9618
47.3676
42.8055
41.5014
42.011
40.5463
35.6156
28.4073
23.1461
18.1073
11.6919
5.69135
3.61785
7.46897
17.1845
28.2256
34.4814
36.1791
33.885
29.2193
27.4428
28.2431
26.9728
21.9519
13.5682
5.29414
-0.616613
-3.14761
-3.99949
-4.73573
-4.99556
-4.18697
-2.30255
0.274718
2.68253
5.21798
7.36289
7.45701
4.71081
-0.345046
-5.00636
-7.26287
-8.69527
-10.557
-13.4499
-17.4042
-20.8914
-23.7251
-23.3433
-19.377
-13.3859
-8.30906
-5.68225
-5.34084
-7.19965
-11.4443
-16.8718
-19.2528
-18.6401
-20.845
-18.2779
-16.4862
-16.2832
-15.7144
-12.3798
-9.04571
-8.32212
-10.2832
-13.3444
-14.2886
-12.7178
-11.5741
-12.6359
-15.8747
-19.1973
-19.3555
-16.472
-13.1805
-11.5346
-11.8339
-13.5768
-15.6234
-16.2633
-15.0952
-13.9596
-12.9924
-12.0397
-12.529
-15.775
-20.769
-21.7379
-18.0768
18.4691
47.3989
63.6577
74.2985
79.6435
80.5505
77.7067
73.0521
70.7527
70.4729
69.1653
67.7699
69.3659
72.0841
72.6497
70.6772
69.2966
70.5517
70.8685
68.9292
67.1677
66.8208
65.2745
61.1769
56.8478
54.5143
52.0391
48.3927
44.3671
40.3554
36.9718
35.4612
34.287
31.6074
26.6773
19.7433
11.9391
5.92027
0.99878
-1.4401
8.54504
19.758
25.8124
27.4382
25.6176
22.9368
23.8395
26.1035
27.1399
26.5963
24.4017
20.0449
13.5883
7.57676
1.84397
-3.34164
-4.59323
-4.16053
-4.32934
-4.67075
-3.26028
-0.0466219
2.87595
3.84188
3.83691
5.05698
6.83726
6.87008
4.33684
-0.39487
-5.64112
-8.21473
-9.45749
-12.4365
-16.825
-20.3303
-20.2301
-17.0349
-13.9339
-12.2519
-12.2599
-14.0074
-16.828
-18.0953
-16.8114
-19.7582
-19.0646
-19.7298
-18.9918
-15.931
-12.7576
-10.3079
-8.50685
-8.12262
-9.56346
-11.0382
-10.1796
-9.75051
-12.1444
-14.9878
-13.3778
-10.831
-9.8062
-9.47825
-9.82475
-11.4133
-12.7737
-12.326
-11.3567
-11.4702
-13.0346
-14.773
-14.8189
-14.4863
-16.1719
-19.6188
-21.3498
-18.9154
14.1946
35.5245
52.5594
63.1761
69.9372
74.9458
78.0665
78.1295
74.7887
70.5165
73.0211
76.9671
77.7045
75.5836
74.3736
76.3097
77.1137
74.8637
71.4541
70.646
70.5694
68.3305
65.0025
63.4682
62.0428
58.633
55.5767
55.4176
54.7991
51.6538
46.1038
38.9582
29.9723
23.1112
19.6818
17.9619
15.5266
12.5564
9.91681
7.41558
6.02218
10.2534
15.2392
17.4426
17.7547
20.732
25.8935
29.1851
30.1402
29.0241
26.1896
22.391
19.0294
15.576
8.55849
-2.17628
-8.08868
-8.19491
-9.05578
-11.6543
-14.9563
-17.4756
-19.2685
-18.6446
-10.946
-3.13374
0.664861
1.32016
-0.489319
-3.822
-7.37677
-9.61447
-10.8379
-13.3181
-15.5274
-16.5005
-17.4842
-18.7153
-18.9791
-17.0144
-14.416
-13.4328
-15.0311
-18.4496
-20.4567
-14.8512
-16.069
-18.3897
-21.2711
-24.3618
-26.3998
-23.2405
-17.5568
-14.4571
-14.7354
-17.1546
-19.8114
-21.7832
-23.108
-22.077
-20.0501
-18.6117
-17.431
-16.6078
-17.539
-20.073
-21.0648
-19.3702
-18.765
-19.9375
-21.5938
-23.8878
-28.7507
-35.0835
-31.5323
-23.4947
-18.7705
-16.4787
-4.78155
31.4197
50.3666
67.3087
78.6932
84.9366
86.7978
85.5038
83.3903
82.9097
82.3813
80.2402
78.2836
79.2445
80.5577
80.5568
80.9873
81.9053
80.786
76.4176
70.5964
67.5648
66.0821
64.2497
62.6238
61.5154
62.6919
65.003
66.231
66.3822
65.5194
62.5419
55.9791
45.7509
34.4689
27.5212
22.1978
15.7985
8.65525
5.52122
9.48487
21.937
28.9365
31.5999
30.9232
30.1295
32.1476
33.9938
33.043
29.7465
24.8294
19.0034
14.8385
11.6617
6.36843
-1.36529
-6.16027
-7.75769
-8.88312
-8.58599
-4.45743
-0.0840508
1.70337
1.34301
1.42143
2.61287
2.38737
-0.558677
-4.85483
-6.3641
-5.67975
-6.10624
-8.69285
-13.4253
-18.3804
-20.1007
-19.409
-20.5214
-23.8541
-27.4512
-28.674
-25.0997
-19.3933
-16.1894
-16.6871
-26.3221
-23.3912
-19.9833
-17.8852
-18.3156
-21.6862
-26.5186
-25.7643
-22.0704
-19.3653
-18.1647
-17.7627
-17.8983
-18.6885
-20.4389
-22.8839
-24.5395
-24.6668
-24.8981
-25.3909
-25.5547
-25.153
-25.3564
-26.2712
-27.981
-30.3104
-32.5974
-33.2862
-29.2225
-21.3147
-15.3081
-12.3123
-10.2606
2.13622
38.4915
61.9273
76.8299
85.4363
89.1689
89.5222
87.6016
84.1155
79.0395
75.3388
79.0254
82.909
84.176
84.5347
85.9865
87.0194
86.136
84.8918
84.8489
83.9828
81.197
78.6251
77.0142
74.0566
69.1859
65.7417
64.5025
63.485
63.7563
64.6632
63.7089
59.581
52.9688
46.6862
40.5417
31.4849
19.682
13.5811
16.1967
32.5309
47.0691
55.2432
58.1578
56.4921
50.406
41.8068
38.7711
39.5448
37.7759
31.6967
20.5793
9.8261
6.88784
2.85651
-3.42509
-9.29894
-11.9439
-11.4218
-8.50847
-5.44409
-3.80399
-4.21038
-6.36902
-8.28724
-8.05969
-7.85914
-8.50795
-7.53177
-4.76262
-3.71372
-5.95011
-11.0513
-16.0317
-19.6782
-24.0088
-26.4974
-25.441
-25.8184
-28.676
-32.0444
-33.8245
-31.7973
-27.9951
-25.7012
-28.9739
-31.0905
-31.6535
-31.6101
-32.8833
-35.5297
-35.9343
-32.2233
-27.573
-22.5807
-17.962
-15.8577
-16.7132
-19.5732
-22.0421
-23.508
-25.0264
-26.4509
-26.706
-26.1874
-26.4121
-27.5877
-28.5938
-29.6341
-32.1462
-34.7061
-32.8885
-29.2812
-26.706
-24.8127
-24.0842
-25.5517
-22.6221
9.08895
30.9387
48.9031
65.5826
78.7057
87.8174
92.8225
94.5341
94.195
93.3841
92.4604
90.2815
87.8812
88.7969
91.5616
92.6112
92.1029
91.7614
91.0223
87.9253
82.3975
78.0159
76.1033
72.823
66.7102
61.0951
60.1149
59.5018
55.7691
48.8355
42.5693
40.731
40.2577
39.4975
37.3302
32.371
24.0937
14.9144
12.6612
17.1797
35.0373
49.8028
57.8373
60.7279
59.2661
53.7082
45.5338
41.7909
43.6544
43.5736
39.3184
30.5692
20.9687
14.8725
8.7222
-0.331131
-8.6573
-11.9495
-12.468
-11.0039
-7.12035
-3.66871
-2.86969
-4.54629
-6.27777
-4.9032
-2.57331
-2.33313
-4.54443
-8.2585
-11.3994
-13.8524
-15.6536
-17.0915
-16.2701
-12.9585
-11.228
-12.8595
-16.9363
-18.4251
-17.3408
-18.6239
-22.7758
-25.824
-23.6786
-31.0197
-30.862
-29.7568
-26.1307
-23.3122
-23.1738
-24.6018
-24.7692
-23.9455
-23.4403
-22.7081
-22.295
-23.3236
-25.3518
-25.9337
-25.4045
-25.2143
-24.3044
-22.8219
-23.3861
-26.2685
-26.5027
-23.3063
-22.1375
-24.0437
-26.9974
-25.4025
-21.5218
-20.2725
-22.5908
-27.179
-29.1831
-26.9752
11.3213
34.9684
51.727
69.1204
81.4691
89.0332
92.8743
94.7179
95.675
95.5342
93.8082
92.2757
93.415
95.0839
94.6061
92.6079
91.1171
89.6093
86.2419
81.4108
77.5027
74.2217
69.1327
61.6306
54.2086
49.941
50.4984
52.7323
53.9746
52.9125
49.7491
45.4238
40.579
35.4167
30.5781
26.2959
20.4724
15.1385
13.1913
15.2515
26.6946
39.463
45.8902
47.373
44.662
38.7562
33.4763
33.0481
34.3204
33.1664
27.8001
18.0154
7.99512
0.147718
-6.45098
-9.71724
-9.27942
-9.50814
-11.5083
-14.3021
-15.0577
-14.3009
-15.0017
-16.5362
-14.9576
-10.5696
-7.76189
-7.82606
-11.1084
-17.3202
-23.2207
-25.1164
-26.0852
-27.33
-24.1809
-17.3935
-12.4173
-11.1248
-13.2363
-16.85
-18.5598
-19.3092
-21.7667
-25.6105
-27.8903
-18.5155
-14.3098
-13.1459
-14.956
-18.8377
-23.3847
-27.3698
-27.8441
-25.2938
-23.2871
-22.0482
-21.6193
-22.7312
-26.351
-32.1544
-36.9253
-35.9909
-31.4995
-28.707
-29.0153
-31.9661
-32.9691
-29.6124
-27.4923
-28.2579
-31.3618
-33.6015
-32.642
-31.8503
-32.6866
-33.4685
-31.8014
-27.0871
9.17898
28.9876
43.907
55.6537
66.5425
76.9854
84.4897
88.0001
88.4223
89.5221
93.8022
96.9323
96.834
94.4047
92.7125
92.0747
89.7137
85.2261
80.2529
75.2339
70.6788
67.4471
63.5844
57.2881
49.746
43.696
44.8548
47.6769
48.4515
47.7162
46.1415
43.0753
37.5019
31.5491
29.2955
27.1875
23.2902
19.21
15.2646
13.1093
20.4529
32.8017
38.9605
40.3091
37.8103
33.0301
29.6885
29.6282
30.1037
28.3687
22.5437
12.6394
3.79044
-1.27979
-2.47119
-1.10042
-0.747146
-3.01932
-6.84137
-9.40017
-9.33153
-9.46627
-11.4583
-13.2892
-11.173
-7.40259
-5.01229
-4.99989
-7.51506
-11.9181
-15.9691
-17.9925
-19.8165
-23.1198
-25.2847
-21.7899
-17.44
-15.4407
-15.815
-17.3869
-19.0737
-21.3173
-24.7066
-27.392
-28.1418
-29.9749
-28.6192
-28.5493
-30.5417
-33.235
-34.8547
-36.8754
-38.9175
-38.2985
-35.512
-34.002
-33.8902
-33.6751
-31.6174
-29.452
-27.8622
-26.4785
-24.8886
-23.2755
-22.2231
-21.9855
-22.7459
-23.9857
-25.3495
-27.0743
-29.4731
-32.1523
-33.2833
-31.0953
-27.6568
-26.0679
-26.5899
-27.2243
7.21567
27.8436
42.2901
57.6328
69.754
78.1477
83.5815
88.1674
92.268
94.9928
95.6254
94.4945
93.3352
93.2993
92.6692
90.0212
85.7578
81.4932
78.2322
75.5941
72.3844
68.0202
63.4397
58.9947
53.6511
49.9363
51.1137
52.2048
50.7035
46.4264
40.5224
35.19
32.4523
31.689
31.1437
28.4421
24.8186
22.895
20.9335
16.5502
22.899
35.2845
41.8052
43.346
40.7624
35.7028
33.0586
33.4163
32.758
29.1267
21.6239
10.8045
2.68018
-1.1003
-5.41031
-11.8969
-17.8
-17.7177
-14.2097
-12.2553
-13.2806
-14.6864
-10.646
-4.48295
0.777094
4.77838
7.0038
7.76093
7.22333
4.89076
-0.164087
-7.47129
-12.2588
-14.3543
-17.0961
-19.2592
-19.5037
-19.7195
-20.9104
-23.2965
-26.768
-30.1531
-31.9136
-30.7668
-28.4362
-28.8644
-26.9562
-26.7313
-28.4244
-31.6009
-34.985
-37.0845
-37.1978
-35.5331
-31.6685
-29.3025
-29.7641
-32.0842
-32.4556
-28.448
-24.0326
-21.9439
-22.5506
-24.6062
-25.4038
-24.2018
-23.0423
-22.918
-24.139
-26.2261
-27.644
-27.8638
-27.9115
-27.8989
-26.7739
-24.6643
-22.0196
-19.1164
0.309325
21.9186
43.2179
57.6466
67.1919
72.9398
76.7449
78.3883
77.9057
77.2974
80.3453
84.4628
86.2196
85.3791
83.4904
82.1216
80.7164
78.4003
75.3583
71.2925
65.8772
60.4457
55.3969
48.1363
40.9542
41.318
45.7071
49.5195
51.0254
49.469
44.5854
37.3959
31.6101
29.609
29.5217
28.314
25.7387
23.9907
22.2444
18.0615
21.3512
32.8258
39.2617
40.6997
37.6477
30.6376
23.3769
19.8818
17.3777
14.9311
12.4068
8.64274
3.74724
-0.905058
-4.7013
-8.5217
-11.6179
-12.5058
-12.516
-13.6105
-15.5729
-16.8293
-16.7928
-16.4044
-13.0599
-6.53844
-2.25366
-1.39107
-3.65514
-8.04583
-12.7505
-16.2379
-17.594
-18.4664
-19.132
-19.2053
-20.0827
-22.7253
-26.2222
-29.4217
-32.3905
-33.4371
-30.6235
-27.4882
-26.6095
-29.6677
-28.7124
-28.0328
-28.6349
-30.4019
-31.3298
-29.5482
-27.9258
-27.653
-27.0806
-25.7717
-24.9146
-24.0384
-22.8922
-22.6828
-23.915
-26.0696
-28.8098
-32.5039
-35.3008
-32.7414
-28.676
-27.7406
-29.9856
-31.9867
-30.0449
-27.7252
-27.2142
-28.3607
-28.1305
-22.7073
-17.5412
-15.3576
-9.75259
11.3021
21.7012
44.4052
59.1189
68.4846
73.5286
76.4774
78.9439
80.9889
81.3504
80.2733
79.9154
80.3623
79.351
76.1418
72.1267
68.0627
62.87
56.7897
51.7075
48.0796
45.1337
41.8096
37.7055
33.6723
33.2879
35.4871
36.3691
35.4733
33.2584
29.3579
24.1683
22.1261
23.0909
22.0438
21.0023
21.5359
20.7062
16.6654
16.9334
26.5611
32.392
33.387
29.9449
22.8368
16.3293
12.7187
8.98419
4.74315
0.246984
-4.33878
-7.40708
-10.0738
-13.7353
-16.7416
-16.5508
-14.4825
-13.6136
-14.7499
-16.7052
-17.7974
-18.4894
-19.7916
-21.3569
-21.9379
-21.7191
-22.6025
-25.0661
-28.0878
-29.5541
-27.865
-24.4736
-22.9167
-22.995
-23.7532
-24.3927
-24.735
-25.1911
-27.1746
-31.0247
-33.137
-30.3284
-26.9317
-25.4902
-25.6671
-25.9845
-26.1402
-25.5038
-24.4191
-23.5705
-22.2304
-20.0978
-18.9302
-19.9956
-22.6142
-23.3333
-21.2514
-19.6316
-19.9714
-22.3953
-26.1833
-28.9409
-30.1141
-32.9055
-37.7645
-38.7281
-34.8504
-32.4691
-31.2464
-27.6327
-22.4123
-19.206
-18.8859
-20.5756
-22.2522
-22.614
-21.9733
-10.3325
15.7264
38.0517
53.0887
62.7371
68.2945
71.6609
72.9548
72.4709
72.4877
75.309
78.0537
78.1934
75.9296
72.9211
70.2662
67.0712
63.5631
60.4244
57.047
52.3523
47.187
44.2684
43.3456
42.398
42.0268
43.7747
44.6966
42.77
37.4502
29.626
23.031
22.713
26.5353
28.7889
28.1191
26.3243
25.5529
23.8693
18.6511
15.0827
23.1443
28.9525
30.2343
27.7874
24.6922
24.7705
24.5732
21.4035
15.8611
10.7575
6.79495
1.69262
-3.32177
-4.8303
-3.95229
-3.86608
-5.97543
-10.2218
-14.8872
-17.618
-19.703
-22.2653
-22.7736
-20.5381
-18.7854
-18.7735
-19.9923
-20.961
-20.9968
-21.2919
-22.513
-24.0348
-24.8747
-23.0778
-18.6272
-14.973
-14.233
-16.8855
-22.7751
-29.8925
-33.2994
-31.5178
-27.413
-23.4228
-30.2926
-30.3215
-29.9518
-28.3464
-25.4849
-23.5894
-23.1925
-22.9492
-22.3247
-22.3493
-23.5254
-25.2797
-26.0861
-24.6817
-23.0911
-23.3069
-24.1667
-22.2475
-19.7945
-20.0928
-23.8513
-29.0827
-31.2381
-30.827
-30.737
-29.4847
-24.9358
-20.2187
-18.1423
-19.025
-22.2252
-25.5503
-26.6194
-21.6132
8.16113
27.766
44.5132
56.3009
64.9132
70.1259
73.4919
75.9638
77.7277
78.1309
76.9507
74.9927
73.0636
71.1912
68.6448
65.7797
63.1249
60.3955
56.2001
49.8263
43.0532
39.2954
38.9309
42.4044
45.6801
45.9692
43.5592
40.4023
37.3316
31.7127
23.3247
21.0415
25.8776
28.6593
27.9038
25.8287
25.2466
24.076
19.095
11.1932
13.2089
18.8085
20.9184
19.5884
17.2084
16.6595
15.9646
12.8971
7.68758
1.59675
-4.53088
-10.7922
-12.1154
-10.1781
-9.041
-8.72997
-8.60067
-7.75768
-6.01128
-4.52811
-4.30683
-5.71888
-8.3324
-10.0985
-8.68484
-6.17464
-4.9579
-5.91702
-9.10759
-13.8877
-18.459
-21.165
-22.3361
-23.1401
-22.85
-21.533
-21.5019
-23.3154
-24.7416
-24.6519
-25.0883
-25.7873
-24.926
-23.0065
-31.2249
-31.9771
-31.4999
-28.8243
-25.2131
-22.9872
-23.1319
-25.5142
-28.8792
-30.4879
-29.6284
-27.564
-26.1617
-24.9494
-23.1355
-21.771
-21.6819
-22.0421
-22.3317
-23.4497
-25.2953
-26.8241
-28.0351
-29.5536
-30.951
-31.0554
-28.5217
-24.5357
-22.1723
-22.3175
-24.0384
-24.9949
-23.8651
-19.6268
-6.96537
23.44
45.0758
58.5744
66.0944
69.6247
69.8882
67.7976
66.4193
69.3671
72.6781
73.4647
72.0433
69.6468
67.5076
65.8305
64.4204
62.0981
58.0031
52.938
48.4839
45.0113
41.6471
38.7615
37.6063
36.0828
32.5613
28.2637
26.3754
24.6833
22.232
20.9432
24.1297
27.0667
26.927
25.2518
24.4956
23.3553
19.0411
12.554
11.2197
14.1933
15.9237
15.735
14.5905
13.1389
10.4832
6.1952
2.07935
-0.86178
-4.69334
-8.01684
-7.52118
-6.21538
-6.9045
-9.09216
-10.6619
-8.68719
-5.33984
-3.72788
-4.75306
-7.80292
-10.6756
-11.7482
-11.8991
-13.071
-16.1042
-20.5749
-24.5795
-23.4328
-20.9783
-21.3797
-24.0075
-25.4619
-23.2619
-20.1022
-18.2141
-18.142
-19.2596
-20.6763
-22.3801
-24.4154
-25.5826
-25.3025
-30.7298
-30.0385
-29.6064
-28.0136
-27.0132
-28.3906
-31.2882
-33.1269
-33.1567
-31.4289
-27.6693
-23.5442
-21.6051
-22.4435
-24.2585
-23.9692
-23.2386
-25.0991
-28.8823
-29.9525
-28.254
-27.8774
-29.5104
-32.2014
-34.5472
-34.0205
-29.4254
-25.0543
-23.0588
-23.242
-24.1739
-22.9035
-18.9934
-13.8806
-2.94604
24.0301
38.162
50.3308
58.0401
63.2288
67.0206
69.5307
70.7487
70.8623
70.4675
69.9522
69.361
69.2989
69.0993
67.7238
64.8074
60.8401
56.4082
52.1892
48.7058
47.556
47.6018
46.7252
45.8243
45.3727
43.1436
37.7091
30.428
24.7286
21.5477
21.859
26.382
29.6146
29.2869
25.8083
21.8746
19.7144
16.2814
11.7843
12.2132
15.882
17.5502
16.3994
15.427
17.0718
17.5272
14.4187
7.78168
1.12117
-2.25076
-4.16485
-5.78869
-7.68637
-10.6875
-13.1551
-14.4844
-16.0134
-17.8049
-19.4051
-20.8916
-21.3171
-20.0988
-19.5496
-20.8004
-22.84
-25.325
-27.9222
-26.9669
-22.1563
-18.9508
-18.8227
-21.3493
-24.0879
-23.9063
-21.8487
-20.5554
-21.5683
-24.8975
-28.5916
-29.5299
-29.2817
-30.0061
-30.5385
-36.3696
-34.4567
-33.6397
-33.2591
-33.1201
-33.5846
-34.5472
-35.456
-35.4226
-33.9879
-30.379
-25.5222
-22.7967
-23.5115
-27.3537
-30.8431
-30.9185
-30.2233
-27.571
-23.3593
-20.5951
-20.269
-21.8037
-24.5439
-28.3434
-33.4064
-37.8373
-35.9653
-29.4378
-23.3132
-19.7214
-19.2098
-21.2894
-19.2325
-1.9165
19.9625
37.378
49.3881
58.3716
64.2789
67.5988
69.5137
72.0122
74.7052
76.1653
76.0641
74.8336
73.0532
71.0451
69.0088
66.4981
63.1522
59.0115
53.4179
48.5789
48.5908
50.5974
53.4549
55.8863
55.8949
52.6767
47.2947
43.385
40.5186
36.7901
32.5252
31.0845
31.5925
30.6284
28.1961
26.7678
25.6607
21.5877
14.3986
14.0078
20.0971
23.8411
24.9323
25.182
26.1521
26.2447
23.5017
17.0389
7.55166
0.852514
-3.40905
-7.96378
-11.9855
-16.1569
-19.4203
-19.8362
-18.3841
-17.3941
-17.8263
-19.1279
-19.7232
-19.2763
-18.3498
-17.0322
-16.3615
-17.837
-22.213
-27.4504
-28.2061
-26.4001
-26.3586
-27.6997
-28.3974
-28.3819
-28.7425
-28.531
-26.8221
-24.1624
-21.3629
-19.3635
-18.8941
-20.0571
-22.6401
-33.0171
-34.9987
-35.589
-34.5865
-33.5726
-33.4954
-33.8765
-33.7152
-33.1101
-32.4015
-30.9932
-28.9516
-26.7406
-25.2059
-24.856
-26.0034
-28.0725
-29.312
-28.6676
-27.5591
-27.4638
-28.0749
-28.292
-27.8714
-28.5318
-31.5508
-35.4355
-36.5674
-34.1293
-28.3728
-23.523
-22.0915
-23.7243
-20.9813
1.67359
21.1266
35.543
46.4593
54.7626
62.3691
69.183
75.0593
79.4062
82.1244
84.1459
85.5032
85.317
83.365
80.5109
77.9863
75.3048
71.96
67.6687
62.658
59.5293
58.407
56.87
55.9845
56.6792
55.9327
51.635
45.157
43.825
46.2796
47.117
46.1785
45.2275
44.4891
42.4184
40.1011
40.0254
39.3361
34.6667
24.823
15.9274
19.6163
25.9896
31.7942
37.0551
40.5978
41.5208
39.5421
34.8614
28.5748
22.0876
14.2284
3.48697
-6.94992
-11.0578
-11.7795
-13.0984
-15.5079
-18.939
-21.1752
-20.1187
-18.1135
-16.4516
-14.4756
-12.1538
-10.4227
-10.2792
-11.7823
-13.7841
-14.769
-15.5129
-17.9716
-22.7364
-28.7559
-31.3578
-28.6721
-24.9785
-22.968
-23.0348
-23.879
-24.0797
-24.1578
-24.6504
-24.601
-28.1253
-32.7228
-38.3679
-39.3536
-35.8243
-32.1138
-28.8802
-25.9203
-24.1489
-24.2311
-24.9763
-23.6243
-21.0929
-19.8765
-20.3782
-21.8211
-23.0369
-23.8281
-24.8952
-26.2435
-26.7121
-25.695
-24.7735
-25.3381
-28.2432
-33.7934
-39.153
-38.9063
-35.5618
-31.1604
-27.8078
-26.7013
-26.7313
-11.5205
6.71252
21.2296
34.3863
46.2361
56.2526
63.8788
68.7421
71.0952
72.6433
74.993
77.178
77.7288
76.8574
75.5872
74.3579
72.7578
70.2672
66.3743
60.7474
54.3723
48.8787
46.3504
46.8488
49.0433
51.4674
52.3952
50.9688
47.6875
44.8488
44.5899
45.3572
45.7807
46.5765
46.9237
46.014
46.0761
47.5101
46.7509
41.7195
32.298
25.2425
25.0358
27.9356
34.0131
41.493
47.1253
49.8381
49.4766
46.1329
40.0895
32.2296
23.3808
12.2141
0.764332
-3.49197
-2.91357
-4.32159
-8.95893
-15.9828
-20.1418
-18.8682
-17.2497
-16.2607
-14.9438
-13.2187
-11.3743
-10.6859
-11.469
-12.6015
-12.6795
-12.9281
-15.12
-19.2001
-22.8274
-22.8652
-21.2678
-19.7596
-18.2988
-16.5793
-15.5467
-16.2653
-19.152
-23.708
-27.0274
-29.3777
-29.9136
-30.481
-31.0265
-32.7112
-34.4608
-32.8139
-29.0704
-27.0854
-27.0005
-27.4319
-27.8115
-28.6427
-29.6483
-29.5764
-29.202
-28.9714
-28.8492
-28.8502
-27.8709
-26.2688
-25.9313
-27.1803
-28.5156
-28.3726
-27.146
-25.897
-25.9968
-27.6512
-27.7934
-25.2487
-23.4005
-23.2044
-11.9907
4.72666
19.6416
32.9391
45.1623
53.9174
59.7796
63.9453
66.6986
68.076
68.2911
68.1874
68.671
69.6081
70.1371
69.577
67.6902
64.5595
60.4631
55.5175
49.9101
45.3423
44.7438
47.3628
50.0216
50.614
48.2864
42.9456
36.5392
33.3451
33.5709
37.2062
42.3881
47.1851
49.4779
49.7708
51.5269
53.8619
53.2847
47.9095
36.7553
30.0001
35.5245
39.1489
40.7852
41.7099
42.9785
44.0686
43.3757
39.4883
31.5642
21.1285
14.866
9.79889
2.66155
-3.43447
-5.6306
-6.04955
-5.85803
-6.46585
-8.23553
-10.1223
-11.2799
-12.3291
-13.1243
-12.9015
-12.9566
-14.0709
-14.7683
-14.1204
-14.1389
-16.2966
-19.9365
-23.3303
-25.3108
-25.9771
-26.9527
-28.3067
-27.4368
-25.1443
-24.5095
-26.38
-29.5568
-31.873
-32.7111
-31.4631
-29.1103
-27.277
-26.5454
-26.7741
-28.127
-30.2599
-30.114
-27.7434
-27.0002
-28.6958
-30.4471
-29.708
-28.5316
-28.6556
-30.215
-32.0221
-32.614
-32.6813
-33.0741
-31.7866
-29.135
-27.8907
-28.2374
-28.1392
-26.4912
-24.8561
-24.8426
-26.4694
-28.2566
-27.9703
-26.058
-24.5431
-18.602
0.496644
22.1849
36.995
46.6888
52.8732
57.2612
61.53
65.7354
69.0529
70.7993
71.8083
72.4393
72.1726
70.8188
68.5648
65.945
62.6337
58.635
54.0608
49.0718
44.4504
40.5237
37.3428
38.2466
40.2691
39.8829
37.2644
35.0227
34.5232
33.7724
33.7431
39.2535
46.6802
50.653
52.4904
55.75
58.6361
58.144
52.8597
42.0834
35.7333
40.3473
43.6762
44.7102
44.0353
41.6746
37.7641
33.6879
29.4353
21.8613
9.00781
-2.93657
-6.37374
-6.26524
-7.1924
-9.63197
-12.9041
-14.8489
-14.2398
-12.9434
-13.0926
-15.7838
-19.9065
-20.0214
-17.307
-16.7962
-18.9956
-22.6587
-25.64
-26.5456
-25.615
-25.5203
-28.422
-33.9996
-37.4706
-34.2204
-29.078
-24.2015
-20.1635
-17.5284
-16.6772
-16.9119
-16.8556
-17.0789
-20.8663
-23.8936
-23.8092
-21.274
-20.6033
-22.315
-24.5807
-25.2339
-25.0768
-25.1999
-25.8787
-27.0633
-27.7355
-26.143
-22.4292
-19.2698
-18.6402
-21.1243
-25.8678
-29.0354
-28.1103
-25.3955
-22.9983
-22.2756
-23.9546
-27.0782
-28.0138
-23.9862
-18.9393
-16.6667
-17.7362
-21.6211
-25.8913
-25.5631
-0.37504
18.0462
32.9242
43.7606
51.3223
56.1608
59.0056
60.698
62.4376
64.438
65.8496
65.959
65.3408
64.5169
62.9326
59.7695
55.3337
50.7165
46.17
40.7694
35.2215
35.5832
38.6822
40.0808
38.8773
35.5786
31.5368
27.8251
24.5751
23.8784
27.9314
37.0943
45.14
49.056
51.4957
56.1562
59.6471
59.2056
53.78
42.3137
31.1443
33.374
36.0888
36.0182
34.06
31.5604
28.8726
25.0874
19.5085
11.3711
1.52717
-5.08479
-8.17812
-9.26461
-8.65422
-8.71075
-10.8591
-13.708
-14.3816
-14.5608
-16.8309
-20.9227
-23.2466
-23.4202
-24.274
-24.4516
-22.9686
-21.9493
-22.5342
-24.4437
-26.9338
-28.216
-26.7064
-24.7681
-23.3124
-22.219
-21.4117
-19.7982
-17.0138
-15.0537
-15.147
-16.2953
-16.4097
-16.2163
-20.4973
-22.0524
-23.5117
-22.989
-22.3366
-22.3549
-21.5754
-20.7638
-21.9861
-25.3255
-28.1636
-28.6423
-29.3299
-29.9093
-27.4147
-23.9637
-22.0282
-21.6969
-22.4031
-23.9364
-25.7202
-26.5947
-25.8226
-23.6322
-22.0846
-22.6471
-25.1719
-27.3447
-27.1344
-26.1628
-26.0326
-26.9698
-27.516
-26.0952
0.47798
18.3202
34.6545
46.1908
54.3548
59.8282
63.3424
65.2882
66.1704
66.3701
66.1184
65.4764
64.5618
63.3185
60.7004
55.9712
49.9451
45.2414
42.9871
41.2988
38.6616
34.6629
32.2717
32.4594
31.9576
28.9384
23.9247
21.2541
23.5958
27.0744
30.7046
37.8388
45.3855
49.5116
52.6833
57.9193
61.4612
60.9273
55.3251
43.2445
28.8956
30.6954
36.181
39.8896
41.3297
39.9984
35.7318
29.2275
21.7943
13.5119
4.47254
-1.58469
-6.58626
-11.2267
-12.8524
-12.8467
-14.3015
-16.4028
-16.8985
-17.1133
-19.1736
-22.0665
-22.942
-22.2188
-22.4662
-22.7522
-22.2774
-21.9462
-23.2029
-25.832
-28.3648
-28.8413
-26.8828
-25.3429
-25.215
-25.54
-25.6206
-26.2368
-28.3062
-31.4538
-32.9391
-31.0083
-29.3784
-29.4131
-30.4872
-29.4422
-27.5742
-25.2792
-24.1209
-24.3764
-25.5011
-26.9729
-28.2641
-29.0209
-30.2811
-33.3253
-36.6639
-36.2749
-32.2954
-28.7611
-27.1824
-26.0631
-24.8534
-25.2948
-28.6072
-32.4144
-31.3838
-28.9045
-27.8355
-27.3889
-27.0401
-27.3239
-28.1199
-28.5437
-28.0937
-27.0437
-25.2248
-11.6228
10.6468
29.8792
45.5386
55.5974
61.1103
63.3988
64.4363
66.2135
68.3944
69.0275
67.777
65.4371
63.1798
60.8745
57.0909
51.5578
44.3125
38.2502
36.0917
35.29
34.7646
34.7417
35.3556
36.4269
36.1012
33.4837
28.8717
24.3349
22.0561
22.2535
24.9148
34.089
42.8408
47.3424
51.1302
57.0785
60.898
60.4612
54.9318
43.0956
33.2469
37.7404
40.6831
40.6126
38.9423
36.9821
34.6152
31.3203
26.4724
19.0893
9.96192
0.794012
-6.22159
-11.034
-14.1317
-14.5783
-13.999
-15.0883
-18.4997
-22.2056
-23.3532
-23.5272
-24.905
-26.5654
-26.7858
-26.1763
-26.0613
-26.7301
-27.6225
-27.8198
-27.4957
-27.7586
-28.5602
-29.0358
-28.7199
-28.058
-27.802
-28.7574
-30.8827
-32.6612
-32.7954
-31.1987
-28.5925
-25.9069
-31.8413
-34.4082
-32.1736
-28.4506
-26.7635
-26.8164
-27.18
-27.1014
-26.5881
-25.5159
-24.6969
-25.5213
-28.1813
-31.5824
-34.2746
-35.2854
-32.5706
-27.72
-24.8375
-24.7611
-26.724
-28.949
-29.593
-28.7019
-27.5777
-27.7419
-29.5403
-31.1132
-30.9274
-29.6437
-27.7914
-25.902
-23.4507
-4.3054
15.2005
34.4015
48.9993
58.2532
63.2672
65.3364
65.7306
65.71
65.935
65.9693
65.1161
63.4919
61.698
59.5797
55.9826
50.1258
42.5583
36.8143
36.6861
36.2355
33.5169
29.4636
29.841
33.4193
35.1456
34.0724
30.6771
26.7753
24.6948
24.1732
25.2296
31.4131
38.9901
43.6516
48.7101
55.6151
59.5854
59.1168
53.5657
41.7642
30.8878
34.2027
36.325
34.8811
33.038
34.3971
35.3111
32.8839
26.4997
17.4866
10.978
6.42
1.28213
-4.4142
-9.78216
-13.3657
-14.9647
-16.6152
-20.1
-23.303
-22.7059
-21.6162
-22.1696
-24.0424
-25.7433
-26.5542
-26.9435
-27.8126
-28.1447
-27.9342
-27.9478
-28.6225
-29.9852
-32.0473
-33.5653
-33.0419
-32.5005
-32.9127
-33.0025
-31.8635
-31.0112
-31.5047
-31.9226
-29.6931
-24.5026
-21.7561
-21.6539
-23.1476
-24.5387
-25.0027
-24.4902
-23.7955
-23.7071
-23.7158
-23.5396
-24.4418
-27.1276
-30.2369
-31.3287
-30.1492
-27.7615
-25.6437
-24.8807
-25.6682
-27.0324
-27.9544
-28.8443
-29.9315
-30.4932
-31.3382
-32.1091
-30.421
-27.5861
-25.3436
-24.1679
-23.8809
-23.2618
-8.28581
10.2566
24.5344
39.3354
51.4714
59.5037
64.0708
66.3472
67.8427
69.3991
70.3403
69.8434
67.9164
64.9738
61.2674
56.4268
50.1883
43.0018
37.955
40.2963
42.9344
42.3811
39.564
40.7908
46.4785
49.5549
48.7533
44.3204
37.8823
33.2007
30.6032
28.1336
28.4961
34.0305
38.6959
44.9428
52.9321
57.3011
57.0149
51.6152
39.8451
24.9391
24.1325
27.8924
28.6351
26.8069
24.0895
22.2645
19.8016
14.7988
6.20431
-1.19367
-4.05079
-5.34906
-6.6783
-7.17652
-6.49297
-6.32443
-8.1197
-12.0603
-16.0675
-16.5613
-15.2452
-14.9979
-16.602
-19.3165
-21.7181
-23.7815
-26.5603
-29.1127
-28.4172
-25.4096
-23.1037
-23.2588
-25.8529
-29.4737
-30.449
-27.001
-24.068
-23.9016
-26.055
-28.4139
-29.1884
-27.8011
-24.4238
-32.3509
-34.804
-33.9105
-30.5482
-28.3565
-28.3007
-29.2534
-29.6187
-28.9374
-27.9382
-27.9883
-29.7205
-32.2488
-33.4037
-32.6086
-30.5295
-28.2386
-27.0266
-26.4469
-24.7986
-22.5329
-21.4806
-22.2439
-23.9837
-25.3093
-26.0986
-27.2611
-27.3148
-25.9907
-26.0514
-29.1568
-31.9199
-27.9565
-17.9795
-3.5933
10.4079
25.2073
37.6326
47.287
53.6806
57.5296
60.3197
63.4917
66.2077
67.2881
66.6287
64.6429
61.6333
57.9649
54.7228
51.7236
48.3312
46.9186
47.3749
46.2125
42.0929
37.4714
38.3563
41.3165
41.9727
39.805
35.2983
29.5863
24.5628
22.6325
23.6672
27.6126
31.4136
37.4861
45.3554
49.6721
49.3951
44.1354
33.0414
20.0533
17.8203
19.002
17.606
13.025
6.32164
0.749786
-2.25234
-5.27687
-9.51025
-12.7105
-14.2388
-15.6806
-16.5937
-15.9488
-15.5823
-16.9907
-19.6484
-21.7576
-23.0141
-22.7205
-20.563
-19.2084
-19.847
-21.3296
-22.2951
-22.8205
-22.5152
-21.938
-22.2581
-23.0984
-23.0781
-22.6099
-22.5544
-23.7075
-26.5569
-29.5962
-29.9611
-28.7681
-28.5273
-29.6862
-31.6807
-33.1469
-32.4772
-28.8046
-31.6069
-31.0702
-28.9178
-27.762
-27.5726
-28.1882
-29.7631
-31.8372
-32.4154
-31.4629
-30.2447
-28.83
-27.234
-25.8064
-24.9778
-24.5423
-24.3545
-24.3851
-24.7687
-25.2959
-25.5044
-25.365
-25.1292
-25.2436
-26.0031
-27.5142
-29.5116
-31.4313
-32.8111
-33.7901
-32.4367
-29.0625
-24.4741
-19.4281
-6.80934
2.90409
17.2545
26.9014
34.7645
40.9037
46.3018
51.4723
55.2878
57.3963
58.0572
57.2132
54.4369
49.4283
43.6832
40.027
37.7467
38.0265
39.512
38.5949
34.1516
28.2529
28.4948
31.2029
30.734
26.5799
20.4657
17.4731
16.8014
15.0722
12.7262
13.5586
17.0863
24.357
32.6084
36.9084
36.7012
31.8957
22.7328
14.7736
12.7782
12.6027
9.99387
4.15816
-3.37407
-7.95273
-11.811
-13.8191
-16.6692
-18.3869
-20.0425
-22.3413
-24.9212
-27.8874
-29.9019
-29.4875
-28.1576
-27.7858
-28.948
-30.4917
-30.3226
-29.1743
-28.7226
-27.8959
-26.1283
-23.7954
-21.5638
-20.7419
-22.4564
-26.5648
-30.2632
-29.8928
-27.7104
-26.9324
-28.4244
-30.7368
-30.5553
-28.7553
-28.1437
-28.8058
-28.7332
-27.544
-25.9066
-32.782
-31.0158
-29.6843
-27.5868
-25.3676
-24.8277
-25.7778
-26.0825
-25.6995
-26.0105
-25.7518
-24.1836
-22.7861
-22.3812
-22.357
-22.1901
-21.5966
-21.5219
-23.1025
-26.0928
-27.2764
-24.2232
-21.2626
-20.441
-21.1843
-22.3703
-24.1729
-27.4229
-30.8475
-32.4103
-32.1907
-29.7162
-27.184
-24.317
-23.2138
-13.4298
-9.85538
6.27032
10.0543
16.316
22.5576
27.9436
32.5355
35.2269
37.0292
37.4493
36.2137
34.3548
33.5298
32.431
29.8913
25.4519
23.2976
23.3953
22.0876
17.6577
12.73
14.283
16.9028
16.6013
13.5888
8.84448
4.39609
0.468388
-1.93521
-2.47999
-0.353732
1.89249
6.13452
12.6679
16.4104
16.0067
11.5345
4.8377
3.2606
6.16667
8.52601
8.47786
5.82864
1.72566
-1.83279
-5.57757
-10.077
-14.7467
-17.8284
-19.1326
-19.8517
-20.9671
-23.4319
-27.2293
-30.9419
-31.7759
-27.658
-22.9322
-19.1566
-16.8136
-16.6092
-18.8241
-21.248
-20.4401
-19.1986
-20.3498
-23.7054
-26.9335
-28.3348
-29.2864
-31.4256
-33.2601
-32.2663
-31.0981
-30.9342
-29.0033
-26.5725
-26.497
-28.6973
-29.8894
-28.2634
-26.9236
-29.0586
-27.1648
-27.0331
-28.4571
-30.4121
-31.6703
-31.6624
-30.9888
-30.0163
-28.7884
-28.2072
-28.9906
-30.6041
-30.6234
-28.4658
-26.2973
-24.9997
-24.7281
-25.6952
-27.0814
-26.6911
-25.3937
-25.7888
-27.8334
-28.4222
-26.524
-25.3819
-26.6816
-30.2056
-33.4469
-32.7033
-29.2931
-27.214
-26.1819
-28.1325
-19.0557
-20.9457
-0.624725
-12.387
-8.41841
-3.80627
1.56895
13.941
17.442
22.2495
24.4192
23.4663
20.8711
18.4909
17.3179
16.9751
12.8411
8.96608
6.65184
5.5898
2.26246
-4.81222
-8.10134
-9.2619
-13.5538
-16.7886
-17.9117
-16.0788
-15.6725
-16.379
-18.6489
-20.2197
-19.4909
-14.0381
-6.3966
-0.992633
1.25339
1.16236
0.310778
1.6171
4.6585
6.98391
7.02608
4.64961
0.734033
-3.02283
-6.62935
-9.55321
-11.2306
-12.8828
-15.8763
-18.5723
-18.5102
-17.9619
-19.3963
-22.2621
-23.5059
-22.6255
-21.943
-21.3939
-20.4015
-20.0096
-21.1931
-23.3305
-25.1639
-27.1038
-29.761
-31.5652
-30.5841
-27.9567
-26.6416
-27.245
-26.5121
-23.3907
-21.6289
-22.6178
-24.9656
-26.5852
-27.51
-29.1463
-30.7221
-28.3653
-23.9592
-28.0748
-27.1929
-27.403
-29.6721
-32.6114
-31.7208
-27.9771
-25.7335
-25.8679
-27.6114
-29.0574
-28.9879
-28.7813
-29.4035
-30.4899
-30.9304
-29.3446
-26.795
-25.6166
-26.2823
-27.8502
-29.3723
-31.0208
-31.9261
-30.3639
-27.2932
-24.8717
-24.2849
-25.7219
-28.2626
-29.0463
-26.2854
-23.0866
-20.975
-21.0408
-17.1678
-19.2195
-1.62855
-17.5438
-15.7255
-10.138
-9.21619
5.11903
-5.89558
-6.80316
0.182641
-5.80156
-8.40727
-11.0284
-11.3167
2.15865
-8.71863
-10.2978
-15.3116
-14.7803
-12.3234
-18.3939
-18.4616
-17.0104
-22.7702
-23.08
-23.1958
-23.8973
-25.4181
-25.9566
-26.6069
-24.1444
-19.1442
-10.1125
-1.60378
2.71875
3.04282
0.785167
0.59345
7.78562
13.5309
15.1796
12.6769
6.55165
0.252231
-2.78822
-5.71818
-9.39582
-12.6564
-15.7503
-18.9089
-20.8268
-20.0383
-19.2597
-19.7991
-20.4555
-20.2741
-19.9589
-20.6542
-22.3612
-24.3029
-25.5983
-26.0367
-26.6203
-27.6426
-28.3561
-28.1102
-27.5808
-26.4815
-23.9952
-21.5195
-20.4539
-21.2506
-23.9614
-28.1052
-31.7054
-30.5149
-25.5997
-21.9743
-21.2254
-22.7241
-23.8846
-23.2143
-28.7825
-28.4362
-28.2116
-27.9469
-27.5567
-26.8546
-26.4384
-27.2325
-29.2761
-31.6721
-32.2359
-30.3104
-28.1585
-27.1421
-27.3013
-28.0745
-28.1057
-27.1931
-26.848
-27.0835
-26.399
-24.9589
-24.649
-26.4063
-29.1355
-29.6384
-28.2496
-27.5079
-27.5051
-27.7209
-27.9761
-27.1401
-25.5354
-23.0956
-21.0844
-15.2364
-12.3147
-0.497458
-10.7294
-11.3165
-9.63721
-9.26648
4.3388
-7.51027
-11.432
-2.09451
-9.49615
-10.1049
-14.5771
-19.4806
-0.201847
-14.7767
-14.2745
-19.9066
-18.6818
-15.0267
-23.0116
-22.1098
-19.1345
-24.5431
-24.5728
-25.1465
-25.6637
-25.7183
-26.3086
-28.5123
-28.5882
-26.2292
-15.5444
-5.40115
0.570372
3.0753
2.99258
1.57257
2.36283
4.71979
5.5136
3.47075
-0.627405
-3.61719
-4.50854
-6.19443
-8.93894
-11.7838
-14.5
-16.4787
-17.9037
-19.4614
-21.5149
-23.5113
-25.0575
-25.3518
-24.8979
-25.0776
-25.868
-26.8127
-27.8515
-28.6611
-29.4737
-30.4424
-30.5881
-29.7954
-28.8614
-27.9129
-26.9336
-25.8856
-24.9861
-24.5881
-25.2865
-27.3123
-29.6663
-29.6442
-26.758
-24.4868
-24.656
-27.2186
-30.2892
-30.7973
-24.835
-24.9527
-26.004
-27.7209
-28.9393
-28.9446
-28.5767
-28.3303
-27.1576
-24.383
-21.8434
-21.24
-22.5994
-23.5611
-22.3355
-21.2277
-21.7513
-23.4067
-25.456
-27.7548
-28.1646
-25.4098
-23.1829
-23.7094
-26.657
-29.7339
-30.6182
-30.5762
-30.2278
-29.676
-29.1051
-27.5936
-25.6168
-23.3469
-22.6838
-17.6547
-15.4455
-1.92868
-12.2272
-10.4493
-8.53427
-7.42047
6.4456
5.83917
10.5764
13.8257
12.5118
9.57941
5.46359
2.73063
5.6237
1.04458
1.84581
2.2219
1.1961
-0.919844
-4.018
-4.3306
-5.12599
-7.18935
-8.06525
-7.61623
-6.86411
-7.38387
-10.5213
-15.4475
-17.727
-16.5619
-10.1981
-2.864
1.39763
2.08693
-0.302757
-4.10471
-3.12985
1.41158
3.63976
2.34503
-0.62755
-0.71757
1.10495
0.727992
-2.12937
-6.4274
-10.7442
-14.6494
-17.196
-19.2162
-21.2935
-22.4257
-21.336
-20.3434
-21.2627
-22.8266
-22.7833
-22.1744
-22.9056
-24.2648
-24.3753
-23.3403
-22.7971
-23.682
-25.5442
-26.6585
-26.2092
-25.369
-25.0506
-25.15
-24.5688
-23.0147
-22.124
-22.972
-24.6648
-25.6625
-26.2269
-27.9785
-30.9212
-32.0591
-19.4929
-21.4621
-24.1446
-26.1945
-27.8219
-29.0772
-29.6483
-29.5235
-29.0372
-28.902
-28.5806
-27.5125
-25.6931
-23.9008
-23.1888
-23.8359
-25.2287
-26.2608
-26.985
-27.9922
-28.2257
-25.8785
-23.4599
-22.522
-22.4931
-22.6436
-23.3231
-24.7989
-26.5348
-28.4474
-29.9836
-30.2025
-29.5873
-27.1638
-27.2697
-23.1701
-20.6039
-3.87292
-18.0177
-13.2291
-9.28086
-0.0107164
12.4989
18.187
22.185
23.1843
21.5523
19.8287
17.8088
14.6759
12.2609
9.82721
10.2274
11.5856
13.6331
16.9439
19.3787
19.998
18.8315
16.345
13.5775
10.7938
7.92706
4.07993
-0.902237
-4.83906
-4.68974
-1.95059
4.58205
12.4206
16.7351
16.8642
13.1017
7.95078
10.9689
17.1125
20.2452
19.7877
17.0971
15.9907
16.4817
14.8099
9.57041
1.81831
-4.80123
-9.34084
-11.7043
-13
-14.6414
-15.7048
-14.69
-13.7997
-15.0036
-17.7207
-20.111
-21.5867
-21.6824
-19.9475
-18.0108
-16.5562
-15.4255
-15.6394
-18.5058
-24.514
-30.8599
-32.5144
-31.8199
-30.3252
-28.5643
-27.1349
-26.5558
-26.7162
-26.6022
-25.7639
-24.8866
-25.198
-26.8323
-28.7051
-21.7015
-21.5059
-23.8018
-27.2565
-29.0013
-29.354
-29.4109
-28.6856
-27.7647
-27.9441
-27.9028
-25.6732
-23.0658
-21.9607
-22.2717
-23.5405
-25.552
-27.888
-29.6532
-29.9108
-29.0184
-28.2585
-28.307
-28.1127
-26.8948
-25.9411
-25.5095
-24.1574
-22.7564
-23.3224
-25.1917
-24.7993
-22.2327
-19.2465
-16.7735
-13.4988
-12.3075
-2.63792
-12.9961
-7.6191
-0.819218
4.84156
13.2024
17.1312
20.4208
21.6272
19.7973
17.3237
15.5614
16.1048
17.6698
16.8565
16.5638
17.3535
20.228
22.9856
24.1996
23.272
20.2507
15.5487
10.4891
7.0438
5.13384
2.32031
-2.4558
-5.37084
-3.07001
0.776793
7.67025
15.779
20.1106
20.1017
15.8883
9.02382
7.5483
11.4519
13.9428
13.5198
11.4657
11.0864
11.6929
9.89384
4.36871
-3.88337
-9.94546
-12.4872
-12.396
-12.189
-12.6307
-12.5958
-11.8178
-12.0148
-14.0428
-17.1197
-19.1758
-19.7177
-19.5295
-19.9418
-22.142
-25.3233
-27.2885
-27.7457
-28.0603
-27.5619
-25.3532
-23.4503
-23.4591
-24.9089
-26.003
-25.7221
-25.289
-24.9179
-24.4121
-24.2091
-23.6326
-22.0104
-20.3052
-19.8271
-31.5972
-32.1779
-33.5286
-32.3852
-29.1458
-26.0572
-24.2231
-23.3103
-22.7608
-22.7821
-24.2596
-27.5914
-31.0343
-31.3807
-29.77
-28.4655
-27.9017
-27.8083
-27.7566
-26.8964
-25.3885
-24.4248
-24.1928
-23.9471
-23.2973
-23.0362
-24.0014
-26.363
-29.5357
-31.618
-30.64
-27.1666
-24.0497
-20.9796
-18.5801
-13.234
-9.7389
-1.23851
-5.99289
-0.870877
3.95448
10.0097
18.2923
22.677
24.9973
24.4908
21.292
18.7994
20.3984
23.7337
25.4301
23.7838
21.663
21.1053
21.6407
23.0282
25.476
27.6917
28.0614
26.2525
23.1477
20.3493
18.2002
15.2991
11.2138
6.3392
2.86259
2.36698
6.74668
13.903
17.9474
17.6241
12.7311
4.28249
3.18527
7.42738
8.77483
6.00198
-0.564051
-6.73226
-7.31365
-7.17469
-8.09032
-9.56244
-10.2924
-9.62172
-8.70233
-9.17018
-11.4665
-14.8644
-17.6221
-19.4157
-20.8971
-20.7387
-17.5545
-14.1854
-12.2291
-12.1128
-14.1982
-18.761
-24.9452
-28.4432
-27.6443
-25.2122
-22.2621
-20.2938
-20.027
-20.9689
-22.2048
-23.7926
-26.2229
-28.5159
-29.6103
-29.5604
-28.9669
-28.1214
-27.2929
-26.9302
-25.5261
-21.1938
-19.3621
-20.4817
-23.7615
-25.6845
-24.2546
-22.5057
-21.4213
-20.6978
-20.621
-21.1597
-21.8013
-22.2398
-22.052
-20.5128
-18.5314
-17.8568
-18.9935
-21.5008
-24.3222
-26.5215
-26.4911
-23.7307
-20.9424
-19.8881
-20.435
-22.0267
-23.4728
-22.5181
-20.7435
-20.8923
-23.715
-25.6411
-25.2342
-19.1486
-15.0359
-2.46113
-10.0657
-5.12035
2.93897
14.0904
23.7131
28.2694
29.462
27.9019
24.9551
24.339
26.8987
30.1191
32.0926
32.1912
32.2821
32.4341
31.7492
30.0089
28.2179
27.5109
26.9963
26.4544
26.9698
28.2213
28.3653
26.4594
22.5125
17.5388
12.6287
8.06033
6.47118
11.0771
14.7622
14.7035
10.8943
5.51331
6.20031
10.3717
12.4807
11.3319
6.8876
-0.109683
-6.57509
-8.77478
-9.6928
-10.4015
-9.82956
-7.61018
-5.56621
-4.7094
-5.14688
-6.73735
-9.25727
-12.3326
-14.649
-15.5303
-15.9822
-16.8721
-18.2293
-19.8265
-21.5145
-22.9618
-24.5586
-25.6906
-25.0988
-22.7107
-18.8839
-15.7923
-14.7436
-15.4919
-17.4761
-20.3523
-23.4699
-24.9785
-25.567
-26.9958
-28.5934
-28.713
-27.7603
-27.2524
-28.57
-26.9605
-25.6007
-25.6226
-26.991
-28.5247
-28.4314
-26.9474
-25.4796
-24.7096
-24.408
-23.9937
-23.8505
-24.402
-25.4293
-26.6907
-27.5752
-27.3895
-26.4205
-25.9778
-26.6328
-28.2202
-28.7501
-26.4884
-24.4406
-24.556
-25.8738
-26.0285
-24.9031
-24.5042
-25.484
-27.1275
-28.6192
-27.1165
-25.4436
-20.2217
-16.5683
-2.43062
-13.7647
-4.19123
8.3996
19.1005
26.767
30.0669
30.6335
29.0269
26.544
26.4411
30.1385
34.3041
36.4801
36.0632
33.8217
30.9463
28.3267
26.021
24.052
23.5803
25.1199
27.4337
29.5853
31.6854
33
32.3808
29.1885
23.5147
16.4665
9.09337
3.77224
4.67761
6.73072
5.93385
1.97314
-3.21475
-5.37871
-3.98711
-0.930357
0.553187
-0.91258
-5.45207
-11.3618
-14.8888
-15.173
-15.3608
-17.096
-18.8724
-19.856
-20.0624
-18.7808
-17.3556
-17.3413
-18.6046
-19.9196
-20.9567
-21.5612
-21.3448
-20.7839
-20.7772
-20.8011
-20.1768
-20.2458
-22.0173
-24.1108
-24.9181
-25.4227
-25.9909
-25.8354
-25.1031
-24.8038
-25.1009
-25.5273
-25.4366
-25.2291
-25.6608
-26.1559
-25.651
-24.9642
-25.2271
-26.0811
-24.667
-24.6295
-26.5134
-28.9437
-29.7214
-28.508
-26.9442
-26.6279
-27.8371
-29.4914
-29.8392
-28.8284
-27.6611
-26.8944
-27.1262
-28.3317
-28.4836
-26.1593
-24.235
-24.4952
-26.7118
-29.4581
-30.1344
-28.058
-25.9175
-25.4885
-26.5448
-27.0723
-25.8142
-24.4202
-23.8614
-23.862
-22.8011
-23.6943
-20.9365
-18.1838
-3.01694
-13.9985
-7.64884
3.59002
15.3153
23.7978
26.5517
26.9732
27.3972
29.0317
30.555
30.9175
30.7641
30.3979
29.1318
28.3231
28.0226
27.3673
25.9963
25.012
24.7481
24.5464
24.8896
26.2105
28.2371
30.194
30.6854
28.6821
24.0489
18.0592
12.3885
6.06005
0.0921208
-2.17442
-3.6688
-5.7091
-2.45103
6.79836
13.9364
17.0255
16.2424
11.9852
5.54109
-0.248436
-5.33139
-9.98436
-14.6896
-19.3327
-21.7849
-21.0693
-19.348
-18.4666
-19.0208
-20.5277
-22.4011
-23.9264
-22.3823
-18.7242
-16.7633
-17.3505
-19.1024
-20.1577
-20.8741
-22.5045
-24.5901
-25.6516
-25.3555
-24.6267
-23.6238
-22.7228
-22.8591
-24.2231
-25.9028
-26.5205
-26.3306
-26.5321
-27.2552
-26.8447
-25.1053
-23.9239
-24.5445
-27.6532
-26.0194
-25.2634
-24.9519
-24.553
-24.6506
-24.7997
-24.1248
-23.1147
-22.9503
-23.8628
-25.1881
-25.621
-23.8904
-20.6368
-18.4561
-18.3039
-19.433
-19.8842
-19.2877
-19.1999
-20.327
-22.3622
-23.633
-22.8933
-21.413
-20.4294
-19.8319
-19.7805
-20.3738
-20.6419
-19.4935
-18.3867
-17.8411
-17.2793
-14.0031
-10.1185
-1.42084
-8.87704
-4.90526
5.54002
17.1051
25.3516
27.9438
27.9032
27.947
29.7185
31.4222
32.4441
33.854
35.107
34.789
32.9801
30.0404
26.3926
21.9759
17.9342
17.1176
18.3409
20.6632
22.8398
24.2468
24.8078
23.9659
20.6917
13.9507
3.72831
-5.82927
-9.93132
-11.041
-11.2286
-11.719
-12.312
-9.37529
-1.79975
5.16451
9.53215
11.8692
12.6248
11.693
8.78748
4.11329
-1.21571
-6.99259
-12.9295
-15.692
-13.8234
-10.709
-9.0748
-9.51992
-11.8548
-14.9826
-16.2073
-13.6673
-10.1702
-8.17424
-7.83894
-8.53499
-9.42158
-10.7222
-12.734
-14.6759
-14.9913
-14.685
-15.3923
-16.3746
-16.438
-16.4985
-17.9951
-20.8883
-23.6941
-25.2572
-25.8053
-25.4007
-23.5538
-21.9464
-22.7707
-26.4663
-34.9511
-34.9367
-33.514
-31.7193
-31.3541
-32.8398
-34.1929
-33.1453
-31.4127
-30.5422
-30.3953
-29.8975
-28.2711
-25.7461
-23.0916
-21.2784
-20.826
-21.4054
-21.5973
-21.0927
-21.3198
-22.8553
-24.4274
-25.0922
-26.1162
-27.4123
-26.9503
-25.9353
-26.693
-28.8538
-30.3832
-29.8136
-27.9892
-25.1592
-25.3523
-25.3172
-22.8537
-5.60604
-20.852
-12.2197
-2.19081
7.25391
15.4789
17.0181
17.5679
18.4942
20.3211
23.7652
26.2413
27.0317
25.9883
23.0339
21.7275
21.5243
20.4705
17.8234
15.3908
14.1602
12.004
9.17272
8.95718
10.2397
9.39453
5.83802
0.408857
-5.48463
-11.4812
-15.8022
-17.7573
-18.7464
-19.8512
-20.7095
-20.9131
-20.7405
-18.0222
-13.8684
-10.5451
-7.7837
-4.69459
-1.8728
-0.457074
-1.27774
-4.20369
-8.7032
-12.8721
-14.6292
-14.7704
-15.3217
-16.9883
-17.9751
-17.2571
-16.4239
-16.0284
-16.2739
-18.0481
-21.8357
-26.2787
-28.6544
-27.7649
-25.8659
-25.0314
-25.031
-25.3032
-26.0188
-27.3441
-27.6863
-26.9977
-27.2457
-28.9277
-30.1664
-29.292
-27.5989
-26.0782
-24.9787
-24.782
-26.1408
-29.1199
-31.996
-29.6261
-31.7986
-32.6766
-32.1216
-32.705
-34.9789
-37.2029
-38.2508
-38.2734
-36.8868
-34.4686
-31.8004
-29.4108
-28.2607
-28.3546
-28.6902
-29.0451
-30.5409
-33.0551
-34.3585
-34.1852
-32.7776
-30.452
-28.9474
-29.2686
-30.6441
-30.5859
-28.9919
-28.1957
-28.5928
-29.4274
-30.7619
-33.3059
-31.5247
-31.9198
-26.2423
-19.0673
-4.35061
-13.7536
-8.76726
-3.26624
3.20789
12.6294
17.2801
21.2268
23.1099
23.5616
24.5352
25.3552
24.5405
21.6961
16.2373
12.2783
9.37862
5.87198
1.63445
-2.66416
-3.81815
-5.83012
-9.98439
-13.0249
-14.3502
-14.9041
-16.0974
-17.6719
-18.7204
-21.0497
-24.0972
-26.4177
-26.7405
-26.5288
-25.6356
-23.9225
-22.7536
-21.0693
-18.8291
-17.3951
-17.5052
-17.4205
-14.6754
-11.2176
-10.4258
-12.1381
-15.4471
-17.3823
-17.2268
-16.6355
-16.7052
-17.0719
-16.2591
-14.4091
-12.7882
-11.8251
-11.9769
-14.0892
-18.7696
-25.2824
-30.3179
-30.7277
-29.3911
-28.3927
-27.2723
-26.5086
-26.9791
-28.6724
-30.2804
-30.5932
-30.801
-32.1086
-34.603
-36.0515
-35.6532
-34.5133
-32.123
-29.0842
-27.3501
-27.7862
-29.9555
-34.2816
-33.5449
-31.7788
-30.3246
-30.5367
-32.3338
-34.3147
-34.9691
-34.3227
-32.9269
-31.6288
-30.6107
-29.6947
-29.4994
-29.9161
-29.3701
-28.047
-27.995
-30.0245
-33.3318
-36.1708
-36.7446
-35.2408
-33.0381
-31.5686
-31.1504
-30.2665
-28.2523
-27.0783
-27.7005
-29.1058
-30.0965
-31.5406
-30.7444
-30.303
-25.3107
-19.6769
-5.25836
-19.0061
-15.9917
-12.6283
-4.68954
8.31112
11.7329
15.6755
19.218
23.0297
26.8895
29.0089
29.0137
27.0071
22.5096
16.3604
9.41154
3.83357
1.83303
0.0123112
-0.831597
-2.04938
-4.04897
-6.65352
-10.6341
-13.4901
-14.2199
-14.7684
-15.3532
-15.8569
-16.4375
-17.6693
-18.8633
-19.9435
-21.3158
-23.3541
-26.3136
-26.6803
-23.118
-18.8724
-16.0755
-15.009
-15.2341
-15.9258
-17.1353
-17.8808
-19.2995
-21.8107
-24.7098
-25.7873
-25.0853
-24.5974
-24.9779
-26.0827
-27.6468
-29.2343
-29.3373
-28.4141
-28.9122
-31.344
-33.5882
-33.5253
-32.4191
-31.1731
-30.037
-29.2638
-28.6999
-28.2247
-28.4508
-29.758
-31.4613
-32.2754
-31.4835
-29.6726
-28.0259
-27.5267
-28.1196
-28.9047
-29.5585
-30.3321
-30.2655
-37.9443
-36.8013
-35.6412
-35.2361
-36.1108
-38.2081
-40.4313
-40.7142
-38.5367
-36.3712
-35.8049
-35.3679
-33.6141
-32.6027
-33.7171
-35.4328
-34.9709
-33.9534
-34.5034
-35.9304
-35.8899
-33.728
-31.1009
-29.7095
-30.2366
-32.1005
-33.42
-33.6583
-34.6224
-36.8026
-38.9501
-39.4114
-39.0568
-33.848
-33.1198
-29.4101
-23.2255
-5.31846
-25.2027
-21.544
-18.9158
-15.8427
0.870208
-10.3649
-11.8174
-2.26695
-5.8783
1.79177
6.59981
9.89675
11.8751
10.7255
10.9636
10.5362
9.51975
7.20631
4.43596
3.243
2.47985
0.300081
-3.71922
-8.26381
-9.2157
-7.92014
-8.06924
-10.3804
-13.9937
-16.3823
-16.9715
-17.4486
-18.0712
-18.9512
-20.5264
-23.4692
-24.8568
-22.9466
-20.146
-18.3937
-17.4752
-16.5655
-15.5716
-15.7846
-16.7717
-18.6934
-21.273
-23.6996
-25.0972
-26.4845
-28.0554
-29.0087
-29.3046
-29.8227
-30.7543
-30.4723
-28.6934
-27.804
-29.3294
-32.6758
-34.7837
-34.5063
-34.3166
-35.5692
-37.6973
-38.9687
-39.1685
-39.5008
-39.8635
-38.6926
-36.208
-33.2319
-30.9434
-30.1463
-30.5537
-31.6496
-33.141
-35.2178
-37.2486
-38.3151
-47.7083
-49.173
-50.9238
-51.7659
-50.4003
-48.7251
-48.6003
-50.3325
-52.2623
-51.4107
-48.1227
-45.3852
-44.5669
-45.4152
-46.7772
-47.5585
-47.7799
-47.9181
-47.7864
-46.5208
-44.2457
-42.7972
-43.5029
-46.2853
-48.6201
-47.7363
-46.2377
-46.0093
-46.5026
-46.734
-47.4328
-49.0902
-51.3615
-38.5167
-41.0251
-41.2301
-30.2641
-6.04938
-41.0112
-30.7729
-24.7418
-19.1632
0.229352
-14.7744
-19.1387
-4.54496
-15.5409
-11.8782
-20.7394
-21.6138
-3.51488
-16.1546
-11.8536
-12.6344
-5.31578
-1.26103
0.530887
2.30686
2.40473
0.731722
-1.36007
-2.32982
-1.6517
-1.02442
-2.17426
-6.12221
-12.9598
-19.9797
-24.0899
-27.6015
-30.4212
-30.9752
-30.8342
-32.2917
-31.1313
-29.0705
-27.4298
-26.5192
-24.8143
-21.7863
-19.4824
-20.6178
-24.4658
-30.4255
-35.0205
-36.432
-36.5286
-36.29
-35.5202
-34.8369
-35.1505
-36.7953
-38.8581
-38.6401
-36.7022
-36.0462
-38.2765
-43.0992
-47.3808
-47.6957
-46.6022
-46.4379
-46.9577
-46.5841
-45.2182
-44.0021
-43.5876
-44.2294
-45.3071
-45.0584
-43.8126
-43.5238
-44.7612
-46.7386
-48.1592
-49.0098
-49.3405
-48.568
-74.2796
-74.1847
-71.7017
-69.0189
-67.0453
-65.5796
-64.3639
-65.0411
-66.5517
-66.7104
-65.1237
-63.9477
-65.2558
-66.9438
-66.0741
-64.4867
-64.3746
-65.6001
-67.1665
-68.4206
-69.1788
-68.8291
-68.6857
-69.6482
-71.1128
-70.6423
-69.1581
-67.6739
-66.8792
-65.2902
-65.1874
-65.638
-67.3952
-40.9289
-45.5261
-49.6827
-32.1514
-6.39975
-55.2888
-36.1201
-29.2915
-24.4479
-0.350985
-20.9473
-31.7483
-6.32508
-23.1754
-15.3151
-26.2285
-23.7043
-3.94763
-18.1049
-16.4578
-34.1304
-18.6244
-14.913
-17.9173
-14.6653
-12.3054
-11.2236
-10.576
-11.4777
-11.4548
-10.9674
-12.0108
-16.0689
-23.8366
-33.4281
-41.0962
-45.1863
-51.5491
-55.1387
-47.7233
-50.6081
-47.6603
-46.3286
-43.5716
-42.6023
-40.522
-37.194
-32.8246
-33.6879
-35.6322
-39.8463
-45.4529
-50.4275
-54.1044
-56.6969
-58.3345
-61.6286
-64.6401
-65.3839
-65.261
-65.8676
-67.187
-67.307
-65.4852
-63.5829
-62.4116
-60.3386
-58.6292
-58.8452
-60.2019
-60.4189
-59.1022
-58.5442
-59.4222
-61.2687
-63.1172
-64.242
-63.6897
-63.0179
-62.5024
-63.3137
-64.6721
-65.6561
-65.298
-63.2018
-93.924
-92.026
-89.3004
-88.4857
-86.7232
-85.8329
-84.0556
-88.7347
-90.7108
-89.1125
-91.4531
-87.4338
-91.2254
-89.4333
-86.2099
-84.5617
-82.5465
-81.8635
-83.923
-88.3634
-92.1263
-90.3498
-88.7599
-86.663
-85.3619
-84.3249
-84.3299
-82.4589
-87.6512
-87.3287
-89.022
-82.1919
-88.6939
-40.8319
-45.9821
-51.5072
-32.1451
-6.2338
-67.6833
-37.1427
-29.7055
-24.5535
-0.176405
-21.3331
-34.5873
-6.49562
-24.2296
-16.6092
-45.1739
-42.1728
-4.36998
-20.4464
-17.2666
-44.1899
-20.915
-17.9167
-32.8026
-30.3585
-28.6425
-34.3404
-33.4776
-36.5317
-34.5992
-37.3709
-48.3607
-52.1125
-58.7749
-58.1433
-69.0206
-56.1528
-62.0443
-65.7941
-50.041
-60.36
-59.9618
-74.894
-64.6951
-68.2003
-69.1128
-66.9911
-46.424
-63.145
-65.7989
-62.5557
-69.4753
-72.5117
-72.3304
-77.8789
-79.6154
-84.6471
-83.7149
-83.4458
-81.9602
-80.6717
-80.5056
-80.9926
-81.282
-81.727
-84.7038
-83.628
-83.0087
-84.3202
-85.3902
-89.8886
-90.0297
-86.4013
-86.174
-86.2889
-85.3765
-86.1811
-83.6082
-86.6202
-85.6675
-84.8808
-83.3321
-82.7661
-82.1593
-79.6378
-93.6763
-95.2673
-95.0831
-97.9149
-96.5496
-95.289
-89.994
-96.7293
-97.5846
-92.8556
-96.7625
-90.5335
-95.6871
-94.1199
-92.9282
-95.4712
-96.1014
-95.1156
-96.4747
-98.6832
-98.7187
-96.1124
-96.2188
-97.1951
-100.096
-100.048
-98.4105
-89.3766
-95.4878
-92.4016
-94.8561
-84.1499
-93.1598
-40.4952
-45.7281
-52.2863
-31.9568
-5.9857
-74.2086
-37.5128
-29.6843
-24.389
0.0747224
-21.2106
-34.8936
-6.30755
-24.2207
-16.4993
-51.9849
-50.0994
-4.2586
-20.9519
-17.5151
-57.4646
-21.0576
-18.1816
-37.4484
-35.9169
-33.4978
-55.9543
-46.4836
-70.0435
-42.6409
-42.5904
-72.1587
-67.7389
-78.5834
-66.3734
-87.182
-56.7006
-62.8223
-67.5419
-50.0187
-61.077
-60.8802
-93.7513
-69.453
-77.6864
-84.1151
-77.1581
-46.8272
-70.4827
-75.7223
-66.7242
-78.9338
-83.5531
-78.8449
-85.6898
-84.3724
-91.8827
-89.3809
-93.743
-94.9804
-92.9937
-92.8352
-95.0025
-93.1597
-89.3839
-96.734
-92.7467
-91.1445
-91.9112
-91.2104
-96.8179
-96.0834
-90.1863
-92.205
-96.3151
-94.6186
-93.4709
-87.2356
-92.7411
-93.8324
-96.9327
-93.587
-92.654
-94.6462
-89.5943
