80
77.2419
81.219
79.1906
72.7864
55.5347
37.441
29.5202
32.1114
27.772
34.6881
26.8693
42.6039
39.7234
42.2411
36.7306
39.1957
24.9479
21.5284
26.1425
26.2277
24.6811
16.4168
35.5026
51.1916
57.7197
60.6649
58.5105
51.1695
38.4455
33.124
31.8852
29.2299
28.7225
34.4343
41.2766
43.1093
41.3646
38.0165
35.2085
32.6136
27.574
24.0715
20.3519
15.4687
7.29754
6.28131
10.6464
12.1241
11.5954
11.8422
12.343
10.8289
9.74434
15.4917
21.3282
22.3049
21.3031
21.3384
23.325
24.948
25.3467
24.9696
24.4902
23.706
22.8643
22.7884
23.6421
24.1095
22.5824
18.7679
12.6749
6.64254
3.16633
2.17267
8.57806
17.3852
21.3524
21.8364
21.9009
24.3203
26.3903
26.6017
26.4332
28.2171
30.7003
32.3674
32.6926
32.7921
32.9137
31.8815
29.3963
26.2044
22.8149
18.4528
13.9695
14.0871
16.3646
18.3642
19.0543
18.2863
16.6596
16.7317
18.0908
18.5831
18.0123
18.5233
21.5002
25.2446
28.1177
29.3702
29.3898
28.5646
27.5464
26.5669
24.561
22.4551
21.1335
20.4691
74.6286
78.5428
77.2415
69.8937
56.8708
44.1214
32.0019
36.0095
38.0916
37.8083
38.5519
36.5972
38.6734
36.7467
39.364
36.796
25.7047
27.5185
27.2514
21.9842
21.7736
19.4898
40.0954
56.3243
67.5284
71.4651
70.665
65.6399
59.073
53.9851
48.8165
38.0926
30.5278
36.2653
40.2554
39.465
35.2206
30.2603
28.4217
27.0055
25.4891
21.2581
16.6399
13.9431
10.4056
8.91398
9.21989
9.83765
10.6499
10.78
9.59927
7.0902
8.8946
12.5354
16.2954
19.4148
19.8491
19.2713
19.4895
20.1264
20.6796
22.1671
22.6593
21.7616
21.1858
21.593
22.0461
20.9414
19.0324
16.4931
13.9131
10.2595
5.53342
6.00116
11.2088
15.2295
16.6115
18.7167
21.0417
21.7979
22.435
23.4428
24.0754
24.6132
26.5602
28.3024
29.8088
30.4759
30.1658
28.3827
24.2041
19.1131
18.89
20.9153
20.0306
16.6396
15.5669
18.4118
19.4976
17.1116
13.4777
13.2914
15.6445
16.7421
16.783
17.3951
19.9448
23.7868
26.6829
26.9301
23.789
18.8996
17.4483
18.7845
19.6164
18.4735
18.8309
20.5694
73.9622
77.5682
76.3772
70.1377
57.9625
44.781
33.3688
37.394
28.4445
34.9554
34.8455
36.1842
36.3771
39.5041
42.6459
37.4776
52.3909
56.7725
62.1245
66.6077
69.3956
71.6792
75.0606
80.1681
83.4406
84.0377
81.0875
74.2135
64.7745
55.4429
47.8597
40.4968
33.5155
38.7971
42.9296
44.0713
41.0577
33.9628
25.7203
23.2881
25.4348
25.4144
22.1747
15.8406
8.5728
6.25821
8.25047
8.9608
7.45633
3.35548
-1.75618
-1.80182
1.28278
3.87641
8.0855
11.8576
12.9916
10.9777
5.71252
1.1538
1.2313
2.16339
4.52695
7.46572
7.49953
5.67658
2.81422
-0.664007
-0.350215
2.79059
2.46222
-0.599164
4.17998
12.8404
16.7822
16.3559
12.0854
7.3084
9.63811
13.5112
14.1017
12.6631
12.9615
12.915
10.8081
7.16379
1.72588
1.67642
4.52497
6.26914
7.59263
8.23972
11.6325
15.3355
16.9749
15.0796
9.40016
1.93358
2.18492
7.43502
8.91279
5.33817
-2.6392
-4.30022
1.65042
5.97774
7.50889
6.33124
5.78736
6.80701
6.23869
4.42464
3.83401
2.53143
1.12003
1.47926
8.36354
12.5041
70.9962
74.3565
72.7535
64.8626
46.9146
38.7212
32.8234
41.8318
34.1899
36.9847
30.4193
41.9612
46.4324
63.0939
71.8508
82.7046
88.2874
91.5541
92.6002
92.6752
92.6577
92.5857
92.5815
92.1122
90.0748
84.7325
74.9165
61.3833
54.1708
51.4065
48.8047
45.4836
41.465
38.3748
36.2534
32.9693
29.0234
23.1749
13.7088
9.06416
13.7215
15.2278
12.5868
5.44163
-1.7411
-7.24274
-1.53465
7.01302
10.8754
12.4447
12.2598
9.40405
2.54437
-7.11613
-2.71475
5.03806
7.2495
6.03546
6.9663
11.909
13.8281
11.9669
6.71082
0.438815
0.96335
3.17513
5.03099
7.06874
9.17356
10.5762
11.1452
10.9097
11.0724
10.6472
9.47381
7.22538
5.0033
9.28953
13.7524
15.1208
13.5676
10.6796
8.59399
7.90865
5.29869
-1.72715
-5.01591
-0.208475
4.37653
5.73348
5.66791
6.67395
8.52266
9.63835
7.9224
2.40579
-7.11818
-12.3967
-4.71071
2.39031
5.38436
4.7092
1.27508
0.447281
0.90781
1.80977
4.79675
7.99698
7.63536
5.15712
4.55604
4.32579
1.13021
-7.07798
-20.0192
-14.1844
0.192875
7.66496
71.0084
76.3308
76.0562
70.9279
59.0031
49.5656
32.9453
39.87
40.2203
52.4727
60.3592
74.3355
84.7211
91.659
96.0502
97.3327
96.2784
92.5576
86.0961
77.9031
71.2113
68.0769
66.3325
70.2167
73.5643
74.1632
70.7861
63.2442
49.848
32.9584
28.1901
24.1788
17.3522
24.8778
31.8917
34.752
33.6769
28.6876
19.3679
7.87346
4.52685
7.85627
6.47177
5.87997
1.64359
-3.28356
-9.18083
-16.0956
-7.98449
-2.02085
-0.53382
-1.52235
-6.0243
-11.1139
-8.14878
0.204703
7.4184
11.0572
14.9278
17.9019
19.6039
17.933
11.8954
1.98356
-11.7342
-5.92588
2.34983
5.21191
4.37411
1.78461
1.74969
1.93075
1.25565
-2.80921
-4.87582
-1.01778
6.70107
9.14346
7.24349
2.00635
-4.43004
2.69736
6.17075
5.2896
0.245395
-2.36664
-1.66493
-0.787338
-1.77992
-0.801999
2.45051
5.64956
6.97763
6.93494
6.54739
5.18623
1.7835
-3.90455
-12.562
-17.4014
-9.24789
-2.54322
0.635636
-0.368172
-4.31961
-7.42054
-5.71434
0.366833
7.06213
10.4794
9.27698
5.2601
-3.33986
-7.67729
-8.33333
-6.39378
-2.00429
1.91202
74.0407
79.2928
80.8261
79.4464
75.1804
71.5498
78.7694
87.9211
94.2835
99.4024
102.728
104.474
104.806
102.8
97.8395
89.4739
78.1999
68.3598
63.7961
58.4834
49.0006
39.4134
37.1012
34.9292
46.9973
53.5182
53.6177
48.6999
37.9772
25.7552
20.2737
16.968
21.0099
31.3677
38.8398
42.017
40.68
34.5524
23.6877
11.4803
10.2782
11.7294
11.2884
6.75209
2.92993
0.77673
0.125827
0.503196
0.702143
-0.312089
-2.91496
-5.64585
-4.09017
-2.62232
-2.93104
-0.950017
1.93445
3.30561
1.2523
1.69128
4.95075
9.33421
12.4935
12.8954
11.2837
8.90871
6.72273
7.75576
11.1651
13.9087
14.9973
14.4304
11.663
8.10689
5.8382
4.01463
2.22092
5.84859
11.2001
13.4643
12.1432
9.22173
11.1464
13.939
13.3017
9.74545
6.98998
7.25355
10.2531
13.0028
13.2707
10.2404
4.81159
1.47354
2.66343
3.31391
0.144246
-8.59206
-16.0381
-18.0418
-18.2623
-21.9863
-13.1484
-3.74894
0.244574
1.95288
3.16803
5.1574
8.23438
10.4287
10.1202
7.53751
4.49134
1.79159
4.83314
10.9859
13.8031
14.0919
81.8039
92.3124
99.9412
106.844
112.334
115.56
116.52
115.947
114.493
112.134
108.809
104.2
97.9593
90.7222
82.527
72.6306
63.0365
56.2821
51.0405
49.0146
49.6014
50.6233
48.6311
42.3034
41.0732
45.8789
47.2458
45.2795
38.6816
31.7328
17.3707
6.52654
4.58964
17.2671
31.0243
37.321
38.4111
34.3754
24.279
14.0922
16.0367
17.1939
16.642
14.11
9.98871
4.57269
1.49159
1.71164
-0.806503
-8.99408
-19.0368
-14.2425
-6.98846
-2.49364
-1.87281
-3.01209
-1.05558
1.42723
1.16294
0.159831
2.56809
7.8689
11.6872
12.4034
9.1847
1.45885
-5.66862
-6.12248
-8.17579
-1.43314
3.62249
3.76867
1.50105
-0.131723
-0.476878
1.29263
4.49073
6.86638
9.90052
13.7089
16.0675
16.5075
15.5306
13.5483
10.1428
3.70504
-6.07035
-6.79735
1.8337
6.81335
7.77324
6.50523
6.91252
8.37365
7.82713
6.04928
6.9549
8.44669
7.83014
4.65899
-0.693211
-7.58585
-13.8722
-15.8746
-15.4847
-13.1718
-8.70513
-4.18421
-0.843216
1.69585
4.36047
6.27848
6.90893
6.10685
6.5102
8.56634
9.22931
5.63583
93.7147
108.186
116.812
121.089
121.77
119.478
115.126
108.835
99.6934
89.5941
83.6451
77.4701
64.4232
53.2799
49.2986
47.2052
43.6758
42.3334
43.1811
48.8705
49.7748
47.4124
40.1134
41.0122
38.1759
40.1014
39.4772
37.6988
36.5156
35.6609
30.1018
22.0887
21.999
26.9195
34.3918
37.1196
35.1238
28.369
18.9215
13.3811
15.002
14.002
12.0521
6.06688
4.21719
7.75761
10.9079
10.1041
6.94882
5.63428
5.955
4.86599
1.2315
4.1272
9.42004
11.9806
11.316
8.46602
4.77322
-0.908887
-5.78628
-5.76683
-0.808206
5.61175
9.95762
12.2611
12.1815
10.6787
8.89309
7.22763
5.89713
6.59162
7.92116
7.6547
4.18269
-2.47073
-9.68061
-7.3435
-2.66869
0.794297
1.3948
-2.99767
-9.32192
-7.54069
-5.78399
-9.12122
-9.877
-6.15235
-4.7468
-4.7047
-5.25158
-2.35708
2.35479
4.09564
3.43732
5.76441
10.4863
13.0173
12.6611
9.36336
3.29767
-3.28599
-4.12582
-3.67643
-6.64237
-10.8506
-4.6234
4.48844
8.9414
8.78831
4.31619
-0.717256
-0.166892
2.72368
1.97185
1.30169
1.65111
0.505829
97.8701
109.903
115.737
116.231
111.484
100.498
79.4293
71.1964
74.5983
72.0615
67.6047
64.1833
58.6782
55.4956
54.1518
49.0081
49.6656
54.3404
53.5251
64.9208
77.4118
84.2638
87.3533
87.1927
83.9131
77.9405
70.0413
60.8432
49.3324
43.6151
39.3797
32.9161
30.245
31.7179
34.4214
35.5186
33.0015
27.7114
22.8316
20.7691
19.6792
21.2347
19.5981
13.8072
4.53088
3.80167
7.95369
9.48882
9.70726
9.97817
9.65308
6.95832
4.16467
7.83617
11.0906
9.68071
3.91868
-1.23654
1.41775
6.85935
9.23653
7.99993
6.42692
8.64284
10.8143
11.6082
14.5413
16.5984
14.8696
10.0663
9.47219
13.6653
14.9334
12.3057
7.20219
3.55979
2.90844
1.39294
-1.01538
-2.14152
1.43592
6.78498
9.41075
8.93988
5.50027
-0.111361
2.67106
8.13919
9.73913
6.91272
0.234659
-2.96795
5.11377
12.0206
15.3534
15.4104
12.0023
5.2544
-5.35635
-9.97496
-10.7074
-2.97696
3.70937
6.49751
5.1227
0.104772
-5.07911
1.90014
8.74732
10.8911
8.411
1.42199
1.09669
6.98562
11.4942
13.1203
12.8899
10.6792
94.802
105.334
109.87
109.75
104.912
94.3468
78.6299
64.0349
60.8978
58.7784
55.9825
51.0441
52.834
58.9463
72.6056
85.7374
96.0035
103.19
107.476
109.952
111.298
111.652
110.47
107.137
101.273
92.744
82.1676
72.4537
67.2722
64.3042
61.3959
57.5869
52.5243
45.5555
38.1187
35.4408
36.0435
36.1582
35.0867
32.1624
26.8726
20.2616
15.9951
14.5245
11.696
6.32859
1.36558
-0.209615
1.0531
5.7572
9.14307
9.2979
7.02187
4.70246
5.52361
7.54044
8.38706
7.34787
6.5045
8.66792
10.9446
10.7852
8.83383
7.26664
7.50829
9.14719
10.6448
10.6512
9.46275
9.33896
11.2919
13.2773
13.4022
10.9101
6.67862
4.2293
5.14145
5.01816
2.93942
1.15683
5.56806
11.5352
13.8366
11.84
6.46784
3.15199
5.01653
8.11901
10.6704
11.0636
8.17149
4.74477
7.95727
11.6087
11.5991
8.89287
6.68972
4.97406
0.99219
-7.15648
-7.15443
0.281694
4.51489
5.09287
3.8424
4.67756
7.78238
9.93366
9.88634
8.30944
7.59721
7.93945
6.99405
6.19639
8.80544
12.2788
14.3166
14.2878
80.5259
87.5158
90.4674
89.7324
85.9893
78.9725
68.0831
60.8514
53.804
53.4718
40.9238
54.2144
75.8649
90.7751
102.171
109.369
112.671
112.509
109.969
106.142
102.497
98.7257
94.4154
89.3802
82.7292
72.891
59.107
46.521
45.3102
46.1755
44.8728
43.6809
41.5381
37.6344
34.3307
32.9833
31.3131
28.376
25.2234
21.8932
17.3595
13.1909
9.43553
7.14434
4.46888
0.0685811
0.569437
6.93637
10.3723
10.4305
8.16714
4.1905
-0.881851
-5.20094
-5.74265
-3.70162
-2.35385
-1.85128
-0.135662
2.28001
2.34476
-0.925896
-7.14541
-14.0625
-17.6922
-15.6542
-10.4793
-6.88395
-4.29469
-4.14795
-4.66784
-3.56768
-1.80452
-2.24491
-5.17798
-9.69768
-11.1065
-11.3878
-8.12982
-4.47347
-1.166
0.171165
0.0469557
0.119616
0.833127
1.27412
2.23653
3.85729
4.95352
4.82729
4.77754
4.19804
2.80741
0.900483
-0.0590695
0.79318
1.89359
1.13711
-1.71287
-3.0429
-2.00825
0.767865
4.45131
6.04154
4.4135
1.09604
0.00299617
1.94073
4.28766
5.33922
4.60142
3.49134
4.47734
4.9735
2.78983
-1.53916
-4.96293
-4.3756
64.3649
67.456
66.0871
59.0021
51.1874
48.7954
53.0518
57.2009
56.634
63.9514
76.4738
91.8859
103.388
111.403
115.254
114.955
110.522
102.093
88.9562
72.5904
48.4699
43.3825
31.7171
38.563
39.8998
42.8993
39.9406
38.0916
34.4077
24.4399
19.3924
16.0505
15.248
16.5804
18.4254
20.6553
19.2999
15.8055
15.5339
16.9354
14.7447
6.87388
-0.0536851
-1.79534
2.56308
3.64399
2.59
0.59274
3.28069
6.14058
5.17794
0.0133898
-6.50523
-17.7255
-20.7339
-24.052
-18.5971
-14.773
-15.0675
-17.3462
-19.8489
-19.0462
-16.1237
-12.5897
-13.1887
-17.4827
-13.2756
-3.51234
0.547129
0.102727
-4.30923
-8.51182
-10.6548
-12.4921
-18.9861
-16.6357
-14.1985
-13.2466
-12.923
-13.6236
-15.2678
-12.8192
-13.5494
-14.48
-11.8366
-9.40736
-3.4452
2.47276
4.61665
3.84551
0.582457
-3.09997
-4.42622
-4.5957
-5.92129
-6.74239
-6.50223
-8.47145
-9.85883
-4.4591
-0.538664
0.0291969
-2.0929
-5.40856
-6.15466
-1.50498
0.565888
-2.0768
-8.96009
-13.9336
-13.2485
-11.5696
-12.443
-17.3691
-19.1505
-16.0956
-7.20659
-0.641127
61.6508
67.2902
67.2177
62.9418
54.7232
65.9528
79.2218
92.6133
103.229
111.683
117.694
121.489
123.073
122.131
118.179
110.686
98.9471
81.3275
64.2048
61.3875
58.2515
53.3691
49.3391
47.1462
46.2895
39.878
34.067
26.744
21.3378
17.9174
16.332
18.0002
22.0345
28.8049
33.626
34.2109
30.135
20.7123
7.64444
7.28944
11.0162
11.9027
8.38101
5.34731
3.46249
3.73577
1.68193
-0.435997
-1.8283
-3.37369
-6.22093
-6.61487
-3.45765
-1.65134
-1.80221
0.667161
3.34995
4.22359
3.38637
1.67111
0.755365
-0.910103
-3.45451
-6.21761
-9.65418
-14.0079
-19.3495
-15.5423
-4.832
0.181871
0.806828
-2.03501
-5.84988
-11.8969
-11.9642
-8.61594
-2.31391
1.52439
3.03942
2.2182
0.755155
-1.87496
-6.33656
-12.5334
-14.5808
-9.97842
-7.01932
-6.74667
-7.17626
-7.65242
-8.88133
-11.911
-14.4937
-10.5795
-6.95029
-4.3369
-2.85298
-3.44471
-6.40715
-9.43001
-9.66228
-9.14841
-8.75887
-9.0225
-7.40901
-4.68506
-2.26172
-2.0969
-4.44447
-7.12457
-6.15393
-3.49902
-2.19005
-2.56849
-6.36823
-12.747
-13.0756
-5.40999
58.8214
64.8749
75.2546
87.4526
97.7733
106.205
113.097
118.486
122.508
124.67
124.948
123.043
118.623
111.136
100.138
87.5066
78.4923
69.7967
62.8459
57.8466
55.8954
53.5377
49.2922
45.8239
41.6308
38.33
34.4619
27.3537
24.8299
19.95
17.9032
17.5305
23.7553
32.0571
36.2447
36.0294
31.2019
21.1155
5.10699
-3.81987
-1.02244
1.04655
2.51184
4.50032
4.91646
1.30776
-5.12626
-9.24534
-7.74172
-6.27985
-5.3693
-4.08054
-4.27099
-6.64756
-9.93583
-9.60765
-4.31096
-0.845446
0.409681
2.18573
4.22064
4.03383
0.432087
-5.02256
-6.90711
-7.69965
-8.83128
-8.7069
-3.14591
2.52702
5.32089
5.02025
1.58487
-4.70212
-11.4225
-12.7003
-8.9493
-4.1372
-0.624313
0.931877
0.754905
-0.130921
-1.75246
-4.6437
-4.86991
-3.99618
-3.41443
-3.43784
-2.52422
-1.89033
-3.6703
-8.57619
-11.7139
-7.70531
-2.91533
-0.107689
1.81707
2.84652
3.46612
2.95365
2.10268
-0.0215212
-3.07146
-5.04226
-6.19684
-7.18443
-6.34488
-2.78899
-0.0364438
0.136191
-1.96603
-1.76172
1.32287
2.6426
1.13633
-1.73119
-4.11032
-6.76536
67.7004
82.143
93.0321
101.066
106.454
109.474
110.455
109.617
106.326
101.324
94.4229
87.1709
77.2378
64.2283
54.6442
56.5841
68.7527
77.0466
83.3632
86.9206
87.542
85.4245
80.7115
73.4707
63.9601
51.8425
42.2146
36.9219
33.6983
32.6501
29.8781
23.7134
18.6726
19.4099
21.569
20.0618
14.6424
7.51812
4.93052
3.84297
-2.74619
-5.07463
6.97797
13.552
15.5548
13.2396
6.80377
-0.949149
-6.08494
-10.2945
-9.72767
-4.21782
-1.09188
-1.02279
-4.13483
-8.67048
-12.3695
-14.2476
-14.3932
-10.6756
-7.0122
-7.30817
-12.08
-19.2275
-19.2759
-17.8131
-13.932
-12.0324
-8.77815
-7.41032
-8.92554
-13.0301
-16.5397
-19.4672
-19.4278
-19.5692
-19.4985
-21.3454
-20.7434
-17.0585
-13.1184
-12.872
-13.6609
-16.3808
-18.0873
-17.2131
-14.9935
-13.0853
-10.4403
-8.83808
-9.29818
-11.2549
-14.2147
-15.6874
-14.1691
-12.6904
-13.7834
-14.0417
-12.792
-11.5795
-10.702
-9.514
-8.76063
-9.68913
-12.0553
-17.4363
-24.6646
-21.0319
-14.4124
-11.416
-12.5295
-12.0939
-9.58502
-9.93026
-14.8115
-20.5006
-17.482
-14.6318
68.6754
82.1483
89.2685
91.2261
88.4103
80.455
68.5952
57.0356
56.8411
51.9189
47.3638
41.9176
45.3951
65.5543
80.2472
90.8379
97.4673
100.7
100.953
98.8005
94.8583
89.8184
83.7657
76.626
67.8517
58.1968
49.261
43.6046
41.5908
39.3513
35.9221
31.7763
27.4525
28.1169
31.2482
31.3093
27.0354
18.0478
9.28534
8.04907
7.26611
6.32663
5.79989
9.54955
10.7914
8.33823
4.43365
2.07621
0.621483
-3.39434
-6.59109
-2.74323
0.266806
1.24155
0.361168
-2.15309
-6.34459
-6.96606
-3.01842
-0.257778
-1.5104
-6.71237
-12.5118
-10.9419
-7.35701
-6.62895
-7.26062
-6.25061
-3.81358
-3.15708
-4.93233
-7.9989
-8.86697
-7.01186
-6.35584
-7.9408
-12.5562
-16.8128
-18.1112
-13.0999
-8.44961
-6.02885
-6.1727
-7.30178
-8.90496
-12.1646
-15.1632
-13.4675
-8.20308
-5.26771
-5.57139
-8.16139
-8.69727
-6.71841
-4.98674
-2.7597
-0.914447
-1.50593
-4.28514
-6.29777
-7.68158
-11.2256
-16.2875
-17.7785
-16.5049
-13.6516
-12.4983
-13.8255
-15.0142
-13.3407
-12.66
-12.7826
-12.9218
-13.072
-12.7637
-12.3282
-12.7228
-15.7512
54.2334
64.7324
69.4889
70.1572
66.2202
58.7715
47.6894
37.8133
41.247
45.8733
40.7716
48.253
69.0678
84.2799
93.8958
98.7774
99.5451
96.3533
89.0191
76.8559
60.822
41.0099
29.9319
22.803
21.3171
28.5419
27.7555
20.8956
12.8276
5.69168
2.85903
0.558204
15.5864
26.6972
32.2018
32.9015
28.7685
19.3013
7.42508
2.99802
3.46833
0.81518
-4.3503
-7.91694
-8.11857
-8.18462
-10.8106
-12.8452
-13.9177
-13.6791
-14.6604
-18.0987
-22.6023
-21.489
-18.193
-13.8046
-11.8924
-8.55315
-4.49695
-2.64137
-4.70874
-10.5187
-15.4194
-12.8945
-9.1783
-8.00564
-9.21115
-11.4991
-11.2603
-8.55076
-7.00843
-7.96887
-10.7849
-13.509
-13.3246
-11.9537
-11.1377
-13.5788
-18.6736
-24.1899
-26.3592
-28.9768
-26.889
-29.7272
-31.1993
-31.1506
-26.8732
-20.9237
-14.7245
-11.1112
-10.3835
-10.4696
-9.589
-8.29336
-7.83245
-8.37492
-8.29992
-7.14466
-6.38761
-8.20695
-12.5079
-15.7709
-17.8892
-20.3874
-23.5115
-21.4648
-17.7415
-16.4634
-15.4556
-13.3912
-12.9412
-15.4944
-18.5733
-16.8602
-13.7861
-10.568
-8.48029
-7.84948
32.645
34.9238
32.7568
31.6944
34.4292
38.809
42.8468
43.9713
46.3461
52.7193
67.121
81.1891
90.7185
96.1856
97.5948
94.9337
87.8992
75.4553
56.9498
42.841
32.901
21.8887
21.1849
20.1849
15.5745
21.0084
16.0628
15.071
13.0343
11.1576
8.03228
7.28382
12.3733
20.2193
23.8599
22.7168
17.0444
6.87354
-0.632832
-0.495223
-0.131409
-1.25772
-3.17438
-6.08941
-6.15139
-4.94918
-5.7297
-7.32516
-6.14044
-3.81329
-2.32698
-2.77049
-5.354
-10.403
-17.6705
-19.4565
-17.8644
-12.8125
-10.062
-9.84542
-9.18876
-6.92525
-6.34121
-8.49716
-10.2813
-8.1728
-4.51551
0.0017111
2.8287
2.0982
-2.34917
-8.74983
-13.7392
-14.8903
-13.511
-10.0106
-6.41592
-4.12889
-3.53591
-5.32126
-8.97894
-12.6653
-16.5757
-20.9227
-21.7843
-20.4696
-13.2957
-7.95993
-3.5402
-1.69876
-2.46527
-5.60108
-9.69524
-9.99604
-5.38995
-1.65778
0.657831
1.01848
-1.33109
-7.90575
-18.3902
-23.0674
-19.6387
-16.0521
-13.9278
-11.5683
-11.2233
-12.7702
-14.5175
-13.8161
-11.7717
-6.98507
-4.75703
-4.64296
-5.13944
-5.75644
-6.85078
-7.8911
35.545
41.9817
45.813
46.9919
45.4783
47.7771
58.1095
69.1366
77.2951
83.771
89.3651
93.6473
95.6609
94.4302
89.6635
80.8429
67.5142
53.5579
45.7381
41.4049
37.8278
38.9562
39.4393
37.7927
33.6205
31.5184
29.0181
23.6426
15.8065
6.19665
3.35266
4.9448
12.2798
20.8565
25.0933
24.95
20.1689
10.8934
0.767218
-4.04031
-3.21508
-3.92039
-6.75566
-7.48137
-5.61159
-3.8072
-4.68734
-8.01502
-9.62925
-5.64628
-3.4078
-2.93996
-4.98086
-9.54679
-15.5511
-18.5299
-17.3154
-16.531
-16.1675
-12.9365
-9.19197
-7.92325
-8.42449
-7.78257
-6.11171
-6.45809
-6.21148
-4.87973
-3.77308
-4.13182
-5.13039
-6.4333
-8.68942
-13.337
-14.7478
-13.4503
-10.7979
-8.58084
-7.85037
-8.457
-8.73108
-8.23812
-7.46666
-10.2267
-17.209
-20.3142
-17.3128
-9.40168
-4.33098
-2.01838
-2.52949
-5.49115
-7.03013
-3.79602
-1.82793
-2.7078
-5.26623
-5.53481
-4.50467
-5.20734
-8.36478
-11.2361
-11.3475
-11.0119
-10.6929
-10.7009
-10.0543
-9.17771
-9.28544
-10.2982
-9.87102
-7.58782
-2.22177
2.05787
3.37113
1.76989
-0.169132
-0.848536
39.0156
51.4421
63.6219
73.6234
81.3761
86.7775
90.0907
91.3825
91.0233
89.2461
86.5003
82.4334
75.9385
68.0311
59.2008
57.6217
64.2181
70.2846
73.6578
74.7688
74.3791
72.6459
69.3503
63.9951
56.785
48.1645
37.3068
26.7576
18.2365
12.5026
9.16143
6.8504
12.5023
21.8985
26.8855
26.951
22.2036
12.3007
-0.276547
-6.56778
-7.89925
-7.5148
-6.98928
-6.50583
-5.08643
-2.56833
-1.50567
-2.60698
-5.13601
-8.65543
-11.9321
-13.8588
-14.0933
-13.4251
-14.6718
-17.4241
-18.4096
-14.706
-10.3393
-8.80647
-9.1068
-8.66195
-8.04573
-7.9938
-7.40774
-7.24672
-8.31747
-9.96933
-13.3505
-18.2599
-18.8464
-15.4077
-13.5238
-13.3444
-11.0782
-9.07889
-8.10209
-8.18399
-7.28252
-7.21808
-9.35698
-11.3614
-9.62469
-5.88922
-2.88363
-1.8684
-3.35304
-7.92546
-14.6705
-18.1425
-14.5878
-10.3581
-9.62467
-11.0061
-11.5905
-12.61
-16.359
-22.1532
-20.0875
-13.602
-10.6479
-11.1859
-13.9285
-14.9906
-13.0865
-11.6862
-11.4484
-11.1588
-10.2668
-9.97318
-11.1019
-12.9939
-13.7053
-12.2451
-8.63704
-4.72038
-2.45873
-2.8441
51.3898
69.5337
80.7235
87.2764
90.1116
89.95
87.1116
81.9161
73.4717
62.3085
50.627
44.7773
42.8152
50.514
62.9191
74.2925
80.5244
82.9253
81.7489
77.694
71.4449
64.5565
56.9514
49.2363
41.5908
33.2849
28.5704
19.6656
10.9055
5.76727
1.80902
2.73234
10.2713
19.8722
24.7059
24.755
19.8226
9.33544
-3.67836
-10.2829
-15.0453
-17.0037
-19.5567
-17.7268
-16.9742
-17.2273
-18.1841
-18.4533
-21.5105
-25.5569
-27.5583
-20.5096
-16.7207
-13.9917
-13.0528
-13.4972
-15.8827
-13.4057
-7.57055
-2.89936
-1.59877
-3.51475
-7.15938
-8.53672
-8.67497
-10.5145
-10.9452
-9.19829
-4.77552
-3.38739
-5.50496
-10.9372
-15.5504
-21.6634
-24.1361
-18.2633
-16.1433
-14.0466
-12.6123
-11.8944
-12.803
-15.9406
-15.5113
-13.8819
-10.863
-9.47379
-10.9467
-15.2345
-18.2374
-15.747
-12.2827
-11.1486
-12.6441
-15.0914
-16.5227
-14.2844
-12.0773
-11.4923
-11.746
-10.7147
-7.40407
-5.81341
-4.68817
-2.57953
-1.75031
-3.82666
-8.59429
-9.6359
-6.83663
-6.55003
-9.34832
-14.1554
-17.4143
-14.189
-7.57814
-3.90552
-3.64923
-6.29506
61.3963
73.4373
79.7839
80.9336
77.1473
67.4871
51.1798
29.9182
38.7539
42.2048
40.2851
44.2454
58.2259
70.3807
78.5877
82.2041
81.7835
77.1605
68.0485
53.1274
34.0745
17.9859
17.243
19.9046
19.572
20.1599
18.2722
11.8147
7.33386
1.78923
-2.05111
-0.944885
9.5516
18.0564
22.4602
22.3166
17.3147
6.68187
-4.21319
-8.10258
-9.37377
-10.7585
-8.13574
-5.16298
-4.75809
-6.72589
-8.54608
-7.11474
-5.26845
-5.59159
-7.57305
-10.5435
-14.0617
-16.1526
-12.4228
-7.28424
-4.2199
-2.17668
0.285454
1.32149
-0.384063
-3.68544
-6.14105
-8.32748
-11.7442
-15.3339
-19.0445
-14.8742
-9.4886
-6.0331
-4.77721
-4.15636
-3.89351
-4.39175
-7.24763
-12.6306
-17.6064
-16.7658
-9.43276
-3.08202
0.368245
1.34373
0.389463
-1.55377
-2.01067
-0.819404
0.467596
0.788791
0.143077
-1.13955
-3.30229
-7.43185
-13.3942
-13.7458
-8.12267
-4.01583
-3.3252
-6.32452
-13.3394
-22.1064
-20.0382
-11.1736
-4.51439
-0.660234
-0.424184
-4.30757
-11.9325
-14.6386
-10.8194
-8.13984
-8.07002
-8.71095
-8.49693
-6.48267
-4.90705
-4.71907
-5.16284
-4.47393
49.5402
61.3695
66.5671
67.1858
63.3049
54.5809
44.3232
35.287
32.3047
37.4572
48.7171
62.6752
73.002
78.6864
80.269
77.7285
70.8453
58.9219
42.9405
29.0861
26.344
19.0723
18.1427
19.226
15.9701
14.6994
14.7795
9.15232
5.91766
2.16755
-2.33574
-0.909583
4.99463
11.7552
15.3522
14.6106
9.32736
-0.508519
-6.82758
-8.45332
-8.52598
-9.68758
-9.19105
-7.67163
-5.7993
-4.11599
-2.73214
-2.71695
-5.18362
-9.37469
-13.4949
-15.04
-13.7694
-12.2937
-13.4198
-15.8226
-16.7208
-14.7484
-13.5307
-12.1553
-10.2331
-8.49257
-7.55151
-8.88297
-12.6107
-18.0261
-19.9413
-19.1955
-17.4582
-17.7987
-19.0935
-16.3786
-12.0846
-11.4225
-12.0657
-13.0671
-12.4525
-9.79168
-7.32634
-6.65265
-7.74492
-10.4552
-11.804
-8.12798
-5.51484
-5.52379
-6.8971
-8.29932
-11.316
-16.9905
-19.6575
-16.9779
-16.3288
-18.762
-21.7003
-20.6113
-17.2258
-16.6328
-19.454
-21.4325
-16.5176
-11.0009
-7.33172
-6.80395
-8.89044
-11.7077
-13.6731
-15.1217
-13.3167
-9.64385
-7.52049
-9.12617
-14.7991
-20.6204
-16.9922
-12.2089
-9.60471
-8.55907
29.7404
35.7293
37.8556
36.9878
36.0158
32.4238
38.9751
48.5968
59.1935
67.5847
73.6704
77.4555
78.3736
76.1323
70.0871
60.2327
49.2513
48.9341
52.2352
53.0069
52.3123
50.5595
48.1168
44.3026
38.8958
32.5289
24.6257
14.0862
6.35761
2.37978
-1.61126
-1.5322
2.6243
8.09733
11.2042
10.7479
6.54949
-0.697054
-8.20755
-13.1504
-13.0812
-11.3794
-12.9382
-15.6875
-16.5003
-14.8151
-13.5525
-13.812
-14.4033
-15.2236
-16.9412
-16.5716
-13.3035
-11.3092
-9.9581
-10.1475
-11.4168
-12.6889
-12.385
-12.4762
-12.5762
-12.2028
-11.0535
-8.51776
-7.22801
-8.56196
-9.68174
-8.29448
-8.36217
-11.4534
-16.8307
-20.5309
-20.0928
-18.168
-17.9642
-19.2392
-19.9077
-17.8461
-13.9898
-10.5645
-10.072
-12.2435
-14.4743
-15.4497
-12.1902
-9.88703
-9.26695
-11.2239
-15.4446
-22.0787
-28.5213
-31.0748
-29.9952
-27.4532
-25.6083
-24.1302
-20.0486
-16.631
-15.2605
-15.7356
-14.6176
-13.5422
-13.625
-12.3545
-9.15856
-8.45068
-11.7602
-17.0389
-14.0722
-8.42149
-6.16769
-6.12879
-7.52909
-10.4259
-14.8416
-16.7331
-13.5159
-10.0325
17.8945
28.2027
36.8768
43.3479
47.4972
51.816
57.0174
62.33
67.285
70.654
71.6033
69.4984
64.0561
54.9144
46.5828
50.345
56.8572
60.4716
60.7042
58.2395
53.7356
48.5257
43.8509
40.2706
36.5998
31.2495
23.9762
13.3
4.39061
-2.78637
-7.24306
-4.56973
3.89878
11.1945
14.9888
14.7047
10.4233
1.8033
-9.71221
-17.3224
-15.0975
-16.727
-18.723
-14.6582
-11.5602
-11.2295
-13.5461
-15.8769
-16.5324
-17.0633
-19.4614
-20.1436
-17.6346
-15.1941
-14.1065
-14.0414
-14.2766
-12.8075
-11.7545
-13.2188
-16.7587
-18.5462
-15.3988
-11.7583
-9.75902
-8.14493
-7.23147
-7.90169
-10.7189
-14.6475
-15.5416
-12.9785
-10.2436
-10.0753
-12.9449
-18.0793
-22.6551
-27.4788
-26.2384
-21.6678
-18.594
-16.8983
-12.8401
-9.38577
-8.56338
-10.2631
-12.9828
-14.2255
-14.9016
-16.1366
-18.5014
-21.6837
-23.2093
-22.2614
-21.519
-21.1837
-20.8596
-19.7291
-18.4729
-17.5181
-17.6503
-18.3147
-16.8901
-11.3414
-7.67247
-7.67071
-11.0892
-15.9602
-17.7183
-15.1047
-12.2501
-11.2127
-13.1554
-17.6997
-21.0116
-21.4943
-18.614
-17.0113
19.9728
35.9782
47.7659
55.3583
58.6146
57.5131
52.7035
43.7822
34.8419
29.4269
26.2944
23.0041
39.1451
49.3057
59.4842
64.0057
64.0516
59.2501
49.2869
30.0333
7.38908
7.7689
8.1291
7.09809
1.80043
6.42186
6.88677
-0.775693
-5.88826
-9.68912
-10.3149
-12.6013
-2.85943
6.32529
10.5744
10.2373
5.31734
-2.70009
-7.93653
-9.18201
-12.3629
-14.0105
-19.8037
-23.4355
-28.2484
-34.1179
-40.3774
-37.4943
-27.3695
-22.999
-20.6398
-22.5551
-25.5978
-24.9798
-21.5967
-18.0582
-14.6627
-10.6314
-8.55985
-8.88853
-11.9918
-16.0505
-16.5701
-12.3986
-8.81673
-8.24191
-7.45733
-6.89199
-8.12974
-11.9177
-16.0801
-17.6999
-16.1468
-14.6817
-15.1306
-18.6441
-25.281
-22.399
-15.873
-10.2333
-8.95397
-11.0614
-14.1142
-12.4077
-10.0069
-11.4789
-16.0689
-24.0792
-31.7082
-32.5369
-28.1619
-22.2499
-18.376
-18.1303
-19.5338
-16.4763
-10.9907
-8.60359
-9.81309
-13.2093
-16.0495
-17.3641
-19.2722
-22.3257
-22.3231
-18.6905
-13.6269
-10.6501
-10.4762
-13.4088
-15.6895
-15.9357
-15.1763
-15.4302
-13.7925
-11.2241
-10.1574
-10.9469
47.1313
56.139
60.601
60.5378
55.8683
46.6416
31.8112
25.1798
24.1111
28.8367
35.8563
50.9647
62.3194
69.3942
72.0458
70.6489
64.7725
54.1708
38.7284
22.3065
19.5656
21.2446
21.3183
18.8656
15.6133
14.1835
13.507
2.63536
-2.99111
-6.10687
-8.18645
-7.14283
0.384001
9.07918
13.7448
13.8857
9.60147
0.900904
-9.56263
-14.8102
-18.3981
-22.7209
-21.2349
-21.7808
-25.8786
-32.5574
-29.0955
-22.5521
-19.1146
-18.4792
-21.3582
-23.2174
-21.3369
-18.4572
-18.513
-22.4348
-27.8044
-26.4249
-20.7009
-18.3307
-17.9113
-18.6042
-18.3831
-16.6955
-15.2642
-14.6378
-16.1984
-19.7331
-24.0641
-23.4477
-20.6867
-19.339
-20.5073
-22.7085
-25.0473
-28.3356
-30.7772
-28.8197
-17.7942
-10.4738
-6.95997
-7.44287
-10.297
-13.6034
-15.9801
-20.212
-24.9077
-24.2772
-21.5685
-19.5832
-19.4266
-21.3356
-23.6645
-21.4994
-17.5911
-14.7609
-11.8312
-9.36293
-8.65375
-10.1893
-13.0611
-16.2696
-19.1287
-21.35
-23.355
-20.16
-17.3627
-17.4792
-20.2999
-22.1957
-23.0645
-20.8149
-19.6976
-17.289
-13.0549
-11.4763
-13.0956
-17.3221
50.7086
59.8769
63.4902
62.4135
56.4543
45.4451
37.9612
32.9316
40.0153
54.8786
66.7093
74.3876
78.1508
78.1895
74.3644
66.3202
56.2669
53.6035
57.5348
59.7954
59.8611
58.3801
55.5495
51.5153
45.8705
39.1264
29.6891
18.9398
6.10342
1.5755
2.11332
3.07343
5.26514
10.1376
13.5392
13.0713
8.15958
-1.92714
-13.0278
-21.7343
-20.2546
-16.4057
-15.0727
-14.9355
-14.0859
-12.1131
-10.5583
-9.79534
-10.0175
-11.9603
-16.7344
-23.6665
-27.3197
-26.1002
-24.5884
-24.691
-26.0419
-25.1526
-23.3714
-23.412
-25.9093
-28.2639
-27.0116
-24.0513
-21.5976
-21.8437
-24.7099
-29.301
-28.6549
-25.5252
-22.3897
-21.3455
-22.0936
-22.5392
-22.1962
-24.2057
-21.8297
-15.579
-11.0483
-10.1525
-12.2802
-13.3767
-10.6394
-9.09201
-9.67785
-11.2369
-12.001
-13.381
-16.2959
-18.9445
-19.0358
-18.7105
-18.3022
-17.3019
-16.0407
-14.7029
-13.7533
-14.3152
-16.6199
-20.725
-20.4963
-16.5063
-14.0702
-14.5046
-17.6194
-17.9277
-13.7525
-10.9334
-11.1304
-14.039
-17.177
-15.6335
-13.2558
-13.7939
-15.8422
-17.1402
-17.3506
-17.9397
33.123
39.6168
42.0087
40.7849
39.1139
45.6197
56.5595
64.6535
70.7482
74.6564
76.6052
76.3
73.1325
66.4375
57.3717
56.9062
62.3301
64.9308
64.1001
60.3033
54.3967
47.1968
40.0849
33.6798
29.3817
24.8153
20.5824
11.7245
0.512176
-11.6831
-13.4298
-11.1029
-3.45903
4.21851
8.51146
8.72793
5.01195
-1.74314
-7.76713
-12.4865
-13.4437
-16.6451
-18.827
-19.2342
-17.5521
-14.8982
-12.6502
-11.9968
-13.2998
-16.0671
-21.6696
-24.2232
-25.5764
-22.5755
-19.7112
-18.8826
-20.0141
-19.7116
-17.8835
-18.0634
-18.8606
-17.7954
-17.4731
-19.4891
-22.6299
-23.4829
-22.0547
-21.4824
-23.2024
-23.6972
-20.7024
-18.5047
-17.7488
-17.651
-18.0373
-18.4411
-17.1173
-13.2711
-11.6414
-13.6695
-18.0465
-20.2859
-20.2645
-21.8177
-24.2578
-25.7733
-24.7289
-23.3767
-22.9811
-24.3642
-27.287
-28.1373
-26.118
-24.0502
-22.5812
-21.7105
-21.5475
-21.9286
-22.9347
-25.0759
-27.0741
-24.7493
-20.2473
-17.5039
-16.9091
-17.1049
-17.8782
-19.8228
-23.4219
-27.5698
-28.1871
-22.9929
-19.9919
-20.4793
-22.3794
-23.2724
-23.2391
-22.1626
26.214
41.3406
53.5899
62.9096
69.7143
74.1707
76.3451
76.3765
74.1612
69.5989
62.4448
52.0109
44.3347
52.918
61.2965
65.5244
65.3505
60.629
50.8995
36.0513
15.4369
7.87143
5.30314
-0.704058
1.77216
4.83708
5.96049
-3.3993
-14.4731
-13.65
-8.86662
-7.47196
-6.40525
-2.94491
0.341707
-0.553305
-5.58547
-14.038
-16.7172
-13.5467
-10.4048
-9.55974
-11.1294
-12.4131
-12.5593
-13.9439
-16.5766
-18.706
-20.3159
-23.2862
-26.1265
-25.4464
-25.0746
-24.8926
-23.7625
-22.1947
-23.1258
-24.03
-19.8594
-14.6479
-12.3591
-13.2893
-16.0879
-17.8803
-18.1288
-18.8211
-20.0341
-18.6326
-16.4148
-15.769
-16.9669
-18.7566
-20.3609
-22.1588
-23.8056
-22.0858
-19.0618
-18.8046
-21.8591
-25.1896
-24.6163
-23.227
-22.6779
-23.5815
-24.1549
-24.7687
-25.9371
-26.8284
-24.5518
-23.2732
-23.0873
-20.5643
-15.7891
-12.8631
-12.6489
-14.8457
-18.8121
-24.7252
-28.5887
-28.3284
-26.8641
-26.9886
-25.2652
-21.4789
-19.3128
-20.1794
-24.0229
-29.1365
-31.425
-27.892
-24.2339
-20.8912
-17.1985
-14.5457
-14.1037
-17.4269
-23.5345
-31.0527
40.4419
56.4769
66.5971
72.1298
73.8073
72.2422
67.9189
60.8567
51.3601
42.0958
40.2275
50.1722
61.1911
68.1491
70.7505
69.1134
63.1789
53.4086
45.4537
46.8644
49.7228
50.2997
48.4744
44.4816
39.1551
32.6131
25.3326
14.9134
4.20095
-3.89648
-1.78795
1.2418
3.45198
5.16476
5.832
4.16037
-0.87275
-8.35975
-13.2907
-13.8429
-12.6347
-11.743
-12.9772
-17.6561
-24.1717
-25.2619
-22.9454
-22.665
-22.9176
-22.4159
-23.1776
-25.8708
-30.4823
-29.8607
-25.3922
-23.2934
-24.2754
-27.211
-27.8613
-25.1404
-21.7496
-19.5055
-18.112
-17.327
-17.7248
-20.2454
-21.4359
-19.1228
-16.7283
-16.5547
-19.1855
-23.4334
-25.5146
-27.3777
-27.3581
-25.1389
-21.2553
-20.8171
-23.0079
-25.4989
-25.8673
-25.7721
-23.2563
-20.3239
-18.5198
-19.9398
-21.9911
-20.4861
-17.1017
-15.1834
-13.4156
-10.5714
-9.01495
-9.42695
-9.96387
-10.1549
-12.4829
-17.932
-22.9673
-23.2148
-20.2668
-17.9318
-17.5781
-19.7029
-23.7643
-27.5077
-29.529
-28.7913
-23.9851
-19.334
-17.3778
-16.4909
-15.8611
-15.9891
-18.6456
-24.8096
-26.9022
-20.5931
57.7004
67.057
70.9991
70.1535
64.4578
53.1361
42.8402
37.8206
44.5256
58.1176
68.5549
75.1175
77.5903
76.1295
70.7151
63.4598
63.3723
66.825
67.8437
65.8851
61.8127
57.2289
52.5277
47.6206
42.2123
35.2736
24.948
13.3073
4.1303
0.323099
-2.34971
-1.93452
0.905844
2.69685
2.36687
-0.377035
-4.83239
-10.5532
-14.7217
-13.9211
-12.4307
-14.0406
-17.8319
-22.5702
-23.9414
-22.0017
-20.1025
-19.7587
-19.7525
-19.0026
-17.6442
-16.0457
-16.4664
-17.048
-16.7135
-16.9658
-19.8529
-23.7642
-23.9543
-22.4315
-20.8042
-18.9484
-16.8983
-15.2899
-14.4318
-15.3028
-16.5013
-15.1706
-13.7059
-15.2207
-21.0441
-27.4961
-24.8352
-20.2234
-15.2334
-11.7809
-11.3581
-14.7171
-21.3107
-28.3688
-31.8606
-28.6713
-24.3557
-20.0357
-17.6386
-18.6127
-20.862
-19.5284
-14.9907
-12.9974
-14.6934
-19.3542
-23.6845
-25.4624
-26.358
-26.5707
-26.1533
-24.3008
-19.1034
-14.8023
-13.2172
-14.0091
-16.3343
-19.1314
-21.9726
-23.6943
-25.0771
-26.9441
-28.3516
-27.147
-23.1851
-19.0163
-15.1629
-13.5986
-14.2853
-17.2777
-17.9093
-16.2349
57.654
65.6737
68.4922
66.8056
61.0552
55.8624
62.3064
72.5795
80.3225
85.2737
87.441
86.5337
82.3094
74.8309
69.3261
73.0419
76.3904
75.5815
70.0957
59.3709
43.5556
30.7555
26.2079
21.2986
20.0344
20.4654
17.6341
13.4872
11.0956
9.95604
6.05154
-1.71659
-8.3025
-7.23504
-3.77327
-3.89324
-7.57306
-12.8263
-15.4517
-14.4096
-15.3559
-16.7273
-19.5287
-20.426
-20.7044
-19.9652
-18.2344
-18.2201
-20.8652
-25.5151
-28.2197
-26.7205
-24.617
-22.8718
-22.2274
-23.2057
-25.492
-25.126
-22.6875
-21.7225
-22.0177
-20.3806
-16.8729
-14.5429
-14.8139
-17.3761
-20.4687
-22.1269
-20.9368
-18.835
-16.3813
-15.0791
-16.3216
-20.5112
-22.9073
-21.7472
-19.5216
-20.8399
-24.9296
-28.9848
-28.8302
-29.9241
-30.8502
-28.9329
-23.0799
-18.1279
-14.9892
-12.923
-12.9537
-15.447
-18.991
-19.2653
-18.201
-19.3768
-22.7112
-22.5958
-17.9864
-14.5699
-14.1104
-16.8123
-22.0105
-24.6509
-21.571
-18.8705
-18.7054
-20.7656
-22.7472
-22.3453
-21.6503
-21.3901
-22.0829
-21.9995
-20.5266
-16.9767
-15.2025
-14.899
-13.4809
-12.4025
41.9445
53.1634
64.2594
73.4958
80.19
84.529
86.8182
87.2735
85.9451
82.9874
78.2902
71.8441
68.457
75.5593
82.1473
84.4591
82.3898
75.7652
65.0532
57.4578
59.6353
61.6707
61.599
59.3485
55.3748
50.1593
43.0141
32.2264
16.4729
2.38305
-0.968445
-3.49383
-5.96519
-7.64434
-7.85574
-8.46635
-10.0496
-12.7159
-14.7643
-15.2257
-14.4102
-13.1347
-12.2674
-13.6045
-15.6437
-15.6784
-14.2988
-14.1415
-16.0187
-19.973
-23.5486
-23.5999
-21.3612
-20.0114
-20.5799
-21.8406
-21.1769
-19.157
-18.3666
-19.0989
-20.3791
-21.487
-22.0902
-21.0209
-17.6812
-16.1871
-16.2188
-16.8445
-17.4938
-18.2918
-15.498
-11.03
-8.97731
-10.611
-15.6294
-23.0552
-28.8252
-28.9423
-28.6108
-30.1128
-31.8479
-32.0831
-29.3363
-27.8843
-24.669
-20.956
-17.8207
-15.126
-12.4298
-11.3375
-12.3567
-13.169
-12.6375
-13.8002
-17.98
-20.5275
-17.312
-13.8462
-12.9155
-15.0465
-19.9791
-25.2646
-25.8507
-22.8147
-21.8432
-21.3617
-21.6042
-23.0743
-25.3934
-25.5885
-20.4911
-16.0079
-14.8795
-16.6537
-18.8522
-19.3745
-19.7882
-21.4774
26.427
50.4913
65.7851
75.7081
81.0051
82.3836
80.0703
73.9817
64.1754
53.4172
55.2962
67.9073
77.2171
82.2267
83.071
79.9206
73.4962
69.3317
71.8968
74.2634
74.2683
72.6034
69.9372
66.4679
61.8293
55.7241
47.4475
35.6449
18.8098
4.18844
-2.21356
-7.85099
-12.0397
-10.4638
-7.92443
-7.81924
-10.4203
-13.6712
-14.8245
-13.6969
-13.385
-11.7697
-11.0562
-11.7262
-13.8766
-16.5444
-16.9544
-14.9641
-13.8133
-14.3771
-17.0195
-21.5474
-23.1871
-21.1534
-18.8381
-16.9677
-15.8161
-16.1383
-18.563
-22.936
-25.6973
-26.5187
-27.9928
-27.1591
-21.8165
-18.3111
-17.4356
-18.4415
-19.3023
-19.8521
-20.6578
-21.4898
-20.9728
-19.6734
-19.6707
-20.7054
-22.4819
-25.4361
-29.0198
-32.2279
-32.7747
-30.7735
-27.7937
-25.7017
-23.0879
-20.3729
-18.5475
-18.4494
-19.1194
-19.7622
-20.7725
-21.5598
-21.2899
-21.7217
-24.1652
-25.6558
-23.5869
-21.5471
-21.8362
-24.4084
-26.3648
-23.9129
-20.8076
-20.0657
-20.4192
-19.6302
-18.9019
-20.2864
-22.8016
-24.4567
-22.6099
-19.2214
-17.8363
-19.8565
-24.9327
-28.4365
-25.3871
-23.2261
42.2253
53.0951
58.3608
58.7626
54.5882
46.1367
38.109
37.3159
45.5954
56.8779
67.0602
73.4213
75.9345
74.5508
69.4872
63.3019
61.9044
62.5742
60.4626
54.8509
45.8506
33.5783
21.1195
12.0871
9.86786
9.54967
8.60351
3.38733
-2.90927
-1.60602
-6.03049
-6.04431
-3.94784
0.678026
4.21368
4.90322
2.2452
-3.97482
-13.0186
-17.3401
-13.1665
-8.9613
-8.40883
-11.118
-16.5449
-20.919
-19.0635
-15.8477
-15.2328
-15.8824
-17.779
-18.4977
-16.8459
-15.2314
-16.0121
-18.115
-19.9968
-21.8365
-22.6756
-21.1946
-20.09
-21.2038
-24.1752
-26.9902
-27.5848
-26.3274
-23.0259
-21.2126
-20.9315
-22.0137
-21.6198
-20.494
-19.0649
-17.9571
-16.897
-17.067
-18.5649
-21.8607
-25.1965
-26.811
-28.5628
-32.4213
-32.4538
-26.4553
-21.7281
-20.8899
-23.5769
-28.3437
-31.8066
-32.715
-30.6221
-27.2251
-24.1179
-22.8653
-24.2907
-27.6927
-27.251
-23.3863
-20.4358
-20.1765
-21.2589
-21.4213
-20.9442
-21.7274
-23.1979
-22.9474
-22.3442
-21.1849
-19.0399
-17.8379
-17.8169
-17.5777
-18.1677
-20.9411
-25.0579
-26.1923
-24.4251
-22.1399
36.0011
44.3257
47.437
45.9653
41.1773
41.3171
49.2762
56.1094
60.7489
63.3569
63.9073
62.2744
57.9359
51.9279
49.8599
51.4141
50.1252
45.1965
37.3188
32.8953
35.9631
37.7863
37.5989
35.3417
31.1983
25.2186
16.0625
6.70436
-2.38611
-2.94692
-8.39104
-12.2507
-10.5496
-3.50071
1.895
3.19953
0.936231
-3.93072
-7.92337
-10.7159
-11.4775
-14.0334
-17.3293
-20.6025
-21.5136
-17.2917
-13.158
-11.7625
-12.3903
-13.2379
-13.4123
-13.957
-15.9834
-19.5451
-22.0566
-20.0326
-17.7161
-17.8753
-19.972
-21.6371
-22.0989
-22.3822
-22.476
-21.473
-18.3293
-15.5867
-14.565
-13.8757
-13.7252
-15.3443
-17.7778
-17.3209
-16.0213
-16.4537
-17.38
-17.3266
-17.8625
-20.8796
-24.4018
-24.1614
-21.0216
-17.2331
-14.5634
-13.9764
-15.2968
-18.611
-22.1079
-23.3579
-22.7704
-20.9742
-19.1378
-18.896
-20.6938
-23.1205
-24.3689
-25.2765
-25.2162
-23.4474
-22.6275
-21.9484
-19.7913
-18.1516
-18.0168
-18.4921
-18.4781
-17.1775
-15.0438
-13.8419
-14.4238
-16.321
-18.1126
-18.3069
-19.1076
-21.6181
-24.6606
-26.8631
-27.2711
-26.7405
14.5102
23.1756
30.5378
37.8474
43.6557
47.7346
49.5336
49.1755
46.3765
41.1468
34.6395
32.5867
39.6765
44.673
45.668
43.3569
40.012
41.5699
43.8689
44.3813
42.844
40.7551
38.8774
36.6046
32.6266
25.7679
16.7323
3.35644
-2.39606
-6.72845
-12.4066
-16.8858
-13.8875
-8.65999
-5.57207
-6.15803
-9.8999
-13.4798
-14.4033
-14.7215
-15.2198
-17.7511
-18.5712
-19.4835
-17.6497
-15.8875
-16.1546
-18.0084
-20.6069
-21.7989
-20.9782
-18.8307
-17.4244
-18.0222
-19.7733
-20.5827
-20.2063
-21.0614
-24.4793
-29.3143
-32.2981
-31.9603
-28.7065
-24.1977
-21.8209
-20.5098
-18.5089
-16.0968
-14.4863
-14.2463
-14.7919
-15.8618
-17.0889
-18.1512
-18.0498
-17.6257
-18.5571
-19.7794
-20.5257
-22.427
-24.7861
-25.542
-23.709
-23.647
-23.9924
-21.6014
-17.3464
-15.0434
-15.1451
-16.3029
-16.9888
-16.8543
-15.208
-13.555
-14.264
-18.0991
-23.2961
-24.2916
-22.2743
-21.7398
-22.3362
-22.0441
-20.6756
-19.5753
-18.8979
-16.7075
-14.099
-13.158
-14.6928
-18.5813
-22.4803
-24.3349
-24.0099
-22.8771
-22.183
-23.2311
-26.2905
-27.8917
19.4885
32.6362
40.1342
42.9109
41.5055
35.9103
27.3459
18.7782
23.3544
34.0014
42.5452
47.5702
49.3074
47.5963
43.46
42.2203
43.7399
43.0274
38.2172
29.1044
15.6477
5.03055
1.34824
3.50723
-1.14719
-0.727951
1.20874
-7.55704
-12.4176
-10.3623
-14.3891
-13.4798
-9.44534
-4.82448
-2.46279
-3.95484
-8.80772
-15.6538
-20.4907
-23.6553
-25.0949
-27.0527
-28.8416
-25.7418
-21.7058
-19.5203
-18.5509
-17.5937
-16.2362
-16.2087
-18.0557
-19.562
-17.4402
-14.1048
-12.6126
-13.5257
-16.1098
-19.0912
-20.733
-20.3227
-19.3707
-18.8637
-17.8399
-17.4231
-18.4686
-18.641
-16.7116
-15.4119
-14.6758
-13.7209
-14.2689
-16.9493
-18.185
-15.4051
-13.5995
-14.958
-18.7935
-21.9032
-23.458
-24.6083
-24.4478
-23.154
-22.8192
-25.8445
-29.2453
-26.0196
-21.1997
-19.6893
-20.8849
-23.0015
-23.4239
-21.2658
-18.6765
-16.8688
-16.7553
-18.8159
-22.0044
-22.982
-19.2443
-15.7683
-14.7043
-15.4985
-15.6269
-13.4873
-11.1678
-10.4686
-12.1164
-15.8797
-19.7986
-21.274
-21.341
-20.5321
-19.5569
-18.7598
-18.3346
-18.019
-17.6963
-17.6649
29.5155
39.2446
43.2648
42.7519
38.0025
32.1537
34.8655
41.9803
48.263
52.5069
53.9227
52.0998
46.9695
41.0758
40.7917
42.6673
40.5793
36.5913
33.7357
34.3996
34.8563
34.9078
33.5929
30.4556
25.422
19.1959
12.0077
1.43921
-8.772
-13.126
-21.5112
-22.6561
-16.6497
-9.0255
-4.60384
-4.91007
-9.65487
-17.4281
-20.1525
-17.1369
-16.2721
-16.4545
-19.2331
-20.5379
-20.3858
-19.7793
-19.9821
-20.1896
-20.0973
-18.8184
-18.1242
-16.739
-16.3823
-18.8239
-23.1449
-21.6992
-16.3364
-12.8688
-12.7177
-14.8812
-17.2668
-18.3244
-18.8636
-20.0336
-21.4196
-19.5179
-14.7966
-12.7804
-13.8632
-15.7836
-15.6398
-15.2161
-16.2571
-16.7737
-15.4686
-15.1893
-17.1728
-21.8687
-24.1225
-21.4704
-17.8688
-16.1798
-15.8299
-16.3827
-17.5303
-19.7548
-23.4867
-26.8255
-27.822
-25.4198
-22.1254
-21.2976
-23.3517
-27.0203
-28.9003
-26.4079
-23.2915
-21.8423
-21.2212
-21.3247
-21.2454
-20.7731
-19.6144
-19.0594
-19.5952
-20.4619
-21.3153
-21.0475
-17.5009
-13.4412
-12.0993
-13.4979
-16.6061
-19.8251
-22.2501
-22.0075
-20.7174
-20.5239
25.418
33.1288
37.8642
42.3311
46.6921
49.8514
51.1506
50.5005
48.0816
44.0391
38.817
38.823
44.4664
47.8783
47.2912
43.6576
40.2844
40.6359
40.382
37.7006
32.8224
27.3159
22.974
19.5848
16.0513
11.5211
4.85444
-5.35845
-15.4447
-15.3634
-21.6702
-15.7546
-7.73264
-1.92825
0.627767
-0.796316
-6.27363
-15.3557
-22.5531
-23.1657
-20.7879
-20.1915
-19.1926
-18.634
-21.0047
-25.899
-29.7354
-28.7394
-27.4014
-26.7031
-26.9595
-25.8686
-25.5182
-25.9056
-27.8906
-30.3153
-29.3017
-26.3469
-22.4429
-19.5614
-18.8298
-19.915
-21.3687
-20.9849
-17.3403
-13.7076
-12.8769
-15.3398
-19.9698
-21.9794
-19.0953
-16.9147
-17.0085
-17.9309
-17.1355
-16.1833
-17.1573
-20.8649
-25.1207
-24.8233
-22.3391
-20.8512
-20.2506
-20.5191
-20.7828
-22.4217
-25.0772
-23.7768
-20.7302
-20.2094
-22.5514
-25.1153
-25.0825
-24.2243
-24.8996
-27.7108
-31.1659
-32.2683
-27.1677
-22.1137
-19.032
-17.2446
-16.4271
-17.2949
-20.5068
-23.9648
-21.1128
-14.7979
-10.9762
-10.2792
-11.7507
-13.0739
-14.222
-16.3753
-18.8584
-17.939
-15.4335
-14.5602
20.6375
32.8288
42.0124
47.7482
49.5973
47.7773
42.2957
33.6867
29.7091
41.4091
52.263
58.5404
60.528
58.5809
53.8744
50.33
49.2928
46.2561
39.7701
34.3294
36.1886
38.799
38.967
36.594
31.4833
24.0972
14.3888
1.27398
-10.6826
-10.7702
-15.2734
-14.8496
-9.51206
-3.88336
-0.700129
-1.58026
-6.61812
-14.893
-15.9862
-13.5595
-12.8772
-13.2193
-14.4945
-15.5754
-17.2665
-18.2634
-17.6817
-16.8493
-17.7053
-19.6938
-21.7287
-23.0197
-23.3048
-23.8773
-25.3275
-25.833
-24.1662
-21.7141
-19.9456
-18.0488
-17.1195
-17.017
-16.9831
-17.2166
-19.1165
-21.2836
-20.4186
-17.9703
-16.6752
-17.0821
-18.7794
-20.4249
-19.9212
-18.358
-18.061
-20.9613
-26.1968
-27.769
-23.9523
-22.5251
-23.7412
-26.031
-25.6251
-24.1494
-20.665
-16.6101
-14.677
-15.7179
-17.6615
-18.2267
-18.737
-19.9503
-18.5541
-15.9055
-14.7937
-15.7488
-18.7454
-23.9171
-28.0234
-26.9139
-23.1711
-19.5433
-15.9955
-14.6784
-16.0215
-17.9656
-16.5776
-13.6732
-12.454
-13.4062
-16.0769
-19.4752
-22.4769
-24.1546
-21.2716
-16.4068
-13.0147
-11.9264
34.6776
45.0148
49.9932
50.1711
45.7792
37.8738
36.9804
44.1055
50.815
56.0679
59.2101
59.6061
57.2534
54.0207
53.0938
53.1158
50.9446
48.3424
48.7006
50.0923
50.1786
48.8445
46.3604
42.7051
37.5851
30.3059
20.0867
8.01915
-3.31321
-4.12617
-3.95025
-2.74368
-1.38271
1.07508
2.97849
2.76981
0.224398
-3.19109
-4.79195
-4.19043
-2.87702
-2.02188
-1.40831
-1.40523
-1.24926
-0.782861
-0.835854
-1.91211
-3.48599
-5.16552
-7.35576
-8.96284
-9.18511
-8.90804
-7.88938
-6.411
-5.69451
-6.24811
-7.32572
-7.43383
-6.27963
-5.68037
-6.8803
-8.65357
-8.88285
-7.99576
-7.26916
-6.59193
-5.89393
-5.48104
-5.3929
-5.82192
-5.84666
-5.31744
-5.45555
-6.7449
-7.73415
-7.10074
-6.64627
-6.53704
-5.95756
-5.0226
-4.45497
-4.92354
-6.39374
-8.72694
-9.26742
-8.08455
-7.31663
-7.25579
-7.0557
-6.72924
-6.66437
-6.42186
-5.80737
-5.02006
-4.71676
-5.30242
-4.82506
-2.53801
-1.29358
-3.01166
-7.04479
-9.38083
-8.72817
-7.29281
-5.05867
-3.15621
-2.59267
-3.20034
-4.45559
-6.23334
-8.24938
-8.92583
-7.8422
-6.94262
-7.24157
-8.43875
31.1622
39.9487
43.934
45.3488
46.4871
48.6641
50.4279
50.6076
48.8088
45.1197
41.0324
43.1399
48.4255
50.9672
50.4979
49.2961
48.9666
47.9219
43.6256
35.3915
25.6552
19.5391
16.9664
12.8386
9.66593
8.85845
7.91658
2.31693
-1.89165
-0.968342
-0.319832
0.0844577
0.67434
2.07302
3.36196
2.87959
0.524153
-2.26063
-2.95334
-1.54889
0.511878
2.25913
2.69584
1.98409
1.33084
1.19222
0.782528
0.136138
-0.596393
-2.10675
-4.49869
-6.07852
-5.27401
-3.83819
-3.03732
-2.61643
-2.22954
-2.32103
-2.93005
-2.81075
-1.72458
-1.50442
-3.0777
-4.85835
-4.5654
-3.38062
-2.95439
-3.03958
-2.85497
-2.46199
-1.8386
-1.20549
-0.636699
-0.078867
-0.17184
-1.43916
-2.56835
-2.43384
-2.61892
-3.27256
-2.50175
-0.992598
-0.553168
-1.44751
-3.34355
-5.74706
-7.01912
-6.46938
-5.54675
-4.68201
-3.48794
-2.6098
-2.33023
-1.70139
-0.587269
0.207921
0.329288
-0.2298
-1.27139
-2.03188
-2.54892
-3.9962
-5.3137
-4.23372
-2.51361
-1.6315
-0.976679
0.00930084
0.847758
0.90692
-0.296103
-2.57663
-4.54341
-4.65363
-3.54367
-3.16408
-4.12273
-5.12112
27.7817
41.5584
50.6423
55.0359
55.166
51.2125
43.6133
35.7617
38.4601
47.4335
54.1882
57.3619
57.3882
55.8925
55.9443
56.686
55.5427
53.067
52.485
52.9604
51.4139
47.6378
41.8826
35.0783
28.9618
24.0154
17.4817
6.75495
-11.1202
-17.045
-23.4895
-20.6921
-15.6885
-12.5915
-12.4547
-15.9912
-19.4016
-16.6946
-12.207
-10.2066
-11.4203
-14.9627
-18.1769
-17.9626
-15.8768
-14.3695
-14.7848
-16.4874
-17.9637
-19.1523
-19.9063
-19.0896
-17.9379
-18.0364
-19.0863
-19.8672
-19.2772
-18.5023
-18.5729
-19.7205
-21.2567
-23.2126
-25.8417
-27.4119
-27.7319
-26.805
-25.5103
-24.3407
-23.7168
-22.5068
-19.2038
-17.065
-17.4295
-19.3377
-20.6658
-21.2418
-22.7056
-25.2849
-25.3176
-22.7102
-21.65
-22.8305
-24.0297
-24.1362
-23.9823
-24.6038
-24.8809
-24.7417
-24.0517
-22.5354
-21.1648
-20.4702
-18.9735
-17.5131
-17.3103
-15.6279
-12.5404
-11.38
-13.4952
-18.5197
-23.1099
-21.0465
-15.775
-12.5794
-12.4981
-15.0618
-18.5308
-18.8388
-16.9134
-15.1953
-14.8269
-16.1667
-19.5794
-23.9779
-24.7916
-23.6197
-21.8744
-20.7906
39.2016
50.9489
57.1721
58.5966
55.6935
50.9878
53.7863
59.8767
63.1307
63.3506
60.8281
56.3358
53.0731
55.2525
57.7503
58.0327
57.3646
57.1332
55.8924
52.0565
45.2941
35.7535
23.4201
12.2622
12.5262
15.0389
13.3576
7.05135
-3.94376
-12.2157
-15.4668
-13.7089
-10.7118
-5.30763
-1.31953
-1.20034
-5.18269
-12.3845
-17.045
-15.8326
-15.13
-15.6018
-16.7886
-17.2852
-17.1813
-16.8024
-16.594
-15.8988
-12.9404
-10.1795
-10.1796
-12.7407
-16.309
-18.9808
-20.0647
-20.1282
-20.9253
-23.5474
-26.5919
-28.0642
-25.6223
-21.1833
-18.8404
-18.9875
-21.4206
-24.0319
-24.4294
-23.5895
-23.3337
-23.0304
-20.1607
-17.2523
-15.812
-15.4976
-15.994
-17.9701
-22.6291
-27.4317
-26.5787
-22.6486
-20.3533
-20.5407
-22.0712
-23.5806
-24.9643
-25.198
-23.8072
-23.3985
-24.968
-24.9262
-22.3728
-20.6797
-20.9757
-22.7581
-25.2318
-26.401
-23.5554
-18.9011
-16.1422
-16.3967
-19.4901
-22.3675
-20.1923
-16.7372
-15.3312
-15.9683
-17.2301
-16.3682
-14.2341
-12.8887
-12.9381
-14.5688
-17
-17.3465
-16.06
-16.0866
-17.8538
-20.4298
35.9732
46.5598
52.7067
57.3452
62.6039
67.2134
69.4955
68.8678
65.2412
58.6484
50.6309
49.1527
53.397
55.1
54.2733
53.3488
53.1417
51.3667
46.3876
40.154
38.1887
39.4618
41.1635
42.5584
42.3523
39.3847
32.8889
21.6948
4.59388
-13.7161
-15.5753
-13.2671
-1.18663
9.70057
14.9928
15.3125
10.7392
0.580886
-12.5612
-17.6718
-15.1563
-11.9072
-9.4847
-7.97853
-7.88762
-9.7344
-12.8714
-15.3666
-15.5692
-14.9536
-14.0232
-14.3664
-16.9788
-20.734
-23.0864
-21.836
-21.2505
-22.9649
-24.1737
-22.18
-19.0568
-16.7253
-15.806
-16.3298
-18.183
-21.0356
-24.0294
-24.6178
-21.9823
-18.772
-17.6427
-18.6826
-20.4266
-20.9481
-21.175
-22.7866
-25.0199
-25.9584
-22.1812
-17.9835
-15.9831
-16.0027
-16.4617
-17.2245
-18.9884
-21.926
-24.129
-24.2069
-23.5738
-23.4243
-24.0755
-24.9154
-24.9035
-24.1169
-24.3559
-23.4842
-19.0918
-14.7947
-12.7693
-13.1184
-14.9527
-17.3635
-19.2184
-19.1185
-17.5002
-16.8781
-18.0454
-18.8247
-17.6874
-17.1538
-18.9121
-22.015
-24.2926
-22.6562
-18.6514
-16.1412
-16.2903
-19.0812
11.0087
29.7437
42.6166
51.1745
55.6275
56.4923
53.968
48.6772
44.2468
46.4987
50.2085
51.5127
49.7458
45.8159
42.601
41.5615
39.8191
37.5716
37.3154
37.6964
36.6616
35.4379
35.1687
35.3313
33.996
29.9325
22.2114
10.1073
-6.74968
-23.0362
-24.515
-18.6205
-3.89085
6.48352
11.3785
11.5015
7.04617
-2.00245
-12.0525
-17.8092
-18.0248
-16.0484
-13.8734
-11.7608
-12.0864
-15.4749
-20.9132
-21.7017
-18.2977
-15.2781
-15.2567
-16.5406
-17.2366
-17.5438
-20.1542
-23.7211
-24.578
-23.5866
-23.5262
-22.6955
-19.2732
-15.1021
-12.8316
-12.7603
-14.3812
-17.0438
-20.3771
-21.055
-18.0964
-16.6139
-18.2434
-22.2848
-24.9627
-24.5069
-23.7543
-23.1751
-21.891
-20.0158
-17.7189
-17.0669
-19.1983
-24.1089
-28.6786
-29.1711
-26.7761
-23.0914
-19.8476
-17.443
-15.484
-14.0243
-14.0057
-15.4569
-16.9029
-17.3405
-18.2945
-20.3752
-21.812
-21.2226
-19.4089
-16.6656
-14.3845
-13.8591
-14.7396
-15.2628
-14.7165
-14.5021
-15.7798
-18.3861
-19.9067
-19.3672
-18.4664
-18.2159
-18.8058
-19.7898
-18.7797
-16.911
-15.9102
-16.1437
15.7608
25.278
29.4285
29.8985
29.6531
33.9727
40.1006
44.2311
45.8744
45.6183
43.5397
40.7242
39.4501
39.1548
37.1899
34.139
30.6839
28.5805
27.6413
29.6025
30.7432
30.8402
29.1909
25.8112
20.7834
14.4189
5.53922
-4.93995
-16.9348
-20.2481
-22.5919
-20.7581
-11.1525
-3.75148
-0.671578
-2.26955
-8.58987
-18.6442
-23.1167
-20.1693
-15.5034
-13.1338
-12.7542
-14.4542
-17.3757
-18.9199
-18.5383
-17.5872
-17.1129
-17.7928
-18.7465
-18.8612
-18.717
-19.2222
-19.8669
-16.0663
-11.7196
-10.6562
-13.4412
-19.5734
-23.8955
-22.4454
-20.0332
-16.7741
-14.2647
-14.5217
-17.7383
-22.7093
-25.3192
-25.1787
-23.8654
-22.2579
-21.4054
-22.2579
-23.4429
-22.5651
-18.9763
-16.7855
-16.9208
-19.5007
-23.5673
-27.6687
-29.07
-27.3068
-24.1198
-20.8054
-17.2401
-15.0073
-15.0565
-16.8647
-18.6009
-19.6574
-20.8513
-20.9881
-20.3716
-21.1042
-22.5785
-23.2742
-23.31
-21.5077
-17.0814
-14.3443
-14.9487
-18.1513
-21.3153
-22.065
-21.824
-21.8755
-22.1946
-21.9247
-21.063
-18.9035
-16.9797
-16.6555
-17.9818
-19.6714
-20.8433
-22.8527
13.2885
22.8909
30.7799
37.6063
41.7347
42.6527
40.589
36.1351
32.7188
37.4285
43.5526
46.7804
46.6732
44.3613
41.9876
40.4653
39.013
38.4499
38.1265
36.3784
32.5751
27.5811
22.1775
17.7524
14.1918
10.3204
4.07306
-3.80827
-8.35165
-8.59979
-9.63714
-10.9042
-5.64863
2.3686
6.30152
5.61296
0.309938
-9.22154
-16.5686
-15.3403
-12.5141
-10.5636
-10.6648
-12.7445
-16.1933
-17.4619
-15.8273
-14.2515
-14.4797
-15.49
-16.0656
-15.9336
-15.4517
-15.5142
-17.1207
-18.6965
-17.3459
-15.4638
-15.4972
-17.5376
-20.4646
-22.7353
-22.733
-21.0821
-20.5663
-21.1336
-21.2482
-21.4431
-23.3989
-25.1435
-22.4233
-17.2275
-14.1768
-14.2831
-17.3426
-21.3083
-21.5202
-18.4146
-16.3527
-15.948
-17.3652
-20.634
-23.3289
-23.0545
-22.7835
-23.8713
-25.115
-23.9097
-20.7013
-19.0236
-20.0721
-22.5285
-22.2774
-19.0744
-16.7013
-16.0002
-16.5409
-17.6999
-19.0074
-19.6253
-18.8992
-18.596
-20.3992
-24.7218
-29.6138
-31.4396
-29.0385
-24.4711
-20.9913
-19.8794
-20.6329
-18.6171
-13.5663
-10.3387
-10.2277
-12.4171
-14.6891
-16.2151
10.4175
24.3389
32.5062
36.1874
35.8741
33.1684
33.0264
37.505
42.1659
46.3701
48.3805
47.779
45.6502
44.5066
43.9845
42.9322
41.0811
38.8439
35.516
33.4317
33.8768
34.245
32.6914
29.2855
24.5559
18.2857
9.82005
-2.1173
-9.84851
-10.1407
-10.6776
-10.4048
-2.03011
6.80841
10.964
10.3003
4.7415
-5.7124
-13.8666
-15.9248
-17.5627
-20.3881
-22.2464
-22.0118
-22.2252
-23.0688
-22.9015
-20.1985
-16.2276
-13.3514
-12.747
-14.3803
-16.9935
-18.2572
-18.592
-19.2208
-18.2787
-16.0645
-14.2541
-13.2627
-13.3555
-15.1322
-18.5381
-21.5576
-21.9585
-19.3851
-15.9227
-14.6314
-16.2357
-19.8926
-21.1604
-18.9497
-17.5636
-18.2587
-19.651
-18.9357
-16.8377
-15.2501
-15.0985
-16.4173
-18.8591
-21.732
-22.8327
-22.4659
-22.4364
-23.7571
-24.7473
-23.4784
-19.632
-16.7834
-16.9764
-20.3927
-25.7188
-28.4091
-26.2284
-22.092
-19.6393
-19.7131
-20.7324
-19.9135
-18.0644
-17.426
-18.2808
-20.1224
-21.3949
-21.1033
-21.1766
-22.8322
-23.8581
-23.3108
-24.0638
-25.2596
-23.3878
-20.966
-20.2329
-21.3877
-22.9353
-23.0781
20.1492
28.6419
33.1159
35.7267
38.5702
41.5021
42.9018
41.9103
38.4685
33.855
34.0397
39.1385
42.3752
42.3392
40.1714
37.7787
35.2844
33.5461
33.1781
32.9205
31.1031
28.1476
24.6887
21.1648
17.1787
11.5884
2.65973
-9.85462
-19.0626
-20.2342
-20.7434
-16.9621
-6.80592
2.24563
6.40305
5.83664
0.584214
-8.89441
-15.1633
-16.3879
-15.0802
-15.3875
-16.1776
-17.0623
-16.7979
-16.4482
-17.28
-19.6947
-23.2356
-25.8367
-25.0033
-21.516
-18.4406
-17.0631
-17.0089
-18.0062
-18.9763
-20.0269
-21.099
-21.8067
-22.5618
-24.7544
-28.0882
-26.8507
-22.8359
-20.8757
-21.0323
-22.2912
-24.2515
-26.5863
-27.7558
-26.1662
-23.8266
-22.4087
-21.9481
-22.3268
-23.0437
-22.4073
-21.0094
-19.6477
-19.0239
-19.5842
-20.8848
-23.5033
-27.398
-31.5788
-32.3592
-31.7593
-30.4823
-27.6378
-24.0724
-21.8393
-21.8794
-23.1851
-21.7543
-17.2187
-13.7022
-12.6511
-13.6496
-15.7085
-16.6392
-15.3752
-14.8708
-16.6049
-19.5275
-20.3988
-19.9032
-20.0099
-20.1762
-19.9821
-20.6217
-22.7643
-25.3803
-25.0429
-22.1779
-19.7662
-18.6639
-19.3848
10.0627
20.5627
28.3456
33.0512
34.1931
31.9774
28.2333
27.9275
30.6723
33.7425
34.7731
34.1962
32.2277
30.5678
29.3732
28.8649
26.54
24.4441
22.7027
23.2425
23.7076
23.3662
20.6925
15.5357
8.26831
2.5383
-3.72655
-13.3852
-21.7552
-22.4145
-24.976
-20.4363
-10.0281
-2.12084
1.33735
0.24571
-5.34274
-14.5435
-21.2709
-22.9826
-22.4827
-18.3329
-15.088
-13.4957
-13.6992
-14.2752
-14.9662
-16.6166
-20.156
-24.3474
-25.1869
-22.6387
-21.7392
-22.8909
-23.9744
-23.7428
-24.6047
-26.4877
-27.6426
-28.2097
-29.0703
-29.5812
-27.2811
-24.0917
-22.8537
-24.0157
-26.002
-27.4119
-26.8307
-26.1254
-23.3675
-20.5864
-19.4401
-19.9885
-20.017
-19.7631
-19.4935
-19.4379
-19.9792
-21.1433
-22.2606
-21.7383
-20.4101
-19.5213
-20.0562
-21.2652
-22.6179
-23.064
-21.9258
-20.8706
-20.5495
-20.8785
-22.3073
-24.6538
-24.9612
-21.6741
-16.6594
-13.4474
-13.2209
-15.8477
-19.1923
-19.4909
-18.0912
-17.329
-16.6923
-15.5956
-15.2541
-15.7495
-15.0137
-13.4263
-13.4416
-15.5645
-18.8705
-21.2881
-21.8922
-21.3359
-20.5658
-20.4673
19.5617
29.271
34.0649
35.1848
34.6339
35.146
36.8809
37.519
35.9588
32.3485
27.3822
25.4335
27.3259
28.4531
27.5486
26.5248
23.894
22.7499
22.0951
21.123
17.6325
13.3478
8.20904
2.14863
-2.34854
-4.71361
-7.74271
-16.4676
-21.0279
-22.4469
-28.7111
-28.2436
-18.4921
-10.7638
-7.14621
-7.86949
-12.4479
-20.1234
-25.6365
-24.0967
-20.0346
-18.5211
-17.9527
-17.9208
-18.3426
-19.0193
-19.2044
-18.5522
-18.5757
-20.1191
-21.3686
-19.8609
-16.4204
-14.0148
-13.3046
-14.3661
-17.1106
-19.6213
-19.8369
-19.608
-20.739
-21.6213
-20.4154
-18.504
-17.4815
-18.0884
-19.8186
-20.5627
-19.48
-18.6614
-18.3058
-17.9624
-17.8719
-18.0411
-17.4184
-16.3284
-15.0186
-15.0576
-17.3924
-21.1346
-22.0954
-19.6793
-18.1956
-19.1394
-21.7133
-22.4973
-19.6098
-16.7036
-15.4107
-15.912
-17.5954
-18.3685
-17.1809
-16.1855
-17.371
-20.2177
-22.1309
-21.7122
-20.6369
-19.4304
-18.1571
-17.6875
-18.0889
-18.7883
-19.5223
-20.2508
-20.8846
-20.9222
-19.9179
-18.6541
-17.9735
-18.0455
-18.0601
-17.6493
-17.5839
-18.2932
-19.1559
-19.3568
26.947
35.1043
39.9744
42.5317
42.6731
40.1465
35.3372
32.9389
36.4281
40.4218
41.8217
42.527
44.6808
46.4278
45.5972
41.8018
35.7693
29.9512
26.5776
27.2828
27.1725
25.2229
21.9573
18.9554
15.9746
11.1151
3.59416
-7.90645
-19.465
-20.7232
-24.859
-25.1632
-20.8494
-15.5558
-11.4357
-10.5116
-12.6689
-16.8755
-18.4226
-16.3186
-15.0934
-17.3097
-21.6051
-24.99
-24.6203
-21.844
-18.9452
-17.612
-17.3407
-16.8548
-16.513
-17.6469
-19.8118
-19.3861
-17.522
-16.7596
-17.0225
-16.4186
-15.6158
-16.9553
-21.0136
-25.4981
-26.1453
-25.0923
-24.7594
-24.7766
-23.9988
-20.407
-15.2499
-11.7563
-11.5554
-15.0497
-21.6143
-26.3153
-24.6562
-22.0597
-20.7146
-21.3487
-22.9879
-22.4935
-18.9036
-16.6291
-17.1505
-20.0175
-23.0718
-24.2447
-21.2543
-17.3464
-15.2251
-15.5965
-18.3646
-22.0091
-21.7953
-18.1572
-16.4459
-17.2157
-19.4336
-21.9869
-25.0065
-28.3453
-29.9809
-30.0862
-29.9856
-29.0451
-26.4363
-22.7871
-19.944
-18.2399
-17.3526
-17.3308
-16.8186
-14.999
-13.0056
-12.3148
-13.0123
-14.1279
-14.727
-15.1115
30.5639
41.3732
46.9041
48.3834
48.0059
49.538
52.339
53.3189
51.6363
49.2587
53.1321
60.2561
64.2561
64.7494
62.6891
59.6843
56.5707
52.1971
45.7858
37.1896
30.3008
28.6485
27.2799
24.093
19.2566
13.3099
5.83036
-4.81056
-15.4077
-17.3248
-21.3532
-20.9302
-11.977
-3.2544
1.1074
0.900997
-3.4492
-10.5797
-15.1715
-17.7165
-20.2166
-22.9444
-25.0787
-25.9491
-27.1402
-29.3649
-31.2716
-31.3284
-28.9412
-22.9689
-19.3398
-18.3211
-19.5952
-22.4463
-26.5355
-30.7827
-31.727
-29.1577
-26.2629
-25.6324
-26.9399
-25.8965
-19.8134
-15.1054
-14.028
-16.5528
-19.9989
-19.3527
-17.3596
-17.4967
-19.5565
-21.7242
-22.8144
-23.9867
-25.5381
-25.0481
-23.2086
-22.0139
-20.0781
-16.832
-14.8826
-15.0816
-16.8699
-19.1302
-21.3531
-23.1828
-23.8336
-23.219
-21.031
-19.7414
-20.2509
-21.9213
-23.1792
-22.9017
-22.0927
-21.8274
-21.6497
-21.3421
-21.6059
-22.7779
-23.415
-22.8519
-22.8239
-24.4361
-27.186
-28.8711
-28.7304
-26.706
-23.5644
-21.0997
-19.1644
-17.1829
-16.1048
-17.0499
-19.3719
-20.7152
-20.4129
-19.9783
40.0334
51.2457
57.6569
60.8371
61.6556
60.5154
57.4416
52.8524
50.891
54.7808
59.8143
62.6741
63.0977
61.8727
60.2593
59.0372
58.0464
57.0158
55.3828
52.5227
47.7156
40.9639
34.4038
29.9059
25.3403
19.4144
11.9499
1.05622
-8.92063
-10.7714
-14.3563
-14.9062
-7.13202
1.70688
6.18274
6.0763
1.43616
-7.65627
-16.3514
-18.6065
-18.0519
-17.1931
-15.8279
-14.8998
-15.1962
-16.3461
-18.0092
-19.4778
-19.5721
-18.0738
-17.7113
-19.918
-24.3096
-25.9206
-23.6032
-22.5734
-23.6421
-24.6362
-23.9798
-22.7728
-21.7532
-20.6655
-19.392
-17.9021
-17.189
-18.1465
-19.2347
-18.7187
-17.6919
-18.3839
-20.4157
-22.443
-23.9687
-24.2291
-22.899
-22.0413
-21.8049
-20.4496
-16.4646
-13.0139
-12.0464
-13.5352
-16.1317
-18.2716
-19.8652
-20.6992
-20.5637
-19.8552
-19.152
-18.7402
-18.7789
-19.6755
-21.0113
-21.3728
-20.4483
-18.8889
-17.4196
-16.4809
-16.2852
-16.8344
-17.6918
-18.6583
-19.3217
-19.8375
-20.8182
-21.8043
-20.9457
-19.0636
-17.1303
-15.1766
-14.3842
-15.5926
-17.8306
-18.8282
-18.7424
-19.0067
-19.6238
-19.4663
28.8635
41.8028
49.9456
53.8544
54.5459
54.4874
56.8248
59.6905
60.5161
58.998
56.752
56.7477
58.1864
58.7518
57.9926
56.7465
55.4419
53.7492
52.4208
51.8487
51.3598
49.2319
44.6528
38.0099
31.5477
26.0784
19.392
8.1863
-5.40342
-8.51422
-10.3048
-9.33342
-4.67277
1.77374
5.29355
4.59619
-0.654907
-10.5565
-19.2049
-19.0027
-18.2824
-19.4733
-20.4115
-20.9852
-22.657
-24.8467
-24.5713
-22.3141
-21.2792
-21.3286
-22.561
-24.1963
-26.0565
-26.9632
-26.9798
-25.5325
-22.6828
-18.994
-16.1503
-15.0542
-15.6184
-17.2232
-19.2976
-22.0996
-25.3973
-27.7333
-26.7171
-24.5752
-23.0516
-21.4637
-19.8358
-19.3844
-20.9632
-24.1499
-26.4305
-25.9756
-24.183
-23.088
-23.0878
-23.64
-22.3578
-19.9504
-18.1839
-18.2776
-20.045
-22.2611
-23.2074
-22.2021
-20.5687
-19.4388
-19.4519
-20.3994
-21.0203
-20.3681
-19.2685
-19.1233
-20.2238
-21.2372
-20.8487
-20.5708
-21.9666
-23.6501
-22.1503
-19.8809
-20.1772
-23.2322
-25.7091
-24.4987
-23.1532
-22.487
-21.1132
-18.8361
-17.4396
-17.9153
-19.584
-20.7911
-20.0144
-16.6713
32.3916
43.9089
50.2951
53.8319
56.019
57.1547
56.6806
54.4406
53.0577
56.1967
60.3012
62.0509
61.8367
61.1379
60.4521
59.0184
57.1235
56.0821
55.9518
55.7238
54.1965
50.978
46.0713
40.2007
34.8972
30.4809
24.8272
15.25
1.15107
-6.90902
-13.6922
-15.5312
-11.7629
-4.6617
-0.577972
-0.537911
-4.07499
-9.34917
-11.669
-11.8199
-12.1465
-13.8825
-15.7694
-16.2752
-16.6758
-18.108
-21.5477
-25.5904
-25.6087
-21.4209
-18.1694
-17.214
-18.5114
-19.7727
-19.3478
-17.7363
-16.4231
-15.5748
-15.5931
-17.0819
-19.5758
-20.4782
-18.9438
-17.7868
-18.4633
-20.8355
-24.547
-29.0071
-30.2713
-27.964
-26.3154
-26.9649
-27.3202
-25.5116
-23.5352
-21.5719
-19.1329
-17.3087
-17.0863
-17.8374
-18.3533
-18.0481
-16.6676
-15.1981
-15.1552
-17.0819
-19.8719
-21.1454
-20.6795
-20.2251
-20.7505
-20.1044
-16.4403
-12.5998
-11.048
-12.3138
-15.7722
-19.3126
-21.4025
-22.9481
-23.4453
-22.4565
-21.8288
-22.8617
-25.7213
-28.0612
-26.9204
-23.4746
-20.0043
-17.8804
-17.0282
-16.1367
-14.9216
-15.0422
-16.9803
-18.9596
-18.5987
-17.1774
20.4974
32.0834
39.4463
42.878
43.4356
43.486
45.7021
49.0387
51.2561
52.3187
53.1771
55.0703
56.9023
57.2291
55.9438
54.0505
52.1743
49.903
48.0962
47.8602
49.1666
50.375
50.4336
49.0208
46.123
41.6567
34.8812
24.3596
8.6518
-8.46342
-21.1707
-20.9259
-6.74556
3.7799
8.64087
8.62276
3.99814
-4.65162
-10.9741
-11.4739
-10.5175
-11.6594
-14.4264
-16.4408
-14.9137
-13.1649
-13.7257
-16.6032
-20.1063
-21.7983
-21.0794
-19.5737
-18.6246
-18.0488
-17.2844
-16.281
-15.9399
-15.9365
-15.2262
-14.6214
-15.0613
-14.667
-12.5003
-11.3159
-12.8256
-16.5396
-20.3082
-22.2447
-21.5704
-18.237
-15.75
-15.5337
-16.3418
-16.9355
-17.5868
-18.7988
-19.897
-21.7281
-24.2245
-25.3862
-24.383
-23.5615
-23.2684
-23.2813
-23.0155
-21.8094
-19.9527
-18.6539
-18.005
-16.8354
-14.9358
-13.4852
-12.504
-12.4575
-14.3636
-18.518
-21.4039
-20.088
-18.8928
-19.3391
-19.0488
-16.4565
-14.7261
-15.7745
-19.0337
-20.6904
-18.7916
-16.3792
-14.2945
-13.2309
-13.9742
-15.7586
-16.4916
-16.9919
-19.0678
-21.9918
-22.6491
-21.5592
12.5397
24.8389
31.865
35.8258
38.6267
40.7162
40.9199
38.2957
33.7372
33.0131
37.3309
40.996
42.7364
42.9055
41.8981
40.4763
38.9125
38.8014
38.7465
38.0014
36.6779
35.0985
32.7418
29.4254
25.737
21.9612
15.9666
6.32897
-4.8647
-12.3172
-15.264
-16.9327
-12.0054
-3.926
0.531483
0.455276
-4.08445
-12.4765
-19.1447
-20.0122
-19.0724
-19.6631
-21.9447
-23.9688
-22.5969
-19.861
-18.927
-19.6401
-20.4348
-20.694
-21.8035
-22.6075
-20.8933
-18.9407
-18.8488
-19.2064
-18.2848
-17.1029
-16.701
-17.1389
-18.0369
-18.0871
-16.8294
-15.8762
-16.0973
-16.9437
-18.2712
-19.8815
-20.8164
-20.1748
-19.5418
-19.4169
-18.9539
-17.7382
-16.7998
-17.5391
-19.2827
-20.269
-20.3304
-20.7194
-20.9298
-20.0178
-17.4001
-15.5817
-15.9461
-18.8322
-21.9698
-22.3355
-21.3573
-21.1867
-21.5204
-20.5292
-17.4449
-15.0366
-14.7033
-15.8977
-17.5259
-19.1326
-19.8175
-18.0801
-15.7554
-15.0819
-16.4624
-19.184
-20.602
-19.5618
-18.5169
-18.5576
-19.1937
-20.5241
-22.5089
-21.9772
-19.1646
-18.1798
-20.0922
-24.143
-27.6862
-27.9772
0.251514
6.46297
13.0942
18.0656
19.6851
20.1006
22.9524
26.0254
26.6473
25.1416
24.0726
27.5942
31.2882
33.1976
33.3675
33.8447
33.5653
34.3459
35.7688
36.6685
36.0365
34.234
31.7032
28.9088
25.9917
22.34
16.4846
6.76139
-5.48624
-12.5345
-14.31
-14.6286
-9.63972
-2.38087
1.93862
2.16563
-1.68595
-9.02247
-15.3211
-17.4355
-17.6728
-18.5894
-20.2348
-21.4098
-21.2344
-20.2118
-19.7976
-20.12
-20.2518
-19.5742
-19.0547
-19.2936
-19.7029
-18.8162
-17.1681
-15.5004
-14.3533
-14.1958
-15.0869
-16.5552
-17.206
-17.0966
-17.0947
-16.7929
-15.5669
-15.1185
-16.3604
-17.9603
-18.5354
-19.3299
-20.2756
-19.5572
-17.4476
-15.9398
-15.6711
-16.6329
-18.3997
-20.0946
-21.7793
-22.3319
-20.9328
-19.0687
-17.4433
-16.4466
-16.2535
-17.1003
-18.6778
-20.1447
-21.2434
-22.2945
-23.6924
-24.6618
-23.7146
-21.5206
-19.1448
-17.4463
-17.0528
-17.7623
-18.6626
-18.2013
-15.521
-12.5326
-11.3647
-12.4185
-14.5792
-15.2674
-14.4185
-14.4647
-16.6596
-20.3076
-22.8268
-22.6927
-19.7886
-16.829
-15.3815
-15.6815
-17.2485
-19.2772
-3.77136
0.297108
3.35452
7.31124
8.93144
10.4458
9.97309
8.07599
7.60086
12.4073
14.1522
15.8555
18.2432
21.847
23.7011
25.7143
24.3227
23.1909
23.02
25.2516
28.8686
31.5886
32.3243
31.3603
29.1796
25.7273
19.5464
9.23119
-6.29987
-15.8444
-18.9933
-15.2164
-2.80289
8.42813
13.9195
14.3542
9.89208
0.0793335
-10.9963
-14.9422
-15.825
-17.4791
-18.6972
-19.5822
-20.5254
-20.3162
-19.918
-20.8322
-22.3765
-23.0153
-22.804
-21.0117
-18.3525
-16.5061
-16.2287
-16.4285
-16.4942
-17.5725
-20.4146
-22.2139
-20.7149
-19.4562
-19.9162
-19.5924
-17.374
-15.7903
-15.1494
-15.067
-15.7081
-17.8859
-20.5652
-21.4869
-21.4369
-22.4746
-24.0329
-23.9328
-22.1522
-20.5383
-20.5535
-21.1697
-19.444
-16.873
-15.5631
-15.3043
-15.1653
-15.5159
-16.2648
-16.2536
-15.6404
-15.8456
-16.8598
-17.6404
-17.3854
-16.8503
-16.6188
-16.5008
-15.9745
-15.229
-15.4469
-17.2651
-18.9373
-17.9919
-16.4136
-16.9089
-19.6842
-21.566
-19.0212
-16.3507
-16.1634
-17.5729
-19.1393
-20.6459
-22.8552
-23.417
-21.1539
-18.7025
-17.4323
-18.2088
-5.66097
-8.09137
-11.2797
-7.33659
-6.30828
-4.33125
-2.71132
-5.51575
-8.8969
-1.48814
-3.72459
-1.92035
-0.283213
4.52497
0.157384
10.5131
3.27457
2.82551
4.72329
6.91027
4.74412
3.04438
2.08832
1.04423
-2.84327
-4.7258
-10.4069
-17.1461
-18.9762
-15.8934
-15.0544
-12.0762
-6.02307
1.50718
5.78417
5.63675
0.922345
-8.20338
-15.8192
-15.7242
-14.9941
-16.3548
-17.7772
-18.045
-17.9224
-18.002
-17.9304
-18.0804
-18.7305
-18.6564
-18.3739
-19.1412
-19.7703
-18.1289
-16.4122
-16.3166
-17.4247
-18.4181
-18.6228
-19.0658
-20.0924
-20.905
-20.5558
-19.9275
-20.4354
-21.802
-20.5257
-16.8534
-14.8409
-15.7368
-18.4816
-19.7948
-18.8059
-17.9859
-18.4444
-20.6167
-22.8513
-23.1995
-21.1807
-18.8083
-17.3835
-16.6118
-16.1249
-16.3337
-17.1241
-17.3193
-16.3097
-15.7435
-16.0467
-16.4776
-17.2234
-19.2009
-21.8759
-23.4976
-24.2522
-24.8382
-23.8378
-21.9806
-21.3063
-22.1153
-21.4886
-18.2287
-15.7523
-14.986
-14.8789
-14.8627
-15.7458
-17.5454
-18.79
-19.0916
-19.2937
-20.0201
-21.0549
-21.5412
-20.9599
-18.6807
-16.0131
-15.1634
-3.4535
-2.94941
-3.19378
-1.56142
-0.994301
1.92948
4.73906
4.81482
2.53638
4.0921
2.71586
4.3351
5.06741
7.1131
3.35095
10.3278
2.97814
-5.06798
-10.211
-3.35833
-8.51634
-12.0967
-13.7843
-12.2353
-17.0351
-13.0934
-19.0382
-23.7976
-22.0286
-16.9446
-17.0171
-16.0878
-13.0254
-7.58839
-3.88863
-4.07282
-8.5492
-16.826
-20.5451
-18.0382
-16.5778
-17.8583
-19.3506
-19.2415
-19.2716
-19.9649
-20.4476
-19.8804
-17.6817
-14.6606
-12.7512
-12.8681
-14.4186
-16.4299
-17.9524
-18.5948
-18.935
-19.6202
-20.3414
-20.1909
-18.6914
-16.3974
-14.646
-14.5644
-16.3012
-18.9852
-21.3719
-21.9356
-20.8163
-19.4218
-18.8275
-18.3016
-16.6246
-15.2857
-15.4498
-16.9294
-19.1472
-22.5395
-24.271
-22.4523
-20.578
-19.5963
-18.0667
-16.2178
-14.9493
-14.8757
-15.6568
-15.9358
-15.7494
-17.0538
-20.2334
-23.2203
-24.6461
-25.8106
-26.7729
-26.3477
-23.9758
-21.3815
-20.0407
-20.0126
-19.9539
-19.4577
-19.7006
-20.4533
-19.6499
-17.7766
-16.8489
-17.3243
-17.4383
-16.2905
-15.7119
-16.7377
-17.9572
-17.9471
-18.3444
-20.3905
-22.1734
-21.6966
-1.39388
3.79935
8.7337
11.5979
13.1385
14.2915
14.1923
11.9928
9.12329
9.84263
9.52552
11.0437
11.674
12.7467
10.7847
13.5787
8.88349
5.49689
4.33507
5.10735
0.261101
-5.32377
-9.2808
-9.10099
-12.6093
-10.6941
-15.2733
-19.632
-19.137
-15.948
-16.3718
-17.4298
-12.9617
-1.99249
5.55289
8.07362
5.94489
-1.0866
-11.8725
-16.8748
-15.1027
-14.4886
-14.5293
-14.75
-15.9576
-18.3922
-20.9857
-21.9254
-19.5851
-16.6907
-15.3491
-15.977
-17.7901
-19.6624
-21.1562
-21.6666
-21.2529
-20.8182
-20.3644
-19.2047
-18.2666
-18.271
-19.0577
-20.281
-21.5199
-20.9514
-19.1718
-17.9626
-18.0864
-19.0607
-20.247
-20.7169
-19.3776
-16.6401
-14.527
-14.7388
-17.4666
-21.3035
-21.8978
-19.3456
-17.74
-17.6939
-17.5254
-17.0745
-17.0826
-17.9534
-19.4203
-20.6926
-20.9135
-20.7199
-21.1168
-22.6225
-25.2126
-27.0136
-26.1293
-23.2986
-20.2479
-17.6637
-16.0365
-15.788
-16.281
-16.4676
-15.7023
-14.3319
-13.1524
-12.8897
-13.8315
-15.6832
-17.5304
-18.3091
-18.9217
-20.5143
-23.4617
-25.3312
-23.2719
-19.7231
-17.3764
-16.8302
-4.2741
0.520853
6.23382
9.77756
10.5125
9.92368
9.84303
9.8669
9.40869
10.2103
9.02647
9.76981
11.2161
12.9507
11.4194
14.1897
9.69737
6.40996
5.38895
6.24387
2.74426
0.0712653
-1.99204
-3.8588
-8.26428
-8.70255
-10.8388
-14.2945
-16.498
-16.6553
-19.0343
-19.0009
-15.2278
-8.20505
-2.83236
-1.19525
-3.26257
-8.51486
-14.0513
-15.8951
-16.2732
-15.7109
-15.69
-16.7116
-18.2751
-20.1497
-21.5275
-21.1232
-19.303
-17.6714
-17.377
-19.0011
-21.5531
-21.6291
-17.9435
-14.419
-13.0656
-13.8891
-16.1643
-18.0156
-18.2165
-16.858
-14.758
-13.5842
-14.4639
-16.025
-15.8014
-14.7082
-14.4205
-15.4819
-17.577
-19.1391
-17.8723
-15.3988
-13.5237
-13.4573
-15.1009
-18.0422
-20.4818
-20.9699
-20.442
-19.9894
-19.4858
-19.0445
-18.638
-17.7574
-17.0273
-16.8853
-17.2181
-18.044
-19.5432
-21.6551
-24.0176
-24.6033
-21.7868
-19.014
-17.9665
-17.1814
-16.0181
-15.9863
-17.8963
-19.6921
-18.0142
-15.2501
-13.9104
-13.9558
-14.5266
-15.3464
-16.9809
-19.0942
-20.2044
-20.0085
-20.5605
-22.4739
-22.4908
-18.9553
-16.096
-16.033
-4.54949
-1.62454
6.92556
13.968
17.4802
17.8761
17.0589
17.4076
18.4365
19.1234
18.4132
18.5474
19.1175
19.9726
19.2583
20.4035
18.116
16.8522
16.4942
16.7929
15.98
14.8381
12.951
9.74351
3.89001
-3.44913
-13.4707
-19.9454
-19.2154
-17.1006
-18.5186
-17.844
-13.1308
-6.30478
-1.20575
0.184619
-2.38371
-8.51039
-13.9782
-13.5013
-12.7295
-13.1379
-15.0844
-17.3921
-19.5254
-19.0134
-17.4379
-17.2537
-18.507
-19.0221
-19.3994
-19.5624
-19.4382
-19.3276
-19.4117
-19.215
-18.7173
-18.911
-20.4869
-23.1635
-25.0734
-23.9176
-21.1978
-18.9173
-17.54
-16.8536
-16.6362
-17.0163
-17.6553
-18.1935
-19.0375
-20.3865
-20.7731
-19.6409
-18.6227
-18.5372
-18.0471
-16.8264
-16.0306
-16.955
-19.2085
-20.8676
-19.5597
-16.4927
-14.0689
-13.662
-14.8675
-16.565
-18.145
-19.4638
-19.5134
-19.4556
-20.594
-21.2498
-19.5203
-18.019
-18.779
-21.1475
-22.2676
-21.0724
-19.5747
-18.0261
-16.0722
-14.7338
-15.1522
-17.2807
-19.3292
-19.6078
-19.2208
-18.9934
-17.8459
-16.4165
-16.3637
-17.7063
-18.1541
-16.6928
-15.6114
-16.425
-1.17054
1.7128
6.87619
11.583
14.6121
16.8028
18.0238
17.6062
16.3807
17.2913
19.4201
21.5336
22.2214
22.2802
21.1692
21.3403
18.9138
17.1362
16.1787
15.58
14.0595
13.0164
11.3586
8.11799
2.22724
-4.02866
-10.7509
-16.3239
-17.9742
-17.69
-20.6076
-22.111
-17.0582
-7.54408
-1.19528
0.54028
-2.08477
-9.19146
-18.6527
-22.6959
-22.79
-23.8021
-25.1968
-25.7815
-26.1183
-25.9665
-24.9527
-22.5554
-20.3365
-18.9748
-18.522
-18.3696
-17.6757
-16.5476
-15.9501
-16.4923
-18.7562
-22.8301
-26.9344
-27.1278
-24.9435
-22.6509
-20.5551
-18.5693
-17.363
-17.2674
-17.4712
-16.8551
-15.6064
-15.1464
-15.968
-17.6373
-19.4164
-21.1216
-22.0737
-22.1304
-21.2606
-19.6404
-18.775
-19.6136
-21.4342
-22.7784
-23.0836
-21.4357
-18.0912
-15.0309
-13.6693
-14.3715
-16.089
-16.5053
-15.0697
-14.2125
-14.8148
-15.7744
-15.8992
-16.2265
-17.6131
-18.901
-18.8218
-18.5538
-18.8444
-19.4416
-19.3795
-18.597
-17.9514
-18.0551
-18.5881
-19.0002
-19.2831
-20.2325
-21.6914
-22.5024
-22.2188
-21.0669
-18.4165
-16.0771
-15.7855
-17.9776
-0.933322
0.363602
4.41132
8.40805
10.9492
12.6195
14.2773
14.9438
14.5255
14.3761
14.9601
17.7896
20.0766
21.2956
20.3584
20.425
17.5088
14.9498
13.2001
12.5869
11.5902
11.8266
10.9898
8.28077
2.93955
-2.78469
-8.96528
-14.4688
-16.2838
-16.3081
-17.2671
-16.1028
-14.0119
-9.98934
-5.50286
-3.82222
-5.74248
-11.165
-17.2568
-19.1432
-18.281
-17.809
-17.3544
-17.4377
-18.8094
-20.5628
-21.7908
-22.2166
-21.8501
-20.4438
-19.7739
-20.3556
-21.0306
-20.3571
-18.9995
-18.6895
-20.0697
-22.035
-22.7028
-22.5872
-22.5078
-21.2064
-18.8507
-16.6702
-15.4745
-15.6642
-16.9342
-17.9336
-17.3915
-16.763
-17.2993
-18.8486
-20.2434
-20.1597
-18.4862
-16.819
-16.7644
-17.6015
-17.9897
-18.2522
-19.5337
-20.6887
-20.8227
-20.4085
-19.0973
-16.5991
-14.6654
-14.4316
-15.4264
-16.5483
-17.3892
-18.4639
-19.7115
-20.0815
-19.504
-18.7546
-18.564
-18.8227
-19.2157
-19.6278
-19.845
-19.9324
-19.7708
-19.5015
-19.6702
-20.2872
-20.76
-20.1399
-19.3619
-19.7946
-21.2912
-21.4283
-19.8214
-18.5311
-17.504
-16.3421
-15.8133
-16.2987
-2.0026
-1.43466
4.54211
11.1329
15.2208
16.9334
17.5983
18.1027
18.944
19.3176
17.8569
17.4998
18.4644
19.7061
19.0058
19.7297
17.8882
16.5224
15.0801
13.6494
10.9292
9.16025
7.73835
5.5665
0.908043
-4.036
-10.4182
-16.1982
-18.0072
-17.9313
-19.6223
-18.2813
-14.9808
-10.9823
-7.47386
-6.56675
-8.59763
-12.6962
-15.7788
-17.1033
-18.0064
-17.4985
-15.0235
-14.0021
-15.5491
-18.3858
-19.6803
-19.4487
-18.0207
-15.8001
-14.9511
-16.3101
-18.1967
-17.258
-15.2034
-14.417
-15.0927
-16.1031
-17.2341
-18.4114
-17.2964
-14.2141
-12.6414
-13.0504
-14.1243
-15.1506
-17.0318
-19.6206
-20.2702
-19.3274
-18.5816
-18.3547
-19.0841
-21.241
-22.8856
-21.7285
-19.1425
-17.2771
-16.8833
-17.5713
-18.1539
-18.5785
-19.4276
-19.628
-18.1857
-16.8168
-16.364
-16.7853
-16.621
-15.618
-14.9449
-14.8142
-14.3081
-13.6699
-13.9389
-15.0608
-16.1787
-16.8519
-17.6456
-18.0443
-17.2926
-16.0193
-15.5969
-16.4382
-18.0376
-19.0842
-18.4771
-17.6079
-18.0359
-19.2117
-19.5368
-19.1666
-19.8133
-20.9769
-21.509
-21.8086
-22.2396
-20.8632
1.56057
8.41766
15.3758
19.9348
22.1595
22.7871
22.6177
21.8798
20.6192
19.0019
16.2301
14.2319
13.0454
13.4004
11.8564
13.64
9.88512
7.41115
6.75328
7.62555
5.33415
4.32718
3.13417
0.672774
-4.53219
-6.83364
-10.5773
-14.6672
-16.7136
-17.251
-19.3708
-19.5035
-13.832
-5.81058
-1.03154
-0.485013
-3.98628
-11.0232
-17.5377
-19.5085
-19.0895
-17.9163
-16.0105
-14.756
-15.4708
-17.1365
-17.7355
-17.5169
-18.1377
-19.1812
-19.6335
-19.8296
-20.7435
-20.9358
-19.5148
-17.4746
-15.9236
-15.309
-15.9532
-17.2632
-17.3547
-15.9681
-15.0281
-15.1248
-15.3641
-15.5626
-16.6759
-18.4489
-19.1909
-18.7118
-18.7449
-19.5216
-19.8354
-19.8673
-19.9796
-19.2707
-17.0994
-14.781
-13.5216
-13.7587
-15.5504
-18.2727
-19.9706
-19.012
-16.9435
-15.8521
-15.6099
-15.7854
-16.1072
-16.5955
-17.0273
-17.1181
-16.6145
-15.7224
-14.7275
-14.1838
-14.8808
-17.0112
-19.5089
-21.2501
-21.8094
-20.7847
-18.5365
-16.0721
-14.5009
-14.161
-14.7772
-15.72
-17.0398
-18.7545
-19.2856
-17.8832
-16.843
-17.7515
-20.5244
-23.8688
-25.6248
-24.9376
5.63477
15.9077
23.09
27.093
29.1518
30.5865
31.1763
30.062
26.7799
21.8977
16.2977
12.9429
11.9144
12.9224
11.5799
13.7132
9.93998
6.70293
4.95483
5.75942
4.0679
3.5041
1.64682
-1.47202
-7.20809
-10.0432
-14.798
-21.3491
-20.7083
-18.174
-18.4098
-16.3502
-11.3749
-5.80814
-2.37762
-2.50892
-6.31154
-13.0749
-18.8461
-20.0786
-20.0534
-20.0174
-18.4543
-16.8323
-16.4976
-16.8873
-17.0759
-17.2341
-18.5109
-20.2471
-22.1559
-23.6506
-24.1651
-22.5741
-19.5789
-17.2981
-16.3833
-16.222
-16.3983
-17.105
-18.3477
-19.4926
-20.061
-20.2215
-19.9997
-19.3921
-18.8057
-18.8724
-19.1072
-18.0897
-16.0544
-14.7997
-15.0946
-16.5358
-17.6015
-17.085
-15.9306
-15.524
-16.0054
-17.312
-18.9116
-19.903
-19.0447
-17.6193
-17.1092
-17.7083
-18.1623
-17.2783
-16.4934
-16.8209
-17.906
-18.9827
-20.0259
-21.2591
-21.8749
-21.8368
-21.68
-21.6763
-21.4501
-20.5975
-18.8089
-17.1727
-15.6044
-13.9488
-13.2942
-14.2326
-15.905
-17.2639
-18.8043
-20.0331
-19.5401
-18.7213
-19.2452
-20.4505
-20.6891
-19.2216
-17.6897
-17.9255
1.02908
10.7651
20.3938
27.087
30.6083
32.0187
32.1155
31.1843
28.942
25.4286
21.078
18.5649
18.3215
19.3797
18.4424
18.3018
14.6004
12.4062
11.6593
11.785
9.87665
8.63916
6.78824
3.51361
-2.1254
-6.35821
-11.6621
-16.615
-16.8521
-15.0528
-16.1063
-16.3033
-13.875
-10.7951
-9.59409
-10.9712
-13.1915
-13.8205
-13.9325
-15.603
-17.2034
-17.066
-16.8259
-18.0883
-21.7385
-25.6783
-24.539
-20.416
-17.7467
-17.3612
-19.3001
-22.0065
-22.3316
-19.9955
-17.9741
-17.544
-18.4469
-19.3628
-19.3586
-19.1791
-18.9942
-18.0821
-17.8636
-19.7732
-22.7013
-22.4308
-19.6477
-18.2155
-18.8414
-20.0704
-20.198
-19.7846
-19.5352
-18.8122
-16.7809
-14.8724
-14.4527
-15.7945
-18.0617
-20.2586
-22.8006
-24.3249
-22.8053
-20.7053
-19.8069
-20.0798
-20.6915
-20.7915
-20.2535
-19.2134
-17.8093
-16.45
-15.3117
-14.5526
-14.6683
-15.5011
-16.0354
-15.7927
-15.6869
-16.1302
-17.2562
-19.7134
-22.3377
-21.5719
-17.8292
-15.017
-14.3478
-15.645
-17.8786
-19.4792
-20.272
-20.4
-20.2017
-20.0102
-19.7734
-19.529
-20.0625
-22.0215
-3.99758
1.71942
9.75746
16.6415
21.9459
25.8847
27.8535
28.0862
27.5717
26.7698
25.0852
23.5213
23.0955
23.6413
22.9587
22.2674
17.9427
14.3251
12.2536
12.8056
12.7517
13.4291
12.8391
10.1047
4.61561
-2.00905
-10.1786
-16.9099
-16.6425
-14.4918
-15.4325
-17.0884
-16.5819
-12.0044
-7.81655
-7.18701
-10.089
-14.9286
-17.1525
-16.4851
-15.8634
-16.4529
-18.086
-19.8786
-20.5007
-19.7752
-18.2044
-17.104
-17.0458
-16.8039
-15.8439
-15.5287
-17.0189
-18.7263
-18.8105
-18.0373
-17.7436
-18.1872
-18.9885
-19.9658
-20.5628
-19.9704
-18.881
-19.329
-21.3423
-22.1028
-19.3711
-17.1381
-17.0561
-18.4634
-19.2132
-18.6502
-17.7673
-16.1289
-14.0008
-12.9141
-13.4535
-15.7054
-18.6839
-20.4061
-19.8877
-19.2444
-19.2597
-19.9026
-20.7153
-21.4509
-21.1554
-20.2
-19.8924
-20.7299
-22.0088
-22.4355
-21.6027
-19.8384
-18.0774
-17.1662
-16.9147
-16.5013
-16.247
-17.0569
-18.9643
-21.5539
-23.7141
-23.3167
-21.2268
-19.9648
-20.0395
-20.4132
-20.1235
-19.5699
-19.2919
-19.843
-21.4688
-22.7229
-22.5349
-22.6121
-23.4245
-23.7451
-4.71956
0.197509
8.04405
14.4193
17.9783
20.0251
21.1238
22.1163
23.0898
23.3674
22.3256
22.1788
23.2683
24.5262
23.909
23.1831
19.6563
16.8208
14.7164
14.3473
13.2707
12.2163
10.3396
7.67292
3.73468
-0.345234
-6.62475
-14.6087
-18.0941
-18.3757
-20.7525
-21.5678
-20.4267
-18.8843
-16.9357
-16.9835
-18.3963
-20.1466
-21.4644
-22.542
-21.4343
-20.1181
-20.8736
-22.5491
-23.5717
-22.8616
-22.2479
-22.7843
-23.5883
-22.3655
-20.8554
-20.6537
-21.4862
-22.6502
-23.697
-24.3065
-23.3953
-20.7124
-18.4009
-18.1682
-19.9488
-22.0535
-22.4802
-22.1656
-22.504
-23.1154
-22.8975
-22.6321
-22.4612
-22.8975
-23.0891
-21.8851
-19.9545
-19.2781
-20.2122
-22.1286
-23.5699
-23.8225
-23.0994
-21.8963
-21.065
-21.0185
-21.1993
-21.6764
-22.8615
-24.3206
-23.326
-21.0273
-19.9905
-20.7597
-22.1742
-22.6288
-21.4231
-19.807
-19.6256
-21.0256
-22.6644
-22.8683
-20.7793
-18.1675
-17.33
-19.0154
-22.5894
-25.428
-24.8495
-21.6036
-18.8892
-18.2677
-19.3022
-20.6504
-21.0622
-19.9274
-18.7895
-19.3778
-21.8125
-24.774
-25.1936
-23.1263
-1.54905
4.99154
12.799
18.2433
21.3164
23.3727
24.51
24.4817
24.1167
24.2768
23.7086
23.1046
23.7392
25.6454
26.2027
25.7568
22.3766
19.108
17.5097
17.4498
16.6779
15.8711
14.1271
11.5361
7.88223
3.61016
-3.39459
-13.6528
-23.0209
-23.1948
-25.503
-27.9271
-27.8643
-26.3589
-21.8315
-19.5792
-19.4532
-21.4716
-24.3477
-26.6043
-26.1832
-26.2055
-26.6299
-28.2868
-29.9583
-30.0609
-28.4473
-26.9951
-26.5263
-25.4826
-25.0071
-25.5927
-27.042
-27.9534
-28.5204
-28.4731
-27.7958
-26.1656
-24.8843
-24.7941
-25.5167
-26.548
-27.7806
-29.0372
-27.9335
-25.6706
-24.1918
-24.0923
-24.5685
-25.3991
-26.0152
-25.6942
-25.4594
-26.5279
-28.3115
-29.5681
-29.1845
-27.7558
-26.6785
-26.8696
-27.3482
-27.3677
-26.0832
-24.8057
-24.4115
-25.5372
-27.2951
-28.6712
-29.1307
-29.2142
-29.5201
-29.6075
-28.8662
-28.3205
-28.3676
-28.1805
-27.7512
-27.4684
-27.3933
-27.8884
-28.5168
-28.8196
-28.9541
-29.2618
-28.2952
-25.4285
-23.1576
-22.8941
-24.2412
-25.7614
-26.3228
-25.3841
-23.7936
-23.0021
-23.7279
-25.7083
-26.7973
-26.4239
-4.49725
0.453575
6.25939
11.0352
13.6785
15.3361
16.241
16.1167
15.8391
15.6625
13.1431
11.5498
12.0971
14.5373
14.1257
15.1581
11.4515
8.32397
8.02235
10.0996
9.85758
10.186
9.23612
6.74377
2.42896
-1.57042
-8.31201
-19.039
-27.7579
-25.2165
-30.4226
-32.9244
-31.1423
-30.5789
-26.9865
-26.3871
-27.1163
-28.8594
-29.3075
-28.6147
-28.2925
-30.9208
-35.5147
-37.593
-37.2349
-36.4911
-36.3149
-35.8066
-35.9272
-35.3226
-36.7353
-38.1189
-36.7861
-34.1093
-32.8535
-33.6256
-35.5864
-36.463
-35.9389
-35.2835
-34.4426
-33.5416
-33.2656
-34.2188
-35.7523
-36.1326
-34.3513
-33.197
-33.735
-35.1016
-36.3722
-36.7514
-36.3583
-35.5016
-33.809
-33.1722
-33.4556
-34.4337
-34.3616
-34.4729
-34.9054
-35.4799
-34.2901
-33.8635
-33.2034
-33.5462
-33.8959
-34.648
-36.0754
-37.2641
-37.2139
-37.4693
-39.2088
-41.5132
-42.756
-42.8903
-41.4822
-38.3915
-35.4369
-34.5761
-34.5891
-34.9577
-35.4255
-36.5074
-37.8486
-38.4472
-37.8782
-36.3882
-35.3814
-35.6769
-37.3479
-38.5101
-37.5624
-35.3203
-33.9758
-34.4344
-34.0821
-32.4904
-7.45949
-8.61157
-7.91117
-2.73644
0.965733
3.95795
5.59688
3.59252
2.60145
4.3872
-0.073236
-1.91048
-4.19652
0.458487
-4.00074
6.02901
-0.647158
-8.6266
-8.72086
-2.12799
-7.60995
-9.44481
-11.3957
-13.0726
-20.613
-17.0043
-20.9589
-35.6367
-35.8762
-28.7746
-36.4185
-43.2369
-40.0085
-41.1201
-35.8781
-37.3207
-38.2169
-40.1936
-40.208
-39.0092
-35.8415
-37.7119
-43.3104
-45.3947
-45.3906
-43.6987
-43.1436
-42.0992
-42.5414
-40.5574
-41.4033
-42.1487
-42.2643
-40.1451
-39.2035
-39.3027
-38.5746
-36.348
-34.5745
-34.7293
-36.4221
-38.5384
-40.0137
-40.3321
-39.1313
-38.0773
-37.8824
-39.1829
-41.3709
-43.2804
-44.7022
-45.0373
-43.0184
-41.0236
-38.4467
-37.8525
-39.3547
-41.5305
-40.6828
-39.3483
-39.2172
-40.2902
-39.0506
-38.9166
-39.5118
-41.9808
-43.3579
-43.6569
-43.5454
-44.0956
-45.2401
-44.9753
-43.9582
-43.1816
-42.9192
-43.6809
-45.0605
-45.1277
-43.9283
-44.3876
-45.5854
-48.1512
-48.5476
-47.2875
-45.875
-44.0567
-43.0324
-43.5572
-44.4194
-43.8796
-43.1626
-42.0684
-41.9753
-43.0586
-42.5174
-42.3282
-41.9549
-42.9569
-8.54326
-14.0801
-31.8208
-19.9172
-15.3862
-10.3521
-5.80271
-15.2347
-25.3062
-6.1757
-20.4608
-17.5385
-33.7226
-6.72203
-35.0075
3.97513
-5.85687
-30.2423
-26.9928
-6.28726
-21.3998
-33.2106
-35.2067
-24.2295
-39.0567
-19.451
-21.7393
-41.9437
-42.3642
-30.8867
-41.328
-56.7467
-46.3837
-58.2806
-45.5901
-56.1622
-56.4797
-58.0471
-49.9599
-44.6998
-39.1751
-41.345
-48.9642
-53.3909
-61.063
-63.545
-59.8139
-53.6929
-57.6683
-49.9577
-50.3748
-50.1129
-53.6429
-54.9064
-55.6061
-58.4687
-60.769
-61.8761
-59.4676
-58.8419
-58.4494
-58.1703
-58.1113
-59.5364
-60.1393
-59.1224
-53.6188
-54.3739
-58.0212
-60.7116
-62.7699
-61.1388
-55.3325
-57.5669
-54.5942
-53.8069
-53.1522
-57.5652
-57.109
-56.2989
-54.1637
-58.0942
-53.9817
-57.2347
-56.485
-62.0565
-62.1811
-61.962
-60.9228
-60.9733
-62.6027
-62.1911
-61.1581
-59.4758
-58.8919
-59.306
-60.3433
-62.8951
-60.8734
-62.7823
-59.3158
-61.1378
-61.7213
-60.5253
-63.7204
-65.8955
-66.0544
-66.5071
-64.417
-58.4859
-58.0272
-54.2094
-54.7253
-58.4164
-56.1849
-61.7846
-61.825
-63.2614
