80
14.3321
18.006
25.4759
26.0889
20.2664
22.9039
29.921
30.4631
25.9607
18.2633
19.556
25.0692
28.5297
30.0601
28.5512
27.1462
28.0476
28.5625
26.552
25.1658
27.8904
31.3884
33.7636
35.4996
37.3243
38.6983
37.7815
32.7874
22.555
13.477
11.363
21.4246
28.6207
30.7368
27.3836
18.5755
2.7205
0.874536
6.0127
10.7873
11.9938
13.4568
21.1288
25.9496
25.2794
20.8176
18.1124
17.337
20.7923
21.8457
19.5289
28.0762
36.1949
46.6977
51.2476
52.7629
48.3681
40.9333
27.9909
22.168
14.7899
21.8751
21.197
26.0441
28.1768
28.598
37.4174
42.4997
43.5893
43.1381
42.7071
42.6867
41.4438
39.1214
40.4198
45.3631
47.8686
48.214
47.3155
48.1766
51.6337
54.424
54.9369
52.8671
47.9865
43.8526
40.6607
36.6813
33.6869
30.8196
26.7084
18.64
11.7649
14.4161
15.437
12.0119
14.2755
22.4345
30.2048
33.4887
34.1751
31.174
26.4295
24.6508
22.228
20.4934
23.9094
26.6423
25.7236
21.3684
18.3283
16.8092
14.8226
17.7978
19.1184
19.4179
23.4093
24.2678
19.3016
24.4205
25.9283
23.8432
23.8765
29.9731
34.3011
35.2869
32.3297
26.4039
22.7246
24.4333
27.4322
30.1301
31.1518
29.5086
25.6705
27.4024
34.6824
38.9617
39.0287
35.3367
30.0406
28.6494
32.3805
35.9825
36.4626
34.437
32.0316
28.4464
22.7053
16.6999
16.5791
19.278
21.9508
20.2665
13.4636
2.09657
-4.94807
3.10209
17.0844
26.5139
31.2984
32.3912
32.2095
32.7713
32.6197
30.2155
25.4245
21.1228
25.238
31.566
36.1841
43.0051
44.98
42.139
37.6883
32.2781
35.2261
38.8772
38.7027
41.2673
39.1687
38.2286
39.9603
46.7217
52.6877
55.7158
55.6342
52.0008
45.381
38.4495
36.9907
37.5423
36.3407
38.6905
43.5139
44.861
43.7446
41.9458
42.3168
42.9209
41.1054
36.0963
35.0018
36.4317
38.8944
38.3989
35.5541
31.9304
27.7974
22.9677
20.1218
19.4267
18.2632
15.6805
13.4239
12.7966
15.448
24.4561
29.5517
31.0695
29.3489
27.0365
28.649
32.5942
35.1812
34.6761
31.2351
27.0855
24.3664
22.5236
21.6542
22.7355
25.4953
30.0848
32.2438
31.3812
26.9559
24.8002
20.1557
18.1063
19.0612
20.2517
24.5745
27.6814
27.2429
24.7218
29.2708
37.1053
41.6773
42.535
39.6955
32.8636
24.3665
23.6398
26.4108
29.2339
32.4208
34.835
35.9562
36.3278
35.4285
32.3319
28.1751
29.7445
34.3561
36.7172
35.4654
31.1877
26.6846
29.0285
33.3672
34.9228
33.1077
29.3857
25.4235
23.6073
27.1413
35.0643
40.3352
42.1309
41.1576
37.7395
32.55
28.1571
28.3768
31.9703
37.4647
41.8433
43.2559
42.874
47.3097
51.6822
54.0958
55.6238
56.5602
56.4163
53.2085
49.4202
53.3753
58.0263
60.4619
60.3986
57.924
52.6266
43.6909
35.5227
26.9021
27.3798
29.5392
30.5395
31.797
33.4441
32.2586
35.3433
37.9492
40.3543
40.8118
42.8709
43.5803
42.0595
37.309
32.6576
32.4219
35.1954
35.231
34.8025
35.9513
35.6597
31.1607
23.8116
16.2762
17.7669
24.7219
30.8393
35.0538
38.5772
41.3033
41.3244
37.6951
29.7544
23.5233
30.0194
34.1991
33.8145
31.3324
32.1749
34.8264
35.6859
35.1022
34.0058
32.3719
30.0538
25.7993
19.687
25.3223
22.0865
14.6315
8.44091
14.3907
18.4939
18.6989
17.1821
18.5392
22.2679
27.8188
33.1021
34.9757
32.6966
26.6367
21.9488
21.1221
20.7753
20.4712
19.3864
16.207
13.3107
13.2563
15.7172
16.5211
14.4194
11.866
18.2736
23.5807
24.3962
23.5155
24.9795
29.4723
32.1256
32.1527
29.8004
26.4582
22.4623
22.9335
24.9775
27.8875
32.0402
35.5141
36.6624
35.5433
33.2828
30.6913
28.7482
27.6929
29.5669
39.6385
50.633
58.0395
62.2339
64.929
65.915
64.3125
60.7104
54.7642
47.372
40.9351
42.1369
44.7374
47.4186
46.0413
41.614
38.0691
33.8255
31.2824
32.5658
35.6487
40.4452
41.9374
41.125
39.9293
41.2262
42.4623
44.0367
47.279
49.7644
53.7544
56.2797
55.9332
51.38
42.7042
32.0501
28.5024
31.5793
34.5197
35.6504
34.0331
29.558
25.443
22.8871
22.2952
23.3546
27.7028
29.985
29.5901
29.6803
31.832
35.3259
35.9555
32.7484
25.751
17.6276
20.1701
25.7683
28.8563
29.5467
28.7689
26.6761
23.6502
20.8728
19.3742
19.7118
22.4005
22.2271
21.2333
18.7775
18.4305
19.0479
22.3251
26.5056
28.1948
26.5199
21.7514
18.8663
22.4285
26.2704
26.606
23.3357
16.2506
8.78758
8.55164
11.1666
14.5554
15.2047
12.2483
8.96153
12.9786
17.1356
18.1495
16.0706
14.9838
18.4295
22.8646
25.1674
25.4204
26.5314
28.673
28.3002
23.8547
14.797
6.83443
12.7138
20.1245
27.114
31.5566
32.5607
29.9802
24.126
15.5009
6.23712
2.80991
6.65455
10.4487
29.39
44.978
58.2241
67.4335
71.1896
70.1717
63.8485
54.8459
43.2644
42.1035
41.1401
38.1908
34.3265
38.6799
52.0395
58.8954
64.9796
67.8323
67.2837
64.2924
59.4254
54.4329
53.2718
53.3559
51.6178
49.0309
49.2342
51.0977
52.0203
52.5861
53.7615
54.0721
52.7569
49.2513
43.352
32.6287
17.1258
9.79141
6.91959
11.9411
14.9553
15.2627
16.7443
20.7193
27.1581
32.1541
33.4872
33.0378
33.913
35.0382
33.592
29.9611
27.0951
26.4807
24.3921
17.287
11.1923
13.2521
16.8928
16.3243
12.271
7.45895
11.8481
14.2701
13.6527
12.2079
12.8452
17.9106
22.7778
26.8919
23.6435
22.2057
23.5795
25.5747
30.2811
33.9826
34.3266
31.3498
26.4942
22.7402
19.1132
14.108
9.76794
10.4626
10.9835
9.07344
6.14928
6.00373
5.18866
5.33332
10.8988
16.3266
17.4095
14.6996
12.8599
17.887
25.3022
29.9652
30.5753
28.5241
29.8561
33.12
33.1917
28.5442
18.7346
10.453
9.64607
15.0712
26.1193
33.5674
36.5497
36.2508
33.6212
29.8322
24.7933
19.7572
15.7012
11.2426
19.9065
34.8571
49.4358
58.4758
65.4816
68.5527
67.1849
61.668
62.3176
70.3929
77.6181
82.6346
85.6197
86.3735
85.4745
84.5439
83.1974
80.506
75.9999
68.603
58.124
44.5199
38.8619
43.1431
43.3362
39.6101
36.3698
33.6796
33.3867
36.8337
43.6843
50.1484
52.7863
51.5535
45.2391
35.7439
30.3199
26.0195
19.5464
13.5832
12.8611
19.6134
27.1368
33.0307
38.2898
42.0308
42.9362
40.7959
37.7501
37.1215
37.3483
37.0813
35.7806
32.9102
28.6996
23.3393
17.7542
12.0492
8.11427
7.4141
4.61734
2.16739
7.39096
16.2315
21.8314
26.0729
30.0354
32.702
32.6591
18.1389
16.9915
20.5768
25.3411
26.9186
25.2322
24.041
25.5226
25.4749
21.398
15.0326
14.4636
16.879
18.6754
19.4171
18.1049
14.6807
9.57614
7.30628
11.2609
14.3682
16.4188
19.3166
20.5117
18.0456
12.8853
11.3356
15.6612
18.5122
19.1976
21.3011
26.0186
29.428
29.0308
24.2379
16.8003
12.8532
14.8657
18.4443
24.007
27.9266
28.9713
29.0746
30.3387
30.1424
26.7273
21.8518
21.0639
21.4933
26.1769
40.0216
59.0036
70.4098
77.5985
79.1249
79.5165
87.4956
96.3128
101.557
103.627
103.174
100.231
94.5112
85.9346
74.4871
66.3571
61.5253
55.1453
51.7039
51.7338
54.369
53.2788
51.4452
53.7317
57.8198
59.1548
59.5147
62.6093
71.0073
77.655
80.5126
79.4021
74.0978
64.5208
52.3967
43.112
35.5638
24.3133
23.1831
24.3824
25.6394
31.4731
36.8608
38.1972
36.1815
34.7183
38.1764
42.1792
44.9282
47.0728
48.0162
46.4646
41.4965
34.1193
29.6392
28.9397
28.6325
26.7275
23.6436
21.1894
20.7139
20.562
19.6188
16.422
17.244
27.7307
35.7489
38.6591
33.607
31.9273
27.272
20.4004
18.3355
19.7207
18.3763
14.3826
11.0477
8.62294
4.55567
5.39835
8.12532
8.8779
8.26305
8.30324
9.61265
9.9495
9.3641
9.36461
14.7357
21.3367
24.5706
24.6368
23.2432
21.1408
17.8039
11.7524
4.5193
10.4547
19.849
24.7164
25.2014
23.0712
21.0348
18.8872
15.7293
13.8387
15.3022
19.4035
21.816
24.6631
30.106
33.158
31.9739
26.4275
18.5917
18.4265
24.1738
30.945
44.4043
64.9737
81.5278
93.1286
100.911
105.484
107.476
107.063
104.372
99.5669
92.5369
84.415
79.0042
74.7297
67.6174
57.2427
66.624
77.0757
82.6932
86.0159
87.5514
87.8917
87.8555
88.1532
88.6708
89.0777
89.4613
90.3079
91.2412
91.5714
90.2716
86.3484
79.0105
67.2076
53.0771
46.5574
42.9002
35.9739
31.2471
30.8543
29.6399
28.1166
29.7961
31.5188
30.553
33.0976
40.3179
44.5172
45.2368
43.7769
42.9335
43.716
44.3602
42.9574
38.7299
31.821
26.0024
25.6019
25.0166
21.038
16.4858
16.1838
16.7011
20.1428
25.7604
30.5215
32.5799
31.5746
24.5339
26.5376
25.3672
21.1053
17.842
19.0646
18.6521
15.7557
11.0857
6.56184
2.45608
2.69987
7.80944
12.0982
14.5705
14.487
11.6468
8.19124
5.87285
3.87858
4.61093
7.95145
8.41651
8.8907
14.0762
19.3206
20.2146
16.713
9.49568
6.14964
9.67272
17.8171
23.9636
26.3114
25.3552
23.5303
22.4338
20.8559
17.6818
13.5136
16.9618
23.4033
27.4308
28.4606
26.8734
22.1636
14.5497
7.7793
8.22674
14.7353
33.0287
46.9304
70.7091
87.6456
97.5379
102.03
101.599
96.2383
85.3213
67.8801
61.1383
59.8683
63.7181
74.0805
84.6786
90.9207
94.2761
95.2036
93.9933
90.8701
87.169
83.9215
81.3951
80.0185
78.3573
75.2452
73.1013
72.5997
71.7078
69.9051
68.2856
66.5454
62.6322
55.6282
46.3488
38.4702
32.2018
24.8894
18.858
20.5607
23.4296
27.2527
29.9041
30.2104
32.6891
38.7496
42.4745
41.9907
37.2652
29.3905
23.8232
27.886
30.2747
27.8653
21.5354
17.4828
16.7531
18.3795
18.0329
17.7983
19.3974
19.7423
18.7953
23.1683
27.5853
27.8506
23.5444
16.9868
14.565
14.3274
13.9374
14.0556
14.3883
13.6251
13.7867
16.513
20.1012
20.797
17.3288
9.79069
2.93803
2.58953
7.01132
12.215
15.3241
15.2303
12.3075
9.69917
11.191
13.6315
12.8213
9.142
7.58878
8.9071
9.28827
6.20789
1.86192
0.53274
6.4983
11.9388
13.6948
11.7146
7.84663
3.25682
3.21936
7.81381
10.4951
11.2012
11.9382
14.8002
17.9009
20.266
19.8528
15.5698
6.38481
-0.193509
4.97934
12.9813
21.9103
43.4918
62.1852
74.7406
82.0287
84.3328
83.3218
79.8496
75.3727
74.1849
77.882
84.0979
90.0439
94.3981
96.6632
96.8708
94.772
89.7059
81.0873
68.5507
52.5286
45.6073
51.5221
54.417
56.4263
56.7662
53.3409
46.3439
37.8028
28.032
33.3853
37.0548
36.8358
35.4741
29.9482
25.5264
17.6632
14.179
14.3455
17.073
20.0303
24.7825
28.9691
31.0387
31.7128
31.0977
30.1747
31.7186
35.4534
39.3426
42.0335
42.4376
39.5811
33.5734
26.2586
19.7439
14.8611
14.1434
19.6016
23.9495
24.7488
21.5296
17.4932
19.6993
21.9138
19.8892
13.5354
3.55509
18.1661
19.0292
17.6578
14.0661
13.1305
17.731
22.6696
26.5958
28.517
27.5081
23.1026
16.1002
8.83128
5.46816
3.84655
3.10105
4.76647
9.05432
14.6599
19.4964
21.7882
20.8639
16.6984
13.5268
18.1307
22.731
23.6788
21.1732
16.6545
12.502
9.4451
7.48803
7.84822
10.1385
10.1706
8.8877
9.21232
10.8282
12.7407
14.8674
16.2266
17.4998
17.9385
16.5317
13.4108
10.6061
8.7826
7.70752
9.55495
15.8065
14.1178
32.9786
42.1123
52.5121
60.2754
68.5856
75.0703
79.3541
80.7531
79.3742
78.4165
81.5691
84.5596
84.6414
81.2291
75.6684
70.4073
71.7228
77.1906
81.6993
83.5767
83.1777
82.1577
80.9409
78.937
75.6208
71.0342
65.539
59.993
55.2852
50.3856
44.5597
39.7828
41.4842
43.6677
42.3828
38.6845
34.566
32.3279
30.0685
25.9733
20.9748
19.1771
22.2698
23.07
22.854
23.0765
22.6089
22.8045
27.5368
32.4306
33.0155
29.4442
24.3614
21.6458
18.4715
12.2236
9.48947
13.672
16.5954
16.2269
12.6464
8.10141
9.53505
12.5228
12.4048
8.93178
5.39054
2.27292
2.34286
1.28244
1.87397
6.25995
9.35245
11.5494
12.8192
11.7906
8.53959
6.11392
5.46529
5.4687
3.06007
-0.629421
-4.3715
-3.87413
1.85228
8.97193
12.4452
11.5713
6.66084
2.91137
9.07964
17.3852
22.1243
22.2649
18.0976
10.9961
8.07561
8.30844
8.20128
12.8038
18.4615
20.7439
19.4155
15.6914
12.188
9.47955
5.52259
6.99107
9.36126
9.38321
7.346
7.08776
8.86683
9.36184
6.40175
1.14046
1.10767
17.2513
37.0803
53.2581
65.4526
73.9525
78.8608
80.7055
79.1363
73.7361
64.9886
54.5579
49.2948
50.6245
56.6989
64.0642
74.3723
81.8974
85.9464
87.3044
86.3326
83.5459
80.1168
76.8531
73.2838
68.7027
64.009
59.2244
52.8336
45.3528
40.8877
39.3743
37.8843
36.6245
35.3621
32.7502
27.4627
19.0391
12.8007
13.0223
15.3693
14.5431
10.6074
12.9154
22.7665
29.6227
32.0623
30.8081
26.3736
19.1621
12.6549
13.0382
18.004
20.0069
17.7769
13.8543
12.6838
12.2985
9.2976
4.24979
0.0340338
-2.57684
-7.1269
-11.4793
-9.04043
-9.93583
-14.1452
-15.5285
-5.22646
-4.59344
-6.23303
-4.18009
-1.67349
0.541156
3.37053
6.09143
7.96522
9.01049
8.85302
6.91417
1.81948
-6.62303
-11.2462
-7.62961
-4.93325
-3.87426
-3.3974
-3.28419
-3.60803
-1.40539
1.27647
2.17129
3.68132
8.6705
11.6651
11.4804
9.40353
8.56135
7.25878
2.33698
-5.25098
0.687781
11.1743
18.293
21.3443
21.3272
18.9497
14.4913
7.49252
-2.84381
-6.32372
-8.8616
-14.7623
-15.7922
-8.84608
-3.73395
-2.36325
-3.39769
-4.26961
20.3075
38.9467
51.3742
59.7378
63.9573
64.4961
61.4954
56.9612
58.6117
67.0621
74.6855
80.4815
85.0307
87.6959
88.3362
86.6604
82.9234
77.9681
71.954
64.627
55.5427
46.4985
41.4432
43.2029
43.1377
39.3251
34.8453
30.1686
24.9488
22.6029
22.1383
20.9857
16.1836
14.2453
13.499
9.6694
9.23888
8.66933
5.24125
1.02556
2.78982
9.81894
18.2514
26.0184
32.133
34.6556
35.4384
36.2143
36.5668
34.8464
31.3139
28.4914
25.3947
19.7819
11.2834
6.44224
7.32361
7.9319
7.36061
4.64933
1.74248
0.23806
2.17155
3.9408
4.76836
7.35576
10.5841
11.8695
3.31675
2.06359
1.37558
4.52073
6.77879
5.91996
3.06338
1.10119
1.19035
0.0395085
-1.61338
-0.936222
0.743619
0.260565
-1.68969
-0.601731
1.40133
1.59912
0.703896
-0.10571
0.901177
2.01371
0.00363101
-5.64472
-10.3198
-5.67938
-0.733048
3.93303
7.3076
7.66611
3.98683
-3.8009
-11.068
-6.0597
1.83836
7.728
10.1018
8.84768
4.50114
0.0862631
-0.56216
-1.94612
-5.67739
-6.32924
-3.75428
-3.48531
-5.92164
-8.26522
-9.10534
2.31416
12.0332
26.0247
32.3948
43.9269
48.7515
54.6295
64.1442
72.9049
78.9087
82.5545
83.9589
84.2679
84.1385
83.1837
80.0281
73.4993
64.2345
59.245
61.1861
65.2948
66.2862
65.7834
65.3261
65.0723
64.148
62.6487
60.5284
57.7496
55.1441
53.2959
51.0061
47.9746
43.353
36.6239
29.0548
25.1777
23.944
21.1963
16.9726
21.3149
31.289
37.9909
41.5428
42.8573
42.3799
41.5392
42.7156
45.8356
47.1436
44.6228
37.6732
25.7724
11.2821
4.19677
0.758165
4.53813
9.52064
12.6492
11.657
7.39342
4.98904
8.03719
10.5187
10.7958
9.53675
9.60962
10.2802
9.13675
-3.01101
-4.52192
-2.14475
5.08579
9.93771
10.9552
8.85952
10.5466
15.1099
17.7369
17.9999
16.6315
13.28
6.98499
0.685795
0.926747
2.55479
2.56311
0.729993
0.309196
7.0065
12.9983
15.1009
13.5806
9.93618
7.13454
7.58389
10.1799
12.0642
11.9252
10.5934
8.20787
3.31252
-4.23206
-1.47258
5.9148
9.82806
10.2653
7.289
0.877807
-7.60199
-15.8086
-12.9966
-3.44554
3.86293
7.56045
8.34377
7.12616
5.00033
9.82504
18.0982
30.4499
40.6145
50.346
61.8275
71.2105
77.009
78.9634
77.2174
71.4434
63.2026
54.9225
51.9826
59.1227
66.4793
72.8605
77.3816
79.6666
79.4077
76.1011
70.8376
65.2153
59.5652
54.1134
51.3098
48.2174
45.2177
44.0447
40.7169
35.5961
37.6767
39.3233
37.5357
32.6475
26.9583
25.0963
23.5119
18.106
11.1264
21.0024
32.6954
38.8335
39.6641
35.5258
29.1098
30.7904
35.2468
36.6839
37.0257
37.2042
34.679
27.6388
17.3688
13.1965
17.0257
18.8617
17.9416
15.2746
13.4013
11.6965
8.4338
4.97751
3.71057
2.9894
1.82463
-0.523489
-0.388699
3.13694
-5.85364
-7.67566
-7.22861
-2.1234
2.44906
5.29208
8.99477
14.4429
18.3378
18.8382
16.2534
12.9135
12.1589
11.6761
10.4911
11.9164
15.2534
16.9869
16.2428
13.1424
10.5455
12.7026
15.0435
14.2098
12.363
13.383
15.3258
16.9594
18.7116
19.8921
18.8473
14.8733
7.72208
-1.01402
-0.0116676
6.61093
9.53244
8.7144
5.16272
1.09244
-2.486
-6.43605
-7.51791
-4.33857
-1.7017
1.11267
4.37771
5.67183
4.54713
5.81567
22.1977
41.149
52.4216
59.7756
65.1996
68.5108
69.1383
66.6283
61.2468
56.3776
56.0999
65.7535
73.6193
77.925
79.1675
77.9834
75.3635
72.322
68.2971
63.7166
59.6655
56.8515
54.5363
53.2471
54.5902
55.3799
54.5216
52.1389
49.209
47.2626
44.9812
41.5546
35.9721
29.3918
23.7771
16.723
13.0356
10.367
9.54053
15.8124
26.8538
32.4211
33.0873
29.2666
23.0188
23.7728
26.8535
28.0413
28.5603
28.7305
27.5744
23.2988
16.0419
12.4508
15.1889
17.9285
17.9334
15.7433
13.8215
13.8691
13.9748
12.4316
8.98536
5.98528
6.80173
7.89054
7.60912
8.87797
-15.8675
-12.9879
-8.74333
-7.64186
-9.92564
-12.3919
-8.11442
-3.60008
-1.0903
1.01151
3.45602
5.21024
5.59043
4.98889
3.43146
0.976439
-1.98627
-4.35773
-6.72773
-7.53533
-7.31838
-3.80762
-0.0091477
1.77761
1.99081
1.05466
-1.39253
-6.00754
-5.84723
-4.255
-6.42953
-12.2281
-13.5231
-8.14736
-2.39609
2.99531
7.08118
8.21811
6.15469
2.44675
-0.470872
-2.81323
-3.29004
0.4937
3.03794
3.20501
2.31575
0.521926
-2.51326
0.802595
24.0996
35.72
42.6034
44.4467
40.8622
35.9636
40.1045
49.4892
55.1411
58.4077
61.2028
63.9932
65.5336
65.2841
62.2108
56.1815
49.6766
51.1819
56.8145
60.6306
62.3219
63.0009
62.3217
60.9906
59.8428
58.9819
57.9883
56.4971
55.0345
53.5803
51.9938
49.3584
44.9755
38.0493
26.5491
12.4065
9.72136
9.12072
10.6925
12.2444
15.7525
19.6013
20.7822
18.4512
14.934
14.439
15.3911
15.614
12.9443
7.23942
0.308162
-3.69092
-6.36658
-4.85932
-1.44861
1.763
5.19855
6.50479
4.43036
-0.221985
-5.9105
-8.25977
-9.35783
-9.60266
-10.1191
-12.0753
-14.3915
-12.1814
0.0948997
0.781107
-0.744985
-4.65838
-9.96377
-13.3122
-7.8864
0.0693092
6.1476
10.2882
11.8652
9.97176
3.64288
-6.31264
-10.3077
-6.1575
-2.11334
1.68344
4.18127
4.77108
4.78989
5.59669
5.72224
3.99048
0.391456
-3.24003
-5.27911
-4.49518
-2.68388
-2.33958
-4.53175
-9.0308
-11.4102
-10.9131
-7.4045
-0.00113901
8.03854
12.5499
12.9681
9.12502
2.14608
-0.106795
0.991274
1.60363
1.58087
0.193015
-0.55723
2.24131
4.32059
2.92464
10.1499
27.2651
35.664
42.3594
46.9471
49.8096
51.496
52.156
51.6651
48.8525
43.3271
34.5607
31.1988
36.2839
45.1672
50.8209
54.145
54.8401
53.2294
48.9087
42.9896
33.321
26.2624
23.7702
22.089
18.5567
11.2646
7.05345
8.68046
11.0094
16.9771
21.1565
22.4454
20.2653
17.0551
8.60142
-7.28163
-10.3838
-4.66655
0.148102
5.44925
10.3537
12.8349
11.7491
7.15145
1.99848
6.0937
8.75776
8.41605
3.88488
-4.67759
-9.34951
-9.1676
-3.20383
1.05152
1.84802
1.87231
3.08585
3.70927
1.04558
-4.56876
-12.208
-21.8712
-32.2195
-30.2355
-17.6729
-8.75641
-5.15048
-3.35631
-4.31392
-6.09315
-7.15771
-8.28696
-9.98983
-7.06921
-1.344
5.16971
10.0728
11.9045
10.2693
5.2015
-2.63231
-5.59039
-3.35411
-0.373529
1.44777
2.00348
1.39961
1.0807
1.22629
1.9556
2.43664
2.46692
1.89817
2.91352
8.57795
12.4524
12.7902
9.44793
3.15065
-3.19891
-2.51057
1.00163
2.17924
3.15942
5.63134
6.9046
4.67199
-1.05427
-6.41242
-3.90008
-0.441232
1.48721
0.760352
-1.17974
-1.57582
-0.371016
-0.709399
3.52379
23.1351
32.2369
38.283
42.9541
44.8567
43.8545
39.023
33.883
39.0177
43.0681
46.3318
48.4064
50.8222
51.8917
50.327
45.209
38.0559
33.0166
35.0654
34.9229
31.4063
26.804
27.7195
30.8134
32.8364
34.2615
35.208
34.9164
33.3103
30.6489
27.1596
21.0115
12.7786
6.45459
6.54087
10.1646
10.8108
9.91311
7.95072
6.43503
5.82136
6.63922
8.90775
9.96922
8.10368
2.93034
-2.50826
-2.58489
-1.65681
-2.45451
-4.68893
-7.1103
-5.12869
-0.175359
2.26965
1.42231
-0.437949
-0.644611
-0.900147
-4.94165
-11.7637
-15.8977
-15.9404
-15.3639
-8.35861
-1.23781
1.67573
-0.941455
-6.11343
-10.1583
-6.92949
-0.850068
3.65211
5.32854
5.27444
3.6806
2.30941
0.857679
-1.84995
-7.24891
-15.3126
-17.9972
-15.4374
-9.78986
-5.16295
-3.20972
-4.04036
-5.21507
-4.16467
-2.23284
0.916581
3.82555
5.50554
6.72779
8.05912
8.46623
7.39846
6.21949
6.16677
5.97914
4.82475
3.60456
3.01136
1.02638
-1.79996
-1.74246
0.125101
-0.891435
-6.06442
-14.55
-20.7579
-10.9497
-3.66755
-0.702058
0.251903
2.27689
4.7868
14.2706
22.4077
29.5448
33.4401
32.7903
32.0932
38.5501
46.3426
51.403
53.7921
53.9756
52.4224
48.5568
43.2216
38.6397
38.7915
42.0439
44.2138
44.5838
43.3005
39.183
33.7511
27.6098
24.5269
25.6771
27.5238
29.9485
30.8749
29.415
26.378
24.1495
20.0476
13.4469
0.927846
2.62401
5.84171
9.0676
9.7581
7.32556
9.30194
15.8484
20.0357
20.7761
18.6658
14.9296
11.3373
8.12556
5.07589
3.10482
1.25377
1.33694
5.19316
8.86631
10.8196
10.4977
8.06777
4.07016
0.454267
-2.14997
-6.2274
-11.7039
-16.603
-17.8105
-18.2208
-13.5119
-4.95487
1.28969
3.39913
-10.479
-10.1802
-10.6835
-7.76924
-2.22161
-0.0180376
-2.11627
-8.34269
-11.0171
-3.1546
2.78588
4.95935
3.68021
-0.0523263
-4.53044
-7.68814
-4.38304
-0.441291
-0.161487
-3.44625
-8.21421
-10.4722
-7.99531
-2.61812
0.605203
-0.273904
-5.35572
-11.2255
-12.074
-10.4495
-9.4324
-9.07509
-10.1349
-12.4637
-13.5209
-11.6185
-6.22289
-1.9888
-0.934648
-3.26178
-8.29897
-15.1159
-23.2476
-22.9422
-13.5424
-6.2946
-2.79793
-0.636584
1.67774
3.09243
11.8477
26.8283
36.7084
42.2208
45.4863
47.8752
49.7825
50.604
48.5515
42.5316
34.0369
35.8089
42.3685
49.1156
53.3392
54.3263
52.373
47.5194
38.963
26.9663
24.1367
27.1914
30.2417
34.2407
37.3992
37.8594
35.1594
29.2789
20.5281
12.004
3.21265
-1.27754
1.84375
2.85723
2.6617
1.05711
2.12298
2.80797
1.38994
8.16247
18.8073
25.1135
26.8334
24.5306
18.8707
12.3325
7.6497
3.83178
0.156856
-1.42748
-0.593273
0.352886
1.84159
2.84419
1.9327
-0.803241
-1.89103
-0.0687188
0.700953
-0.803558
-3.83133
-5.47019
-6.00234
-5.35901
-4.58003
-3.97456
-4.66573
-4.58795
-10.0849
-10.2929
-10.8157
-8.59475
-4.18335
-1.66644
-2.38218
-4.59202
-5.49517
-2.52535
0.533238
1.22845
0.655145
0.33598
-0.843505
-4.42808
-6.48788
-4.05629
-2.25909
-3.50954
-7.76277
-14.2995
-15.4459
-10.3855
-7.11443
-6.80022
-8.45232
-9.71573
-10.3371
-12.4182
-15.33
-18.704
-18.9378
-13.338
-8.32481
-5.91779
-6.62971
-7.02393
-3.89126
-2.0707
-4.27201
-9.44078
-12.3899
-13.2466
-15.5465
-18.4609
-15.7114
-8.43615
-3.22965
-1.33316
1.92301
20.3928
28.884
34.2317
36.4598
36.621
36.9478
37.6792
38.8912
40.8355
43.8483
47.3184
49.2327
48.9965
45.6991
41.2153
39.2642
41.4679
43.5156
43.6157
41.9285
39.1394
39.8787
41.8223
41.6778
38.8735
34.5747
30.0662
25.1959
19.1944
11.8333
2.78067
-2.53685
0.850529
1.94665
-1.55176
-6.92179
-14.6251
-6.06974
6.17258
15.9176
19.4647
17.8777
11.4772
6.09727
8.99578
9.70385
7.65251
7.84839
10.2086
10.2496
6.65116
-0.213418
-5.06403
-6.48199
-9.28368
-12.9568
-14.2101
-13.1622
-11.2059
-8.06153
-6.08949
-4.9034
-4.47523
-4.5487
-6.29839
-7.99898
-8.41987
-6.27825
-6.33098
-6.6467
-7.77486
-8.79855
-9.51055
-8.10274
-3.91723
-0.193085
1.85388
3.61198
4.60533
5.17086
6.73204
8.43033
8.01922
5.04078
0.800168
-3.91578
-8.72508
-12.7969
-13.1366
-13.3412
-15.3614
-18.4206
-19.027
-16.0937
-10.9824
-7.92857
-8.05041
-11.249
-14.5968
-15.3894
-16.6644
-17.9198
-17.163
-12.859
-7.53409
-2.62213
0.38612
0.45846
-2.29306
-7.22757
-12.8335
-16.8382
-11.1271
-3.15037
2.30688
4.18605
4.22565
12.6493
21.1828
28.6414
31.7427
35.0037
42.2002
49.9492
55.7105
57.7235
56.0546
50.3841
42.1864
39.1616
45.3078
52.7753
56.3119
56.2601
52.563
45.6371
37.7876
31.5398
31.5434
32.308
32.3022
32.4349
33.5567
34.466
32.9252
29.5801
26.6476
25.5832
24.3672
20.7747
14.638
7.37668
1.35458
-2.74605
-9.10728
-2.88972
9.61311
20.2795
25.4806
26.2061
23.1621
18.6961
17.3374
17.4214
16.1972
14.0246
12.9961
11.2902
6.20449
-2.59294
-6.75613
-4.89463
-4.28238
-4.52022
-4.29167
-4.85634
-6.98496
-8.50691
-8.15562
-7.82649
-6.20903
-2.99731
-0.503821
-0.871735
-1.63514
-3.44057
-2.65542
-3.73165
-6.57929
-9.49382
-11.6952
-11.6756
-8.58213
-3.64903
0.129607
1.99332
1.63498
-0.0588957
-0.730987
-0.163333
-1.03259
-3.86403
-7.81247
-11.4727
-15.1543
-16.5946
-13.8357
-10.3467
-8.19957
-8.02168
-10.4371
-13.8749
-16.522
-15.6354
-14.0504
-12.7358
-12.2248
-12.0404
-13.2982
-15.3812
-15.459
-11.9543
-8.97633
-8.04811
-6.27821
-2.92984
-2.0735
-4.54418
-9.73971
-9.79496
-6.43797
-4.33724
-5.33771
-8.10886
-6.2964
14.8967
31.2391
42.0451
50.2246
56.3995
60.3718
62.1248
60.913
57.2736
54.2396
56.3588
59.8862
61.9797
63.7134
64.406
62.8777
58.4982
53.9322
53.3938
53.2628
52.0266
50.7848
49.9688
48.553
46.0782
44.188
44.3352
45.5639
46.0001
45.0453
42.9197
39.4799
34.0465
25.6197
15.9566
11.5499
7.16762
1.48335
-3.57199
1.94108
11.6164
18.0944
20.1777
18.2771
12.7128
5.61399
2.49242
3.29842
3.70694
3.37011
4.70938
4.7673
1.20783
-6.45537
-16.2821
-19.5305
-15.3056
-11.5107
-8.14842
-4.2197
-0.744712
1.33051
2.68507
3.87406
4.3989
2.88781
0.725354
1.80987
-8.97882
-5.24137
-2.74732
-2.74031
-4.1577
-5.15738
-4.80159
-3.27659
-1.22397
0.757949
1.06901
-1.43638
-6.33414
-10.2975
-11.0874
-11.8372
-10.1044
-7.5123
-7.54371
-10.519
-15.1791
-16.5185
-15.4553
-13.831
-12.6251
-11.6152
-12.0299
-14.6073
-19.6428
-19.6334
-13.8024
-9.12202
-7.19706
-7.65497
-10.0472
-13.6259
-16.6578
-15.2414
-11.3686
-7.76734
-6.15969
-6.78013
-9.31119
-10.8531
-8.80822
-4.64641
-1.86412
-2.01417
-5.5609
-9.33466
0.108749
19.6603
31.0841
37.7663
42.556
45.7832
48.8195
54.561
60.3442
64.2885
66.0906
65.662
62.8373
57.7178
53.3205
53.3987
54.5519
54.678
53.5542
50.9417
45.7861
40.2753
39.1491
40.7472
41.6543
41.1818
39.1185
35.4266
31.1437
27.532
25.4571
24.597
23.4643
21.4342
17.8706
12.1699
7.53081
0.116807
-4.90623
-5.93472
-3.76327
3.92456
12.2672
17.2161
18.5837
16.7254
12.3501
6.74172
2.8173
2.27797
1.79867
-0.80366
-6.51822
-12.8398
-11.8736
-9.76874
-9.73679
-12.0287
-15.2267
-15.8007
-11.26
-5.69059
-2.20594
-0.467056
0.571942
1.28983
0.908798
-0.822994
-8.42724
-6.41918
-6.70884
-7.89774
-6.44218
-4.04537
-2.20243
-0.893585
-0.979773
-3.55671
-7.88453
-10.8002
-10.9438
-10.6399
-11.831
-13.3263
-14.0457
-13.3767
-13.0396
-13.7401
-14.4966
-15.7263
-16.5517
-13.9985
-10.0947
-8.53856
-10.4919
-15.1942
-18.6654
-16.799
-14.4709
-10.7856
-4.69542
-0.948919
-1.3982
-6.5477
-15.6874
-19.6925
-10.7716
-4.31651
-1.99866
-3.06245
-5.33648
-6.95119
-9.01293
-10.6233
-10.6534
-10.7769
-12.2852
-13.3128
7.54893
19.5876
31.022
39.7961
44.4312
46.0261
47.3707
49.8708
50.9323
48.4154
42.8848
44.1223
51.2406
56.0312
57.3122
55.0879
50.0789
45.9052
48.6106
51.6283
53.1941
53.4639
53.7896
53.718
52.7502
51.2308
50.0636
48.9953
47.4101
45.3659
42.9738
39.8598
35.3702
28.7366
19.315
11.3112
2.95578
-4.20265
-7.04773
-0.454101
7.3698
12.3424
14.3395
13.5246
11.066
7.6868
4.15713
2.23515
3.51511
2.59439
-1.4467
-9.38678
-15.9354
-17.7739
-18.699
-18.8671
-17.1978
-14.648
-12.7662
-12.3041
-12.0556
-9.1823
-4.79494
-0.885148
0.731731
0.0698175
-1.90264
-4.23898
1.9095
-0.251657
-5.49291
-13.1018
-17.1428
-14.7053
-10.0328
-5.60365
-3.23438
-3.0471
-4.82286
-7.40701
-9.52359
-10.7135
-12.3837
-15.5205
-16.5447
-13.964
-12.0876
-12.2496
-14.4469
-17.0521
-18.6213
-19.6277
-20.3332
-20.6115
-20.0213
-16.2447
-11.0563
-8.45604
-9.47418
-11.9919
-9.96688
-5.92506
-4.66828
-6.56119
-10.0922
-11.0636
-8.28415
-6.02544
-6.3213
-8.72547
-11.2658
-14.2053
-17.6263
-19.9995
-19.519
-17.378
-15.4426
-11.8514
5.73858
24.5265
35.6754
41.7371
44.9536
46.5753
46.3429
43.6928
39.9269
41.9651
48.2425
52.8908
54.4881
53.0065
49.697
48.6063
51.5187
54.1767
54.3238
52.0742
47.5557
42.492
37.9712
35.2749
33.3289
29.7752
26.742
24.5183
24.1329
22.8858
20.2464
18.5622
18.0038
15.1799
11.8907
4.91199
-0.76853
-9.84562
-11.1528
3.87245
13.2447
17.4837
17.1441
13.5317
9.64447
8.14345
5.8549
4.72996
6.4891
6.95606
3.29074
-3.41096
-9.17884
-9.93739
-10.1168
-10.5859
-8.77361
-4.04603
0.401061
2.22567
0.66999
-4.38435
-12.0624
-16.1314
-10.7196
-4.20596
-0.909546
-1.10147
-6.74158
-5.30026
-6.27378
-10.3322
-13.4075
-9.58026
-6.08751
-5.61611
-7.11066
-9.47682
-12.6997
-16.6685
-18.8075
-17.726
-14.3212
-10.3884
-8.1054
-8.3295
-9.50935
-10.4264
-12.2364
-14.4777
-13.5889
-11.602
-11.4373
-11.4571
-9.16348
-6.55389
-6.42563
-8.68985
-12.049
-15.3554
-16.6303
-16.0072
-14.8691
-13.8087
-12.8138
-11.5102
-10.9952
-12.2388
-14.1331
-13.8115
-11.5279
-11.7661
-13.7813
-15.3828
-15.5287
-16.3069
-17.6501
-13.2676
-2.89146
13.538
25.7831
32.714
36.6506
39.2086
41.6246
43.6675
44.378
44.1696
43.5122
42.7401
43.2015
45.2736
46.997
47.2516
46.4114
44.7269
41.2875
36.101
32.4391
28.2806
25.537
24.7024
29.2269
34.3599
37.5543
38.6039
37.5252
34.869
30.9667
26.6892
22.4747
18.5044
15.1939
12.6706
7.34467
-0.621725
-2.12109
4.55145
11.7087
14.982
15.1145
13.6126
12.0417
10.1831
7.56691
4.47331
0.184756
-3.98971
-6.18539
-7.12091
-7.79662
-9.77641
-11.102
-7.65856
-4.07512
-4.08097
-6.69862
-7.57369
-5.83373
-6.28009
-9.37052
-12.6836
-13.6266
-12.6866
-10.6566
-7.92778
-12.6761
-12.6377
-13.3266
-11.7459
-6.6296
-3.04401
-1.8162
-0.807635
0.558126
-0.124038
-4.95165
-14.908
-22.5079
-15.3737
-9.61875
-8.4818
-10.8067
-12.821
-11.584
-10.9899
-12.5698
-14.6769
-15.2135
-14.0108
-10.9609
-7.9563
-6.9368
-7.8573
-8.48943
-8.3152
-9.74753
-12.1629
-12.0418
-10.9768
-10.9672
-10.0131
-8.8329
-10.2113
-14.4223
-18.0855
-17.9478
-18.7472
-18.2348
-14.2432
-11.1021
-10.5594
-9.71188
-6.97876
-3.50899
-0.510106
5.13641
18.7252
32.5933
40.4711
44.3633
44.4524
41.9917
43.3704
49.7455
54.317
55.6363
53.5714
48.6818
43.7695
43.0638
44.1289
43.4022
40.2746
36.5438
33.8331
34.1026
37.0366
39.7016
41.0483
41.4902
41.0812
40.5591
39.5204
37.0275
32.5679
26.6417
19.5763
11.7587
3.84409
-3.00303
-5.57275
-7.10998
-10.2225
-8.79227
1.81583
10.3532
14.1113
13.4167
8.49095
1.73119
-0.159562
1.21245
2.68764
2.06087
-1.31194
-5.50353
-5.11814
-5.21311
-6.81807
-7.03446
-3.21757
-1.1533
-2.83475
-7.36518
-8.95854
-5.9058
-4.37054
-4.3225
-4.81828
-6.70953
-11.5256
-17.8822
-20.085
-15.1765
-18.5271
-17.8535
-17.8729
-16.9648
-13.8458
-9.34514
-5.18153
-3.62358
-5.53152
-11.4029
-20.5859
-23.1399
-17.5971
-12.3343
-8.43437
-6.14994
-5.82307
-7.47002
-10.6793
-14.1694
-16.0353
-16.1033
-15.3772
-14.7778
-13.3138
-11.3878
-9.67627
-9.00413
-9.96142
-11.7553
-12.4342
-11.7024
-11.9214
-12.5981
-12.1256
-11.7207
-13.8378
-19.0093
-17.9748
-12.8822
-10.7791
-10.5481
-9.96432
-10.1513
-12.7723
-17.3917
-19.548
-18.1564
-11.6939
-1.9855
20.6756
35.6407
43.5662
46.0363
45.7678
49.7977
57.8968
62.897
64.0501
61.4334
56.0152
52.4777
54.8283
57.7726
57.6508
54.2731
50.939
53.6818
58.0354
60.7052
61.0221
59.5003
56.5642
53.2261
51.4966
51.2985
50.7166
48.8518
45.7383
41.4428
35.8446
29.1354
22.4154
16.2282
8.8514
3.43331
-3.91838
-12.6676
-2.3442
8.42414
14.4036
16.0888
14.3902
11.3145
10.9469
12.3119
11.5604
7.72355
2.2101
-1.38439
-3.10826
-6.26765
-12.0503
-18.8044
-17.1598
-12.4226
-10.7868
-12.188
-13.8489
-13.0207
-11.3228
-7.89653
-4.00265
-2.72386
-5.06171
-8.69152
-8.5721
-14.7755
-15.8463
-15.6297
-16.3717
-19.5412
-21.8877
-18.3615
-15.9673
-16.9454
-21.5735
-28.6891
-31.7387
-27.5605
-23.735
-19.7162
-16.9508
-15.7545
-16.0009
-15.9898
-15.4382
-14.2492
-13.7042
-14.9327
-17.3261
-16.3169
-12.4894
-10.1351
-9.23192
-9.47613
-11.1206
-14.3448
-16.7401
-17.8763
-19.9102
-22.6605
-24.499
-23.5278
-21.7708
-20.548
-17.6753
-14.654
-14.4185
-16.069
-16.0959
-14.7143
-15.829
-18.9283
-19.8979
-18.0094
-6.58394
8.43117
30.2388
44.7243
53.7518
58.2611
58.9816
57.809
56.7698
56.7322
56.6761
57.1023
57.9523
58.9264
59.2627
59.2105
59.5214
59.6647
59.0595
57.6327
55.5413
52.4682
48.0843
42.9404
40.3271
40.3133
38.9229
35.2429
31.0995
28.7952
27.5674
26.3469
24.366
21.4895
17.9699
13.9791
10.1898
6.99202
3.98051
2.02705
1.90789
5.81109
9.65483
11.1729
10.8122
10.334
9.7584
8.0754
5.38538
2.35127
-2.07812
-8.17788
-14.8689
-16.8852
-14.8358
-12.2896
-9.30458
-6.84861
-6.4145
-8.56487
-12.2709
-17.1516
-18.7174
-13.9584
-10.5329
-10.2313
-11.4701
-8.60342
-3.33025
-12.76
-11.5935
-11.3247
-13.5299
-17.3871
-20.9641
-22.0627
-21.0544
-18.8702
-17.4041
-17.6746
-19.2896
-19.2379
-17.3207
-15.7187
-15.2135
-15.4703
-17.2415
-20.4359
-22.4016
-22.094
-21.2328
-19.7289
-16.5592
-13.1809
-11.6471
-12.7028
-15.4408
-16.5708
-13.7418
-11.962
-13.68
-18.9744
-24.9949
-24.1942
-20.2736
-18.2831
-18.9842
-21.8659
-23.8354
-22.143
-18.7565
-14.7085
-9.60996
-5.67167
-4.36191
-5.64574
-8.68708
-11.672
-8.73098
5.38211
18.9165
33.9892
43.796
50.144
54.7697
59.676
64.2889
66.9255
67.1743
65.1802
62.5846
62.3969
64.5708
65.6224
64.2969
61.2624
58.0411
56.1629
55.3977
55.3919
54.935
52.7227
48.5098
43.7302
39.3107
37.0813
36.0478
34.8663
33.3253
31.069
29.4687
27.959
24.1627
17.7058
8.56985
4.17967
3.70513
2.49561
0.465574
1.48
7.93153
14.6525
18.9283
20.232
18.2858
12.7376
3.94162
0.88764
-0.309328
-1.22864
-2.12529
-1.43354
0.705077
1.74963
0.546098
-2.3148
-5.17554
-6.69314
-9.08416
-13.1945
-16.9359
-16.4622
-15.3449
-15.1796
-15.0571
-14.6549
-12.9134
-13.8148
-10.7776
-8.75631
-8.75266
-11.0417
-15.2539
-17.4913
-16.0619
-13.9025
-12.8145
-13.5925
-16.0231
-17.7063
-15.8234
-11.4574
-8.4629
-7.92977
-9.99344
-14.6357
-21.1442
-25.9574
-23.2015
-15.2971
-9.1291
-6.36851
-6.45543
-9.19384
-14.1203
-16.7226
-15.3235
-14.12
-15.7103
-18.4191
-17.4899
-15.3085
-16.0105
-19.9797
-23.7421
-22.1074
-20.2261
-19.2859
-16.6752
-11.9999
-8.77611
-7.3478
-7.3182
-9.08216
-13.2878
-18.1697
-7.16714
13.6487
39.0064
55.4526
65.8426
71.9096
75.5395
77.3822
77.5806
77.8157
80.4998
83.6528
84.4098
82.075
77.3079
74.3419
76.2056
77.1885
74.6247
68.1919
60.9344
59.0282
59.4086
58.785
57.26
55.1478
52.9444
50.5976
47.5503
44.6152
42.3953
40.1126
36.4957
31.3932
23.8726
14.5721
6.02818
-0.259989
-4.24542
-3.26013
4.82687
15.306
25.4913
33.436
38.2814
39.7681
38.275
34.932
31.7192
28.6838
24.3381
17.8255
11.3294
8.95088
8.58132
7.31129
7.21202
7.86085
7.04093
3.48925
-0.981276
-2.59679
-1.81625
-1.09764
-1.57199
-4.33284
-9.35257
-13.7312
-15.2242
-16.0283
-16.3039
-15.3544
-14.3381
-14.2714
-14.6445
-12.6274
-9.24883
-8.39895
-11.3904
-17.487
-20.9502
-17.5655
-13.5439
-9.61765
-6.93812
-6.74152
-9.37926
-13.3437
-15.6513
-17.961
-20.4726
-20.7826
-18.2835
-14.6461
-10.751
-8.69296
-9.43298
-13.15
-15.015
-13.3196
-11.8613
-11.9044
-13.1481
-13.8232
-13.3407
-13.6766
-16.3087
-19.4203
-19.4896
-18.9976
-18.6992
-17.2994
-16.741
-16.7591
-16.0646
-14.1568
-12.5904
-11.2257
-7.87161
6.62762
42.5416
59.5794
69.5065
74.2172
75.29
75.035
79.2657
86.4962
91.1973
92.252
89.6645
84.3587
81.171
83.2234
84.5073
82.8442
78.7177
74.6925
72.5772
70.406
66.6215
61.3329
56.6317
53.6479
51.2552
49.2566
48.4316
47.7408
45.9953
42.7209
38.2117
32.8319
25.4205
16.9098
12.5021
10.3473
8.02399
6.15784
8.39741
18.5121
29.026
37.2548
42.2807
43.8045
41.8781
37.01
31.0751
26.285
21.288
16.1359
14.3024
15.6692
16.1908
14.0372
10.1343
7.46458
5.45744
1.7422
-1.83164
-0.65758
0.976692
0.259275
-2.78222
-7.53375
-12.8533
-15.5304
-17.0069
-15.3597
-15.1355
-15.74
-15.5667
-12.7883
-9.4091
-7.87695
-9.07187
-12.9756
-18.59
-23.3117
-23.1985
-19.8061
-16.3409
-13.8075
-13.6959
-14.7306
-15.1909
-14.1041
-12.6274
-10.845
-8.60383
-7.17952
-8.11053
-12.369
-19.4866
-22.9324
-20.9862
-19.0489
-17.4808
-16.9818
-18.5579
-21.3129
-20.5494
-13.9897
-9.72832
-9.14443
-11.0957
-13.3873
-14.7136
-16.5031
-17.0891
-16.1546
-16.8329
-19.8456
-20.8816
-17.1665
-13.9575
-13.4776
-11.4803
3.91266
37.0994
53.7727
63.0513
67.5056
68.5758
67.7625
68.3181
71.2287
73.8946
75.3035
75.0823
73.499
72.2503
72.2902
72.1023
70.5113
68.6278
66.6998
64.0463
60.2253
57.4797
56.7385
55.5027
53.0503
51.1422
50.8259
50.2154
49.0297
48.6815
48.3943
46.3301
41.8142
34.4857
26.8669
22.6977
19.4522
15.1964
11.0718
11.2553
16.1363
19.9728
21.5226
21.4333
19.9412
16.4598
11.1099
7.51871
8.73592
11.8823
12.9896
11.5148
9.01821
7.86045
7.16977
5.31367
1.91474
-2.41005
-7.91202
-11.8953
-12.9694
-13.2673
-13.6836
-13.6665
-13.6061
-14.7238
-17.9019
-21.9279
-17.0413
-13.3091
-11.7916
-11.8383
-12.7552
-13.4476
-12.5474
-11.3824
-12.3712
-15.2486
-16.9207
-16.0172
-15.2344
-15.0827
-15.7408
-17.7584
-18.1984
-15.4892
-13.0107
-12.4359
-13.712
-15.2484
-14.3623
-13.1731
-14.8816
-19.4426
-20.609
-15.185
-12.2558
-12.0579
-13.2601
-14.6708
-17.3148
-19.6105
-17.3466
-13.6571
-12.6971
-14.6904
-18.173
-20.6393
-22.4596
-24.1905
-23.9911
-21.281
-16.8514
-13.0075
-10.1581
-8.11418
-7.30419
-7.21962
0.271315
27.7948
44.5551
55.5311
61.4902
63.994
65.0401
67.1841
69.5275
70.2468
69.181
67.6687
67.814
70.0948
71.5318
70.108
66.1509
63.1407
63.8361
65.1476
66.2731
67.5072
68.0229
67.4929
66.7824
66.3889
64.8907
61.2602
56.193
52.1157
49.5079
46.7009
42.4065
35.4071
25.3725
17.8312
14.8292
9.63229
3.84484
6.80388
13.3482
18.9191
22.8163
24.0934
22.7938
19.9529
16.948
13.438
9.57106
8.35357
8.26819
6.56903
3.2321
0.73862
-0.535811
-3.67271
-9.71819
-16.4412
-19.1332
-18.6672
-16.005
-11.1906
-6.41126
-3.9309
-4.54887
-7.89516
-12.2175
-15.2342
-8.79601
-8.71974
-11.0035
-14.2065
-17.1186
-18.5323
-16.3473
-13.4416
-11.9544
-10.4467
-7.16058
-4.99169
-5.58564
-7.62275
-6.77895
-5.00221
-5.66161
-8.95109
-13.1025
-16.037
-17.3791
-13.5571
-8.54987
-6.80223
-8.96
-14.0463
-17.6836
-18.0527
-16.0701
-13.0107
-10.3053
-9.95444
-12.5017
-17.6971
-21.4916
-20.0803
-18.652
-18.7568
-18.6125
-15.3389
-9.60411
-5.18596
-3.77121
-5.50973
-8.96222
-10.6328
-10.1335
-10.2054
-11.721
-13.4024
-5.50227
16.5646
30.9736
39.1577
43.5721
49.4437
55.4257
59.7798
62.8346
65.1802
66.5058
66.1242
64.1063
61.0461
58.5211
57.1167
55.8284
55.4022
58.8621
63.7411
66.6931
67.6285
66.7624
64.6793
62.2861
60.2821
58.2326
55.237
51.7651
49.0653
47.202
44.6085
39.9861
32.3816
21.975
13.2949
7.56558
3.02706
-0.978082
-0.923732
1.13865
4.18321
7.74507
10.6057
12.638
14.2783
14.3322
11.252
4.70596
-0.885106
1.09852
3.26645
3.13774
0.847252
-2.69864
-6.35507
-10.2211
-13.6155
-15.3201
-15.6154
-13.8613
-12.0271
-11.1611
-9.61516
-7.62982
-7.03609
-8.77864
-12.1435
-17.6909
-16.3983
-13.8848
-12.0555
-11.9285
-13.2367
-13.6104
-12.4309
-11.7459
-12.3953
-12.023
-10.3625
-10.2162
-11.43
-11.7507
-10.9961
-10.7891
-12.2248
-14.217
-15.552
-15.1459
-13.0015
-10.9059
-10.0843
-10.618
-12.0231
-14.1074
-16.3361
-16.0958
-13.7142
-12.1575
-11.5532
-11.6529
-13.1569
-16.3249
-18.0772
-17.9699
-18.6478
-18.8744
-14.6381
-8.7678
-4.20759
-2.43131
-4.01601
-8.20477
-11.8868
-12.349
-11.2995
-9.99255
-9.23114
-1.75171
19.8435
32.3647
39.1788
41.5505
42.5306
46.2019
51.2791
54.3718
55.4233
55.1712
55.4495
55.4743
54.8905
53.4129
52.4241
52.7281
53.3688
53.2327
52.0155
50.5293
49.9322
49.9098
49.1853
48.3747
48.1304
48.3018
48.4314
48.0384
46.9234
45.0975
42.4207
38.583
33.6949
28.3884
22.4396
15.9939
9.84553
3.94817
1.5293
3.39189
6.38916
7.00534
4.34828
-0.372394
-1.64868
2.04777
5.85191
8.06078
8.95357
8.2386
5.13302
-0.0856886
-4.96429
-6.21504
-5.65196
-5.72025
-7.78537
-10.9795
-11.3594
-8.71215
-7.29463
-8.37717
-10.97
-12.9103
-12.7802
-11.6457
-11.4669
-18.6423
-20.1983
-20.4553
-17.6187
-13.9539
-12.6071
-13.3937
-14.5204
-13.3877
-11.3243
-10.9018
-13.3308
-17.1088
-17.5448
-16.7737
-18.5379
-22.199
-23.8037
-22.4618
-20.1114
-19.0855
-20.013
-21.7803
-21.6218
-19.5265
-17.2143
-16.2289
-16.4273
-18.3273
-20.1676
-18.7638
-16.5049
-16.3864
-18.0017
-18.9524
-18.3664
-18.2863
-20.0664
-20.8302
-17.6237
-12.9727
-10.1077
-8.83539
-9.49936
-12.0235
-15.2042
-16.9801
-16.6668
-13.893
-10.5583
-6.07296
24.1238
40.0234
50.0307
54.8414
55.73
54.6002
54.594
56.4545
58.3298
58.8994
58.0193
56.4877
55.623
55.1597
53.9237
51.9235
49.9977
49.3907
49.5823
48.8992
47.1582
44.4898
42.3119
41.6337
41.2159
40.0593
38.2107
36.3687
34.5145
31.6252
26.6951
19.8734
13.2921
8.22151
4.70349
-0.284818
-3.98888
-6.34706
0.617008
8.13456
11.4886
10.8688
6.80156
1.77566
-0.947881
-0.339042
2.09156
3.7235
3.49961
2.23588
0.239835
-2.9467
-5.91208
-5.86488
-4.82648
-4.35092
-5.43933
-8.18892
-11.7726
-14.1685
-14.0061
-12.4201
-12.0244
-13.2682
-13.9283
-13.477
-13.073
-22.9121
-26.4198
-24.5121
-22.2475
-19.9926
-18.545
-18.6233
-19.9377
-21.6014
-23.0673
-24.0306
-22.741
-20.5498
-18.7607
-17.2622
-16.7204
-17.5273
-19.7588
-21.9274
-22.2037
-20.4019
-19.2535
-20.2652
-22.193
-20.9404
-17.824
-15.7665
-14.3011
-12.8577
-12.018
-12.7755
-14.9169
-16.5843
-16.2158
-15.9534
-17.6326
-19.9328
-20.1192
-18.528
-16.8666
-16.5314
-18.0386
-20.8841
-23.313
-24.4046
-25.1021
-23.93
-22.1229
-20.4056
-15.5228
-5.82982
26.4119
42.0333
49.9708
53.2166
54.3538
56.397
58.5359
59.1191
58.968
59.8536
61.0447
61.0712
60.9979
61.629
61.7076
59.5758
55.6113
52.4517
51.0408
49.2503
46.0315
43.3696
42.2094
41.6871
40.6923
39.3072
37.6381
35.9678
33.8654
30.8417
26.2891
20.2993
12.7603
5.54929
1.55327
-0.171723
-1.50476
-5.37667
-3.97023
2.10598
5.3116
4.63799
1.47226
-1.58288
-1.38969
1.87969
5.23462
6.72215
5.96225
2.6925
-2.68125
-7.81389
-7.60785
-5.0213
-4.13196
-5.97779
-10.3792
-14.4556
-15.4437
-16.0631
-17.1393
-17.6597
-17.2437
-16.1143
-15.5402
-17.3036
-21.4244
-12.6667
-14.1425
-15.7222
-17.2332
-18.6833
-20.7732
-22.9583
-23.1494
-22.7724
-22.5896
-22.44
-21.9942
-20.5007
-17.7847
-15.1376
-14.4452
-16.4501
-20.5288
-21.9955
-18.7949
-16.3905
-17.1605
-20.2189
-21.5366
-19.2042
-16.3379
-15.2765
-15.4013
-15.1288
-13.5208
-12.6819
-14.393
-18.3463
-21.6049
-23.12
-23.6422
-21.596
-19.2345
-19.3061
-21.9003
-24.8558
-24.7685
-21.4634
-19.5469
-19.0415
-19.2266
-18.9803
-18.8576
-18.3111
-9.23331
5.81725
32.2783
47.8774
57.7276
63.0991
65.405
66.8355
69.2892
71.3664
71.4354
70.7513
71.6649
73.1176
72.6117
69.5418
64.8501
61.4958
59.9277
57.6662
55.1703
53.6389
52.2206
49.3195
45.6531
42.8101
42.4714
42.8403
41.9921
39.185
35.4309
33.2614
31.972
29.8248
24.9834
17.2045
9.28134
1.02065
-4.28897
-4.59162
7.5875
18.2007
23.4525
24.1613
21.1137
16.0081
12.5581
10.9314
10.1727
9.59528
7.94793
4.1805
-0.328268
-3.11631
-4.72075
-5.13283
-4.09695
-4.28543
-7.52349
-11.4442
-11.4088
-11.0307
-12.0799
-13.0428
-13.5038
-14.9685
-16.2723
-16.0092
-14.9579
-17.0908
-15.8968
-15.2236
-15.7737
-16.9816
-17.6647
-18.3127
-20.8807
-24.9715
-26.3661
-22.4441
-18.9251
-18.2018
-19.2646
-20.4193
-21.8166
-23.5852
-23.8568
-21.5691
-20.0352
-21.0319
-24.0019
-27.282
-26.8981
-23.9293
-21.2857
-20.6468
-21.4864
-22.7186
-22.1871
-21.2805
-20.866
-20.2617
-19.4235
-19.1565
-19.4735
-19.7793
-19.8182
-20.5111
-21.1882
-20.3058
-18.5014
-17.0472
-16.7008
-17.4519
-19.3561
-20.8922
-19.8753
-17.7643
-4.4939
19.6086
38.8567
53.8338
63.5757
68.7759
70.7096
71.519
73.4673
76.2662
78.2198
78.5951
77.231
74.4105
70.7792
66.7882
63.6987
63.2455
64.1226
64.7244
64.7414
64.2589
63.4727
62.5835
61.3748
59.2742
56.7703
55.2746
54.8412
54.0196
52.4332
50.1849
47.0874
42.9536
37.0998
29.3404
22.0259
18.7119
16.3657
12.6916
13.7495
21.1968
25.7669
26.1624
23.6914
21.4816
20.9249
19.7424
18.1152
17.2433
15.6536
12.6045
10.1837
9.80241
8.88629
5.2718
0.0140479
-3.69843
-4.61754
-4.88165
-5.96312
-8.86405
-13.1043
-16.163
-16.6804
-15.9554
-15.0877
-14.2908
-13.4602
-25.4633
-24.0892
-18.5941
-14.3778
-13.0515
-14.8408
-18.5993
-21.8816
-23.7181
-24.7133
-25.3323
-26.488
-27.2084
-27.5307
-27.4696
-26.0933
-22.9751
-20.5787
-20.0353
-20.6061
-21.0954
-21.9244
-24.4947
-27.5325
-26.6998
-23.961
-22.5529
-23.275
-24.5313
-23.9085
-22.152
-21.305
-21.3793
-21.8903
-23.0439
-24.2734
-22.6984
-20.3624
-19.8313
-20.7209
-21.2157
-20.4377
-18.5223
-17.7672
-18.6162
-20.5307
-20.9653
-19.8016
-19.0013
-2.45581
15.7648
43.7913
60.0687
69.8888
74.201
74.3071
71.9687
71.8459
74.5205
76.1312
76.1057
74.8972
72.3948
68.1606
63.6568
62.7121
64.8229
67.0146
67.929
67.4578
66.3517
65.6719
65.4094
65.6397
66.7393
68.1511
68.6166
67.4872
65.0744
62.0739
58.5999
53.8065
47.3729
39.1563
29.1378
18.3855
12.8257
14.3134
18.234
21.8638
24.9386
26.8276
27.3124
28.5714
31.8569
34.0491
33.9432
32.329
30.1793
26.9136
21.5317
14.9919
10.0954
10.4777
11.4769
10.0247
6.46057
3.5403
1.89528
-1.57091
-7.81038
-14.8986
-18.4868
-18.5926
-16.741
-14.1373
-12.8812
-13.6711
-19.3031
-21.502
-17.3159
-12.0441
-9.93246
-11.9303
-17.7902
-23.8171
-23.6252
-22.2299
-23.1862
-26.6711
-28.4008
-25.9948
-23.8615
-22.713
-20.343
-18.996
-19.7362
-21.1646
-21.6156
-22.2893
-24.8165
-26.9704
-25.9942
-23.2055
-21.678
-22.0807
-24.0023
-24.5898
-22.8038
-21.0583
-21.023
-22.6226
-23.6103
-22.598
-20.9158
-20.3986
-21.6266
-24.1114
-24.2423
-19.9472
-16.3888
-16.2262
-19.5892
-25.9914
-29.7857
-24.3042
-18.6623
-6.73591
10.9378
32.2947
48.1484
57.1099
60.6123
59.4534
54.2164
51.7347
58.696
64.2332
65.5695
62.9334
57.0427
52.8649
55.3001
59.7967
63.0895
63.7505
62.1636
61.0588
62.8245
64.8682
65.1881
63.7517
61.3055
59.5741
59.4479
59.5552
58.4469
56.2483
53.5497
49.8854
44.4791
36.7001
25.566
12.3093
9.12832
12.9716
16.7207
19.167
21.399
23.9845
26.0815
27.9347
29.8549
30.9414
30.4721
28.4404
25.2334
21.0394
16.4195
12.236
9.02307
8.79499
9.92046
9.09596
5.30059
-0.828828
-7.31437
-10.79
-11.2865
-12.0959
-13.7285
-14.9614
-14.3543
-12.223
-11.0387
-12.3476
-19.8004
-22.8191
-23.5636
-24.1843
-24.0352
-24.2794
-25.2453
-25.934
-24.6813
-23.4478
-23.1501
-22.801
-21.9808
-21.4558
-22.094
-22.5655
-21.5992
-21.5356
-23.8567
-26.5998
-24.7142
-21.4136
-19.9563
-19.8446
-20.6152
-21.0388
-20.8574
-20.7885
-22.7249
-26.0831
-27.1173
-25.1339
-23.54
-23.2488
-24.3874
-27.5765
-31.9142
-35.2775
-35.9989
-34.961
-31.6729
-25.5477
-20.9407
-20.1282
-21.8224
-23.7802
-24.5447
-25.177
-24.5258
-19.5531
-0.869106
12.9209
24.1368
32.4473
35.5631
36.0058
34.6364
33.9287
34.3909
36.2451
37.8857
39.0443
39.9173
43.1056
48.4753
52.7458
54.9977
55.662
55.4758
55.5071
56.3824
58.2667
60.1852
60.5772
58.5541
54.1525
49.4705
47.9777
48.2714
47.6768
45.6653
42.4294
38.2237
32.4596
23.904
14.5327
13.3433
14.3599
13.1246
10.7039
11.887
15.0279
16.065
14.3639
13.2165
15.6943
18.4539
18.8227
16.788
13.3925
10.2118
7.99894
6.13964
3.51907
-0.759338
-6.63917
-11.9855
-15.581
-17.5134
-16.2096
-13.53
-12.6775
-13.938
-16.0757
-17.9721
-18.2368
-17.7359
-17.8153
-23.088
-23.1056
-25.5281
-30.3393
-32.9114
-31.4758
-28.5574
-24.3978
-20.9943
-20.0583
-22.2022
-27.0939
-30.9809
-30.2633
-27.8397
-27.6918
-27.6823
-27.3533
-28.5217
-32.5743
-37.0958
-33.8857
-28.8395
-26.3741
-26.8973
-28.5539
-29.2435
-28.9033
-29.7601
-31.8157
-33.1989
-33.6345
-32.2188
-28.8419
-26.7419
-27.4368
-30.0364
-32.8674
-35.4572
-36.6332
-34.8524
-34.1498
-34.9253
-36.6818
-33.5681
-28.6378
-26.5659
-27.7153
-30.1848
-24.9629
-8.27989
8.88149
18.9728
24.7328
25.0967
22.8876
19.7642
20.6363
23.1196
25.1774
27.3802
30.3356
33.7969
38.1427
42.3688
45.3847
46.7717
46.4393
44.4994
41.0547
37.2826
35.2563
35.5447
36.5685
36.7046
35.8336
34.6731
34.1763
34.4511
33.801
32.0613
29.8813
27.0904
22.7156
16.6709
11.5804
10.3497
9.14082
6.47008
3.32479
0.293067
-0.710979
2.11946
5.74729
7.51708
7.08732
5.52117
3.78237
1.84033
-1.01779
-6.1023
-12.3655
-13.6671
-11.6691
-11.9501
-14.8266
-18.0663
-18.2945
-16.5308
-15.8045
-17.0265
-18.9241
-20.4568
-21.2335
-21.0348
-20.9631
-22.5473
-25.6107
-25.2858
-29.3491
-33.4362
-35.945
-34.4615
-33.3858
-32.3044
-30.1606
-27.8268
-27.1033
-28.1089
-30.5232
-33.4121
-34.2223
-31.8568
-30.6589
-29.7156
-29.1234
-29.1041
-30.8359
-34.8843
-37.9676
-36.3526
-31.4626
-28.5706
-27.8436
-28.3686
-28.7322
-29.7393
-31.8945
-33.0979
-32.0509
-30.6701
-30.3771
-31.237
-31.3275
-30.0425
-30.2067
-32.7806
-33.711
-30.1809
-26.9627
-26.4042
-27.4528
-28.1567
-29.4351
-31.7318
-33.2868
-31.9977
-26.4104
-14.0514
4.54802
18.1637
27.5672
31.173
31.3644
28.2935
24.3732
24.7058
31.4823
38.6329
43.307
45.3997
46.9523
49.2072
50.6582
50.1686
48.1265
46.3788
46.1595
46.3975
45.5645
42.8498
38.6494
34.8135
32.7241
30.5515
28.0477
25.7315
22.8327
19.7485
15.6652
12.1978
9.42645
6.54369
1.63743
-2.47913
-5.98684
-4.68599
1.71741
8.07914
10.7365
9.27072
4.05683
-1.34712
-1.30718
-0.244103
0.0405863
-0.999103
-3.39839
-5.54889
-6.30187
-7.54032
-11.3211
-17.798
-24.1995
-27.5263
-28.3767
-29.7988
-33.774
-38.1297
-37.0474
-33.4194
-30.9826
-31.0047
-30.52
-29.68
-28.7612
-23.737
-29.2653
-36.0466
-40.9456
-36.8355
-30.7412
-27.1439
-26.6364
-28.2597
-29.6917
-29.6959
-29.8824
-31.1572
-33.4475
-35.4092
-36.945
-37.2938
-36.3986
-34.6277
-34.4555
-36.2264
-36.6886
-34.0728
-31.3799
-31.1311
-30.0861
-28.0181
-26.6039
-27.5885
-30.2762
-32.7972
-33.6051
-32.9631
-31.7866
-30.9033
-30.5524
-31.0634
-32.6231
-35.6166
-38.1088
-38.6839
-39.347
-39.0118
-37.0501
-33.8055
-32.3187
-31.3012
-29.2321
-27.1526
-24.966
-10.3191
7.73421
21.1145
29.2209
32.0953
32.5487
33.5606
37.1724
41.6933
48.145
54.3471
58.5557
60.3001
60.828
61.0132
60.402
58.4056
55.966
54.1205
52.0047
49.4459
47.9086
48.0086
48.4864
48.5162
47.4243
45.0404
42.3106
40.257
39.3932
38.0992
35.4813
30.6366
23.3474
13.7465
1.87165
-4.22615
-11.0782
-5.2314
9.54207
19.5237
23.9032
23.6849
19.3176
12.5272
9.43868
10.0586
10.1086
8.04923
5.89187
5.92348
5.86661
2.87773
-2.93189
-9.72825
-15.507
-19.619
-22.934
-24.3091
-23.3696
-21.8464
-20.5835
-19.3193
-19.1381
-21.1457
-24.7759
-27.7107
-29.5966
-41.9336
-44.0908
-43.4949
-41.7643
-37.3392
-32.5229
-29.1985
-27.7799
-28.3897
-30.8748
-34.6849
-37.4707
-37.4323
-36.6663
-35.744
-35.7239
-32.9476
-30.333
-29.5446
-30.8399
-33.1029
-32.9848
-30.1192
-28.2402
-29.3336
-33.0168
-38.7593
-41.4176
-42.4794
-41.5156
-39.4498
-35.2646
-32.4867
-32.6218
-34.8811
-36.0667
-35.153
-35.6121
-38.4738
-41.3768
-41.5121
-41.4565
-39.3202
-38.9717
-38.3549
-38.6019
-37.7729
-35.2316
-33.5561
-29.6159
-8.92338
14.1315
26.9765
34.582
37.8407
40.6734
45.2453
50.2735
54.5695
58.1778
60.4118
61.4716
61.9652
61.9764
60.8003
58.322
55.3462
53.1371
52.2828
51.7276
50.1858
48.245
46.0009
42.7465
39.645
39.5179
40.2964
39.6934
37.8834
35.1742
31.6127
27.3088
22.0227
15.095
6.10898
-4.75209
-11.5119
-18.8274
-6.84971
10.7987
21.1345
26.2029
27.0475
24.1388
19.2716
19.0577
22.9941
24.5967
22.9141
18.4823
13.0981
8.49177
3.22515
-3.44604
-10.197
-13.8352
-15.3545
-17.6727
-20.9697
-22.9802
-23.4849
-25.6226
-30.5735
-34.9121
-35.4933
-35.3963
-36.167
-37.0916
-33.8772
-34.175
-34.5023
-36.2612
-37.7461
-36.0738
-33.4736
-33.978
-37.4302
-39.4073
-37.7349
-36.26
-35.8796
-35.2002
-33.8781
-33.5443
-32.5828
-32.709
-34.0678
-36.307
-37.0376
-35.6322
-34.6681
-34.4452
-35.8798
-38.9471
-44.8729
-46.2691
-42.254
-39.4833
-38.8895
-39.5034
-38.8753
-37.5256
-36.5836
-36.0159
-35.3147
-34.1564
-33.625
-33.9722
-34.6955
-35.3218
-35.0996
-33.2388
-30.05
-29.4453
-31.7905
-36.36
-39.4403
-29.4997
-2.19193
16.1239
29.7665
39.842
47.1646
52.6647
57.3072
60.6541
62.8502
64.5033
65.4389
64.8844
62.5609
59.9048
58.4196
57.6585
57.0572
56.4641
55.7704
54.5167
52.3034
50.0364
49.475
49.9295
49.7297
48.108
44.7768
40.4565
37.6434
37.3569
36.7764
34.5083
30.3322
23.9403
15.2999
5.8129
-0.170753
-7.43531
1.68297
19.5644
31.0554
36.5232
37.2055
33.7358
27.9289
25.7557
26.7014
27.0912
25.8731
22.533
16.3719
7.13743
-1.05385
-5.66952
-9.6004
-13.1259
-15.606
-17.4625
-18.8831
-20.6889
-24.2328
-29.9635
-35.7059
-38.6573
-40.6761
-41.874
-40.832
-36.3314
-30.6743
-33.7189
-34.6021
-35.4404
-35.5083
-33.4158
-31.4286
-32.1677
-36.2932
-40.4492
-40.9244
-39.4759
-37.7613
-37.4982
-37.5682
-37.0875
-34.6274
-33.5977
-34.4346
-35.3652
-35.0813
-34.1283
-34.4071
-35.6834
-37.8317
-39.7345
-40.6974
-38.8244
-37.7228
-38.3548
-40.0058
-39.1683
-37.4049
-37.7442
-40.0789
-42.5001
-41.2418
-36.8451
-34.674
-34.9669
-36.989
-37.3441
-35.7569
-35.371
-34.8694
-34.8078
-35.2555
-37.0974
-40.2087
-24.6304
6.19565
29.1445
43.7207
52.7509
57.467
59.3915
60.7564
62.9274
65.4084
67.2204
67.6524
66.5394
64.7459
63.7222
62.9269
61.3093
59.2438
57.9905
57.5718
57.5482
57.6425
57.4317
55.9973
52.964
49.4331
47.331
46.7053
46.041
43.8724
40.2993
36.5981
33.4765
29.0993
22.2798
13.1732
4.91715
1.42762
-2.57075
1.4931
16.5521
26.6429
31.1126
31.0606
27.3185
22.2668
20.1966
21.0409
23.7836
25.5891
24.3833
19.6683
13.4317
10.6858
8.29585
2.89446
-6.25015
-14.8726
-16.8298
-16.6447
-17.1627
-18.3153
-20.1433
-23.4343
-27.913
-32.3866
-34.4852
-33.4099
-30.5368
-31.4812
-37.5899
-39.619
-38.2867
-35.7986
-33.7112
-31.9723
-31.1817
-32.1617
-34.2707
-37.4721
-41.7376
-43.186
-41.0913
-38.7567
-38.6116
-38.6566
-38.9834
-37.4493
-36.2621
-37.2629
-39.2429
-39.2508
-35.4958
-32.6519
-31.1353
-31.3201
-32.0468
-33.2496
-34.5191
-35.0427
-33.9778
-32.2823
-30.8421
-30.0508
-31.0724
-33.8588
-36.1923
-37.028
-37.6639
-38.9483
-38.2278
-35.2522
-33.6558
-34.0449
-36.3227
-38.2306
-39.5547
-40.6977
-23.1805
-1.13659
18.8799
36.243
48.3919
55.412
58.8814
60.5849
62.4259
64.877
66.8221
67.7879
67.7405
66.6233
64.6198
62.5938
61.361
60.4333
59.571
58.9628
58.5986
58.4239
58.1039
56.9608
54.9972
52.987
50.7286
47.9626
45.9136
45.1758
44.7229
44.0721
42.8133
39.9976
34.6223
25.9666
14.0274
3.38888
-3.29218
-3.18465
7.20381
17.0618
22.5221
24.1658
22.9
20.3073
18.0866
15.7441
12.5497
9.85117
8.1079
6.63921
6.12577
5.78242
3.18827
-2.44214
-9.67207
-15.8084
-19.4918
-21.7855
-24.2759
-28.1572
-32.6128
-34.4578
-32.9709
-31.2857
-29.9036
-29.8521
-30.5025
-34.0585
-40.244
-44.0174
-44.7295
-41.4104
-36.5916
-32.4658
-30.5417
-31.2881
-33.2419
-34.5815
-34.4721
-33.5699
-32.9378
-32.7127
-32.8687
-32.613
-32.6778
-33.2432
-34.2484
-33.6012
-31.2726
-29.7902
-29.518
-30.4256
-32.1967
-36.2198
-40.6121
-41.5816
-40.8847
-38.3261
-34.631
-31.7959
-30.3141
-29.7405
-30.2457
-32.0982
-34.8465
-37.8778
-40.291
-41.4332
-40.8646
-37.9419
-36.8787
-37.7824
-40.4639
-43.4016
-44.3147
-42.3915
-24.3772
-9.35636
9.20199
23.4411
34.9029
42.5792
47.0246
49.9099
52.9043
56.2755
58.6048
59.182
58.6483
57.7216
56.6494
55.1972
54.0515
53.6185
53.0677
51.8565
50.3201
49.3012
48.1375
46.1953
44.4471
43.3638
41.6804
39.6774
38.2384
37.0495
36.0903
35.9969
35.7643
33.4555
28.1893
19.9876
10.4281
2.41599
-4.07653
-4.73615
6.15271
15.3448
20.454
22.058
20.771
17.6281
14.8336
14.7019
15.3623
14.2566
10.7471
5.55929
0.645188
-2.9108
-5.59025
-8.51103
-11.7463
-15.4532
-19.7102
-23.0939
-25.0808
-26.1943
-27.6264
-29.4462
-29.7803
-29.5143
-29.1234
-30.2776
-32.4511
-33.2246
-34.9712
-37.1644
-39.7846
-41.9958
-42.9772
-39.9877
-36.7568
-33.7932
-29.7671
-27.4498
-27.8835
-30.1504
-32.6718
-34.3458
-35.8439
-34.5419
-33.9066
-35.2957
-36.4171
-33.4409
-28.5266
-26.2181
-26.9712
-30.3611
-34.5779
-37.6178
-37.6413
-37.1437
-37.7942
-38.4706
-36.875
-34.0991
-31.912
-30.8905
-31.5513
-34.0372
-38.2684
-42.3543
-42.7644
-40.0896
-39.2293
-39.782
-40.8673
-39.9819
-40.3146
-41.6626
-41.4799
-39.6955
-25.4906
-4.27064
17.0051
31.924
42.0253
46.7196
47.3389
44.9617
42.3434
43.0303
47.8738
52.7677
55.0913
55.1234
54.8799
55.6457
56.6693
57.0365
56.9405
56.0138
53.9434
51.2497
49.6488
49.2233
47.9718
45.1004
41.0576
38.1739
38.1022
38.17
37.4556
37.3236
37.1813
35.2631
30.767
23.6964
14.4145
4.52903
-2.93895
-2.67121
9.75695
20.255
25.3837
26.0572
23.2442
19.6919
18.7575
18.1081
16.4906
14.9682
13.5628
11.6477
10.563
9.8957
7.39617
3.08921
-1.28654
-5.89423
-12.6637
-19.9514
-23.7661
-25.6431
-27.5056
-29.5887
-32.0784
-35.2626
-35.7599
-34.2954
-32.6659
-37.4011
-38.2848
-37.1347
-37.9035
-39.7942
-39.7256
-35.2851
-31.614
-30.3964
-30.6535
-30.9512
-31.3512
-32.8049
-35.3593
-36.9645
-36.8102
-35.8401
-36.1102
-37.8559
-40.0034
-40.1177
-37.319
-35.387
-35.808
-38.203
-39.2257
-38.7523
-37.4335
-36.6204
-35.3388
-34.0199
-33.0128
-33.0632
-34.1781
-34.8336
-35.8178
-37.8007
-39.3169
-38.2027
-35.6457
-34.4166
-34.8449
-36.1248
-38.2791
-38.9252
-38.0027
-36.7779
-37.0733
-39.3659
-25.8171
-6.66934
16.4458
30.6656
39.7973
44.8432
46.6804
46.4702
46.1177
47.6579
50.4862
52.822
54.2774
55.2283
55.9867
56.5089
57.0706
57.63
57.3912
56.0543
53.9733
51.7103
49.3841
46.8246
43.5426
39.6756
36.6376
34.7826
32.8478
31.4366
31.4012
32.0464
32.0492
30.0928
25.1783
16.7004
4.1582
-8.22347
-13.4473
-10.1076
2.03899
14.8764
22.5378
25.4815
24.3045
19.874
14.7258
11.1553
6.93735
2.27743
0.330412
0.29966
0.989641
0.846091
-1.8816
-7.31577
-12.594
-15.5477
-18.8666
-22.1221
-23.708
-25.5467
-29.9679
-36.3933
-39.7774
-40.0308
-36.7856
-33.8718
-32.3991
-36.505
-41.4842
-42.6917
-43.0165
-42.5471
-42.9619
-43.6001
-45.9171
-46.6765
-43.3496
-41.1438
-40.661
-40.9543
-42.2279
-43.758
-46.8235
-46.0755
-43.5429
-39.7904
-37.0832
-36.6775
-37.0271
-37.7557
-38.505
-37.3995
-34.2539
-33.2037
-35.0554
-39.2986
-40.7045
-39.2874
-38.9317
-40.8455
-43.8344
-43.8692
-40.7828
-37.3121
-35.4934
-35.8125
-37.3573
-38.9674
-38.6691
-36.1674
-35.4505
-35.3224
-34.9215
-34.5989
-35.3472
-35.4736
-29.5653
-17.7665
-2.51376
10.2876
20.8168
26.9793
30.2799
32.2769
34.8713
38.4461
41.216
42.4172
43.6902
44.6154
44.8975
44.9002
45.2928
45.1523
43.7617
41.711
39.461
36.667
33.7943
31.95
30.6053
28.131
24.2671
20.6
18.9123
19.4503
20.4964
20.7887
20.1087
17.6716
12.9401
5.93981
-1.273
-6.82946
-13.5728
-17.2363
-10.6074
1.3896
8.44894
10.8237
9.02853
3.69233
-2.68086
-6.75963
-9.51032
-11.2859
-11.8396
-13.9587
-18.8616
-24.5588
-27.8316
-30.5107
-33.3937
-37.3911
-42.5182
-44.3499
-43.4219
-42.3196
-42.44
-43.2993
-41.9597
-40.5944
-39.401
-39.9347
-40.8485
-34.212
-34.3433
-33.7907
-33.877
-33.8724
-34.3871
-36.0783
-38.959
-41.6983
-42.1735
-43.2381
-45.0924
-43.8624
-40.897
-39.438
-40.9408
-42.0952
-40.9366
-38.6847
-37.2028
-36.9011
-36.968
-37.9711
-38.8109
-38.7336
-38.1998
-39.2634
-39.7768
-40.293
-41.4726
-43.0083
-41.1667
-37.9716
-36.5871
-36.7596
-38.1486
-40.4461
-42.8706
-43.2056
-40.8705
-38.8871
-39.2304
-39.316
-40.0123
-38.7328
-35.9279
-33.4779
-32.6294
-32.8481
-29.6854
-25.898
-2.94352
8.30496
18.1088
22.6407
24.574
24.6137
25.3708
27.8287
30.5378
32.6519
34.4715
34.8891
34.5089
34.0587
34.1626
34.0272
33.1257
31.18
28.9706
26.7606
26.3349
26.4685
25.3155
22.3681
17.75
13.3409
11.4564
10.9378
10.1948
9.57368
9.32216
7.79924
3.65554
-1.9952
-7.09642
-11.9204
-14.5092
-16.3522
-12.793
-1.04117
7.93758
12.723
13.8231
11.866
7.57798
2.53031
-0.611246
-1.04128
-2.17898
-5.89399
-11.6732
-15.7552
-16.9641
-19.0398
-22.5454
-26.7303
-31.4956
-37.4231
-40.556
-39.4833
-38.955
-39.419
-38.6829
-39.081
-40.822
-43.9562
-45.5575
-35.9419
-37.1806
-37.1092
-36.2288
-33.7312
-31.6805
-30.9973
-32.1303
-34.3483
-35.9158
-37.3921
-40.1989
-41.7564
-40.1406
-38.3357
-39.087
-40.0203
-39.4004
-37.5358
-36.8106
-37.6527
-37.8531
-37.9395
-38.9349
-40.4138
-40.7363
-41.9517
-41.6544
-41.377
-41.1748
-40.9239
-37.287
-33.003
-31.0889
-32.1428
-35.4486
-39.4869
-40.861
-39.1088
-36.8786
-35.4573
-34.5866
-33.5318
-33.6249
-34.2344
-34.8776
-34.8868
-34.1873
-33.5552
-29.5825
-16.8885
-0.535061
9.48733
18.1927
22.4375
23.6179
22.3865
21.5339
23.2502
27.13
30.2595
31.851
31.8365
31.5241
31.6409
31.6262
30.5779
28.7311
26.6888
25.0718
22.4826
20.1294
18.4986
16.7425
14.1365
11.1735
9.64958
8.84078
8.67669
9.05391
9.30628
8.63579
5.45317
-1.28538
-10.6407
-18.6026
-22.2245
-27.2823
-25.2533
-10.8163
2.1943
10.0342
13.0066
11.6495
6.25195
-1.54653
-6.21381
-6.55505
-5.81886
-5.59376
-7.48271
-11.5937
-16.1244
-18.5625
-19.5946
-20.694
-23.0591
-26.8282
-31.3338
-35.3762
-38.4473
-39.9159
-39.2377
-38.2328
-39.495
-40.4567
-41.6128
-42.6356
-25.9359
-28.2244
-30.5713
-34.2262
-37.2778
-37.0951
-34.3627
-32.7273
-33.1972
-34.6135
-36.3455
-38.435
-38.6869
-36.6063
-34.7943
-34.6096
-33.9539
-31.6345
-29.649
-30.2076
-33.7833
-37.9822
-38.853
-38.4661
-39.8947
-41.85
-43.0805
-39.6524
-35.8803
-33.4341
-32.0761
-31.0947
-31.0681
-32.8342
-35.1283
-35.7585
-34.6654
-34.5634
-36.1018
-38.2186
-39.3017
-38.0721
-35.6748
-36.3717
-38.8545
-41.5718
-41.3189
-39.2297
-37.2053
-29.2913
-16.5733
0.392935
10.3108
16.6671
18.46
17.8823
15.7861
15.3879
18.2859
22.8219
26.1767
28.4033
29.0373
29.5115
29.7583
29.2299
27.5279
25.6742
24.2505
23.3278
21.1813
19.1688
16.7816
13.8961
10.4911
7.09403
5.35666
4.39823
2.9013
1.77493
0.162774
-1.49219
-5.30812
-11.8998
-17.8595
-24.3914
-27.0141
-31.5225
-31.0122
-16.5461
-3.07533
4.65273
7.48226
5.88481
0.183022
-7.71571
-11.7507
-12.414
-12.5143
-13.1138
-14.9517
-17.8056
-20.511
-23.0296
-25.8395
-29.9659
-33.8839
-34.6854
-34.3752
-34.7114
-35.6573
-37.167
-38.6505
-38.64
-39.3524
-39.8899
-40.8375
-40.1348
-28.2734
-29.1229
-30.1394
-32.782
-34.816
-34.9046
-33.3188
-31.8227
-31.3094
-31.2516
-29.9431
-27.0321
-24.6846
-24.4107
-26.4212
-30.563
-33.396
-32.7883
-32.1337
-32.9098
-34.9698
-35.9824
-34.5775
-32.4761
-31.9919
-32.4912
-31.7034
-29.2083
-28.4333
-30.6229
-34.7182
-37.0671
-36.4346
-36.099
-36.0916
-34.8519
-32.1893
-29.7526
-28.8894
-30.2099
-33.8
-36.3987
-34.5084
-32.5819
-31.4224
-31.3908
-32.9517
-36.2435
-39.3353
-28.0801
-13.5696
1.1712
10.7364
17.0361
18.6673
17.8058
15.171
13.4699
14.2425
16.6641
16.6184
18.4787
18.2666
18.4854
17.986
16.9259
14.9803
13.9514
13.5375
14.9967
13.0002
9.80741
5.92672
2.90818
1.17826
-1.57885
-3.28676
-6.56174
-7.54264
-6.33253
-8.42351
-10.3133
-14.3674
-20.3315
-22.3607
-25.749
-27.2697
-29.9666
-28.6234
-18.7266
-8.21511
-1.88199
0.474616
-0.875631
-5.35615
-11.4097
-15.9459
-17.7848
-18.6278
-19.2225
-20.3094
-22.8173
-24.5671
-24.588
-24.469
-26.2888
-29.022
-30.8161
-32.0853
-32.8709
-31.7157
-29.7021
-27.3675
-25.0314
-24.8712
-27.502
-32.2174
-34.2873
-34.6801
-35.199
-33.3042
-33.2083
-35.0946
-37.8795
-39.2476
-38.2767
-36.0321
-35.3275
-36.0302
-34.9492
-31.9829
-30.726
-31.9741
-35.5401
-37.0239
-35.3725
-34.2833
-35.0212
-36.3165
-35.9141
-34.3587
-32.6581
-32.7026
-33.7699
-33.6886
-30.8184
-29.0463
-29.7652
-32.6755
-34.6676
-34.5316
-35.4308
-37.5868
-37.454
-34.1563
-31.1433
-30.5606
-32.8301
-36.7244
-37.61
-34.2763
-31.273
-29.4558
-29.1217
-30.2217
-32.4555
-33.518
-26.8781
-18.8284
-4.76131
3.79673
11.9086
15.0907
15.5847
12.5694
8.4584
7.6928
11.2541
11.6821
14.3642
12.0743
12.6979
13.2385
13.6373
12.7347
11.5505
11.1918
13.342
12.1965
10.3897
7.42594
3.90208
0.525483
-2.01355
-1.47549
-2.43117
-4.18532
-5.55336
-8.73136
-11.8306
-17.1949
-24.1695
-24.787
-26.9682
-29.6283
-33.923
-28.8821
-20.7322
-11.884
-6.10239
-3.52839
-4.34788
-8.44985
-15.4407
-23.5978
-25.3933
-23.6863
-22.302
-23.4227
-25.5107
-25.8721
-25.6576
-26.5391
-28.8336
-31.4503
-32.5289
-32.9886
-33.1779
-31.8301
-30.4952
-30.5439
-31.2205
-32.2791
-33.3883
-35.3175
-37.5681
-37.3689
-37.7618
-37.6402
-38.2783
-38.2003
-36.0277
-33.9987
-34.5501
-37.1597
-39.1942
-39.5024
-39.1869
-38.3153
-37.2217
-36.1013
-34.9741
-33.1749
-32.8445
-33.6402
-34.4321
-34.3912
-33.6234
-33.1719
-32.9474
-32.3019
-30.5074
-28.901
-29.016
-31.8167
-36.844
-40.3633
-38.8511
-36.727
-35.6243
-34.5875
-34.5755
-36.1976
-37.9665
-37.9396
-37.0084
-36.7096
-36.3502
-34.2331
-33.0309
-32.7594
-34.0271
-36.0103
-37.7396
-38.5496
-31.7014
-21.6101
-12.3155
-4.20425
4.35331
7.40697
9.95897
9.09357
6.0015
2.68127
5.36576
3.00697
7.55374
2.66953
4.37455
3.63985
4.1013
5.46845
8.8957
10.8617
12.8928
10.9006
7.88311
4.88625
2.85934
2.27332
2.74877
3.92043
3.10039
0.996683
-1.63272
-5.62479
-9.56241
-14.3611
-19.885
-23.1009
-27.0032
-31.6216
-35.4018
-30.5292
-19.1841
-7.77295
-1.53539
0.0961502
-2.67854
-9.60746
-18.713
-24.5616
-26.9774
-30.9037
-34.3905
-35.128
-33.7468
-32.5823
-33.2004
-35.0137
-36.7545
-37.2751
-37.2748
-37.2822
-37.7787
-37.7941
-37.078
-37.1939
-38.5176
-41.1807
-42.2026
-41.3883
-39.8183
-34.9481
-37.3294
-38.2504
-39.784
-41.005
-40.5711
-38.7175
-37.4284
-35.3468
-31.9676
-29.8589
-30.1718
-32.222
-33.9677
-33.831
-33.7463
-33.3385
-32.7045
-31.6363
-31.4316
-33.2729
-36.905
-39.2409
-37.7883
-36.2059
-35.485
-35.6588
-36.1127
-37.7415
-40.2604
-42.3169
-42.5478
-41.3328
-38.6026
-34.9256
-33.1253
-33.71
-34.9889
-34.663
-33.4882
-33.7487
-34.8271
-34.8967
-34.9139
-35.2644
-36.4991
-38.2675
-40.7012
-42.3387
-35.9382
-25.8991
-14.0155
-9.41064
0.171069
1.28087
4.02526
3.35366
3.19553
7.29263
13.0101
13.1979
14.433
12.4133
13.883
14.3605
13.856
12.5848
12.1284
11.0784
11.6882
8.24421
5.76772
4.82272
5.51027
6.1372
5.31254
4.11817
1.94435
0.21046
-0.842589
-3.68003
-7.73284
-14.3588
-20.5906
-20.9742
-24.1597
-26.5236
-29.8865
-31.755
-25.9679
-15.5527
-8.48857
-5.75927
-7.27367
-12.7841
-21.7457
-30.4438
-33.6811
-33.2788
-30.4077
-29.2809
-30.0883
-32.2671
-35.2614
-38.4315
-39.3518
-37.4851
-35.2762
-34.8472
-36.6179
-38.8615
-39.7184
-39.969
-40.4831
-41.782
-41.8148
-42.4952
-42.2916
-31.9401
-34.8658
-32.9299
-31.3398
-31.7139
-34.2942
-37.6574
-40.3098
-40.8089
-37.7703
-34.4076
-32.9165
-32.7209
-32.6451
-32.5122
-33.7763
-35.4624
-35.6002
-33.552
-31.2581
-30.6399
-31.9803
-34.7234
-37.4609
-38.3587
-36.2004
-34.564
-34.5227
-36.2932
-38.2917
-40.3563
-41.9966
-42.0579
-39.8901
-37.444
-36.5894
-36.6608
-36.3185
-36.5028
-38.2392
-39.8839
-39.8379
-38.1354
-37.8596
-38.6213
-40.6599
-43.0336
-43.7023
-41.5334
-32.7313
-23.2598
-11.0327
-0.0204295
11.5874
17.8929
21.1931
21.0837
20.9467
26.0529
31.8401
33.9749
33.1678
30.078
27.5809
26.3119
25.9812
25.9026
25.1941
23.5564
22.0475
19.3977
16.9368
15.8066
16.5086
16.7957
15.33
13.079
10.625
8.50876
5.89858
0.639451
-7.26237
-17.4019
-23.3017
-22.3601
-23.1384
-24.8148
-28.1323
-27.3053
-16.9198
-5.42924
0.870617
2.61762
0.0319098
-7.07405
-18.9522
-31.9569
-33.8899
-33.8683
-30.8489
-28.3776
-27.7269
-28.7306
-30.7614
-32.4323
-33.7351
-34.0837
-34.0768
-34.378
-35.5466
-36.5728
-36.9288
-37.2443
-36.5987
-36.5592
-37.0168
-38.9157
-39.895
-33.1208
-36.1663
-35.9262
-35.094
-34.8073
-35.2886
-35.5086
-34.8848
-34.5233
-34.4395
-34.5189
-34.4504
-34.7513
-36.2575
-38.3102
-40.3666
-39.4337
-37.3594
-34.6212
-32.1875
-31.3204
-32.3959
-35.4152
-39.5727
-43.7163
-44.7775
-41.9426
-36.2988
-32.3821
-30.8246
-31.8306
-34.3667
-36.6519
-37.8049
-38.5571
-39.0958
-38.7571
-38.4462
-39.7989
-42.5997
-44.4662
-42.8056
-39.0232
-37.8053
-38.1239
-39.5625
-40.0464
-38.9512
-37.2132
-34.3007
-26.7332
-12.5446
2.27231
14.3987
20.7915
23.2852
22.1015
19.6026
21.4228
25.7153
27.771
28.055
26.1843
23.5324
20.1726
18.6436
18.6385
17.9246
15.6256
14.2183
11.9223
10.5593
9.88104
10.186
10.3774
8.8627
6.58487
4.74348
4.36975
3.38354
-0.291385
-6.24193
-14.2987
-22.1222
-22.9188
-25.7202
-28.7575
-30.6594
-28.1719
-20.043
-10.3617
-4.65165
-3.07344
-5.46974
-11.2838
-18.9616
-26.0464
-30.3003
-33.3923
-32.7465
-31.1943
-31.0981
-32.8894
-36.262
-39.0949
-37.9126
-34.2143
-32.3016
-33.1999
-36.0128
-38.8417
-40.801
-40.8009
-36.8471
-33.8624
-33.2026
-34.6851
-36.2484
-35.2748
-35.9739
-35.4015
-34.9552
-34.2967
-34.5251
-36.6159
-39.4945
-41.6477
-40.2838
-37.7321
-35.8647
-35.5549
-37.557
-40.5837
-43.8941
-43.6591
-42.3282
-39.2151
-35.8726
-34.6165
-35.5051
-37.497
-38.7202
-39.3527
-38.6918
-37.2121
-35.255
-34.6743
-35.3509
-37.2045
-38.5263
-38.1155
-37.1315
-36.4205
-36.3792
-36.9183
-37.6319
-37.6538
-37.1995
-37.7087
-39.4935
-40.1439
-41.1379
-42.3212
-43.7128
-44.5276
-43.5696
-38.9017
-27.0752
-13.7262
-0.825503
11.2033
21.1394
26.4387
27.8236
25.4494
20.4622
17.7795
19.5506
19.9512
19.7718
16.6778
14.7199
12.039
9.32045
7.30739
6.5655
3.65051
4.705
2.62303
3.77309
3.93146
3.01339
2.29088
2.00566
1.93405
-1.23467
-5.1576
-7.36882
-10.1856
-12.2425
-17.6184
-23.8306
-23.9768
-25.2953
-27.483
-31.8745
-32.5698
-29.3923
-19.7147
-11.635
-7.32008
-7.05129
-10.5234
-17.3957
-25.2727
-30.3964
-33.1071
-34.1576
-35.2149
-36.8362
-37.6469
-36.242
-34.9018
-35.0196
-35.5605
-36.0916
-36.6727
-36.4062
-35.5995
-36.1482
-38.1433
-37.7576
-36.4079
-35.7516
-36.2995
-36.3453
-35.7321
-39.2392
-40.8353
-39.836
-35.9034
-33.4803
-33.3206
-35.1016
-37.4183
-38.6342
-38.6378
-37.8607
-37.3867
-37.8432
-37.5551
-37.6043
-38.0915
-40.347
-42.6941
-41.9283
-39.3708
-38.0424
-38.9128
-40.3384
-41.1909
-41.0341
-41.3088
-40.6666
-39.9203
-39.2809
-39.8113
-40.6167
-40.5943
-39.4904
-37.732
-36.087
-34.2456
-33.3678
-33.9089
-34.9855
-36.0738
-37.3379
-38.4054
-40.1925
-42.0397
-42.7525
-41.4475
-39.7068
-37.0117
-26.5114
-17.4177
-6.33944
3.47474
12.4833
16.3524
17.3915
15.0742
10.8777
7.44921
7.79652
7.65134
11.048
8.3739
7.56784
4.39338
1.36616
-0.00414855
1.52567
0.29231
3.41626
0.973526
1.28837
0.853238
-0.713472
-2.61733
-6.11862
-8.14938
-9.47436
-8.23351
-7.11097
-10.0314
-13.5733
-18.8574
-24.0542
-24.8162
-29.3422
-32.5065
-37.0952
-35.8764
-27.522
-14.2423
-4.55334
0.592577
1.4618
-1.70689
-8.72243
-16.9205
-20.8509
-23.3823
-27.6593
-32.3652
-35.1016
-35.609
-36.2415
-36.6907
-36.6502
-36.5475
-37.201
-36.8826
-35.808
-35.9979
-37.4049
-38.1581
-36.8872
-36.689
-35.3471
-33.5677
-32.5495
-22.8959
-35.08
-42.5328
-43.8764
-44.0316
-42.2198
-38.5296
-36.6953
-37.3476
-39.2763
-40.4408
-40.3483
-39.1683
-36.832
-34.3508
-33.9951
-35.8593
-39.6615
-42.9484
-43.9374
-41.9255
-38.823
-37.571
-37.6022
-38.0883
-37.9809
-38.2146
-38.6889
-40.2859
-42.7692
-45.4186
-46.0801
-44.9698
-43.528
-41.6623
-39.7565
-37.8244
-36.6786
-37.5735
-40.7707
-44.4499
-46.5625
-44.5355
-42.2722
-39.1319
-37.4736
-36.4125
-35.5871
-35.3356
-28.2493
-16.9955
-6.10864
6.97137
17.6168
23.6816
26.3474
25.958
22.9968
18.1713
13.968
9.9971
11.7017
9.46132
8.94015
5.4061
2.2132
2.00208
4.33538
3.60232
4.60769
-0.733953
-1.99963
-1.41649
-1.40832
-2.95935
-6.13138
-6.89047
-9.80307
-11.9034
-12.8611
-17.9307
-19.5686
-22.788
-27.4402
-27.1344
-30.3889
-33.3574
-36.8822
-36.2918
-22.5961
-6.48447
4.5853
9.66516
9.75522
4.98406
-4.96151
-15.1865
-17.8451
-19.6064
-21.9582
-24.8343
-28.01
-30.7977
-33.7121
-36.7245
-39.6924
-41.126
-41.3303
-39.8221
-37.7795
-37.4389
-39.3984
-41.5835
-41.1039
-40.9767
-40.5094
-40.6092
-41.2711
-26.0503
-34.873
-39.5542
-40.6015
-41.3319
-41.9029
-40.1341
-38.2085
-37.8965
-39.3073
-40.654
-41.0228
-41.3967
-42.6148
-43.0436
-43.5639
-42.5485
-42.1014
-42.8347
-44.4532
-46.0162
-45.7883
-44.7745
-42.5103
-41.0142
-40.1794
-40.2112
-39.3756
-39.1065
-39.6073
-41.172
-43.6366
-45.313
-43.8502
-41.2362
-40.2995
-40.9306
-42.1818
-43.7538
-44.5288
-44.3256
-44.0667
-41.8857
-40.1393
-39.007
-39.7116
-40.1053
-39.1247
-37.5819
-28.33
-17.0938
-3.86503
7.37781
17.3854
21.8749
22.954
21.1692
18.4996
16.4312
14.3723
11.737
13.1187
10.5496
9.20972
4.9645
1.7805
2.0976
3.65953
1.32077
1.10405
-6.02827
-7.3862
-7.34742
-8.35943
-10.9809
-16.8587
-15.9146
-20.0159
-22.2713
-21.6458
-31.0525
-29.2106
-29.6462
-32.3505
-28.4057
-30.8933
-33.978
-39.5085
-37.0913
-20.8192
-7.65558
0.30609
3.85557
3.32366
-1.15532
-9.32758
-18.063
-22.3896
-25.4905
-27.8124
-29.2335
-31.197
-32.3492
-32.3989
-32.4167
-34.0245
-37.3624
-40.08
-39.8135
-39.348
-40.6636
-42.8856
-43.274
-41.7404
-42.8519
-43.8774
-44.0808
-42.9261
-31.895
-36.1597
-39.427
-42.4226
-45.4702
-47.7024
-47.5779
-46.1357
-45.2419
-44.507
-44.3372
-43.3962
-41.4426
-40.6905
-41.0552
-44.1367
-47.0759
-48.5714
-46.0623
-43.2088
-43.0887
-44.9498
-47.9921
-48.5497
-48.2215
-45.441
-44.1923
-42.9762
-41.4866
-38.8608
-37.7626
-39.2376
-42.7167
-45.1345
-45.1881
-45.645
-46.1696
-46.7454
-48.0479
-46.7068
-43.016
-41.238
-41.2748
-43.5166
-44.9126
-45.7929
-46.1735
-46.1193
-45.4343
-32.9828
-20.3192
-7.74022
0.736399
8.01971
10.8114
13.5058
15.6433
18.1788
19.0815
17.683
13.3087
12.4653
9.40889
7.46682
1.77981
-4.10492
-7.75107
-6.67358
-13.6653
-5.64022
-22.6696
-23.8639
-24.023
-24.6287
-21.8696
-27.8402
-20.024
-24.4699
-23.8739
-21.1676
-29.1453
-29.1443
-31.6052
-33.3373
-28.3886
-30.1549
-33.8659
-39.8055
-36.0696
-23.1754
-12.0612
-6.12313
-4.14663
-5.56556
-8.91864
-11.7922
-13.362
-15.2379
-18.6234
-21.7151
-24.0359
-28.0386
-33.4077
-36.592
-36.9189
-37.5033
-38.9073
-40.0529
-39.8428
-39.8881
-41.3027
-43.5452
-44.4685
-42.8663
-42.178
-42.2807
-43.3644
-43.5636
-38.2936
-39.597
-40.0814
-41.9311
-44.4105
-46.0721
-45.9091
-44.7825
-43.33
-41.852
-42.0332
-43.7184
-44.1627
-43.8708
-42.7345
-42.6186
-42.7937
-44.804
-46.8579
-46.3791
-43.1518
-40.0195
-39.838
-42.088
-45.7767
-47.2118
-48.9218
-48.3558
-48.9324
-48.9784
-49.7002
-49.7876
-48.016
-46.0276
-45.6793
-47.8531
-49.7438
-47.3322
-45.1172
-44.5198
-44.9103
-46.0374
-44.7517
-45.8369
-46.1768
-47.1308
-47.1981
-46.0949
-44.9411
-34.0758
-21.0179
-9.29036
0.181619
8.65208
12.1546
13.865
13.5939
12.2848
10.1976
8.8661
3.68954
5.65952
0.414885
1.45316
-1.88451
-5.09508
-7.17641
-5.45348
-11.1278
-4.75614
-21.345
-22.9686
-20.0665
-16.5079
-12.4345
-12.4044
-11.3372
-15.6504
-18.8058
-18.1055
-23.9536
-23.0087
-24.5002
-27.2857
-25.7701
-30.618
-35.3409
-39.7233
-38.3741
-34.3242
-24.4116
-16.348
-11.3533
-9.7772
-10.9123
-13.8333
-17.1446
-19.7339
-21.7271
-22.8424
-24.8127
-27.899
-30.5747
-32.6438
-34.8743
-37.8028
-41.4572
-43.2969
-42.15
-40.8548
-40.0008
-39.766
-40.7012
-42.2618
-45.521
-45.609
-44.9829
-44.2799
-34.2291
-38.8762
-40.4919
-41.9386
-43.2296
-44.8429
-45.9422
-46.5508
-47.8933
-47.1851
-45.5795
-44.729
-43.731
-43.2503
-42.5242
-43.378
-44.1521
-45.5639
-46.5366
-46.939
-45.4002
-41.2504
-38.9474
-38.7335
-40.7908
-43.3375
-45.8336
-45.4843
-45.0744
-44.939
-45.4221
-44.8546
-44.305
-45.1915
-46.6272
-48.3348
-50.1052
-50.9004
-51.1374
-50.2185
-49.2297
-48.53
-46.0836
-45.7333
-45.3454
-45.7563
-45.7565
-45.2504
-44.1287
-32.5171
-19.8651
-9.62292
-5.00312
-0.0899705
-3.32623
-4.56099
-7.65818
-10.665
-13.192
-5.01393
-13.6967
0.458823
-11.8975
-6.38796
-11.9263
-15.6242
-15.6527
-9.17616
-17.0114
-5.70635
-21.5
-21.6435
-20.6883
-19.1074
-15.6788
-16.1711
-13.1775
-16.7732
-18.4685
-16.6229
-18.0027
-16.6321
-19.4936
-26.0253
-26.7822
-30.9476
-34.7519
-38.7866
-36.0948
-28.8462
-17.7105
-10.735
-7.87969
-8.58238
-11.6691
-15.441
-18.4785
-20.8032
-24.9399
-29.3817
-31.8456
-31.7456
-31.2331
-31.2265
-32.0904
-34.5688
-39.0661
-43.2886
-43.2387
-42.2879
-42.5347
-43.371
-44.0134
-43.7291
-45.4451
-46.1331
-46.4066
-45.447
-27.3823
-34.807
-40.0544
-43.2187
-44.2398
-44.5835
-44.419
-44.9412
-46.9888
-47.9887
-47.9823
-48.511
-48.2917
-47.0104
-43.6956
-42.734
-43.515
-46.0858
-46.3636
-44.7028
-43.5389
-42.6287
-42.392
-42.2357
-42.1522
-42.1432
-44.0707
-45.6116
-45.868
-44.4234
-43.9133
-44.1493
-44.4811
-44.2346
-43.4999
-44.3105
-47.2567
-50.3126
-50.9965
-49.6614
-48.7556
-50.1948
-48.6733
-48.9169
-48.2799
-48.6573
-49.1488
-49.4408
-48.0799
-23.8076
-8.00262
1.52595
5.33017
6.84758
4.25387
3.68256
2.81366
1.28662
0.11398
2.67028
0.842136
6.28049
1.23737
1.75477
-0.946649
-3.10629
-4.85237
-3.53744
-7.8412
-1.89917
-7.60192
-7.1527
-8.06676
-9.15241
-7.70722
-7.058
-6.19046
-8.94762
-10.5962
-9.81525
-10.4071
-11.3684
-15.2666
-22.0351
-25.8008
-31.7723
-35.1106
-41.4993
-36.0094
-24.1078
-10.4815
-3.09694
-0.716146
-2.7311
-8.45762
-14.8539
-17.7719
-19.9854
-24.9071
-31.3553
-34.3173
-34.6532
-35.9844
-38.2648
-39.7829
-40.5049
-41.3076
-42.1904
-42.6783
-40.9563
-38.8738
-38.4185
-39.6101
-40.4311
-42.6755
-44.2703
-44.9526
-44.9579
-30.9468
-39.1912
-44.859
-46.5421
-44.9683
-44.0543
-43.1158
-41.9476
-39.2574
-37.0027
-37.2774
-40.774
-45.5566
-47.3605
-45.7633
-45.8926
-46.7946
-49.0431
-49.5699
-47.4383
-43.7805
-40.4331
-39.794
-40.9587
-42.4136
-41.8433
-41.8018
-41.672
-42.3704
-43.3526
-44.3692
-44.4795
-44.0485
-43.0278
-42.1317
-43.0167
-45.6651
-47.5511
-46.7143
-44.7747
-43.9481
-45.4032
-47.1581
-50.534
-51.4257
-51.6181
-50.1983
-47.6445
-44.6216
-21.2259
-4.48307
5.41938
10.0223
12.0294
11.4143
11.4206
10.7276
9.22526
7.30493
7.87555
7.78134
10.3648
6.65902
5.40068
3.1353
1.74993
0.118513
-0.571695
-4.1099
0.217082
-3.07781
-3.22707
-4.6884
-6.26375
-6.10788
-6.32304
-5.40572
-6.42448
-6.55144
-6.15963
-8.14805
-12.135
-20.17
-30.3262
-28.6492
-32.4269
-35.101
-42.2976
-43.7757
-32.5828
-19.5546
-11.9736
-9.18347
-10.9263
-16.8249
-24.9267
-27.6181
-27.1513
-28.9236
-32.1917
-33.1315
-32.3647
-32.5348
-33.8854
-35.5426
-37.8616
-40.5916
-42.065
-42.8806
-44.8608
-47.3435
-48.1138
-46.3217
-42.7763
-42.1621
-42.6818
-44.7331
-45.6507
-37.8461
-42.4869
-46.2218
-49.6856
-51.0394
-50.2685
-46.8996
-44.5884
-45.088
-46.9189
-48.5225
-48.9115
-48.5278
-48.6431
-48.4606
-49.6964
-48.1814
-47.0586
-46.5449
-46.6108
-46.5948
-44.1354
-41.5483
-40.3526
-41.4737
-42.509
-43.3264
-43.625
-44.9772
-44.9857
-44.6551
-44.3619
-44.5883
-45.4517
-46.3633
-47.4848
-47.4861
-47.0866
-47.662
-48.2885
-48.0789
-48.3345
-46.8943
-48.1603
-48.5835
-48.8065
-47.7485
-47.2728
-46.536
-32.8537
-18.4242
-7.46289
-0.947463
5.12797
6.01426
6.01576
3.75694
1.71318
0.834195
4.72092
5.54482
9.3049
6.50943
6.08943
3.63015
0.59304
-2.7787
-3.4025
-8.368
-2.00132
-6.74234
-5.80818
-6.24722
-7.98081
-9.29303
-11.4814
-10.3809
-12.3095
-13.5037
-13.8322
-18.0769
-20.8516
-26.0654
-31.388
-28.4552
-31.8106
-36.008
-43.8384
-40.5507
-34.0394
-22.4537
-15.6846
-13.4271
-15.6243
-21.6398
-29.4914
-34.9024
-37.8826
-41.8859
-44.0118
-45.4596
-45.5211
-43.525
-39.8208
-37.6423
-38.1703
-41.3872
-45.1096
-45.6136
-45.3372
-47.0747
-50.2174
-50.3433
-47.105
-46.8343
-47.0808
-48.2349
-48.2081
-44.5769
-47.6396
-48.4292
-49.4589
-48.7864
-48.057
-46.3056
-44.7846
-44.5833
-45.1868
-46.3941
-47.87
-49.2748
-50.7221
-48.4645
-47.1919
-45.3441
-45.3422
-45.8783
-47.2106
-48.8356
-48.4197
-47.7573
-47.2451
-48.6357
-48.41
-48.966
-48.1576
-48.418
-48.4023
-49.6049
-51.205
-51.621
-51.0389
-50.0786
-49.4638
-48.2489
-47.6173
-48.2325
-48.474
-47.1301
-46.1888
-44.385
-45.6299
-46.9181
-48.9023
-50.5799
-51.2874
-48.98
-37.8828
-29.6288
-18.1901
-13.8905
-4.27088
-9.44671
-9.26999
-12.2746
-12.0108
-10.8794
-2.3002
-6.49705
2.99867
-5.42153
-3.46786
-7.87592
-11.3841
-14.1025
-9.18929
-16.5449
-5.03259
-17.8408
-19.7314
-21.1412
-21.0512
-17.2062
-18.6977
-15.2602
-19.2523
-21.3921
-19.3022
-25.9591
-26.0521
-30.0722
-34.1389
-29.0501
-31.8328
-35.6502
-42.8006
-43.7755
-33.0542
-22.1639
-15.0289
-12.2849
-13.9409
-19.6393
-28.9146
-37.8711
-40.0835
-41.9861
-42.5651
-44.3602
-47.0164
-47.804
-46.9066
-46.5101
-46.9619
-46.9773
-46.219
-45.8317
-46.9164
-49.3947
-52.4516
-53.2055
-50.321
-50.8598
-49.1904
-48.1502
-47.4253
-50.9271
-52.835
-53.3571
-56.4291
-58.3346
-59.4579
-54.7411
-52.7677
-53.5221
-52.6859
-51.1092
-51.6058
-53.576
-55.7748
-52.8787
-52.3524
-51.3143
-54.2683
-57.9541
-58.818
-60.6262
-60.1503
-57.0721
-52.1735
-50.8537
-49.9626
-51.7856
-52.7931
-56.4142
-58.8491
-61.2137
-59.5152
-56.6582
-54.7896
-52.2228
-51.9891
-52.7761
-53.7785
-53.981
-52.0464
-50.2047
-50.8138
-50.1302
-54.0926
-56.3405
-59.7447
-61.0148
-60.3675
-55.0913
-38.1152
-29.9064
-17.0813
-12.0898
-3.37687
-8.24657
-9.69897
-16.0087
-18.1837
-19.8326
-6.57422
-19.1635
-0.37164
-18.1364
-9.75733
-17.3255
-21.4563
-21.6529
-11.6064
-25.9779
-7.13298
-35.2194
-37.6112
-37.6832
-40.0543
-28.1071
-43.698
-23.5953
-30.0484
-30.8702
-24.9019
-46.3455
-36.7956
-37.8787
-39.4636
-30.1059
-33.2305
-37.5902
-45.2132
-43.6457
-39.4491
-29.4304
-23.4021
-21.7227
-25.3251
-33.3185
-43.3601
-47.4119
-44.8102
-47.9738
-49.259
-49.9766
-51.2394
-51.8876
-52.5392
-54.1692
-56.4738
-57.1288
-55.9394
-55.2946
-56.4886
-58.9608
-61.1524
-60.3211
-54.838
-57.9952
-57.6398
-58.038
-55.1411
-61.8579
-65.0438
-61.6818
-64.2089
-63.8383
-65.4654
-61.2291
-60.6702
-66.2185
-66.3581
-63.5237
-63.9126
-62.9397
-65.9664
-61.1995
-66.7239
-61.3952
-63.4064
-63.4561
-61.7014
-64.7792
-66.4873
-68.2668
-63.8377
-67.4017
-62.4115
-63.7546
-60.7083
-63.2902
-63.9157
-67.3408
-69.0665
-67.8053
-67.0646
-64.4407
-65.6888
-65.8638
-63.6082
-64.4724
-60.87
-58.3612
-61.2304
-58.6564
-65.4825
-65.094
-66.3689
-64.325
-62.6302
-58.5231
-42.9547
-37.0571
-24.0026
-22.1204
-7.78901
-18.4428
-16.4973
-22.4335
-23.8505
-27.0676
-7.55024
-25.2436
-0.91198
-23.3353
-11.6846
-23.0433
-33.0498
-30.1045
-13.1354
-32.7665
-7.5073
-43.5062
-46.4198
-45.1472
-49.9598
-29.215
-51.301
-24.039
-30.9136
-31.6795
-25.7713
-59.18
-38.641
-39.3011
-40.717
-30.649
-34.0415
-38.6697
-48.5247
-47.5267
-52.541
-50.6779
-44.2898
-38.2977
-42.1759
-47.7074
-55.0566
-57.5649
-51.8087
-58.7919
-59.9558
-59.8216
-63.1924
-63.8023
-64.1897
-62.758
-62.6892
-63.3037
-64.4136
-65.0002
-65.3292
-65.5508
-67.1379
-66.8885
-58.1575
-63.0445
-61.1995
-60.9244
-56.6167
-66.19
-73.616
-67.5159
-71.8969
-69.1032
-70.3563
-64.1787
-63.5375
-73.1836
-71.7662
-67.0322
-67.5041
-65.0113
-67.7504
-62.0863
-70.1798
-64.7303
-68.4726
-71.2853
-68.0274
-73.4919
-72.2848
-72.3495
-66.1459
-74.2336
-66.6238
-72.2457
-65.0915
-68.5642
-67.3158
-70.4077
-70.4326
-68.1202
-67.6378
-66.0139
-70.0526
-72.6634
-69.0533
-71.3077
-66.9734
-62.9771
-66.5682
-60.2746
-68.9437
-67.7502
-73.2865
-72.3069
-70.753
-62.1335
-42.8826
-39.2296
-26.6381
-28.5577
-9.19488
-26.7138
-20.7666
-27.8287
-27.3552
-32.9176
-7.9101
-28.5143
-0.895528
-26.5683
-12.2886
-26.0584
-51.1336
-36.224
-13.4447
-35.4225
-7.41873
-50.1951
-56.7041
-51.5373
-60.8178
-29.4825
-54.202
-23.7336
-30.9005
-31.648
-25.7205
-66.415
-38.6534
-39.4019
-40.9984
-30.5399
-33.9834
-38.4976
-48.9227
-47.8344
-53.8845
-59.8662
-61.0897
-47.046
-59.434
-62.1024
-61.8911
-60.935
-52.5339
-61.304
-63.9035
-62.8266
-66.756
-65.4902
-64.802
-64.03
-66.2116
-69.3241
-71.812
-72.1921
-72.0831
-72.2837
-73.803
-71.9133
-60.1673
-68.8973
-67.938
-71.237
-63.5829
-66.7152
-74.1656
-68.3852
-76.1839
-73.9509
-75.8968
-65.3082
-63.645
-73.3973
-72.6293
-66.9304
-67.3802
-66.0164
-70.7664
-63.2308
-70.9238
-64.7241
-71.2169
-75.5258
-69.6496
-76.7123
-74.3114
-75.786
-67.3671
-75.7739
-66.7274
-71.583
-65.223
-69.7083
-69.2345
-76.3576
-76.5914
-72.7022
-72.9497
-69.3375
-72.6642
-73.3135
-69.1505
-71.2836
-67.3592
-64.3097
-71.8012
-62.2941
-71.8109
-68.8288
-74.6067
-74.3535
-72.0826
-61.7702
-42.5607
-38.916
-26.5821
-28.5698
-8.92771
-26.8417
-20.7325
-28.0232
-27.5528
-33.5264
-7.69869
-28.7518
-0.654584
-26.8763
-12.1175
-26.2441
-63.3123
-37.0817
-13.2517
-35.646
-7.14511
-52.5787
-62.4335
-54.4621
-71.8557
-29.4187
-56.4601
-23.525
-30.7249
-31.3976
-25.4591
-69.4162
-38.3497
-39.1556
-40.8101
-30.2963
-33.6633
-38.3113
-48.6887
-47.8394
-53.5547
-61.8295
-70.1649
-48.6979
-70.0505
-69.9282
-64.6387
-61.6652
-52.4968
-60.5837
-63.3122
-62.66
-67.8108
-67.911
-67.669
-65.4462
-66.1539
-68.3368
-72.0856
-72.8663
-72.1293
-71.6921
-75.916
-77.1898
-60.9335
-70.4044
-68.6096
-73.652
-65.2751
