80
15.8926
23.7663
32.0227
35.2784
35.0098
31.6024
28.2443
26.2247
23.9394
22.0354
26.0519
29.9881
33.8503
38.2968
41.7098
41.4148
36.6009
31.9081
33.0171
31.2752
25.0828
21.6249
25.6261
27.706
29.0121
30.7611
28.5501
20.951
15.9083
22.3498
25.7149
22.662
16.2177
16.1061
18.8853
19.8527
25.9964
32.7157
35.115
32.8797
24.067
19.1756
23.2343
23.3197
18.9461
10.5533
7.92846
10.3515
17.3321
25.2061
31.2595
35.253
35.9277
33.8181
29.0189
28.1695
28.8901
24.6395
15.586
16.6077
19.7729
13.9838
15.2836
26.0621
30.1944
27.4563
43.7743
54.6448
63.9173
68.3737
67.758
63.1185
57.9543
47.7601
43.4297
47.9849
50.0738
47.8582
43.1305
34.1646
29.2066
27.7627
24.7382
29.0129
29.8963
30.5519
32.4745
38.9162
42.2766
47.1781
50.6109
52.6114
52.4058
52.2873
52.9077
53.2525
51.4844
48.0347
46.9631
47.3189
46.7132
45.4716
43.7901
41.1799
41.5641
36.7715
29.0615
25.5162
22.8382
18.8755
19.8695
26.9622
29.4151
32.0252
30.2628
24.7039
18.6924
20.9878
25.0107
31.4514
40.1578
43.0448
41.4519
37.5894
35.1732
34.2711
32.8421
30.8169
30.4094
31.8094
33.156
33.8416
35.8501
40.6873
44.1915
43.8674
39.4109
31.4704
23.9892
24.0279
25.2156
23.8502
24.9683
31.3792
35.3528
34.4602
28.4448
20.1841
17.8627
19.8093
19.671
19.5151
21.5409
26.8869
35.4649
41.904
43.8497
41.3003
34.8567
27.0597
22.1616
17.7471
17.613
20.8509
23.3203
25.6777
27.3312
27.488
27.5937
30.4051
31.6631
28.7753
22.3074
18.4988
26.4167
32.6635
35.1174
34.1848
31.4497
29.8022
30.1145
32.3927
34.1233
35.8591
40.3293
46.7399
49.3294
50.8909
52.3759
53.496
51.5306
47.3891
40.7311
36.3722
38.3255
48.0789
52.5234
58.0219
62.4036
64.8015
64.7606
62.1124
56.8163
50.0325
45.7734
45.3389
45.5882
47.7252
51.9378
53.1174
50.5982
43.1242
36.7465
36.4612
40.969
46.5035
47.3494
43.2588
35.3924
30.0451
33.5598
34.7379
33.6064
37.2085
40.7753
41.5823
38.6644
32.3541
27.6812
30.1106
33.7089
34.0903
34.7585
37.0709
39.5331
41.4248
42.839
42.154
45.408
49.2526
51.4324
51.3115
48.827
43.7545
35.1364
24.106
21.009
26.2789
31.3938
36.2631
40.3388
42.2454
42.4897
42.1045
41.0562
38.8875
36.2202
34.8086
33.4058
31.4671
33.3563
40.1464
45.0774
46.6124
44.9033
40.0145
32.3276
24.3267
25.6882
31.1009
33.6731
33.1454
31.3625
35.9312
42.6807
45.7493
44.873
40.6125
34.017
25.4403
17.5039
12.9635
12.4196
13.2333
15.8616
19.2862
25.6519
33.0627
38.2401
39.811
38.7198
37.4123
37.861
40.6448
43.3292
44.8348
45.1474
43.8957
40.5019
33.8498
25.2519
21.567
38.9106
50.0776
56.7531
58.1848
55.1589
49.9065
56.1019
63.0079
66.1215
67.6669
68.6069
69.9901
71.8518
72.195
70.791
69.7911
70.1981
69.551
66.3029
60.6546
52.8207
43.3894
38.8419
42.2657
44.1986
44.9167
47.0815
49.5075
51.5488
50.6652
48.2881
44.3449
41.9527
40.5967
39.7951
42.8149
47.8662
52.0195
54.1921
54.1547
51.6771
46.0135
37.5576
34.9299
41.4081
46.7163
49.0457
49.0385
48.1808
48.5179
50.4748
51.9461
22.3691
16.2707
18.0474
24.3526
29.6895
32.2964
31.2606
25.8102
16.5674
6.55497
9.61932
18.4659
21.3731
22.1262
22.93
23.9644
23.1954
22.8318
25.2034
26.2559
26.1641
26.2888
26.6965
25.3575
24.69
28.2256
31.8062
32.9121
32.672
32.2031
30.4162
26.753
27.7942
31.6534
32.5925
30.6021
28.7717
30.5499
32.9226
33.3152
30.8966
24.9152
17.1851
15.9947
16.663
17.5149
18.3609
17.8984
17.563
22.0385
28.6432
32.3807
32.0875
28.2257
21.0041
15.8196
18.4078
18.4937
16.213
18.5034
23.594
26.0351
24.6249
22.1049
21.8586
34.9902
44.9389
54.5171
65.1293
71.7544
75.1599
76.7067
77.6185
78.2745
78.5655
76.5607
72.627
66.2333
58.3484
58.23
60.216
60.5359
59.2829
55.4283
48.3887
41.4865
42.6366
40.6104
43.2687
49.0949
53.7368
60.0045
64.529
66.2863
64.1742
58.1417
46.9194
33.8894
22.1723
19.1585
23.8532
28.7036
34.744
40.0177
42.5409
42.1827
39.5826
36.2335
33.3668
32.2485
35.2148
38.0042
37.7499
33.6945
24.3417
19.3064
27.0505
30.717
17.2462
15.4344
15.2537
19.5335
22.21
21.3969
16.441
10.6675
8.75337
10.3452
11.3175
15.2015
19.9219
22.508
21.3513
17.1489
14.3441
16.2704
17.6849
17.2787
13.6324
7.95403
7.48816
10.7336
10.5412
5.36969
-6.9078
2.20548
14.6771
21.4797
23.3332
22.4426
22.6259
23.697
21.9119
15.8003
3.46958
4.24596
8.32959
7.31472
3.72607
6.66232
8.30718
8.11998
9.53542
14.992
17.6913
16.5665
13.1085
12.9465
14.8415
15.5029
14.3919
9.11181
1.69686
3.45703
8.61471
16.088
22.1841
24.105
21.4651
15.7806
13.5473
12.0184
10.4977
34.6204
51.9166
65.6199
77.7234
85.6703
88.8914
87.3413
81.0802
70.0903
60.6132
58.9312
55.7825
50.0068
47.0592
47.5436
55.5004
59.9637
64.4355
67.4569
70.516
71.6992
71.6043
70.421
68.23
66.5131
67.5184
68.585
68.9927
67.7698
63.7985
55.5069
40.5531
32.0447
24.7039
25.3883
24.7831
25.7149
28.0737
28.1595
26.0183
21.9367
22.7886
31.5769
39.915
44.2452
44.7901
42.1896
38.335
34.3867
32.0452
30.32
27.1354
21.926
30.0418
29.4903
26.0775
20.5773
18.6573
23.1213
26.7561
28.2811
27.9659
25.4268
20.5136
14.2396
12.6867
16.8192
21.2889
22.0125
19.0099
16.5966
17.7527
16.7924
12.1298
8.22255
14.9401
20.4224
20.8244
16.2327
10.1304
10.0777
14.7185
19.4831
22.2004
22.0648
23.3735
27.9851
30.282
28.6925
24.4638
21.5558
23.5074
26.1983
27.9774
28.6238
28.0143
24.7795
21.0738
23.221
27.0356
28.232
27.7132
26.7295
26.5636
25.7657
23.2983
18.1041
12.046
13.1988
18.167
22.158
24.3596
23.9693
20.3951
14.5439
13.011
17.8763
23.528
33.4949
60.6416
78.5247
89.5373
95.0879
96.0035
92.6765
84.6693
74.4163
66.0504
60.1145
62.278
69.3345
77.863
83.4299
87.3453
88.8641
88.3342
86.4262
82.8066
77.4182
70.6221
62.7315
54.0264
46.1864
49.9784
57.5138
62.8921
64.9306
63.4567
57.0587
47.8172
42.9632
42.9131
40.8419
36.4192
30.5882
29.1823
30.9934
29.9048
28.8234
39.4434
50.0217
57.1393
61.1069
62.2192
60.6127
56.27
49.6254
41.5258
32.8109
26.2167
20.9364
18.3245
20.0126
19.2322
18.4252
18.1421
17.0401
18.4277
19.0168
17.0234
14.7169
15.4891
16.4499
15.8361
15.9869
21.8359
26.7263
27.4781
23.8296
17.3189
15.8315
19.1738
21.0088
21.5134
22.1405
24.5059
28.0037
29.798
29.0391
27.0264
29.0909
34.2125
37.4076
37.4594
33.9211
27.7223
22.8134
21.5184
20.2733
18.2451
16.3504
16.6072
20.0923
21.2218
19.0774
19.3118
23.9425
25.8072
23.1479
17.0367
13.0867
12.008
13.3034
16.7231
18.2529
15.9113
13.5854
15.767
17.7292
19.4108
20.9547
21.4061
20.1358
19.5524
18.9422
18.6588
35.5422
60.0354
74.8933
84.838
89.8628
90.0313
85.6377
78.0668
75.1185
81.0386
89.8157
96.2345
100.797
102.997
102.92
100.15
94.1813
84.6816
72.4049
67.5313
65.3087
58.2986
52.0835
53.3034
63.1713
72.9347
81.5834
87.0579
88.5953
86.1264
79.343
68.3356
54.1078
42.281
37.0995
30.4652
25.8786
31.1171
36.3109
39.2172
44.3601
49.7255
51.9675
51.0545
50.6574
51.3615
49.3074
42.2699
31.0073
23.0704
20.6883
17.8691
15.1524
28.1717
31.6766
31.8914
28.6236
24.3807
24.679
25.9557
24.5874
21.228
17.5032
16.3568
14.9818
11.4133
11.0311
19.1426
24.9986
26.2039
23.4626
19.458
18.4072
16.6074
12.1674
9.66671
15.105
23.0354
28.9559
31.3847
30.1114
26.647
25.9665
27.3158
27.816
28.6126
29.5132
27.5555
21.7696
14.2992
9.77588
8.1336
8.20409
14.1017
18.3103
18.4885
14.8974
14.0917
18.201
19.3003
16.5719
13.6098
13.0377
10.9783
7.80262
6.92923
6.65589
6.93054
10.922
16.1398
18.7015
19.7989
22.1596
24.0667
23.3141
20.5787
18.137
14.4978
23.1408
40.5552
54.1701
64.817
72.6978
80.9491
89.0675
97.3757
103.429
106.654
107.394
106.098
102.914
98.0793
92.7052
86.8495
79.3649
68.0597
61.8889
67.5582
76.9302
82.2738
85.0281
86.2066
88.9967
93.582
96.7116
97.0145
94.1652
87.8908
78.1494
65.2421
51.6017
36.412
26.0654
29.3287
34.3391
34.9802
31.7514
33.7882
42.9605
48.5487
49.4646
47.3201
45.1283
44.9854
43.8487
39.7703
33.0492
26.6169
19.9241
16.4578
15.2939
19.1952
21.7909
25.6124
27.618
26.5678
22.9869
18.2452
12.9106
6.34884
3.91443
4.57629
5.57603
3.86904
4.11508
8.58302
12.8659
15.5775
16.7568
16.1863
12.8114
6.50441
-0.754686
-3.15099
-1.05543
4.90796
9.46047
12.6694
14.5393
14.7897
17.0815
20.991
22.301
19.7558
16.2436
15.5651
13.6036
7.69139
-0.449043
1.52901
10.507
17.9145
21.0524
19.7555
14.5272
7.21395
9.23977
15.2128
18.518
17.5011
12.212
5.33367
5.34609
9.06034
9.93845
8.75674
9.9288
13.2969
14.1277
12.2352
12.2264
13.8044
13.2744
10.0685
7.01984
7.40797
13.8215
42.5194
63.2897
79.4771
92.9601
103.513
110.818
114.69
114.847
111.042
102.987
93.209
88.0913
83.4007
79.9123
79.9977
79.6231
83.161
90.8167
95.7447
97.4882
96.3213
92.0297
86.1537
83.1849
83.2727
82.8903
80.4775
75.3107
66.569
52.515
33.2071
29.261
28.2128
23.8437
21.3795
28.7314
35.7536
38.9587
39.9364
39.5891
38.6033
38.5208
38.9352
36.9456
32.3209
27.8152
25.1835
21.9286
17.5223
16.1262
19.6992
23.8283
11.9826
10.6177
10.4942
13.8387
18.6083
22.3445
23.9861
23.6536
20.5807
15.103
9.20876
4.15908
1.67539
-0.0868355
0.209927
2.92194
7.48303
9.94797
10.7675
11.3786
11.7127
10.8506
9.32909
8.32135
13.3192
19.5281
23.6988
24.3146
22.3887
22.3859
25.3593
26.2047
23.3727
16.9416
10.9403
10.5099
12.3661
11.9481
9.43517
10.4131
15.6158
17.9528
16.8449
14.2513
15.6304
19.1159
20.2648
18.2345
14.5596
13.387
14.3795
15.9071
18.6065
20.7018
20.3426
17.1202
12.1879
10.5082
13.5849
15.7858
15.1608
11.6107
6.67383
3.63842
2.65369
12.2114
38.5264
62.764
79.9695
92.2239
100.251
104.789
106.33
105.414
102.263
96.9282
89.5841
82.2564
84.2382
93.2164
100.326
103.928
104.691
102.902
99.1015
93.4111
85.7702
76.9443
67.6017
55.9471
42.9606
40.7425
42.4247
43.0117
41.9781
37.0115
34.4051
30.3952
25.7103
19.833
19.8801
25.8211
34.7725
41.4101
43.6792
42.0042
39.9348
42.7977
45.6898
45.7115
42.8305
38.5052
33.9508
29.0287
22.8659
17.6628
15.5551
17.4709
15.2171
17.1065
18.6076
18.1377
15.9993
13.8781
12.0693
9.05182
5.70535
5.07498
8.22633
11.8482
12.7644
10.418
6.58302
7.09618
12.5032
16.9152
17.3626
13.5809
6.48523
1.615
-0.507027
-1.40763
1.38259
8.92456
14.593
18.1608
19.2892
19.0599
19.5604
20.2851
18.6284
13.8747
8.64833
8.33808
10.3206
10.3795
9.12304
9.21071
10.1088
9.38854
8.55463
9.73571
13.1309
15.5437
15.2827
12.4854
10.6932
10.2345
10.3906
10.7809
10.8182
9.76096
9.13278
8.75184
6.74219
3.60846
4.51617
6.90565
7.31359
6.62038
9.35092
12.2989
13.1433
15.7314
20.386
39.9485
51.5672
59.4464
63.1625
61.3326
58.5328
62.7728
72.7624
80.4933
85.133
87.495
87.976
90.288
93.9002
95.3908
93.0973
86.7144
77.049
74.1733
76.2368
77.5155
77.1458
76.4436
74.9117
71.5578
66.6598
61.2566
56.1505
49.4365
40.6582
33.7057
30.8715
24.9394
22.1108
25.1759
27.8044
30.5313
33.486
36.5155
40.1597
41.1994
38.9037
34.3046
29.4685
24.7207
21.1705
18.9409
17.3738
15.6967
14.3651
13.4404
8.54501
9.97369
6.80947
4.9381
10.6548
14.1475
13.8625
9.69661
2.64416
-0.720803
1.08274
3.7266
5.22551
6.76118
7.88371
9.83615
13.3181
15.1383
14.0382
9.33606
2.83342
1.99055
3.2828
2.46214
1.4294
3.86922
6.76055
8.28397
7.28503
5.34394
3.11421
3.11633
5.59553
7.65612
5.8081
0.0441158
-8.29671
-3.81152
-0.306201
-1.524
-7.42484
-7.54961
-0.594457
6.63932
11.1568
12.0714
10.3161
9.4719
9.51887
9.11241
6.03408
0.895658
-5.94626
-4.87507
1.34694
5.07925
7.21117
6.90989
3.91199
-1.2781
-5.20912
-0.348524
7.57201
13.1637
14.9189
14.8862
22.0286
33.4768
37.1806
39.8232
41.9591
53.9879
67.1643
76.428
82.301
84.7994
83.8859
79.3094
72.951
66.8927
62.5871
61.3567
67.7823
74.7991
80.2899
83.9578
86.0944
85.6355
82.9714
79.1681
75.4375
71.2878
65.3323
57.0133
48.5704
44.6987
42.2516
39.5503
33.9896
29.1196
27.5679
27.8933
30.0033
32.9723
34.083
33.0011
31.8399
35.2015
37.9544
36.9885
33.2736
29.3969
26.7519
23.6087
19.6597
16.1348
14.043
10.5173
-1.74435
2.17903
3.63715
4.4026
6.049
7.85586
7.40523
4.724
0.592662
0.347779
-0.192941
-3.03887
-5.75467
-6.02391
-5.63908
-4.32692
-1.37581
0.777525
-0.87466
-5.13385
-5.17391
-0.16583
2.75355
1.94072
-1.223
-4.344
-5.40756
-5.00356
-2.90135
1.7993
5.57532
5.79552
3.17658
1.41065
2.59117
2.55207
0.700985
3.11536
8.21149
9.90054
7.74193
0.862186
-6.91614
-3.91997
1.54499
3.87284
3.82921
2.86345
2.23001
-0.0683201
-3.60458
-6.72439
-9.75158
-12.7111
-7.74624
1.80187
7.45107
8.63004
5.79117
1.13689
-2.30163
-5.57714
-10.073
-8.46476
-3.77106
2.79666
22.7046
35.9611
44.2465
48.5486
51.6419
57.2309
63.7909
68.4909
69.1983
66.1678
60.4167
57.0321
65.0448
73.7683
80.6239
84.6447
85.8168
84.5966
81.5134
77.5155
72.4818
65.9384
55.5592
38.1147
31.4958
41.6603
44.3894
41.6881
34.7919
26.3966
23.8004
21.6086
15.9079
8.64177
6.27019
9.76335
21.177
27.4188
28.4409
26.1747
26.3481
33.1007
38.3946
40.5092
39.4859
35.9189
29.7233
20.3339
8.99289
-1.13134
-1.36348
-0.249584
8.91677
7.10838
3.5837
0.487814
1.08524
3.89243
5.80978
5.66352
3.24139
-1.85578
-6.52312
-9.06152
-8.15549
-4.45689
-0.503412
1.19179
0.257538
-0.679713
-0.0511294
-0.635926
-2.87806
-4.55332
-5.54316
-6.78587
-7.88605
-8.19673
-7.01034
-6.47106
-5.52286
-2.7553
1.0724
2.98289
1.17186
-3.73461
-6.85191
-5.0717
-1.81405
3.23404
7.07011
7.57958
4.17451
-1.6368
-6.8225
-11.9192
-12.6428
-6.09025
0.457336
3.11151
2.52816
0.669686
-1.42596
-4.42108
-7.67457
-10.2952
-10.3398
-9.21695
-6.6962
-3.23513
-1.97381
-3.98868
-9.24132
-12.9853
-11.048
-5.95247
-2.24108
1.32064
17.3948
32.1993
39.3279
44.0327
42.9309
38.6409
38.5001
38.1549
44.9302
56.5572
65.9072
74.019
78.6926
81.3639
81.9735
79.997
75.6176
68.4737
58.9704
57.5685
63.9517
67.7084
70.2076
70.5148
69.5652
67.5398
64.1659
58.8716
51.5445
43.3883
33.9435
23.0076
16.7771
18.1221
17.5628
16.7906
20.7614
24.967
25.0728
20.1541
12.5594
20.346
30.8308
36.4822
37.5406
34.5578
28.5902
22.0748
17.6355
12.4292
7.8051
4.61558
16.2116
16.8527
15.2481
12.7624
12.3012
12.2879
10.7779
7.50826
3.1667
-0.435995
-0.718517
4.06282
7.52667
7.7579
4.65164
2.24282
3.90573
5.1388
4.77346
4.5894
5.30886
5.60594
5.08143
3.98446
2.56671
0.631889
-3.05064
-5.0148
-2.1046
1.97191
4.76668
5.19528
1.96319
-4.86011
-10.9077
-11.9939
-7.70823
-1.27963
3.92931
5.26365
4.53953
5.40814
8.64039
10.2301
10.1748
9.90628
8.51984
4.71168
0.351354
-3.25469
-5.80053
-6.12338
-4.59773
-3.57745
-3.13893
-2.84673
-3.89546
-4.88391
-2.30367
1.39754
4.98934
8.74086
10.6685
11.2189
11.3456
12.4403
19.1836
27.865
33.9435
37.4624
40.0734
45.629
54.8821
63.7725
70.0632
73.612
74.54
72.4295
67.3675
60.8409
55.1848
61.1128
70.3564
76.7147
80.9487
83.4866
83.9129
82
77.4241
71.6883
66.4028
61.3739
56.7468
52.3625
45.4152
36.9491
29.8889
26.7984
23.8443
25.7489
24.9191
22.4824
23.6675
25.3459
23.5406
20.481
22.4566
27.8502
30.7024
30.1011
26.7815
21.5581
17.1053
15.3518
12.8971
8.68865
10.3117
16.5545
17.8066
17.7245
16.0012
12.766
10.4669
11.5247
13.3305
13.6912
11.5434
8.08532
8.7038
11.016
10.4221
6.60983
4.7848
8.93356
12.5101
13.1558
11.827
11.2049
13.3756
15.4867
15.2876
12.6502
8.84336
8.05184
9.70238
9.82855
6.74337
2.50252
7.72937
13.4564
15.694
14.2927
10.3776
7.05745
7.29579
9.26592
9.07118
6.95856
6.76944
10.3823
13.5639
15.2362
16.317
16.9747
16.7301
14.9426
11.4842
8.14355
6.72546
5.36413
2.573
3.35427
8.14501
10.4732
8.99392
5.62162
5.88396
10.1567
14.3675
17.659
19.9644
20.1817
17.7428
16.313
29.5075
42.0155
51.7125
58.2078
63.6559
69.4034
73.5442
74.7563
72.8734
68.0865
61.3708
55.5679
61.9516
72.2777
79.0756
82.6366
83.4489
82.096
79.311
75.9728
72.3256
67.6739
62.3668
56.709
53.3346
51.39
48.8484
43.9645
37.6247
34.2366
30.3481
23.1753
18.2086
19.9384
22.2444
23.4737
27.1318
31.2308
31.9692
28.2493
22.7313
27.8205
34.2835
36.8737
35.2019
29.489
21.0694
15.592
14.2925
11.5432
10.0061
14.2708
-4.28257
-5.93958
-8.62015
-9.36795
-10.528
-10.1789
-5.5554
-1.62008
-1.02567
-2.96442
-4.82854
-3.26962
-1.11261
1.81518
5.35402
7.39695
7.01988
5.53453
3.69392
2.02389
2.61819
5.44287
6.0023
2.82603
-0.768236
4.49707
10.3914
12.2058
10.3318
6.99937
6.18778
7.28382
7.16737
5.52192
3.31789
2.32564
2.33826
0.94088
-2.19944
-3.88234
-1.01679
-0.372966
-3.56751
-10.2571
-13.2754
-8.87429
-3.64601
1.69052
6.74535
8.80971
7.49599
3.34984
-1.17384
-3.03091
0.459671
5.61452
8.12882
7.62442
5.70209
4.25759
2.61962
2.25456
3.01201
3.14262
1.67615
6.18086
18.7304
37.3791
50.3614
58.3893
63.1408
64.5506
63.1805
59.698
54.7924
52.1909
57.834
65.3784
72.2202
76.4846
78.1791
76.6795
71.2977
61.7626
51.9228
51.6083
55.5934
57.8854
58.9476
60.1629
60.803
60.4563
57.5261
51.8774
42.696
29.1483
15.7505
13.2157
3.85997
2.80484
3.80853
17.3371
29.5855
35.8111
36.9895
33.603
25.7604
17.1913
18.4383
20.3051
19.2814
15.3121
9.12788
4.31111
4.55271
5.16724
2.45019
-3.96663
-7.41113
-8.33661
-6.82291
-4.56624
-3.2093
-3.36387
-4.47696
-5.65286
-8.11125
-12.3232
-10.1334
-3.0134
0.594935
-0.253619
-3.32993
-3.58247
-1.3601
-2.0765
-5.7101
-6.02459
-0.615542
2.22333
1.34493
-0.456588
0.622848
1.42855
-0.5275
-2.37533
-3.73958
-5.74952
-5.4279
-0.769737
2.74315
3.20307
1.09155
-0.57688
-0.561179
-1.77416
-4.44807
-5.69507
-3.82728
-2.81506
-4.57013
-6.46475
-2.51024
3.37105
5.89263
6.09736
5.02978
3.16401
-1.28039
-6.01206
-4.74259
-1.98351
-0.710475
0.613406
1.1301
1.58852
2.81321
2.95883
-0.0775792
-6.21585
-7.66028
-4.96137
-3.17315
-2.03443
10.8371
25.6885
31.5334
35.1671
31.9426
32.018
40.4091
50.792
58.4009
62.8799
64.0797
62.8733
58.8269
53.1702
46.6487
44.1671
47.4771
49.5736
51.4045
52.4186
52.0101
50.2714
47.5576
43.3095
40.8442
36.3827
32.1476
26.9081
21.2647
18.7346
15.5011
10.764
5.80264
1.96188
2.12729
11.4848
23.8512
30.261
31.495
27.9854
21.2371
19.0195
19.4666
17.4731
13.965
11.795
9.33639
3.90225
-3.46359
-7.45944
-7.51146
-8.73022
-2.23244
-3.57019
-5.81275
-9.95603
-12.9742
-12.0318
-9.02828
-7.8851
-8.64859
-9.4138
-9.38359
-6.02477
-1.20821
1.20635
0.153017
-4.44935
-11.6727
-19.9298
-19.416
-9.06505
-2.13237
-0.282025
-1.97925
-3.67106
-3.82902
-5.50952
-8.46197
-7.91036
-6.43354
-5.69904
-1.70051
3.90969
6.27357
5.13461
1.68322
-2.53641
-6.78498
-8.29771
-7.29966
-6.73939
-8.17675
-11.2347
-14.9089
-12.3499
-4.02635
2.79249
7.61303
10.7633
11.581
9.11682
3.32089
-4.26874
-6.15721
-3.07478
-0.631652
-1.61642
-4.8955
-6.72156
-5.85035
-4.93341
-5.42682
-6.61537
-5.7177
-4.11247
-3.95094
0.246389
16.3138
28.0727
34.9472
36.8812
42.5107
52.6101
59.8967
63.3901
63.5986
60.8541
55.7002
49.7064
42.9066
45.135
51.9923
55.3276
55.118
52.043
47.8269
43.6334
41.5198
42.7864
45.0983
46.4229
46.6671
45.122
42.4083
38.21
31.6849
24.8322
20.6696
14.8421
6.31673
4.41975
4.84805
12.2401
23.8625
31.0929
33.2658
30.9776
24.7652
18.9951
17.8569
16.6339
13.8211
9.42538
4.66365
0.488749
-3.64382
-6.13424
-6.78906
-4.81648
-2.26152
-1.36021
-3.20112
-7.61808
-8.30511
-3.39787
-0.399748
-0.949191
-4.471
-9.46219
-12.8799
-10.9964
-6.07005
-3.95914
-4.86756
-4.8191
-2.0558
-1.14029
-2.50385
-1.77044
1.39277
2.54284
1.15579
0.833086
2.93161
3.67616
1.52489
-1.85368
-3.09306
-2.82162
0.0268325
4.27732
6.21293
5.27663
4.31268
5.50326
5.60273
3.25608
1.84479
2.39106
1.46182
-2.8877
-9.57348
-17.8372
-23.0336
-19.5228
-9.18955
-0.509901
3.3649
2.71116
-2.20151
-6.60596
-1.83206
3.84118
6.50781
6.84271
6.28512
5.89853
4.45083
0.450957
-4.40826
-4.91089
-2.39835
-1.71677
-3.64467
0.0957634
9.21442
23.895
33.5488
41.6642
48.7392
53.6485
56.67
56.6529
53.2156
47.2769
44.2919
48.5064
50.6667
52.3337
53.085
52.0675
49.7777
48.1628
50.0344
52.8584
53.7503
53.3502
53.2304
53.5995
52.0433
48.3122
42.9976
38.5508
34.3722
30.0131
22.9995
15.0985
5.43217
0.494615
5.30221
10.5005
18.0211
23.6379
25.9934
25.1365
21.8545
17.3402
15.2327
15.3625
13.1865
7.11021
-0.976056
-5.41181
-8.77743
-12.6332
-12.7356
-9.14529
-0.0771678
-1.58082
-0.91629
-1.1349
-3.95019
-8.43165
-10.3387
-7.26761
-5.58942
-7.21885
-12.1541
-15.8179
-12.1647
-8.64263
-5.83976
-3.48275
-1.76063
-0.603305
-0.769428
-2.34252
-3.0118
-2.38263
-3.50576
-6.59261
-6.08654
-3.71603
-3.86977
-6.61041
-9.96884
-11.4032
-7.38625
-1.64751
1.34149
0.973608
-1.34814
-1.6916
-0.535304
-0.846238
-2.667
-4.27488
-4.50622
-5.01333
-6.28627
-8.22642
-10.4082
-13.7195
-15.0647
-11.4695
-8.90354
-8.95742
-9.9312
-9.73597
-9.80925
-7.74669
-5.10865
-3.15098
-3.11265
-4.57394
-6.02155
-7.38385
-9.72038
-13.8279
-17.1811
-20.1485
-17.0173
-6.5418
11.9412
24.8453
30.9296
33.7348
31.3852
27.5152
25.5864
30.6118
36.2917
41.3915
45.1235
46.704
45.2162
40.9028
39.0513
43.2943
48.9499
53.1449
55.3339
54.5343
50.6314
44.079
39.2545
35.8974
31.0288
23.2998
17.4439
12.0274
6.3063
3.45977
-3.31495
3.48281
0.864167
6.0466
9.57905
10.032
9.18398
9.20523
10.4872
11.7226
11.5747
11.8572
12.6186
12.0809
8.00603
-0.529441
-10.0081
-9.0252
-7.75437
-11.1123
-15.0064
-12.1077
-3.58637
-5.94069
-6.8318
-7.33809
-9.61928
-14.7955
-19.952
-20.1787
-16.6393
-15.409
-17.5128
-18.8932
-15.6061
-11.1024
-6.84293
-3.65809
-1.77453
-1.81485
-3.60401
-6.29874
-7.94043
-7.48787
-7.16816
-8.03319
-10.4863
-12.6462
-12.7178
-11.1264
-11.1279
-13.3502
-16.7736
-16.9651
-12.707
-9.85675
-8.28587
-6.96419
-5.29477
-2.6666
-1.04515
-2.18665
-5.58974
-8.53638
-9.65277
-11.2438
-13.8962
-16.2313
-15.5191
-13.0094
-10.2682
-7.96261
-4.86306
-2.85604
-2.48454
-3.15967
-3.53258
-3.80932
-4.07255
-3.67758
-3.83014
-5.58857
-9.51264
-16.193
-20.8721
-20.5306
-15.7562
-9.31878
9.49916
23.4441
33.919
39.0936
44.2171
49.7332
53.5816
53.5038
49.2311
40.8725
35.0333
42.8944
50.5903
54.8984
55.5621
51.8179
44.8274
38.4579
38.4971
43.3995
46.106
46.2107
43.6161
39.4707
35.7271
29.836
22.5356
17.1626
11.8138
7.04732
-1.35179
3.0347
1.07421
0.00426621
-4.25981
-3.45267
4.41279
10.3143
12.0837
9.92606
5.1962
-0.121282
1.32694
3.93078
3.02428
-1.83235
-7.20249
-9.71903
-8.83458
-7.37902
-5.75262
-6.71246
-8.4852
-8.1288
-6.46384
-6.67302
-9.5091
-13.6128
-15.821
-15.4422
-14.8117
-13.0404
-12.5331
-13.9721
-15.7985
-14.528
-11.7401
-9.55098
-6.76917
-3.61843
-1.96902
-1.63546
-1.96614
-3.21207
-6.55977
-12.1553
-16.974
-16.4058
-15.4566
-17.3721
-18.189
-15.0891
-12.1342
-11.8494
-11.8865
-12.1625
-13.3239
-15.3349
-12.8653
-9.64596
-8.40351
-8.82234
-10.2764
-12.6056
-14.4356
-13.1967
-11.2478
-9.17328
-6.79067
-5.69378
-7.43627
-11.0341
-13.194
-13.7384
-15.6563
-18.7254
-19.7518
-13.7383
-8.85169
-7.23034
-8.17203
-9.55709
-10.5202
-11.9787
-11.8617
-9.17785
-6.41201
-2.97597
11.6914
33.9964
46.2565
56.0125
60.9201
62.611
61.082
56.9159
52.5392
55.5503
61.8651
65.5501
66.1052
63.4749
57.8655
50.9589
51.0837
56.3455
58.9803
58.1585
54.2408
47.3661
38.8676
30.5315
26.8704
25.2535
22.4111
18.2387
17.2139
16.8936
13.0084
7.89612
-1.29849
-7.03221
-7.63469
9.32657
23.264
30.9216
33.3917
31.221
24.0497
12.2832
6.53616
9.06132
9.08813
6.56203
4.90427
5.24437
5.36811
4.94312
3.76819
0.83133
-9.37905
-6.4265
-2.14333
-0.384778
-2.5258
-8.97727
-16.0014
-12.8575
-7.01616
-4.3769
-4.98017
-7.97918
-11.5577
-11.3346
-5.12106
-0.936658
-0.889139
-4.85706
-9.45221
-7.32539
-4.25718
-3.57123
-4.77395
-6.20039
-5.34292
-2.92302
-1.36455
-2.04128
-3.79378
-2.67404
-0.140609
0.822796
0.156414
-0.106894
-0.601898
-2.65426
-5.83847
-7.95983
-8.63375
-6.73264
-3.32305
-2.3833
-4.0954
-8.18276
-12.6101
-12.8858
-8.77288
-6.64771
-7.32542
-10.3508
-12.257
-13.1518
-11.4807
-6.47896
-2.38844
-1.96047
-4.15602
-7.01077
-8.51066
-10.0727
-12.1159
-12.6929
-9.92121
-6.8131
-3.49298
-0.778547
7.29874
23.3163
35.6627
43.5434
47.9051
49.6812
53.1303
58.8372
63.5249
65.5902
64.8896
61.8272
55.8645
48.7557
47.3001
51.4855
53.8231
53.7545
51.7665
49.0334
47.112
47.0743
46.7493
45.8356
44.45
42.7254
40.9011
38.7783
35.4291
29.7861
21.8624
15.534
10.2066
7.92287
6.31168
14.998
28.4848
35.8779
37.9018
35.0211
26.7747
13.6958
7.05847
8.21517
7.32006
4.73156
1.49335
-1.22524
-6.06961
-13.4681
-12.3468
-7.96887
-7.76372
-10.728
-14.4257
-16.0742
-16.6427
-16.3398
-13.8121
-9.9639
-6.93821
-4.64126
-3.82038
-4.78492
-7.69824
-10.5859
-8.44625
-4.70861
-4.11498
-7.65507
-13.5071
-12.1615
-7.75913
-6.71805
-9.1885
-13.62
-15.1845
-12.9908
-11.2142
-11.5381
-13.2242
-13.747
-11.0153
-8.51235
-7.27502
-7.55476
-8.94504
-10.3821
-9.89262
-8.7654
-8.83456
-10.4003
-12.1326
-13.8565
-15.2523
-14.6826
-14.2797
-16.1747
-18.2907
-17.2427
-16.1869
-14.9449
-13.0821
-10.7948
-6.63187
-1.76249
0.555113
-0.446789
-4.27215
-9.10821
-12.994
-15.6703
-17.0927
-17.1599
-12.991
-7.74525
-4.27848
-2.43189
6.9697
22.6427
32.7369
41.5567
48.9733
56.4406
61.066
62.2134
59.7916
54.1288
49.1116
48.3447
49.6806
49.3786
48.172
48.3562
50.7546
54.4193
56.9893
57.7632
56.0642
51.7712
45.9281
40.5953
36.7345
32.3402
29.8361
28.3149
25.496
20.9222
14.6496
8.3294
-0.160511
-8.9873
0.0913079
15.0576
28.3137
34.6366
35.682
31.6778
22.124
10.684
10.1672
10.633
8.69636
6.59261
7.57443
8.85423
8.2995
5.71538
2.92392
1.49309
-18.2685
-19.1495
-20.2005
-19.4127
-18.1334
-18.6468
-19.0224
-18.087
-17.9184
-21.2597
-29.4535
-32.1122
-28.0017
-24.5222
-22.5526
-20.5874
-17.2167
-15.0824
-15.4505
-18.5318
-22.5197
-22.7718
-21.0689
-19.3634
-17.9583
-17.189
-18.0014
-20.2548
-24.2428
-26.494
-20.1391
-12.6707
-8.97163
-9.89412
-14.9523
-20.1503
-17.8417
-14.3234
-13.3987
-15.3258
-18.7435
-19.6797
-17.7599
-17.8512
-19.6699
-19.5364
-16.2309
-13.9266
-13.2916
-12.7311
-11.1726
-10.4569
-10.6082
-10.4949
-11.7093
-16.0114
-21.1064
-18.6076
-16.0143
-15.6243
-15.3824
-13.875
-14.0173
-16.3899
-10.9195
-2.86445
8.19612
29.1287
41.5254
49.3855
53.7148
54.0598
51.1411
47.199
46.4881
48.4423
49.4648
48.8184
46.0016
45.8059
51.6598
56.9418
59.2701
58.2262
54.2314
48.044
43.3114
41.5545
41.479
42.654
42.4972
41.1931
38.6406
35.3145
30.579
24.845
16.8289
9.65998
-3.78801
-14.9439
-5.49451
12.2269
25.5711
32.3891
33.8608
30.7138
22.5661
12.6765
10.2909
10.7121
8.85027
8.59439
10.4097
10.3302
7.17091
0.597218
-8.19806
-12.8058
-4.44016
-7.72112
-12.1024
-12.6618
-9.51868
-6.3156
-4.95169
-5.33955
-8.19122
-13.1874
-19.7844
-24.2527
-22.5452
-19.3581
-16.34
-11.6845
-4.94217
0.431069
1.99567
-0.561994
-6.40833
-9.05321
-6.82097
-6.40675
-8.59201
-11.4403
-11.1676
-7.39273
-4.67251
-4.05768
-4.20923
-1.70046
1.23618
1.55463
-1.98248
-9.45638
-16.4469
-15.1692
-12.8297
-14.0068
-14.8042
-13.4179
-12.0158
-12.6266
-14.8138
-17.1768
-18.3744
-18.4483
-18.4761
-18.0109
-15.9685
-12.1585
-7.37069
-3.05989
-0.659856
-0.235675
-0.417861
0.146474
0.823179
0.476614
-1.7346
-5.88132
-10.7875
-12.9483
-8.4162
-1.37002
13.6925
25.2694
32.8416
38.4774
41.6408
44.7908
48.8996
53.0505
54.6374
52.8296
49.2466
51.2273
57.6491
62.2469
63.6673
61.5696
56.8466
53.5633
53.9822
54.479
52.6065
48.2776
41.818
35.0675
32.487
32.284
32.2176
29
23.8861
18.3326
12.3263
6.38171
1.74503
-1.85074
-0.671975
7.6536
20.1058
26.2856
27.5273
24.035
16.5226
8.97588
6.63236
4.95121
2.07939
-1.1257
-1.0086
2.4194
5.06106
5.03408
1.41874
-3.78955
-8.02803
-9.361
-11.665
-14.5874
-12.9442
-8.92848
-7.36898
-9.19049
-12.5407
-14.9691
-17.4613
-19.3635
-17.4846
-13.4318
-10.7458
-8.77606
-5.84716
-3.64552
-3.87302
-6.99436
-11.5764
-11.3036
-6.40748
-3.73561
-4.36827
-6.93879
-8.01628
-7.82247
-7.96165
-7.5511
-6.31157
-5.56432
-5.4882
-5.58602
-6.48903
-9.14184
-12.6841
-14.8249
-14.9574
-15.9431
-15.6684
-14.4249
-13.7367
-14.8239
-16.6519
-17.9769
-18.0214
-16.277
-13.0982
-9.94715
-6.2933
-4.66632
-5.47592
-8.40427
-11.2697
-12.1872
-10.8148
-8.81496
-6.19225
-4.83011
-6.04962
-9.84724
-12.2151
-11.6319
-10.6746
-4.21287
9.86578
27.3173
38.0868
43.7872
48.1446
51.7151
54.0963
54.1796
52.7188
52.9067
56.4509
59.9384
61.1337
59.8376
56.792
54.6415
55.6181
56.8744
56.0125
52.5415
47.2074
42.6045
39.7186
39.6646
41.1603
41.6769
39.2918
33.3155
24.5948
17.6269
14.3707
11.5221
6.8822
2.00066
-2.33117
2.96064
13.043
19.3481
20.9672
18.6629
13.5114
8.88727
6.65337
4.70508
2.05723
0.696069
3.21318
5.67311
5.14481
2.21553
-0.38866
-0.249838
-2.49187
-5.39185
-9.93365
-11.7046
-9.20213
-7.51967
-9.23093
-13.0269
-16.1908
-16.5149
-16.0292
-13.8281
-10.8342
-9.52724
-10.4932
-12.9433
-16.1647
-20.345
-25.4043
-25.328
-18.1328
-10.7961
-6.32825
-5.32837
-7.71935
-11.8074
-14.2636
-16.0112
-17.533
-13.3944
-8.01887
-5.68087
-6.80678
-9.9235
-11.7924
-12.6709
-15.5953
-20.2579
-19.9048
-13.7815
-10.1945
-10.5521
-14.7605
-19.5127
-17.6274
-14.9218
-14.9008
-15.2168
-12.5312
-8.33569
-4.9493
-3.43871
-4.68711
-8.71628
-11.2849
-6.50289
-1.95962
-0.214877
0.0982425
0.685854
0.371099
-2.61354
-8.5363
-14.2015
-16.2764
-9.61199
10.0171
24.3707
32.2701
36.4412
38.2158
38.792
44.0312
50.1941
53.5679
53.3848
49.864
43.569
40.903
42.995
44.5674
43.3696
41.1072
39.4329
40.3378
40.0795
38.528
35.9881
33.196
31.5287
31.7441
31.3005
28.8252
23.299
16.0596
9.16915
4.31713
3.87515
2.51545
-0.457621
-2.97144
2.44101
11.4513
16.9527
18.3642
16.4418
12.2657
10.4448
11.833
12.3297
11.3972
9.61606
6.99654
3.02278
-0.0273085
-1.07272
-0.782673
-1.72016
-7.82068
-12.1088
-11.3664
-5.85933
-1.43388
0.150724
-1.24629
-5.66485
-13.0959
-19.1889
-14.197
-8.40766
-6.11761
-5.43412
-2.76444
0.719985
1.9324
0.299724
-2.3042
-3.57261
-3.45178
-1.86019
0.151873
0.431022
-2.01956
-6.59362
-10.9738
-12.0828
-8.70925
-5.96012
-5.40569
-7.72571
-12.5612
-19.5542
-23.0372
-20.1961
-18.855
-20.0849
-19.9319
-16.3982
-11.3046
-7.51623
-5.29937
-5.3343
-7.33885
-8.88336
-7.06136
-2.00543
2.95278
5.90642
6.36722
4.14593
-0.627568
-7.57265
-15.9393
-16.9868
-14.1241
-14.456
-16.2473
-14.4213
-11.7134
-12.1782
-15.3992
-19.0046
-14.8912
-9.26449
6.39674
24.7785
37.0102
43.1405
49.2037
55.725
59.8601
60.4519
57.2113
51.7011
50.2578
53.8534
54.8713
53.0092
50.1861
51.1841
53.9988
54.947
52.6357
47.4634
43.0467
43.3621
45.3558
45.3549
42.7461
37.3425
29.9749
23.0359
17.3603
12.7464
8.17071
5.50353
2.33727
-0.241092
-0.991108
4.30198
15.2417
22.4742
24.8353
23.2814
20.3033
19.6875
19.845
19.1424
18.4135
17.3824
14.4595
9.81848
5.11538
2.24699
0.690444
-0.268541
-15.7649
-15.585
-14.5384
-11.0463
-8.52143
-8.78023
-11.2663
-14.1239
-16.5008
-16.7756
-14.1876
-11.7358
-10.4158
-8.87508
-7.22421
-7.03502
-7.9805
-8.80678
-9.66221
-13.0659
-20.0687
-26.6305
-20.8389
-14.8726
-13.232
-15.8152
-21.6417
-23.2645
-18.9146
-16.3568
-16.3966
-15.8724
-13.4511
-9.71513
-7.44267
-7.86371
-11.5162
-16.477
-16.8874
-15.0175
-13.2287
-11.1937
-9.76641
-10.656
-14.5782
-18.1596
-15.9624
-12.1476
-8.46453
-6.15642
-6.148
-7.54927
-9.30751
-11.679
-15.9608
-20.2515
-19.2064
-15.5498
-14.1674
-14.5636
-14.511
-13.5706
-13.2824
-14.3672
-14.2355
0.175493
24.7328
41.5309
51.3305
56.8246
58.4339
57.2108
54.726
54.023
54.8593
54.5869
52.4497
53.0437
57.3379
61.0193
61.2087
58.5355
56.2337
57.9989
59.3852
57.7816
53.1612
48.0459
47.1104
49.4577
50.9375
49.9385
45.9706
39.2036
31.5647
22.7879
12.3024
3.52382
2.11262
3.74192
2.90274
2.42325
9.21911
15.1247
17.4442
16.81
14.1294
10.7206
9.13468
10.2065
13.0986
13.7824
11.4942
5.82931
-1.49599
-6.64958
-10.4696
-11.3951
-17.1226
-16.9916
-16.7333
-15.9849
-14.2624
-13.4443
-14.839
-16.6777
-14.0557
-8.38535
-5.24933
-4.46707
-4.80961
-5.97899
-8.68852
-12.0685
-12.6864
-10.8776
-10.6622
-14.1622
-20.7749
-22.282
-17.6186
-14.744
-14.5339
-16.4622
-19.0286
-19.7237
-17.1938
-14.2423
-12.5557
-11.7675
-9.33977
-5.32003
-3.30657
-4.96428
-10.6409
-18.1608
-16.667
-14.1511
-14.3982
-19.0789
-26.4432
-30.4909
-29.089
-25.4311
-21.7948
-19.5298
-16.7188
-13.2012
-8.54076
-4.92131
-3.42752
-4.53248
-8.55446
-15.4554
-20.6369
-20.1274
-19.2111
-18.993
-16.9803
-14.9295
-13.7077
-12.8397
-11.1495
7.25297
26.1273
39.2083
48.5991
53.9002
58.4226
62.6933
65.5056
65.7377
63.4728
61.052
62.9007
66.3073
68.6389
69.045
68.8871
69.0648
69.6309
69.1675
66.9572
62.8129
57.3282
54.24
55.9708
58.8185
60.0383
58.9294
55.4531
49.8083
41.9328
31.2975
19.6855
12.3665
6.17654
3.96514
4.59402
6.843
12.613
16.2851
15.9035
14.6231
17.9274
23.1762
26.3601
27.1034
26.3227
25.1004
23.2745
20.4793
17.4592
14.9316
10.9379
6.4222
-17.1402
-20.9465
-24.9882
-24.6574
-20.2737
-15.4629
-11.9984
-10.4112
-10.5074
-11.034
-11.6555
-11.2788
-9.91935
-9.23972
-10.3746
-11.7868
-12.1204
-14.0003
-19.2648
-28.2016
-34.8266
-29.7286
-21.9329
-16.2969
-14.026
-15.3862
-20.1167
-24.1284
-21.3015
-15.6666
-12.1041
-11.7329
-13.5395
-14.8099
-14.9615
-16.5784
-20.8422
-25.2096
-22.9983
-19.6901
-17.2604
-17.5671
-20.4348
-25.5244
-27.6676
-22.5156
-18.645
-18.2122
-19.6187
-18.6605
-15.3828
-12.7727
-12.2855
-13.5814
-15.3546
-16.182
-16.2159
-15.8433
-15.1742
-14.5903
-14.1816
-14.1316
-14.8789
-16.3567
-16.2329
5.88316
29.5937
49.962
63.2841
71.9541
76.8115
78.2569
76.5428
73.1505
72.2934
74.183
74.24
71.3118
68.141
70.8403
74.5915
75.265
72.6395
68.1943
65.4716
64.8025
62.5349
57.8446
52.2569
49.3905
48.4802
46.0578
43.6077
41.881
38.9224
33.7282
27.4885
20.9206
13.9004
6.30355
2.83622
8.49886
19.6813
27.5293
31.3832
32.5377
31.9973
29.9202
26.4575
23.2818
22.6859
21.7438
19.2493
15.8134
13.4114
11.9039
8.61082
2.61115
-10.1689
-11.0416
-12.128
-13.8201
-14.3831
-12.3539
-8.46533
-4.85668
-2.49903
-2.17672
-4.24292
-8.18285
-11.0229
-11.6436
-12.3079
-13.3528
-14.4434
-16.5343
-18.915
-17.4452
-14.9568
-14.8067
-16.8595
-18.9768
-18.8403
-15.6533
-12.4961
-11.9745
-14.5588
-19.0928
-22.4082
-23.0888
-20.6142
-16.5357
-13.7071
-13.3957
-15.162
-17.3825
-17.8437
-13.2829
-8.57016
-6.96985
-9.39922
-16.1004
-22.7799
-19.2691
-15.0912
-14.6695
-16.338
-17.2342
-16.9167
-18.3726
-21.4931
-19.5965
-13.0509
-8.12728
-6.30924
-7.48362
-10.4228
-12.2347
-11.2343
-9.97251
-9.69596
-10.477
-11.1475
-5.27602
28.177
46.5225
59.7674
67.875
72.0277
73.7638
74.6232
74.8345
73.889
72.5003
71.7574
70.7933
70.2011
71.9101
74.3573
75.1493
74.307
72.6786
72.6095
73.5833
73.0528
70.182
66.7397
65.3564
64.0946
61.6783
58.4819
55.4577
52.2819
47.8383
41.5594
33.2028
24.762
18.8803
15.5532
15.3979
17.8299
20.0873
20.9293
21.2859
23.2236
25.8997
28.0243
29.364
29.5875
28.7194
26.6654
23.9821
20.9052
18.2663
15.5604
11.9585
-12.5559
-16.8504
-20.4783
-24.2357
-26.1299
-22.481
-17.5434
-13.3635
-11.0163
-9.83437
-10.5537
-12.585
-13.047
-10.2449
-7.84661
-7.55849
-9.34979
-11.4084
-11.4689
-9.88072
-9.34007
-11.0643
-15.3991
-21.2722
-23.6232
-19.3097
-13.9791
-11.8034
-12.6565
-14.5792
-14.5505
-14.2305
-14.7083
-15.4958
-15.6128
-16.2633
-17.0087
-17.158
-16.8395
-17.4738
-16.9454
-17.4089
-19.8813
-23.0708
-23.6857
-21.843
-19.0446
-15.9819
-13.2143
-12.2626
-11.7119
-10.9133
-10.7555
-12.6451
-15.0904
-14.7916
-13.5984
-13.7208
-15.0647
-15.8893
-15.4811
-13.5617
-10.1439
-7.86608
-8.14641
-10.1849
17.5992
38.34
51.1294
61.0766
69.3487
75.1234
78.1764
80.5751
84.4648
88.1684
89.3964
88.1134
87.3498
89.5237
91.2503
90.9463
90.0133
90.0666
90.0802
88.5493
84.836
79.0881
74.1614
73.2521
73.4996
72.6393
70.3581
66.448
61.0754
54.4002
45.3161
34.2207
26.1473
22.7099
21.6033
20.3904
19.1249
20.6885
25.0607
29.8911
33.1263
34.6375
34.7239
33.2733
29.466
22.3226
13.3646
9.945
10.8878
9.84346
5.75521
0.0356488
-9.47576
-14.6247
-15.7005
-15.5034
-16.6879
-18.5831
-18.9415
-17.2951
-15.2874
-12.8069
-10.7214
-8.95836
-8.16722
-8.92404
-11.1053
-14.0943
-16.5831
-16.2708
-12.3687
-8.82082
-7.34633
-8.36242
-11.4251
-14.6734
-15.685
-14.6863
-12.9373
-10.6603
-9.67871
-10.5202
-12.3464
-13.4555
-14.3888
-15.5325
-17.075
-18.0223
-17.182
-15.728
-15.5981
-16.6562
-16.7167
-16.8792
-17.6579
-18.0225
-15.8176
-13.415
-12.6096
-13.0068
-12.7493
-11.8568
-11.8995
-13.2853
-14.2504
-13.9771
-14.4625
-17.284
-18.6972
-15.7467
-13.3198
-12.9468
-14.2897
-16.5997
-18.7227
-19.7063
-18.4524
-18.3015
7.75311
27.2816
42.6039
53.6219
61.0465
65.851
69.193
72.4491
76.0034
79.7644
83.2137
85.4082
85.725
84.4084
82.8119
82.7238
83.2532
81.9906
77.5551
69.6137
63.7041
65.0772
66.2184
64.8384
62.3419
60.0502
56.9022
51.0084
42.0482
35.2051
30.0492
26.3962
22.169
18.8033
14.0383
12.5412
20.4827
25.7634
26.5612
23.2168
16.9652
13.0319
13.2451
13.6747
13.4935
11.5498
7.63257
3.65366
3.37873
4.61859
4.07601
0.557819
-18.2166
-19.2391
-16.9672
-14.6011
-13.4811
-13.0557
-12.4694
-10.7968
-9.60227
-10.1752
-11.101
-9.76215
-8.1256
-7.48354
-7.26765
-8.05525
-10.6612
-14.1628
-14.9328
-13.4529
-12.1805
-12.1363
-12.6283
-12.8541
-13.1911
-14.2236
-12.9201
-8.88297
-6.36011
-6.55327
-8.83637
-12.2025
-15.4433
-17.8191
-19.2571
-19.8697
-17.3668
-13.0715
-10.8671
-12.0516
-16.6999
-22.9736
-24.3136
-20.4195
-17.7499
-17.3112
-18.0162
-17.9664
-16.0504
-13.9679
-13.1982
-13.9314
-14.7408
-13.7461
-11.7794
-10.9692
-12.2421
-13.1167
-10.2561
-7.97166
-8.98648
-12.9668
-15.513
-13.3054
-10.3332
-7.87039
17.4223
38.6695
52.0662
61.6375
68.0812
70.9478
70.8442
70.5237
72.4891
74.0975
73.8689
73.3029
74.013
73.9924
71.6593
67.5461
64.0812
62.1157
60.4457
60.6687
62.9294
64.2694
63.625
61.0148
57.5377
54.476
50.5309
43.84
34.1802
24.6483
15.6133
12.5965
9.98257
7.70428
6.10606
11.2694
22.3817
29.3721
31.3609
29.0238
23.0751
16.9779
13.7113
12.0371
11.1769
10.4284
8.91435
5.60863
0.720162
-2.76554
-3.14291
-4.08651
-15.2195
-15.6384
-16.6761
-18.0843
-16.4016
-12.5047
-10.307
-10.8261
-13.3608
-15.208
-15.8376
-15.883
-14.599
-12.9395
-12.9779
-14.1469
-11.5015
-6.57459
-4.561
-6.15965
-10.7431
-14.4238
-12.9582
-9.62275
-8.12965
-9.11456
-11.6813
-14.5258
-16.9822
-18.3607
-17.9346
-17.0982
-16.7005
-16.6275
-16.3063
-14.1338
-10.7896
-8.67876
-9.00553
-11.8925
-16.7555
-20.9837
-16.9516
-9.84859
-6.37704
-6.82951
-10.328
-14.4763
-16.1278
-15.0991
-12.338
-10.3017
-10.2016
-11.5303
-12.951
-14.8493
-16.4366
-16.7748
-15.7124
-14.7252
-14.4614
-15.4551
-17.8702
-21.4866
-21.9851
-9.84148
12.6509
30.2027
44.5103
54.8545
61.6917
66.8115
71.1378
73.7935
73.9506
72.5857
73.1889
75.6256
76.1582
73.7623
69.7906
67.6089
67.2575
66.4673
65.8241
66.1905
65.8046
63.1769
57.3406
49.6181
44.4279
40.5931
34.2541
25.6694
21.0787
20.7329
17.1795
11.8671
3.80708
1.34171
2.67475
9.16817
18.0299
23.5603
24.8475
22.4524
17.8547
15.0859
15.3946
16.5516
17.3413
16.7135
14.3207
10.4807
5.85217
0.440792
-2.4103
-0.56125
-15.6981
-17.5144
-19.7256
-20.9379
-19.8641
-17.9358
-16.6382
-15.8933
-14.8765
-13.2094
-12.1317
-12.073
-11.8338
-10.5822
-9.72786
-10.5752
-11.5589
-9.55297
-6.84509
-6.02768
-6.97873
-8.32246
-9.46472
-10.6828
-11.5902
-11.2715
-10.5538
-11.6162
-15.1194
-18.081
-16.9977
-15.6794
-15.573
-14.0738
-9.91165
-6.96465
-7.17913
-10.0458
-12.7688
-14.0349
-15.7162
-16.9956
-13.5757
-10.0178
-10.0703
-14.4344
-21.9015
-24.2252
-19.6363
-16.6301
-15.7479
-15.9575
-16.3353
-16.4276
-16.9324
-17.3113
-16.1416
-13.508
-11.7121
-11.7706
-12.9209
-14.0735
-15.2207
-17.1018
-17.2255
-8.87748
14.0346
32.9248
45.0544
53.3364
58.917
62.0027
63.5555
64.8728
66.1487
66.8152
67.0848
67.06
66.1177
64.7535
65.273
67.0175
66.925
64.1429
60.2397
57.5939
55.1535
51.1359
46.9818
45.0201
44.9898
44.0304
40.699
34.1594
25.6486
19.4255
10.3936
5.66662
4.34197
4.82395
4.1132
5.19716
11.5773
16.711
18.3454
18.3525
18.853
19.2219
17.8075
15.1063
12.9671
11.5182
10.1325
8.70348
7.00923
4.31085
-0.115182
-4.37804
-24.9901
-25.8364
-22.5748
-20.8835
-20.7168
-16.8131
-11.79
-9.64941
-10.8726
-13.8113
-14.8496
-12.166
-10.2992
-11.1596
-14.9422
-19.3909
-20.0996
-18.0571
-16.077
-14.9617
-15.1828
-16.6532
-17.839
-17.8583
-18.2775
-19.9765
-20.9278
-19.7299
-17.3906
-15.7107
-15.825
-17.5465
-18.0674
-15.9614
-13.9362
-12.9771
-12.9861
-14.0871
-16.6902
-21.1368
-26.0562
-27.3639
-22.8477
-18.4524
-16.7884
-17.5467
-19.1159
-19.7625
-19.6772
-19.211
-18.4499
-18.9879
-21.9822
-25.8134
-27.7611
-25.798
-24.3873
-25.3714
-25.4655
-23.2228
-21.8517
-23.3393
-26.793
-28.9051
-24.9064
-14.3192
14.8365
31.375
43.0026
51.5345
57.8312
62.7546
66.0335
66.862
65.3131
62.4875
61.0751
62.2318
64.4544
66.2734
66.9589
66.2152
64.2002
61.5085
58.6722
56.7364
57.1648
57.8315
56.5593
53.0365
49.0945
46.4952
43.2396
36.5603
26.5316
18.9719
11.2041
9.07538
4.97868
2.84876
2.61217
9.0173
18.9158
24.2608
25.0547
22.0975
18.2335
17.3591
16.5355
13.1192
7.74515
2.31759
-1.65684
-2.92137
-3.24575
-5.17498
-8.00601
-9.21847
-23.2801
-18.5363
-16.7238
-18.2924
-21.8142
-22.687
-18.639
-16.2957
-16.5231
-17.5539
-17.4419
-16.3477
-15.6968
-16.32
-18.0466
-18.5277
-15.1383
-11.9977
-11.6322
-14.1128
-18.2697
-22.0522
-24.4406
-24.5362
-24.0431
-23.8783
-22.5262
-19.0962
-15.7043
-14.1349
-14.9926
-17.753
-19.8576
-20.0351
-20.0874
-20.6429
-19.4031
-17.3023
-17.0186
-19.7711
-23.9765
-26.8032
-25.7088
-22.1558
-19.5065
-18.8732
-20.1936
-21.7249
-21.3538
-20.513
-20.6395
-21.3979
-22.7495
-24.3288
-23.1862
-20.4941
-20.159
-22.3109
-25.4951
-27.9314
-29.6077
-30.5341
-29.3772
-28.6023
-28.0846
-18.8554
20.9311
41.9255
54.6852
62.51
67.1033
69.4744
71.0741
72.5051
72.5689
70.7421
69.1168
69.7592
69.8963
67.6939
64.5534
63.2306
62.9615
61.5802
58.9011
56.5591
55.6407
54.8785
52.979
50.4856
47.3948
42.9079
36.2874
27.9873
21.7389
19.8863
19.3883
16.7235
9.90817
-0.86
-7.85558
6.15264
19.1712
26.1452
28.0973
25.8555
20.5656
15.8124
13.5355
11.1115
7.31439
4.58619
5.03756
5.14136
2.98493
-0.902968
-5.40472
-9.97268
-18.7746
-15.014
-12.3905
-11.9118
-13.3583
-15.6805
-18.0712
-20.5601
-23.4541
-22.3063
-18.3431
-14.6972
-12.9646
-13.2033
-14.6225
-16.3555
-17.9469
-19.0302
-19.003
-17.8126
-15.3052
-12.8999
-11.8111
-12.3474
-13.1916
-12.7695
-12.3322
-13.6641
-16.8814
-18.6887
-16.9066
-14.6916
-14.2093
-13.9311
-13.0186
-13.4333
-16.6272
-22.0306
-24.2742
-20.2321
-15.745
-14.661
-15.2026
-14.6157
-13.5853
-14.6599
-17.6109
-18.1379
-14.5596
-12.1687
-12.7981
-15.6881
-18.8334
-20.564
-20.3769
-18.828
-18.1673
-19.5433
-21.3188
-21.7881
-21.3801
-20.0486
-18.1534
-17.8195
-18.7399
-9.54697
27.8884
45.9509
58.1416
65.4189
70.6914
75.6368
79.4535
80.92
80.1462
78.425
77.1628
76.3654
75.7466
74.8494
73.0711
71.6691
71.5856
71.2913
70.4607
69.8137
68.2612
64.3198
59.5759
58.8617
61.0645
62.2264
60.9613
56.6474
48.8171
38.1525
28.2679
23.1786
19.4097
15.7859
13.087
13.4961
20.3773
26.3378
28.142
25.8234
20.255
14.7432
12.8358
14.1052
15.9229
16.2516
14.5967
11.4255
8.06796
5.49613
2.48656
-1.52883
-22.3211
-20.1
-15.845
-12.5897
-11.4433
-12.4929
-14.8093
-17.8042
-21.5736
-23.5411
-19.9947
-16.2986
-15.1278
-15.8385
-17.1997
-17.7717
-17.935
-17.772
-18.1608
-18.8764
-19.4508
-19.2998
-18.4315
-18.5381
-20.2143
-22.6073
-24.3642
-25.5706
-25.9381
-23.4357
-20.1078
-17.9845
-15.6586
-12.9067
-11.5855
-12.8463
-15.8277
-17.4076
-16.5249
-16.3034
-17.2101
-19.2125
-21.3103
-22.7873
-23.7496
-25.472
-27.8013
-28.0284
-23.9688
-20.7297
-20.0626
-21.3401
-21.8278
-18.2032
-15.2334
-14.7849
-16.6599
-18.8615
-19.1505
-18.8266
-19.2566
-19.8359
-18.8357
-17.2149
-16.6657
-12.2688
22.1148
41.1748
53.4974
60.5047
64.7952
66.9784
67.5896
68.5929
70.1964
71.0903
71.2708
71.7403
71.6358
69.6833
66.9752
65.8077
66.97
68.1562
67.716
65.1427
60.974
57.1027
55.988
57.3847
58.446
57.8627
55.3869
51.1954
45.4483
39.1001
32.8268
25.7874
21.1452
19.403
16.9847
14.3454
15.4392
18.5691
19.4509
17.3628
13.9437
11.9463
11.1532
9.68031
7.17658
3.2819
-1.30201
-4.58612
-5.3245
-4.15872
-2.67415
-1.79893
-22.7408
-20.4956
-19.2142
-19.599
-21.2391
-23.4765
-24.7269
-25.5463
-28.1544
-28.8519
-24.3954
-20.3095
-18.0787
-17.2746
-18.0463
-19.6091
-20.5682
-20.9307
-20.3635
-19.0439
-19.2183
-22.1984
-26.1454
-26.3442
-23.7808
-22.4259
-22.9775
-24.6221
-25.5919
-25.2778
-25.1554
-26.4761
-28.7752
-30.3418
-30.7434
-30.0124
-27.5531
-24.3354
-21.5545
-20.7474
-21.7585
-23.471
-23.5296
-23.6125
-25.2624
-28.4882
-32.5813
-37.8008
-38.775
-35.7347
-28.8044
-24.069
-22.8571
-23.9024
-24.8151
-23.5137
-22.0692
-21.3298
-20.9228
-20.4579
-20.6677
-20.9903
-20.7728
-21.0913
-22.7084
-18.7214
16.3115
35.1738
48.085
55.9823
62.0448
66.4489
69.3532
72.543
75.8577
77.6264
78.1605
78.66
78.6457
76.9453
74.452
73.8414
74.4702
74.2407
72.5861
70.3468
69.0713
68.2912
66.4436
63.6059
60.4805
56.8306
53.3595
50.5332
47.3984
43.4716
38.5298
31.6336
24.485
20.3005
18.1112
17.7412
23.4131
29.9081
32.799
31.911
28.141
23.8816
21.0934
18.5699
15.0548
11.0951
9.26056
11.8232
15.8417
17.8159
16.2539
10.338
-24.5193
-24.0946
-23.7359
-25.0434
-26.3004
-25.8912
-25.7907
-26.7052
-27.4489
-27.7595
-28.3314
-28.1735
-26.9487
-24.6851
-22.2377
-21.3877
-23.2136
-27.3092
-30.3904
-29.6318
-28.1791
-26.5772
-24.0967
-21.3719
-19.5422
-18.5371
-18.5271
-19.9257
-22.202
-23.7794
-22.8122
-20.8006
-20.3065
-22.2753
-25.3203
-26.7728
-27.1743
-27.871
-27.7192
-26.4491
-23.2991
-21.2187
-20.2503
-20.863
-22.6675
-25.161
-28.3526
-31.7825
-33.4724
-32.3711
-28.1575
-24.1791
-22.6535
-23.1434
-23.722
-24.0676
-24.9325
-25.9324
-24.454
-22.8857
-23.1486
-25.6852
-28.6965
-30.9483
-30.2019
-15.0315
9.40101
27.4225
41.0007
50.7924
58.0728
63.2046
66.3786
67.9691
68.5456
69.472
71.6603
74.1709
75.538
75.1986
73.637
72.5607
73.1218
74.219
74.5686
73.7267
71.8497
69.2171
65.8877
61.5165
56.9484
55.9193
56.997
56.1446
52.1311
45.508
38.6752
32.0426
24.4649
17.6155
13.2419
15.481
25.7858
33.0419
36.0496
35.4447
32.0179
27.5027
24.3022
23.2598
22.2038
19.7518
16.4143
16.1253
18.7547
19.534
16.6795
9.67603
-36.0067
-34.591
-33.5252
-32.8177
-30.9467
-29.2926
-29.3519
-31.1241
-32.4785
-29.8161
-27.8293
-28.4916
-29.0793
-26.7048
-24.3008
-24.3825
-26.0398
-27.4031
-28.1702
-28.8488
-27.9523
-25.8336
-24.3923
-23.7202
-22.8253
-21.8117
-21.3812
-21.2239
-21.4358
-23.0821
-25.658
-25.387
-22.9168
-22.7471
-25.632
-29.2539
-28.3427
-27.1268
-28.8583
-31.3475
-29.158
-26.0008
-25.7802
-28.3782
-30.1038
-27.6476
-24.2238
-21.7247
-19.7045
-17.4766
-15.5773
-15.6904
-18.757
-24.6588
-31.5939
-33.8697
-32.0753
-31.3517
-29.8352
-27.2521
-25.8052
-26.9921
-29.2623
-30.9971
-30.8243
-23.2426
2.02579
18.7327
29.7621
38.7743
46.2375
50.8859
52.6362
53.2915
53.7681
54.9822
58.581
62.7401
64.6847
64.2976
62.2991
60.1312
59.6032
59.6343
58.1292
55.2854
53.182
51.7563
49.2016
46.7041
46.5394
46.7034
44.9703
41.546
37.2952
31.0368
22.4005
15.2756
10.8652
9.22492
7.28939
9.23597
17.9917
24.9435
27.9738
27.8544
26.5721
26.3412
27.3786
27.9344
26.6158
22.5379
15.9224
9.32741
4.68688
1.95356
-0.703939
-5.20218
-31.1075
-27.5669
-24.8015
-23.905
-24.2504
-25.7411
-28.7689
-32.7901
-33.3651
-29.1065
-25.8222
-25.1443
-27.4091
-32.2707
-37.7028
-39.1311
-38.6153
-37.2824
-33.4005
-29.7843
-29.0426
-31.6058
-35.8326
-37.1482
-34.7735
-30.8004
-27.9584
-27.3192
-28.9089
-32.1948
-35.7331
-37.0124
-35.028
-33.6838
-33.3313
-32.2441
-29.9792
-29.0126
-30.1492
-32.0823
-30.2441
-29.1117
-30.6381
-33.335
-33.6516
-32.3369
-32.401
-33.3444
-31.5226
-27.49
-23.0854
-20.6735
-21.1856
-24.5444
-29.3871
-32.1512
-31.5148
-31.5635
-33.3802
-35.3455
-34.0555
-32.5042
-32.7996
-35.6626
-36.6259
-22.7833
0.167616
16.2641
27.5051
34.783
37.7812
38.3818
38.5848
39.893
41.3219
43.2006
46.096
48.5696
48.8164
47.6871
46.7448
46.1805
44.2856
41.2561
39.0424
38.5519
37.603
34.9193
30.9923
28.6519
28.3168
27.4457
26.0779
25.0311
23.8899
21.5024
16.7968
11.8143
5.10276
-0.889748
-2.74591
8.1156
20.9007
27.9306
29.8652
27.4729
21.8139
17.3691
16.4833
14.8895
11.3401
6.94648
4.44558
2.66636
-1.04384
-5.94835
-7.96835
-8.22529
-37.1137
-34.2712
-31.1409
-30.7118
-33.3296
-37.6667
-34.1642
-27.8145
-25.2495
-25.9361
-29.7502
-34.5119
-38.9182
-42.6998
-41.4921
-35.7689
-31.9665
-31.5429
-32.2656
-32.5232
-32.9639
-35.3111
-38.6045
-39.007
-36.0993
-32.6289
-30.3967
-29.0114
-27.832
-27.5317
-28.7892
-30.83
-31.0815
-29.9946
-29.631
-30.7539
-32.1507
-33.2704
-34.9469
-39.0956
-41.5235
-44.7307
-45.5323
-41.8688
-34.3927
-28.4686
-26.0148
-27.469
-32.2084
-37.4184
-35.6424
-32.5331
-32.3501
-34.2573
-35.9124
-34.2687
-32.3792
-32.1363
-34.2188
-37.5998
-37.9325
-36.2412
-35.3315
-37.4218
-37.8818
-15.6338
6.32101
20.4287
31.5889
41.5474
49.1046
54.247
57.293
58.4859
58.238
57.3406
56.6354
56.2266
55.1888
53.3425
52.3873
53.0057
53.3967
52.1779
49.833
47.7558
46.3804
44.8355
42.8509
40.6297
38.362
36.9678
36.4947
34.854
30.8822
25.0676
19.259
13.9976
6.73074
-3.2442
-1.1401
18.3009
33.2139
41.0183
43.4345
41.1822
34.5919
26.8272
23.768
21.8574
17.9915
12.3562
6.95486
2.5491
-1.86994
-6.62984
-10.0442
-12.2013
-34.6728
-39.1741
-41.9973
-43.0649
-43.5049
-40.8192
-33.9056
-28.0864
-26.1253
-27.0701
-30.3791
-34.4618
-37.4415
-36.7121
-33.8366
-32.7627
-34.4125
-37.9538
-41.2674
-41.8433
-39.4263
-37.3763
-36.8106
-36.9619
-37.0366
-37.9352
-39.4521
-40.1082
-38.7119
-37.0303
-36.5923
-37.8551
-38.6862
-36.5121
-32.8801
-31.529
-33.0697
-37.3354
-40.7254
-41.7598
-39.4377
-40.6678
-43.1048
-42.3244
-37.2617
-33.4092
-32.5535
-34.5077
-34.6182
-32.9618
-31.1487
-31.0934
-33.6532
-37.2777
-39.2858
-39.2705
-39.2168
-38.5526
-36.4465
-34.2705
-33.8665
-36.0136
-37.4158
-36.501
-33.8397
-14.1421
6.5657
21.6697
32.6766
41.3277
47.9079
51.5459
52.9503
53.4181
53.4584
52.7201
51.9392
52.7685
54.1972
54.4755
53.9155
54.008
54.5991
54.5734
53.595
51.6261
48.8791
46.4992
44.5589
42.0157
39.4025
37.2625
34.9623
31.8064
27.8861
23.0574
16.1727
9.69463
0.518131
-8.25192
-1.60357
13.3406
27.4829
34.5041
36.1432
32.8757
24.5066
15.4434
15.2338
14.6874
10.4808
3.74743
-1.48977
-5.72488
-9.7259
-13.5405
-15.6337
-18.6378
-39.8939
-40.6395
-39.7931
-38.901
-37.1832
-35.4895
-35.0342
-35.9921
-36.9036
-34.0522
-31.5859
-30.9995
-32.5765
-33.6625
-32.6544
-32.6074
-34.5012
-35.5882
-34.2274
-33.3251
-32.9427
-32.0108
-30.19
-28.7148
-28.7208
-30.5519
-32.2926
-32.2837
-31.8891
-33.2551
-34.0556
-33.146
-32.7968
-34.5946
-36.2882
-35.1734
-33.7964
-34.5918
-36.4967
-38.9141
-38.023
-39.286
-39.2547
-36.4851
-31.3928
-26.754
-24.5283
-25.7813
-29.9584
-35.7767
-37.1296
-35.5094
-35.1777
-35.4522
-35.4074
-35.086
-34.3066
-31.393
-28.0441
-26.7615
-28.4013
-33.1748
-38.3335
-38.5181
-33.7947
-23.5305
-2.92249
14.1627
27.0723
36.3773
41.7456
45.4417
47.6574
48.2988
47.5445
47.0037
48.78
50.8155
51.0435
49.6665
47.9311
47.1327
46.778
45.5619
43.0355
40.2685
39.0787
38.8852
38.2242
36.3002
33.437
30.0107
26.9407
25.521
24.9565
22.765
17.6093
10.8485
4.82079
-1.62445
-3.79535
3.53105
14.4619
20.2497
21.4895
18.827
13.3586
8.59935
6.61632
4.73364
0.58015
-6.16225
-13.7188
-19.1311
-19.0783
-17.4174
-16.7141
-18.1652
-37.7169
-40.8667
-40.6332
-38.6397
-36.686
-36.2715
-37.5159
-38.2275
-37.6748
-34.2087
-32.6901
-33.5659
-35.1723
-34.2229
-32.0808
-31.3157
-32.3571
-34.1905
-32.9537
-29.8686
-28.3438
-28.9245
-30.1618
-30.399
-29.4696
-27.992
-27.1861
-28.0259
-30.3716
-33.3831
-35.184
-34.7994
-33.3628
-34.0869
-36.7112
-39.1744
-39.4806
-39.0781
-36.8042
-35.579
-34.5324
-36.0024
-36.6538
-37.2807
-35.9604
-31.2981
-27.9578
-27.8228
-29.7698
-33.1679
-35.5228
-35.2391
-33.1633
-31.1187
-29.4478
-29.2449
-30.6394
-31.921
-30.1863
-28.2723
-29.2747
-33.8157
-37.3144
-35.1686
-31.7302
-25.7749
1.91505
19.853
34.5
45.1456
52.7756
57.1803
59.082
59.3219
58.3338
56.2992
53.6074
51.8169
50.345
48.363
46.1555
45.1829
45.6448
46.4397
46.203
44.6912
43.0884
42.2463
41.3552
39.9257
38.3743
36.6074
34.3796
31.1716
27.0622
22.4675
17.594
13.7595
9.98034
4.40154
1.88033
9.63423
21.8692
28.422
29.9567
27.0545
20.0398
12.4182
10.0133
9.39261
6.82211
2.4991
-1.09698
-3.22383
-4.83051
-6.05029
-7.50921
-9.92993
-40.6321
-42.1986
-41.5076
-40.0073
-37.4087
-35.5096
-34.5459
-34.8585
-36.0134
-35.1367
-35.2809
-37.6694
-39.7418
-37.7796
-35.4856
-34.5739
-35.0745
-36.7243
-38.2484
-37.4605
-36.6642
-38.2022
-40.318
-40.657
-38.8341
-35.66
-32.7636
-31.2033
-31.0932
-31.7075
-32.7961
-34.8297
-35.972
-36.3848
-36.7465
-37.3218
-37.8137
-37.3344
-35.3178
-34.6826
-35.369
-38.2582
-39.9493
-40.4803
-38.7956
-34.6529
-30.8833
-29.2194
-28.5777
-29.0613
-30.2445
-32.1633
-35.1973
-38.1051
-40.889
-41.6797
-40.6998
-37.1475
-33.3042
-31.8316
-32.8653
-36.4658
-38.097
-35.8885
-33.4789
-28.1562
6.06371
27.5035
43.4528
54.5272
61.4096
65.6664
68.8496
70.8842
71.1727
69.7304
68.3483
68.349
68.4151
67.3865
65.313
63.2048
62.007
61.3901
60.4052
59.1114
58.4383
58.4451
57.7018
55.266
51.9673
49.9043
48.8499
46.9308
43.4962
38.8776
32.8087
26.3255
20.0151
14.0778
10.4414
20.7723
34.9328
42.9577
45.6924
43.752
37.0799
26.4972
18.6837
17.1788
15.703
13.1138
9.7745
6.04579
4.85469
6.53774
6.96093
4.49853
-40.6703
-43.4923
-46.7719
-50.0579
-49.0076
-46.1498
-43.2083
-40.7974
-41.508
-41.355
-41.9673
-41.6595
-39.8672
-36.4314
-31.8479
-28.1173
-26.2755
-27.056
-30.8361
-36.6359
-39.3365
-37.1448
-35.8779
-36.2738
-35.881
-33.7563
-32.4426
-33.0051
-34.7743
-36.1316
-36.7252
-37.3218
-36.1205
-33.9113
-32.7045
-34.2124
-38.5585
-42.9353
-41.5218
-41.2483
-38.4737
-38.1257
-36.7199
-35.1506
-33.6406
-32.4868
-31.9069
-32.3295
-32.8905
-34.4382
-34.4701
-33.0557
-32.6857
-34.4506
-35.8608
-35.5588
-34.0411
-33.8863
-35.2696
-37.184
-37.5263
-36.9804
-36.6249
-37.3889
-36.6452
-25.0596
9.19248
30.915
44.8743
53.5985
59.2088
62.9657
65.4863
66.9965
68.0005
68.9339
69.5037
69.3481
68.6108
67.5721
66.5196
65.8462
65.5534
65.19
64.4728
63.6579
62.8877
61.7311
59.6992
58.0361
57.8124
57.4763
56.1611
54.6904
52.8404
48.7928
41.1216
29.8354
18.4949
12.0486
11.42
16.7517
28.0611
35.05
37.0556
34.4171
27.2866
18.86
16.0208
14.5793
12.2526
8.60028
4.00633
0.0451076
-1.77406
-2.33454
-2.63402
-3.61703
-37.0627
-37.2652
-34.5281
-32.8599
-33.4882
-35.6911
-35.9001
-31.9627
-29.4574
-29.4773
-32.8829
-37.4132
-37.8828
-32.7002
-26.8416
-23.3976
-22.7278
-24.3983
-27.4759
-30.6095
-31.7943
-31.6471
-32.8865
-35.2768
-35.8984
-33.6752
-32.0812
-32.2267
-33.1207
-33.1403
-32.4611
-32.3745
-31.8044
-30.817
-29.4582
-28.0386
-27.3342
-28.7266
-32.0033
-35.4312
-35.5453
-35.5514
-34.1531
-31.3824
-29.4957
-29.4098
-30.9113
-33.7709
-37.2253
-35.8847
-29.373
-25.0119
-23.8923
-25.0368
-27.3164
-29.5963
-28.6099
-26.0291
-25.9096
-29.303
-33.103
-32.7302
-31.473
-31.6566
-31.8537
-23.7798
7.77858
26.9631
40.8115
50.702
57.8174
61.9259
63.4798
63.6247
64.0174
65.6431
67.5262
68.8634
69.2556
68.3849
66.3188
63.8929
62.2206
60.8815
59.0281
57.8305
59.2656
61.4017
61.8137
60.3511
58.3244
56.9795
56.0729
55.1315
53.2674
49.2834
42.315
32.6449
23.4081
15.7629
9.96608
8.93009
16.3977
21.7581
22.982
20.6387
16.0774
11.7143
8.3916
6.12621
5.62349
4.71059
2.62839
-0.64606
-4.14945
-6.89696
-7.6539
-8.13189
-37.6867
-35.5362
-33.4458
-32.9443
-34.3089
-35.928
-35.2574
-33.6622
-34.3146
-36.6648
-41.1259
-43.3849
-41.5388
-37.7532
-34.0694
-31.5788
-30.46
-29.1978
-28.2682
-29.1118
-32.1718
-36.2087
-38.4854
-38.9379
-38.299
-36.2831
-33.9081
-32.671
-33.833
-37.4206
-41.5484
-44.4567
-43.1697
-38.4697
-33.5319
-31.3284
-31.9318
-34.0294
-35.1633
-35.6761
-35.7366
-36.8175
-35.9646
-32.3012
-29.4551
-29.3654
-31.3639
-33.9351
-34.8235
-36.3625
-36.9353
-35.3535
-34.0041
-33.791
-35.6404
-36.2924
-33.6811
-31.6472
-32.936
-37.1087
-39.5192
-38.3433
-35.3393
-33.4455
-32.8864
-29.1419
-3.97564
12.632
24.9467
32.8221
38.8777
43.8921
47.4454
49.0003
49.0322
49.6071
52.0539
54.2279
54.3393
52.4981
50.0209
48.2352
47.4411
46.9185
45.9675
44.4028
42.9591
41.0637
37.9091
35.4747
37.4605
40.5252
42.4276
42.1261
39.1471
33.0032
23.6529
14.681
9.4498
4.01098
-2.55551
-1.81319
7.87338
14.7986
17.3255
15.9655
11.2637
4.81369
0.214438
-1.22911
-1.37115
-2.57124
-5.17716
-8.32991
-11.3265
-15.1681
-19.3814
-21.73
-35.9047
-36.8089
-37.8238
-35.2073
-30.8766
-29.1971
-29.8208
-31.4938
-33.5775
-34.6801
-35.7165
-36.5736
-37.6361
-37.1926
-35.6961
-34.9441
-35.6972
-37.6619
-39.5302
-40.9341
-42.1322
-42.32
-41.4435
-41.2269
-42.4253
-41.6746
-37.3356
-34.9121
-35.8238
-39.0585
-41.2156
-42.3509
-43.2637
-43.1179
-41.4373
-40.537
-40.0834
-38.8001
-37.3922
-38.9492
-39.3952
-39.4389
-38.3225
-37.1055
-35.244
-34.5493
-35.5071
-37.7599
-38.1025
-38.7873
-38.3174
-37.1525
-37.6937
-39.1541
-39.4988
-35.53
-30.7325
-28.5929
-29.298
-31.0996
-31.3495
-31.0055
-31.9878
-34.9625
-36.5803
-32.5768
-12.6269
-1.47589
7.81981
14.3382
17.5164
20.165
21.6827
21.6895
19.7242
16.9892
15.8505
17.9793
20.5046
21.7347
21.5758
20.2429
18.5925
17.1235
14.6281
12.4323
10.5757
10.3879
10.9604
10.7852
12.0106
12.6466
13.8235
13.4778
11.7458
9.03628
5.09558
0.73908
-6.34653
-17.9804
-21.5312
-20.6448
-10.4859
-2.91918
0.140055
-0.578905
-4.77603
-11.3281
-14.5369
-14.4868
-12.4692
-12.7132
-15.5148
-20.5598
-24.9079
-26.4562
-27.7393
-29.2454
-35.4535
-36.9981
-38.441
-37.0308
-34.1912
-32.9055
-32.4965
-32.6086
-34.3308
-36.0692
-36.6771
-36.5312
-37.688
-39.244
-38.1586
-35.531
-34.6372
-35.5442
-37.018
-38.6705
-40.473
-41.3099
-41.0731
-41.2374
-41.2137
-39.5279
-37.8649
-37.8477
-39.5945
-42.0199
-41.8432
-40.2766
-39.4867
-39.6524
-38.4363
-37.0833
-37.9088
-41.3346
-42.5703
-40.3536
-37.9273
-39.2065
-40.5883
-40.2467
-37.7798
-35.0545
-33.7832
-35.377
-38.6282
-41.5024
-39.1777
-36.0913
-35.4229
-35.5964
-35.6923
-35.1752
-35.7127
-38.1063
-40.7886
-40.6246
-37.5057
-35.0099
-33.2005
-32.4935
-31.9291
-31.4518
-17.1168
-9.32123
-4.40993
-0.394228
-0.194252
0.965417
0.209454
1.02784
6.08228
10.6782
12.7116
13.7643
12.2414
12.4909
13.1485
13.7158
13.8885
14.0189
13.0948
12.3992
11.1257
8.71556
5.45437
2.41764
2.75449
2.7753
6.32867
8.26176
8.00589
5.25216
-0.819792
-6.25617
-13.9482
-22.8221
-26.6677
-15.7806
-1.10802
7.3691
10.5757
9.65422
5.59299
0.342451
-3.64204
-5.10222
-2.12799
-0.860039
-3.26349
-9.02085
-14.3765
-16.7546
-18.3103
-20.7384
-41.4591
-39.9776
-38.6482
-37.7124
-37.1358
-37.657
-36.6688
-35.0301
-34.9966
-35.5107
-36.3264
-37.0114
-38.0222
-38.4809
-36.6276
-33.3399
-31.0603
-30.6968
-32.2328
-35.0781
-37.451
-37.3114
-36.7096
-37.8532
-40.3186
-41.1043
-38.8302
-36.1414
-34.6392
-35.0511
-36.054
-35.9829
-35.054
-35.3766
-36.3898
-37.8242
-39.5258
-40.5259
-38.9962
-38.9432
-39.2838
-42.7598
-43.2989
-40.1151
-36.6386
-34.9379
-34.5888
-35.6645
-37.4219
-39.5258
-36.7084
-33.2655
-32.2358
-32.7548
-33.5004
-34.3478
-37.0451
-42.513
-46.2409
-41.936
-36.3183
-33.9256
-33.6594
-34.7143
-33.9122
-32.6153
-18.3639
-16.0776
-9.63961
-6.74775
-2.14704
6.10615
14.6293
21.3837
24.9523
25.0904
21.7595
16.6513
11.7197
12.0948
14.7559
17.7811
19.4447
19.5057
18.3396
16.4981
12.8208
8.05578
4.59345
4.64586
6.83876
7.77375
7.72641
5.37937
1.44453
-3.14664
-10.2606
-13.9045
-21.6816
-30.356
-27.211
-18.9515
-4.94796
2.86429
5.4016
3.64426
-1.33944
-6.83624
-9.28985
-10.6044
-9.69584
-8.63967
-8.39768
-9.08742
-10.7729
-13.4453
-16.8773
-21.4449
-34.3212
-32.858
-32.5356
-32.9391
-33.5795
-33.3519
-31.1457
-29.4228
-30.4825
-32.9931
-34.6007
-33.8236
-33.6341
-35.0206
-35.3888
-32.1793
-29.393
-29.2274
-31.3512
-33.0952
-33.3237
-34.2195
-36.6669
-38.5489
-38.1749
-37.9607
-37.6555
-35.5047
-33.2267
-32.8504
-34.7322
-38.6133
-41.302
-42.4048
-41.7215
-39.5971
-37.6883
-35.7369
-33.9197
-34.0954
-35.0491
-37.8454
-39.5677
-38.5764
-37.1871
-37.024
-36.89
-36.8082
-36.8352
-37.9898
-36.9953
-35.653
-36.1245
-37.0329
-37.3872
-37.5732
-38.502
-40.1369
-40.5911
-38.8449
-36.6261
-35.8317
-36.4283
-38.6802
-38.0302
-26.8531
-9.01752
0.332176
5.82064
8.96017
10.6409
14.5291
17.2198
18.2246
18.6278
18.7888
18.7036
18.4828
17.8148
18.1262
18.1287
17.0092
14.9887
12.5407
9.6297
8.37333
6.47287
2.88367
-1.17104
-1.06059
0.794742
-0.912662
-2.23644
-4.63258
-5.71635
-5.8326
-11.4289
-12.2293
-18.2438
-23.7184
-23.9
-25.9987
-16.5441
-7.88174
-3.38179
-2.5485
-5.24164
-10.5766
-14.2109
-16.1853
-18.2294
-18.2016
-15.6187
-14.6571
-16.0743
-19.01
-22.0716
-25.4075
-31.7567
-31.278
-30.2575
-29.405
-27.9984
-25.2181
-21.9245
-20.0571
-21.0204
-24.5676
-29.6694
-32.808
-34.1882
-33.7856
-30.6768
-27.2907
-25.7227
-26.0145
-27.2728
-28.5638
-29.6236
-31.1268
-33.4733
-34.2315
-31.7574
-29.3073
-28.3146
-28.1398
-28.0067
-27.385
-27.4612
-29.593
-31.8842
-30.3961
-28.4482
-29.2836
-32.1352
-33.8436
-32.594
-32.3914
-32.6274
-34.2452
-34.8561
-32.4467
-30.1267
-30.6406
-34.4749
-39.5147
-39.2389
-36.3047
-34.095
-33.7183
-35.4399
-37.5865
-38.1341
-37.7911
-36.7483
-36.1185
-35.9046
-36.0383
-34.884
-31.5343
-28.6543
-28.7862
-30.4079
-21.2787
-2.98687
8.34258
14.4034
16.2322
14.7619
12.7248
11.5248
12.1529
15.2276
18.2577
19.0163
17.63
14.7895
13.1399
13.0019
13.0621
12.6892
11.8246
10.6052
9.96141
7.8279
4.5671
0.828837
0.170363
1.06295
-1.1677
-2.5399
-4.18325
-5.97062
-7.66897
-13.9666
-14.9066
-20.5522
-26.1668
-27.2202
-19.2401
-6.06847
1.72323
4.28868
2.34499
-3.87335
-12.8503
-16.2924
-16.8608
-17.6806
-19.7533
-19.934
-18.5681
-18.4315
-20.9967
-25.6037
-30.6747
-31.2124
-30.3819
-29.8146
-30.5507
-32.1773
-33.684
-33.9406
-33.8005
-35.5864
-36.1631
-34.0315
-31.5869
-30.7949
-30.7252
-30.0051
-29.4773
-30.3899
-31.3777
-31.1701
-31.5428
-32.9778
-33.6034
-32.8834
-32.1019
-31.5961
-31.4206
-31.8373
-32.6357
-33.7394
-35.6196
-37.9775
-40.9047
-43.0397
-41.6452
-37.6796
-34.7789
-32.8348
-31.8958
-31.5003
-31.3939
-30.6755
-31.1564
-31.8588
-31.813
-31.9089
-32.7253
-33.3277
-33.7636
-34.5717
-35.7053
-36.2241
-36.3954
-37.1596
-35.8184
-33.2349
-31.2112
-30.749
-32.4432
-35.0916
-34.9939
-32.5317
-31.4953
-31.9071
-33.1818
-32.2533
-20.4319
-2.76324
6.80944
12.4465
14.1985
13.0649
12.7818
13.0973
12.7314
11.0233
8.09714
5.15697
6.67964
6.1615
6.78351
7.54259
6.61634
4.37635
3.74471
5.24766
7.20573
5.70713
1.84004
-4.43028
-6.70827
-5.4306
-8.62061
-8.921
-10.3616
-12.4225
-13.2775
-22.5811
-19.2169
-26.8525
-30.1382
-26.3691
-27.8059
-17.7623
-10.1677
-7.17143
-7.35844
-9.94001
-13.7403
-16.6031
-20.7565
-25.5518
-30.5763
-32.1463
-31.7356
-31.1434
-32.8238
-34.3261
-33.7305
-34.2255
-32.5088
-32.3391
-33.7578
-35.4494
-36.278
-36.0359
-35.61
-37.2182
-37.5348
-35.3761
-32.3334
-30.6355
-30.3814
-30.882
-30.918
-30.463
-30.0467
-30.7855
-32.8665
-34.6934
-34.7532
-34.4402
-34.8573
-35.8029
-35.8497
-35.1154
-35.1349
-36.956
-39.7094
-41.5108
-42.4816
-41.8234
-38.7809
-35.9658
-34.9042
-35.1469
-35.9883
-36.5099
-37.3866
-36.4904
-36.1308
-35.9052
-35.5653
-34.8209
-34.0272
-32.9137
-32.5299
-32.7038
-33.0255
-33.0135
-33.887
-35.9165
-36.6774
-36.2079
-36.0515
-37.4615
-39.8945
-40.6654
-38.0165
-34.2776
-31.5082
-30.5615
-31.7477
-31.6279
-20.7105
-5.30441
2.10081
6.20491
7.00427
5.90606
7.73777
9.14656
9.19361
9.44171
9.77564
9.20559
9.00292
4.42956
1.10008
3.00932
5.07782
5.07606
5.73557
8.12841
10.7775
10.0758
6.9455
1.98277
-1.58641
-3.91278
-8.80947
-12.357
-18.7448
-22.7625
-17.8135
-29.7384
-20.0672
-28.5006
-31.7587
-29.9264
-24.8808
-12.893
-5.07361
-2.11535
-2.79122
-6.64722
-12.7069
-18.0935
-23.1421
-27.5383
-31.6055
-32.6247
-32.1787
-32.2027
-34.5428
-36.309
-36.7223
-33.5549
-33.71
-31.2125
-28.0105
-25.7307
-24.5424
-22.86
-21.3482
-22.0452
-25.2497
-30.1265
-32.7528
-31.5266
-29.5036
-28.0787
-27.1123
-26.361
-25.4632
-25.3358
-27.1342
-31.1747
-35.5906
-36.8927
-34.972
-32.3018
-30.8036
-30.4757
-31.1041
-32.5486
-33.7973
-33.4237
-33.1506
-34.16
-34.8326
-33.1225
-31.9237
-33.0683
-34.9161
-32.0263
-28.2569
-26.8525
-28.2136
-30.4612
-32.0991
-33.5502
-34.5327
-34.893
-35.2239
-33.8343
-31.9152
-31.2826
-32.4177
-33.977
-32.8427
-30.6185
-29.307
-29.7704
-32.2299
-35.1826
-35.9966
-34.7684
-33.9847
-33.9104
-34.1955
-33.112
-20.435
-4.66372
3.22376
7.69068
9.8613
14.1083
20.7617
26.4454
30.0127
30.9272
28.9919
24.7695
20.4649
16.9746
17.1261
21.5032
24.8885
26.2514
27.1093
29.5773
31.7348
31.0995
26.9646
20.1283
15.5252
13.8155
10.7421
5.2657
-1.5445
-8.31684
-9.17782
-13.4702
-13.7065
-21.8372
-29.7117
-27.0824
-22.3539
-10.8733
-3.58578
-1.36427
-3.18642
-8.39281
-14.9017
-18.0707
-20.4238
-21.9909
-24.7223
-27.4706
-29.0983
-29.9949
-32.7847
-36.0064
-37.9448
-29.1213
-29.7526
-27.4589
-25.6602
-25.8776
-27.3664
-27.329
-25.9203
-26.3185
-28.9676
-33.552
-37.5191
-39.5807
-38.7078
-37.6467
-37.634
-36.7217
-34.2296
-32.5246
-32.171
-32.796
-34.7405
-37.1802
-37.007
-35.0002
-33.8942
-33.1163
-32.0259
-30.9186
-30.5702
-31.2662
-33.0459
-34.7912
-35.1086
-34.1566
-33.9584
-33.8686
-32.3481
-29.7909
-29.2371
-29.2407
-29.0074
-28.1132
-28.4585
-30.5459
-33.0887
-34.238
-34.6337
-34.6307
-35.5529
-35.749
-34.482
-32.3466
-29.4447
-26.7154
-25.7351
-26.4994
-28.3864
-30.2718
-32.3322
-35.0762
-37.8628
-39.2603
-40.4011
-40.5882
-30.0194
-12.8507
-5.91362
0.232204
4.18106
8.40599
15.9831
24.1369
30.0958
33.2664
34.4622
34.7858
34.6847
33.2795
31.4124
31.8604
34.8471
36.8081
36.7508
35.7247
34.8943
33.9231
32.4311
30.377
27.3171
22.9116
17.3434
10.5686
2.9973
-3.5692
-7.22741
-12.7008
-12.6325
-19.572
-24.7148
-24.6048
-25.9906
-21.2736
-13.3866
-8.9326
-7.49269
-9.41748
-14.8014
-21.2686
-27.7376
-28.348
-27.0975
-25.4661
-24.4036
-24.6005
-26.6916
-30.2309
-32.4123
-36.6621
-35.4034
-33.6072
-33.1507
-33.4942
-33.7086
-32.5391
-31.2155
-31.9538
-33.8641
-35.9179
-36.3189
-36.4012
-36.6717
-37.1555
-38.0068
-38.6304
-38.3639
-37.7081
-38.2007
-39.9592
-41.439
-39.6
-37.2113
-36.4014
-35.987
-34.9429
-34.6917
-35.1305
-35.6627
-36.1913
-36.9406
-37.279
-36.8458
-36.6172
-37.7904
-39.2611
-37.6591
-32.9769
-29.5143
-28.284
-30.1073
-33.2238
-34.7341
-34.7035
-34.711
-34.4053
-34.3552
-34.3253
-34.139
-33.4462
-33.0704
-34.0701
-36.2116
-38.5222
-39.7831
-39.1783
-37.1095
-35.4401
-35.8195
-38.0005
-40.9405
-41.0478
-39.7747
-38.2784
-24.1168
-6.5463
1.97355
7.87586
11.1894
13.0581
16.8735
22.6171
27.6306
31.3065
33.4311
34.3145
34.5045
33.991
33.7158
34.9425
36.8137
37.0533
34.9696
32.4385
32.1952
32.576
31.3398
28.1332
24.5704
22.2821
19.5196
14.5657
6.21758
-2.59321
-8.00405
-14.7345
-14.1158
-18.421
-22.2166
-23.2813
-25.0363
-17.1355
-7.89342
-3.10718
-2.46895
-5.83198
-13.3589
-22.6364
-27.5443
-26.7138
-27.4496
-30.6516
-34.029
-34.4371
-35.7434
-38.6542
-40.509
-36.1314
-35.119
-34.8629
-35.919
-36.9613
-37.4269
-36.8526
-36.7458
-39.2147
-42.1265
-45.1879
-46.6295
-47.0189
-45.9729
-44.6956
-43.6716
-43.1055
-42.4654
-41.4707
-40.378
-40.2581
-42.3885
-45.5008
-47.0704
-46.1597
-44.0503
-43.0908
-42.9927
-41.3766
-38.5422
-37.5414
-39.8108
-43.4346
-44.2786
-40.6817
-37.6064
-36.8884
-38.7247
-40.6408
-42.4921
-42.785
-46.0005
-48.1884
-46.6969
-43.3825
-40.425
-38.3958
-38.4462
-38.5366
-38.4853
-37.1289
-35.7988
-36.4658
-38.1725
-39.6309
-40.3281
-41.3914
-41.1369
-38.029
-35.9574
-36.3133
-38.2437
-38.5666
-38.0413
-37.2709
-18.2518
0.35735
11.7348
19.6948
24.0667
25.8738
27.1234
29.6581
32.3889
33.8484
34.9841
36.6085
37.2125
35.3581
31.8825
31.0242
33.2179
34.4808
33.7529
32.7387
32.536
31.5342
28.6838
25.1765
23.267
22.0562
19.1709
13.4941
3.44198
-9.01883
-14.7687
-18.9074
-15.6918
-22.1981
-28.4336
-27.841
-32.3297
-22.9487
-13.4971
-9.09907
-8.50175
-11.4424
-17.9708
-25.675
-32.2049
-33.0917
-33.085
-32.9291
-34.5239
-35.3984
-37.2597
-39.2463
-40.8803
-42.4358
-41.2241
-38.6735
-36.9087
-36.1469
-35.7406
-35.4956
-35.9991
-38.6074
-38.8867
-36.8543
-35.0152
-34.8835
-36.0789
-37.9815
-39.9093
-40.8388
-40.1001
-39.3263
-39.341
-40.3566
-42.8856
-46.4039
-46.8484
-44.3011
-42.2169
-41.5823
-41.219
-40.2338
-38.7177
-38.1251
-39.8858
-42.5952
-43.4734
-40.7934
-37.0682
-34.899
-35.3385
-37.0876
-38.365
-36.9273
-36.1251
-35.8636
-35.6351
-36.1158
-37.7856
-38.8921
-39.3614
-38.386
-37.7688
-36.4184
-35.0087
-35.4507
-37.5588
-39.9853
-39.4961
-37.8424
-37.0529
-36.6711
-36.1631
-35.5448
-35.7348
-35.9619
-36.3145
-35.9644
-21.828
4.0891
21.1314
31.7032
36.7875
37.4783
34.3127
28.2469
23.3786
23.004
24.501
25.8223
26.7381
26.4594
26.2569
28.186
30.5449
31.4149
30.4094
28.6495
26.4321
23.0123
17.8357
11.6613
8.60843
8.70215
7.3695
4.77421
-1.35985
-7.59504
-7.78411
-8.46501
-7.75769
-13.3787
-20.2635
-23.2446
-20.9137
-9.1333
-2.10626
-0.0955085
-2.07958
-6.85639
-11.4659
-13.435
-15.4141
-18.0955
-22.2764
-26.1869
-29.5458
-31.6459
-34.4404
-36.613
-37.5198
-43.417
-43.1574
-41.7086
-39.9256
-37.7353
-36.3365
-35.7577
-36.2347
-38.9751
-40.695
-39.6214
-37.2787
-36.563
-36.9831
-37.2477
-37.4608
-37.7932
-37.4539
-37.3524
-39.1631
-42.8062
-45.8579
-45.9369
-43.9849
-41.3709
-39.4633
-39.487
-40.7678
-41.0766
-39.6324
-38.8535
-39.9877
-41.1761
-41.7374
-41.3356
-39.9498
-38.3677
-38.172
-38.4169
-38.9964
-36.2851
-34.8304
-34.9714
-36.8928
-39.0424
-39.645
-39.1418
-39.5422
-39.9918
-41.5028
-40.9613
-38.9486
-38.0621
-39.2823
-41.3943
-42.9578
-42.289
-40.932
-39.951
-39.1578
-38.3987
-38.229
-37.1662
-36.4183
-35.3188
-22.4255
1.02252
16.6714
26.7235
31.7233
32.6167
30.3279
25.7935
20.3301
14.4829
12.5974
16.2694
19.6878
19.7423
18.7513
19.9499
22.7721
24.4685
24.0218
22.6607
21.3134
19.0584
14.6658
7.67308
3.92363
5.21023
5.03184
2.18976
-4.93244
-11.9956
-7.95639
-7.84262
-7.30121
-13.48
-21.7222
-26.9303
-19.3372
-6.78341
0.62655
2.97362
1.18502
-4.23409
-11.6518
-17.5998
-20.3204
-21.1829
-22.1786
-23.4796
-25.2397
-27.6608
-31.3982
-33.9123
-33.9784
-40.3166
-42.0485
-43.1212
-42.2384
-41.142
-40.9512
-40.2112
-39.1102
-40.9875
-43.5388
-45.8695
-44.3289
-41.7316
-40.4511
-40.4748
-40.2195
-39.0358
-38.189
-38.5593
-39.5857
-40.1885
-40.2631
-40.5535
-41.1919
-40.9948
-39.0634
-37.4124
-37.523
-39.3609
-41.4908
-42.8565
-45.1934
-46.6942
-44.9263
-41.4969
-39.3149
-38.6008
-38.1935
-37.3783
-38.0316
-39.5271
-41.7291
-40.5423
-39.3649
-39.5731
-39.8678
-39.1143
-38.9047
-38.4615
-38.9934
-40.2639
-42.1989
-44.8853
-46.6539
-45.704
-43.0222
-38.597
-35.4268
-34.4429
-35.3729
-36.9503
-38.1521
-37.485
-37.5917
-37.9128
-25.7474
-8.4448
1.55134
7.67421
9.45274
7.58638
6.03445
6.32833
6.65947
6.00354
4.33328
3.53011
4.95451
2.30294
0.197213
1.66086
2.7092
4.0422
3.72715
2.86462
1.21797
-2.58521
-6.63853
-14.5169
-13.9576
-9.02838
-10.5033
-9.41662
-9.54291
-7.44642
-3.21953
-3.43772
-4.98517
-13.5979
-25.985
-31.0949
-23.6222
-10.4805
-2.62256
-0.149228
-1.9974
-7.52111
-14.7654
-20.5119
-26.6525
-30.1572
-31.5958
-33.4902
-35.5047
-34.9733
-36.675
-37.9493
-37.0452
-43.1388
-42.4531
-39.7051
-37.8236
-38.5138
-42.2548
-45.3198
-43.6747
-43.4562
-41.9215
-40.8869
-40.2852
-41.0377
-41.9922
-40.8164
-38.6903
-38.1503
-38.6721
-39.1036
-38.8457
-38.6479
-39.1011
-40.4929
-42.8936
-44.5913
-43.4775
-42.3121
-42.3554
-42.27
-40.9246
-39.0283
-38.383
-38.7722
-39.2534
-38.9437
-39.4862
-41.1767
-42.7081
-42.4868
-44.5949
-46.5635
-50.2844
-49.0875
-46.0633
-44.4896
-44.3528
-43.2877
-42.1629
-40.0751
-39.2004
-38.6865
-38.8118
-40.3071
-42.6054
-43.9077
-41.3659
-37.5822
-35.8186
-36.3784
-38.1882
-39.9316
-42.1716
-44.1551
-46.1913
-44.8607
-21.5613
-3.40401
6.60295
11.914
13.5219
12.0658
9.46982
6.24927
2.30315
0.870759
1.54293
3.80483
7.02325
5.24647
3.15898
3.3707
2.95325
2.30146
0.771687
0.785879
1.29418
-0.294113
-1.99398
-5.01847
-5.59297
-4.50106
-5.2381
-3.80376
-4.28214
-5.31335
-4.4831
-6.48311
-8.02278
-16.9261
-28.8301
-30.1958
-30.1362
-17.7885
-10.0563
-7.96873
-9.74646
-13.1196
-14.8676
-15.6637
-18.8241
-22.6335
-26.023
-29.1164
-32.0241
-33.4544
-35.4413
-37.1812
-37.8525
-46.4105
-47.4201
-45.3695
-42.8204
-42.1886
-44.3206
-45.6784
-43.8431
-42.2083
-39.7261
-39.3652
-40.4981
-42.1707
-42.1157
-40.8311
-40.6246
-41.9382
-42.2304
-40.814
-40.3236
-41.5005
-43.0277
-43.8395
-44.2029
-44.5647
-44.1104
-42.8926
-41.3319
-40.6952
-41.1083
-41.9202
-43.7169
-43.6692
-41.2194
-38.7841
-38.5234
-39.7138
-40.9388
-40.1879
-39.5995
-36.7607
-36.4276
-38.1873
-41.8107
-44.6506
-44.3242
-42.7739
-43.2206
-43.6302
-43.8621
-41.9502
-40.2568
-40.7636
-42.0589
-43.5648
-45.3046
-45.922
-46.57
-46.5783
-46.3349
-45.1976
-43.7415
-41.1335
-40.9861
-40.9563
-19.4438
-2.18204
6.97371
11.3083
11.5411
8.19388
5.64234
5.82348
6.96855
6.77947
4.38087
2.8611
5.46662
2.66529
-0.430498
-0.0398357
0.481506
0.763044
-0.843694
-1.32378
-0.597309
-2.20789
-2.63443
-3.5155
-3.04212
-1.83375
-1.93655
1.24273
2.12521
1.42239
1.11171
-0.381244
-2.12593
-9.52712
-20.8961
-26.5648
-27.4699
-16.9655
-9.17489
-6.25436
-6.08051
-6.43789
-5.76507
-5.63644
-8.34579
-14.2701
-22.457
-29.3822
-33.865
-36.0237
-38.3117
-39.1168
-38.3382
-51.7234
-49.7484
-48.2203
-47.1809
-44.886
-42.6102
-40.8542
-40.1208
-42.0101
-43.247
-45.4634
-46.7673
-47.9878
-48.883
-48.8069
-48.2245
-48.6375
-48.1654
-47.3793
-47.7505
-49.8284
-52.2784
-51.6317
-50.2112
-49.5969
-47.6885
-45.143
-43.063
-42.0814
-41.6896
-41.8409
-42.932
-43.3228
-42.4113
-41.0407
-40.7607
-41.4199
-42.5528
-42.5806
-42.3563
-39.8535
-40.0147
-41.1723
-42.4781
-42.9073
-43.0768
-43.895
-46.1206
-46.192
-45.7125
-44.8761
-43.4814
-42.7037
-42.4928
-44.4428
-49.0646
-53.1948
-54.5546
-52.0337
-49.7136
-48.3889
-48.8212
-47.7517
-48.9121
-44.673
-24.644
-6.51546
2.6477
7.83978
8.59678
5.42464
2.52725
0.663306
-0.633437
-1.528
-4.44914
-6.3244
-1.02219
-6.72602
-12.7189
-10.5333
-11.3746
-10.2799
-12.9031
-13.1757
-10.7785
-13.5389
-11.6193
-15.7068
-13.3279
-8.20396
-6.04716
0.331106
2.59004
2.41007
1.87871
0.329706
-2.12573
-9.54782
-22.2465
-33.5441
-28.8858
-16.0792
-7.74975
-4.69153
-5.61243
-9.37865
-14.3908
-18.7367
-23.52
-28.4001
-32.4414
-34.5342
-37.9485
-39.1115
-40.9829
-41.4953
-42.1935
-51.0186
-51.5455
-52.0988
-50.6954
-47.1407
-44.8557
-43.1745
-42.1011
-44.2858
-45.8691
-48.7383
-49.8953
-48.8089
-46.0893
-44.0145
-43.4046
-44.352
-45.5917
-46.9678
-48.549
-48.8796
-48.219
-47.4532
-46.6458
-45.1464
-43.4093
-43.5236
-45.4386
-46.5872
-44.4122
-42.7103
-44.0792
-46.76
-47.6279
-45.7025
-44.3855
-44.8242
-45.6692
-44.4184
-44.6677
-44.2397
-47.1293
-47.8433
-46.8638
-46.1802
-46.7585
-47.946
-50.2576
-48.9109
-48.2313
-46.8414
-45.0063
-44.77
-44.6612
-45.4521
-46.441
-47.7638
-49.9414
-51.9438
-52.4195
-50.1955
-49.0651
-46.5585
-45.4545
-40.3037
-22.7064
-4.54789
5.12759
10.1705
10.7624
7.15617
4.20702
3.56671
2.73939
2.33004
1.25957
0.188422
1.92605
-3.79642
-10.0747
-10.1311
-11.7966
-10.8935
-13.8331
-15.4431
-13.3254
-16.9143
-13.7381
-22.0719
-23.3081
-15.7781
-16.6707
-8.22407
-6.22999
-6.99639
-8.01492
-12.6361
-13.4423
-20.5139
-30.0723
-32.6883
-38.361
-31.7458
-21.3208
-17.9256
-18.0513
-21.7377
-29.2488
-34.983
-36.4743
-38.7388
-40.7332
-40.6978
-42.1422
-42.0419
-43.4358
-41.8038
-40.3418
-50.6629
-51.9094
-50.4222
-48.631
-47.7138
-46.225
-42.0813
-38.8472
-39.7849
-42.4526
-45.2551
-44.0824
-42.4642
-42.455
-43.4639
-43.1514
-42.0625
-41.4552
-41.789
-42.523
-43.1006
-43.9876
-43.971
-42.8398
-42.0482
-42.4048
-44.1162
-47.0354
-49.8914
-50.0486
-48.3411
-48.2868
-47.5867
-45.7939
-42.5756
-40.8757
-41.6976
-44.8227
-46.3573
-48.1472
-47.3699
-50.2745
-50.7708
-50.0197
-50.2347
-50.7311
-47.954
-46.0244
-44.3235
-45.9448
-45.9402
-43.0695
-40.9875
-39.8856
-40.2729
-42.0059
-44.9959
-47.8954
-48.2924
-46.3098
-44.1775
-43.9637
-43.6616
-43.5353
-37.2114
-8.25987
9.89661
20.3519
25.1193
25.3406
22.1006
18.2716
16.5016
14.9088
14.3606
13.9806
12.3804
10.4359
5.84945
1.84318
1.46758
2.65296
4.46059
4.20076
3.52901
3.33996
1.48669
-1.2903
-7.5501
-10.3616
-5.54716
0.900673
8.4453
11.3738
10.103
5.32974
-1.66104
-6.18773
-13.1356
-24.0911
-27.039
-32.7348
-22.9372
-13.7265
-9.8176
-9.84116
-13.5798
-20.8785
-27.5608
-30.4403
-31.5416
-33.5068
-35.0313
-36.5076
-36.2502
-38.249
-41.0533
-41.8504
-47.32
-49.889
-52.9884
-53.0991
-50.0732
-48.6973
-47.6917
-46.3165
-47.8275
-47.7805
-48.2222
-45.7805
-44.0715
-44.0853
-44.73
-43.7307
-42.8986
-43.649
-45.1671
-45.1369
-43.7184
-43.827
-45.2092
-45.6199
-43.7127
-41.4707
-41.3625
-44.2916
-49.2416
-51.902
-50.1165
-49.3324
-48.3564
-47.3537
-45.5691
-44.5356
-43.4544
-42.5556
-41.7771
-43.3362
-43.3401
-45.3349
-46.2694
-44.9893
-42.9286
-42.6078
-44.3444
-47.542
-46.3841
-45.2219
-43.7253
-42.1188
-41.5068
-41.3194
-43.0461
-46.5924
-49.6346
-50.6258
-50.5626
-51.9041
-53.6566
-56.1809
-53.7001
-52.0132
-40.6887
-22.5173
-4.7015
4.54697
9.93957
11.4581
10.3279
9.29279
8.60053
9.05044
10.7837
11.2551
10.0653
8.86311
4.185
0.216674
0.0796639
0.40757
1.7876
1.69396
0.83831
-0.130773
-3.03204
-4.85218
-9.92345
-11.4988
-6.28388
-0.61316
5.64143
7.68751
5.82064
0.243675
-11.0201
-14.0314
-26.2574
-34.1963
-32.3377
-34.8229
-23.262
-14.3975
-11.2933
-12.2732
-16.9738
-24.9494
-30.7419
-34.5705
-37.9022
-42.2777
-43.9189
-44.7097
-42.3695
-43.9746
-43.5462
-42.2179
-50.6777
-51.7328
-53.4065
-53.3728
-51.3681
-52.368
-53.873
-52.3565
-57.1144
-55.507
-55.7935
-53.0519
-51.5483
-51.3854
-51.8054
-50.9043
-51.1385
-52.7557
-55.4043
-56.0081
-54.5491
-54.428
-55.9158
-57.9305
-59.0875
-57.0899
-55.434
-55.2777
-55.8736
-55.0333
-53.3594
-54.3257
-53.208
-51.6269
-49.9666
-49.972
-50.7169
-51.0443
-48.6851
-49.2888
-46.8339
-48.2422
-49.8762
-50.9569
-49.7389
-48.3256
-48.5141
-52.099
-52.2778
-54.1119
-54.2383
-52.075
-51.5556
-50.4018
-50.9597
-51.9968
-50.9952
-50.31
-51.2217
-53.5286
-54.2572
-56.6138
-55.7117
-56.48
-47.0699
-37.0025
-17.8454
-11.4192
-3.80702
-2.90976
-9.40481
-11.2316
-11.956
-13.5636
-10.3344
-10.743
-10.2359
-2.78884
-10.251
-18.3498
-12.4747
-15.4355
-14.7765
-19.6764
-22.5267
-16.4396
-22.3688
-16.7018
-28.6259
-24.9451
-15.7482
-15.2782
-7.18979
-5.61323
-7.02098
-9.60354
-20.3066
-17.2254
-31.4191
-41.4534
-37.6341
-45.8208
-36.8588
-24.6834
-21.9909
-22.9554
-26.9267
-35.3154
-41.8988
-45.6301
-45.6113
-45.929
-45.7158
-50.1072
-49.6741
-55.0247
-54.7581
-52.3508
-56.7537
-58.0837
-58.9562
-60.4145
-59.6177
-60.249
-56.8105
-52.621
-57.3431
-57.3897
-61.2008
-58.6587
-56.2529
-54.2692
-52.8996
-51.5591
-52.135
-54.254
-57.5768
-58.3716
-56.0827
-56.4823
-58.8694
-60.4858
-60.3466
-57.8354
-56.5429
-56.4932
-58.0024
-57.1933
-53.8885
-53.0729
-52.5182
-53.289
-53.5242
-54.3337
-54.0879
-53.6055
-50.8889
-54.3507
-52.1004
-54.8397
-55.1476
-55.1297
-55.0881
-55.1747
-54.0514
-56.3539
-53.8406
-55.979
-57.2186
-55.7249
-55.8039
-53.9706
-54.8428
-57.3657
-57.6455
-56.5839
-55.6946
-55.144
-53.7432
-55.828
-55.7793
-56.5709
-51.1067
-33.3847
-14.5633
-7.45579
-1.36635
-1.25032
-8.41538
-12.9426
-13.6579
-15.9847
-13.5782
-15.882
-14.1577
-3.48448
-11.3421
-22.2332
-16.1333
-23.2587
-20.8223
-31.5289
-34.2378
-19.5335
-26.661
-18.1216
-33.612
-29.0865
-17.521
-27.0859
-18.4026
-21.1339
-22.5513
-17.5273
-30.3529
-20.4734
-34.3344
-44.796
-39.3944
-52.3257
-45.2811
-30.6743
-29.8054
-31.4701
-33.2324
-39.3742
-43.6814
-49.5926
-50.1132
-50.8581
-50.0262
-56.7399
-53.6216
-60.0442
-59.419
-55.2069
-59.3527
-61.2588
-63.3773
-64.911
-62.8879
-64.7515
-62.6092
-56.1941
-60.8662
-57.0436
-59.0356
-60.2609
-63.5223
-65.6817
-65.4843
-62.0105
-61.5364
-62.4265
-63.4841
-62.608
-59.7989
-59.5595
-60.6818
-62.5049
-66.6185
-67.1439
-65.3793
-64.4622
-66.1019
-65.8463
-61.7717
-63.8252
-62.6583
-63.9704
-63.6143
-66.7043
-67.6408
-65.6891
-56.3571
-59.0466
-55.1103
-62.4832
-65.778
-64.6747
-62.641
-60.8708
-57.6257
-61.6056
-58.0748
-62.5517
-63.1669
-59.4941
-60.0016
-57.9848
-58.8274
-61.8981
-64.0455
-65.328
-65.5674
-64.2576
-60.2004
-62.9241
-60.9272
-64.1231
-58.7934
-52.9966
-25.3079
-26.4363
-11.5575
-8.20773
-16.8624
-15.3672
-14.5182
-21.5927
-19.5478
-26.7173
-20.9459
-4.78693
-13.8707
-30.4323
-17.8163
-25.3736
-21.8942
-34.6772
-38.3606
-20.3463
-28.5799
-19.0521
-41.0906
-33.1624
-18.9579
-35.6615
-22.0988
-27.2467
-28.0135
-19.4556
-40.5819
-22.7816
-37.6132
-48.4333
-38.8968
-60.1527
-53.7925
-34.0854
-37.4308
-48.5598
-48.3476
-50.9355
-45.6668
-51.4485
-56.3007
-63.123
-56.5956
-61.7841
-54.5514
-62.8229
-64.4927
-58.9284
-66.9466
-71.0476
-70.8941
-69.2492
-64.6917
-71.9557
-76.0483
-61.3756
-79.9334
-65.1259
-72.2359
-72.3818
-74.3811
-74.1324
-73.3747
-68.4962
-69.7816
-69.1094
-66.8611
-66.0796
-65.2929
-68.4761
-72.6117
-74.1195
-77.9187
-71.8193
-68.932
-68.4876
-70.8952
-69.8037
-64.5537
-71.0401
-69.3965
-70.4624
-67.4734
-68.2971
-68.1822
-68.9662
-59.5313
-67.7993
-59.2214
-71.0619
-75.7859
-75.205
-73.6779
-70.5815
-63.3668
-71.1938
-61.8634
-67.7297
-71.6923
-66.1626
-68.5895
-62.9296
-62.706
-67.3466
-70.2625
-73.5319
-72.4626
-68.4252
-62.1694
-65.959
-63.0248
-68.6178
-57.7983
-69.3726
-27.3478
-51.2317
-14.1793
-10.8264
-28.0006
-23.3711
-20.5591
-34.2936
-23.6845
-37.2695
-25.3185
-5.10581
-14.8377
-36.7142
-18.3001
-26.3683
-22.5405
-37.4247
-47.9308
-21.3042
-31.7357
-19.6142
-51.1392
-35.9123
-19.3438
-48.5414
-24.8367
-36.5558
-35.6471
-20.3889
-43.7434
-22.8419
-38.1204
-49.0968
-38.9669
-65.1526
-57.3052
-34.343
-38.5795
-57.2812
-54.5746
-57.3284
-47.5264
-54.1838
-59.7802
-70.0605
-58.6926
-65.7895
-55.2757
-65.9615
-68.1399
-61.5322
-64.5444
-69.2695
-72.1664
-71.1297
-64.429
-69.431
-71.2162
-60.6268
-76.8119
-64.6387
-75.7328
-77.1627
-78.2326
-75.5411
-75.6212
-71.0023
-72.5716
-72.4296
-72.3016
-73.8093
-70.1655
-70.0486
-70.2863
-70.1907
-72.6209
-68.2937
-66.4377
-66.3811
-69.975
-70.825
-65.8729
-74.0701
-70.6099
-71.1888
-67.4306
-69.0759
-69.161
-70.1223
-59.5542
-69.5244
-59.4673
-71.4467
-72.3371
-70.1289
-70.0574
-69.9176
-63.5767
-72.1994
-61.7946
-67.1638
-69.8669
-64.7825
-67.7713
-62.9656
-63.5979
-68.2258
-70.1222
-72.7137
-75.2347
-77.3508
-67.8806
-76.0563
-65.9108
-71.7009
-56.8647
-73.7598
-27.2322
-66.3217
-14.1755
-10.8274
-30.8127
-24.9095
-21.5877
-39.1999
-24.4868
-40.498
-25.8067
-4.90343
-14.7154
-38.2195
-18.1385
-26.5987
-22.5959
-39.6153
-61.0668
-21.4452
-32.5478
-19.5226
-58.6058
-36.0082
-19.1432
-51.2699
-24.8498
-37.9076
-36.5832
-20.2197
-44.0762
-22.4654
-37.8963
-49.09
-38.9802
-69.0749
-58.7647
-34.1899
-38.6432
-63.4885
-61.8404
-76.3524
-49.3513
-56.759
-61.4656
-72.5035
-58.5162
-66.0059
-55.794
-68.3491
-69.1735
-60.5675
