80
-12.1477
-9.37961
-0.136607
-9.19121
-5.71226
-15.8253
-26.1949
-14.8494
-24.8193
-15.4157
2.91552
24.1753
63.7267
82.2318
89.6691
93.2191
91.7758
85.4818
74.0569
63.2475
54.6426
58.3703
41.0666
44.2587
28.2355
17.5535
20.6579
20.3336
7.35216
25.8667
21.4621
21.3584
8.27239
6.85592
18.4807
26.2237
39.0218
53.0133
62.8138
64.4874
62.4391
54.2893
43.4519
14.7418
14.8705
30.7115
51.4358
61.5121
71.0684
74.0282
72.221
63.5824
57.6592
56.6051
62.2792
56.6998
56.7869
52.3623
49.6245
53.5557
56.945
54.4844
56.2076
56.0631
56.2622
53.9725
56.2221
59.6589
59.6152
56.6651
52.2057
46.3731
41.8629
27.7858
27.8658
19.8478
17.9315
-12.0798
-9.09748
-24.9769
4.61191
5.65786
5.73759
8.115
9.2592
0.0233741
10.0322
-1.67656
0.987112
3.93432
14.4209
19.5065
24.2527
22.02
24.9959
25.0287
29.8784
26.3328
23.5839
10.2818
7.77612
7.9117
5.67184
5.55291
-1.09348
17.8954
22.6695
24.7004
24.8607
22.9328
20.4682
19.5361
15.5262
5.66938
-0.076982
-2.58003
3.11484
10.1159
-7.83722
-1.04849
-0.995925
-1.67616
-6.62139
-7.34038
-9.79262
-15.7453
-19.2264
-16.5798
3.71125
28.7645
46.0858
72.4455
82.8636
87.495
87.3555
82.327
74.2838
75.2617
76.9833
75.3817
73.2182
73.5034
75.4675
77.4839
78.9612
79.8123
80.1701
80.2302
80.3919
80.5192
80.1941
79.1701
77.9281
78.3919
82.2649
86.2996
87.8484
85.9027
79.7659
68.5168
50.6854
34.3402
34.8589
38.87
54.3733
61.8062
71.1062
75.0012
74.5016
69.7751
60.5092
50.0979
45.6313
48.29
44.4435
47.5271
58.2765
62.4523
64.9026
66.7907
65.962
62.734
58.9379
59.8618
60.7248
58.5846
51.3443
40.2882
35.1267
33.7648
27.9172
17.2217
23.0096
21.6686
19.5013
-3.9319
-0.0490289
-2.95376
1.74402
2.34646
8.20411
11.727
9.83016
6.407
4.18294
5.05677
-3.96131
2.59429
11.5456
18.5968
18.9007
16.5067
11.7979
29.4261
35.9083
38.8506
37.5046
33.4824
27.1264
19.6115
10.7125
13.252
17.7662
23.1804
32.8933
39.2408
41.2735
39.3574
33.4658
25.1398
17.1875
11.1336
3.97319
1.46041
5.72289
8.60412
-8.60957
-11.3478
-10.7904
-9.39466
-2.943
2.63759
4.05676
1.95802
-2.21785
-2.64435
0.538441
40.3712
44.9407
67.5543
80.2556
85.4456
85.1382
80.4209
77.0312
82.3352
88.2292
90.6548
90.972
90.2983
89.526
89.2782
89.4048
89.6694
89.9317
90.2267
90.5974
91.2276
92.2547
93.6022
95.1
96.6581
97.8728
97.9448
95.8648
90.7513
81.6063
67.1421
51.4508
49.9113
49.614
50.5349
58.7296
62.7135
68.0465
69.635
66.591
59.0873
49.6231
43.4478
48.6168
44.7956
40.7264
43.02
53.4683
62.4377
65.394
63.5992
58.7552
54.8901
53.4543
50.0026
43.0467
36.9167
36.1122
35.935
30.5678
26.4351
24.8042
17.0794
19.8922
18.777
10.6062
-11.4146
-2.34193
3.2044
9.58564
10.7355
10.0339
9.04455
9.3548
7.81104
6.86622
-2.38872
-18.3747
2.22122
14.7124
20.5706
22.6257
21.8104
22.3974
29.9189
36.9034
39.1572
36.9587
31.0639
24.4239
18.013
11.3139
2.81196
5.6689
13.2697
25.6195
35.5015
39.8071
39.0916
33.3385
23.4695
15.2591
9.64511
5.89874
2.2351
0.546882
-0.9511
-10.5327
-7.14918
-5.99299
-1.3877
-0.960872
-0.624278
-1.33799
-3.76026
-8.42029
-7.01829
2.90529
46.4889
62.5857
78.9023
86.3289
89.1537
87.277
80.0886
71.2477
73.4602
74.8555
72.8169
65.6323
59.6701
54.3861
48.8819
47.4273
46.551
45.7793
46.4561
46.7167
44.7949
53.081
61.9558
67.8101
71.8075
74.3137
75.3383
74.8478
72.1592
66.4627
56.7494
44.2378
34.846
33.162
46.1514
57.6838
67.8087
71.2659
70.6585
66.3579
57.6436
45.8333
41.7216
48.1476
46.9796
45.7998
45.4184
49.7277
51.7561
52.0451
48.9102
43.0692
41.4644
45.1077
45.8856
44.4478
41.8196
34.7515
27.2617
22.1683
23.6016
21.2269
15.4492
20.524
20.093
14.4658
-8.12624
-1.00963
-5.39305
0.226071
2.71512
5.21342
9.04901
9.51261
5.04743
5.56007
1.39648
-7.18984
-5.70049
1.09975
6.96675
5.51152
6.46085
21.7127
30.8732
36.9795
38.8173
35.9264
27.3163
14.1368
6.85288
1.7436
1.89653
8.04378
21.6344
31.3933
39.1117
42.8267
42.0078
36.7564
25.6997
16.1701
6.81636
0.291596
-1.78701
0.72562
3.123
-8.34326
-5.99701
-6.2272
-5.41332
-9.97371
-8.38576
-10.131
-10.3513
-13.9924
-11.0684
-4.14225
46.2569
64.1916
73.9548
83.1886
85.8404
83.9568
77.8147
70.059
68.7487
68.0663
56.6931
56.2323
42.5689
42.1582
35.6035
33.3534
37.3527
35.2247
37.458
32.1192
31.471
35.8034
28.3104
36.2355
43.9049
53.0205
60.4674
63.1843
62.0218
55.7769
47.0749
31.8571
-6.22952
19.7974
35.0738
49.5728
51.4291
56.083
56.4724
51.9643
44.054
36.1953
34.9536
46.7287
42.8083
42.6246
40.0093
37.7962
42.0288
39.6348
43.2161
40.7279
42.1833
38.3073
38.1359
33.3181
25.183
27.8518
26.3538
19.907
18.6731
18.8919
1.39841
13.8512
17.7862
11.9642
-4.96229
-2.27632
-2.54085
3.88278
0.980895
5.76981
4.66831
4.16863
2.75634
1.42389
-5.5561
-11.9917
-7.59305
-2.30032
1.87125
9.93065
12.0799
17.4642
27.1914
35.43
38.2317
37.1692
32.3621
24.3969
14.0214
6.88299
6.68831
19.4085
27.1892
33.1192
38.9804
41.4603
40.2208
34.4017
24.9906
8.3539
-2.05874
2.48346
3.06327
-0.935395
-10.1123
-12.5707
-7.2144
-0.669805
-5.13111
-7.02818
-12.0004
-14.9093
-15.6451
-10.7642
-4.72287
-0.241378
34.3695
46.7044
61.0824
69.5717
75.8447
76.301
74.9079
78.7384
82.9465
84.3712
83.1483
81.0356
81.4402
84.4554
87.6457
89.8619
90.9943
91.4593
91.6461
91.8389
91.9219
91.7358
91.306
90.8625
91.1184
92.1845
92.6756
90.9344
85.8898
76.7408
62.2343
41.4875
21.3856
18.6275
21.769
35.124
31.7974
39.4266
43.6204
45.4725
45.0882
44.8397
44.2229
47.4427
38.5996
24.2037
27.5744
36.0573
42.8205
45.2173
43.3904
41.6639
38.512
37.2436
31.7306
32.9499
36.8599
34.8208
31.5775
27.0289
24.2746
17.8996
-7.61916
14.8842
17.0256
11.6629
-12.0181
-2.66359
-7.78337
-1.64822
3.18715
3.10439
5.52018
5.84993
2.07547
7.1757
8.92772
5.90419
0.858965
-2.47408
1.79196
3.15474
9.45172
7.81127
20.5694
24.8767
26.3208
25.1215
24.399
22.6451
16.5568
0.99951
0.582758
15.1004
24.2163
30.4996
34.4181
35.7636
33.3745
27.303
18.6244
11.3235
5.87987
2.63763
-0.352917
-3.78206
-7.1227
-18.984
-15.3106
-9.79892
-5.03234
-3.88588
-6.05493
-10.6078
-15.3501
-16.064
-10.2629
4.80119
27.8169
47.3895
60.1155
70.1272
74.6963
74.6472
74.6615
83.7461
92.7823
98.0136
100.258
100.535
99.9369
99.1639
98.3672
97.3727
96.2712
95.6289
95.8798
96.6699
97.544
98.4639
99.502
100.533
101.165
100.781
98.5921
93.9005
86.0352
74.2147
57.663
38.7115
32.7231
31.2891
36.6692
52.2062
57.3505
61.8889
62.4243
59.0797
53.58
50.0508
47.3882
41.3625
26.4533
26.3203
31.2831
32.768
40.3478
46.3055
46.675
41.776
32.7156
30.5565
31.7066
33.8576
37.4194
36.5459
32.1918
24.0437
21.3734
16.6645
2.83219
11.8784
13.5825
8.64997
-9.7897
-9.55275
-9.78569
0.908182
3.09419
4.14408
5.5172
7.66283
8.07668
8.63035
5.13553
1.40379
2.26664
4.23657
5.66908
6.41565
7.36753
11.0003
19.892
27.1424
30.8708
30.3547
25.6659
17.3802
7.33559
3.09862
8.81897
17.0237
21.5705
24.0175
27.1916
30.2119
30.554
26.407
17.0185
6.26179
-3.06056
-16.7622
-15.6625
-9.82574
-9.60846
-24.6117
-8.92113
-4.22267
-5.24951
-5.91944
-5.97926
-12.2469
-14.7537
-9.00966
-5.74744
8.94982
22.4337
47.819
65.0555
74.9486
77.9428
76.2243
71.5056
74.3999
80.9301
83.7103
83.1883
80.1056
75.8277
70.8674
66.4023
60.5771
52.3263
49.103
49.3189
47.5408
43.4711
46.2655
54.6767
61.1721
66.9419
69.8786
69.8869
66.4484
59.2509
48.989
38.1839
28.2682
14.3243
3.42086
25.9532
42.9087
59.4384
65.7979
67.4763
64.7681
57.5525
45.9495
40.5618
46.1985
42.9966
38.9561
35.0207
40.0418
45.6549
50.0055
51.8063
51.1339
49.1394
46.424
45.1777
42.1542
39.7422
40.1964
38.7529
34.3987
25.5331
20.8349
8.23955
12.1518
15.2383
10.4594
-11.637
-9.88504
-8.84203
-3.26488
-3.67057
3.01465
3.76845
2.56663
-1.13525
-0.275266
-3.59136
-10.0101
-10.6078
-3.75955
0.778925
1.96769
4.16551
10.7076
13.4648
18.2114
21.6451
23.0984
20.6412
15.7702
8.22215
-3.55268
-2.2892
9.81302
18.5116
21.9242
21.6259
18.6338
14.4058
11.7459
8.973
2.6487
-6.761
-12.5942
-16.4624
-11.3996
-5.04117
-20.2549
-13.2655
-9.19375
-9.21067
-7.26955
-13.0345
-11.4605
-12.249
-15.9616
-14.3891
10.1242
37.1371
54.1716
68.1971
73.7183
75.9976
73.556
66.7365
58.1476
54.9367
57.4184
58.9771
61.4032
60.2665
60.866
57.7668
49.9423
40.2364
29.3495
33.9758
37.7522
37.5858
42.2622
42.2062
42.7598
38.1355
34.5963
12.7564
21.3831
21.836
19.9509
18.1181
4.74699
-2.28157
-0.350772
19.3468
38.9465
47.2745
56.7038
60.6582
59.965
54.1093
44.3056
35.9987
41.3247
35.7417
33.2846
32.9
35.0585
43.5773
45.9021
45.8431
41.441
40.1508
37.7001
34.885
31.1192
34.5317
35.8945
37.6789
33.4418
25.8725
9.76496
6.22302
14.9618
11.8508
9.83937
-22.9421
-11.7717
-14.1314
-3.29032
1.25191
0.530101
3.22138
2.56624
-0.257867
-2.20108
-5.84715
-11.5657
-18.931
-6.56778
1.34783
1.64861
4.13309
-5.84505
8.11863
5.76124
17.0677
20.8571
23.3899
21.195
13.8121
5.47323
-3.81972
6.9414
10.1026
10.2237
8.87473
9.10804
8.3661
9.77037
12.9519
12.6456
7.79705
0.0214614
-17.601
-14.6312
-11.3322
-16.3547
-10.4793
-5.9316
-7.94653
-10.8669
-8.20728
-10.952
-15.4063
-20.9247
-19.5274
10.4896
44.6938
50.9441
54.5701
61.5493
64.5594
65.5679
67.3883
75.397
83.7907
89.0188
91.3691
91.6045
90.9803
90.7932
91.5296
92.6128
93.4886
94.1249
94.5995
94.6805
94.0084
92.3008
89.558
86.025
82.0229
77.7188
73.1823
67.7582
60.2171
49.05
31.3569
8.87843
9.83866
12.2862
22.6815
44.3507
49.0926
55.3593
56.7139
53.2467
46.1178
42.4889
43.0934
45.2903
37.7553
36.8991
36.6693
39.2711
41.4896
44.68
43.5344
41.4127
40.4346
41.9359
39.4915
38.4726
37.8776
39.6491
39.0866
33.1816
23.0965
5.37392
4.02881
11.6255
14.755
7.978
-19.5038
-9.84255
-11.8144
-1.74523
-0.75938
0.24994
1.28493
2.40737
-2.80308
-1.49941
-6.16592
-13.8754
-12.0939
-9.55569
-4.82618
-1.69502
-2.38854
-0.785947
2.31989
11.6626
17.2353
22.0465
22.1073
18.5722
11.748
0.819419
2.45682
13.6939
19.4772
22.9775
24.1545
22.9244
19.8678
17.5795
18.4753
17.6857
12.7669
1.3878
-7.2072
-13.5153
-15.8932
-19.2149
-10.6624
-9.31053
-8.97333
-9.59537
-14.4762
-17.5098
-18.0066
-19.1223
-16.966
7.66214
32.8654
49.558
59.6084
66.1362
69.0031
68.0447
70.7293
81.5914
89.8714
94.2869
95.9782
95.8098
94.6675
93.0661
91.3717
90.0411
89.5098
89.6786
90.015
89.9157
89.0353
87.5625
86.026
84.5752
82.798
80.3315
76.8147
71.779
64.4469
53.9468
38.8406
12.1338
13.6448
22.7561
36.8632
48.707
57.4813
61.8777
62.1254
58.9201
54.7079
53.0395
51.4683
49.5646
42.1766
31.7087
32.9725
39.5553
44.9819
45.4101
41.6504
32.9585
27.3269
25.7979
27.8083
20.895
25.4346
28.1402
26.9288
19.4432
11.1001
11.0193
0.689676
11.1035
13.3882
7.0371
-24.8449
-15.0514
-18.034
-6.62009
-3.63378
-0.672732
0.933904
1.75704
-1.87736
-3.20913
-7.25761
-12.4929
-12.2078
-8.46696
-6.52825
-6.1253
-5.67589
-4.93472
3.29808
8.54531
12.1809
12.7959
9.30834
5.9368
1.16062
-6.87038
-4.73399
10.1358
18.2443
21.537
22.625
22.268
19.858
16.1167
14.4231
12.8596
7.81839
0.635673
-6.75611
-11.7571
-16.3311
-13.0431
-13.4709
-7.27893
-9.63985
-12.2168
-9.08458
-12.0453
-18.1429
-22.8408
-19.542
-3.15358
30.2134
44.1009
51.1472
62.616
65.5881
64.4721
64.2947
68.5851
69.8756
66.1914
53.4131
42.8811
29.7004
35.4079
37.6846
32.8799
26.058
23.0637
23.7334
26.4222
25.8878
26.6922
32.3576
29.791
30.4425
25.8477
29.7939
31.2702
36.3039
35.787
29.2241
18.5024
7.46326
21.3747
31.5312
44.1253
51.2935
55.7291
55.7064
52.3032
48.3759
45.1004
42.3073
38.7566
29.6936
30.0879
29.6864
34.1751
31.0903
33.6165
33.8534
31.5442
31.1239
27.5584
21.2122
23.1718
24.7978
20.9255
18.5552
10.008
6.74933
7.99715
1.08425
8.59711
8.74579
7.25009
-17.2104
-12.6843
-16.1958
-6.48605
-5.46724
-4.94118
-1.0718
-1.06964
-8.95242
-3.88304
-10.1592
-15.4772
-21.2173
-27.5802
-14.9674
-14.6061
-13.7568
2.37954
5.70786
12.6299
14.4428
12.4157
10.7818
6.52333
-0.537813
-14.1004
-5.60444
3.8521
8.75006
10.5918
15.7475
18.3062
16.8748
11.1114
1.7158
0.660584
-2.0039
-11.5995
-17.2663
-16.1436
-14.1852
-22.5541
-14.7445
-10.4807
-11.2369
-10.8731
-13.2285
-14.4423
-15.5135
-18.3286
-20.6925
-2.29218
23.9355
41.2154
52.5861
54.8765
58.0098
57.8243
59.5985
64.2597
67.6611
67.5202
66.1146
63.6504
63.5135
63.777
63.9193
63.3142
61.7672
59.9334
58.1732
57.0671
57.2096
57.8164
56.982
53.7671
48.7746
44.1541
42.5553
43.7781
42.7399
38.6637
30.6856
17.8872
9.62731
28.6778
45.5885
55.2886
58.9983
59.0018
54.7218
46.6997
38.6528
39.2283
40.0028
42.5134
37.3097
32.8545
37.4717
38.3204
41.4437
42.4224
43.4628
42.0483
37.8828
32.054
29.0482
21.9426
23.8667
26.768
27.0352
21.4724
13.1211
12.5861
-4.10633
8.39054
10.9724
5.32142
-19.7256
-13.0104
-14.119
-5.5049
-3.992
-2.93378
-0.942372
-1.56714
-4.30507
-7.04595
-9.17968
-20.9747
-31.9767
-26.19
-14.2737
-11.5738
-11.411
0.52258
11.032
15.1264
16.1308
12.738
4.54298
0.864908
-1.72114
-7.85453
-13.2825
-6.1805
5.88272
17.2003
22.5919
24.0318
21.0278
13.6323
8.15732
5.25941
1.91596
-4.73814
-14.2066
-12.3796
-15.6598
-17.5597
-12.2861
-11.8613
-15.3077
-21.6949
-24.8351
-21.6655
-18.6157
-18.3731
-18.9264
-3.86532
33.7892
41.3539
51.6029
58.8892
61.3368
59.2917
56.188
61.3102
69.3222
75.6358
78.3259
78.7673
77.7355
76.0181
74.5072
73.1149
71.383
69.152
66.8385
65.0603
64.1522
63.9503
63.8221
63.1407
61.9332
60.6118
58.6972
55.1623
49.2155
39.8612
26.0219
9.35774
11.9633
29.6362
40.2681
47.3616
48.2083
47.8094
45.5514
42.0257
38.9001
36.6112
34.0786
35.3598
30.1998
32.1256
30.6064
35.8624
41.0124
47.5502
50.1202
48.1632
42.8553
34.9895
26.8843
20.8186
22.923
23.0016
21.4344
17.6889
12.288
4.87467
-8.11113
8.08536
10.4754
5.0047
-24.5712
-16.7
-17.0683
-6.58483
-4.53177
-2.11767
-0.475594
-1.64238
-6.56407
-5.20508
-9.35342
-14.4542
-13.6508
-10.9826
-7.53877
-7.37733
-7.08906
-0.471819
13.1357
19.6429
21.207
19.4514
14.9229
8.65883
0.479902
-11.3707
-17.4402
-2.36285
2.12101
10.8691
17.3761
19.6465
18.6245
16.2281
14.2977
11.4861
5.0936
-7.34372
-20.3489
-20.5616
-20.3239
-27.2134
-16.6931
-14.8639
-14.8948
-18.7055
-19.9708
-21.4852
-21.5396
-22.7925
-20.452
-4.20492
31.1692
37.06
52.3211
59.2652
61.939
60.1087
53.6654
47.3329
52.651
54.6172
53.4426
47.6683
41.5946
32.4652
23.5924
26.2039
26.7801
24.7059
21.3867
24.5926
27.8888
30.1974
30.6456
29.5179
33.4232
36.0301
36.1406
34.0803
29.3549
21.4162
6.91684
-2.93413
11.5163
29.2859
43.5868
52.0081
57.8196
60.5874
60.5071
57.1308
49.3338
38.4457
35.0656
38.7023
34.2212
32.1076
31.759
32.2876
34.7257
37.7072
36.6547
31.6643
27.0481
25.2851
27.304
29.7717
27.9047
22.9674
19.8466
3.08929
3.09366
4.01485
-5.90992
7.30686
8.92787
3.87898
-24.0274
-16.5199
-24.4483
-9.42993
-7.08188
-5.63437
-3.90455
-2.65127
-7.00626
-8.10709
-13.3795
-18.8311
-23.8147
-15.1781
-8.03041
-7.4452
-2.93931
8.09012
16.105
22.8763
24.9614
21.8621
13.0262
-1.76761
-12.6315
-13.4373
-7.87943
-0.91227
6.67996
10.5235
12.7464
12.815
9.89205
6.72021
5.74449
5.39646
0.158618
-6.74653
-15.2802
-20.578
-19.4307
-19.7178
-13.8227
-11.4318
-14.372
-17.3642
-19.8197
-22.5294
-24.9414
-26.8833
-22.2862
-7.37033
32.3069
39.9716
43.6867
51.3229
55.2037
54.4694
51.7249
51.6175
53.1598
53.9628
50.2594
49.7197
48.6516
49.9968
51.7418
52.3568
51.9386
51.1211
50.6463
50.489
50.1577
49.0376
47.6059
45.8112
40.9227
36.4991
34.7941
33.6687
29.3782
20.8224
10.6081
-0.987373
8.40989
30.1322
42.3318
49.5702
50.8607
51.8215
52.032
50.4035
46.2505
39.415
30.7962
35.7716
27.9756
26.0761
23.3971
27.7232
29.6775
33.4883
33.3202
27.9178
25.2167
23.3857
24.9495
29.0975
30.4188
28.0531
20.781
12.1434
8.68331
4.69684
-2.52597
7.4164
10.0201
4.70737
-22.2227
-19.2163
-23.7411
-8.65712
-6.33244
-4.17964
-1.30184
-2.79809
-6.53601
-6.56508
-10.9473
-19.1613
-21.8406
-16.0688
-9.2698
-6.88779
-0.253485
2.32133
18.1283
24.0603
24.842
21.0444
11.2518
-3.15792
-14.1082
-17.7283
-14.5671
-3.46552
-0.269551
5.32759
9.36896
10.1467
6.98907
0.955156
0.938941
-0.981328
-4.21855
-11.7166
-16.505
-17.9473
-15.0847
-22.2641
-17.1273
-14.0059
-16.8262
-21.9766
-22.8802
-22.3854
-23.1102
-26.273
-27.6971
-12.8492
19.2558
45.8221
54.3877
59.9763
61.8944
59.6199
54.485
54.1811
59.4029
61.4712
62.1487
61.5296
60.8511
59.8359
58.4044
56.5053
54.4679
53.3257
53.3357
53.4245
53.4544
54.3307
55.9952
57.3991
58.0611
57.6029
55.8242
52.0189
45.3294
35.0003
21.4098
5.83119
8.21771
26.4198
39.4398
48.3043
49.9197
50.8898
49.8826
46.8292
41.2031
33.0318
26.456
33.4678
23.2923
20.1907
22.1515
22.9228
27.2546
27.9803
28.0281
25.68
23.4903
20.2284
21.8301
19.2408
20.8478
18.3596
15.7609
1.0602
-3.43847
3.82126
-6.44502
4.6181
7.30502
2.48085
-31.0629
-20.4308
-34.8836
-11.6809
-8.50032
-6.56389
-4.60396
-4.88732
-9.96815
-9.13863
-13.457
-28.6141
-31.2642
-21.0303
-12.7271
-10.9294
-0.638087
9.41228
18.5399
23.7523
24.3666
19.9967
10.0049
-3.48942
-10.3512
-16.8823
-18.3216
-5.88207
-1.59738
2.39617
5.32084
5.3644
1.68394
-0.58222
0.822818
0.304975
-4.66665
-13.3158
-23.0133
-25.728
-22.3863
-30.9427
-18.142
-14.2287
-17.2564
-20.1489
-21.7601
-22.2559
-25.4783
-28.2365
-25.8921
-9.58455
27.9566
29.9476
43.2601
54.2083
58.0731
56.6609
50.8335
42.162
40.8958
44.5264
43.2124
40.4963
36.762
28.2278
21.9483
14.5045
13.4355
18.1226
22.3653
24.4105
23.7458
22.3154
29.7698
36.0531
39.8218
42.2479
41.6327
38.6759
33.3519
25.2627
14.1497
4.29817
7.13783
24.4814
35.7769
42.9475
51.2122
55.4163
55.9134
52.0449
42.7919
27.784
22.0574
28.6503
17.4652
12.5339
17.4085
23.9508
21.5978
23.0971
22.6759
19.3264
23.3959
22.7343
22.7429
17.447
13.1573
12.8664
14.7071
7.4432
5.35355
-0.986796
-7.12519
4.81725
6.80018
0.938011
-37.8602
-22.8953
-27.8641
-11.0749
-9.12441
-7.01145
-5.04904
-5.25164
-10.9017
-10.9709
-15.2849
-27.6643
-30.1905
-25.7446
-16.7735
-15.5215
-2.18639
6.57848
22.1361
29.8088
32.1082
29.6213
22.5931
11.5471
-2.84842
-15.5062
-4.97633
6.57902
12.977
14.7407
13.1555
8.3481
3.82797
3.08846
3.83677
3.05192
-1.83474
-12.7033
-28.7813
-25.0069
-23.9733
-21.3098
-16.287
-13.1027
-13.238
-16.8676
-20.2927
-22.0252
-22.2255
-22.231
-21.1502
-5.86738
27.2876
22.6313
42.3695
50.1178
54.8095
54.6814
49.2318
39.4652
40.6762
43.8644
45.7637
46.7718
48.1721
49.0953
49.7595
49.6472
48.2632
46.2799
45.0858
45.0635
44.96
44.1932
42.1601
38.667
33.6366
28.7029
26.8922
26.9665
25.3087
20.1254
10.7552
-6.77693
5.31908
23.0247
35.8599
44.2484
45.0963
47.5581
48.3919
46.3677
39.5173
28.2579
14.6781
31.512
18.7802
15.8508
19.2654
22.5413
27.8529
30.8455
33.1671
31.1672
26.0906
22.9217
15.8615
13.1108
17.3079
16.8409
15.1978
6.26797
1.92368
5.35341
-7.87654
5.18272
7.48064
2.00485
-31.8095
-21.8403
-28.0054
-10.8743
-7.7048
-6.25317
-3.95208
-5.17465
-9.59498
-8.38329
-14.3824
-20.9605
-22.3213
-20.5902
-17.5847
-14.8689
-1.47319
10.8586
24.1222
30.7444
31.988
28.6337
19.94
6.25532
-6.76242
-12.949
-4.7431
7.07228
14.3375
18.7243
19.8937
18.7163
14.5687
6.79299
0.737743
-3.97045
-9.02515
-16.2324
-25.9964
-22.3968
-18.1014
-26.3257
-19.8295
-13.9881
-14.9869
-17.7544
-20.6462
-21.9129
-22.1489
-25.0277
-25.5343
-6.05743
29.1554
38.5354
50.3438
57.8762
60.5739
58.6057
52.4443
48.1539
53.1686
59.3241
61.2221
61.2237
60.0563
58.1855
55.987
53.1273
49.7568
47.0668
46.3399
46.6674
47.4567
49.0629
51.2488
52.6396
52.2663
50.191
46.3687
40.8102
33.313
23.4811
11.501
0.164815
6.56414
24.9209
36.0834
43.883
47.4245
50.6278
51.3154
48.4226
40.6563
27.5427
16.2448
29.1699
16.6414
8.41705
8.60903
13.7358
21.939
29.6825
32.574
31.5611
27.6574
19.3866
13.9992
7.45618
9.11262
7.23376
8.99788
-4.32338
-3.42771
2.58452
-6.9237
4.96249
6.85549
2.00381
-24.0966
-18.7588
-23.2698
-11.9766
-9.80084
-7.2142
-5.63369
-6.02753
-10.6572
-11.0308
-14.2688
-20.7801
-22.1871
-17.2633
-11.6787
-9.88369
-1.81162
11.1269
23.5538
30.1551
31.8316
29.0736
22.2114
12.852
2.35262
-8.12303
-7.71528
3.5913
7.43691
8.98638
10.3618
11.4172
9.90311
4.63528
-3.19809
-8.25912
-13.2944
-18.1681
-24.4405
-22.4882
-19.5384
-23.4574
-17.6266
-17.2218
-17.9516
-21.2576
-21.4031
-22.9457
-23.4563
-25.5855
-26.0992
-14.4843
20.5736
37.2553
42.7845
52.3773
56.2793
55.1087
49.6321
42.5308
41.201
41.4688
39.3769
30.1391
30.2413
26.9454
23.9181
21.8137
18.9819
16.3276
17.6078
18.3095
16.9181
19.4116
23.6538
27.6946
29.8778
29.6691
25.4562
17.1054
4.4336
-6.18784
-5.96263
-10.9781
2.58924
23.1786
36.452
43.006
45.9989
47.432
47.1243
44.0053
36.4752
23.4806
13.5391
28.9825
16.2247
10.1067
9.83876
19.1196
22.3067
23.7404
25.9974
23.6246
22.9533
20.4084
15.1511
12.9187
14.7265
14.9451
12.0797
3.3868
1.69655
-0.911689
-9.25388
3.58307
5.51201
0.688674
-27.4648
-20.4933
-24.8195
-11.978
-9.32542
-8.88855
-5.314
-5.68262
-9.99601
-8.93034
-13.2807
-20.7418
-23.0836
-16.1907
-10.2846
-5.19758
-1.394
10.3114
23.158
29.6004
31.5223
28.7558
21.3998
10.8397
-1.2073
-13.1581
-6.2994
7.00823
12.8829
13.8943
11.8398
7.67004
3.85007
-0.89053
-5.8027
-11.8592
-16.385
-22.7414
-23.7692
-26.7602
-23.4959
-21.9057
-19.971
-16.5178
-18.6524
-22.9506
-26.1167
-24.0284
-23.0855
-26.087
-27.9559
-22.8948
21.4138
31.1895
42.0456
49.4498
53.4312
52.9289
47.1853
39.6369
42.2046
49.8414
52.7604
54.6317
55.3542
56.5269
57.6509
57.487
55.8946
53.4743
50.9244
48.5233
46.5339
45.1306
44.0777
42.124
38.8778
35.3758
31.6635
26.5751
17.7854
3.29755
-15.9862
-13.1068
0.71929
22.5208
33.3972
41.8198
42.8928
46.037
47.1597
44.7444
37.8556
27.4515
22.6815
31.6693
24.9237
21.8535
19.7974
24.2257
27.9648
31.8595
31.8202
27.0638
21.119
17.6708
20.0771
21.3853
21.1237
18.4332
16.3851
4.33096
-2.99445
-0.580773
-10.8448
2.44238
5.0033
0.00178026
-30.7694
-24.6747
-29.9452
-13.0449
-11.0126
-8.6852
-7.16625
-7.5803
-11.2027
-11.1601
-15.5183
-22.5008
-20.0877
-17.2639
-8.12905
-2.0513
1.4901
11.4983
20.0954
26.001
27.343
25.0965
19.7256
12.1945
1.80006
-8.53959
-3.90019
7.89588
14.9999
17.8503
17.6238
15.5402
11.24
4.76363
-1.96638
-4.82837
-10.2773
-16.7546
-29.2306
-26.2585
-23.3598
-29.082
-21.3838
-18.1422
-22.104
-25.3162
-26.3897
-27.7739
-29.0862
-31.2264
-30.2599
-16.2257
25.8567
27.8379
44.9138
53.3486
56.3133
54.3721
47.9942
42.6136
47.8876
53.1716
55.2661
55.3958
54.2994
52.5667
50.3832
47.1585
42.6968
37.6891
34.2108
33.8634
34.9216
36.7235
38.9593
40.6927
40.7115
38.7486
34.7362
29.3964
22.5966
14.1141
4.3032
-5.25169
2.75284
20.3678
33.4236
41.5384
45.0367
47.5327
47.6606
44.4557
36.9875
25.3746
18.6588
27.9174
20.078
19.2454
20.1711
21.7359
23.7237
24.6116
23.025
17.4819
14.6183
16.93
18.9415
18.05
18.0296
15.3284
12.4264
4.33929
0.236702
-0.335543
-12.7183
2.1906
4.26707
-0.603186
-28.9451
-23.3548
-29.3284
-12.7549
-11.4104
-8.69638
-7.48233
-7.88018
-13.2235
-12.0459
-15.9352
-24.8712
-25.8573
-20.6894
-13.0197
-1.19301
5.13405
11.1283
18.7474
24.1091
25.629
22.9335
15.6842
4.12288
-11.22
-13.1998
-6.06325
5.59781
9.76136
11.0937
10.1965
8.55996
5.78251
-0.0117468
-5.6332
-8.26594
-12.7262
-19.7696
-24.2834
-24.1279
-25.1404
-28.5592
-20.6662
-17.2776
-18.848
-22.0252
-24.45
-29.1796
-28.8516
-28.7509
-25.5373
-13.0684
23.9525
30.9695
37.6421
46.0177
49.9433
49.2884
44.9313
42.442
45.2666
45.3594
43.4779
43.3576
46.4298
48.4125
50.4887
51.5737
51.1268
49.4803
47.3332
45.6709
44.6919
43.5085
41.4728
37.901
32.235
25.9419
21.1239
18.6545
14.7129
7.49933
1.16535
-6.08187
0.493275
17.6158
28.9796
36.5918
39.6003
42.3943
42.7667
40.0171
31.9692
20.2322
5.2686
27.9106
15.9616
10.3004
11.4132
15.8154
18.1154
17.8871
20.4084
15.95
16.2417
13.7362
14.8241
11.7642
11.9032
8.89065
6.62932
-6.84833
-2.1875
2.44133
-10.4756
2.36036
5.07077
0.285452
-19.6544
-18.2702
-24.4963
-12.9802
-10.6195
-9.25653
-6.11415
-7.52945
-10.7305
-10.9483
-14.0464
-22.0875
-19.1023
-14.5109
-5.57515
0.548968
5.45711
10.8312
16.7756
21.3845
22.2662
18.7932
11.3812
2.92304
-5.9456
-14.5302
-4.07544
6.61973
12.6135
13.7397
11.9286
7.77374
2.3485
-5.1387
-7.82817
-11.1398
-13.8513
-15.2354
-19.6468
-19.7399
-21.2008
-28.6597
-21.3379
-18.3543
-19.1861
-23.2247
-27.6223
-29.4177
-30.4204
-31.7498
-29.3376
-19.2136
19.7209
34.8145
41.3043
47.8971
50.6128
48.4331
43.8498
46.8575
54.3009
59.3224
60.7296
60.6267
59.9656
58.7016
57.1293
55.455
53.7871
51.9808
49.9806
48.3786
48.2483
49.5039
50.7077
50.7067
48.7123
44.4326
37.794
29.1313
20.6293
13.8655
6.25132
-2.65351
-0.922515
14.5903
27.6708
39.4103
44.1647
47.9622
48.4344
45.1407
37.6533
26.5761
19.1542
27.6531
19.1121
13.1986
10.9387
17.8821
18.033
19.2798
19.0052
13.3954
13.2358
13.9558
12.0496
7.29391
6.62503
3.05123
4.1079
-15.2416
-4.26574
0.160315
-10.3491
1.51566
3.95584
-0.877438
-28.7776
-22.7368
-26.8519
-14.3964
-11.1774
-9.58088
-8.30451
-7.38647
-13.2681
-12.5697
-15.4611
-19.9442
-19.5638
-14.8438
-9.16024
-2.92894
1.73625
7.86551
16.3433
21.416
22.5767
19.2311
11.1328
-0.438455
-13.2012
-20.6396
-7.79932
6.07629
11.8496
13.6783
12.423
9.68259
5.53693
-1.1522
-10.9394
-14.0634
-18.5436
-21.312
-23.7352
-25.2512
-22.4667
-33.3281
-24.5597
-19.0348
-21.9947
-24.554
-28.2121
-37.6846
-38.9241
-47.911
-37.0801
-35.9542
20.8393
24.9753
37.6678
43.5076
45.3261
42.9156
37.8409
38.1221
42.4209
43.9775
43.779
39.8898
39.438
39.9668
40.3689
41.1709
40.6073
38.7936
37.3435
35.1316
31.8426
28.2001
28.5411
27.7344
28.0146
28.068
24.7854
20.167
15.0732
10.7511
2.75068
-7.98491
-8.73577
9.50118
24.4531
33.9881
37.5148
39.6478
39.1165
35.8972
29.8514
24.5922
21.9512
28.8661
17.6806
12.204
9.80609
14.2793
12.0179
16.1839
15.4176
9.75283
11.8342
7.31347
7.80152
-0.940936
0.549866
-1.74182
1.82854
-10.3481
-4.77254
-0.956801
-14.1688
0.0226156
2.18861
-2.82101
-34.9361
-26.3338
-31.6923
-15.427
-13.657
-10.2165
-8.38479
-10.1816
-13.3185
-13.4053
-18.3638
-24.1904
-31.4299
-26.4652
-16.2828
-10.4312
-2.91841
3.03305
12.7463
18.7088
19.7046
16.7215
9.78678
-0.209828
-10.6869
-21.0284
-8.04577
1.76865
8.48953
12.9253
15.5911
16.1173
13.3796
6.43313
-1.43337
-10.3424
-17.244
-25.1525
-28.2762
-28.5803
-26.1719
-31.1576
-22.5583
-20.3709
-22.0462
-26.3299
-28.6896
-29.9167
-33.9426
-38.2541
-37.2109
-26.8892
23.8725
26.0884
31.3362
35.8171
37.5356
35.4005
40.5915
52.3059
60.6732
65.3648
66.6037
65.632
63.6003
63.0854
64.1364
64.8621
64.3468
63.1288
62.3899
62.0888
60.9166
58.2415
54.8762
52.7097
51.7931
50.8311
49.4009
46.877
41.9999
33.4181
20.3078
4.73495
-1.23323
10.49
23.2818
37.8828
44.6073
48.167
47.1111
41.2848
30.1225
13.9901
9.91361
26.1969
18.0288
10.8661
7.78557
13.9643
16.2855
16.8034
17.4933
13.4156
13.0589
11.4817
4.61845
-3.43992
0.319398
-0.0712269
1.65008
-12.2218
-4.06656
-0.946283
-13.9722
0.289095
3.05359
-2.59038
-39.1124
-26.626
-33.9837
-15.5686
-12.7268
-10.9725
-8.85021
-8.42595
-14.3177
-14.2831
-18.3949
-25.927
-28.3131
-21.4538
-15.1995
-10.1319
-3.45418
2.61467
11.2976
17.074
18.5896
15.3422
7.35635
-2.86274
-13.6089
-18.83
-14.0697
-2.92374
3.55731
9.42749
15.4834
18.0574
16.1904
9.20674
-5.27285
-17.9445
-26.5192
-25.5564
-21.9462
-18.4405
-15.8112
-32.8068
-24.321
-19.921
-21.7316
-26.1675
-28.4306
-29.6224
-30.8326
-33.9429
-30.9404
-21.7409
20.2373
30.0175
34.0346
37.5072
38.4726
35.6957
39.9254
52.3374
60.1057
63.6186
64.0875
62.862
60.871
58.0623
54.8274
51.029
48.0151
46.788
46.9365
46.7863
44.8542
41.9297
41.8524
44.2085
46.5658
48.2555
48.1102
45.3862
39.9377
31.7415
20.5651
5.29571
-1.81453
5.58734
23.0561
36.3761
41.7164
43.4863
40.7992
33.2748
20.3384
12.0544
12.5961
27.1729
17.6498
17.1575
18.4249
18.2475
19.6596
19.8792
19.5729
16.3612
16.2456
13.2371
8.10731
2.23371
2.58469
1.82051
3.23989
-13.8388
-3.5438
0.534672
-8.78424
0.770163
3.10667
-1.48598
-33.6754
-25.9467
-31.1135
-15.5633
-12.9525
-10.1923
-8.66864
-8.80068
-12.3727
-12.1519
-16.8606
-25.1261
-25.1222
-24.2147
-20.6373
-19.4711
-10.9093
-1.01825
11.7274
17.7996
19.0122
16.0224
9.33227
0.472465
-10.5638
-16.2665
-13.6682
-2.05452
4.39048
10.3358
14.8828
16.6542
14.5053
7.55085
-3.62477
-16.9358
-27.8303
-26.995
-30.9502
-27.5122
-24.3212
-34.3495
-24.5128
-20.9184
-24.191
-27.4274
-28.8279
-29.6484
-30.945
-34.1232
-33.9671
-16.7986
17.7296
26.5021
29.4375
30.3153
28.2334
29.3821
44.5034
57.8252
65.839
70.1193
72.1321
73.0991
73.4311
73.0157
72.8059
73.3533
73.3935
71.6407
67.8713
62.6353
56.8611
52.3019
51.6977
53.1576
53.7548
53.1604
51.9659
50.1335
46.3873
39.2135
27.1118
9.8126
-7.06459
-6.20661
18.3162
37.3232
43.7868
46.4469
44.246
37.5592
28.3927
21.1477
16.9373
26.5645
20.5263
15.9376
13.1348
17.0635
14.5001
14.8113
13.7989
3.85208
7.13942
8.36578
7.05455
-1.37997
2.6272
1.19391
1.98053
-12.0125
-7.56171
-2.9084
-13.9964
-0.971711
1.51616
-3.79832
-33.028
-24.6515
-30.6095
-17.0779
-13.6514
-12.8147
-10.1338
-9.5771
-13.029
-12.7761
-16.935
-25.9614
-29.1998
-24.6544
-20.3386
-18.2001
-19.0786
0.374536
10.6462
16.2292
17.313
13.7531
4.75749
-9.102
-22.7345
-24.6604
-14.9667
-6.5854
-1.54288
2.20405
6.40014
8.08457
5.92617
-0.418697
-9.18552
-12.8402
-18.9331
-26.0729
-32.5583
-34.1039
-33.0851
-37.3624
-26.2087
-22.4826
-23.6726
-26.0634
-27.9421
-30.6782
-33.6583
-36.7028
-33.7658
-8.07711
25.4386
32.1239
37.3306
38.7593
35.9813
30.7797
43.8958
57.4163
66.0536
70.7388
72.9238
73.3139
72.1986
69.7293
66.4641
63.2137
60.0269
55.8163
49.6312
44.7764
44.1686
44.6751
48.1346
53.6151
57.5596
59.0729
57.7965
53.407
45.812
35.4651
23.2088
7.74093
-4.18982
3.45819
26.2006
41.8769
50.5098
53.9993
52.8503
47.2255
37.7654
29.2005
23.4088
29.1615
22.1602
17.3842
14.6714
18.0379
20.4005
19.6798
15.0982
7.54292
9.19491
10.6909
8.71908
3.55745
4.17298
1.81506
2.51381
-10.8788
-5.03575
-1.80467
-13.1455
-1.51141
0.836095
-4.24697
-34.2264
-27.3466
-28.3359
-16.0591
-13.5638
-12.4445
-11.024
-11.2085
-15.7101
-14.7909
-19.9028
-27.0739
-30.1662
-27.4751
-21.4792
-20.1391
-23.7426
-3.69044
8.57685
14.9002
15.8506
12.1577
3.35494
-9.66419
-23.6847
-31.3101
-21.5424
-11.2359
-6.7316
-2.10121
1.0522
1.74447
-1.17785
-7.48455
-12.4523
-18.7225
-24.4695
-25.7208
-28.6594
-31.5592
-33.5498
-36.1859
-25.9245
-21.7563
-23.2989
-27.5206
-30.1613
-35.6025
-40.5188
-42.0026
-32.7334
-2.82147
21.9411
31.4138
37.9633
40.1976
39.1267
36.2361
40.8558
52.058
59.9126
64.3306
66.1377
66.3246
66.096
66.3509
66.8975
66.895
66.1571
65.3492
64.6383
63.561
62.5024
61.8872
60.9965
58.5299
54.806
51.247
48.8517
47.0975
44.0977
38.2981
28.3814
14.1603
5.03336
14.406
37.0993
51.1503
58.441
60.8415
58.5399
51.2915
39.7645
34.8104
38.7099
41.2073
38.265
33.4417
30.7402
30.5264
29.9362
25.8493
19.8803
7.5565
7.51775
8.73428
7.45233
2.79463
3.92615
0.197265
-1.0128
-21.5979
-7.36671
-2.64159
-14.0972
-0.87711
1.35833
-3.62805
-31.4665
-25.0176
-30.1388
-15.797
-13.3067
-11.7636
-10.0795
-10.9438
-14.6292
-15.3363
-18.0984
-24.5778
-27.7277
-25.7696
-19.5943
-12.6809
-8.95345
0.0251887
9.07312
14.0257
15.1193
11.6478
3.76004
-6.63725
-19.4856
-32.1373
-24.3919
-13.6034
-7.38575
-2.72657
1.58754
2.82912
0.0761209
-6.83718
-15.4691
-19.7334
-24.9586
-25.9857
-29.8176
-32.4012
-31.6026
-33.6868
-24.9965
-22.1253
-23.2529
-26.7828
-29.4103
-34.3225
-37.3555
-37.8747
-29.236
-3.25048
21.2572
30.3706
34.5626
36.8466
36.3016
38.0639
50.3627
60.8061
66.8904
69.4207
69.0868
67.2535
65.6759
64.3056
62.5572
60.0636
57.47
55.056
52.7414
50.9848
51.8181
54.4924
56.3017
56.3498
54.8752
52.5333
50.5657
48.982
45.8147
39.0764
27.6307
12.0915
5.97025
24.6597
39.573
52.8685
62.5599
67.8897
68.9603
65.9642
59.2906
52.6502
51.1769
51.9248
49.526
44.2749
36.0831
29.1481
24.474
21.8111
18.9872
12.1
11.0228
7.91827
5.58856
-1.96213
0.0203731
-1.32196
0.987155
-16.9928
-6.96851
-3.97795
-14.6475
-1.88127
0.707995
-4.4356
-34.4074
-26.5314
-30.3907
-17.6483
-15.2104
-13.7837
-11.1654
-11.2373
-16.3174
-15.9346
-20.374
-30.8018
-33.8297
-24.5256
-17.0646
-12.7798
-8.21021
-0.262319
8.76088
14.3441
15.4808
11.898
3.67655
-7.52294
-17.1749
-21.6191
-18.0318
-9.38641
-5.18332
-0.245576
3.83234
5.59023
3.86436
-0.934483
-4.80111
-8.48349
-14.4294
-21.9855
-29.3797
-30.6437
-32.4228
-36.1579
-26.171
-23.7114
-25.038
-26.317
-28.0331
-30.0964
-34.3118
-38.3879
-33.0641
-11.5933
23.0933
32.0506
37.8113
42.2935
43.388
41.548
43.8112
50.3104
54.0592
55.6551
54.7544
52.9825
51.2586
50.4983
50.3067
49.3255
46.9475
44.2827
42.6092
43.0763
44.8899
45.6226
44.347
41.6989
38.8427
37.4296
36.7753
35.2351
31.5023
24.3281
12.3395
-4.46527
1.15321
23.1874
39.1649
49.7237
56.451
59.1297
57.8156
52.8324
45.5214
38.5311
30.8751
25.3953
23.8422
22.1897
19.1254
16.1438
15.8737
14.455
10.8952
1.60367
6.967
8.31017
7.44023
4.65431
5.87636
2.16414
-0.419828
-16.0053
-8.19747
-3.06863
-15.0962
-2.226
-0.0352747
-4.99209
-38.1142
-28.7193
-33.9298
-18.0426
-15.4019
-13.7615
-11.7526
-12.0878
-17.8595
-16.6633
-20.909
-32.1897
-30.2241
-23.7902
-15.911
-12.8055
-6.11109
-1.80167
9.01351
14.9338
16.124
13.1855
5.28088
-6.34765
-20.0855
-25.1579
-18.6723
-8.64391
-2.28515
2.18314
6.76096
8.81271
7.1592
1.6623
-6.09531
-10.2498
-18.0165
-25.3913
-29.6445
-27.9507
-28.5737
-39.0474
-27.4026
-23.0426
-24.824
-29.1607
-31.3575
-35.3088
-42.0412
-45.625
-36.6316
-18.7072
18.1277
19.7634
30.2501
37.073
39.6544
39.3428
37.9394
42.0566
48.8161
53.6578
55.9215
55.8788
54.0384
51.1508
46.9729
41.2454
36.0916
34.0603
34.6931
36.4478
37.7738
38.9272
39.7823
40.8345
43.1637
44.4286
43.5756
40.6899
35.8302
28.3107
16.4375
-1.80566
2.67955
21.1395
35.1618
44.4996
48.4784
48.8797
45.1624
37.0385
26.2629
24.9216
26.8002
29.6938
23.1752
17.0166
13.6125
14.5617
13.3904
10.9875
9.20393
-2.06864
5.78367
7.96923
8.01642
3.23472
3.62806
0.300223
0.375931
-19.8075
-7.60732
-3.09674
-14.2374
-1.82542
0.424508
-4.83419
-36.7726
-27.3666
-32.6031
-17.6211
-15.1228
-13.3058
-11.4057
-11.9649
-16.9591
-17.2836
-20.8239
-29.1915
-33.6725
-31.0617
-22.7228
-16.7422
-9.57685
-1.91397
8.42609
14.4893
15.7643
12.4471
5.05335
-4.30953
-14.1046
-22.8464
-17.4649
-7.30469
-2.01089
1.07969
4.28274
6.16377
4.57386
-1.32626
-9.98994
-17.0593
-25.0045
-28.8145
-27.4589
-25.1768
-23.6176
-36.8683
-26.666
-23.1879
-24.9855
-28.6369
-31.6025
-36.3862
-40.1358
-47.0094
-40.2449
-22.3665
17.4595
27.9823
34.2568
40.7014
43.1539
41.893
41.1049
45.9169
49.7505
50.5238
48.6311
46.6907
45.3085
43.44
43.6405
44.0345
43.1969
41.201
39.7868
39.2551
38.0913
35.4364
32.3536
30.9503
28.2834
26.3486
26.208
25.5141
22.4742
16.5099
7.45363
-4.27065
-1.29762
15.9331
28.9289
36.3879
39.1167
39.4758
36.6617
30.7338
24.6443
26.9075
28.4832
29.9176
21.3676
10.7547
6.0239
11.8029
12.4893
11.3971
8.49763
-2.24587
5.54655
6.84021
3.86758
-5.5367
-1.78996
-4.04916
-2.30392
-19.5888
-7.15595
-3.65643
-13.7199
-2.29303
0.00149408
-5.55989
-33.2112
-24.904
-27.6603
-17.4505
-15.7726
-13.8723
-12.0959
-12.5941
-16.9783
-16.781
-20.643
-25.8376
-28.5141
-27.0254
-20.8375
-17.1435
-13.4507
-1.23366
8.97728
14.8796
16.243
13.0572
5.09243
-6.13244
-17.6931
-24.8449
-18.3287
-7.75163
-2.87074
-0.731405
-0.0319514
-0.114328
-1.77435
-5.33753
-7.92509
-10.2229
-16.3018
-23.3297
-28.2716
-26.0003
-26.8537
-39.3621
-28.2664
-24.6164
-26.6003
-28.8232
-30.5295
-33.8381
-36.0245
-37.4902
-36.0746
-32.6771
18.4487
21.6376
28.6365
35.5956
38.4701
37.5732
35.4441
36.2121
39.6402
42.4339
42.7136
41.5485
39.1028
34.6319
30.1948
27.2442
26.0831
24.0826
21.6313
18.8379
16.8849
17.0992
20.5078
22.0926
22.9119
23.7945
23.3825
21.0946
16.1272
7.25879
-6.30289
-14.8074
-6.31927
11.3885
22.7118
30.3938
30.7276
30.1382
27.0986
22.5135
18.1473
17.8129
18.5944
24.6327
13.8029
1.35959
-1.89614
9.13069
11.0603
10.2565
8.08523
-1.72355
5.44919
5.87555
2.33033
-5.42006
-2.4336
-5.12814
-3.47448
-33.6095
-9.32667
-4.31117
-15.6282
-3.137
-1.18313
-5.36924
-25.0575
-19.3351
-19.9722
-15.8842
-15.45
-13.7415
-11.8928
-12.5505
-17.4963
-17.2194
-20.8718
-30.2337
-29.6487
-23.6313
-18.72
-15.8862
-15.6002
-3.86167
6.56932
12.0185
13.0085
9.72764
2.11865
-8.35521
-19.4141
-24.6166
-18.1543
-7.4376
-2.00648
-0.983381
-3.87822
-9.10908
-14.1018
-16.2039
-15.1995
-16.1968
-21.1957
-26.0684
-28.7345
-27.5436
-27.758
-39.4981
-29.1155
-25.1192
-26.9384
-29.9592
-34.042
-38.417
-40.2763
-39.1995
-34.7371
-26.9329
15.1084
21.8587
30.1219
36.3473
38.8553
37.3235
35.8834
40.6221
45.7102
48.7367
48.4436
46.0258
42.8009
38.9411
35.0701
32.2872
30.0959
27.2066
22.9135
18.0044
13.3322
13.23
18.4991
20.428
20.2422
19.159
17.8876
17.0505
14.1262
6.9945
-2.58701
-11.0834
-7.16517
10.4336
22.0947
29.3955
28.8228
26.5251
22.0686
17.8889
15.3418
12.7617
9.99306
21.5286
11.6167
4.59059
1.45673
10.1516
11.1742
9.3322
6.02474
-9.69492
3.8014
5.51686
3.60408
-6.27107
-4.33044
-6.22882
-3.44915
-37.1183
-9.7035
-5.0077
-15.7293
-3.45031
-0.784998
-6.24261
-25.7528
-21.706
-25.1431
-18.8373
-17.0041
-15.4641
-12.6794
-13.1507
-17.6861
-17.5768
-22.9148
-31.1749
-31.6594
-27.4463
-20.8287
-16.5376
-12.4611
-4.69434
3.517
8.83781
9.88368
6.37748
-1.76874
-11.517
-20.0852
-22.2451
-16.9429
-6.75533
-1.53593
-0.632895
-3.16558
-7.85126
-13.3145
-17.994
-19.1678
-21.8184
-26.5245
-29.7941
-33.1818
-34.8601
-32.8268
-36.8668
-28.9122
-25.774
-27.238
-31.9525
-36.0109
-41.2153
-42.5562
-43.0342
-36.4026
-25.1136
16.4388
22.939
25.555
30.4678
33.1073
32.1285
35.9285
43.1598
47.5406
48.2656
45.3198
41.3184
36.7893
33.6805
33.5315
33.5781
34.0155
35.3537
36.1411
34.8207
32.0937
29.1852
26.8115
25.0497
21.8414
19.0292
16.6305
13.7977
9.87984
3.10064
-6.23319
-13.5218
-8.16903
10.1028
22.5334
30.6214
32.0293
32.1706
29.253
24.0433
15.7108
10.2273
7.98148
20.9023
11.8218
4.66539
2.96937
7.90351
9.6197
8.12068
5.17087
-13.7139
3.00549
4.0155
1.15512
-11.9899
-5.727
-7.81873
-4.4939
-31.9393
-10.5935
-5.79593
-16.7625
-4.61155
-2.01097
-7.10144
-32.7259
-25.7415
-30.0415
-19.7567
-17.3531
-15.9975
-13.6861
-13.9281
-18.5811
-18.7799
-23.1749
-31.2077
-34.4118
-31.3457
-22.6051
-16.2297
-11.6482
-5.73244
1.71087
7.20681
8.37157
5.23438
-2.1962
-12.9774
-24.6367
-31.9967
-23.4087
-12.7399
-9.08425
-8.30023
-9.91817
-11.7385
-13.818
-15.9419
-16.8342
-17.9457
-23.3572
-29.1836
-37.4145
-36.1734
-35.6635
-34.6414
-28.0224
-24.8637
-27.2102
-31.549
-35.8414
-39.1924
-43.5581
-43.9647
-36.8555
-31.7242
16.7265
20.7233
26.4142
29.8293
31.6937
29.7598
37.3587
47.6685
54.3282
57.4367
57.1335
54.1019
49.8105
44.1278
39.0158
34.7051
33.3473
35.0291
37.1544
37.5648
36.0296
33.2364
33.017
33.629
32.7588
29.9496
25.1247
19.7566
14.432
6.42888
-5.3977
-15.9217
-7.19244
8.05093
20.8485
30.9648
33.6735
34.691
32.2475
26.637
19.6578
15.859
13.1755
22.0047
12.3183
9.96781
10.9675
12.1963
10.7253
7.76129
5.50518
-6.537
3.87571
4.65532
2.406
-10.044
-4.81341
-6.53119
-4.19604
-38.8826
-10.3845
-5.69905
-17.046
-3.98935
-1.76139
-7.09235
-34.5681
-27.3673
-32.3801
-19.9824
-17.4727
-15.5332
-13.0811
-13.6971
-18.4295
-18.0721
-22.2771
-29.824
-34.4991
-33.2129
-25.831
-22.8522
-14.5633
-8.41063
1.27646
6.3532
7.94226
5.41688
-1.14817
-10.363
-23.159
-34.2208
-23.5245
-13.406
-8.68476
-7.50531
-9.06004
-11.877
-15.9175
-21.4123
-24.1552
-28.6922
-32.9476
-32.0524
-34.6293
-34.7032
-34.5079
-38.6502
-29.775
-26.1725
-28.2861
-32.1354
-34.9723
-38.2068
-38.4678
-39.41
-34.811
-17.5198
16.379
23.8218
27.8738
30.0686
29.4986
32.3644
47.8749
58.8447
64.9444
67.6006
67.5232
65.7112
62.4342
57.8278
52.2963
47.8759
45.0562
41.1283
38.8418
41.6831
43.5808
44.044
44.2092
44.5222
43.6256
41.0945
37.6756
33.704
28.4298
20.356
8.75755
-5.61949
-12.6401
8.96911
23.9893
34.7641
40.2856
42.5603
40.7083
34.5202
24.5662
15.3886
14.0205
22.4054
16.2576
13.2834
11.0102
10.6225
10.2817
7.73264
5.59141
-9.90564
2.07729
3.75765
0.502506
-12.2085
-6.72656
-8.02255
-4.89662
-41.3904
-11.1717
-6.31441
-17.4698
-4.57955
-2.28409
-7.52623
-39.9139
-29.4832
-34.3408
-20.5282
-18.1811
-15.8923
-14.2533
-14.8442
-19.539
-19.2838
-23.8925
-33.1955
-39.1959
-38.3623
-29.0753
-25.4272
-19.6313
-10.4097
-1.28475
4.69709
5.82266
2.55578
-5.06466
-15.9332
-28.1228
-30.929
-24.0877
-13.1651
-8.73162
-8.19564
-11.5044
-17.0558
-22.446
-25.0826
-24.16
-27.3505
-31.11
-30.2795
-33.4375
-35.2741
-35.3465
-38.7065
-30.6394
-26.3521
-28.334
-32.9672
-36.007
-40.9694
-47.8979
-47.172
-36.7037
-10.4664
18.0895
26.0162
29.2957
29.4785
28.39
28.6514
44.4991
56.8712
64.4641
68.0748
68.2866
66.0624
62.9448
60.434
58.9943
58.2137
57.8529
56.431
52.9049
48.1245
45.0389
44.43
46.3922
47.7791
47.0261
44.6552
42.2946
39.6624
34.9727
26.7399
13.977
-1.45005
-5.52698
5.5073
23.6225
36.4688
42.4948
44.3098
41.8189
36.1316
31.1774
30.5238
30.0102
30.9086
27.7229
25.1563
21.4874
16.4965
13.4702
8.72928
6.64644
-8.35701
2.76131
2.82894
0.122449
-11.9956
-6.21669
-8.11896
-5.32377
-28.8935
-11.1998
-6.66322
-18.4163
-5.07557
-2.98554
-8.41837
-39.5346
-29.0866
-32.9393
-20.579
-18.4328
-16.7478
-14.5324
-15.0007
-19.7703
-19.1303
-23.3475
-30.5587
-34.979
-31.5527
-24.7285
-22.4161
-23.5028
-11.0823
-1.05266
4.13665
5.38025
2.32634
-5.00617
-15.1289
-27.5303
-31.5404
-26.275
-17.1577
-13.6552
-13.4287
-16.678
-20.7016
-23.9156
-25.1208
-25.836
-30.2434
-37.0156
-36.9779
-40.5239
-39.5712
-38.4316
-40.9182
-29.4973
-25.6117
-27.2578
-31.0211
-34.5877
-40.3862
-46.2574
-47.0386
-37.5128
-14.0306
17.6981
24.9095
29.6923
30.8202
29.884
35.2375
52.0245
64.4698
71.6699
75.3192
76.2383
75.4977
73.9991
71.9027
68.9325
65.406
62.6388
60.7144
57.8334
53.4026
49.0579
46.7177
45.9488
45.7198
46.6686
48.2832
48.6378
46.2737
40.7815
32.4251
21.3029
6.6867
-3.47039
0.468778
22.9306
40.0755
49.3357
53.6873
53.5127
49.6459
45.9131
46.4356
46.196
42.9261
34.8327
26.2757
21.2537
19.3649
14.9391
12.1495
6.61138
-7.82861
2.11749
3.92326
0.881974
-11.3462
-6.27189
-7.85422
-4.99423
-28.2798
-10.5361
-6.19438
-17.1333
-5.06339
-2.77005
-7.69369
-35.7263
-28.9627
-35.1652
-20.7594
-18.1823
-16.2697
-14.0955
-14.5878
-18.8722
-18.4754
-23.1127
-31.4774
-37.6845
-34.8282
-26.0123
-22.4891
-21.4571
-11.1401
-2.25493
3.02647
4.18664
0.782059
-7.65065
-19.9419
-33.0613
-35.7455
-25.1255
-16.462
-12.9154
-12.8558
-16.9323
-23.637
-30.1176
-31.6218
-30.551
-34.4336
-35.0503
-31.3828
-35.0339
-37.3735
-36.5544
-41.9963
-30.5508
-26.8153
-29.4106
-32.5868
-35.6153
-40.0909
-41.6977
-44.0253
-38.0059
-22.764
16.2254
22.354
25.519
28.4316
29.6185
28.5846
34.7153
45.1306
52.3011
55.644
56.711
55.7338
53.0544
48.8207
44.3957
42.908
42.944
43.6521
44.3949
45.2062
45.4739
44.5948
41.782
39.8682
41.3647
42.6538
41.645
37.5182
30.408
21.6052
10.938
-3.09731
-9.343
1.84121
19.8464
36.461
46.7481
52.1855
53.1003
50.0154
44.2188
39.7594
36.6798
33.408
23.7829
11.8886
4.71529
8.35031
7.22297
7.76969
3.56592
-12.5221
1.32169
2.85775
0.332861
-12.4202
-7.20321
-8.93073
-5.78102
-42.6451
-11.9654
-7.24768
-18.3465
-5.39509
-3.39944
-8.32313
-36.0541
-29.6106
-34.9611
-21.23
-19.1431
-17.3583
-14.7531
-15.6596
-19.7526
-18.9118
-23.3211
-33.2627
-43.6208
-43.4069
-31.6188
-27.1459
-19.9445
-13.2444
-4.7318
-0.175076
0.44434
-3.17302
-12.3124
-24.6326
-35.5305
-34.4483
-27.3308
-19.4542
-16.6625
-15.4576
-16.0972
-16.7662
-19.0733
-24.0532
-26.9503
-32.754
-35.0396
-31.2046
-32.4628
-34.0012
-36.8848
-41.3034
-31.013
-27.5642
-29.6139
-34.8385
-38.0571
-43.3307
-47.521
-50.9878
-42.2196
-32.1065
13.4916
19.016
23.6852
28.35
30.5713
28.3266
27.3649
31.7479
36.4807
38.442
37.5434
34.8247
30.5155
26.6123
21.6357
15.8028
8.24131
3.84257
10.3416
15.2593
20.7365
24.8764
27.6766
30.0926
29.7328
27.3819
22.7336
17.0446
10.5884
2.81248
-7.56358
-22.4866
-25.0896
-6.01412
7.26168
20.7718
22.0956
24.284
22.19
15.8971
7.6386
5.30157
5.57714
19.0008
9.59601
-1.16608
-4.93333
5.36537
6.75627
5.924
2.35554
-21.1672
0.112311
2.0644
-0.518899
-14.2636
-7.97968
-9.6382
-6.50347
-45.7283
-12.7197
-7.76217
-18.9379
-6.09683
-3.66948
-9.11709
-40.7272
-31.7199
-36.9763
-21.9185
-19.3717
-17.6654
-15.8946
-15.9858
-20.444
-19.8703
-24.7286
-33.7496
-39.0883
-37.2708
-28.636
-27.5912
-21.5901
-15.7734
-8.43832
-3.71642
-2.81516
-6.73825
-15.7996
-28.0061
-37.1332
-34.3703
-31.4468
-22.8251
-20.3498
-19.4636
-19.5282
-19.4943
-21.5954
-25.7143
-29.7089
-36.1496
-36.6376
-31.93
-32.5817
-32.7405
-33.7507
-40.1072
-31.0322
-27.5579
-29.1663
-32.8248
-35.8832
-39.1763
-42.3657
-46.4252
-41.4333
-41.369
14.8446
19.5192
22.9486
27.1431
29.1894
26.8342
21.9606
18.9338
21.0085
26.5194
25.7978
23.9216
20.5174
16.2474
10.3385
7.19662
3.47551
0.630623
3.80837
6.96802
10.2776
13.5328
12.7002
11.2669
7.60285
5.47062
4.27989
2.266
-2.26883
-9.74637
-19.5555
-30.1868
-35.086
-12.3373
-1.82534
15.6998
5.06842
5.19435
2.10495
-1.05794
-9.95176
-9.50018
-15.5079
17.4972
4.5475
-12.0592
-11.2589
5.09629
6.44572
6.15908
2.52557
-21.7449
0.562653
2.1536
-0.5051
-14.4302
-8.32085
-9.54131
-6.34198
-44.7048
-12.3795
-7.58039
-18.7589
-5.81939
-3.5585
-8.6974
-38.4637
-32.0189
-36.6761
-21.5102
-19.3219
-17.1196
-15.4736
-15.7866
-20.6697
-20.2093
-24.7508
-34.6525
-41.7625
-42.3812
-31.0003
-27.6266
-24.4092
-16.684
-11.141
-8.23947
-7.83975
-11.6105
-21.1123
-33.6054
-40.033
-38.0544
-33.0888
-24.5945
-24.5756
-24.2076
-26.1054
-27.7826
-30.5538
-30.4369
-27.9815
-29.3139
-28.2484
-25.341
-26.3782
-27.109
-28.4289
-44.1713
-32.8374
-28.8263
-30.8828
-35.1388
-38.9013
-44.9098
-49.9462
-58.3308
-44.9934
-44.6724
12.2291
17.1494
20.9515
24.8938
26.0573
23.4578
17.8402
12.111
12.4237
22.5819
22.0971
20.0807
16.3679
9.19089
-5.8322
-21.2338
-24.6583
-17.577
-8.3315
-7.79213
-3.42388
4.05162
3.50261
3.8515
-1.0216
-4.35011
-8.50843
-12.3431
-22.6609
-34.598
-31.1253
-34.3305
-38.1798
-18.3764
-10.5243
13.1011
-10.5943
-7.89793
-8.40933
-7.65456
-16.4326
-16.9018
-21.8389
16.36
2.95086
-14.5649
-12.4035
3.59609
5.14264
4.75592
1.18818
-24.1433
-0.772879
0.912797
-1.81967
-15.3907
-9.43282
-10.7998
-7.36728
-41.8587
-13.6527
-8.75298
-19.6953
-7.15245
-4.7836
-9.85993
-38.5435
-31.2242
-38.6672
-22.7123
-19.8938
-18.1924
-16.3813
-17.0695
-21.6394
-21.5672
-25.271
-32.3771
-37.5773
-35.8365
-29.2866
-27.2669
-26.9881
-19.8126
-14.9324
-13.3857
-12.188
-12.7101
-15.1697
-18.6866
-24.406
-28.6981
-29.2204
-23.6214
-21.8168
-20.269
-18.6207
-16.913
-17.3758
-20.503
-24.7595
-30.079
-31.3587
-27.7237
-27.7799
-27.7783
-27.5041
-45.9039
-32.6486
-28.4064
-30.1356
-34.1752
-37.3195
-41.8062
-47.4024
-54.382
-45.0373
-45.0789
13.6653
17.9487
20.5118
22.4497
23.0823
19.0898
12.9982
8.91934
12.4135
23.509
23.1953
20.6233
17.879
10.5125
-1.25038
-8.7465
-9.36822
-6.08284
-1.9116
-1.87175
-0.674427
4.88349
4.39784
4.39269
-1.29846
-3.69893
-8.50741
-13.4021
-23.5329
-39.2755
-31.5577
-35.4621
-39.9626
-15.5944
-7.25031
13.7916
-5.43771
-5.0958
-7.7734
-8.64379
-15.7308
-17.1404
-20.3663
16.5713
3.30563
-13.7133
-11.5482
3.90927
5.59397
4.91739
1.42238
-22.7902
-0.563264
1.078
-1.55923
-15.4697
-9.21328
-10.5069
-7.42938
-46.8081
-13.3265
-8.65366
-19.988
-7.06286
-4.5309
-9.78471
-35.1508
-28.2897
-30.3508
-21.6193
-19.1512
-17.5185
-16.4338
-16.2118
-21.1034
-20.8869
-23.6852
-31.5706
-33.2045
-31.3404
-26.8258
-27.0931
-24.3322
-18.1046
-12.6604
-8.38184
-7.10525
-9.5815
-16.0231
-24.6832
-33.0183
-33.4008
-27.04
-20.1737
-18.7545
-18.3408
-17.4777
-16.6276
-18.3396
-22.8842
-29.6756
-39.6268
-38.0039
-29.6152
-28.2503
-28.0314
-30.0247
-45.9853
-32.4112
-28.1489
-30.1572
-33.2659
-35.989
-38.7154
-41.8674
-48.0343
-42.2261
-41.045
12.8151
18.0135
18.9136
19.6758
17.7922
10.9485
4.49321
5.37923
12.8629
23.6099
23.8272
21.7696
18.8314
12.291
5.41181
1.0347
-1.23998
0.187575
3.97017
4.39881
4.39574
6.62417
6.93011
5.46894
0.145919
-3.45046
-7.19846
-12.0926
-21.6066
-33.46
-30.3781
-33.42
-30.9212
-12.3688
-2.83866
14.8036
1.3406
-0.24879
-3.77936
-4.76191
-13.7188
-15.8059
-15.9354
16.9692
3.5304
-12.5417
-10.56
3.95341
5.7954
5.11363
1.84773
-20.9656
-0.193051
1.27424
-1.31209
-15.4747
-9.21739
-10.4782
-7.19263
-46.9718
-13.4312
-8.55598
-19.9001
-6.82414
-4.39865
-9.50883
-34.8848
-28.1023
-30.5768
-21.2433
-19.6782
-17.9956
-16.0662
-16.7383
-21.1292
-21.0572
-25.8539
-32.4557
-35.4722
-33.5179
-28.3907
-27.7458
-23.6264
-19.5026
-15.4697
-13.0684
-12.4276
-15.5757
-23.9768
-33.5344
-38.6843
-35.4575
-31.2943
-23.9869
-22.1365
-21.0092
-20.7254
-20.7471
-23.1226
-27.1635
-31.008
-39.2408
-39.9825
-31.1197
-31.2105
-31.2471
-31.4886
-38.3309
-30.7457
-27.5637
-28.9799
-30.7056
-31.417
-33.063
-36.0135
-40.4897
-39.9153
-37.6429
12.7766
15.9289
17.9415
18.4857
16.7646
9.59132
4.24055
5.71879
11.3853
22.8333
22.7103
20.841
17.4867
10.6779
2.45423
0.425015
-0.263483
0.540881
2.99995
3.2845
3.27602
6.03136
5.54177
6.20142
2.45042
-0.471373
-6.04387
-11.7186
-21.6085
-31.4477
-28.8141
-31.4071
-29.2021
-9.89281
-0.0815093
14.779
5.50986
3.70341
-1.57501
-4.83916
-14.9064
-16.9957
-18.7704
15.6478
2.3419
-13.5552
-10.9558
3.05161
4.50846
3.73523
0.543456
-21.4302
-1.45933
-0.0340025
-2.61338
-15.5971
-9.80678
-11.1671
-8.02131
-38.6019
-13.9232
-9.31664
-19.9126
-7.55161
-5.58118
-10.3493
-34.3315
-28.7883
-31.8601
-23.001
-21.5595
-19.1818
-17.9368
-17.534
-22.3979
-21.8078
-25.867
-32.7146
-36.0401
-33.6801
-27.9531
-26.1461
-25.0193
-20.0001
-18.3141
-18.4597
-17.8929
-18.7496
-23.9035
-30.2164
-34.8073
-34.0451
-31.7744
-26.9301
-27.6654
-30.0525
-32.6395
-30.3122
-26.9454
-24.3698
-23.6447
-27.8771
-33.5707
-33.1945
-32.9954
-30.6138
-30.2027
-41.1777
-32.5458
-28.8702
-31.3033
-35.963
-39.6075
-42.9906
-46.9409
-50.6805
-44.0764
-43.7347
11.9382
17.8363
19.5895
21.6246
21.8176
17.2665
11.1134
10.0697
16.403
25.4251
25.483
23.6782
19.8734
13.4543
7.91986
6.89167
7.29982
6.53091
5.28071
2.93302
3.30664
6.33514
7.20878
7.26573
3.44555
0.605597
-5.19347
-11.6445
-22.6319
-36.5306
-29.2691
-26.8532
-22.1022
-8.10849
0.701395
15.6644
7.26957
5.8391
0.619405
-4.70761
-10.6433
-10.9729
-9.24014
16.0864
3.41562
-10.1194
-9.33911
2.96897
4.94558
4.31387
1.19184
-21.251
-1.36242
0.378026
-2.52361
-16.4607
-10.2337
-11.5604
-8.20564
-49.0254
-14.3245
-9.40133
-20.5168
-7.81775
-5.63682
-10.7199
-38.771
-30.8833
-33.1468
-22.5015
-21.0046
-19.3506
-17.328
-17.9109
-22.3737
-21.3001
-24.1442
-30.5464
-34.1652
-34.5711
-28.0066
-26.2725
-24.8172
-20.8061
-19.998
-20.6121
-20.0864
-21.2262
-26.111
-32.202
-37.8336
-37.367
-33.191
-27.2506
-27.8127
-26.5338
-24.7142
-22.6219
-23.5799
-25.8355
-27.2858
-33.1274
-38.2279
-38.3955
-39.7006
-37.8591
-35.548
-42.2968
-32.6667
-29.1908
-31.4775
-35.5553
-38.5056
-42.6152
-47.183
-52.7581
-45.2021
-35.4065
13.028
17.2078
20.9946
24.2793
25.2474
22.3955
16.6351
15.1521
21.7378
28.0158
27.619
24.5547
21.4795
14.2758
10.0953
10.6625
12.6223
12.9512
11.434
7.66764
5.39625
6.69296
8.21472
7.77886
4.63248
1.44203
-2.86055
-6.26255
-10.3915
-17.3259
-22.9704
-27.1202
-23.4027
-11.4874
-4.08527
14.2181
3.87131
4.51845
2.34391
-0.0317419
-2.28531
-0.192831
0.955606
17.4463
7.00398
-0.144235
-1.89941
4.64771
5.0128
3.8712
1.02438
-23.4008
-1.11562
0.367994
-2.39424
-16.4695
-9.97362
-11.3649
-8.0031
-49.5838
-14.201
-9.3971
-20.5337
-7.62849
-5.25358
-10.544
-41.3116
-33.135
-37.5186
-23.4324
-21.105
-19.025
-17.1803
-17.6904
-22.4222
-22.0366
-26.5105
-35.1177
-39.8789
-38.4597
-30.9457
-28.9323
-25.4764
-21.3833
-20.1084
-22.254
-22.0929
-23.6951
-30.4364
-37.9739
-45.6915
-39.5834
-35.5597
-27.5618
-28.712
-29.8399
-32.4608
-31.9837
-33.1635
-34.6722
-34.7921
-46.7401
-49.5139
-37.6224
-39.2369
-37.9786
-37.6833
-44.7099
-33.5455
-28.9385
-31.0478
-35.2929
-38.5998
-43.5569
-47.6626
-52.8353
-45.2189
-33.8752
11.761
17.0259
20.3073
24.2419
25.8747
23.2462
18.2488
17.3823
22.7502
28.2054
27.6127
25.0076
21.7875
17.0379
14.6524
13.5872
13.792
15.0031
16.1327
16.1189
14.2059
13.5672
11.1188
10.8753
6.18921
2.76984
-1.7943
-4.25206
-7.44119
-12.6145
-19.5513
-24.6966
-23.4359
-12.3474
-5.68066
13.5758
3.38262
5.0547
4.28217
4.45285
5.49325
6.53137
4.7654
16.5524
4.74186
-8.37772
-8.6117
3.06771
4.43925
3.91804
0.119008
-22.5658
-1.62836
-0.138188
-2.78059
-16.4524
-10.2603
-11.6779
-8.43768
-42.5235
-14.5211
-9.7471
-21.4091
-8.16475
-5.80684
-10.9301
-42.8002
-33.8006
-39.1127
-24.2368
-21.8743
-19.7521
-17.8199
-18.0817
-23.1478
-22.5381
-27.3594
-37.2826
-45.0717
-45.2563
-33.9845
-31.268
-27.1927
-22.2353
-21.76
-23.7428
-24.1619
-25.3506
-30.9317
-38.1142
-47.0362
-42.8801
-36.42
-28.9032
-30.0391
-31.1844
-34.9363
-36.7498
-39.1416
-38.4241
-36.2279
-46.7038
-47.7317
-37.6413
-38.8901
-39.1471
-37.1174
-44.7862
-33.2111
-29.0143
-31.0074
-34.7234
-37.9257
-42.3575
-45.5479
-50.6207
-44.8297
-42.0672
11.8148
16.8452
19.7015
23.3535
25.0624
22.0162
16.4461
13.277
17.5313
25.9375
25.5242
23.7565
20.2484
17.5956
17.2308
19.258
19.713
18.3308
16.4678
16.502
17.8529
17.9174
17.5341
16.1613
13.7021
11.157
7.75637
4.31313
-0.560886
-8.4636
-16.784
-21.9405
-19.808
-9.54925
-2.98102
14.6605
11.5367
14.7366
14.8182
12.8791
10.238
9.57127
7.69593
17.0475
4.23528
-11.708
-12.3687
2.41661
3.80355
3.26236
0.205992
-21.4103
-1.8277
-0.31334
-3.09541
-16.8414
-10.7184
-11.8909
-8.94211
-40.1981
-14.8864
-10.3058
-21.4005
-8.70451
-6.38043
-11.3609
-45.0005
-34.831
-41.0908
-24.8795
-22.1015
-20.1346
-18.1214
-18.4895
-23.445
-22.859
-27.0191
-37.3207
-46.4597
-48.7973
-35.8857
-33.0239
-29.8314
-23.2237
-22.2847
-26.1143
-26.6071
-29.0793
-38.1422
-48.3252
-52.9185
-42.0716
-36.5235
-29.3626
-30.6201
-31.1983
-32.7843
-32.1951
-34.1923
-36.747
-36.3787
-49.2455
-51.0875
-39.2731
-39.6807
-39.1879
-40.1258
-44.6291
-34.2062
-30.6297
-32.4701
-37.3868
-40.8315
-44.3357
-46.9293
-51.1046
-45.3573
-38.0109
11.1369
14.8525
17.5563
20.1019
20.3926
16.412
10.2045
5.29905
10.2202
21.6728
21.4124
19.6836
17.4608
10.642
7.08052
7.87158
8.39882
9.32267
12.3263
14.4122
14.6845
15.0837
15.7996
17.117
16.3128
14.4181
11.294
8.74751
4.90277
-2.64944
-13.6518
-17.3822
-12.7492
-0.658828
10.0871
20.3486
19.5025
18.3911
13.7655
7.15834
-2.69756
-9.81751
-13.6848
14.9772
1.09299
-13.0525
-12.2587
1.78802
3.39938
2.8539
-0.59061
-24.8992
-2.71706
-1.14417
-3.69443
-17.5513
-11.3826
-12.7285
-9.44429
-47.4214
-15.5047
-10.7945
-21.8958
-8.9801
-6.70066
-11.9821
-46.4443
-36.1618
-43.5123
-25.308
-22.4732
-20.5026
-18.2314
-18.7974
-23.8603
-23.7483
-28.5704
-38.8912
-49.3383
-51.9644
-36.3484
-33.991
-29.5345
-23.8588
-23.2873
-26.6744
-27.9483
-30.0054
-38.2741
-45.3834
-48.0184
-40.0828
-36.7893
-29.9277
-31.0346
-31.4871
-33.5812
-33.7187
-36.0155
-36.6592
-35.6428
-43.6651
-45.7696
-39.1824
-41.1759
-40.7832
-40.4144
-43.5465
-33.5871
-30.0358
-32.5829
-36.4684
-39.7933
-43.7534
-46.0443
-49.2107
-44.7373
-42.9012
10.9084
15.8872
16.6671
16.6381
14.9995
6.75169
0.128745
-2.38788
5.21726
20.0033
19.9209
17.8591
15.7471
6.29837
-1.77448
-3.02117
-1.24029
0.349716
3.12985
3.01972
4.30768
6.39163
6.66747
6.06551
0.764658
2.05668
4.182
5.28059
1.95219
-6.79805
-17.7887
-16.884
-8.79151
3.54825
13.5437
21.6196
19.4215
15.9173
8.29066
-0.399207
-7.83686
-11.2674
-12.083
14.9775
1.6832
-13.4269
-12.5017
1.91912
3.51515
2.96398
-0.368284
-24.9108
-2.62354
-0.97305
-3.65987
-17.697
-11.217
-12.4759
-9.27233
-46.177
-15.4833
-10.5856
-21.9689
-8.94172
-6.60884
-11.8201
-48.8239
-37.0936
-43.2647
-25.26
-22.4973
-20.2617
-18.2996
-18.7906
-23.6147
-23.4449
-27.6805
-36.7178
-43.1763
-45.2932
-35.2675
-32.9909
-28.8543
-23.4538
-22.7749
-26.2825
-27.8331
-29.6357
-37.2827
-44.9253
-50.5572
-43.9697
-38.4123
-30.4428
-33.1768
-34.8269
-39.1804
-38.4983
-39.498
-38.5016
-36.6423
-45.9411
-49.9505
-39.8993
-41.9657
-42.981
-41.607
-45.0227
-34.2469
-30.3633
-32.699
-37.0131
-40.4458
-45.3361
-50.2637
-57.9068
-47.4537
-41.9928
10.9392
14.6377
15.6789
15.2584
12.7786
1.07862
-6.45552
-4.63241
2.31542
19.3779
19.2588
17.5425
14.6435
5.15554
-5.31755
-9.75581
-9.13528
-8.3283
-4.49644
-4.72774
-2.39455
2.36238
3.85395
4.16982
1.8238
3.0787
2.7073
1.36663
-4.07167
-14.2095
-19.8707
-16.1989
-6.01709
8.60377
19.7221
26.5967
25.6127
21.5444
12.5872
1.98154
-12.3835
-22.2738
-20.1265
14.266
0.607142
-14.4621
-12.7057
1.40213
3.00944
2.47258
-0.822514
-25.4818
-3.04596
-1.41473
-4.01826
-18.0258
-11.7498
-13.068
-9.75704
-51.1694
-15.9119
-11.084
-22.2192
-9.46326
-7.08559
-12.2561
-44.8268
-35.9417
-41.9674
-25.5715
-22.6528
-20.4675
-18.6912
-19.1918
-24.2298
-23.8604
-28.6209
-38.0856
-46.6252
-47.9823
-35.9443
-32.6239
-29.3995
-23.7831
-23.0072
-26.2904
-27.0494
-28.6752
-35.7831
-43.2501
-49.4672
-42.6789
-38.5059
-30.7613
-32.5576
-34.6944
-40.6577
-41.819
-42.7454
-40.2272
-37.2218
-46.5823
-48.2735
-38.4028
-40.3967
-40.7532
-40.2501
-48.1072
-35.1009
-31.2741
-33.1436
-37.1406
-40.049
-43.8482
-48.5997
-54.5051
-46.5709
-42.4523
10.1878
15.0444
16.3156
17.3657
16.8757
10.9224
4.04173
-3.96138
2.98609
18.7937
18.807
16.8365
14.2403
3.87387
-8.14211
-11.5402
-10.3353
-10.6963
-7.19455
-6.97699
-3.90677
0.790024
2.4571
2.28189
-3.18635
-4.66389
-7.37974
-7.84713
-10.4236
-16.1259
-19.4438
-14.7226
-1.99432
13.8702
25.8046
32.2981
32.1867
27.8547
17.7785
2.62421
-10.8623
-19.8033
-17.1639
13.9179
0.610174
-14.1702
-12.6917
0.92891
2.69878
2.01963
-1.18144
-25.4221
-3.41958
-1.87045
-4.48562
-18.2872
-12.1614
-13.4951
-10.3052
-52.3718
-16.4061
-11.5386
-22.7263
-9.89851
-7.58971
-12.8102
-45.281
-35.621
-41.4431
-26.0318
-23.3167
-21.1685
-19.424
-19.6362
-24.5847
-24.3997
-29.2605
-39.972
-48.9237
-48.7827
-36.4389
-33.509
-29.5368
-24.2804
-23.4519
-26.5566
-27.672
-30.1027
-38.1152
-43.5891
-46.3759
-41.5734
-38.2861
-30.8449
-32.4198
-35.0156
-38.8286
-38.5961
-38.8072
-37.6105
-35.3507
-42.8496
-47.7641
-41.4393
-44.9128
-44.2565
-42.5582
-39.7632
-31.4941
-28.1875
-29.3437
-32.0976
-34.9192
-37.8129
-39.8095
-41.8993
-39.9888
-36.7647
10.2953
14.5726
16.9515
19.5117
20.3124
16.3777
9.78873
0.111439
-0.876218
19.0275
18.9361
17.1212
14.4017
3.96518
-10.7931
-20.6044
-18.7533
-16.9374
-9.92267
-8.55457
-4.85376
0.134072
1.79107
1.44055
-4.47764
-6.35994
-10.8699
-13.9001
-19.1695
-26.8743
-23.2831
-17.282
-4.98756
11.955
23.7602
30.2273
29.923
25.5992
15.7073
3.23008
-10.6249
-17.5512
-16.3684
14.0823
0.736725
-14.0275
-12.3926
1.14911
2.75348
2.07176
-1.20026
-25.5493
-3.27869
-1.74968
-4.34436
-17.3083
-11.4815
-12.7931
-9.67332
-43.3327
-15.8167
-11.0805
-21.7418
-9.42133
-7.1649
-12.2913
-41.3932
-33.2364
-37.2072
-24.8188
-22.6271
-20.7355
-19.0401
-19.4937
-24.1789
-23.9268
-28.5338
-37.0853
-41.4971
-40.3829
-33.0589
-31.4136
-28.8152
-23.7388
-23.2935
-26.8933
-27.5431
-28.0905
-32.5487
-35.9179
-38.7834
-37.0303
-34.6888
-29.6918
-31.6346
-33.1731
-35.356
-34.8456
-36.7336
-37.5078
-35.4118
-40.3275
-42.3138
-37.7112
-39.5974
-38.4007
-37.5142
-45.7888
-34.7017
-31.1597
-33.1981
-37.1649
-41.0152
-44.6446
-46.7495
-48.894
-43.6757
-37.5935
10.7326
15.0489
17.5354
20.1706
20.9608
17.1237
10.5029
1.03979
1.26029
19.0447
18.9644
17.0599
14.3441
3.40895
-12.3943
-26.3595
-22.242
-18.6073
-10.2155
-9.36522
-4.92166
0.204174
1.92138
1.55148
-4.2303
-6.10229
-11.0314
-14.7984
-21.8077
-32.5466
-27.0052
-21.2142
-12.6834
1.21493
12.2213
21.2522
19.4572
16.3821
8.97886
-1.02027
-11.4362
-15.566
-12.4089
14.4326
1.32683
-12.5429
-11.7553
1.28695
2.89799
2.28293
-1.08803
-25.0975
-3.13934
-1.59257
-4.26686
-18.3378
-11.9644
-13.2684
-9.94555
-56.1869
-16.1724
-11.3286
-22.4529
-9.60316
-7.2751
-12.4098
-44.8802
-35.7503
-40.886
-25.3384
-22.7813
-20.6587
-18.958
-19.1759
-24.1085
-23.7623
-28.8654
-38.8328
-46.6475
-48.0193
-35.9632
-33.197
-29.8809
-24.0861
-23.6318
-26.6891
-27.2759
-28.841
-36.2976
-44.3328
-50.857
-42.2162
-38.3408
-31.1675
-33.1805
-35.2176
-41.1437
-41.9325
-42.6526
-38.5804
-35.6267
-42.316
-47.9912
-40.2269
-41.9669
-42.021
-40.9359
-45.1127
-34.719
-31.2167
-32.8568
-37.2525
-40.281
-45.2806
-49.4247
-53.6795
-45.6539
-44.4857
10.0396
14.5691
15.8588
17.2849
17.296
12.4174
5.83921
-2.64829
3.04273
18.6608
18.584
16.7562
14.0625
3.47244
-11.1655
-19.9731
-17.1548
-15.6029
-9.19954
-7.76451
-4.00686
0.503289
1.45911
1.12044
-5.31327
-6.65995
-11.7705
-15.2492
-22.365
-32.1343
-27.4077
-23.7938
-16.5063
-3.05168
7.6201
18.826
17.7761
16.5443
11.1017
2.98551
-7.85167
-15.6372
-16.0473
13.8157
0.323857
-14.4046
-12.7896
0.860223
2.36024
1.82399
-1.42602
-25.4152
-3.56847
-2.03383
-4.7257
-18.6965
-12.278
-13.511
-10.3234
-49.0051
-16.3766
-11.5926
-22.6309
-9.97593
-7.61986
-12.7696
-43.6269
-36.0509
-41.9868
-26.093
-23.3759
-21.3523
-19.3947
-19.6944
-24.7209
-24.488
-29.1072
-39.1796
-47.0874
-48.0923
-36.4966
-34.6491
-30.01
-24.5868
-23.7123
-26.8634
-27.6448
-29.2846
-37.0378
-45.709
-54.7315
-45.0365
-39.2862
-31.0509
-32.8263
-34.8176
-41.5467
-45.4184
-48.2917
-43.1952
-38.5123
-47.4229
-49.1558
-39.7365
-42.8803
-43.2266
-42.0277
-44.8064
-35.1159
-31.4763
-33.6849
-38.3786
-42.0051
-46.4478
-49.4362
-54.837
-47.5542
-44.1991
9.53517
13.7409
14.6986
14.4597
12.2735
2.48359
-4.29411
-6.23303
0.690637
18.3156
18.2171
16.4052
13.6991
2.91319
-10.9439
-18.339
-15.424
-12.4941
-8.0893
-7.21721
-4.67378
0.197827
1.80353
1.24394
-4.73637
-7.24695
-12.8133
-16.7115
-24.7356
-38.9313
-29.6146
-25.5788
-15.3607
-1.33825
12.1206
21.9316
22.405
21.0193
15.6228
7.33584
-2.88829
-10.294
-14.5837
13.321
-0.452612
-15.0579
-13.5568
0.433182
2.09683
1.4821
-1.87453
-26.3136
-4.03318
-2.43023
-5.03608
-19.2483
-12.6926
-13.8988
-10.7805
-49.7614
-16.944
-12.1168
-23.2624
-10.4025
-8.02686
-13.2103
-47.1502
-37.5547
-44.8552
-26.7582
-23.993
-22.0753
-20.0339
-20.321
-25.2899
-24.9067
-29.5234
-40.2176
-48.5347
-46.8894
-36.0878
-34.2103
-31.1038
-25.0766
-24.1578
-27.5879
-28.7629
-31.3482
-40.4331
-48.0537
-50.4757
-43.1768
-39.3658
-31.3363
-32.1655
-33.7335
-39.9521
-43.8217
-45.8895
-42.0295
-38.042
-44.869
-49.1639
-41.1338
-42.5636
-43.4222
-42.3916
-44.3855
-35.1917
-31.6854
-33.4239
-37.4378
-41.1112
-45.9728
-50.3889
-56.4917
-47.1777
-44.4165
9.79446
13.8884
14.5165
13.8751
11.2699
-0.521705
-7.86235
-5.95588
0.906799
18.4117
18.2656
16.4509
13.679
2.93419
-12.8084
-22.5331
-16.9135
-11.2471
-5.21995
-3.99227
-2.71279
0.45895
1.70931
1.67388
-3.79682
-5.69134
-9.89126
-13.1512
-19.8598
-29.6954
-27.9703
-26.1299
-18.3159
-3.8493
8.79914
19.8616
19.5211
18.1979
12.5224
3.6487
-7.97882
-15.1014
-16.938
13.4588
0.0771154
-15.7401
-13.9696
0.499609
2.10869
1.61807
-1.7482
-26.5419
-3.90594
-2.33451
-4.95088
-18.96
-12.6498
-13.8841
-10.6612
-55.2235
-16.8176
-12.0207
-23.137
-10.2572
-7.86564
-13.0486
-46.0439
-37.3279
-43.9322
-26.5777
-23.8342
-21.7824
-19.6147
-20.0982
-25.2414
-24.8151
-29.2679
-38.8906
-47.3532
-49.8138
-36.6084
-34.4244
-30.1938
-24.7727
-23.796
-27.0775
-28.7408
-31.1804
-40.4457
-49.7756
-53.6292
-44.1889
-38.899
-30.9272
-32.2537
-33.8959
-40.6497
-44.1263
-44.7776
-40.0268
-36.6877
-43.1087
-46.7402
-39.9836
-42.1786
-42.8363
-41.6789
-45.3496
-34.7714
-30.6514
-32.7601
-36.9036
-39.8663
-45.516
-51.0247
-55.6326
-45.4913
-42.422
9.90884
14.2035
15.3927
16.1003
15.5899
9.2307
2.61171
-4.80136
-0.930356
18.4387
18.2899
16.5295
13.7084
2.66458
-12.6887
-20.4861
-15.1132
-10.5872
-5.57994
-5.07541
-3.75847
0.120054
1.48634
1.11337
-3.99051
-5.09538
-8.51902
-11.3627
-17.7311
-28.0363
-30.0349
-28.7734
-19.0671
-0.252731
12.2956
21.5283
20.7805
18.0017
10.3145
-0.380534
-11.3933
-16.8351
-15.9707
13.5064
0.0146896
-15.4564
-13.4125
0.709299
2.2546
1.59468
-1.67024
-26.2164
-3.81859
-2.23993
-4.81095
-18.7339
-12.537
-13.8894
-10.5978
-55.4242
-16.8277
-11.9894
-23.0131
-10.2346
-7.88856
-13.0569
-44.9392
-36.8114
-42.4564
-26.3317
-23.3402
-21.4107
-19.5264
-20.0362
-24.9738
-24.5373
-28.93
-37.8337
-45.8206
-48.0702
-36.7289
-34.1147
-30.0725
-24.9365
-23.9144
-27.4164
-28.9449
-30.9443
-40.1125
-47.3831
-49.4708
-42.1543
-37.7838
-30.6796
-31.4977
-32.5996
-37.6167
-39.6758
-40.1221
-37.4351
-35.4589
-43.6599
-46.3675
-38.0817
-37.3394
-36.4183
-36.8169
-45.7722
-34.6518
-31.1112
-32.6897
-36.5072
-39.6466
-43.4015
-47.0046
-51.177
-45.9239
-43.2206
9.53974
13.8498
15.3673
17.0827
17.0685
12.3247
5.7389
-2.1564
1.62032
18.0351
17.9049
16.1291
13.2514
2.3978
-14.8316
-31.757
-22.2876
-15.1426
-8.05121
-7.52287
-5.53728
-0.973224
0.724637
0.789769
-4.69582
-5.68882
-8.9612
-11.982
-18.5943
-29.96
-29.8476
-29.1318
-21.1725
-5.45009
5.31459
16.0985
11.4914
7.80692
-0.701136
-7.69124
-18.4664
-21.9624
-18.4465
13.1564
-0.680101
-15.9228
-13.5278
0.242362
1.87947
1.10227
-2.00182
-26.3101
-4.21558
-2.59133
-5.26788
-19.2169
-12.9041
-14.1362
-11.041
-52.4287
-17.0964
-12.2282
-23.5769
-10.5598
-8.23114
-13.3749
-46.5765
-37.5226
-43.6969
-26.6001
-23.7807
-21.659
-19.9778
-20.3659
-24.7319
-24.5131
-28.8077
-38.5589
-45.7384
-47.1552
-36.6473
-34
-30.8223
-25.241
-24.6818
-28.8698
-30.2048
-32.3512
-41.0678
-48.4501
-51.4555
-43.3077
-39.5698
-32.242
-34.4483
-37.2011
-43.6323
-44.2094
-42.6106
-38.7651
-36.2925
-45.7864
-51.1167
-41.7127
-44.514
-43.2414
-41.7243
-44.0236
-33.8797
-30.5167
-31.8299
-34.1571
-35.956
-38.7105
-40.9841
-42.2479
-39.3064
-35.8344
9.10437
13.317
14.855
15.8909
15.4513
9.75088
3.22746
-4.10029
0.488368
17.6984
17.5517
15.7642
12.9017
1.90583
-15.4638
-33.3263
-24.4293
-18.769
-10.7013
-9.51522
-6.71557
-1.81895
0.18018
-0.0552466
-6.00673
-7.64871
-11.5077
-14.3897
-20.9499
-31.5939
-30.0359
-30.8729
-26.2307
-5.48428
7.92344
18.9987
18.1279
15.8825
8.36584
-2.69278
-8.82598
-10.0011
-10.0454
13.034
-0.00446527
-13.2876
-12.9863
-0.198005
1.52906
0.817495
-2.31534
-25.9014
-4.49512
-2.99523
-5.53803
-19.209
-13.052
-14.2443
-11.1853
-41.749
-17.0027
-12.3755
-23.1105
-10.7863
-8.45656
-13.6419
-39.8954
-34.7099
-39.0565
-26.3177
-23.5346
-21.809
-19.9684
-20.4499
-24.8668
-24.5369
-28.9227
-36.9824
-42.4377
-43.7619
-36.4541
-33.9195
-29.9735
-25.1571
-24.4851
-28.186
-29.3109
-30.7379
-37.1644
-42.2984
-44.2992
-40.1044
-36.762
-30.8154
-32.6543
-35.2753
-42.0717
-44.2959
-44.4602
-40.051
-36.5779
-40.2235
-39.6769
-35.9946
-37.3704
-38.1404
-37.5216
-45.1977
-34.8039
-31.3677
-32.9996
-36.0559
-38.4319
-40.6567
-42.2742
-44.2392
-42.2518
-41.8375
9.21672
13.3979
14.0858
13.6246
11.3643
1.14895
-5.58255
-7.52639
-0.892222
17.8159
17.6602
15.8776
13.0071
2.02493
-15.5357
-38.428
-26.2982
-19.5421
-10.8509
-9.84908
-6.79968
-1.50669
0.312533
0.0557797
-6.25021
-8.21472
-13.2956
-17.1586
-25.4833
-41.1795
-32.2599
-30.7337
-23.9551
-7.87591
4.19391
16.017
12.8086
10.5194
3.91281
-2.99836
-9.25451
-10.6081
-11.1394
13.0949
-0.462197
-15.2138
-13.5325
-0.0663348
1.69686
0.928415
-2.26827
-26.7088
-4.43361
-2.85804
-5.47494
-19.358
-13.0289
-14.3489
-11.185
-50.8455
-17.2934
-12.4215
-23.5494
-10.7562
-8.40354
-13.5887
-42.9606
-35.9718
-41.9996
-26.6457
-24.097
-21.8962
-20.1897
-20.562
-25.0327
-25.0286
-29.7435
-39.0684
-43.1914
-41.9808
-35.2289
-33.9509
-30.85
-24.921
-24.191
-27.7187
-29.4378
-31.9884
-41.2382
-50.0722
-51.9054
-43.0756
-38.3737
-31.4617
-33.6124
-36.3354
-44.7969
-46.1788
-44.0285
-39.5931
-36.6054
-43.6171
-45.322
-39.233
-41.0647
-41.8828
-40.8631
-47.1704
-35.8404
-31.9491
-34.0096
-37.2649
-40.4064
-43.5119
-46.2861
-49.3319
-45.3699
-43.8049
9.29301
13.463
13.8926
13.0297
10.4082
-2.28668
-9.00269
-7.4102
-0.443056
17.8745
17.7432
15.9509
13.0962
1.9939
-15.6134
-38.9112
-22.3908
-12.7104
-5.77708
-5.09263
-4.56276
-1.25993
0.348912
0.107982
-6.36597
-8.65664
-14.6312
-18.9666
-28.3785
-47.8812
-32.6839
-32.3293
-25.5601
-10.0043
1.37826
14.4979
9.40533
6.71549
0.282692
-3.99362
-5.82917
-6.57856
-8.92186
13.1387
-0.488425
-15.6466
-13.7116
0.0711542
1.74229
1.10157
-2.20724
-26.7033
-4.35535
-2.85176
-5.3588
-19.339
-12.9535
-14.3033
-11.1984
-56.6897
-17.1823
-12.4141
-23.5134
-10.6784
-8.33976
-13.4726
-44.4059
-37.0423
-43.9119
-26.8573
-24.1281
-21.8404
-20.0721
-20.4454
-25.1777
-24.8364
-29.6574
-39.9395
-46.9017
-45.6672
-35.8661
-34.5317
-31.0333
-25.1524
-24.3273
-28.375
-30.2392
-33.0963
-42.7087
-47.0536
-46.9889
-41.9423
-38.6892
-31.9841
-34.9155
-38.1495
-45.7522
-46.2512
-43.9636
-39.6504
-37.029
-44.1263
-47.1186
-40.717
-43.2108
-43.3437
-42.6928
-46.4168
-36.1205
-32.4756
-34.5566
-38.1397
-41.6169
-46.3312
-48.9783
-50.9462
-44.9728
-42.4593
9.07181
13.4568
14.5288
14.8774
13.5711
6.19241
-0.454552
-6.12097
0.388759
17.5661
17.423
15.6248
12.7856
1.63525
-16.0963
-37.3991
-18.2297
-7.90808
-1.60275
-1.2192
-2.60598
-1.07633
-0.266433
-0.251424
-6.71583
-9.02221
-14.9167
-19.4
-28.2906
-47.1524
-32.9791
-31.458
-26.187
-10.6185
0.168545
13.6677
7.668
5.24838
-0.623736
-3.79731
-7.74919
-9.42354
-11.0885
12.9072
-0.463611
-15.9274
-14.2529
-0.328701
1.34542
0.738377
-2.43134
-26.7516
-4.64474
-3.07151
-5.67419
-19.7072
-13.3504
-14.6709
-11.4123
-56.5727
-17.7622
-12.7154
-23.6783
-10.9939
-8.61125
-13.7772
-46.5455
-37.3855
-43.5529
-27.2056
-24.6032
-22.5817
-20.6033
-21.0327
-25.7296
-25.36
-29.2062
-37.5623
-42.55
-43.7456
-35.8783
-34.3126
-30.9292
-25.4956
-24.8893
-29.038
-30.93
-34.0759
-44.7702
-55.9825
-57.2698
-44.7472
-39.6086
-32.4199
-35.017
-36.94
-42.235
-41.7656
-40.3846
-37.5983
-35.8063
-44.7059
-51.3817
-41.5448
-44.671
-43.9261
-42.2137
-45.9658
-36.36
-32.6778
-34.655
-38.0481
-40.7759
-43.8949
-46.4714
-47.8015
-43.6152
-35.9144
8.95737
13.323
14.7987
15.6123
14.7799
8.56932
1.81408
-4.90587
-0.118503
17.2646
17.1329
15.3456
12.4715
1.29466
-16.5184
-35.7701
-16.7291
-5.96349
0.0349604
0.420782
-1.48795
-1.16559
0.0481454
-0.637201
-6.9789
-9.34633
-15.3182
-19.7002
-28.6255
-45.7183
-31.7185
-27.6842
-22.3209
-9.86818
-1.27729
12.7006
5.71248
4.37365
1.29746
-1.15357
-5.59039
-8.34625
-9.68399
12.8466
-0.130301
-14.1392
-13.8387
-0.347526
1.19038
0.41771
-2.7649
-26.8661
-4.96383
-3.37273
-5.98959
-19.6372
-13.5516
-14.819
-11.5793
-47.6508
-17.6739
-12.8793
-23.8368
-11.3461
-9.00327
-14.242
-47.2915
-37.5643
-43.1355
-27.3314
-24.8545
-22.787
-20.8969
-21.332
-26.02
-25.6303
-29.8194
-39.0757
-45.1541
-45.9821
-36.5426
-34.6937
-30.968
-25.9247
-25.3981
-29.027
-30.8224
-33.5339
-44.3311
-53.8093
-53.2119
-43.489
-39.1062
-32.3477
-35.1981
-37.9667
-43.491
-41.4493
-38.28
-34.8225
-32.9377
-38.2546
-43.4021
-40.9355
-45.1817
-45.0729
-43.9564
-45.8311
-35.7013
-32.5002
-34.1299
-38.5723
-41.5436
-45.2087
-48.0509
-50.3791
-44.9083
-41.888
8.86403
13.055
14.0235
13.9249
12.1826
3.92186
-2.646
-6.66444
-1.4965
17.3839
17.2379
15.4729
12.6256
1.40693
-16.4472
-38.7823
-19.5653
-9.01645
-2.60178
-2.05467
-2.95747
-1.30328
-0.419031
-0.462313
-7.04423
-9.27424
-15.2608
-19.4922
-28.1273
-42.8447
-31.4282
-28.9426
-25.5744
-15.609
-11.2347
10.008
-4.06782
-1.0953
-0.990746
-1.86137
-6.72236
-11.2613
-14.4673
12.4472
-1.06571
-16.7483
-14.4796
-0.417491
1.14634
0.556276
-2.68873
-26.6914
-4.83148
-3.15697
-5.8524
-19.2306
-13.3982
-14.724
-11.4762
-50.4305
-17.7619
-12.9144
-23.8677
-11.2765
-8.92417
-14.0949
-46.6402
-37.7155
-44.2397
-27.4944
-24.7471
-22.751
-20.726
-21.2041
-26.2709
-25.8012
-30.2996
-40.3663
-46.4557
-47.3103
-37.4324
-34.9852
-31.289
-25.8127
-25.2478
-29.0034
-30.5379
-33.1136
-43.5687
-52.2375
-51.6773
-42.7275
-39.055
-32.3758
-35.1845
-38.6115
-46.0009
-45.358
-42.603
-38.1605
-35.3815
-41.3832
-46.5945
-42.2923
-45.3599
-45.4917
-43.2631
-40.0998
-33.4029
-30.7598
-33.0175
-37.0535
-39.4006
-41.8056
-42.8431
-44.6575
-42.5439
-41.1378
8.94337
13.0173
13.3824
12.3364
9.37416
-5.73113
-12.4488
-8.53036
-0.358274
17.5142
17.3839
15.6024
12.7398
1.58107
-16.0505
-41.861
-26.1485
-18.4541
-10.1223
-8.95515
-6.71546
-1.97589
-0.0829902
-0.383196
-6.44282
-8.43889
-13.4094
-17.1385
-25.0305
-37.2013
-30.8298
-33.402
-33.9398
-17.7008
-11.6621
9.97791
-6.68083
-6.59212
-8.67602
-8.45882
-15.8039
-20.2975
-18.6618
12.5841
-1.02126
-16.6269
-14.4638
-0.339296
1.31863
0.725423
-2.57834
-25.8669
-4.67586
-3.11707
-5.7138
-19.3594
-13.2715
-14.4613
-11.3349
-44.0799
-17.5193
-12.7544
-23.719
-11.111
-8.68293
-13.742
-41.9532
-36.5753
-42.4356
-26.8685
-24.1466
-22.4322
-20.6487
-20.806
-25.6912
-25.5027
-30.2078
-39.6897
-46.0801
-44.658
-35.6174
-33.6054
-30.6752
-25.7839
-25.2037
-29.1212
-30.2804
-32.3829
-39.7979
-43.6164
-44.9131
-41.0376
-38.2221
-31.542
-33.4017
-36.0313
-41.0089
-41.0201
-39.4733
-36.1922
-34.1574
-39.4217
-42.3242
-39.4603
-41.5477
-42.4476
-41.4714
-42.1983
-34.3494
-31.2409
-33.5241
-37.4523
-40.1272
-42.8022
-45.3893
-49.498
-45.2143
-43.3333
9.04016
13.1552
13.7319
13.242
11.0172
0.65939
-5.89154
-7.30344
0.327865
17.621
17.5085
15.7162
12.8833
1.71322
-15.3011
-35.1344
-26.6437
-19.9659
-11.3734
-9.84366
-6.5315
-1.78563
-0.0326058
-0.0800678
-6.08448
-7.91859
-12.9767
-17.301
-25.9816
-41.5954
-32.1594
-34.4573
-36.6227
-19.5208
-14.0318
9.71586
-9.74195
-9.06178
-11.6801
-11.2497
-20.0003
-24.6856
-20.3292
12.7453
-0.994766
-16.7514
-14.3582
-0.177705
1.50406
0.817341
-2.47067
-26.5447
-4.60384
-3.0443
-5.56823
-19.4376
-13.2539
-14.4978
-11.3014
-47.652
-17.2905
-12.7349
-23.842
-10.9913
-8.61757
-13.8046
-44.3028
-37.0701
-43.3539
-27.0918
-24.3294
-22.4829
-20.5625
-20.9674
-25.7137
-25.2855
-29.6903
-39.5124
-45.8119
-45.2156
-35.7186
-33.5244
-30.2017
-25.161
-24.4516
-28.2461
-29.9272
-32.6065
-40.9551
-46.1207
-48.2689
-43.1419
-38.9757
-31.8003
-34.1521
-36.5225
-42.4951
-41.2485
-38.3251
-35.0378
-33.8834
-41.1011
-46.9562
-40.6899
-43.3794
-43.8714
-43.0818
-45.0003
-35.6708
-31.7786
-34.018
-38.4394
-41.7795
-45.1138
-48.8553
-53.9964
-47.4486
-46.0961
8.83285
12.9998
13.8816
13.9967
12.7454
5.15727
-1.28575
-6.28532
-1.30783
17.4312
17.2647
15.4716
12.6774
1.5178
-15.6701
-35.3898
-25.816
-20.6657
-11.9797
-10.328
-7.21033
-1.96271
-0.15109
-0.360546
-6.59696
-8.93891
-14.8092
-19.6584
-28.8027
-50.8327
-33.7536
-36.6372
-40.3544
-20.5555
-17.4785
9.23901
-13.1259
-10.5462
-12.3658
-11.5899
-21.3462
-27.2931
-21.435
12.4759
-1.37131
-17.2688
-14.759
-0.494761
1.19983
0.567138
-2.72104
-27.0971
-4.82772
-3.29155
-5.86364
-19.743
-13.5853
-14.7083
-11.6531
-54.3525
-17.8661
-12.8555
-24.1687
-11.2824
-8.82687
-14.0569
-45.9318
-37.0301
-42.9825
-27.3053
-24.7326
-22.7127
-20.783
-21.1845
-26.1766
-25.7147
-30.1464
-40.8827
-50.4321
-50.004
-37.5879
-34.7141
-30.7782
-25.33
-24.8478
-28.4447
-29.8909
-32.7745
-41.3914
-47.8085
-50.1504
-44.0734
-39.4036
-32.3606
-34.204
-37.7287
-45.4482
-45.7239
-40.6064
-35.3409
-33.3756
-38.7043
-42.4533
-38.695
-41.4351
-42.0512
-40.6496
-42.3934
-34.8867
-31.624
-33.6585
-38.0908
-41.9329
-46.4403
-48.9425
-53.1541
-47.6028
-45.4173
8.60587
12.681
13.2932
12.9547
10.9426
1.29636
-5.35447
-7.40064
-0.52712
17.1965
17.0689
15.29
12.3996
1.23545
-16.5814
-42.5575
-27.8242
-20.7797
-11.96
-10.5927
-7.37249
-2.3368
-0.307774
-0.532512
-7.03892
-9.38458
-15.4979
-20.0505
-29.2087
-52.1796
-34.2541
-38.3273
-46.5186
-22.5559
-20.0597
8.77366
-20.2346
-15.0417
-15.4786
-12.7324
-22.8085
-29.0372
-22.2597
12.2354
-1.6069
-17.5212
-15.0332
-0.695893
0.999219
0.368861
-2.8853
-27.4748
-5.02357
-3.52485
-6.06413
-20.0192
-13.7587
-14.935
-11.9239
-55.3238
-18.0359
-13.1285
-24.3296
-11.4894
-9.07742
-14.2749
-46.3855
-37.6769
-44.7988
-27.7512
-24.9578
-22.8662
-20.8811
-21.3878
-26.2283
-25.8878
-30.3128
-40.487
-48.6781
-49.9217
-38.3953
-36.1005
-31.9339
-26.0998
-25.6216
-29.3551
-30.4584
-33.0475
-41.9291
-48.3033
-50.8184
-44.3815
-39.9661
-32.6877
-34.0861
-36.3828
-43.4549
-45.6331
-44.4088
-39.8941
-37.5312
-43.9338
-46.4574
-40.3325
-42.0641
-40.8399
-38.9748
-43.9761
-35.3073
-31.7714
-34.0251
-38.5694
-42.0196
-46.5393
-50.1613
-53.6567
-47.0589
-44.5933
8.72944
12.8479
13.1912
12.0612
8.91669
-6.99496
-12.4665
-8.12625
-0.0704116
17.3866
17.2854
15.4245
12.6051
1.50855
-15.8401
-36.523
-27.9542
-22.4162
-13.0536
-11.3509
-7.68301
-2.19696
-0.277137
-0.483577
-6.95713
-9.48385
-15.4456
-19.9444
-29.0863
-48.5191
-33.7077
-37.6728
-48.7896
-22.5298
-21.2148
8.88453
-25.18
-17.0478
-16.1516
-12.6387
-22.08
-28.4224
-21.9591
12.3997
-1.44865
-17.3177
-14.8803
-0.496763
1.21321
0.590624
-2.60481
-25.5734
-4.71379
-3.17865
-5.83768
-19.6491
-13.4786
-14.7776
-11.5867
-47.1799
-17.6205
-12.9336
-24.052
-11.217
-8.94329
-14.0501
-47.381
-37.7375
-43.7029
-27.2727
-24.8757
-22.6532
-20.6939
-21.0947
-26.1209
-25.8282
-30.5348
-41.089
-50.2821
-50.7635
-37.7439
-34.8802
-31.0041
-25.8624
-25.4777
-29.2607
-30.8163
-33.2183
-44.1062
-53.9009
-54.8302
-44.8476
-40.0148
-32.1838
-34.0523
-36.1911
-43.6854
-46.0769
-46.363
-41.9667
-38.3341
-45.668
-49.0966
-42.2372
-45.9229
-45.8982
-42.7608
-45.6855
-35.0187
-31.3811
-33.2884
-37.2796
-39.6815
-43.5951
-47.199
-51.7827
-46.9419
-44.3887
9.28155
13.3462
13.7034
12.7548
9.8019
-3.47337
-9.29761
-6.94654
0.155085
17.8821
17.7652
15.9527
13.0945
1.95205
-15.2104
-35.8464
-27.7059
-22.6438
-12.882
-11.244
-7.19458
-1.77831
0.245436
-0.0210329
-6.50303
-8.90973
-14.9205
-19.4635
-28.7019
-49.8591
-33.6619
-38.2304
-49.5431
-22.1268
-20.7888
9.41365
-25.6399
-16.8528
-15.9004
-12.2358
-21.8673
-28.3427
-21.7012
12.9512
-0.896886
-16.8414
-14.1731
0.0304842
1.69224
1.10418
-2.16329
-25.0867
-4.21192
-2.69859
-5.30155
-19.3295
-12.955
-14.2534
-11.1291
-48.9606
-17.3026
-12.4196
-23.7642
-10.7183
-8.43686
-13.5628
-45.6182
-37.1878
-42.2577
-26.587
-23.9792
-21.95
-20.1511
-20.5306
-25.232
-25.028
-29.7166
-40.0914
-48.2614
-49.2288
-37.3135
-34.8624
-31.1111
-25.5487
-25.0733
-29.034
-30.4041
-32.9878
-42.7501
-50.9573
-53.3214
-44.0558
-39.7635
-32.3738
-34.3058
-36.6984
-43.6373
-44.6774
-43.726
-39.3132
-36.3972
-42.6626
-45.9786
-41.1394
-44.6469
-46.2603
-41.9025
-47.3766
-35.6457
-31.9585
-33.9664
-38.0457
-40.7499
-44.8768
-48.9791
-53.873
-47.2538
-45.2359
9.13381
13.1472
13.4724
12.545
9.74934
-3.23459
-9.47919
-8.22961
-0.45428
17.722
17.5849
15.8156
12.94
1.66574
-16.2234
-55.8501
-30.5347
-24.1071
-13.2281
-11.5783
-7.3769
-1.92745
0.0919152
-0.121707
-6.66266
-9.02842
-15.1682
-19.7278
-29.1311
-53.3929
-34.1239
-38.3319
-51.1317
-22.4467
-21.0401
9.23986
-26.0937
-17.3093
-16.6709
-12.9299
-23.4944
-29.7258
-22.2675
12.7977
-1.0542
-17.1568
-14.4914
-0.128355
1.55137
0.884906
-2.36653
-26.8474
-4.51064
-2.95776
-5.54041
-19.6849
-13.2038
-14.4695
-11.318
-53.3447
-17.4372
-12.6164
-23.8689
-10.9379
-8.57577
-13.7035
-48.343
-38.1073
-44.0585
-26.9853
-24.2564
-22.3312
-20.483
-20.8079
-25.5751
-25.3319
-30.1902
-40.7433
-50.2735
-51.493
-37.8865
-35.6505
-31.6241
-25.7993
-25.2216
-29.5155
-31.1576
-33.6949
-44.4676
-55.1053
-58.1326
-45.9354
-40.3605
-32.7936
-35.2367
-38.2681
-47.7385
-50.5474
-49.3354
-42.8869
-38.4771
-46.1962
-48.4509
-41.4586
-44.9236
-45.7846
-41.7901
-50.0141
-36.7045
-32.676
-34.8702
-39.5582
-43.0514
-48.6332
-55.0489
-66.2512
-50.8923
-48.1777
9.0008
13.0099
13.2307
11.8958
8.56701
-8.80694
-14.9353
-9.23017
-0.492153
17.6071
17.4669
15.6973
12.8211
1.54935
-16.4176
-66.0064
-30.8325
-24.3742
-13.4086
-11.6758
-7.55355
-2.03711
-0.0594848
-0.251175
-6.76332
-9.14819
-15.317
-19.838
-29.3317
-58.1413
-34.6716
-39.4019
-58.2353
-22.8077
-21.354
9.11829
-26.3018
-17.5526
-16.8605
-13.0342
-23.6836
-30.1128
-22.4743
12.6858
-1.18615
-17.3584
-14.6484
-0.278237
1.42317
0.761459
-2.49604
-27.2818
-4.64089
-3.09186
-5.68274
-19.8752
-13.3458
-14.6344
-11.4691
-60.8208
-17.6611
-12.7609
-24.2056
-11.0584
-8.71211
-13.8972
-51.2194
-38.9154
-46.5192
-27.5509
-24.8198
-22.716
-20.7729
-21.0938
-26.0759
-25.7308
-30.7163
-42.1099
-55.0369
-56.1205
-38.7188
-35.9651
-31.8283
-26.0283
-25.4885
-29.7467
-31.4348
-34.2985
-46.5393
-63.226
-70.2008
-47.5035
-41.803
-33.4587
-36.0752
-39.8858
-53.3756
-60.3854
-58.9144
-46.5433
-40.5818
-52.1368
-57.5604
-44.0597
-47.5455
-47.9681
-42.3718
-50.8634
-36.7212
-32.6329
-34.8427
-39.5591
-43.2436
-49.148
-56.2817
-70.9846
-51.1238
-47.814
9.24223
13.2474
13.3745
11.9311
8.26592
-12.3378
-18.3609
-9.25493
-0.35485
17.8371
17.7057
15.928
13.0477
1.78329
-16.2224
-69.0423
-30.7445
-24.184
-13.2015
-11.4729
-7.3293
-1.81123
0.199524
-0.0190858
-6.55886
-8.91757
-15.063
-19.6378
-29.2636
-61.1395
-34.69
-39.4787
-60.8439
-22.5825
-21.1281
9.3624
-26.2217
-17.3621
-16.6981
-12.7965
-23.5449
-29.9775
-22.2604
12.924
-0.949153
-17.1154
-14.4137
-0.0524227
1.65924
0.976843
-2.25064
-27.1744
-4.41773
-2.8469
-5.46505
-19.6389
-13.1617
-14.4347
-11.2425
-65.4997
-17.3838
-12.5334
-23.9719
-10.836
-8.49323
-13.6762
-51.9215
-38.8328
-47.0929
-27.3733
-24.6588
-22.4995
-20.5276
-20.836
-25.8957
-25.5392
-30.4536
-42.136
-55.1216
-57.0689
-38.5658
-35.8329
-31.6553
-25.8436
-25.3181
-29.6209
-31.4092
-34.1602
-46.7695
-66.3181
-74.9819
-47.6692
-41.7344
-33.2914
-35.9898
-39.7606
-53.9666
-63.7129
-64.8441
-47.8041
-41.2111
-54.8566
-62.66
-44.3604
-48.2615
-48.4908
-42.0889
-50.954
-36.5276
-32.3815
-34.6311
-39.4072
-43.1315
-49.1622
-56.424
-76.2335
-51.2185
-47.7998
9.4933
13.4935
13.6283
12.1457
8.52949
-12.1302
-18.0389
-9.00715
-0.0953865
18.096
17.9494
16.1955
13.3043
2.04735
-15.9013
-58.2198
-30.2826
-23.9625
-12.9499
-11.2178
-7.07726
-1.54173
0.444347
0.232935
-6.29693
-8.6884
-14.7944
-19.4287
-28.9747
-62.3704
-34.4786
-39.3606
-61.3728
-22.3739
-20.96
9.60666
-25.9918
-17.0455
-16.3632
-12.5086
-23.1439
-29.7077
-22.0289
13.1795
-0.687892
-16.8418
-14.175
0.21578
1.90119
1.25085
-1.99056
-26.6572
-4.14603
-2.58478
-5.2041
-19.361
-12.8773
-14.2075
-10.9823
-63.4685
-17.1564
-12.2746
-23.7426
-10.6112
-8.22802
-13.4521
-51.8816
-38.6337
-46.8872
-27.1223
-24.3931
-22.2566
-20.2713
-20.6132
-25.68
-25.3058
-30.2595
-41.8971
-55.325
-57.0853
-38.4053
-35.6058
-31.4133
-25.5999
-25.0469
-29.4116
-31.1202
-33.9327
-46.7188
-66.6974
-74.6566
-47.2799
-41.3742
-32.9708
-35.7092
-39.5788
-54.2017
-64.3056
-65.8099
-47.7551
-41.0478
-56.2252
-67.2735
-44.3941
-48.1477
-48.332
-41.5715
