80
-11.4387
-9.37933
4.51782
10.8149
11.2924
8.7091
7.99629
7.47864
3.52465
-3.71834
-6.53979
-0.105476
13.4057
20.3836
23.1753
35.5434
40.5324
46.0293
46.0717
44.2222
39.4811
36.144
36.5991
33.0016
28.7468
10.8677
2.21629
32.8861
49.0189
60.5157
65.1535
65.1154
60.0825
49.3341
45.467
44.741
38.1551
33.3489
37.0188
37.0911
28.4768
36.3617
38.3875
43.026
40.8889
39.5945
36.0824
34.6355
34.8434
31.3776
27.8481
28.3603
26.7452
36.8701
46.8528
49.7688
48.0098
39.7636
28.1921
26.3644
21.5309
17.4805
18.3416
21.0858
5.64757
-2.12073
19.0564
29.4842
34.0388
36.3472
35.8907
35.9595
32.5915
27.8859
17.8841
23.7553
23.739
21.2673
16.7341
16.3129
18.8926
18.9303
15.9533
12.3141
10.8912
9.2057
4.18368
-4.7175
-7.70704
-7.34273
-11.9114
-22.3058
-37.8947
-11.9519
-11.9519
-11.9519
-11.9519
-11.9519
-11.9519
-11.9519
-11.9519
-11.9519
-11.9519
-11.9519
-11.9519
-11.9519
-11.9519
-11.9519
-11.9519
-11.9519
-11.9519
-11.9519
-11.9519
-11.9519
-11.9519
-11.9519
-11.9519
-11.9519
-8.55192
-4.31467
-1.01699
2.72957
8.46542
12.8019
13.9578
12.0375
7.00889
0.423156
-1.1647
1.42317
3.49889
4.96197
10.7412
16.4209
19.6984
21.0657
29.3087
33.6184
35.6826
36.9705
36.3782
36.137
31.3457
22.1649
11.8937
30.9038
47.3204
58.336
63.02
62.697
58.1009
51.1574
47.4209
46.7248
45.6354
42.644
38.2618
38.1344
42.0589
44.2458
43.4205
40.7826
37.0546
32.5672
30.5956
31.176
33.2155
37.1229
40.7676
43.2372
45.0218
46.0609
46.0974
45.5395
43.5355
39.4477
33.228
27.0792
24.2626
23.3613
20.2779
12.963
13.8392
14.0595
17.1819
22.2245
25.7838
30.5862
34.123
33.2614
29.7073
26.0342
28.1948
29.4821
26.7172
21.035
20.0671
19.5003
16.2223
10.9856
8.56633
9.53328
12.6592
15.6188
15.9728
14.5551
12.3514
8.51727
1.04993
-11.9567
-34.2963
-11.9519
-11.9519
-11.9519
-11.9519
-11.9519
-11.9519
-11.9519
-11.9519
-11.9519
-11.9519
-11.9519
-11.9519
-11.9519
-11.9519
-11.9519
-11.9519
-11.9519
-11.9519
-11.9519
-11.9519
-11.9519
-11.9519
-11.9519
-11.9519
-11.9519
1.54105
-0.0534957
-2.67125
-5.95202
-8.8899
-7.91436
-6.06732
-7.46531
-9.41464
-7.06886
-2.59269
0.50446
3.15552
6.92116
8.15496
15.8119
21.8945
24.315
24.1478
29.4868
36.9042
41.1704
41.673
37.9696
29.6848
17.7978
9.24288
28.1071
44.9694
55.2469
59.506
58.9067
53.5058
43.3419
32.2408
25.3239
33.7806
38.9907
39.3277
37.6352
40.3219
44.683
45.5494
43.2591
38.9134
34.2446
31.0313
32.8797
39.3589
43.3311
43.3957
40.2238
33.1012
25.8739
28.4964
29.2266
27.6655
21.85
12.491
7.01887
8.24921
8.38262
7.76178
9.30607
9.62643
7.27676
14.0823
20.1893
20.9927
17.1813
11.3549
13.0246
13.5792
16.0851
21.5073
25.3465
25.9145
22.1794
13.305
7.39809
7.60809
8.46147
5.29398
1.32522
8.64272
16.7855
20.6855
20.8382
17.7784
12.128
3.27841
-10.7724
-33.8584
-11.9519
-11.9519
-11.9519
-11.9519
-11.9519
-11.9519
-11.9519
-11.9519
-11.9519
-11.9519
-11.9519
-11.9519
-11.9519
-11.9519
-11.9519
-11.9519
-11.9519
-11.9519
-11.9519
-11.9519
-11.9519
-11.9519
-11.9519
-11.9519
-11.9519
-10.377
-13.2993
-17.9541
-22.0319
-17.2844
-14.4268
-13.145
-11.0773
-7.94018
-7.61256
-9.40374
-9.56356
-4.25756
-3.7062
0.329487
16.7325
23.6391
25.1586
22.8701
19.2183
19.6514
23.763
26.5737
26.3971
22.1828
12.0184
4.23723
23.8421
42.0997
52.7721
57.298
56.744
51.0783
39.1325
29.7182
31.6957
31.6276
28.3703
28.545
33.3157
35.9328
35.5299
31.4245
24.0801
25.1424
33.6148
36.5358
35.1583
32.2044
32.2988
30.2224
23.9134
14.7366
32.4257
41.1641
45.9751
45.928
41.4883
31.1992
22.453
16.6648
16.0138
11.1473
6.22724
6.03138
8.9133
14.6831
18.8234
22.661
24.4505
25.7408
27.0964
27.7344
26.8248
23.568
22.83
20.1321
13.4752
7.24608
1.69761
3.60716
5.22525
3.94071
0.805229
3.50776
8.12482
9.51171
7.43937
3.99505
1.48808
-2.93349
-13.5254
-34.5797
-11.9519
-11.9519
-11.9519
-11.9519
-11.9519
-11.9519
-11.9519
-11.9519
-11.9519
-11.9519
-11.9519
-11.9519
-11.9519
-11.9519
-11.9519
-11.9519
-11.9519
-11.9519
-11.9519
-11.9519
-11.9519
-11.9519
-11.9519
-11.9519
-11.9519
-20.2184
-21.7482
-23.7811
-27.1012
-22.4017
-14.951
-11.6264
-10.9177
-9.75258
-5.10943
-2.2004
-2.04742
-3.03898
-3.80773
2.51937
8.17119
12.172
13.852
15.2067
15.4092
17.5702
18.851
16.0767
14.8497
10.6863
7.10284
-4.50635
14.3124
37.3233
49.0127
53.6222
53.1342
47.1796
36.8055
29.1092
30.0014
35.0522
36.7743
34.99
26.5374
12.0792
20.8215
31.858
34.2209
31.1882
25.4347
31.1634
34.5879
35.1451
38.5566
41.7042
41.4256
43.225
52.1184
59.1317
61.6337
59.8459
53.734
44.8506
36.8278
32.3617
25.9777
15.7791
-0.224916
5.21511
3.77975
2.99682
1.754
10.4404
16.1276
24.8721
33.5968
38.8996
39.9772
38.2703
33.6414
26.752
18.7864
8.32609
4.83927
4.65113
1.09036
-2.72003
-3.7613
-3.07392
-3.26208
-3.16995
0.432967
3.51899
2.60642
-3.19858
-15.7899
-36.7185
-11.9519
-11.9519
-11.9519
-11.9519
-11.9519
-11.9519
-11.9519
-11.9519
-11.9519
-11.9519
-11.9519
-11.9519
-11.9519
-11.9519
-11.9519
-11.9519
-11.9519
-11.9519
-11.9519
-11.9519
-11.9519
-11.9519
-11.9519
-11.9519
-11.9519
-14.5638
-21.5622
-30.5458
-25.7547
-20.1902
-16.1513
-13.3053
-12.9442
-11.981
-8.93824
-6.43313
-7.45735
-8.32685
-4.73318
-7.09911
-4.98055
2.79911
10.4377
12.4786
13.829
14.2333
13.3007
10.7677
1.48186
2.73427
5.35582
5.46337
13.9689
39.457
52.8348
58.4903
58.1222
54.1677
55.8914
61.7769
65.7331
70.0129
74.5811
77.4033
77.9766
76.9642
75.7597
75.058
74.4695
73.7844
73.3567
73.3821
73.5263
73.7707
74.2918
74.7771
74.9246
74.9685
74.9044
73.7404
70.2014
63.226
51.828
37.9537
32.9247
29.0936
21.3694
11.333
6.46575
4.2978
5.24919
15.2624
24.0726
30.1771
33.4237
35.2264
35.3572
33.5691
28.9579
19.6724
10.784
12.0329
9.4792
5.00523
2.33201
6.00097
9.60958
10.9927
10.5052
7.27445
1.184
-2.9898
-1.41751
-1.20121
-4.83573
-12.4424
-23.4216
-40.4184
-11.9519
-11.9519
-11.9519
-11.9519
-11.9519
-11.9519
-11.9519
-11.9519
-11.9519
-11.9519
-11.9519
-11.9519
-11.9519
-11.9519
-11.9519
-11.9519
-11.9519
-11.9519
-11.9519
-11.9519
-11.9519
-11.9519
-11.9519
-11.9519
-11.9519
-4.77642
-7.8882
-13.9513
-20.4215
-20.2512
-15.8806
-12.2227
-10.9707
-12.552
-15.1668
-16.9187
-15.396
-12.7231
-12.8884
-9.08581
4.45583
13.4313
18.439
19.6022
17.5771
13.7958
10.2873
5.37316
-0.115262
-8.39783
-6.65123
-3.28974
11.8496
45.8515
65.213
77.3308
84.8664
89.3105
91.6272
92.5346
92.4644
91.3787
89.0246
85.3308
80.793
76.4426
72.6992
70.1671
69.8094
70.1838
69.7237
68.318
66.8612
66.1888
65.8922
64.7695
62.2933
59.5929
58.8876
58.9001
56.9871
51.3375
40.7788
27.0402
18.5147
7.89126
-6.39295
-5.88994
-4.25266
-5.90366
4.67351
14.2006
19.117
19.8568
19.7204
18.3802
15.5511
6.071
-1.20578
-2.10142
-1.19817
1.28571
1.89465
1.27717
2.01026
1.79503
0.0716062
0.311633
0.125771
-2.8578
-6.31892
-5.16011
-5.37657
-8.97824
-15.2746
-22.2529
-31.3426
-44.9056
-11.9519
-11.9519
-11.9519
-11.9519
-11.9519
-11.9519
-11.9519
-11.9519
-11.9519
-11.9519
-11.9519
-11.9519
-11.9519
-11.9519
-11.9519
-11.9519
-11.9519
-11.9519
-11.9519
-11.9519
-11.9519
-11.9519
-11.9519
-11.9519
-11.9519
-7.37855
-11.5083
-16.9131
-22.3746
-20.4275
-15.6585
-13.8727
-14.7261
-16.468
-19.3199
-20.7583
-17.9227
-15.3226
-8.93957
-4.17795
1.11917
3.26253
3.91099
4.25085
3.04744
0.907613
-0.557675
-2.8259
-2.81692
-2.24625
-1.0599
-3.4003
19.2807
50.6922
68.8036
79.7912
85.7041
87.4977
85.9964
82.3817
78.1369
74.1671
69.3728
62.2504
50.5749
31.1342
31.4973
34.2696
31.5113
26.6432
19.9572
17.1615
18.14
24.8475
26.4446
25.2074
22.1105
17.7852
19.1113
27.4866
34.5826
36.8776
34.4917
26.882
12.6623
5.5699
7.67394
7.32002
4.43694
3.51811
0.135318
5.26715
9.98655
14.7893
15.2226
13.9685
11.0357
9.39278
4.07608
-0.221793
0.113418
3.46473
1.67595
4.32966
4.48894
1.8676
-2.46259
-6.03864
-7.11213
-7.89464
-11.2669
-14.5103
-11.5531
-7.87355
-8.53526
-13.9631
-25.1248
-47.1861
-11.9519
-11.9519
-11.9519
-11.9519
-11.9519
-11.9519
-11.9519
-11.9519
-11.9519
-11.9519
-11.9519
-11.9519
-11.9519
-11.9519
-11.9519
-11.9519
-11.9519
-11.9519
-11.9519
-11.9519
-11.9519
-11.9519
-11.9519
-11.9519
-11.9519
-4.60765
-5.69696
-6.61785
-9.42223
-14.2339
-21.4298
-25.9863
-23.2906
-19.4328
-16.2441
-12.8297
-10.3288
-9.4875
-8.93987
-12.8096
-8.7614
-14.1144
-12.5791
-10.1761
-11.3584
-9.29456
-8.76312
-6.25208
-5.01101
-4.30105
-4.63965
-7.11759
23.9858
49.0293
61.1308
67.6724
68.7484
65.4853
58.506
48.8424
41.1916
33.2306
32.6944
26.0678
28.7881
25.6061
26.7394
22.8606
21.7204
19.3603
22.2164
26.5719
28.4671
27.1664
25.8548
25.6573
23.6709
24.2222
26.7911
28.0236
25.5826
22.0442
18.9464
14.1235
6.88225
-2.19245
-8.5443
-7.48006
-7.11847
-8.18789
-4.3509
-3.70312
2.92659
5.62531
5.61274
3.75021
0.925995
-0.0677602
-11.2028
-6.74089
-4.49421
-2.58709
-3.74892
-6.49484
-12.9176
-18.742
-24.7143
-28.5893
-28.4804
-18.6825
-13.2343
-12.3608
-11.1612
-8.71506
-8.63903
-13.0379
-24.7778
-46.2169
-11.9519
-11.9519
-11.9519
-11.9519
-11.9519
-11.9519
-11.9519
-11.9519
-11.9519
-11.9519
-11.9519
-11.9519
-11.9519
-11.9519
-11.9519
-11.9519
-11.9519
-11.9519
-11.9519
-11.9519
-11.9519
-11.9519
-11.9519
-11.9519
-11.9519
-14.3675
-17.8361
-19.6201
-21.318
-25.3884
-24.1324
-19.4038
-17.8998
-18.8054
-16.732
-13.4466
-12.2249
-9.7281
-7.06579
-7.44621
-7.603
-5.42108
-3.55004
-4.68081
-7.14034
-8.05395
-5.5077
-3.62491
-3.1668
-6.28983
-5.97144
-5.91807
29.257
44.2362
57.6204
62.4901
62.5318
58.3427
51.0093
45.8182
44.1781
41.8758
37.3002
32.7632
21.875
17.3889
23.5307
28.4275
28.58
26.5171
25.8454
27.7496
31.052
32.1871
30.6015
29.1409
25.9969
26.5356
31.3385
33.8791
31.9197
28.5894
27.0653
26.418
23.5483
17.7254
11.412
7.17846
5.93305
4.45073
-0.361204
-2.91865
-2.55043
0.695861
0.348935
2.46479
3.76398
4.26001
3.65728
2.592
1.38869
-0.44416
-6.92527
-10.9979
-10.1139
-6.12688
-3.74871
-3.86087
-5.198
-6.82582
-8.57977
-9.74348
-8.60302
-7.0798
-8.19174
-13.647
-24.5833
-43.9765
-11.9519
-11.9519
-11.9519
-11.9519
-11.9519
-11.9519
-11.9519
-11.9519
-11.9519
-11.9519
-11.9519
-11.9519
-11.9519
-11.9519
-11.9519
-11.9519
-11.9519
-11.9519
-11.9519
-11.9519
-11.9519
-11.9519
-11.9519
-11.9519
-11.9519
-11.785
-15.7489
-21.1399
-25.0503
-27.2302
-25.1664
-21.5614
-17.9199
-12.9296
-8.03435
-5.91129
-6.88226
-9.16466
-8.53439
-7.33431
-6.06059
-7.54742
-7.57072
-7.07088
-7.8641
-6.93747
-5.30382
-7.67693
-9.7292
-12.7445
-11.6413
-5.87381
28.6937
45.5301
57.4085
63.5511
64.9143
62.4814
57.679
54.0484
52.1779
47.2505
43.7895
42.6651
36.892
33.2791
32.1042
24.9755
26.2297
16.6418
24.4748
31.0307
34.4689
33.7429
30.2265
21.6683
21.1145
21.709
28.3849
30.0568
32.3825
33.1045
33.3602
29.5352
21.7357
12.9158
5.90305
2.96156
5.4906
7.04641
3.24585
-2.45526
-6.44894
-5.13184
-7.29301
-5.04629
-1.90608
2.41742
5.30211
6.95902
6.84477
4.92836
-0.730209
-7.11069
-9.70992
-9.63342
-8.25597
-7.13402
-6.87426
-7.60919
-7.47596
-7.112
-7.5563
-9.59896
-13.3533
-19.9019
-31.6129
-47.5812
-11.9519
-11.9519
-11.9519
-11.9519
-11.9519
-11.9519
-11.9519
-11.9519
-11.9519
-11.9519
-11.9519
-11.9519
-11.9519
-11.9519
-11.9519
-11.9519
-11.9519
-11.9519
-11.9519
-11.9519
-11.9519
-11.9519
-11.9519
-11.9519
-11.9519
-11.964
-13.1406
-17.3861
-21.2101
-21.9102
-20.6291
-18.3912
-15.1071
-11.1781
-9.19197
-10.5534
-15.7298
-24.0904
-16.2232
-21.4708
-13.3141
-16.411
-12.303
-13.6057
-10.409
-8.29772
-7.33784
-9.23971
-7.35964
-11.2457
-8.75536
-10.341
26.3184
42.1576
55.6137
63.0061
65.2604
62.9645
56.9781
46.6753
34.4032
42.0326
45.1944
43.1897
41.8464
41.4083
35.4431
32.0402
24.9086
27.0644
33.1509
37.6394
37.8752
34.4533
34.2676
48.6217
58.657
63.7212
64.6428
61.6773
55.3114
46.2055
34.4666
23.815
16.3131
5.24539
-1.12304
0.424787
2.30898
1.3846
2.79024
-0.964643
-8.03446
-16.6424
-11.8337
-10.3913
-6.5998
-6.26466
-17.68
-20.2618
-13.861
-4.30565
-4.76663
-4.85467
-9.58726
-16.7843
-18.5901
-14.8549
-13.9831
-16.6292
-21.6515
-23.859
-28.5971
-34.951
-40.9119
-42.2631
-47.0623
-59.5621
-11.9519
-11.9519
-11.9519
-11.9519
-11.9519
-11.9519
-11.9519
-11.9519
-11.9519
-11.9519
-11.9519
-11.9519
-11.9519
-11.9519
-11.9519
-11.9519
-11.9519
-11.9519
-11.9519
-11.9519
-11.9519
-11.9519
-11.9519
-11.9519
-11.9519
-8.24555
-9.45713
-12.329
-15.8584
-17.7664
-18.3314
-16.8294
-14.3915
-14.4866
-18.4597
-22.5064
-21.6254
-19.0791
-21.3353
-20.5194
-22.5436
-15.6825
-10.2197
-5.44668
-7.15855
-9.15396
-10.0161
-9.13838
-13.5937
-11.0811
-12.4743
-11.5113
25.5906
42.4698
55.5542
60.641
60.698
58.0769
56.1482
58.9733
65.479
76.7381
86.7991
93.3193
96.898
98.4942
99.1312
99.4083
99.3701
98.9747
98.4236
98.1018
98.0762
98.0092
97.6131
96.6794
94.7456
91.107
85.042
76.0164
63.8772
50.5295
42.6786
38.9695
35.2048
32.3908
32.2463
32.3437
30.4295
26.6301
20.1211
11.3877
0.784113
-2.7673
-4.12826
-3.29364
-5.21871
-8.83764
-14.3153
-17.1719
-9.77965
-3.20229
-0.0462978
0.76148
1.68348
3.88743
5.31739
4.56074
1.15448
-4.62935
-10.7319
-15.9814
-18.6915
-18.8588
-20.3226
-25.9896
-36.7137
-59.7853
-11.9519
-11.9519
-11.9519
-11.9519
-11.9519
-11.9519
-11.9519
-11.9519
-11.9519
-11.9519
-11.9519
-11.9519
-11.9519
-11.9519
-11.9519
-11.9519
-11.9519
-11.9519
-11.9519
-11.9519
-11.9519
-11.9519
-11.9519
-11.9519
-11.9519
-14.8056
-19.917
-22.0409
-17.995
-13.3876
-11.5993
-13.4884
-18.8864
-23.0961
-22.1942
-22.7614
-26.0606
-26.1561
-16.6047
-12.6425
-8.33183
-5.75804
-5.35624
-8.46032
-15.6068
-23.9365
-22.8004
-19.3869
-14.4
-15.2475
-15.2855
-15.7978
18.9248
43.7037
58.595
67.4646
72.2486
76.1698
81.2809
86.746
91.7304
95.7725
98.6274
100.132
100.315
99.5
98.2068
97.0429
96.263
95.5251
94.3626
92.9465
91.9381
91.2952
90.2567
88.2104
84.7819
79.412
71.435
60.1027
44.5857
30.1775
29.9069
30.878
28.7981
24.7572
23.9611
24.7943
23.7913
19.5877
13.1665
7.92011
5.27431
3.99288
0.06904
-2.46145
-3.70474
-0.0933301
0.251738
0.378157
-1.18104
-3.15333
-8.46555
-11.1308
-11.4962
-6.91812
-2.6126
-2.36644
-6.11415
-7.88721
-5.96096
-5.89261
-8.80408
-11.6064
-14.2387
-19.3074
-30.2276
-49.1631
-11.9519
-11.9519
-11.9519
-11.9519
-11.9519
-11.9519
-11.9519
-11.9519
-11.9519
-11.9519
-11.9519
-11.9519
-11.9519
-11.9519
-11.9519
-11.9519
-11.9519
-11.9519
-11.9519
-11.9519
-11.9519
-11.9519
-11.9519
-11.9519
-11.9519
-8.81258
-14.2152
-14.6107
-8.87697
-5.04863
-4.42864
-6.8147
-11.2948
-15.742
-17.7738
-15.1239
-10.3908
-6.55976
-6.11022
-9.04996
-10.358
-10.7101
-10.2384
-10.154
-10.0375
-8.79979
-9.51739
-12.1524
-9.95133
-5.56952
-3.92519
-4.57925
11.3774
37.5825
56.9567
68.8298
75.3088
77.7148
77.309
76.366
76.1505
75.6866
73.0244
67.5746
59.5207
51.1982
43.3326
44.8006
44.6485
40.3244
35.1957
35.138
40.9148
41.273
38.1928
33.678
34.2953
36.7441
36.5908
33.3333
30.1052
26.9213
27.84
27.906
25.2503
21.0771
16.4916
11.2625
4.73401
0.0904345
5.32586
11.89
15.0391
14.5842
10.7617
6.18578
8.48712
12.3111
12.3856
8.8531
4.02176
2.61671
-1.28778
-3.3326
-3.66259
-2.54199
-0.477166
0.584635
0.365602
-0.0141973
0.045075
-1.74046
-4.9173
-6.9086
-8.55397
-13.994
-25.8118
-43.5347
-11.9519
-11.9519
-11.9519
-11.9519
-11.9519
-11.9519
-11.9519
-11.9519
-11.9519
-11.9519
-11.9519
-11.9519
-11.9519
-11.9519
-11.9519
-11.9519
-11.9519
-11.9519
-11.9519
-11.9519
-11.9519
-11.9519
-11.9519
-11.9519
-11.9519
-5.68021
-9.00904
-13.2008
-17.8008
-20.6611
-16.7251
-10.8799
-6.98309
-6.0594
-7.88483
-11.8124
-14.4875
-14.4792
-9.55471
-10.3271
-8.13008
-7.4278
-7.87874
-8.13757
-6.63176
-5.10763
-4.90626
-6.53021
-7.27008
-7.8941
-9.25754
-6.71692
8.70809
26.4136
44.7274
54.1963
57.7031
56.6611
51.574
43.7958
42.9328
40.213
39.4256
38.0627
38.0789
35.0727
34.1878
30.4618
32.1757
31.5481
34.5583
43.306
48.9336
50.3235
47.3064
41.165
35.8629
35.1262
35.5926
34.9334
33.9169
29.7863
27.5925
29.726
30.1254
27.0125
21.7481
15.8364
9.32808
5.75199
10.1273
12.5521
11.5775
7.9419
1.23761
-0.686782
4.78347
9.45487
10.8691
9.2036
5.5911
3.25572
4.08168
5.37466
5.07491
1.66329
-5.50644
-12.0268
-9.10406
-1.11542
4.26328
6.35151
5.66415
2.91472
-1.57469
-9.32562
-21.8268
-41.215
-11.9519
-11.9519
-11.9519
-11.9519
-11.9519
-11.9519
-11.9519
-11.9519
-11.9519
-11.9519
-11.9519
-11.9519
-11.9519
-11.9519
-11.9519
-11.9519
-11.9519
-11.9519
-11.9519
-11.9519
-11.9519
-11.9519
-11.9519
-11.9519
-11.9519
-12.1186
-10.7821
-11.3941
-14.7718
-21.707
-32.5514
-34.246
-28.4232
-23.8347
-19.1074
-14.3231
-10.2527
-7.89686
-8.51256
-8.85609
-7.20074
-7.08588
-10.0143
-17.0413
-25.5121
-18.481
-10.7385
-8.23774
-9.75954
-15.6553
-13.8665
-8.97409
4.35304
10.4401
23.1822
29.577
31.6977
31.1418
35.1839
40.5922
42.5586
40.7377
39.5106
38.0843
35.1112
31.6481
29.4309
27.8298
27.2405
24.988
30.267
35.6535
38.8837
38.0852
33.5669
25.962
22.749
24.4818
26.6621
27.9228
26.2847
26.2087
26.8332
25.2342
22.7432
20.433
16.3685
9.90835
2.81552
-3.14336
-7.28071
-1.86909
4.61497
8.32437
8.36457
5.57254
3.9221
5.81173
5.86295
3.73951
1.24487
0.296777
1.54375
4.2421
6.34123
5.02939
-0.00142065
-4.43676
-3.26128
-0.674125
0.58956
-1.239
-7.05546
-13.6157
-14.2709
-17.3015
-28.0101
-44.7679
-11.9519
-11.9519
-11.9519
-11.9519
-11.9519
-11.9519
-11.9519
-11.9519
-11.9519
-11.9519
-11.9519
-11.9519
-11.9519
-11.9519
-11.9519
-11.9519
-11.9519
-11.9519
-11.9519
-11.9519
-11.9519
-11.9519
-11.9519
-11.9519
-11.9519
-14.885
-21.0462
-19.8092
-14.008
-10.1103
-9.05648
-9.82349
-10.2927
-10.9643
-13.8219
-16.8026
-15.4145
-10.3623
-5.54387
-4.47999
-4.78174
-6.46667
-5.66221
-4.79059
-5.9239
-3.47858
-0.172403
-0.669188
-1.5447
-1.42909
-1.54294
-4.30397
-5.61817
-10.3201
1.65059
4.97442
14.7735
21.4061
28.5908
35.6961
39.8633
41.5771
40.1441
36.4671
30.4105
32.2975
36.5251
38.3268
34.6935
27.1164
25.5786
38.0518
42.7236
43.1072
40.0099
35.545
31.0538
28.9614
32.7276
35.684
37.8035
36.2485
32.6823
29.1632
25.4312
21.0702
17.3707
14.116
9.91115
4.11583
-0.33768
1.97733
6.1219
9.06774
8.55604
4.82878
-0.862323
-2.45032
-0.440396
-1.14331
-4.89473
-5.33471
-9.95519
-4.61012
-0.199109
3.92636
6.12688
5.52647
2.53061
0.411671
0.701163
0.341662
-0.745673
-1.67896
-4.47288
-11.6021
-24.2725
-48.073
-11.9519
-11.9519
-11.9519
-11.9519
-11.9519
-11.9519
-11.9519
-11.9519
-11.9519
-11.9519
-11.9519
-11.9519
-11.9519
-11.9519
-11.9519
-11.9519
-11.9519
-11.9519
-11.9519
-11.9519
-11.9519
-11.9519
-11.9519
-11.9519
-11.9519
-14.6031
-11.7279
-6.99767
-4.7464
-3.19676
-2.12994
-2.61467
-4.7863
-7.75112
-10.9689
-12.316
-9.61548
-7.23372
-4.90821
-3.88398
-3.03345
-0.0691191
1.59706
0.414953
-4.3466
-8.99261
-9.05864
-8.40843
-7.48308
-7.1121
-5.20363
-5.75953
-3.88622
-0.40629
14.0516
24.1702
30.2798
34.5613
37.4167
39.1656
45.4874
56.4617
65.1031
70.2503
73.0288
74.5708
75.3803
75.2604
74.0923
72.5403
71.5714
71.0975
70.2737
68.5363
66.0242
63.1036
59.6921
55.7707
52.5948
50.2632
46.541
39.1408
27.6965
20.54
19.7396
16.8398
14.1217
13.7874
12.101
8.60226
6.62364
6.81904
6.83832
6.92761
5.49354
2.55822
1.73774
5.38501
8.70632
11.1827
11.8581
10.6736
9.08237
7.82608
6.39598
3.83723
1.37105
2.42916
5.81059
7.59958
6.57295
3.7462
1.85879
0.569526
-3.0982
-10.9156
-25.408
-49.5132
-11.9519
-11.9519
-11.9519
-11.9519
-11.9519
-11.9519
-11.9519
-11.9519
-11.9519
-11.9519
-11.9519
-11.9519
-11.9519
-11.9519
-11.9519
-11.9519
-11.9519
-11.9519
-11.9519
-11.9519
-11.9519
-11.9519
-11.9519
-11.9519
-11.9519
-6.18233
-7.52308
-9.00796
-7.98648
-6.23734
-6.20309
-8.01033
-9.76707
-9.98356
-10.5598
-13.2079
-15.2426
-11.0971
-7.37237
-4.96462
-3.21668
-2.44245
-2.16427
-2.69899
-2.83176
-1.61757
-1.1339
-1.82611
-1.82266
0.543522
2.344
1.28777
3.975
20.7665
36.1437
46.2534
53.0554
57.8609
61.0642
62.9849
64.6833
66.8108
68.5546
69.2148
69.0048
68.5064
67.4872
65.5133
63.2697
61.6596
60.0955
57.3767
53.1555
47.9729
44.4519
44.3073
44.7133
42.7732
38.8834
36.2362
34.6917
30.9186
23.9359
15.6556
8.72686
3.75489
3.99741
6.08152
5.30652
0.944813
-3.89156
-2.4689
-2.1933
-1.90156
2.95577
6.51676
7.42084
8.67882
11.04
13.8489
15.1112
14.8099
12.9113
8.99809
2.2696
-3.56834
-2.38134
0.981774
1.98063
0.464034
-0.204981
1.81262
2.89806
0.890963
-4.4963
-13.3875
-27.7943
-50.8344
-11.9519
-11.9519
-11.9519
-11.9519
-11.9519
-11.9519
-11.9519
-11.9519
-11.9519
-11.9519
-11.9519
-11.9519
-11.9519
-11.9519
-11.9519
-11.9519
-11.9519
-11.9519
-11.9519
-11.9519
-11.9519
-11.9519
-11.9519
-11.9519
-11.9519
-14.3657
-15.7094
-14.4645
-14.2245
-16.5311
-20.3422
-18.9898
-13.2652
-9.44213
-8.63091
-9.71527
-10.9657
-10.4595
-6.56196
-3.79913
-2.63845
-3.40495
-3.91453
-4.29678
-6.93578
-10.528
-13.8253
-11.934
-6.7595
-5.66875
-7.2329
-13.1293
1.42022
20.1231
36.5613
47.1987
53.1934
55.5509
54.4672
50.1199
43.7984
39.0986
37.3375
34.7185
33.277
31.0599
27.9526
25.9467
26.9624
29.033
29.211
28.2927
26.1183
22.0076
20.2637
22.5545
23.3649
25.8674
27.91
26.8304
23.2089
17.0858
12.1206
10.3413
8.82677
5.9356
4.15969
5.74826
6.43746
4.17447
2.25925
3.18143
5.7734
6.56159
6.48396
8.08258
8.72656
7.26728
4.26773
1.16052
-2.20317
-4.24083
-7.24848
-10.1569
-13.2674
-14.9959
-17.7547
-21.0373
-19.8984
-13.8148
-5.61051
0.28016
2.51431
1.05027
-4.09952
-13.1899
-27.613
-48.84
-11.9519
-11.9519
-11.9519
-11.9519
-11.9519
-11.9519
-11.9519
-11.9519
-11.9519
-11.9519
-11.9519
-11.9519
-11.9519
-11.9519
-11.9519
-11.9519
-11.9519
-11.9519
-11.9519
-11.9519
-11.9519
-11.9519
-11.9519
-11.9519
-11.9519
-16.3929
-15.0043
-13.0081
-12.046
-13.7654
-19.5274
-28.5699
-26.0135
-14.8881
-7.95483
-5.50954
-5.97375
-6.57184
-6.75324
-6.18077
-5.23767
-3.06416
-2.28703
-5.4725
-12.0851
-19.1571
-19.146
-19.2479
-17.3776
-17.265
-16.8938
-16.3591
1.40325
8.29083
23.2911
30.2426
32.6317
31.035
26.6257
21.549
19.5694
22.8406
26.8574
28.833
28.2754
25.4808
20.5051
15.2906
19.0553
24.521
27.3803
27.8426
28.526
29.8523
30.3117
28.9469
27.4075
24.3741
19.59
15.9908
14.2393
12.2519
12.231
14.1905
15.37
13.4146
7.51561
-0.997221
-5.83977
-3.76337
-1.3722
0.980229
1.71337
2.6121
3.0066
2.17526
-0.0909508
-1.87117
-1.64972
2.29311
4.28047
3.14017
-1.91024
-6.6492
-6.36515
-5.7835
-6.37885
-5.73568
-4.14691
-2.7018
-1.40473
-1.71527
-4.40839
-9.19749
-14.2563
-20.8849
-32.9561
-47.5888
-11.9519
-11.9519
-11.9519
-11.9519
-11.9519
-11.9519
-11.9519
-11.9519
-11.9519
-11.9519
-11.9519
-11.9519
-11.9519
-11.9519
-11.9519
-11.9519
-11.9519
-11.9519
-11.9519
-11.9519
-11.9519
-11.9519
-11.9519
-11.9519
-11.9519
-22.2107
-28.5229
-22.1018
-15.819
-13.5061
-15.1692
-19.0028
-17.6056
-11.6041
-8.47785
-8.89434
-11.7759
-13.4384
-14.2089
-14.7066
-12.1219
-10.8722
-9.21205
-11.2981
-14.1113
-11.3746
-7.84519
-7.89002
-11.1426
-17.5689
-18.4276
-17.7959
-0.185894
-0.913305
9.60062
16.9398
22.3541
25.2742
25.8025
25.2158
25.9379
24.875
25.2391
23.0268
21.6651
24.1702
26.7439
26.6999
23.7892
19.1029
18.5332
20.2569
23.4419
26.3662
27.2787
28.7913
30.7803
31.4863
30.8441
29.4621
26.3809
20.6071
12.6385
5.39836
3.02044
2.70828
1.14873
-3.0076
-7.71941
-9.34048
-11.8495
-8.57396
-4.45912
-0.237618
2.2403
3.4445
2.94232
3.88003
5.22261
6.63509
6.61774
4.91991
-0.100877
-8.18478
-11.0877
-8.01479
-5.54936
-3.16044
-0.467025
1.36564
0.942517
-2.01997
-7.99485
-16.0225
-20.5073
-25.1619
-35.3708
-51.2877
-11.9519
-11.9519
-11.9519
-11.9519
-11.9519
-11.9519
-11.9519
-11.9519
-11.9519
-11.9519
-11.9519
-11.9519
-11.9519
-11.9519
-11.9519
-11.9519
-11.9519
-11.9519
-11.9519
-11.9519
-11.9519
-11.9519
-11.9519
-11.9519
-11.9519
-9.86007
-8.46271
-7.06601
-6.23037
-7.46301
-11.1623
-15.4827
-16.7671
-14.2402
-9.18946
-5.7561
-5.92964
-9.75663
-14.9863
-15.209
-11.1159
-8.62467
-9.8995
-13.0656
-15.5581
-12.9389
-10.5207
-11.3983
-14.3089
-19.0647
-25.6121
-19.8092
-3.80427
-1.58028
8.00681
15.8506
21.4107
24.3425
24.5436
24.0919
32.2787
45.661
56.0874
62.5223
65.8987
67.2355
67.6182
67.4568
66.5005
64.7055
62.5938
60.6334
58.7271
56.8363
55.1694
53.4536
51.0602
47.8765
43.8839
38.6098
31.8884
23.4525
14.3608
8.60963
6.52861
4.10943
0.520424
-2.43961
-1.26823
-0.629
-1.68323
-3.45969
-1.91771
1.35848
3.62988
4.26412
3.66298
3.71759
5.5027
7.25964
8.02511
7.84417
5.99571
2.13686
-4.36507
-8.72944
-8.46196
-6.73139
-3.08561
1.20392
2.90666
0.815966
-4.51133
-9.77101
-13.8891
-21.0135
-33.3495
-59.4701
-11.9519
-11.9519
-11.9519
-11.9519
-11.9519
-11.9519
-11.9519
-11.9519
-11.9519
-11.9519
-11.9519
-11.9519
-11.9519
-11.9519
-11.9519
-11.9519
-11.9519
-11.9519
-11.9519
-11.9519
-11.9519
-11.9519
-11.9519
-11.9519
-11.9519
-23.1792
-22.2282
-19.9794
-17.6059
-15.7936
-13.5001
-11.5644
-11.3068
-13.1127
-15.071
-16.2849
-17.8591
-17.8605
-18.0166
-18.4721
-16.3304
-16.6364
-17.657
-18.2317
-16.3618
-9.33385
-5.5144
-4.16886
-4.41645
-6.92066
-11.4157
-16.4882
-9.3069
-5.90575
8.34203
16.4601
22.9558
31.7705
40.2602
46.8208
51.7888
55.9121
59.2308
61.5436
62.7913
63.0075
61.923
59.8634
57.6965
55.8064
53.7196
51.3469
48.0986
42.7938
36.0051
31.0291
27.6186
22.9034
16.9494
11.1374
9.25879
4.93428
1.48779
1.73222
5.69852
7.11905
5.69087
2.47581
1.2951
3.54337
4.08839
2.52796
0.659615
2.38445
3.7866
2.43219
-1.60262
-4.32259
-4.735
-3.12921
0.163342
2.64747
1.97362
1.41393
1.26109
-0.616731
-4.80505
-7.25196
-5.34817
-4.19598
-5.50277
-7.23902
-8.0149
-9.3967
-14.0565
-23.3337
-35.9197
-52.5286
-11.9519
-11.9519
-11.9519
-11.9519
-11.9519
-11.9519
-11.9519
-11.9519
-11.9519
-11.9519
-11.9519
-11.9519
-11.9519
-11.9519
-11.9519
-11.9519
-11.9519
-11.9519
-11.9519
-11.9519
-11.9519
-11.9519
-11.9519
-11.9519
-11.9519
-17.3075
-21.5255
-25.5252
-23.2011
-15.5495
-11.1941
-11.1717
-15.0089
-19.7545
-20.2841
-20.1189
-21.7331
-22.4026
-17.2091
-11.5559
-9.21441
-8.00404
-7.9201
-10.6228
-10.8061
-9.85202
-8.67273
-11.0452
-12.4975
-12.3185
-12.8119
-13.0623
-7.7063
-4.06493
4.34761
13.6793
21.2682
26.275
29.9906
32.6451
33.2929
31.133
25.9871
21.0542
21.4471
20.3673
19.2304
17.4299
15.4625
16.6262
20.4095
22.0136
19.2292
12.4299
6.51548
7.66819
11.3692
12.2127
11.7827
8.04899
1.79348
-0.183576
-0.649757
-1.4198
-2.58712
-1.57947
-1.04753
-3.60794
-8.23093
-6.94461
-7.00242
-7.14615
-8.62581
-7.70372
-5.43552
-4.73095
-6.85815
-9.03417
-12.913
-10.4853
-10.3336
-10.9355
-14.5909
-8.58294
-4.16597
-3.48602
-6.78644
-10.65
-9.14176
-7.75516
-7.87865
-7.1769
-5.11116
-5.23722
-8.87852
-16.7287
-30.0951
-49.1948
-11.9519
-11.9519
-11.9519
-11.9519
-11.9519
-11.9519
-11.9519
-11.9519
-11.9519
-11.9519
-11.9519
-11.9519
-11.9519
-11.9519
-11.9519
-11.9519
-11.9519
-11.9519
-11.9519
-11.9519
-11.9519
-11.9519
-11.9519
-11.9519
-11.9519
-2.42564
-6.0239
-12.4826
-19.6711
-21.048
-19.2566
-17.9766
-17.5327
-16.8935
-16.9655
-19.4156
-23.6969
-24.1524
-19.8969
-17.1894
-15.7099
-14.6898
-10.9361
-7.56008
-6.96711
-7.53717
-9.62134
-10.6399
-10.7005
-13.5952
-16.9528
-17.7532
-5.85896
-11.6208
-11.7758
-4.19796
3.13352
10.2478
14.3028
15.2503
14.0536
10.236
5.83595
5.3218
6.70487
9.17823
7.5515
3.93992
1.46813
-2.92699
-0.169201
5.88274
8.34255
8.61369
5.39472
0.244971
-3.5845
-2.74016
-4.94148
-7.91638
-6.84698
-6.23901
-7.09261
-8.79081
-10.2019
-8.16985
-3.03844
0.642164
1.44454
-0.98446
-3.64612
-5.40613
-6.92265
-6.23553
-2.54327
1.37635
3.25519
4.50882
4.97259
4.14586
1.04397
-4.73977
-8.85639
-5.7
-0.375684
2.05169
1.26012
-2.57734
-7.76566
-8.31053
-3.13962
0.778563
1.36387
-1.46017
-7.78024
-17.0132
-30.0724
-51.68
-11.9519
-11.9519
-11.9519
-11.9519
-11.9519
-11.9519
-11.9519
-11.9519
-11.9519
-11.9519
-11.9519
-11.9519
-11.9519
-11.9519
-11.9519
-11.9519
-11.9519
-11.9519
-11.9519
-11.9519
-11.9519
-11.9519
-11.9519
-11.9519
-11.9519
-14.237
-16.2488
-18.7366
-20.689
-20.8047
-19.5663
-18.4521
-18.0833
-17.3162
-15.4916
-14.2338
-13.8222
-13.1566
-12.6816
-14.2128
-16.4301
-18.2339
-18.5165
-21.1135
-19.8948
-15.0332
-10.5515
-9.05487
-10.5549
-16.662
-22.4158
-23.471
-8.34031
-14.6024
-13.8964
-10.4999
-10.1585
-5.54701
0.553137
7.85475
13.7097
17.2057
21.0942
24.9046
28.3531
31.8022
33.4717
33.4989
32.2453
31.2113
29.4754
26.9647
25.2763
24.5367
22.1417
16.5238
10.5188
8.98554
12.7698
13.6967
12.1017
6.59145
-1.42584
-6.34921
-7.36859
-9.75318
-9.00241
-6.06169
-3.75922
-1.09246
1.04973
1.55255
-0.128194
-0.970363
-0.295386
1.81237
1.26488
-1.41089
-5.34532
-4.12991
-3.17716
-4.45376
-6.83492
-5.54011
-3.56589
-2.46981
-1.11672
-0.201812
-1.05675
-3.57001
-4.25169
-2.5761
-2.75829
-6.57489
-14.1921
-24.1417
-36.4399
-55.3578
-11.9519
-11.9519
-11.9519
-11.9519
-11.9519
-11.9519
-11.9519
-11.9519
-11.9519
-11.9519
-11.9519
-11.9519
-11.9519
-11.9519
-11.9519
-11.9519
-11.9519
-11.9519
-11.9519
-11.9519
-11.9519
-11.9519
-11.9519
-11.9519
-11.9519
-20.6609
-18.6907
-16.1736
-16.4791
-20.5186
-27.1639
-30.4523
-28.8899
-24.2092
-19.1786
-16.8135
-17.0218
-16.6188
-15.7594
-15.7461
-16.8795
-17.0404
-17.0005
-18.2313
-17.9762
-12.7296
-8.54334
-8.04616
-10.5556
-14.0555
-15.2549
-16.9232
-10.0254
-10.3183
-7.36162
-5.83052
-4.39125
1.54138
11.4091
22.4331
31.15
36.3181
38.4278
38.1369
37.0248
37.02
37.7073
37.5405
36.8448
35.7178
33.5499
30.0371
26.0971
23.1225
19.619
13.043
4.71825
0.96725
3.25396
3.09614
0.737356
-4.05083
-7.65999
-4.63322
-1.65524
-1.01749
-1.66705
-0.30246
3.25455
5.97239
5.52712
2.08012
-1.49171
-2.53566
-2.57397
-3.11698
-3.17163
-3.03166
-3.27467
-3.31196
-3.80123
-5.92982
-9.84277
-12.5956
-13.2927
-9.71284
-5.26161
-1.08466
1.40434
1.89432
0.739316
-0.921132
-3.09622
-6.68891
-12.5196
-21.2768
-34.9747
-54.7652
-11.9519
-11.9519
-11.9519
-11.9519
-11.9519
-11.9519
-11.9519
-11.9519
-11.9519
-11.9519
-11.9519
-11.9519
-11.9519
-11.9519
-11.9519
-11.9519
-11.9519
-11.9519
-11.9519
-11.9519
-11.9519
-11.9519
-11.9519
-11.9519
-11.9519
-21.591
-21.0733
-23.3075
-27.4004
-30.898
-30.6824
-27.7002
-25.6761
-24.7736
-22.6376
-20.4393
-20.1587
-20.5722
-21.5984
-22.2607
-23.1431
-25.7009
-25.9867
-26.4696
-20.4022
-12.655
-8.07881
-6.55996
-7.94482
-11.3179
-14.3116
-16.7047
-10.5
-13.719
-3.87228
6.41013
13.8254
20.4432
27.0551
32.7328
36.1788
36.7357
34.1089
27.8046
19.4093
15.9513
16.8692
17.1503
15.8204
11.4651
8.34321
11.6804
13.3207
12.205
6.84206
-1.26878
-10.4276
-8.57279
-3.04826
-3.52749
-5.05738
-8.12706
-7.19065
-3.93303
-2.85251
-3.85691
-5.65917
-6.79566
-5.24153
-1.47871
1.08129
2.47444
3.06852
3.33156
1.76118
-0.548199
-0.900935
1.00534
2.11327
2.24498
1.53871
-0.0286247
-3.60862
-10.0058
-18.6251
-21.6907
-16.9279
-14.6735
-12.6804
-9.69094
-7.79514
-8.76988
-11.7098
-15.2815
-20.582
-28.5406
-40.3908
-59.6373
-11.9519
-11.9519
-11.9519
-11.9519
-11.9519
-11.9519
-11.9519
-11.9519
-11.9519
-11.9519
-11.9519
-11.9519
-11.9519
-11.9519
-11.9519
-11.9519
-11.9519
-11.9519
-11.9519
-11.9519
-11.9519
-11.9519
-11.9519
-11.9519
-11.9519
-18.2564
-20.8305
-22.0847
-23.1979
-26.1067
-28.364
-25.135
-21.6622
-20.1461
-19.6756
-20.1862
-20.8005
-21.5546
-20.1331
-20.4561
-19.1114
-18.8708
-21.5354
-23.5448
-26.867
-23.8294
-20.4703
-18.112
-17.7944
-20.4289
-22.5903
-24.8015
-13.1338
-10.4625
-1.78933
6.7943
11.079
11.7571
10.6024
10.5206
12.1845
12.849
12.7216
11.4787
8.71516
9.84349
12.4084
14.2511
13.5899
10.4673
8.45875
8.32261
5.81866
2.72456
-0.656959
-3.53201
-3.2563
-4.58912
-0.857848
-2.58553
-2.18562
-1.76225
-0.788332
-0.163534
-1.72286
-4.01437
-3.6392
-1.88845
-2.22123
-5.01921
-5.2133
-2.52064
-0.8801
-1.26222
-1.00208
0.188917
-0.67577
-4.67323
-12.0593
-9.7789
-3.59101
-0.113409
-0.711114
-4.98889
-10.498
-11.5793
-11.7992
-13.993
-14.3057
-8.88613
-4.27849
-2.58792
-3.85628
-7.81526
-13.9452
-22.0807
-33.9858
-51.7183
-11.9519
-11.9519
-11.9519
-11.9519
-11.9519
-11.9519
-11.9519
-11.9519
-11.9519
-11.9519
-11.9519
-11.9519
-11.9519
-11.9519
-11.9519
-11.9519
-11.9519
-11.9519
-11.9519
-11.9519
-11.9519
-11.9519
-11.9519
-11.9519
-11.9519
-10.442
-10.1862
-7.36325
-6.33146
-8.69117
-14.5702
-21.1612
-20.3192
-16.3893
-14.9668
-14.5536
-12.6346
-9.65073
-8.14867
-6.89672
-5.36279
-4.84135
-6.66571
-12.0835
-19.6732
-17.0618
-10.7097
-8.06071
-9.24278
-12.8372
-14.1699
-12.1929
-5.0473
-9.27965
-0.854909
8.32002
15.3997
19.5793
22.1828
24.7991
27.0036
28.1353
30.0182
32.3219
33.9512
35.4954
36.3945
36.2916
35.0535
34.5258
34.6397
33.2285
28.8119
22.3904
18.5703
17.6169
16.2989
14.1475
12.2213
8.76183
5.78954
3.75623
3.83804
2.59105
-0.807726
-3.97103
-4.64882
-4.91242
-4.95489
-4.12307
-4.59796
-5.1365
-5.74748
-6.15505
-5.42474
-3.63078
-3.11805
-4.46095
-4.15938
-0.508342
2.14209
4.44666
5.45095
3.79812
-1.57899
-5.63354
-3.66588
-1.19809
-0.114697
0.457325
0.262269
-0.467332
0.366104
1.19663
-0.870155
-7.61608
-20.5666
-40.6884
-11.9519
-11.9519
-11.9519
-11.9519
-11.9519
-11.9519
-11.9519
-11.9519
-11.9519
-11.9519
-11.9519
-11.9519
-11.9519
-11.9519
-11.9519
-11.9519
-11.9519
-11.9519
-11.9519
-11.9519
-11.9519
-11.9519
-11.9519
-11.9519
-11.9519
-4.13555
-2.64625
-2.45166
-4.00169
-6.65656
-8.88408
-9.35742
-8.52984
-6.6532
-4.75928
-4.78316
-6.60022
-6.0392
-2.20256
0.185939
0.128738
-1.11399
-2.5353
-4.19415
-6.20143
-7.09722
-5.60275
-3.2216
-1.46304
-0.274061
0.786781
0.799139
1.08271
4.69562
16.2612
23.9042
27.6095
28.9558
32.0516
38.7234
45.9802
51.4945
54.7226
55.7181
55.1795
54.0079
52.3111
49.3341
45.3451
42.7075
41.5615
38.6766
32.1134
24.3498
21.721
20.5484
18.019
13.528
9.10448
6.4203
5.71009
7.41896
7.83436
6.49903
6.03683
6.8047
7.351
8.0039
8.44831
7.75297
6.03438
5.7507
6.7265
6.90433
6.06248
7.80446
10.2445
10.2434
7.58336
5.22182
6.36652
7.7053
7.20129
5.34663
3.53867
3.04926
3.87517
3.97605
3.55064
4.28214
5.49612
6.22247
6.97512
7.10958
4.67194
-2.37725
-16.1683
-38.6125
-11.9519
-11.9519
-11.9519
-11.9519
-11.9519
-11.9519
-11.9519
-11.9519
-11.9519
-11.9519
-11.9519
-11.9519
-11.9519
-11.9519
-11.9519
-11.9519
-11.9519
-11.9519
-11.9519
-11.9519
-11.9519
-11.9519
-11.9519
-11.9519
-11.9519
-7.46059
-4.57975
-2.10143
-1.45657
-2.34886
-3.46115
-4.56407
-6.59368
-8.70242
-8.51552
-7.38045
-7.4051
-7.38173
-6.19469
-5.76566
-5.66279
-5.11583
-3.918
-3.83968
-5.5817
-8.21842
-9.97153
-9.2768
-5.03014
-0.839746
0.948825
-0.534322
-3.05655
17.4495
35.717
46.2594
51.6656
53.4974
53.7714
55.1247
57.5712
59.0106
57.9633
53.6065
45.7871
37.9794
36.0688
34.6253
31.9341
28.7109
25.9535
23.5449
18.5182
14.8353
12.1159
9.18752
7.23419
6.6838
6.38976
5.71934
7.58588
11.0774
12.7498
13.6733
13.9811
12.3632
9.01597
6.59654
6.98115
7.0167
5.61829
4.30948
3.43747
3.36922
4.63396
6.81212
7.90334
7.55494
6.63649
7.91934
10.6252
11.6804
10.0911
7.22852
4.60517
2.42614
0.768824
0.932966
1.84947
2.21596
1.83243
1.41163
1.26386
-0.0798758
-3.92987
-11.2769
-24.4205
-43.502
-11.9519
-11.9519
-11.9519
-11.9519
-11.9519
-11.9519
-11.9519
-11.9519
-11.9519
-11.9519
-11.9519
-11.9519
-11.9519
-11.9519
-11.9519
-11.9519
-11.9519
-11.9519
-11.9519
-11.9519
-11.9519
-11.9519
-11.9519
-11.9519
-11.9519
-13.274
-12.91
-10.6053
-10.9009
-13.7614
-16.4608
-16.6429
-16.8799
-17.8174
-17.4488
-15.8075
-15.2363
-15.3744
-13.7224
-11.5008
-10.6262
-10.8689
-10.8899
-9.96277
-8.84507
-8.49832
-8.12168
-8.49198
-8.77359
-8.79823
-6.40419
-4.42231
-4.09447
17.8682
33.9122
44.5417
49.5399
50.1065
46.918
41.4137
36.9291
33.8475
30.7183
29.3702
30.9436
32.4625
32.5199
29.4047
25.7493
23.3884
22.9584
21.8664
19.6989
18.348
22.2391
28.9393
34.112
35.7991
34.694
31.2177
27.0178
21.952
16.0659
10.1059
7.11203
5.86889
3.90796
-0.338738
-5.42996
-10.1896
-14.1307
-11.5398
-4.64174
1.54628
3.85844
2.76011
-0.624108
-2.602
-2.67293
-1.25035
0.43067
1.04382
-0.176084
-1.39547
-1.34122
0.100711
1.43768
1.11378
-1.10071
-4.03216
-5.11242
-4.56249
-5.14521
-7.77257
-12.5585
-20.0714
-32.995
-50.8478
-11.9519
-11.9519
-11.9519
-11.9519
-11.9519
-11.9519
-11.9519
-11.9519
-11.9519
-11.9519
-11.9519
-11.9519
-11.9519
-11.9519
-11.9519
-11.9519
-11.9519
-11.9519
-11.9519
-11.9519
-11.9519
-11.9519
-11.9519
-11.9519
-11.9519
-22.7778
-22.1956
-17.393
-15.2643
-16.1998
-17.6799
-16.5025
-15.1159
-15.3143
-15.5271
-14.0885
-12.811
-13.1297
-12.743
-13.0338
-12.3223
-11.1932
-9.97108
-9.67798
-11.2667
-14.2802
-15.622
-13.793
-12.758
-13.7609
-14.6906
-14.3285
-12.8783
2.47266
23.3303
37.0723
44.9948
48.2518
48.3248
46.5956
46.2674
53.7692
62.9329
68.7362
71.3358
71.6502
70.3623
67.7957
64.2746
60.7657
57.8081
54.5888
51.0034
49.464
50.6054
51.8446
51.2927
48.8578
44.5033
38.4393
30.327
22.2535
15.7134
9.93147
5.09203
0.958524
-3.11108
-6.97682
-9.85648
-10.213
-10.3303
-10.3542
-9.32757
-6.01096
-4.03026
-3.40197
-4.82143
-8.29599
-13.4544
-16.5075
-11.9532
-4.80207
0.90932
3.75135
3.79624
1.32794
-2.58082
-5.32977
-6.22812
-5.81155
-5.282
-5.78321
-6.33648
-6.85486
-8.84642
-14.796
-26.7272
-48.344
-11.9519
-11.9519
-11.9519
-11.9519
-11.9519
-11.9519
-11.9519
-11.9519
-11.9519
-11.9519
-11.9519
-11.9519
-11.9519
-11.9519
-11.9519
-11.9519
-11.9519
-11.9519
-11.9519
-11.9519
-11.9519
-11.9519
-11.9519
-11.9519
-11.9519
-21.4907
-20.2759
-17.3936
-16.7939
-18.5901
-19.2003
-16.6175
-14.9081
-15.7371
-18.6417
-21.6968
-20.1685
-15.5571
-12.8735
-10.8737
-7.82854
-5.80083
-5.5328
-7.84189
-12.2138
-15.5182
-14.5972
-11.9958
-9.41651
-9.69621
-13.5998
-19.9864
-15.4591
-11.371
14.9115
32.9469
45.7634
54.8503
61.2425
66.2187
70.1174
72.7577
73.9535
73.6929
72.2894
70.0469
66.9036
62.4191
57.155
53.1633
50.4927
47.3026
43.9059
39.9964
35.6254
31.4275
28.7135
25.3886
25.1397
25.0917
22.7927
18.4883
14.0663
10.2518
5.78102
1.03986
-3.66057
-8.38054
-10.1455
-9.61036
-9.32459
-9.73275
-8.9698
-7.71441
-7.72716
-7.65419
-4.03047
-0.207596
-0.0325828
-3.24351
-7.53974
-7.74485
-7.0683
-4.72535
-3.35281
-3.87515
-4.26982
-2.25567
-0.213093
-0.27228
-2.60936
-6.4249
-9.55647
-10.2713
-11.4199
-15.9467
-26.3615
-44.7402
-11.9519
-11.9519
-11.9519
-11.9519
-11.9519
-11.9519
-11.9519
-11.9519
-11.9519
-11.9519
-11.9519
-11.9519
-11.9519
-11.9519
-11.9519
-11.9519
-11.9519
-11.9519
-11.9519
-11.9519
-11.9519
-11.9519
-11.9519
-11.9519
-11.9519
-15.4339
-14.4369
-13.0007
-11.8457
-11.3869
-11.3226
-10.7357
-10.0489
-10.9895
-13.6488
-15.4595
-12.7173
-9.12729
-7.65417
-9.50106
-12.8023
-15.059
-17.2416
-18.5307
-18.5058
-17.4321
-18.1306
-16.6626
-13.6653
-12.9147
-14.7987
-18.0869
-15.6127
-9.06618
17.7055
35.4492
48.2052
56.9657
62.6103
65.6705
66.4261
64.7152
60.0332
51.6752
38.9686
27.7627
26.2908
28.3921
29.2444
29.6193
33.3698
41.3349
46.5189
47.5131
43.995
36.2346
28.7325
25.9967
24.6957
22.5893
18.7551
12.2847
2.60115
-1.73464
-2.44813
-3.1266
-3.70271
-0.838583
3.76914
6.73905
7.36033
5.69291
1.19109
-5.16067
-11.3501
-9.06979
-3.09366
0.830776
1.2168
-2.21151
-8.97363
-15.5442
-16.5821
-15.0333
-13.9636
-10.5291
-4.52753
-0.767733
-0.128608
-1.54871
-3.29507
-4.98131
-7.09422
-9.44668
-12.5818
-18.2208
-28.6566
-46.3418
-11.9519
-11.9519
-11.9519
-11.9519
-11.9519
-11.9519
-11.9519
-11.9519
-11.9519
-11.9519
-11.9519
-11.9519
-11.9519
-11.9519
-11.9519
-11.9519
-11.9519
-11.9519
-11.9519
-11.9519
-11.9519
-11.9519
-11.9519
-11.9519
-11.9519
-11.3353
-11.2828
-10.7469
-10.4363
-11.5237
-14.0615
-16.0848
-15.4885
-14.9164
-16.4466
-19.5306
-21.191
-19.2299
-18.2869
-18.254
-18.0374
-19.4347
-19.0274
-20.3716
-16.2205
-9.39941
-4.69592
-3.33934
-4.68954
-8.91006
-13.7151
-19.0971
-14.8852
-11.1751
7.99296
19.9778
28.0407
31.807
32.8966
33.9066
37.1965
46.7387
57.4975
65.0887
69.5008
72.0793
74.07
75.7071
76.661
77.0373
77.4277
78.0206
78.2621
77.4756
75.3417
71.8865
67.1275
61.1074
54.1077
47.4484
41.7494
36.0032
29.5916
22.8678
15.3463
8.59357
5.83843
4.01523
0.278306
-3.45819
-3.68341
-1.52369
-0.460286
0.456903
1.02148
0.338559
-1.5503
-2.46457
-3.85976
-6.08911
-8.50532
-8.63073
-9.22191
-10.6988
-12.2047
-11.8138
-8.44861
-4.29063
-1.34624
-0.130367
-0.155588
-0.642826
-1.4925
-3.29132
-7.09767
-13.7549
-24.776
-43.6089
-11.9519
-11.9519
-11.9519
-11.9519
-11.9519
-11.9519
-11.9519
-11.9519
-11.9519
-11.9519
-11.9519
-11.9519
-11.9519
-11.9519
-11.9519
-11.9519
-11.9519
-11.9519
-11.9519
-11.9519
-11.9519
-11.9519
-11.9519
-11.9519
-11.9519
-6.49517
-7.35033
-8.16142
-9.80173
-11.7674
-11.9255
-10.6623
-10.1676
-11.763
-15.8636
-20.4624
-19.192
-14.7161
-10.8471
-7.8704
-5.25881
-4.00671
-5.11849
-8.0614
-9.71067
-7.91547
-6.27098
-7.38466
-11.0327
-16.1056
-20.7382
-23.1382
-16.1183
-6.26301
2.75692
7.4357
11.3793
18.057
27.4564
38.9192
51.1589
61.5243
69.1035
74.0428
76.7634
77.9487
78.3145
78.4796
78.5961
78.4996
78.0786
77.3024
76.0367
73.7539
69.9602
64.5027
57.6332
49.2081
38.0603
27.7247
25.4803
24.9825
23.2291
19.6368
14.6302
11.5672
11.4473
9.9879
6.05614
1.34997
-0.706578
-1.78421
-3.29033
-4.46653
-5.12844
-5.68077
-4.80283
-1.65387
0.942292
2.63311
3.62434
3.26184
0.647364
-3.14529
-5.57
-5.82776
-3.74375
-0.0785582
2.68781
4.21143
4.90631
4.32774
2.05889
-1.28395
-5.28048
-11.4611
-22.54
-40.2462
-11.9519
-11.9519
-11.9519
-11.9519
-11.9519
-11.9519
-11.9519
-11.9519
-11.9519
-11.9519
-11.9519
-11.9519
-11.9519
-11.9519
-11.9519
-11.9519
-11.9519
-11.9519
-11.9519
-11.9519
-11.9519
-11.9519
-11.9519
-11.9519
-11.9519
-14.8198
-17.148
-19.3772
-18.1286
-14.5845
-10.9489
-8.58477
-8.37867
-9.93007
-11.4319
-11.2898
-9.15767
-6.07671
-4.76184
-6.0959
-7.89725
-8.43717
-8.90844
-11.5627
-15.0983
-14.7408
-11.3864
-9.92079
-11.2413
-14.8481
-16.1901
-15.9483
-11.9969
-3.81178
6.11965
13.0119
16.9371
21.3111
30.9447
42.6447
51.8458
57.0107
57.8858
54.4339
46.5085
35.513
33.4204
35.7083
36.9968
36.5291
35.2318
33.9788
32.845
31.2976
28.426
25.5487
23.9675
24.3003
23.8464
21.4941
18.3803
15.6065
14.338
12.6694
10.3576
7.52393
5.29966
5.05089
4.51241
2.44618
0.356782
-0.246106
-0.195642
-0.701133
-2.75393
-5.20818
-5.27006
-2.72427
-1.25294
2.1315
5.29343
6.21986
5.0678
4.02367
4.09272
3.5213
3.0754
3.37018
3.32344
2.13529
1.15508
1.48024
1.37211
-0.784411
-6.24254
-15.7161
-29.5785
-48.5071
-11.9519
-11.9519
-11.9519
-11.9519
-11.9519
-11.9519
-11.9519
-11.9519
-11.9519
-11.9519
-11.9519
-11.9519
-11.9519
-11.9519
-11.9519
-11.9519
-11.9519
-11.9519
-11.9519
-11.9519
-11.9519
-11.9519
-11.9519
-11.9519
-11.9519
-12.515
-12.0472
-12.913
-15.931
-19.5641
-19.2931
-16.2811
-14.4952
-14.4023
-14.8748
-15.3729
-15.2711
-13.1036
-9.71538
-7.62464
-6.82916
-6.47823
-6.72097
-8.19326
-11.4378
-14.3053
-14.2247
-11.1079
-9.59188
-11.3001
-14.2901
-14.7169
-10.3816
-10.1746
-1.58956
5.32789
9.28831
9.54036
8.83117
14.7038
24.3295
34.2733
42.1562
47.2245
50.0678
51.9193
53.8248
55.3652
55.6602
54.8708
53.8769
53.1034
51.7671
49.2294
46.6388
46.0522
47.0181
46.9575
44.7615
40.7005
34.9139
27.7402
19.6776
11.1835
4.70659
1.49557
0.687119
0.136044
-0.0368669
1.33953
2.3929
1.40905
-1.29916
-3.8339
-4.92924
-4.66893
-2.53492
-0.780669
0.800184
3.43738
5.56788
5.61369
3.83291
1.91716
0.0536295
-1.52392
-1.26765
-0.073704
0.324844
-0.234272
-1.33139
-1.21571
1.28929
3.02391
1.4671
-4.57756
-16.5424
-35.6242
-11.9519
-11.9519
-11.9519
-11.9519
-11.9519
-11.9519
-11.9519
-11.9519
-11.9519
-11.9519
-11.9519
-11.9519
-11.9519
-11.9519
-11.9519
-11.9519
-11.9519
-11.9519
-11.9519
-11.9519
-11.9519
-11.9519
-11.9519
-11.9519
-11.9519
-11.2153
-10.5405
-10.3186
-12.3995
-15.2624
-14.6051
-12.6262
-12.5517
-14.8951
-17.3308
-14.1516
-9.15261
-6.78841
-7.39623
-9.09374
-9.46321
-9.16781
-9.6804
-10.4749
-10.3212
-9.31895
-9.66326
-10.0718
-7.87819
-5.86211
-6.12761
-9.35178
-11.1019
-9.32151
-3.47348
3.11972
6.9737
9.09257
11.6751
19.9297
35.1933
47.9457
55.8491
59.5653
59.8168
57.7796
55.9768
56.2495
56.8703
56.2005
54.2466
51.7989
49.1071
45.9369
42.6448
39.2838
34.7181
28.8751
24.2603
20.5503
17.8419
13.98
8.96082
3.70042
-0.488503
-1.70505
0.299312
1.20931
1.56788
3.11065
4.01305
3.6068
2.55214
2.70183
2.51592
1.75427
0.875338
1.05772
1.97961
4.1255
6.26198
6.80151
4.49454
0.344973
-3.00042
-3.67084
-3.19605
-1.55413
0.318678
0.892561
0.320886
0.757791
3.05828
4.13662
1.94045
-4.58764
-16.8494
-36.8858
-11.9519
-11.9519
-11.9519
-11.9519
-11.9519
-11.9519
-11.9519
-11.9519
-11.9519
-11.9519
-11.9519
-11.9519
-11.9519
-11.9519
-11.9519
-11.9519
-11.9519
-11.9519
-11.9519
-11.9519
-11.9519
-11.9519
-11.9519
-11.9519
-11.9519
-15.1414
-11.0526
-8.0946
-8.60746
-11.7868
-14.0137
-13.5831
-12.2024
-8.98582
-6.04745
-5.23484
-6.19681
-7.66864
-8.85875
-9.30875
-9.34883
-10.1808
-12.1209
-13.5158
-11.9076
-9.81673
-9.40202
-8.29659
-4.58938
-2.13067
-2.7153
-6.37955
-10.2538
-7.22095
0.554542
9.59805
16.0028
19.3438
20.8689
23.0953
27.8873
33.1604
36.4455
36.6265
34.3509
30.4823
26.6542
25.924
27.3278
27.7108
30.1005
35.1877
37.9928
37.4479
34.4555
31.0862
27.5836
24.1018
20.1404
16.3384
11.4086
8.64226
8.30243
8.04
7.01037
6.38639
6.74693
6.89801
5.35973
2.48233
0.562828
2.21245
4.33964
5.51347
5.48256
4.22543
2.24163
1.61175
2.45581
2.44103
0.772614
-1.07249
-1.3239
-1.52329
-3.67153
-6.64804
-6.71087
-1.43985
3.94597
6.72017
6.77118
4.57321
0.666187
-5.00733
-12.161
-20.8241
-32.1826
-49.6577
-11.9519
-11.9519
-11.9519
-11.9519
-11.9519
-11.9519
-11.9519
-11.9519
-11.9519
-11.9519
-11.9519
-11.9519
-11.9519
-11.9519
-11.9519
-11.9519
-11.9519
-11.9519
-11.9519
-11.9519
-11.9519
-11.9519
-11.9519
-11.9519
-11.9519
-8.83521
-7.90418
-5.10398
-4.05702
-6.21471
-10.7141
-13.27
-10.4668
-5.42032
-2.44076
-2.61277
-5.53052
-9.24745
-10.6372
-9.59456
-7.33196
-6.20894
-6.94401
-8.61698
-9.86019
-9.20217
-8.23852
-7.81124
-8.85963
-10.1494
-10.8168
-12.0763
-11.6964
-11.4511
-1.24024
6.77476
12.44
15.2601
15.7157
15.6308
22.6216
37.3179
49.0153
56.4167
60.4967
62.1648
62.22
61.572
61.299
61.7967
62.2351
61.8307
60.3747
57.6317
53.3613
47.516
40.2179
32.3861
26.8664
23.6293
19.0659
12.4588
8.41561
8.19758
7.19181
4.32887
1.82518
2.10095
3.11009
3.23611
2.06214
0.854138
0.554507
1.08213
1.06707
0.173738
-0.957748
-0.447907
0.737003
1.00694
0.643696
1.98104
4.14479
4.93272
3.81421
1.38
-1.6575
-3.22818
-0.407697
3.19193
4.96406
4.99372
3.81121
1.22883
-3.91293
-13.3368
-28.7972
-53.5306
-11.9519
-11.9519
-11.9519
-11.9519
-11.9519
-11.9519
-11.9519
-11.9519
-11.9519
-11.9519
-11.9519
-11.9519
-11.9519
-11.9519
-11.9519
-11.9519
-11.9519
-11.9519
-11.9519
-11.9519
-11.9519
-11.9519
-11.9519
-11.9519
-11.9519
-9.62267
-11.039
-12.1259
-12.5629
-13.5656
-14.2699
-12.6528
-10.2706
-9.42697
-10.7326
-13.4264
-14.4598
-12.8398
-11.4377
-11.8779
-11.2035
-10.4648
-10.4986
-9.73565
-6.2395
-2.45837
-1.30113
-2.039
-3.16334
-4.71893
-6.33873
-7.91141
-7.848
-7.3594
-2.73449
0.197063
3.32752
6.80915
10.2118
17.0361
29.8111
40.9861
49.0971
54.6416
58.0471
59.1193
57.7883
54.7588
52.6814
53.0504
53.1698
50.9555
46.1569
39.8446
33.4002
27.0359
23.2562
22.3151
18.6305
12.6968
6.45997
4.45396
4.86289
5.5404
5.7414
4.90481
2.92289
0.997644
0.809009
1.02381
0.411052
-0.148517
1.80789
3.69328
2.30687
-0.699256
0.155964
3.39388
4.04628
2.65013
0.762457
1.30407
2.42392
1.94499
-1.40568
-6.3299
-10.6755
-11.0896
-7.08134
-4.40009
-3.47686
-0.80139
2.69162
3.36546
-0.174518
-8.92943
-24.2266
-46.6403
-11.9519
-11.9519
-11.9519
-11.9519
-11.9519
-11.9519
-11.9519
-11.9519
-11.9519
-11.9519
-11.9519
-11.9519
-11.9519
-11.9519
-11.9519
-11.9519
-11.9519
-11.9519
-11.9519
-11.9519
-11.9519
-11.9519
-11.9519
-11.9519
-11.9519
-6.92247
-8.82924
-11.6525
-13.9486
-13.8276
-11.6148
-9.02921
-7.66822
-7.80283
-9.05119
-10.6517
-12.0359
-13.1213
-14.3037
-15.5478
-13.9114
-11.3432
-10.1814
-9.17584
-4.43658
0.102895
2.06312
1.38975
0.12122
-0.341143
-1.49522
-4.01448
-4.91085
-4.38189
-0.642768
3.01167
10.0485
16.3982
19.9702
22.7569
27.1911
32.1996
35.4659
36.3773
35.5313
35.6625
37.3801
37.5648
34.8315
30.6751
30.6933
33.8024
37.2128
39.0037
38.7662
36.3683
32.2554
27.5381
23.622
19.8207
14.6962
10.4982
8.52703
6.74607
4.70479
3.00275
1.9394
1.816
2.61014
3.88817
5.48819
6.66732
6.81133
6.32969
4.80063
2.20548
-0.0494337
0.127497
0.884826
0.832681
1.30233
4.028
7.06242
8.28093
7.58179
5.39125
2.55821
0.785698
1.37152
2.7399
3.20723
2.41608
0.770613
-1.69029
-5.68188
-12.9741
-25.0686
-44.2034
-11.9519
-11.9519
-11.9519
-11.9519
-11.9519
-11.9519
-11.9519
-11.9519
-11.9519
-11.9519
-11.9519
-11.9519
-11.9519
-11.9519
-11.9519
-11.9519
-11.9519
-11.9519
-11.9519
-11.9519
-11.9519
-11.9519
-11.9519
-11.9519
-11.9519
-10.0762
-15.9369
-18.7416
-17.0857
-14.3842
-10.6372
-7.47449
-6.50773
-6.87177
-6.43101
-5.5694
-5.72348
-6.98641
-9.01865
-12.1582
-15.1864
-16.8116
-16.0804
-12.7577
-9.26337
-7.95174
-9.36386
-11.4598
-9.28314
-6.85152
-6.12749
-6.13535
-4.7582
-5.25662
-3.89655
0.720493
7.66607
15.0845
21.9214
28.1823
36.9781
46.0162
52.4874
56.1115
57.7492
58.2042
57.3311
54.2523
48.2268
39.6652
34.0564
36.9176
41.1816
43.0529
42.1999
38.9369
33.6191
25.9061
17.366
12.613
10.2135
7.15028
3.0184
-1.79755
-5.16452
-4.64409
-2.49198
-2.03475
-2.05568
0.104935
2.69589
2.75817
-0.267111
-2.82838
0.315117
5.85182
9.32724
10.3685
8.97304
5.58881
1.76254
0.227273
2.10028
4.68776
5.94346
5.97687
5.24679
3.94006
1.77372
-0.567245
-2.39978
-2.07187
0.385928
1.63066
-0.359671
-6.86023
-19.3912
-38.1041
-11.9519
-11.9519
-11.9519
-11.9519
-11.9519
-11.9519
-11.9519
-11.9519
-11.9519
-11.9519
-11.9519
-11.9519
-11.9519
-11.9519
-11.9519
-11.9519
-11.9519
-11.9519
-11.9519
-11.9519
-11.9519
-11.9519
-11.9519
-11.9519
-11.9519
-14.9066
-19.0007
-20.1738
-18.3275
-16.1668
-14.0038
-11.9248
-10.0307
-8.85453
-7.66928
-5.02619
-2.76826
-3.05944
-6.57413
-12.2266
-14.4077
-13.9621
-12.7309
-10.8321
-9.71605
-9.66625
-9.65631
-9.80377
-10.5746
-12.5654
-12.8614
-9.79546
-4.35806
2.01444
11.1601
22.1963
34.6702
44.6823
51.3007
55.8527
59.347
61.2205
60.4855
56.5605
50.0841
43.9915
39.854
35.9809
32.3262
29.5472
32.4608
39.2797
42.9994
42.9674
39.7727
35.5083
34.4624
34.737
33.6626
29.8145
23.3205
16.672
12.1316
10.9536
11.0115
10.329
9.07503
7.4904
5.7041
4.75034
4.99856
4.9168
3.6923
1.7789
1.32736
2.88428
6.02863
9.03751
10.2316
8.57294
3.7483
-3.51209
-7.02635
-3.22287
2.22819
6.3372
7.77827
6.58203
3.42309
-0.629409
-4.68255
-6.736
-6.05319
-6.59017
-10.7112
-19.2598
-33.6461
-52.8278
-11.9519
-11.9519
-11.9519
-11.9519
-11.9519
-11.9519
-11.9519
-11.9519
-11.9519
-11.9519
-11.9519
-11.9519
-11.9519
-11.9519
-11.9519
-11.9519
-11.9519
-11.9519
-11.9519
-11.9519
-11.9519
-11.9519
-11.9519
-11.9519
-11.9519
-11.1413
-10.9612
-12.9766
-16.8559
-19.4486
-19.1343
-18.0796
-16.0416
-13.7196
-11.6037
-9.86672
-9.78549
-12.3702
-17.1169
-19.2633
-16.3096
-14.2459
-12.8338
-12.5626
-12.7486
-11.8878
-9.79552
-7.07134
-5.30884
-4.80799
-5.2052
-6.07097
-3.29428
1.90075
13.6541
27.0628
38.5811
46.1561
49.9003
50.8526
51.0188
53.6487
59.2003
64.2892
67.203
68.2587
68.245
67.6703
66.4183
64.7328
64.3004
66.4535
68.8523
69.315
67.2239
62.5729
55.694
48.098
41.6176
35.2378
26.5774
17.5454
10.8041
5.11351
2.22386
2.32387
1.94201
0.407518
-0.273057
0.481471
0.807103
0.508071
0.210252
0.860935
2.6122
4.33891
6.12113
8.01022
8.32755
6.06805
1.25554
-4.09471
-6.5635
-3.79869
-0.603874
0.320865
-1.03046
-3.6435
-5.93442
-5.39383
-2.75076
-0.779985
-0.512961
-2.27254
-6.61089
-14.6199
-27.9038
-48.708
-11.9519
-11.9519
-11.9519
-11.9519
-11.9519
-11.9519
-11.9519
-11.9519
-11.9519
-11.9519
-11.9519
-11.9519
-11.9519
-11.9519
-11.9519
-11.9519
-11.9519
-11.9519
-11.9519
-11.9519
-11.9519
-11.9519
-11.9519
-11.9519
-11.9519
-6.61064
-7.21125
-10.5524
-14.5097
-14.5354
-12.5321
-11.8096
-11.6747
-9.9289
-6.902
-4.78474
-4.40378
-5.75984
-8.47208
-11.3723
-13.5415
-14.0969
-14.0542
-15.6022
-17.3341
-14.7514
-9.41008
-5.28138
-3.71174
-4.85442
-8.60937
-13.8655
-11.3964
-7.33556
1.67314
8.77412
15.8873
24.7128
34.1183
43.2479
52.2505
59.632
64.6791
67.4797
68.384
67.7761
66.1065
64.0353
62.1291
60.0391
57.6856
56.0075
55.5251
54.2621
50.6045
43.9466
34.5814
25.2567
20.3779
17.2523
13.7374
8.89561
4.83816
2.43863
0.469714
-0.748275
0.0670811
1.26664
0.465692
-2.18557
-5.51679
-7.64215
-7.36681
-5.27982
-4.22207
-3.22285
-2.89323
-3.59472
-4.20385
-2.27682
0.139341
1.97096
3.92578
5.66632
5.42843
2.48662
-2.23684
-5.77622
-6.06929
-4.40256
-2.70336
-2.85277
-5.08014
-8.74139
-13.4917
-21.1952
-34.7334
-56.2441
-11.9519
-11.9519
-11.9519
-11.9519
-11.9519
-11.9519
-11.9519
-11.9519
-11.9519
-11.9519
-11.9519
-11.9519
-11.9519
-11.9519
-11.9519
-11.9519
-11.9519
-11.9519
-11.9519
-11.9519
-11.9519
-11.9519
-11.9519
-11.9519
-11.9519
-13.6902
-11.9894
-12.6533
-15.1892
-16.3829
-15.3072
-15.0287
-15.6187
-15.2677
-14.0052
-13.2806
-12.5225
-11.4048
-9.98968
-8.89301
-8.40407
-9.05929
-11.2868
-15.0144
-18.1919
-17.787
-15.4495
-14.344
-14.303
-15.0555
-15.5909
-16.427
-14.7274
-13.3198
-7.1569
5.20977
17.1599
27.3902
35.6019
42.6129
48.3159
51.8661
53.0252
52.1963
50.675
50.2022
50.8976
51.4333
50.7796
49.0998
46.9721
44.2075
41.1767
40.6806
42.8106
44.1061
43.1716
39.7386
33.7303
25.5454
16.674
9.25498
4.31331
1.20496
-1.38128
-2.86166
-2.92096
-1.95101
0.685683
2.44935
1.39968
-1.34707
-0.722745
2.62459
3.44921
1.37961
-1.57326
-3.02596
-3.40581
-3.29034
-2.63756
-1.99957
-2.65539
-3.8563
-5.52316
-6.76733
-6.16127
-3.42355
-1.24325
-1.45079
-3.74749
-6.76953
-9.37829
-12.4815
-17.1715
-24.425
-36.906
-55.9635
-11.9519
-11.9519
-11.9519
-11.9519
-11.9519
-11.9519
-11.9519
-11.9519
-11.9519
-11.9519
-11.9519
-11.9519
-11.9519
-11.9519
-11.9519
-11.9519
-11.9519
-11.9519
-11.9519
-11.9519
-11.9519
-11.9519
-11.9519
-11.9519
-11.9519
-11.4642
-12.159
-14.6405
-16.4641
-15.2578
-14.251
-15.3593
-17.279
-17.8563
-17.3155
-17.1364
-17.19
-17.168
-18.0603
-18.7097
-17.1365
-15.2512
-15.9142
-18.3286
-20.411
-19.5996
-16.9403
-14.1908
-12.05
-11.3328
-10.7066
-10.7272
-10.1261
-10.4813
-6.2861
-0.123679
3.18265
3.72174
5.11217
16.7179
32.1348
43.7611
50.9886
55.023
56.7291
56.7371
55.493
53.3964
51.2088
49.2069
46.9824
43.9381
40.2689
37.273
35.8195
34.2585
30.8455
24.1762
15.38
7.58549
5.57602
4.77789
4.51693
2.87615
-1.17779
-4.9656
-5.08469
-4.02293
-3.70093
-3.89529
-3.88302
-2.90676
-1.92799
-2.01931
-4.26883
-6.86458
-7.54412
-6.18726
-5.03841
-3.23751
-1.1674
0.339826
0.110264
-2.16625
-5.14735
-6.5985
-8.0971
-9.59898
-8.85866
-8.09261
-8.57833
-9.00218
-8.86428
-9.95611
-13.6404
-20.7347
-33.0275
-53.5094
-11.9519
-11.9519
-11.9519
-11.9519
-11.9519
-11.9519
-11.9519
-11.9519
-11.9519
-11.9519
-11.9519
-11.9519
-11.9519
-11.9519
-11.9519
-11.9519
-11.9519
-11.9519
-11.9519
-11.9519
-11.9519
-11.9519
-11.9519
-11.9519
-11.9519
-7.83119
-8.94545
-12.6863
-17.6381
-17.6088
-14.2106
-12.1196
-11.3298
-10.8326
-10.4715
-10.5857
-10.7702
-11.5073
-13.6166
-15.8422
-15.0181
-13.1239
-13.1456
-15.7566
-19.8523
-21.1042
-18.0339
-13.546
-9.68859
-7.25092
-6.01003
-5.81841
-5.61312
-6.73295
-7.31973
-3.79758
0.0517404
4.05851
10.1425
20.5446
31.0487
37.5957
39.7322
38.0425
33.7727
31.0033
31.0541
30.124
27.4687
24.8326
25.2167
27.6643
29.5106
29.1542
26.2432
21.6757
17.9233
15.0075
10.9098
5.28036
3.35508
4.41656
4.48031
2.02537
-1.58404
-3.01103
-1.24857
0.463424
0.566087
-0.888565
-2.95754
-3.30842
-0.91078
2.39222
3.57769
1.95514
-1.28084
-2.94901
-2.25874
-1.00892
-0.233572
0.265651
0.567951
1.62803
3.58509
4.04225
1.26814
-4.73233
-9.84614
-9.74004
-6.42218
-2.78362
-1.07796
-2.49626
-7.48709
-16.3811
-30.4365
-50.5398
-11.9519
-11.9519
-11.9519
-11.9519
-11.9519
-11.9519
-11.9519
-11.9519
-11.9519
-11.9519
-11.9519
-11.9519
-11.9519
-11.9519
-11.9519
-11.9519
-11.9519
-11.9519
-11.9519
-11.9519
-11.9519
-11.9519
-11.9519
-11.9519
-11.9519
-4.32512
-6.25577
-8.16151
-8.39445
-8.0668
-8.38089
-10.1488
-12.142
-12.0585
-11.6796
-13.2414
-15.202
-15.7221
-15.9094
-16.6758
-15.5555
-14.0941
-13.4921
-14.1983
-15.745
-16.4984
-15.9745
-15.135
-15.1509
-16.0286
-15.7935
-14.3576
-10.3337
-8.74725
-7.91969
-7.70254
-8.52074
-8.6955
-5.77066
0.832038
10.9436
20.9493
29.7124
36.5109
40.8875
43.1258
43.301
41.2338
37.1367
32.4835
29.5086
26.6852
22.35
17.4655
14.4329
12.7666
11.1213
9.88517
9.06026
7.24241
7.22183
7.43456
7.22732
6.88843
5.97995
3.32937
-0.983774
-4.8724
-3.9028
0.00637013
2.48403
4.41612
7.01853
8.64595
7.43707
3.44265
-1.12967
-3.48215
-5.18021
-6.67291
-6.37858
-4.50391
-2.51261
-0.500177
0.293743
-0.856483
-3.87032
-5.72364
-4.11273
-2.50969
-2.41383
-1.89716
-0.958486
-1.96119
-6.35885
-14.6487
-27.368
-47.4795
-11.9519
-11.9519
-11.9519
-11.9519
-11.9519
-11.9519
-11.9519
-11.9519
-11.9519
-11.9519
-11.9519
-11.9519
-11.9519
-11.9519
-11.9519
-11.9519
-11.9519
-11.9519
-11.9519
-11.9519
-11.9519
-11.9519
-11.9519
-11.9519
-11.9519
-7.6861
-10.4395
-13.8824
-15.3616
-15.4465
-15.9689
-16.7428
-15.8612
-13.5167
-12.4163
-12.8615
-13.2896
-13.634
-15.4294
-18.3838
-19.7484
-18.5579
-16.0326
-12.3524
-10.0631
-9.73205
-10.752
-12.3279
-14.2463
-15.7533
-15.5065
-15.1109
-12.6209
-13.2592
-12.0944
-9.80062
-8.69992
-7.81732
-4.88743
2.0464
10.0947
16.2847
19.488
21.6206
24.5116
29.228
33.4303
35.3965
34.9128
32.7723
30.2566
27.6423
26.1307
27.2418
29.2529
29.7193
28.0079
24.1812
18.7357
12.9165
9.50948
7.01508
2.53867
-3.56709
-9.25252
-13.7485
-14.9462
-12.7119
-8.30932
-3.75294
-1.05395
-0.880758
-2.30396
-2.79418
-2.70615
-3.59465
-4.54762
-4.62601
-5.81987
-8.29787
-10.7941
-10.7207
-9.22941
-7.30787
-6.43035
-6.23938
-6.66424
-7.55267
-7.58852
-6.08269
-4.96556
-5.47462
-6.93994
-8.33036
-10.5685
-15.935
-26.6768
-45.1993
-11.9519
-11.9519
-11.9519
-11.9519
-11.9519
-11.9519
-11.9519
-11.9519
-11.9519
-11.9519
-11.9519
-11.9519
-11.9519
-11.9519
-11.9519
-11.9519
-11.9519
-11.9519
-11.9519
-11.9519
-11.9519
-11.9519
-11.9519
-11.9519
-11.9519
-9.12448
-9.86596
-12.9733
-15.7013
-16.8598
-18.091
-19.3086
-19.2952
-19.5268
-20.1981
-18.8964
-14.7526
-10.081
-7.04519
-5.92265
-6.90323
-10.0553
-14.2274
-15.1693
-12.5628
-10.687
-10.9914
-13.1633
-15.3411
-16.7621
-16.1434
-13.9107
-10.2354
-8.49486
-4.67577
0.68325
3.7749
4.22585
2.57491
2.1439
12.6701
25.8719
36.444
44.2988
49.1075
50.9216
50.0208
47.2145
44.1127
41.6247
38.9656
35.7182
33.3172
32.5847
31.8774
29.8378
26.0721
19.9028
11.8123
6.2735
5.40641
3.70621
1.77068
1.16236
1.70716
1.3641
-1.10421
-5.77468
-9.72429
-8.18674
-4.89646
-2.98694
-3.23731
-3.9045
-3.08632
-1.51606
-0.862425
-1.69526
-3.94065
-6.43461
-8.81841
-10.9504
-11.1144
-7.27409
-3.34504
-0.902729
0.329992
1.62166
3.43847
4.54721
3.82561
1.39409
-1.61882
-4.83663
-9.41693
-17.168
-29.9868
-50.7913
-11.9519
-11.9519
-11.9519
-11.9519
-11.9519
-11.9519
-11.9519
-11.9519
-11.9519
-11.9519
-11.9519
-11.9519
-11.9519
-11.9519
-11.9519
-11.9519
-11.9519
-11.9519
-11.9519
-11.9519
-11.9519
-11.9519
-11.9519
-11.9519
-11.9519
-14.9421
-16.1787
-18.1063
-19.2425
-20.3757
-21.8719
-20.9351
-17.5096
-14.1194
-12.1952
-11.7372
-12.0345
-11.7545
-10.5606
-9.46246
-9.79765
-12.4194
-16.2138
-19.299
-18.8298
-17.0157
-16.0929
-16.0169
-15.9689
-15.8175
-14.2648
-12.0944
-8.41717
-7.34174
-4.8777
-1.82957
-0.602306
0.428738
4.28312
12.3723
22.1118
29.4973
33.7678
36.1679
38.2422
40.386
42.0371
42.5398
41.7412
39.8727
37.8264
36.4351
35.5214
33.5774
29.3422
22.881
16.0528
10.7181
7.38107
2.84431
-1.74104
-5.66111
-6.72602
-3.8115
-0.00232958
2.42158
3.07157
1.89051
-0.747944
-2.57193
-0.706215
2.11964
3.40646
3.10145
1.6276
-0.129903
-1.81856
-3.86421
-7.22987
-10.7527
-12.0822
-10.3869
-8.45695
-6.24535
-4.66588
-4.99602
-7.78422
-11.5697
-11.3192
-8.18378
-6.49344
-6.2705
-6.76307
-8.67541
-13.9361
-24.3233
-40.3085
-64.1379
-11.9519
-11.9519
-11.9519
-11.9519
-11.9519
-11.9519
-11.9519
-11.9519
-11.9519
-11.9519
-11.9519
-11.9519
-11.9519
-11.9519
-11.9519
-11.9519
-11.9519
-11.9519
-11.9519
-11.9519
-11.9519
-11.9519
-11.9519
-11.9519
-11.9519
-16.6406
-14.9605
-12.6258
-11.4109
-12.6746
-16.0742
-18.6014
-18.8004
-18.8434
-18.6073
-17.8103
-17.5364
-17.3011
-16.2157
-15.683
-16.0615
-17.4977
-17.8018
-16.5858
-15.6175
-14.677
-13.8358
-12.9107
-12.2912
-13.8102
-16.9699
-19.3492
-13.2864
-10.6809
-5.5093
-1.22907
0.274036
-0.135569
-0.109024
2.4855
11.1344
23.9572
35.9236
44.9038
50.6649
53.4769
53.7274
52.1893
50.2728
48.623
46.1034
41.9336
37.2492
33.1932
28.1591
20.1298
10.3021
3.55006
0.176804
-2.69525
-2.21953
-0.158354
1.5313
1.09711
-1.1096
-2.88952
-1.62
0.189149
0.757414
-0.0285238
-1.40024
-1.96817
-0.853262
1.15803
2.5669
2.33315
0.00181808
-3.48144
-5.50937
-5.38872
-4.86426
-3.16316
-0.703454
1.37543
2.67829
3.3366
2.54611
-0.482067
-4.61845
-5.88402
-4.2956
-3.06945
-3.59375
-6.69349
-13.1534
-23.6264
-39.6837
-65.2954
-11.9519
-11.9519
-11.9519
-11.9519
-11.9519
-11.9519
-11.9519
-11.9519
-11.9519
-11.9519
-11.9519
-11.9519
-11.9519
-11.9519
-11.9519
-11.9519
-11.9519
-11.9519
-11.9519
-11.9519
-11.9519
-11.9519
-11.9519
-11.9519
-11.9519
-15.492
-16.0087
-15.838
-15.3932
-16.1187
-17.6258
-18.0802
-18.1767
-18.4796
-17.0539
-13.6441
-10.6049
-9.31105
-10.1781
-12.9568
-15.8497
-17.1339
-16.5328
-16.637
-18.3017
-18.9579
-16.372
-13.1429
-12.3551
-15.0541
-19.3856
-20.299
-14.5571
-11.8168
-8.43409
-5.14653
-2.65512
-0.64864
2.36811
6.80332
11.2998
15.2374
19.2764
23.3473
26.2598
27.5488
28.2475
28.7365
28.7416
27.9566
26.8622
25.8199
24.5769
22.7024
19.7312
14.5091
6.97759
-1.29038
-3.56616
-1.96808
-0.573641
-0.0228625
-0.0513838
-1.83802
-4.8648
-5.0195
-2.01638
-0.297194
-0.938811
-3.37221
-4.57484
-1.90441
0.694679
1.18309
-0.20564
-0.950595
-0.273545
0.022917
-1.30564
-3.59813
-4.75433
-2.89726
-1.00992
-1.43261
-4.76949
-8.67308
-9.12821
-7.88073
-6.54431
-5.4011
-4.76911
-4.75875
-5.16602
-6.67382
-10.4678
-17.8282
-30.802
-50.6492
-11.9519
-11.9519
-11.9519
-11.9519
-11.9519
-11.9519
-11.9519
-11.9519
-11.9519
-11.9519
-11.9519
-11.9519
-11.9519
-11.9519
-11.9519
-11.9519
-11.9519
-11.9519
-11.9519
-11.9519
-11.9519
-11.9519
-11.9519
-11.9519
-11.9519
-15.2442
-17.0213
-17.2207
-14.3156
-12.8097
-14.4128
-18.2366
-21.3713
-21.881
-19.8072
-16.335
-13.7844
-13.4373
-15.3088
-17.7494
-17.4672
-15.8146
-14.4716
-14.4832
-15.9794
-16.9831
-13.7258
-10.0893
-9.24576
-11.5605
-15.333
-18.0063
-16.122
-15.7888
-14.4602
-12.4458
-10.8841
-8.92692
-6.2917
-4.0073
-0.681516
5.00801
11.0093
16.5009
21.9735
26.6916
29.2552
29.5507
28.7396
27.9773
26.9682
24.4098
20.2356
14.6351
8.57747
3.12438
-0.340842
-1.59208
-1.02856
-0.97803
-1.39493
-3.28536
-4.41213
-3.45643
-2.05935
-2.00099
-3.43329
-5.25539
-6.68572
-8.2983
-8.59653
-5.50309
-1.82301
0.639322
2.14634
3.07041
2.77869
0.56091
-3.57292
-7.45221
-8.07995
-7.32449
-7.7811
-8.4904
-7.83743
-6.56711
-6.34242
-7.3829
-8.87755
-10.0897
-11.3567
-11.7459
-11.3226
-12.4342
-16.8657
-25.6868
-39.8126
-60.3962
-11.9519
-11.9519
-11.9519
-11.9519
-11.9519
-11.9519
-11.9519
-11.9519
-11.9519
-11.9519
-11.9519
-11.9519
-11.9519
-11.9519
-11.9519
-11.9519
-11.9519
-11.9519
-11.9519
-11.9519
-11.9519
-11.9519
-11.9519
-11.9519
-11.9519
-18.2438
-16.0926
-15.1599
-15.3606
-15.8368
-15.4744
-15.2792
-16.6076
-19.1931
-20.4496
-20.0783
-20.5158
-22.1386
-22.88
-19.8501
-14.9613
-11.4915
-9.532
-9.63701
-12.3265
-16.6456
-18.3262
-16.9063
-15.672
-15.0116
-15.4626
-17.5649
-16.0796
-15.8821
-14.4524
-13.6768
-13.2071
-10.7862
-8.34885
-5.88402
-1.74898
3.47103
8.13465
12.9208
16.624
18.0443
17.1646
14.202
11.4204
10.5205
10.8474
10.0992
9.44
8.41537
7.70108
6.86538
5.63799
4.58612
4.89374
4.65026
3.08288
-0.515608
-2.43151
-0.60651
1.31297
1.39975
-0.451218
-3.5758
-6.8588
-9.70634
-11.1925
-10.1331
-8.39608
-7.22009
-5.94369
-4.31059
-4.34192
-6.4491
-9.39008
-8.58338
-6.35075
-5.05819
-4.65127
-4.26516
-4.77519
-6.76767
-8.93715
-9.72083
-9.74842
-10.255
-11.9769
-13.8199
-13.4176
-12.891
-15.5045
-22.7334
-35.7584
-55.2423
-11.9519
-11.9519
-11.9519
-11.9519
-11.9519
-11.9519
-11.9519
-11.9519
-11.9519
-11.9519
-11.9519
-11.9519
-11.9519
-11.9519
-11.9519
-11.9519
-11.9519
-11.9519
-11.9519
-11.9519
-11.9519
-11.9519
-11.9519
-11.9519
-11.9519
-17.6369
-16.4707
-14.6725
-13.2878
-13.0769
-13.0921
-12.7686
-12.8044
-13.1853
-13.4837
-13.7479
-14.8722
-17.2066
-19.2795
-18.6398
-16.042
-13.7535
-12.4379
-12.2917
-13.2102
-13.8558
-14.2295
-15.3317
-16.8053
-17.8776
-18.0044
-17.7676
-14.5529
-14.8189
-15.6324
-15.711
-13.2548
-9.80959
-7.33284
-5.15758
-0.639895
5.75005
12.7841
18.7959
22.2814
23.8013
24.4087
24.2069
22.7437
19.4247
15.5592
11.4618
9.77975
9.29157
8.36415
7.2671
6.82273
7.32749
9.07552
10.0582
9.31664
5.99049
1.29723
-1.02575
-0.811709
-1.1002
-2.64984
-4.76036
-6.59036
-7.02424
-5.60667
-4.01502
-2.00538
0.675049
2.19292
2.09879
1.5278
1.19503
0.233717
-0.781968
-0.39539
1.26257
1.83619
0.258017
-2.94312
-4.15647
-2.52085
-1.75825
-2.84095
-4.51881
-5.40884
-6.27377
-8.03178
-10.7827
-15.2124
-22.9268
-35.9318
-53.7472
-11.9519
-11.9519
-11.9519
-11.9519
-11.9519
-11.9519
-11.9519
-11.9519
-11.9519
-11.9519
-11.9519
-11.9519
-11.9519
-11.9519
-11.9519
-11.9519
-11.9519
-11.9519
-11.9519
-11.9519
-11.9519
-11.9519
-11.9519
-11.9519
-11.9519
-15.6396
-16.5322
-17.1449
-16.9065
-17.5966
-18.7122
-18.4844
-18.0919
-18.4842
-18.3334
-17.4582
-17.673
-19.16
-20.9019
-21.2225
-20.4456
-20.0507
-19.4649
-17.9858
-15.8994
-14.4928
-14.9323
-17.5334
-20.5422
-22.5283
-22.0021
-21.0968
-17.1871
-17.4692
-17.6805
-14.0802
-9.41531
-5.92823
-3.92424
-2.55865
3.14567
17.1993
29.4644
38.0198
43.6008
46.7796
47.5126
45.6271
41.2814
35.5207
29.9882
23.9216
18.7234
16.4104
14.6868
11.5334
8.32163
6.80541
6.58931
5.64903
3.65357
0.00745735
-3.24586
-4.88873
-6.06944
-8.06744
-9.88529
-10.4333
-10.8848
-10.3394
-7.18053
-2.99426
-0.738815
-0.735408
-2.19598
-3.46855
-4.39256
-5.30324
-6.5993
-7.62731
-7.46806
-6.33285
-6.42803
-7.35988
-7.31517
-5.4605
-4.27055
-5.4793
-8.84096
-12.5596
-13.9662
-13.2687
-12.6902
-13.4985
-16.4461
-22.4302
-33.1214
-50.5425
-11.9519
-11.9519
-11.9519
-11.9519
-11.9519
-11.9519
-11.9519
-11.9519
-11.9519
-11.9519
-11.9519
-11.9519
-11.9519
-11.9519
-11.9519
-11.9519
-11.9519
-11.9519
-11.9519
-11.9519
-11.9519
-11.9519
-11.9519
-11.9519
-11.9519
-15.5597
-14.4765
-15.5057
-18.0399
-19.4183
-17.2674
-14.5724
-13.4883
-13.682
-14.4429
-16.1991
-19.4506
-21.5988
-21.3759
-20.3808
-18.2852
-15.905
-14.2413
-13.1492
-12.0774
-11.4003
-11.773
-13.7358
-16.1216
-18.532
-19.838
-21.0792
-18.2757
-18.5581
-15.7685
-10.7323
-7.78373
-7.31822
-5.91436
1.36493
10.9434
20.4816
30.4157
38.5792
43.9431
46.552
46.6678
44.5968
40.7342
35.6565
30.4116
27.1896
28.8172
33.177
36.3794
36.7342
33.726
26.9948
17.1753
8.33659
4.11374
2.07342
0.368913
-1.46981
-3.14084
-4.8603
-6.66635
-7.62982
-7.28472
-7.23183
-7.75953
-7.0324
-5.14015
-3.44178
-3.41506
-4.157
-5.37631
-5.56182
-4.69346
-3.75959
-3.11644
-1.96664
-0.656864
-0.398506
-2.22266
-5.54106
-7.79267
-8.18684
-8.61283
-8.26359
-6.55709
-5.11461
-5.11511
-6.93362
-11.0633
-18.4854
-30.8643
-49.9707
-11.9519
-11.9519
-11.9519
-11.9519
-11.9519
-11.9519
-11.9519
-11.9519
-11.9519
-11.9519
-11.9519
-11.9519
-11.9519
-11.9519
-11.9519
-11.9519
-11.9519
-11.9519
-11.9519
-11.9519
-11.9519
-11.9519
-11.9519
-11.9519
-11.9519
-12.7307
-9.39997
-7.85901
-8.27008
-9.90538
-11.0809
-10.3684
-9.095
-9.14587
-10.7299
-12.7282
-13.7837
-13.9642
-13.886
-14.2282
-13.7854
-12.3024
-11.0766
-10.6
-8.18898
-5.50194
-5.29214
-8.24637
-12.7135
-15.3327
-16.018
-16.443
-13.638
-12.0237
-7.66857
-0.785096
3.83466
6.22507
6.62542
7.88068
16.7358
29.3258
40.1745
48.5808
53.7956
55.6829
54.3931
50.4842
45.5264
41.1534
37.236
34.6736
34.7086
34.6969
33.5954
31.7013
28.3072
22.0442
13.1211
4.90675
0.805081
0.850952
1.89566
2.22246
1.71252
0.565181
-1.04283
-1.79891
-0.990959
-0.826639
-2.47056
-3.58056
-2.20111
-0.434809
0.393668
0.354904
-0.74569
-1.4586
0.566617
3.31416
4.19181
3.53943
3.43473
4.36318
4.4073
3.07648
1.30757
-0.272961
-1.84311
-2.15769
-1.33475
-1.16406
-2.61099
-6.02886
-11.9863
-21.7283
-35.7929
-55.4443
-11.9519
-11.9519
-11.9519
-11.9519
-11.9519
-11.9519
-11.9519
-11.9519
-11.9519
-11.9519
-11.9519
-11.9519
-11.9519
-11.9519
-11.9519
-11.9519
-11.9519
-11.9519
-11.9519
-11.9519
-11.9519
-11.9519
-11.9519
-11.9519
-11.9519
-15.3511
-12.4846
-11.0484
-11.1642
-12.6422
-14.6766
-15.612
-15.2286
-15.0035
-15.3621
-15.6243
-15.3374
-15.0725
-15.3807
-16.7676
-17.4612
-17.6
-16.8043
-15.7661
-13.5149
-10.7504
-9.60753
-10.7134
-12.7907
-14.5588
-16.0041
-17.2378
-13.8116
-7.14471
0.335727
7.95184
13.5598
16.8048
17.6678
16.9708
20.4595
31.9421
42.2529
48.4035
51.0736
51.4631
50.6701
49.7524
49.5947
50.1839
50.2551
49.0209
46.5329
42.7188
37.5534
32.1361
27.2565
21.4582
13.449
4.92512
-1.10683
-2.97578
-2.73542
-2.56538
-3.49488
-4.90053
-5.37043
-3.75
-1.75767
-1.52853
-3.56302
-4.92596
-3.0319
-0.186786
1.0978
0.981333
0.0730203
-0.255979
0.522306
0.853239
-0.760707
-2.59228
-1.32891
0.683516
0.990029
0.701003
1.06856
1.55133
1.58695
1.22192
-0.00601234
-2.45863
-6.09618
-10.5367
-16.3227
-25.2192
-37.4252
-56.9989
-11.9519
-11.9519
-11.9519
-11.9519
-11.9519
-11.9519
-11.9519
-11.9519
-11.9519
-11.9519
-11.9519
-11.9519
-11.9519
-11.9519
-11.9519
-11.9519
-11.9519
-11.9519
-11.9519
-11.9519
-11.9519
-11.9519
-11.9519
-11.9519
-11.9519
-23.8588
-21.7035
-18.6953
-16.3057
-15.4505
-16.4827
-18.4763
-19.0908
-18.4242
-18.6059
-19.8969
-20.2241
-18.5429
-17.0304
-17.0628
-17.8039
-19.6813
-21.6502
-23.8809
-25.4679
-23.9242
-20.203
-17.3489
-14.8261
-13.6773
-13.1589
-13.6854
-8.51052
3.72039
17.2688
26.9798
33.0761
36.0716
36.1088
33.1367
27.9898
29.1146
38.1343
45.714
50.5606
53.3406
55.2123
56.4998
56.455
54.6851
51.8412
49.5032
49.0105
50.033
50.6702
49.1201
44.8318
37.67
27.4675
14.6699
2.43233
-2.8142
-1.78998
-0.399414
-0.546291
-1.5473
-2.30463
-3.50159
-5.47271
-5.6985
-4.27551
-4.35435
-7.05092
-9.50803
-9.53531
-8.523
-7.66094
-6.2039
-4.75155
-3.87616
-4.15857
-5.01746
-7.20854
-9.23633
-9.41658
-7.31849
-4.39428
-1.70959
-0.215667
-0.596895
-2.95913
-6.66834
-10.2966
-13.3732
-17.646
-24.7718
-36.6558
-55.1236
-11.9519
-11.9519
-11.9519
-11.9519
-11.9519
-11.9519
-11.9519
-11.9519
-11.9519
-11.9519
-11.9519
-11.9519
-11.9519
-11.9519
-11.9519
-11.9519
-11.9519
-11.9519
-11.9519
-11.9519
-11.9519
-11.9519
-11.9519
-11.9519
-11.9519
-25.4182
-27.1509
-28.9937
-29.1046
-27.2417
-25.027
-23.8234
-24.6365
-27.4095
-30.0295
-30.2043
-29.612
-28.4069
-27.1644
-27.4132
-27.3618
-27.9228
-28.3252
-27.9433
-26.0112
-23.2153
-21.0914
-20.5416
-20.6748
-22.2752
-24.3024
-26.2553
-13.8097
14.7205
32.3936
43.5028
49.1577
50.4054
47.8168
42.4395
39.8551
45.1092
50.8676
54.8088
57.4102
58.8936
59.2644
58.624
56.9931
54.0699
50.1955
46.9312
45.3759
44.6912
44.0861
42.7372
39.9569
35.3847
28.6773
19.5084
7.58255
-4.67666
-10.3647
-11.2823
-12.3934
-14.6093
-16.7901
-16.1261
-13.5193
-12.1082
-12.9977
-14.6796
-15.8751
-15.151
-14.1828
-12.2029
-11.2014
-11.2685
-12.8336
-14.2269
-15.3603
-14.4163
-13.9666
-13.8234
-13.3852
-11.9299
-10.4738
-9.40795
-8.34117
-7.98477
-9.23459
-11.763
-14.1194
-16.2416
-20.2713
-28.2763
-41.8965
-63.6538
-11.9519
-11.9519
-11.9519
-11.9519
-11.9519
-11.9519
-11.9519
-11.9519
-11.9519
-11.9519
-11.9519
-11.9519
-11.9519
-11.9519
-11.9519
-11.9519
-11.9519
-11.9519
-11.9519
-11.9519
-11.9519
-11.9519
-11.9519
-11.9519
-11.9519
-27.0591
-29.1067
-30.2173
-29.1777
-28.555
-29.6744
-31.1527
-31.006
-29.1942
-27.6216
-27.6681
-29.2712
-29.4642
-27.8854
-27.8774
-28.3618
-30.7675
-31.2522
-29.0602
-25.9739
-23.4205
-22.6149
-23.6935
-24.119
-24.1048
-24.0843
-24.0803
-15.5662
4.9015
24.9498
38.6415
46.6497
50.2074
50.2542
47.9052
46.1303
47.5882
50.1408
51.315
50.6515
48.7866
46.7083
45.1525
44.3386
43.9428
43.6618
43.3411
42.4956
40.6898
38.8039
38.023
37.0796
34.4132
29.5316
22.2319
12.3355
2.14549
-5.19852
-10.4587
-14.1086
-14.672
-11.8521
-9.17876
-8.4674
-9.55275
-11.9779
-13.1976
-12.5368
-11.1548
-10.6092
-10.0956
-10.0312
-10.3953
-10.8818
-10.1882
-10.2242
-11.5714
-14.2519
-16.3174
-17.9558
-19.1984
-19.3991
-18.4386
-16.4161
-14.3289
-13.7313
-14.4237
-14.9378
-15.6838
-18.9661
-26.4893
-39.7526
-58.8865
-11.9519
-11.9519
-11.9519
-11.9519
-11.9519
-11.9519
-11.9519
-11.9519
-11.9519
-11.9519
-11.9519
-11.9519
-11.9519
-11.9519
-11.9519
-11.9519
-11.9519
-11.9519
-11.9519
-11.9519
-11.9519
-11.9519
-11.9519
-11.9519
-11.9519
-27.9989
-30.3512
-32.2737
-32.4079
-31.4787
-31.783
-33.4653
-33.1844
-29.2068
-26.1446
-26.1148
-28.5288
-29.009
-25.676
-23.5036
-23.5187
-26.1933
-28.7512
-27.871
-26.0908
-24.5243
-23.888
-24.532
-25.3755
-27.4818
-28.7238
-27.4598
-17.4707
4.86196
23.9087
37.0982
44.3645
46.9827
45.8669
42.3223
39.7747
40.8911
43.6378
46.5584
48.8742
50.3226
50.8735
50.4697
49.0574
46.8909
44.4818
42.7525
43.0394
44.8705
45.8489
44.7737
41.7291
37.0826
30.7369
22.1242
11.2931
1.07709
-7.31916
-10.9239
-9.4474
-6.9762
-5.80805
-6.8934
-9.802
-12.7645
-14.5555
-15.8643
-17.6328
-18.0672
-18.9606
-17.8932
-17.1779
-16.3692
-16.7115
-16.59
-16.3519
-14.8424
-14.7539
-15.5564
-16.23
-15.4116
-15.108
-16.8608
-18.9259
-18.6593
-17.7669
-17.7742
-18.4376
-20.4151
-25.215
-34.2329
-48.9236
-71.0119
-11.9519
-11.9519
-11.9519
-11.9519
-11.9519
-11.9519
-11.9519
-11.9519
-11.9519
-11.9519
-11.9519
-11.9519
-11.9519
-11.9519
-11.9519
-11.9519
-11.9519
-11.9519
-11.9519
-11.9519
-11.9519
-11.9519
-11.9519
-11.9519
-11.9519
-24.9816
-23.5768
-23.5815
-24.8395
-26.6021
-28.7983
-31.2513
-31.7396
-28.8851
-26.2236
-25.9867
-27.8213
-28.813
-27.7104
-27.6995
-27.3417
-27.9631
-27.6272
-27.2834
-26.8232
-25.626
-24.0669
-23.1825
-22.7645
-23.7375
-25.5631
-27.9777
-24.4929
-2.01424
13.5946
22.8899
27.111
27.7473
27.7179
30.6091
35.2849
40.2608
45.1666
49.0713
51.453
52.3379
52.0776
51.2035
50.18
48.8945
47.103
45.2042
43.734
42.5008
41.6012
41.4423
41.1969
39.3656
34.8717
26.8727
14.6977
0.198312
-10.9589
-14.8575
-15.9024
-17.0276
-18.0815
-18.5933
-18.467
-17.5534
-17.2826
-17.4065
-18.1585
-17.6213
-18.0209
-19.0016
-20.2921
-18.7609
-17.1822
-15.287
-14.0298
-13.2656
-14.9593
-17.7563
-19.8135
-19.9559
-19.2807
-17.6834
-15.7674
-15.6025
-17.9643
-21.6063
-23.7662
-25.3209
-29.163
-36.9738
-50.3534
-67.3765
-11.9519
-11.9519
-11.9519
-11.9519
-11.9519
-11.9519
-11.9519
-11.9519
-11.9519
-11.9519
-11.9519
-11.9519
-11.9519
-11.9519
-11.9519
-11.9519
-11.9519
-11.9519
-11.9519
-11.9519
-11.9519
-11.9519
-11.9519
-11.9519
-11.9519
-26.8655
-26.0401
-26.2409
-26.8556
-26.6374
-26.3634
-27.4448
-30.3663
-33.6591
-34.5337
-33.1059
-31.3971
-30.2261
-29.8513
-31.7215
-32.6313
-35.0457
-33.8352
-30.4811
-28.6214
-28.1688
-28.3933
-28.6045
-27.4305
-27.6417
-27.9806
-28.1396
-22.7838
-3.37237
13.0435
24.55
31.8174
35.9106
37.7006
37.8103
37.7692
40.126
44.7583
48.3884
49.6354
48.9184
47.7795
47.6196
47.7727
47.3978
46.5758
45.6409
44.6044
43.3286
41.9249
40.2629
37.6243
33.3023
27.4877
20.6925
12.1272
1.71001
-7.0273
-8.83024
-9.09828
-11.548
-14.5686
-13.7358
-10.4539
-8.82195
-9.62007
-11.3376
-12.8581
-14.1314
-15.9754
-17.4958
-18.9665
-19.3167
-19.6665
-18.0052
-15.2301
-12.3055
-11.486
-12.327
-14.997
-18.6278
-20.7873
-19.7287
-17.8203
-17.037
-17.3735
-18.1146
-19.3916
-22.1656
-27.2399
-35.1703
-47.4035
-65.7243
-11.9519
-11.9519
-11.9519
-11.9519
-11.9519
-11.9519
-11.9519
-11.9519
-11.9519
-11.9519
-11.9519
-11.9519
-11.9519
-11.9519
-11.9519
-11.9519
-11.9519
-11.9519
-11.9519
-11.9519
-11.9519
-11.9519
-11.9519
-11.9519
-11.9519
-32.4513
-30.6114
-29.9528
-30.6221
-32.0878
-32.5799
-30.5943
-28.3152
-26.7124
-25.7695
-25.4829
-26.1478
-27.1629
-28.0343
-28.6167
-28.4165
-29.5855
-30.4626
-31.0766
-31.3547
-31.2862
-30.3843
-29.9338
-28.8387
-29.3932
-29.8165
-31.3274
-14.8159
3.35618
18.5031
28.27
33.7704
36.0087
35.651
33.6738
32.6271
36.2112
42.4833
48.0409
51.9986
54.2343
55.036
54.8726
54.045
52.5085
50.0936
46.9976
43.818
41.5216
40.3425
38.6905
35.3594
30.2358
23.6483
15.6522
5.68479
-5.4473
-12.34
-13.5144
-13.8876
-14.7998
-16.0077
-17.3781
-18.0368
-17.1988
-16.1608
-15.1127
-14.2505
-13.9218
-15.4127
-17.1618
-19.1876
-21.2416
-23.2431
-21.2276
-18.366
-15.5457
-15.0614
-16.4631
-19.7379
-22.6024
-23.4417
-23.8681
-25.1079
-26.3686
-26.2827
-25.1588
-24.3543
-25.0643
-28.3516
-35.2486
-47.0848
-65.1755
-11.9519
-11.9519
-11.9519
-11.9519
-11.9519
-11.9519
-11.9519
-11.9519
-11.9519
-11.9519
-11.9519
-11.9519
-11.9519
-11.9519
-11.9519
-11.9519
-11.9519
-11.9519
-11.9519
-11.9519
-11.9519
-11.9519
-11.9519
-11.9519
-11.9519
-40.26
-36.7275
-34.3374
-34.0532
-34.918
-35.9684
-36.8533
-37.4033
-37.3081
-36.6798
-36.3031
-36.2121
-34.2666
-31.581
-31.5927
-31.321
-33.2508
-34.3911
-35.4345
-37.0161
-36.9221
-34.7305
-34.2939
-32.0265
-31.9267
-32.1865
-33.8284
-19.5484
1.18602
17.0733
26.6197
31.6609
33.3932
32.9632
32.0922
33.5004
38.0668
43.3646
47.0825
48.7248
48.7143
47.9871
47.2383
46.3098
45.1862
43.9933
42.9158
42.1139
41.9335
41.8806
41.081
38.7292
34.0768
26.8287
17.6857
8.96988
-0.000439094
-9.1751
-13.8115
-14.9112
-17.0773
-20.2142
-23.365
-26.4004
-27.2361
-26.5564
-24.5008
-24.6741
-24.823
-26.7078
-24.9553
-23.4759
-22.4008
-23.6306
-23.9624
-24.0268
-22.7088
-23.9203
-25.1983
-26.185
-25.472
-24.0858
-23.141
-23.2025
-24.4579
-25.6654
-25.7126
-25.5064
-26.3772
-29.2557
-35.0099
-45.4812
-62.6288
-11.9519
-11.9519
-11.9519
-11.9519
-11.9519
-11.9519
-11.9519
-11.9519
-11.9519
-11.9519
-11.9519
-11.9519
-11.9519
-11.9519
-11.9519
-11.9519
-11.9519
-11.9519
-11.9519
-11.9519
-11.9519
-11.9519
-11.9519
-11.9519
-11.9519
-44.7958
-42.6275
-41.8817
-42.4416
-42.8429
-43.1835
-43.647
-42.8193
-41.0548
-40.3052
-41.106
-42.025
-39.6841
-36.5344
-36.9048
-36.4533
-38.7321
-40.3793
-42.0626
-45.6863
-43.3533
-39.7282
-42.3656
-40.0989
-39.9434
-38.6676
-38.9039
-18.7828
-3.42039
12.2787
22.1915
28.1932
31.1836
32.0583
31.4541
29.9546
29.3964
33.2068
38.502
41.7438
42.6325
41.8248
40.1236
38.1023
36.0074
33.9825
32.3306
31.3739
30.2196
27.9835
26.172
26.8454
27.4318
25.6345
20.8051
13.1019
2.72322
-8.40911
-18.2702
-22.5626
-24.5691
-26.4648
-28.4409
-29.512
-29.3559
-30.5668
-30.1766
-30.739
-29.335
-33.1286
-33.04
-31.6557
-29.1968
-32.845
-31.4978
-27.9902
-24.1928
-25.2213
-26.9059
-28.929
-29.9281
-29.3266
-27.8223
-27.2542
-28.2665
-30.5291
-33.1513
-34.0954
-32.8809
-32.9089
-36.6741
-46.016
-62.4818
-11.9519
-11.9519
-11.9519
-11.9519
-11.9519
-11.9519
-11.9519
-11.9519
-11.9519
-11.9519
-11.9519
-11.9519
-11.9519
-11.9519
-11.9519
-11.9519
-11.9519
-11.9519
-11.9519
-11.9519
-11.9519
-11.9519
-11.9519
-11.9519
-11.9519
-41.4642
-40.4444
-40.9962
-42.8159
-44.1961
-45.2422
-44.8913
-42.984
-41.9932
-42.6852
-43.2366
-43.491
-42.5433
-41.1605
-42.9468
-42.2063
-43.9008
-43.2115
-42.6318
-43.4645
-40.6051
-37.7938
-39.543
-38.8204
-41.1074
-42.221
-43.1571
-26.1998
-13.1287
1.03689
11.0836
18.8789
23.8976
25.9838
25.1642
22.1928
21.2667
25.2916
29.0868
30.5491
29.9282
28.1035
25.8875
23.8004
21.7659
19.2209
16.0502
14.309
15.4759
17.2042
17.8263
17.9946
18.234
17.8359
15.9152
12.0541
5.46119
-3.93795
-15.2716
-25.8352
-30.6128
-31.9458
-32.9845
-32.6855
-30.526
-30.5433
-28.9004
-29.1675
-28.7807
-34.5862
-36.2835
-35.9126
-33.3116
-38.8379
-40.7222
-42.4756
-35.2647
-37.4792
-34.9032
-34.02
-34.1872
-35.2153
-36.1385
-35.5842
-34.443
-34.7079
-36.1227
-35.2214
-32.784
-32.8241
-36.9834
-46.611
-63.6553
-11.9519
-11.9519
-11.9519
-11.9519
-11.9519
-11.9519
-11.9519
-11.9519
-11.9519
-11.9519
-11.9519
-11.9519
-11.9519
-11.9519
-11.9519
-11.9519
-11.9519
-11.9519
-11.9519
-11.9519
-11.9519
-11.9519
-11.9519
-11.9519
-11.9519
-61.1178
-61.5879
-60.3798
-59.1663
-57.7807
-57.544
-57.7042
-58.6604
-59.6894
-60.1302
-58.3164
-55.98
-48.5083
-44.1937
-47.8723
-46.2651
-48.9361
-47.3615
-47.1009
-52.9378
-49.0114
-44.0023
-48.0261
-45.1269
-49.1128
-48.6455
-49.7323
-29.3255
-31.1117
-17.0928
-3.81542
5.28897
11.4491
14.7204
15.1556
13.0031
9.64919
9.92495
14.2481
17.3303
17.4694
15.4012
12.25
10.5457
10.3984
10.3752
8.99491
6.76673
4.65304
3.56952
2.39022
1.41261
0.186186
-0.433276
-1.00338
-2.88296
-8.20103
-16.7577
-26.8711
-35.502
-41.0636
-43.3662
-43.8463
-41.5653
-37.7276
-42.7033
-42.7443
-43.8886
-36.2977
-45.9799
-47.2051
-43.2515
-36.76
-44.9003
-45.7469
-47.7076
-38.3513
-46.398
-45.7718
-47.0815
-45.1644
-42.8557
-41.5073
-41.8013
-43.4119
-45.5071
-45.4017
-41.5852
-38.2192
-38.0901
-42.1502
-51.6409
-67.2494
-11.9519
-11.9519
-11.9519
-11.9519
-11.9519
-11.9519
-11.9519
-11.9519
-11.9519
-11.9519
-11.9519
-11.9519
-11.9519
-11.9519
-11.9519
-11.9519
-11.9519
-11.9519
-11.9519
-11.9519
-11.9519
-11.9519
-11.9519
-11.9519
-11.9519
-67.7749
-65.2123
-63.9684
-64.8219
-65.2345
-66.5749
-67.0096
-67.1328
-66.1141
-65.986
-67.0731
-68.746
-52.2226
-45.6729
-49.2362
-47.2943
-51.549
-49.6461
-49.967
-64.8563
-56.9847
-47.6722
-52.9353
-47.3957
-52.4851
-50.5806
-52.0204
-28.718
-41.8299
-30.1377
-18.2307
-9.89698
-5.59882
-4.86597
-6.87706
-10.5741
-11.7545
-6.57253
-0.246381
4.43763
6.04739
6.02493
3.98873
1.99295
-0.0582065
-2.25236
-6.06321
-7.81594
-8.03771
-6.41368
-8.17222
-11.3514
-14.8843
-20.589
-26.8423
-26.7963
-34.2532
-41.9495
-49.9822
-52.3184
-57.9679
-57.4959
-56.9101
-48.2532
-40.9729
-51.6103
-55.0285
-55.0874
-38.3989
-52.0473
-53.4717
-46.5593
-37.7348
-46.8803
-47.2916
-49.4677
-39.2063
-51.8532
-54.3543
-62.8978
-62.0911
-59.9401
-57.6155
-55.8505
-54.8376
-54.9687
-54.1159
-48.4326
-43.3337
-42.1773
-45.5943
-54.7639
-70.3653
-11.9519
-11.9519
-11.9519
-11.9519
-11.9519
-11.9519
-11.9519
-11.9519
-11.9519
-11.9519
-11.9519
-11.9519
-11.9519
-11.9519
-11.9519
-11.9519
-11.9519
-11.9519
-11.9519
-11.9519
-11.9519
-11.9519
-11.9519
-11.9519
-11.9519
-78.3976
-75.7395
-74.8177
-79.2077
-79.8257
-82.5748
-78.9165
-77.8792
-74.8372
-72.8032
-72.9253
-74.2826
-52.7603
-46.1243
-50.9551
-49.1342
-53.9849
-50.8273
-51.3587
-73.8074
-58.8966
-48.2531
-55.1116
-48.878
-54.8175
-51.7929
-53.3369
-28.4698
-42.4461
-35.1056
-24.653
-18.5509
-15.0301
-14.3179
-15.5789
-18.2686
-19.254
-17.0427
-12.1874
-8.00113
-8.75392
-7.79219
-10.3392
-11.5516
-11.3401
-9.2782
-11.19
-11.0004
-11.8996
-10.7556
-14.0196
-17.3261
-19.5852
-24.8357
-37.6777
-35.091
-50.0807
-60.9524
-64.7926
-57.3017
-66.044
-64.1729
-65.3277
-50.3398
-41.6237
-54.4264
-62.137
-64.8664
-39.0374
-57.6513
-64.2917
-51.3812
-39.0446
-54.8062
-57.129
-63.8281
-40.8015
-58.1331
-58.5358
-72.6589
-72.1983
-73.5062
-71.7978
-72.0376
-70.8756
-68.6422
-63.686
-53.7694
-47.1747
-45.4115
-48.5174
-57.5003
-72.4967
-11.9519
-11.9519
-11.9519
-11.9519
-11.9519
-11.9519
-11.9519
-11.9519
-11.9519
-11.9519
-11.9519
-11.9519
-11.9519
-11.9519
-11.9519
-11.9519
-11.9519
-11.9519
-11.9519
-11.9519
-11.9519
-11.9519
-11.9519
-11.9519
-11.9519
