80
-3.5051
-5.00904
-4.7383
-1.99464
0.796594
1.29073
0.619483
-1.80731
-7.92479
-15.0076
-13.8268
-11.523
-9.87585
-5.51286
-1.14911
-0.0301794
2.50584
5.48314
12.0939
21.3453
29.12
40.6841
43.6203
43.7857
39.7464
32.1601
26.1461
24.0054
20.9466
26.7793
29.8839
37.9981
47.0458
53.7056
57.4576
59.2228
59.5475
57.4318
55.6247
53.3287
51.6
48.2395
42.8978
39.8322
41.9242
43.5311
47.7234
49.4599
48.977
49.0643
49.4733
48.7021
48.9749
45.7434
40.4661
35.7347
35.6614
31.5054
25.9767
21.9
26.972
28.4083
27.4991
24.9232
24.3776
21.8958
17.4815
13.3664
15.2801
18.5493
18.0991
14.3917
9.75249
8.1783
9.58971
7.72548
1.38308
-0.525368
2.04484
2.30761
0.578183
0.252459
1.37475
-0.0726063
-2.97301
3.63349
9.88875
12.9994
13.2063
10.946
7.047
0.431883
-3.61473
-0.166817
0.936113
2.57006
9.11515
13.3911
13.1798
8.76686
-0.28692
-14.7864
-39.8496
-0.435177
-0.435177
-0.435177
-0.435177
-0.435177
-0.435177
-0.435177
-0.435177
-0.435177
-0.435177
-0.435177
-0.435177
-0.435177
-0.435177
-0.435177
-3.42279
1.61033
9.49648
14.3565
15.6286
13.6073
8.70161
2.74548
-2.96187
-7.87283
-7.58938
-6.65438
-8.96661
-5.7691
2.21343
7.12096
8.98993
12.6219
13.3464
21.9001
34.7324
42.2999
45.9711
45.7566
46.7947
51.1384
53.776
53.4485
51.6151
48.2367
45.0507
45.6468
53.2685
62.4332
69.1491
71.4686
70.0346
66.297
61.2782
56.7565
50.6216
42.6861
38.7937
34.2047
26.6224
31.218
28.2081
26.3105
28.1136
24.8092
23.5347
31.5637
44.9084
54.0205
58.3361
58.1144
52.9956
42.3027
28.3989
11.2531
12.6063
13.5636
12.0278
16.6429
18.1383
16.6168
13.9548
18.7924
26.6954
31.6242
32.855
30.4391
24.1906
14.4529
5.20888
4.57262
5.57775
5.27288
4.0513
1.49828
1.38936
2.11877
1.25907
3.22248
8.24926
9.91197
7.2993
2.64034
-1.46068
-4.54776
-5.32707
-0.526231
1.8884
1.90484
3.85365
6.98925
7.00524
4.56697
2.71001
1.0084
-3.9858
-14.6573
-36.7539
-0.435177
-0.435177
-0.435177
-0.435177
-0.435177
-0.435177
-0.435177
-0.435177
-0.435177
-0.435177
-0.435177
-0.435177
-0.435177
-0.435177
-0.435177
-6.58303
-8.02225
-3.20367
3.13519
6.29181
5.29826
0.396267
-4.98069
-2.45494
1.62816
3.0674
2.32392
3.75211
7.26846
9.24267
7.76684
3.94278
-1.49381
3.79221
1.4664
23.5952
39.2198
48.1837
52.8759
54.225
53.0065
50.2913
46.1794
39.5864
34.4293
46.109
60.1236
68.8601
73.8196
73.7901
69.0977
58.5112
44.7896
39.1891
38.072
32.9928
30.575
21.4177
14.3847
22.9954
29.8089
29.1998
31.9581
31.5758
40.5982
51.3412
60.3585
68.1428
72.8581
73.4653
69.509
60.6785
47.2724
40.9081
36.4232
27.1256
16.4681
19.6097
24.1804
27.1027
27.2953
25.1177
20.3116
18.4929
21.9368
23.7082
21.1476
14.2882
7.72183
3.648
-1.98868
-7.82445
-6.8244
-5.10327
-5.7258
-5.40901
-2.60067
-1.17197
0.022836
2.06372
4.18995
5.34434
4.16905
0.58015
-5.14508
-10.0216
-5.67888
-2.33378
-1.16209
-2.13099
-5.46667
-8.01006
-4.69325
-1.65966
-2.53747
-7.66614
-19.7797
-35.8322
-0.435177
-0.435177
-0.435177
-0.435177
-0.435177
-0.435177
-0.435177
-0.435177
-0.435177
-0.435177
-0.435177
-0.435177
-0.435177
-0.435177
-0.435177
0.0324582
1.20198
0.199729
-1.40701
-0.661988
0.522188
1.78883
4.5519
7.27773
7.33204
5.2142
4.66684
8.37422
12.6772
13.7251
11.7241
6.56255
1.6659
-5.52287
-5.88021
15.6199
29.6689
37.4674
40.1482
38.439
32.0209
18.7648
3.741
7.41641
15.2083
46.7824
60.6617
69.8685
72.6054
71.7997
68.2378
62.8289
55.3879
57.0157
62.2977
67.1372
69.9511
71.455
72.5908
73.3596
74.3401
75.3604
76.2714
77.1223
77.9114
78.5301
78.8383
79.337
79.0543
76.8411
71.3904
61.9262
51.7722
47.3116
44.7674
40.3772
34.272
26.6945
19.2121
13.3369
21.4308
27.2339
28.7913
26.5175
22.0293
17.0644
10.994
2.42225
-1.66111
0.412794
1.36654
2.39549
3.7096
3.50527
2.31148
3.45247
5.00594
4.65779
3.4776
3.07596
3.00735
0.651626
-3.21448
-6.73623
-6.829
-4.36962
-4.33155
-7.18563
-11.5321
-13.8408
-10.2729
-7.3162
-7.05162
-5.67527
-5.0862
-8.52498
-17.6495
-35.1824
-0.435177
-0.435177
-0.435177
-0.435177
-0.435177
-0.435177
-0.435177
-0.435177
-0.435177
-0.435177
-0.435177
-0.435177
-0.435177
-0.435177
-0.435177
3.21062
5.85518
6.91728
5.50505
1.47049
-1.46094
-0.647413
-0.659312
-4.36983
-10.6605
-13.8113
-9.91209
-3.9312
0.536707
2.00106
-0.109235
-1.90574
1.10968
3.35669
5.07836
4.58163
6.7431
9.86653
13.801
11.7778
7.09168
6.04725
13.4773
16.2992
23.1127
42.589
63.0128
75.2902
83.5313
88.9911
92.2336
93.2181
92.0999
89.6382
87.2222
83.9325
80.293
76.7804
73.8519
71.692
70.746
70
69.2508
68.7014
67.436
64.4071
59.9427
62.0159
69.4824
72.5514
71.0235
63.4369
50.5287
36.5894
34.6266
33.5852
29.0234
21.7205
16.103
15.5246
20.616
26.4441
28.2448
25.5111
18.6381
11.7389
9.75596
6.92605
3.58047
1.43035
-0.922168
-5.45486
-8.287
-5.49047
1.29312
7.44231
10.7045
10.6828
9.31147
10.5173
11.7811
9.81674
4.31404
-1.10549
-2.72353
-4.10726
-6.81085
-7.59027
-8.78251
-9.64907
-2.13785
4.95229
8.98748
9.14776
5.5414
-2.22554
-15.9542
-35.2826
-0.435177
-0.435177
-0.435177
-0.435177
-0.435177
-0.435177
-0.435177
-0.435177
-0.435177
-0.435177
-0.435177
-0.435177
-0.435177
-0.435177
-0.435177
6.74458
9.14466
9.66781
6.96076
1.73366
-0.794125
-2.0907
-6.83393
-16.6924
-16.2567
-6.28219
-1.0154
2.90486
6.70178
8.75197
7.664
2.53234
-7.8165
-6.76298
-2.10147
1.33074
-2.17714
5.52688
15.1634
21.4943
25.1264
26.6138
25.0418
22.7387
23.3935
32.1847
57.3876
78.6293
91.7934
98.3191
99.7624
96.6377
89.3975
80.8651
72.3105
63.7349
53.0846
51.5208
51.3316
49.8337
42.3378
40.8659
39.046
44.9332
55.515
66.184
76.2995
83.6373
87.1634
86.6219
81.6418
71.9105
56.5949
38.4658
37.771
41.8089
42.3944
40.6996
36.4656
29.3864
20.5348
21.2612
25.5513
25.291
20.0496
10.791
3.40988
7.91328
10.9241
9.63397
6.19676
4.83652
4.85892
3.82173
1.85245
0.798365
1.49115
2.47728
1.90112
-0.131092
-0.879277
-0.283851
0.649743
0.961646
0.289777
1.02965
1.99552
0.480051
-4.05867
-4.59
-0.809409
1.37841
1.81637
1.96085
0.618638
-4.63626
-16.49
-36.407
-0.435177
-0.435177
-0.435177
-0.435177
-0.435177
-0.435177
-0.435177
-0.435177
-0.435177
-0.435177
-0.435177
-0.435177
-0.435177
-0.435177
-0.435177
-5.89265
-3.13849
4.89495
11.1876
13.7914
13.0224
10.2408
7.02416
5.04182
4.99322
7.79588
9.88247
8.99222
5.19841
0.256527
-1.24341
-0.215281
-0.476834
-2.21019
0.0224119
8.10764
12.7495
15.2168
19.1852
23.6094
25.4631
24.2647
19.9059
14.3567
18.4333
40.8407
65.7184
82.8933
93.2661
98.0689
98.0424
93.4402
84.0341
73.297
68.2102
62.4545
60.1379
63.4127
68.2204
73.0807
76.8564
79.4766
81.9205
84.5408
87.6712
91.0497
93.5794
94.33
92.5574
87.6792
79.0215
65.6092
51.4821
49.116
48.6222
47.1896
44.4441
38.5284
32.3453
33.1327
35.7943
36.1012
33.6597
28.7798
24.0164
22.2768
20.8735
19.7059
17.6964
13.7562
6.81173
3.72455
5.32074
5.91635
6.04009
7.05502
8.73569
9.88039
10.2293
9.16915
8.05298
8.58083
9.59089
10.1541
11.1163
13.6186
16.1798
16.3944
13.6348
7.55359
-2.02572
-8.52572
-2.41238
1.49465
0.628202
-4.93303
-16.656
-38.6372
-0.435177
-0.435177
-0.435177
-0.435177
-0.435177
-0.435177
-0.435177
-0.435177
-0.435177
-0.435177
-0.435177
-0.435177
-0.435177
-0.435177
-0.435177
-1.2243
-0.026496
0.203625
1.38558
4.88612
7.44621
8.12829
8.19316
7.2081
7.48593
12.4254
16.6897
17.4188
14.125
6.99804
-2.632
-8.7872
-7.38835
-3.72903
2.02583
8.19794
12.1223
13.3677
10.2732
4.45742
5.05185
5.65866
6.24582
3.37949
14.5343
41.6181
60.391
72.8321
83.2931
90.0398
92.2647
89.7212
82.9916
81.1832
86.0146
88.5051
87.8431
87.085
88.0503
88.5303
87.5698
85.2656
83.0391
83.0604
83.2381
81.2991
77.924
74.4609
70.9594
65.3535
59.7602
56.0788
51.3673
43.7563
32.1168
26.4324
25.983
24.6886
23.7262
25.8318
32.4177
36.8809
37.586
34.4448
27.7078
17.9956
10.3593
10.0717
10.1896
6.67328
-0.259538
0.124643
4.57968
6.74066
6.83738
5.50083
4.1114
3.83755
3.36109
2.76756
3.91965
6.2547
8.78524
8.09991
5.44503
6.09409
7.58224
7.36421
6.28647
4.41915
-0.214386
-3.18976
2.31618
4.96493
3.05858
-4.16102
-18.1032
-41.7726
-0.435177
-0.435177
-0.435177
-0.435177
-0.435177
-0.435177
-0.435177
-0.435177
-0.435177
-0.435177
-0.435177
-0.435177
-0.435177
-0.435177
-0.435177
-8.77197
-6.97399
-4.97263
-4.12005
-3.89833
-2.02439
1.41936
3.81225
3.7164
1.35269
-0.0207308
3.15547
4.88462
3.36262
0.202739
-2.29438
-6.11644
-12.1676
-5.90023
-4.24209
-2.18105
6.32545
8.64166
6.96661
0.831039
0.0960931
12.3576
16.3327
19.1337
23.3112
35.0112
41.7318
60.0465
78.1753
91.8998
100.347
104.631
105.48
103.54
99.3953
93.1059
84.5187
74.8121
67.8352
67.2887
65.7085
62.1172
59.0287
54.5187
58.4601
64.1535
66.6245
66.1082
61.2522
54.0925
46.8889
37.9034
27.7058
19.679
16.4893
15.7373
11.9651
10.0678
12.4866
18.3879
23.4537
24.662
22.0387
18.5199
18.5772
18.8637
18.398
15.6856
9.46569
1.41984
-2.48947
-0.639065
0.0326941
-0.408181
4.48422
12.3429
17.534
19.1611
18.0074
14.6083
8.88616
2.67582
-0.391907
-0.0303785
-1.47327
0.0942861
6.75957
11.8173
12.9902
10.0925
3.49145
-3.21713
-2.48284
-1.6073
-4.44379
-11.3457
-23.6397
-45.0298
-0.435177
-0.435177
-0.435177
-0.435177
-0.435177
-0.435177
-0.435177
-0.435177
-0.435177
-0.435177
-0.435177
-0.435177
-0.435177
-0.435177
-0.435177
0.746914
-3.91534
-4.81283
-5.07535
-7.32634
-12.8651
-21.4214
-13.9748
-2.69145
3.20496
5.58708
8.00452
10.7928
11.7393
9.20385
2.67146
-7.20178
-9.39313
-2.84703
-0.0291437
3.43746
4.30525
9.19112
14.2398
16.4788
15.7536
12.0772
9.36986
8.44438
17.4082
29.5117
46.5808
62.8081
76.2446
86.2216
93.3047
97.7007
99.2401
97.3458
91.2272
80.9191
75.4153
84.4003
91.4936
97.0827
100.679
102.938
104.491
105.243
104.706
102.452
98.1137
91.2814
81.5288
68.8018
54.626
41.54
36.0324
36.8545
39.444
39.9397
38.2752
34.529
30.0015
27.52
28.4056
30.2521
31.4399
31.4213
29.8802
26.4643
20.2377
12.4312
9.22387
9.9949
11.2649
11.884
10.472
7.3995
7.24236
10.1584
12.1077
12.1846
10.4565
8.50426
6.69775
4.08765
1.56381
4.52617
6.85721
6.53025
6.21381
9.25829
11.5203
10.7415
7.16931
2.9209
-1.2531
-7.08491
-14.2595
-20.6527
-30.312
-45.2502
-0.435177
-0.435177
-0.435177
-0.435177
-0.435177
-0.435177
-0.435177
-0.435177
-0.435177
-0.435177
-0.435177
-0.435177
-0.435177
-0.435177
-0.435177
4.34354
4.85608
9.34806
11.3784
9.68152
3.59574
-6.65935
-12.822
-2.44265
5.85806
10.524
13.1777
14.5215
14.1597
12.1779
10.6181
11.3298
12.6383
13.2302
13.4426
15.2449
16.6937
15.7649
13.8812
13.4508
12.8324
9.79175
3.24859
1.3836
8.68823
30.364
42.8653
49.2511
55.155
65.4572
71.146
76.9456
88.6524
99.7334
107.223
111.76
114.409
115.697
115.654
113.905
110.721
107.479
105.833
105.044
102.952
98.3621
90.8182
80.4576
68.778
57.1726
47.0215
41.1158
37.4653
35.1593
32.8668
32.126
29.8474
25.7066
22.5736
22.4805
22.122
22.7352
29.0251
33.3097
32.9645
27.9226
19.7622
14.4331
14.4317
17.6465
20.2218
21.4257
20.9659
17.7717
12.4274
9.24463
9.90046
10.2404
8.45446
5.47745
2.88677
1.93442
5.45887
11.5464
15.4292
15.9064
13.3966
8.46454
3.61853
2.90624
6.17853
7.33197
4.49993
-2.26661
-10.2919
-17.4339
-27.7182
-45.822
-0.435177
-0.435177
-0.435177
-0.435177
-0.435177
-0.435177
-0.435177
-0.435177
-0.435177
-0.435177
-0.435177
-0.435177
-0.435177
-0.435177
-0.435177
6.39076
4.06667
4.11759
4.28663
2.74622
0.852103
-1.58229
-6.72159
-12.893
-2.84186
5.13763
8.34008
7.12109
3.51476
2.66918
4.9342
7.0054
8.80499
10.0887
10.463
11.7262
11.9488
9.68117
6.9805
5.84103
4.85383
4.96546
10.5264
12.3098
10.9488
16.6821
38.2746
51.746
64.388
74.4946
82.518
90.1037
97.5756
103.433
106.955
108.386
108.046
105.853
101.587
95.5154
87.6774
78.1391
68.9627
60.6237
55.6544
54.7741
55.3666
53.9636
55.317
53.9219
46.4817
34.4652
23.7287
19.1978
17.3628
13.8524
8.55971
7.54035
14.1098
20.9861
25.1505
29.3175
32.8767
34.0548
31.7989
25.6503
15.7588
9.02698
10.0842
13.5892
16.5705
17.4505
15.9588
13.4881
10.6286
6.99183
3.29043
0.67876
-0.708686
-0.39332
0.16674
0.931507
0.344438
-2.32459
-4.35801
-1.82359
0.795881
1.16455
-1.72077
-4.04427
-2.06387
0.178542
-0.244119
-2.78387
-7.40516
-14.8085
-28.8435
-48.8721
-0.435177
-0.435177
-0.435177
-0.435177
-0.435177
-0.435177
-0.435177
-0.435177
-0.435177
-0.435177
-0.435177
-0.435177
-0.435177
-0.435177
-0.435177
5.22363
8.88396
8.81736
5.58177
1.59314
1.37225
3.67647
4.93987
5.17619
4.07213
1.54106
-1.46601
0.55703
3.54856
3.84075
1.31607
-3.08383
-3.2746
0.529882
10.6102
16.5712
19.7047
20.4313
18.4739
17.0377
18.6006
20.4308
18.8473
13.1454
4.86048
5.78076
40.8373
56.149
66.7577
71.4462
72.7177
76.1349
82.0645
84.3589
81.5081
73.7506
61.7844
64.2773
70.638
78.0005
82.1082
82.786
80.6125
76.0455
69.7818
61.4856
59.7432
62.7685
62.5987
58.676
51.1287
37.7172
25.8268
21.0454
19.692
18.1916
17.4425
15.6814
14.1306
10.8326
10.3974
13.3774
19.7088
23.622
23.6012
19.9628
16.256
15.3975
13.4051
8.62425
4.8669
6.68055
9.75367
12.3115
14.155
14.2566
11.8939
9.01724
7.78395
7.15144
6.06341
5.43935
5.11348
2.80422
-1.01095
-3.43972
-2.93716
-2.69002
-3.01644
-3.53666
-2.92322
-1.35068
-0.149851
-0.997758
-4.93102
-12.6739
-26.419
-50.8605
-0.435177
-0.435177
-0.435177
-0.435177
-0.435177
-0.435177
-0.435177
-0.435177
-0.435177
-0.435177
-0.435177
-0.435177
-0.435177
-0.435177
-0.435177
-0.126015
0.153732
-2.63315
-7.59568
-10.4615
-11.4144
-9.66322
-3.5993
0.491429
0.150532
-4.19129
-8.97166
-6.69176
-3.43104
-1.30917
-0.00559507
0.264674
-0.806417
-0.568685
0.952236
6.94478
10.0436
9.3057
8.20225
8.88618
11.0032
12.0187
10.9057
8.61531
4.76566
-2.88521
30.022
47.4833
55.8938
59.7658
59.7244
59.4686
61.8795
64.7903
68.7897
73.2735
78.1299
82.2157
84.9924
86.1936
85.5897
83.1591
79.3505
74.5793
68.2476
59.5337
48.429
43.3107
45.6208
44.1788
38.5412
31.2437
26.663
21.3006
13.5832
2.44153
-2.90333
4.26347
9.8691
14.7674
17.3163
17.6217
15.58
13.0836
11.7491
9.5082
8.0591
10.0002
11.2494
9.54572
4.42749
-2.71157
-8.0824
-9.1989
-7.13793
-2.32203
1.02999
2.36573
2.30632
0.822676
-2.7278
-5.4454
-2.65379
1.4261
3.72262
4.50233
4.44187
3.75458
1.88803
0.138975
2.52512
6.14176
6.78519
3.64275
-3.45569
-14.9945
-31.8146
-59.848
-0.435177
-0.435177
-0.435177
-0.435177
-0.435177
-0.435177
-0.435177
-0.435177
-0.435177
-0.435177
-0.435177
-0.435177
-0.435177
-0.435177
-0.435177
-6.76557
-11.1414
-14.2124
-9.37469
-0.460715
6.13992
9.50488
9.77228
6.87941
1.11308
-5.35415
-7.07102
-5.20231
-2.37633
-0.392723
-0.515816
-2.24018
-3.23059
-1.31203
-3.50068
-5.59981
-7.80939
-4.22349
-2.02352
-0.999683
2.28705
5.44995
7.10291
6.50049
7.35396
7.63043
29.5735
38.544
44.1755
49.4726
56.183
60.9369
62.3981
61.7026
62.1899
64.0437
65.9377
64.8614
62.1226
60.0455
57.8275
55.6275
53.5259
55.9066
57.1792
58.2429
57.7432
56.2511
53.4868
48.1556
40.6448
27.821
14.1337
1.49919
-5.19948
-5.08226
-5.24582
-1.27619
1.29513
6.89268
13.1215
15.3734
13.9174
8.76605
1.01848
-5.73475
-4.108
1.84219
4.56772
4.53925
2.79252
0.197958
-4.16595
-10.5018
-15.0848
-14.5144
-7.12519
-2.43437
-1.27422
-1.66206
-1.43593
-0.748595
-1.2984
-3.55952
-5.44452
-5.10036
-3.61986
-3.42325
-4.9524
-8.71171
-10.0483
-9.10517
-11.5261
-17.6809
-26.5148
-35.8291
-48.6927
-76.59
-0.435177
-0.435177
-0.435177
-0.435177
-0.435177
-0.435177
-0.435177
-0.435177
-0.435177
-0.435177
-0.435177
-0.435177
-0.435177
-0.435177
-0.435177
-0.445238
-0.109609
-0.588262
-2.72369
-1.23446
2.91584
4.28745
2.04225
-2.38103
-5.36563
-4.21934
-0.391889
2.64414
4.50885
5.16141
5.08118
6.03908
7.52049
7.10904
4.23468
-1.27417
1.14212
4.44795
6.77054
6.13635
4.17728
5.33824
5.73304
6.10113
6.60194
20.084
35.4365
46.657
52.1396
52.9906
51.358
51.4613
57.0598
62.0276
65.7441
69.4192
73.3208
75.7827
76.8051
76.7489
76.5768
76.2181
75.6646
74.5485
73.482
71.4098
68.1616
63.9045
58.3841
52.0248
43.1103
32.6595
21.2263
14.8532
12.312
10.0193
6.98381
3.19912
2.85216
6.08512
10.6751
16.7959
22.3013
25.077
24.3796
20.2141
13.661
8.24633
5.35225
3.73178
2.94464
2.65985
1.71811
-0.522388
-3.9832
-6.78485
-3.43616
2.39091
5.05547
5.02588
4.71813
5.76272
5.62837
2.52071
-2.81891
-3.98867
0.321444
2.56537
1.54262
-1.52347
-2.47247
-1.28562
-1.25379
-3.59003
-9.14102
-18.9805
-35.9443
-57.2599
-0.435177
-0.435177
-0.435177
-0.435177
-0.435177
-0.435177
-0.435177
-0.435177
-0.435177
-0.435177
-0.435177
-0.435177
-0.435177
-0.435177
-0.435177
5.34308
5.316
1.46759
-4.42722
-5.24517
-3.59915
-4.40875
-7.98676
-11.4194
-14.2903
-17.1219
-19.6509
-15.6435
-7.65482
-3.10347
0.0875487
4.46865
7.30494
6.5885
1.80598
-4.42235
-9.07954
-9.29179
-8.93114
-13.7313
-17.7711
-19.9544
-21.1851
-18.1444
-10.193
15.3077
27.8755
36.9931
42.8248
52.0057
58.9612
64.4981
70.0837
75.782
80.0922
82.1743
82.2606
80.8985
78.0899
73.9849
68.5112
61.3425
51.8514
47.438
45.7495
44.8681
39.7262
31.9964
34.9423
35.2118
29.5352
20.6586
9.95568
6.70547
4.3878
2.25837
-1.62575
-1.77501
0.109521
2.59021
8.19455
13.6063
17.3786
19.0789
18.7152
17.2043
15.3659
13.3272
10.4883
6.65893
2.22952
-0.698894
3.43545
7.83567
9.02227
6.60957
1.96896
1.0397
4.08579
5.915
6.98635
7.58547
6.84591
3.40186
-2.36506
-4.26414
-0.257944
2.95168
3.19559
2.30282
1.82438
1.10587
-1.48686
-5.50693
-9.68996
-16.2751
-27.8131
-51.133
-0.435177
-0.435177
-0.435177
-0.435177
-0.435177
-0.435177
-0.435177
-0.435177
-0.435177
-0.435177
-0.435177
-0.435177
-0.435177
-0.435177
-0.435177
1.06898
2.117
1.12199
-0.0190264
-0.373017
-0.424892
0.271388
0.341834
-2.18302
-6.89017
-11.2913
-12.273
-9.16162
-1.48981
3.90031
5.39691
3.86571
3.09457
3.65166
2.74445
1.34231
3.2748
5.21025
6.09211
5.47836
3.60661
0.849881
-3.01698
-2.31376
1.26491
7.81954
14.4445
37.7508
50.4253
57.2226
61.6811
64.0145
65.0744
64.2598
60.9917
55.6262
51.5312
47.9477
51.5005
57.0276
60.0252
61.59
61.7272
61.7282
61.5052
60.8707
58.4114
53.6723
46.4958
38.8202
32.4865
24.6056
15.7584
8.77648
5.73143
8.05117
10.5696
10.4444
7.59607
2.40422
-0.633655
1.51466
4.87493
8.82474
12.0192
12.2674
10.6782
9.3755
9.45825
8.9433
5.75677
1.7165
5.57899
11.2559
12.7054
10.3212
5.83426
2.13986
0.370839
-0.334386
-2.86583
-5.3758
-0.814284
5.04689
7.42363
5.99925
3.72891
5.13658
6.47742
4.90963
2.32245
3.19748
5.58557
5.29302
0.811866
-8.58588
-25.5882
-48.9369
-0.435177
-0.435177
-0.435177
-0.435177
-0.435177
-0.435177
-0.435177
-0.435177
-0.435177
-0.435177
-0.435177
-0.435177
-0.435177
-0.435177
-0.435177
6.2337
4.9808
3.09504
3.61757
6.14858
7.22806
4.99465
0.238236
-1.55447
-0.445903
-1.24781
-3.96328
-5.12533
-3.8745
-1.87872
-0.273163
-0.0150369
0.854635
3.25083
3.53801
2.6379
1.08729
4.05974
6.68247
7.31206
5.49315
2.71108
1.6012
1.91832
1.69299
10.9725
28.5933
39.9974
47.8512
50.2613
47.5394
41.352
44.4277
54.4734
61.0874
65.8624
69.3392
71.9058
73.153
72.5557
70.3535
67.2089
64.8082
63.043
61.146
57.5023
51.5767
42.4719
33.5715
25.7243
25.909
24.8107
20.4336
12.934
6.22153
4.09662
3.7414
4.20716
6.77489
9.97844
11.1184
8.52367
3.74784
5.90759
11.1541
12.933
11.2261
8.49894
8.79636
9.5636
7.42173
2.28017
1.44312
6.45432
9.53346
9.2068
5.87325
1.52438
-1.70441
-3.18223
-4.03975
-3.08757
0.872624
4.26084
5.00866
4.09311
2.80541
1.74963
2.28355
4.03006
6.34917
7.77352
6.7096
2.44489
-4.45733
-13.5159
-27.3664
-48.6364
-0.435177
-0.435177
-0.435177
-0.435177
-0.435177
-0.435177
-0.435177
-0.435177
-0.435177
-0.435177
-0.435177
-0.435177
-0.435177
-0.435177
-0.435177
0.262961
-5.82219
-12.3276
-9.37122
-2.21782
2.65591
3.98335
2.59272
-0.437262
-4.21911
-7.32131
-6.20218
-4.93212
-6.90875
-10.8255
-8.82506
-1.5118
2.64902
2.76074
-0.917038
-5.13798
-11.8207
-14.4771
-9.06968
-5.67573
-1.45532
0.300426
-0.119366
-2.21781
-5.14768
-6.36309
17.555
26.0908
39.0388
46.3387
51.7045
55.5584
59.2124
63.017
65.5233
66.0322
64.826
62.1403
57.6389
52.2032
46.6022
43.4168
43.5977
45.2167
46.6482
48.131
49.5121
49.3446
47.1927
42.9834
36.407
27.7837
17.8218
6.82166
-2.51619
0.927293
2.51739
2.51475
2.35119
4.14574
5.66045
4.23599
1.01304
2.16058
5.78316
7.50791
6.75262
4.14842
1.31769
0.0593074
-0.190048
-2.47885
-7.85924
-12.1939
-8.52974
-2.72945
0.582503
0.290983
-3.58543
-8.84866
-9.38203
-6.74232
-5.45608
-6.65753
-8.88669
-9.84675
-8.87312
-7.60279
-4.61478
0.321875
4.50396
6.08662
4.92695
0.926168
-6.39039
-17.1993
-34.2087
-52.704
-0.435177
-0.435177
-0.435177
-0.435177
-0.435177
-0.435177
-0.435177
-0.435177
-0.435177
-0.435177
-0.435177
-0.435177
-0.435177
-0.435177
-0.435177
-17.2515
-17.3604
-14.4222
-9.49491
-7.37943
-8.91653
-12.5016
-14.204
-13.5251
-11.8943
-10.8979
-10.2245
-10.1405
-9.82823
-9.39614
-8.54044
-7.93692
-8.42907
-11.0097
-8.13446
-5.53715
-1.25784
0.742632
-0.690031
-1.0106
1.86497
4.9636
4.87532
2.30702
0.638171
3.64421
26.4755
35.0014
41.8346
44.8521
44.8267
43.2211
42.61
43.277
44.6954
45.6487
47.0063
46.4802
47.7393
49.8649
51.8071
51.8168
52.0818
52.224
51.3268
48.5777
43.9838
38.5548
31.8567
24.4335
18.9741
11.9428
6.30602
1.36663
-2.80116
-5.00304
-2.32455
-1.70912
-1.95675
1.43793
5.56863
6.53384
4.05111
0.107525
0.745516
3.90014
4.11513
0.540135
-3.69125
-1.17665
1.22006
0.461257
-2.91719
-7.69535
-12.6063
-16.5323
-15.2694
-12.3586
-12.7619
-16.1355
-21.1299
-23.7999
-18.5157
-14.0262
-11.9449
-11.6521
-12.6991
-13.4503
-12.6044
-11.7666
-14.5591
-21.4195
-26.4473
-25.9999
-26.7529
-32.8046
-45.85
-58.2787
-0.435177
-0.435177
-0.435177
-0.435177
-0.435177
-0.435177
-0.435177
-0.435177
-0.435177
-0.435177
-0.435177
-0.435177
-0.435177
-0.435177
-0.435177
-13.0757
-15.8387
-14.9351
-9.86755
-5.67548
-4.26497
-5.68104
-9.08337
-10.2687
-6.16289
-0.791223
0.938246
-1.49297
-6.81894
-8.7275
-5.49985
-3.98095
-4.3391
-4.54904
-4.65624
-0.548821
2.69528
3.30651
0.941152
-3.00159
-2.74694
3.00461
5.43677
4.93802
1.73657
7.46904
20.2939
31.2946
42.0843
48.3838
52.7907
54.6587
56.2296
58.2255
59.9391
58.8438
55.6212
50.8382
45.7615
42.8131
38.0012
34.1018
32.7819
35.3519
39.4932
41.9391
42.6261
41.2343
38.5585
34.1274
26.8949
16.1172
1.50502
-4.56349
0.435358
2.31147
0.236299
-5.8243
-8.00516
-0.0226497
7.74053
10.8377
10.1604
8.2233
7.86382
6.85676
3.19122
-0.348261
3.04694
6.41123
6.41988
3.12603
-2.44647
-8.94436
-15.7414
-18.0753
-16.1108
-15.6704
-17.2868
-19.6801
-19.8027
-17.5797
-15.0181
-11.5928
-8.57485
-6.63513
-5.90211
-6.08451
-7.40014
-10.3404
-15.4082
-20.794
-24.1032
-28.5395
-36.0034
-47.1595
-60.7883
-64.9978
-0.435177
-0.435177
-0.435177
-0.435177
-0.435177
-0.435177
-0.435177
-0.435177
-0.435177
-0.435177
-0.435177
-0.435177
-0.435177
-0.435177
-0.435177
-9.6676
-11.9292
-12.3772
-7.552
-4.60309
-4.44054
-5.04452
-5.72256
-7.33167
-9.05653
-7.99992
-6.49641
-6.97632
-9.61949
-13.0825
-13.4654
-10.8383
-6.28537
-3.40471
-4.76665
-6.10984
-4.60251
-1.82302
-0.791128
-3.03621
-5.15677
-4.93548
-7.96792
-11.2742
-14.9111
0.444429
18.5851
33.4299
42.9974
49.5079
52.2227
52.547
51.5276
49.9365
47.1351
43.6865
44.7857
49.1433
52.6323
55.2133
57.0903
58.5455
59.3353
58.6853
56.5684
52.5872
45.8243
37.5212
29.1763
21.0944
13.6366
8.90149
3.25352
-1.5354
-2.04904
-0.1182
-1.9185
-6.03792
-5.13105
4.82208
10.7806
12.3896
10.5037
8.24593
9.10364
9.36362
6.44061
1.1884
-2.03613
-2.66339
-4.78502
-9.00121
-13.3701
-15.8132
-17.0531
-16.0837
-15.1487
-14.479
-14.0946
-13.096
-11.5311
-11.2401
-13.2663
-16.5937
-18.8096
-20.3051
-21.8531
-19.1786
-14.1983
-11.4914
-12.5409
-17.5978
-25.3867
-32.5738
-40.1325
-50.117
-63.8062
-75.8191
-0.435177
-0.435177
-0.435177
-0.435177
-0.435177
-0.435177
-0.435177
-0.435177
-0.435177
-0.435177
-0.435177
-0.435177
-0.435177
-0.435177
-0.435177
-19.546
-19.1053
-13.9065
-8.3698
-5.79172
-6.75349
-10.4843
-13.7188
-14.3928
-14.557
-14.7724
-14.0058
-13.2764
-13.9813
-15.6774
-15.9766
-14.1843
-10.6534
-7.68039
-7.50417
-7.32852
-6.21657
-4.80585
-5.98007
-7.36642
-4.78544
-2.21636
-1.43671
-2.67264
-2.61234
5.34591
20.4326
36.851
46.4819
51.0181
52.9131
52.8569
53.2991
56.9211
61.163
63.7631
64.0271
61.9059
58.254
53.4267
48.0054
43.634
41.1046
41.2624
41.1154
41.1831
42.3231
43.4769
43.2989
40.4681
34.7192
25.6292
14.4594
4.15215
-1.93233
-3.95827
-7.1408
-7.81491
-1.3494
5.07763
8.48578
7.76569
2.63591
-5.3315
-5.29765
-1.65275
-1.57769
-3.96639
-5.13754
-4.09166
-4.65259
-7.61384
-11.209
-12.7963
-12.5493
-11.5403
-11.9935
-14.9317
-16.9447
-15.3631
-14.2861
-14.1815
-12.3518
-8.49887
-5.93233
-6.16894
-9.06102
-11.9276
-10.5237
-8.48382
-9.39047
-13.7711
-21.9385
-32.4511
-43.7877
-54.01
-64.8385
-73.3231
-0.435177
-0.435177
-0.435177
-0.435177
-0.435177
-0.435177
-0.435177
-0.435177
-0.435177
-0.435177
-0.435177
-0.435177
-0.435177
-0.435177
-0.435177
-7.87429
-10.8901
-12.9213
-9.53854
-6.38726
-6.40592
-9.58454
-14.6073
-17.5398
-17.1821
-16.5151
-14.7082
-12.1694
-11.2208
-11.2639
-11.405
-10.9166
-10.1783
-10.0041
-12.6758
-15.8883
-13.4981
-9.32824
-8.35744
-6.25345
-3.0172
1.00738
2.50007
2.46935
1.45853
8.27128
21.1701
35.7614
44.0659
50.8382
54.3165
55.2165
54.9697
53.9555
52.8139
50.7576
48.6359
46.8002
46.2086
47.9907
49.4717
49.6261
48.9569
47.2445
45.0215
41.9787
39.3256
37.6737
36.2368
33.7611
28.0138
19.5897
12.1351
8.14022
6.15655
1.4589
-6.898
-8.94635
-5.83923
-2.14769
0.185493
1.2392
1.22667
0.275227
-1.66257
-3.65267
-5.26235
-6.96352
-4.97073
-1.30507
-0.561727
-3.20619
-7.18074
-7.72347
-7.75853
-9.62202
-13.5525
-17.047
-16.3455
-14.8218
-16.2739
-20.0378
-19.9736
-14.2383
-9.27561
-6.18734
-3.16862
-0.0420364
1.70371
0.666056
-3.78099
-11.7703
-21.2265
-27.8761
-33.0508
-39.4911
-51.8615
-63.0171
-0.435177
-0.435177
-0.435177
-0.435177
-0.435177
-0.435177
-0.435177
-0.435177
-0.435177
-0.435177
-0.435177
-0.435177
-0.435177
-0.435177
-0.435177
-12.5828
-16.284
-19.1082
-16.6055
-13.8371
-12.2942
-12.1954
-12.8572
-13.1539
-14.0748
-16.6089
-17.7736
-16.0769
-13.16
-9.80393
-7.65494
-8.50543
-12.6844
-13.2917
-13.8018
-10.8952
-8.36556
-5.38786
1.03002
5.58293
8.87835
9.01518
5.87942
-1.12508
-8.37522
2.26281
30.3107
42.6757
51.6578
55.8247
56.8743
55.8373
55.0736
56.4599
58.1757
58.2157
56.7302
54.2488
51.6828
47.8939
43.0696
35.7126
29.6839
32.2974
35.8634
39.0792
40.0698
39.4428
37.2531
31.8446
23.7099
12.8645
8.66683
9.61682
7.64228
1.98184
-6.96888
-9.19383
-4.85815
-2.58339
-3.37585
-6.74978
-9.64149
-10.2538
-11.0439
-14.4521
-21.5602
-24.84
-16.8554
-11.8208
-10.9732
-13.4739
-15.2492
-12.9113
-9.44796
-8.30388
-9.77248
-11.0716
-10.0315
-8.95736
-9.97644
-11.8862
-10.5135
-7.6484
-6.70979
-8.20125
-10.3074
-11.536
-13.0027
-13.8816
-13.0645
-11.5335
-10.635
-11.6887
-15.9468
-24.8022
-39.7727
-61.945
-0.435177
-0.435177
-0.435177
-0.435177
-0.435177
-0.435177
-0.435177
-0.435177
-0.435177
-0.435177
-0.435177
-0.435177
-0.435177
-0.435177
-0.435177
-13.4714
-12.0389
-10.5173
-9.13486
-9.43844
-12.3209
-16.0073
-15.2483
-12.932
-13.2258
-15.5926
-16.9931
-15.3562
-11.629
-8.17207
-7.27974
-9.56468
-11.5214
-11.0429
-11.2285
-11.6719
-12.9081
-8.96634
-2.15117
4.20831
6.34052
4.70531
0.79528
0.288325
2.31783
15.7599
32.9779
45.5763
54.6615
61.4498
64.8754
65.1289
62.9583
59.6033
55.6996
53.5461
55.4269
58.8804
60.6264
61.0111
60.9356
60.4526
59.0457
56.3363
52.541
47.7326
42.5724
38.5841
35.2825
31.0155
21.9424
13.3797
3.87349
0.419447
0.651642
2.31791
3.72092
3.25445
0.302795
-3.90297
-5.90465
-5.02129
-4.07458
-4.44108
-5.70624
-7.06267
-9.11516
-9.00199
-5.57046
-3.57078
-5.00258
-9.27275
-13.1649
-11.8161
-9.43463
-9.14313
-10.3533
-11.0652
-11.6371
-13.0232
-12.9394
-10.9174
-10.6729
-12.6895
-15.8567
-16.9768
-16.459
-15.4842
-15.2589
-15.5394
-15.5196
-14.2228
-12.3329
-12.0788
-15.3879
-23.8727
-39.0974
-65.4625
-0.435177
-0.435177
-0.435177
-0.435177
-0.435177
-0.435177
-0.435177
-0.435177
-0.435177
-0.435177
-0.435177
-0.435177
-0.435177
-0.435177
-0.435177
-7.2274
-7.66012
-8.66581
-7.75834
-6.65708
-8.145
-12.9926
-17.1304
-12.9204
-8.3558
-7.43824
-10.061
-15.3555
-19.9358
-19.3985
-15.0099
-10.9042
-7.44003
-4.08143
-3.2463
-5.4406
-10.8347
-11.2363
-2.62604
4.85137
8.74739
9.82487
8.07217
4.3093
2.52418
19.5714
41.0068
55.0487
64.6007
69.2563
70.27
68.8549
67.3235
67.586
69.0044
69.7421
70.0791
69.5422
67.5804
63.818
59.2433
56.0503
54.1312
52.3227
50.3384
49.4129
49.4573
48.6139
45.7378
40.1799
32.5542
23.3519
13.9681
6.72004
4.67232
6.49823
6.60915
5.14252
2.5661
-0.613513
-2.29255
-1.98979
-1.72707
-2.57378
-5.00285
-6.88783
-5.5471
-2.00852
0.321221
-0.334728
-4.35512
-9.99747
-12.9633
-14.6204
-14.9759
-12.2151
-8.62968
-6.35156
-5.66612
-5.99223
-7.35854
-9.46965
-9.65379
-7.73164
-6.97061
-8.25578
-9.9172
-11.9151
-15.3871
-17.0829
-14.1052
-11.0037
-10.2891
-12.5619
-18.5616
-29.536
-47.5803
-71.8685
-0.435177
-0.435177
-0.435177
-0.435177
-0.435177
-0.435177
-0.435177
-0.435177
-0.435177
-0.435177
-0.435177
-0.435177
-0.435177
-0.435177
-0.435177
-7.62115
-10.253
-16.5672
-24.2378
-23.4877
-18.4705
-15.2146
-13.8441
-12.9308
-11.2943
-9.69571
-9.3216
-10.7546
-14.1659
-17.3428
-15.2937
-10.0541
-6.54872
-5.238
-5.27467
-6.1269
-9.9959
-10.3752
-2.52807
3.38156
5.67429
4.42558
-0.0505705
-4.96419
0.0471199
20.5095
37.2083
50.7701
61.6628
70.534
75.5805
76.8964
75.0356
70.815
64.8064
58.37
56.0797
59.169
62.904
65.3798
65.5528
63.7217
61.0569
58.0298
54.1368
48.8316
43.6346
40.5596
40.2818
40.0161
36.4895
29.4231
19.3704
8.41456
4.39802
5.84391
5.52417
3.51486
1.1
1.90964
5.03344
5.91555
2.96705
-3.27313
-6.9318
-3.88143
-0.777327
-0.780987
-3.57466
-7.56581
-10.968
-14.2227
-15.8441
-16.6354
-16.2933
-12.4369
-9.00395
-7.56042
-5.78435
-3.36296
-2.33888
-3.75854
-6.95633
-10.8692
-16.2625
-22.8801
-25.8288
-23.9939
-23.2887
-24.077
-22.3263
-17.2315
-13.2762
-12.6171
-16.0938
-24.8254
-39.675
-66.329
-0.435177
-0.435177
-0.435177
-0.435177
-0.435177
-0.435177
-0.435177
-0.435177
-0.435177
-0.435177
-0.435177
-0.435177
-0.435177
-0.435177
-0.435177
-10.6509
-11.8853
-15.7193
-19.2702
-18.9299
-16.9139
-17.0223
-18.1512
-16.6672
-14.1816
-13.6952
-13.8055
-13.868
-13.6527
-13.1258
-12.9564
-13.1796
-11.6088
-9.3766
-10.3401
-12.0696
-12.4014
-8.65617
-2.92078
0.638286
0.614341
-2.87573
-8.7583
-12.2407
-4.41725
20.5151
41.7579
56.6495
66.4184
71.351
72.8873
72.196
70.9568
70.7661
71.2875
71.0973
69.7434
67.0711
63.4884
61.708
63.3425
65.8285
66.4038
65.221
62.8533
60.0535
56.4957
52.0755
46.9773
41.8453
36.5872
30.0513
22.3898
13.1793
5.37669
1.06755
-0.704146
-0.489913
-0.338221
-1.00597
-2.85809
-5.22497
-7.41008
-8.09389
-7.76597
-7.42516
-5.86908
-3.9356
-3.61676
-5.00732
-7.11228
-8.08404
-8.04313
-7.82857
-8.63656
-10.8178
-12.9988
-14.0668
-15.2525
-16.5596
-16.0862
-14.118
-13.3853
-14.5086
-17.4053
-20.7892
-22.4761
-20.2186
-16.5313
-14.2388
-13.84
-14.1396
-14.8386
-17.452
-23.6136
-34.1667
-48.2337
-62.7554
-0.435177
-0.435177
-0.435177
-0.435177
-0.435177
-0.435177
-0.435177
-0.435177
-0.435177
-0.435177
-0.435177
-0.435177
-0.435177
-0.435177
-0.435177
-17.936
-14.4107
-10.6507
-10.198
-12.5022
-13.9266
-12.2226
-11.5126
-11.7258
-12.2249
-12.437
-13.5469
-15.4897
-16.6352
-15.2637
-13.6682
-12.8609
-11.8119
-10.2896
-10.6614
-12.274
-12.8571
-11.9866
-9.37805
-6.74154
-5.44161
-5.84447
-7.24808
-7.28028
-4.60264
15.9356
30.4807
47.0287
60.0569
69.5418
75.8141
79.1675
80.0195
78.8433
77.2644
78.1987
81.1645
83.5785
84.1216
82.6314
79.6873
76.1648
72.9991
69.7437
65.8134
62.0685
60.7891
60.4624
58.8594
54.9073
47.838
36.4276
23.3155
16.8517
10.7107
1.62889
-5.72328
-6.98807
-6.4662
-3.05931
2.77839
7.47026
9.49342
8.42876
4.30391
-1.54608
-3.68379
-2.73888
-3.12875
-5.54538
-8.72875
-10.5142
-10.3397
-9.93621
-9.87568
-9.28089
-8.59711
-9.00215
-11.3438
-15.3849
-18.9178
-21.3239
-21.3695
-19.3137
-15.0629
-11.2889
-10.2637
-12.1559
-14.9069
-14.3638
-11.6263
-9.45017
-8.87998
-10.8051
-15.8786
-25.0576
-40.0607
-64.38
-0.435177
-0.435177
-0.435177
-0.435177
-0.435177
-0.435177
-0.435177
-0.435177
-0.435177
-0.435177
-0.435177
-0.435177
-0.435177
-0.435177
-0.435177
-14.0911
-12.7677
-12.7696
-13.6452
-13.0134
-8.37423
-3.98937
-2.10501
-2.44118
-4.05048
-6.68901
-10.2358
-11.7129
-9.65018
-7.99603
-7.66726
-7.12223
-5.29835
-3.7793
-4.44918
-6.11581
-6.90763
-6.6271
-7.23859
-9.01218
-9.80366
-8.37002
-6.4053
-4.28791
-3.40042
7.98686
21.8957
35.0321
45.1699
52.2535
56.6357
64.1668
74.4648
82.6396
87.4832
89.2763
88.4996
85.7192
82.0692
79.9309
80.6204
82.0339
82.3031
81.226
79.2012
76.2728
72.1421
66.9684
62.0894
58.5746
54.2905
46.9072
36.668
26.9777
17.7596
8.07326
-1.88604
-11.7748
-17.5544
-13.6824
-6.4933
-0.659913
3.92117
6.40636
6.22333
3.68944
0.912397
0.837447
0.737256
-1.79216
-6.83908
-12.0732
-14.4029
-12.5286
-7.95733
-4.021
-2.18602
-2.89588
-6.0909
-10.1279
-12.2786
-12.8687
-13.3882
-12.3518
-10.0598
-8.77299
-9.51207
-11.8131
-13.3296
-12.315
-10.6528
-9.93234
-10.6488
-13.5312
-19.6892
-29.4186
-44.8952
-71.7035
-0.435177
-0.435177
-0.435177
-0.435177
-0.435177
-0.435177
-0.435177
-0.435177
-0.435177
-0.435177
-0.435177
-0.435177
-0.435177
-0.435177
-0.435177
-23.9244
-26.6454
-28.3509
-27.1837
-22.6032
-18.3614
-16.8278
-17.9794
-20.655
-22.4695
-22.687
-21.694
-18.6257
-15.5837
-13.7336
-12.8153
-13.3545
-15.6195
-14.7376
-11.7213
-8.04066
-6.5257
-7.21174
-6.94591
-5.85378
-5.52909
-7.57506
-12.5244
-13.5051
-8.28596
2.24761
15.3715
28.9065
40.1306
48.4306
53.2854
57.9719
64.1365
68.4552
69.9293
69.599
69.9915
73.0117
76.7966
79.7149
80.7567
79.7472
77.4146
74.7339
72.2205
70.1085
68.86
68.1593
66.6523
63.1081
56.6362
46.3826
31.8955
18.7447
14.7228
12.6012
9.55206
4.00898
-2.54685
-1.19853
5.64746
10.0183
11.1677
10.259
9.66302
9.8899
8.50823
3.9973
-4.36605
-14.2236
-17.2803
-14.5382
-14.0707
-17.3759
-23.1215
-22.9838
-15.6953
-10.2959
-8.6363
-9.85609
-11.7724
-12.7676
-14.3711
-17.3304
-20.0871
-19.115
-15.9803
-14.7228
-15.8536
-17.9416
-18.5816
-17.6308
-17.1277
-19.4712
-26.0902
-38.6811
-56.8435
-80.5215
-0.435177
-0.435177
-0.435177
-0.435177
-0.435177
-0.435177
-0.435177
-0.435177
-0.435177
-0.435177
-0.435177
-0.435177
-0.435177
-0.435177
-0.435177
-20.381
-18.3764
-13.9388
-12.0632
-13.0415
-15.851
-18.6981
-20.8383
-22.6421
-23.6971
-24.0735
-23.4215
-20.7263
-15.7342
-12.2064
-11.6289
-12.9019
-12.8671
-10.9827
-10.0899
-10.952
-11.0366
-9.94869
-10
-10.3982
-8.96532
-7.38609
-9.05316
-10.4089
-6.07415
1.67296
16.899
31.0517
41.8301
48.5386
52.4407
55.4171
58.8885
62.0415
63.9415
65.7096
67.3355
67.7593
67.0579
66.4969
67.2266
68.602
69.7416
70.541
70.6902
69.3265
66.2838
61.6134
55.5428
47.2539
35.4615
23.5821
16.3148
12.9508
8.89062
4.86565
-0.406338
-3.03291
0.467898
8.67542
16.2872
20.2004
20.2494
17.1283
13.2821
11.2194
8.74164
3.33534
-5.01941
-13.7188
-15.1102
-12.2605
-10.9445
-11.6926
-13.4627
-15.2222
-15.7368
-13.2833
-10.9349
-11.0759
-13.9701
-18.0025
-19.8663
-18.7764
-17.1256
-15.7587
-15.7346
-17.7679
-22.3547
-28.9556
-34.1409
-34.9236
-33.6003
-33.7932
-37.0183
-44.245
-57.7054
-87.6387
-0.435177
-0.435177
-0.435177
-0.435177
-0.435177
-0.435177
-0.435177
-0.435177
-0.435177
-0.435177
-0.435177
-0.435177
-0.435177
-0.435177
-0.435177
-22.6757
-18.2098
-14.5801
-14.079
-16.1984
-18.6929
-20.078
-21.287
-22.132
-21.195
-18.969
-16.2735
-13.8348
-12.6529
-12.7409
-13.509
-14.6622
-15.1309
-14.2251
-13.2332
-11.8809
-12.502
-13.3051
-15.6577
-13.9209
-9.39393
-5.73318
-6.10884
-7.69256
-8.30833
6.55863
18.8943
27.339
35.7852
41.56
45.7579
50.8958
57.7889
64.1888
68.7322
70.8329
70.789
69.1619
66.8548
64.7693
62.6579
60.4301
58.6931
58.3798
58.5295
58.4047
56.8601
53.1899
47.8959
41.9874
35.9296
26.6344
13.1248
2.33959
-3.56935
-5.53661
-5.19992
-4.02917
-0.661863
4.26777
9.15918
13.873
17.5635
18.6652
16.6041
11.9597
7.13785
3.12111
-2.10359
-7.53625
-9.91581
-11.5363
-12.4429
-10.3373
-5.35724
-0.829024
1.09776
-0.17032
-4.51565
-10.6655
-16.8509
-22.0612
-26.1124
-28.1539
-25.0575
-19.1862
-16.2818
-17.4769
-22.3902
-26.4264
-24.8728
-23.5562
-25.6782
-31.5612
-40.7378
-51.2789
-64.8943
-78.0521
-0.435177
-0.435177
-0.435177
-0.435177
-0.435177
-0.435177
-0.435177
-0.435177
-0.435177
-0.435177
-0.435177
-0.435177
-0.435177
-0.435177
-0.435177
-13.5903
-9.35556
-7.97175
-9.82857
-14.7195
-19.9299
-18.8723
-15.6453
-14.3482
-14.8938
-15.6024
-14.682
-13.2727
-12.9667
-14.6881
-17.9656
-20.0063
-19.7569
-14.9619
-11.9534
-9.50156
-9.48492
-9.35603
-9.1111
-7.12752
-5.71493
-7.04115
-11.5814
-15.9249
-16.0025
2.40098
15.5526
28.3876
39.275
46.5856
50.4171
52.6529
55.3899
57.7397
58.3784
58.1412
58.6393
60.4439
62.0186
61.9867
60.2008
57.6019
55.7512
54.5101
52.8323
49.8921
47.2981
46.2671
44.5603
40.3667
32.5304
20.4595
5.75161
-4.31772
-8.45775
-12.3775
-12.8269
-9.39607
-2.45922
4.2456
7.95312
8.75272
7.33571
5.11577
3.04597
1.51961
0.641747
-0.108178
-1.05101
-2.60479
-4.6555
-5.82093
-6.09692
-6.48117
-6.55586
-5.25351
-4.89422
-7.59048
-13.8884
-21.3617
-21.9829
-17.0469
-13.5828
-13.0881
-14.8262
-17.4358
-18.8617
-18.7523
-18.1855
-18.3146
-17.6523
-14.8641
-12.9033
-14.1718
-19.6627
-30.4814
-48.7219
-76.1272
-0.435177
-0.435177
-0.435177
-0.435177
-0.435177
-0.435177
-0.435177
-0.435177
-0.435177
-0.435177
-0.435177
-0.435177
-0.435177
-0.435177
-0.435177
-13.4447
-12.2208
-13.8697
-17.8888
-23.0744
-26.3141
-25.3249
-24.5554
-25.5552
-25.0819
-21.2339
-18.1501
-15.9749
-14.6745
-14.5107
-15.1715
-16.1123
-17.0306
-18.9106
-19.6804
-15.8133
-13.6309
-13.5065
-12.4409
-10.5107
-8.08986
-6.87162
-8.49321
-11.8989
-10.505
-4.91351
10.1025
27.4328
38.7442
45.5677
48.66
49.5998
51.1141
54.059
55.8867
56.3416
56.1693
55.9888
55.8327
56.1597
56.9201
57.16
56.6441
55.8255
54.3556
51.1726
45.9029
39.2545
33.7642
27.6444
21.4454
13.6063
7.04053
2.58015
-1.75599
-6.2565
-9.37685
-7.902
-0.285721
6.74522
10.2158
10.2816
7.94919
5.04691
2.29978
-1.50654
-4.91318
-5.40155
-6.06119
-8.79898
-13.7097
-18.7173
-20.3571
-19.7238
-18.7893
-18.0728
-18.2192
-20.0613
-23.2105
-24.4292
-20.0547
-15.4825
-13.7709
-15.4491
-19.575
-22.4702
-21.3637
-19.1257
-17.9378
-17.9692
-17.8538
-15.6334
-13.5861
-14.2833
-18.9001
-28.6347
-45.2393
-70.4897
-0.435177
-0.435177
-0.435177
-0.435177
-0.435177
-0.435177
-0.435177
-0.435177
-0.435177
-0.435177
-0.435177
-0.435177
-0.435177
-0.435177
-0.435177
-17.9989
-17.0817
-17.5616
-20.2571
-24.3814
-25.3546
-24.4974
-25.6358
-28.3872
-29.0676
-27.6242
-25.2995
-22.6162
-20.5561
-20.3234
-21.384
-21.9534
-21.0035
-18.151
-17.0323
-16.2454
-16.759
-18.3698
-16.5368
-11.2374
-8.32395
-8.11216
-9.42793
-8.83858
-8.72418
-7.23996
9.45889
25.6148
36.4416
43.7945
48.0668
50.937
54.3389
58.2874
61.3364
62.9022
62.8424
61.062
58.1934
56.0005
55.4006
54.629
53.3033
52.1376
51.3168
49.5579
45.9164
40.8692
35.746
31.7473
26.3008
17.5726
4.9623
-2.13088
-2.09329
-3.04644
-6.83116
-10.8726
-11.1329
-10.5082
-8.52055
-3.97183
-0.0277777
0.685289
-2.09313
-5.83301
-5.97571
-5.96011
-9.48208
-16.0797
-20.7527
-20.8713
-20.6202
-21.6255
-22.4485
-21.8854
-19.9916
-17.5532
-16.0487
-16.7432
-19.2776
-21.9506
-24.072
-26.6578
-26.6048
-23.2365
-19.3682
-16.8051
-16.3595
-17.5845
-17.9478
-17.1145
-16.9205
-18.2966
-21.6493
-28.4782
-41.6627
-60.77
-0.435177
-0.435177
-0.435177
-0.435177
-0.435177
-0.435177
-0.435177
-0.435177
-0.435177
-0.435177
-0.435177
-0.435177
-0.435177
-0.435177
-0.435177
-19.6123
-19.7638
-20.3756
-22.5065
-22.9863
-19.8143
-16.949
-16.7354
-19.2169
-23.4761
-28.1506
-30.1439
-25.9554
-20.8355
-17.8911
-17.2905
-18.4966
-19.7303
-19.9878
-20.9667
-20.1207
-18.4467
-15.9326
-11.5325
-6.90456
-4.23273
-3.83433
-4.44097
-4.53273
-1.3366
6.9931
23.1005
36.8746
47.5191
54.255
57.3551
58.0118
58.5086
59.6891
60.3362
60.1343
60.4818
61.8412
62.5933
61.5758
59.0262
56.1002
53.7275
52.0386
50.5687
48.4641
45.9243
43.1611
39.4516
33.7663
26.7899
17.7171
6.81402
-6.44967
-14.775
-18.0108
-19.1514
-15.9274
-11.5344
-9.47084
-7.5319
-2.57308
2.47912
4.32673
2.33369
-3.15875
-8.88166
-10.1967
-11.0664
-12.8872
-14.219
-14.5196
-15.1925
-15.7719
-16.2787
-16.2366
-13.1451
-9.62512
-9.11048
-12.1989
-16.9076
-19.5165
-21.8988
-26.8129
-31.2186
-28.932
-23.7729
-19.9096
-18.645
-19.5083
-19.3944
-16.7785
-14.1715
-13.8065
-16.7773
-23.9784
-37.668
-58.2268
-0.435177
-0.435177
-0.435177
-0.435177
-0.435177
-0.435177
-0.435177
-0.435177
-0.435177
-0.435177
-0.435177
-0.435177
-0.435177
-0.435177
-0.435177
-16.0477
-13.4275
-13.4501
-16.0628
-19.5086
-21.4415
-22.0994
-22.5353
-22.7937
-22.4557
-21.5114
-20.0069
-18.7491
-18.3487
-19.033
-20.3079
-20.9676
-19.6997
-16.6582
-14.6056
-8.51866
-4.25949
-2.93225
-2.5882
0.518049
4.74945
6.60329
5.23119
1.90173
3.22049
19.3857
35.4022
47.3247
56.1216
61.8561
64.3659
64.0475
62.2255
61.1006
60.9469
60.8021
61.1619
61.8019
61.8002
60.9496
59.2278
56.5457
53.4631
50.9457
49.881
48.8205
46.4849
42.8782
38.2943
32.3862
24.8423
16.0208
7.99746
0.374623
-8.87958
-18.3953
-24.7503
-22.9968
-10.6008
-1.16444
3.98094
5.16354
3.38354
0.205562
-2.92337
-6.20509
-7.29202
-4.7983
-3.52408
-5.30935
-10.4233
-16.9383
-20.5829
-21.1202
-21.3413
-20.8082
-18.5426
-16.6463
-16.9374
-18.7591
-21.6491
-24.446
-25.7152
-24.3959
-21.0894
-17.689
-14.407
-11.6895
-9.43626
-7.63407
-7.22405
-9.26827
-13.9721
-19.9008
-25.2314
-32.6555
-45.7785
-65.9889
-0.435177
-0.435177
-0.435177
-0.435177
-0.435177
-0.435177
-0.435177
-0.435177
-0.435177
-0.435177
-0.435177
-0.435177
-0.435177
-0.435177
-0.435177
-23.0252
-20.2232
-19.9789
-22.1979
-24.6907
-25.1646
-25.1985
-24.093
-20.6426
-17.1846
-15.7571
-16.0381
-16.2177
-15.9521
-16.6817
-17.5907
-16.6465
-15.303
-14.3319
-14.601
-8.82304
-3.36552
-1.01793
0.478694
4.88152
8.28578
8.20409
4.33488
-2.44222
-1.05306
16.9899
33.8242
46.9114
56.9856
63.4784
66.7546
67.4564
67.0456
67.3573
68.1305
67.9899
66.6812
65.2037
64.4727
64.1851
63.6605
62.5588
60.4323
57.1088
53.2895
50.1163
47.749
45.225
41.1991
35.3184
27.0115
15.4107
4.00093
-0.287361
-4.58611
-9.25135
-9.44738
-9.36848
-7.69244
-1.12726
4.18307
5.47949
2.8934
-2.47989
-7.482
-10.5586
-9.56732
-6.06443
-4.51324
-5.37797
-7.75192
-10.0007
-11.3579
-12.1846
-14.5081
-18.7134
-21.1669
-19.1344
-16.3682
-14.5015
-15.12
-17.6664
-20.3511
-21.908
-23.5537
-26.1023
-28.3659
-28.0179
-22.9051
-15.9319
-12.1844
-12.488
-17.0153
-25.6254
-35.7568
-46.8851
-61.0763
-82.2339
-0.435177
-0.435177
-0.435177
-0.435177
-0.435177
-0.435177
-0.435177
-0.435177
-0.435177
-0.435177
-0.435177
-0.435177
-0.435177
-0.435177
-0.435177
-19.0902
-18.7277
-17.4202
-17.1928
-18.5453
-21.6543
-24.7789
-24.3623
-22.394
-21.3913
-21.4678
-22.4378
-23.4531
-21.2036
-16.3347
-12.8089
-11.6549
-11.7221
-11.8059
-11.5095
-9.49207
-7.06941
-4.85016
-2.03324
2.44371
5.1241
4.18511
-0.8504
-8.24289
-10.7247
10.2288
26.1068
40.6143
53.8677
63.5889
69.3267
71.8356
72.6629
73.2741
73.9294
73.854
72.9197
71.2655
69.3675
68.0663
67.3962
66.1785
63.7913
60.9856
58.6182
55.9066
52.1382
47.6155
43.0463
37.6716
30.0188
18.2623
5.83341
-1.4327
-2.60896
-1.31752
0.467704
1.71385
3.55834
5.80357
6.59744
5.78175
5.02275
4.93047
3.35249
-1.40791
-8.38667
-12.0517
-11.8853
-11.942
-12.8516
-13.248
-11.5018
-9.35411
-8.7937
-10.0834
-13.092
-17.3911
-20.2042
-18.9213
-15.7088
-14.0203
-14.782
-17.843
-21.938
-23.4147
-21.2351
-18.0585
-15.0812
-12.7706
-11.9558
-13.7039
-18.7233
-27.241
-36.7376
-45.0557
-56.7083
-74.0478
-0.435177
-0.435177
-0.435177
-0.435177
-0.435177
-0.435177
-0.435177
-0.435177
-0.435177
-0.435177
-0.435177
-0.435177
-0.435177
-0.435177
-0.435177
-20.1373
-20.78
-21.1734
-21.6693
-21.4737
-20.3503
-18.726
-16.922
-15.7354
-16.2337
-18.8313
-22.5066
-23.1015
-21.1585
-20.0904
-20.3348
-18.7787
-14.8289
-12.8515
-14.529
-18.0554
-19.9148
-17.2163
-12.2288
-8.17163
-6.17064
-6.65091
-9.80474
-14.0766
-12.1165
3.35124
21.1718
33.3753
45.3545
56.2095
64.1943
69.8053
73.7881
76.3472
77.5538
77.6256
76.9274
75.7205
73.9623
71.7321
70.0913
69.2115
67.965
65.6454
62.7878
59.5065
55.3168
50.6674
46.9302
43.1441
36.8832
26.1873
12.6799
4.25584
0.296403
-1.84345
-1.23967
1.23928
3.29712
3.87572
2.78572
0.986625
-0.521494
-1.81989
-3.82731
-7.62515
-13.8506
-20.7678
-21.5086
-18.7172
-18.1947
-20.0308
-21.2985
-18.8531
-15.8227
-14.6091
-15.4897
-18.4119
-22.856
-23.9835
-17.7675
-12.5093
-10.8339
-12.2155
-14.8414
-16.5036
-16.9542
-15.0153
-12.4558
-11.7428
-13.3411
-15.9909
-18.5566
-22.091
-28.4237
-39.0045
-54.8005
-77.144
-0.435177
-0.435177
-0.435177
-0.435177
-0.435177
-0.435177
-0.435177
-0.435177
-0.435177
-0.435177
-0.435177
-0.435177
-0.435177
-0.435177
-0.435177
-11.5755
-9.95654
-9.63595
-11.4036
-14.946
-17.5983
-17.2691
-16.4149
-17.0051
-18.847
-18.7634
-15.3882
-12.8174
-11.7353
-11.3877
-11.5618
-12.3223
-12.9836
-13.05
-14.3162
-14.9416
-15.1953
-15.0742
-14.4407
-13.1676
-12.3582
-12.667
-13.2342
-11.9534
-9.21727
0.647085
13.5129
27.0243
36.5289
44.9341
54.1942
65.5387
74.4399
79.5229
81.2127
80.4928
78.8576
77.797
77.1335
76.2996
74.9117
73.1136
71.0828
68.8977
66.4276
63.4414
60.1577
56.9856
53.6439
48.5755
40.7752
29.9333
20.8958
18.5844
15.9222
11.3501
8.78403
8.92229
9.42753
8.9314
6.664
2.35725
-2.4921
-4.34368
-5.44184
-8.86199
-14.5208
-19.1886
-17.911
-14.3522
-12.8231
-13.9339
-16.2845
-15.6563
-12.9816
-12.4152
-14.9894
-18.6099
-19.0944
-18.6791
-19.2335
-18.3626
-14.6915
-11.2077
-9.51841
-10.1575
-12.957
-15.9432
-15.6684
-13.1188
-10.5082
-8.86167
-9.26479
-12.7287
-19.98
-32.0836
-49.4955
-77.8511
-0.435177
-0.435177
-0.435177
-0.435177
-0.435177
-0.435177
-0.435177
-0.435177
-0.435177
-0.435177
-0.435177
-0.435177
-0.435177
-0.435177
-0.435177
-12.5328
-13.2106
-15.1116
-17.5949
-17.9785
-16.2108
-15.5522
-16.3071
-17.1786
-17.3187
-16.505
-15.0428
-14.1281
-14.3851
-14.5528
-13.2964
-11.1812
-9.31508
-9.13937
-10.6868
-13.2202
-15.282
-15.9374
-16.0948
-15.7628
-14.9851
-14.6561
-15.6073
-15.4521
-13.1908
1.65676
13.1587
26.0044
35.3574
43.5668
51.1372
60.9147
70.2803
76.6862
80.0435
80.7797
79.8348
78.4312
77.6223
77.474
77.1805
75.9122
73.701
71.6946
70.8611
70.52
69.5919
67.1569
62.7654
56.5679
48.8591
39.547
31.6058
27.7938
24.1744
20.366
17.8075
14.9627
12.7104
13.036
13.3285
11.6036
7.81758
3.12259
-1.91031
-7.69816
-14.4815
-19.0075
-18.6494
-17.3013
-17.0498
-17.8491
-19.0738
-18.9945
-17.2924
-16.1568
-16.4757
-17.4689
-18.1845
-19.2175
-20.4444
-20.1379
-18.7843
-17.6351
-17.448
-18.687
-21.3102
-23.2763
-21.9803
-19.532
-18.652
-20.0461
-22.9838
-25.8741
-29.436
-36.326
-48.8449
-65.7082
-0.435177
-0.435177
-0.435177
-0.435177
-0.435177
-0.435177
-0.435177
-0.435177
-0.435177
-0.435177
-0.435177
-0.435177
-0.435177
-0.435177
-0.435177
-23.0056
-24.0253
-25.114
-26.0783
-25.3881
-24.0159
-23.7382
-23.7613
-20.8047
-17.0993
-15.8361
-17.4456
-20.83
-22.8481
-22.3608
-21.3438
-21.3812
-21.9947
-23.6757
-23.1976
-19.3303
-16.1948
-14.9593
-15.5493
-16.85
-17.3861
-16.7554
-17.8526
-19.2253
-15.9802
-2.1771
12.3063
23.8818
33.7893
41.9785
47.8578
53.9292
60.8176
66.2856
69.0157
69.4293
69.1692
69.8132
70.4783
70.0708
68.8903
67.767
67.2672
67.446
67.3736
65.9531
62.9342
59.3738
56.3705
52.6224
46.4355
36.7487
26.3553
20.9488
17.1105
13.5738
10.415
8.51207
12.944
18.2779
19.9001
17.6845
12.6932
8.3222
5.67418
1.67249
-5.43316
-12.7166
-14.853
-15.0639
-16.0593
-16.9052
-17.5119
-18.2065
-18.3491
-18.605
-19.6834
-20.5695
-20.9469
-21.8608
-23.6233
-24.6303
-24.7983
-25.7842
-27.0711
-25.6222
-21.7406
-19.3568
-19.3911
-21.577
-23.7655
-21.182
-16.5199
-14.875
-17.5688
-25.4709
-39.9703
-65.0164
-0.435177
-0.435177
-0.435177
-0.435177
-0.435177
-0.435177
-0.435177
-0.435177
-0.435177
-0.435177
-0.435177
-0.435177
-0.435177
-0.435177
-0.435177
-16.9273
-19.4871
-23.0503
-24.0626
-22.551
-22.7785
-24.7855
-24.4701
-19.9505
-15.6529
-13.9716
-15.1661
-18.7966
-22.8582
-24.5944
-24.1223
-23.593
-24.2639
-25.4077
-26.6866
-25.0241
-22.0501
-20.0169
-20.8391
-22.5205
-22.0271
-18.5533
-18.1189
-16.5071
-14.5829
-4.25898
13.6287
24.8011
35.2517
43.1045
48.57
53.3656
58.384
62.2359
64.0799
64.2944
64.2142
64.4849
64.4819
63.62
61.8654
59.6432
57.5512
55.7742
54.6614
54.2286
54.3882
53.8347
51.2575
46.0832
38.3357
28.1504
17.3295
11.6923
9.06024
4.49365
-0.785478
-2.72832
0.826124
5.56288
7.54647
6.04005
2.09706
-0.165136
0.372545
-0.0754571
-3.03358
-7.53025
-10.0023
-10.2137
-11.3128
-14.3553
-18.4839
-22.2966
-23.1206
-18.2654
-13.2279
-10.8795
-11.0242
-12.5285
-14.3206
-16.6898
-20.391
-23.603
-22.7139
-19.5249
-17.6403
-17.7558
-19.6227
-22.9068
-26.3335
-25.4211
-22.1542
-21.5046
-24.8938
-33.3185
-48.9822
-74.9465
-0.435177
-0.435177
-0.435177
-0.435177
-0.435177
-0.435177
-0.435177
-0.435177
-0.435177
-0.435177
-0.435177
-0.435177
-0.435177
-0.435177
-0.435177
-13.3126
-13.0715
-15.5568
-19.6127
-21.9282
-21.6217
-20.2705
-18.1933
-15.788
-14.0048
-13.525
-14.8378
-17.3786
-19.9268
-21.7651
-22.2402
-21.4065
-20.1133
-18.802
-20.1576
-21.5381
-21.1737
-20.1461
-21.0566
-22.9886
-22.9664
-20.5521
-19.6059
-19.8883
-15.2547
-2.21737
12.8909
25.4462
35.6203
42.8687
47.4787
50.899
54.6531
58.1985
59.9253
59.4803
57.7536
56.791
57.2759
57.8297
57.3415
55.9207
54.4916
53.8735
53.5941
53.0866
51.9819
49.9732
46.6988
41.6223
34.0448
23.436
9.66449
0.613052
0.378389
-0.701479
-3.03128
-2.38438
0.584349
1.60404
0.0186993
-3.38229
-6.34338
-7.58167
-8.42918
-10.5458
-12.0312
-11.5424
-10.6632
-11.0403
-12.0403
-12.6307
-13.0171
-14.3477
-17.1889
-18.2493
-13.9027
-9.52587
-8.0858
-9.73561
-13.7451
-17.1562
-16.8986
-15.1257
-13.8078
-13.1775
-13.832
-15.6881
-17.0105
-16.9643
-16.617
-16.2623
-16.3924
-18.5676
-24.1509
-34.6132
-52.1213
-80.4814
-0.435177
-0.435177
-0.435177
-0.435177
-0.435177
-0.435177
-0.435177
-0.435177
-0.435177
-0.435177
-0.435177
-0.435177
-0.435177
-0.435177
-0.435177
-18.4426
-17.9373
-18.633
-20.6013
-23.0006
-24.9925
-26.0359
-23.9221
-20.5629
-18.2048
-17.0438
-16.4176
-15.5627
-14.7388
-14.934
-17.0933
-20.8881
-22.9652
-21.5162
-20.1085
-19.4725
-20.1815
-19.8286
-18.366
-17.7095
-16.6838
-14.6173
-14.1872
-15.0248
-15.6473
-1.9493
8.38901
21.7323
31.32
37.7809
41.1144
42.4824
43.4969
44.775
45.2069
44.1194
42.7224
42.7243
43.5789
43.6841
42.5204
40.4995
39.2228
39.6861
40.9902
41.4206
41.1025
40.3484
38.4243
34.106
26.4984
14.8526
3.32872
2.88619
5.02926
4.37973
1.50064
-1.39189
-2.19848
-3.19311
-5.49615
-8.58559
-10.3444
-11.2748
-12.4684
-12.1103
-9.26571
-7.26511
-7.78906
-10.5109
-14.2568
-18.0782
-20.7667
-20.6646
-20.0454
-21.0692
-21.082
-17.6771
-13.9367
-12.4799
-13.9014
-17.8915
-22.2777
-23.1035
-22.5494
-22.859
-23.297
-22.2881
-20.4361
-19.0508
-18.9654
-20.4479
-23.581
-27.9626
-33.7062
-42.4865
-56.3926
-73.6394
-0.435177
-0.435177
-0.435177
-0.435177
-0.435177
-0.435177
-0.435177
-0.435177
-0.435177
-0.435177
-0.435177
-0.435177
-0.435177
-0.435177
-0.435177
-27.7392
-26.7403
-23.3911
-20.8668
-20.0735
-21.079
-23.2875
-24.1179
-22.3581
-20.9169
-21.1573
-22.6496
-23.6469
-21.9631
-19.9294
-20.1268
-23.6109
-27.0822
-24.7728
-23.3322
-22.6807
-23.6426
-23.2342
-20.5044
-17.6352
-16.6267
-17.6698
-22.1284
-22.995
-16.8302
-2.79841
8.51956
19.288
27.4747
31.6862
32.4702
31.163
30.8135
32.3563
33.6243
32.8062
31.2463
28.7497
27.2133
28.3087
29.8199
30.4997
29.7802
29.2581
30.1544
31.8759
32.3959
30.9041
27.5567
22.5471
16.3566
9.71247
5.30426
2.14943
-0.762197
-1.2461
-0.138283
-0.12864
-1.6572
-3.82032
-5.96998
-8.33541
-10.958
-13.3527
-16.9849
-20.5567
-20.7832
-19.3144
-18.5248
-19.2202
-20.066
-19.8629
-18.6483
-17.3917
-16.0501
-14.5393
-14.0749
-15.4038
-17.7164
-17.7992
-16.3426
-15.4848
-15.8084
-17.2008
-18.8331
-19.3332
-19.4729
-21.1528
-22.6819
-21.472
-19.6883
-18.3972
-17.6038
-18.6935
-23.2415
-32.7934
-49.2166
-71.8572
-0.435177
-0.435177
-0.435177
-0.435177
-0.435177
-0.435177
-0.435177
-0.435177
-0.435177
-0.435177
-0.435177
-0.435177
-0.435177
-0.435177
-0.435177
-19.9874
-18.5815
-19.4512
-22.3145
-24.014
-22.9578
-21.032
-19.527
-19.5312
-21.3837
-23.8833
-23.9555
-20.5904
-15.9661
-12.9739
-12.4382
-14.233
-17.3201
-19.7564
-22.9772
-23.6157
-18.9149
-14.4781
-12.0963
-11.4087
-11.1675
-11.972
-15.0915
-18.1416
-15.3808
-3.36808
10.5325
18.6791
25.5943
30.6624
33.9761
35.3542
35.5327
35.3816
34.8179
32.6998
30.1216
29.1614
30.1851
31.0988
29.9589
26.5881
23.3622
22.1616
22.5819
22.4487
21.5445
19.8482
16.4909
11.206
5.43966
2.21218
0.822076
-0.282887
0.769174
3.77338
5.39049
5.20811
4.33289
2.90465
-0.718553
-6.79839
-11.2674
-11.7538
-11.413
-12.0066
-12.0572
-11.968
-13.0834
-15.4783
-17.1287
-15.9903
-12.3229
-8.08231
-4.83795
-3.6388
-5.01296
-8.77328
-13.4124
-16.3642
-18.2443
-19.8066
-20.6359
-21.0718
-21.4016
-20.0236
-17.9319
-17.9091
-20.9616
-25.0652
-24.0572
-18.0321
-13.9425
-13.7031
-17.8509
-27.3193
-43.0977
-68.7167
-0.435177
-0.435177
-0.435177
-0.435177
-0.435177
-0.435177
-0.435177
-0.435177
-0.435177
-0.435177
-0.435177
-0.435177
-0.435177
-0.435177
-0.435177
-20.1231
-18.9095
-19.5088
-21.3234
-22.3479
-21.9851
-22.0477
-22.8197
-23.8539
-24.6788
-24.8995
-23.3492
-20.185
-17.3746
-16.1481
-16.5802
-18.5226
-21.2365
-23.4859
-26.0287
-23.7281
-18.8202
-15.0421
-13.7454
-15.1461
-17.8114
-18.6631
-19.3691
-19.3516
-16.3384
1.84011
14.4828
23.2461
29.9632
34.0423
35.4959
34.8641
33.3819
32.2386
30.506
27.2555
23.885
21.178
19.9363
20.1966
20.4584
21.2614
21.7654
21.4093
21.4601
20.7987
18.3932
14.2035
10.6363
6.67723
3.75605
-0.285
-4.24271
-3.02414
1.03882
3.43022
3.72528
4.63643
7.40925
8.64507
6.58507
1.74443
-2.14514
-2.83273
-3.00991
-3.63562
-4.82441
-6.58024
-8.7885
-9.868
-8.94229
-8.23336
-7.79052
-4.87677
-1.11476
0.646335
-0.25371
-3.59901
-8.36208
-12.4817
-14.7982
-16.6671
-19.3659
-22.3763
-21.7138
-18.4393
-16.9021
-18.0477
-21.1974
-23.1454
-21.1346
-17.8651
-15.6005
-15.7872
-19.4306
-27.8898
-43.3784
-70.8161
-0.435177
-0.435177
-0.435177
-0.435177
-0.435177
-0.435177
-0.435177
-0.435177
-0.435177
-0.435177
-0.435177
-0.435177
-0.435177
-0.435177
-0.435177
-17.8866
-18.0517
-17.3336
-16.4603
-16.2263
-17.3769
-20.1122
-23.7294
-25.3995
-24.2804
-23.3235
-22.6025
-19.4626
-15.2389
-13.2987
-14.0142
-15.9066
-16.8713
-16.9139
-18.3891
-19.7244
-20.6123
-19.1797
-16.0263
-14.8765
-15.8531
-17.9997
-21.7764
-23.0306
-14.3233
0.367754
11.2943
17.8636
20.9385
21.9158
23.184
25.0197
26.8156
28.0648
27.656
24.8142
23.0087
24.2672
25.8634
25.1253
21.7743
16.8304
13.3741
11.8279
12.2475
12.8377
12.4046
11.3589
9.39204
5.81642
1.3249
-4.13699
-9.39322
-13.5364
-12.2593
-8.78049
-3.37378
3.52223
7.40101
7.15488
2.57634
-5.31152
-9.57859
-9.666
-10.262
-11.6054
-12.8988
-14.482
-16.1337
-16.4027
-14.1141
-10.9739
-8.47721
-6.56988
-5.37806
-5.26784
-6.57713
-9.14666
-12.54
-15.1838
-15.2003
-14.7228
-15.448
-16.0385
-15.874
-16.552
-18.5421
-18.7694
-15.9582
-12.9838
-12.0098
-13.5547
-17.4276
-22.9248
-29.666
-39.7469
-56.3662
-84.9521
-0.435177
-0.435177
-0.435177
-0.435177
-0.435177
-0.435177
-0.435177
-0.435177
-0.435177
-0.435177
-0.435177
-0.435177
-0.435177
-0.435177
-0.435177
-18.1041
-18.1218
-18.8502
-21.392
-25.6215
-29.0423
-29.4549
-28.2766
-27.5406
-27.8906
-29.6458
-31.5001
-28.7786
-23.8128
-21.5751
-22.1814
-22.1365
-18.6788
-15.7963
-16.3537
-18.731
-22.1388
-23.6185
-22.5173
-21.0163
-18.9935
-17.4224
-18.9617
-21.8523
-21.6776
-4.65869
5.76517
10.7839
11.9998
9.9784
10.2759
14.4423
18.2527
21.1265
21.4405
18.5842
15.1668
12.337
14.8866
18.3745
20.7232
21.8624
21.7868
20.0496
19.4227
19.2337
17.568
13.4268
8.90546
5.51455
1.92877
-4.03411
-11.6951
-18.6625
-22.9886
-18.0549
-4.86769
5.40936
10.7598
11.713
8.57095
1.94847
-4.11818
-5.39839
-6.31312
-8.39053
-9.77799
-10.4643
-11.9663
-13.7407
-14.3807
-14.9017
-15.753
-15.1369
-13.0664
-11.1975
-10.8265
-12.2122
-14.3789
-15.2961
-14.7171
-14.4506
-15.1263
-16.909
-19.5752
-22.6481
-25.9545
-28.3478
-27.9409
-25.538
-23.3634
-22.6091
-22.8248
-24.3901
-28.558
-37.4028
-53.5854
-91.5444
-0.435177
-0.435177
-0.435177
-0.435177
-0.435177
-0.435177
-0.435177
-0.435177
-0.435177
-0.435177
-0.435177
-0.435177
-0.435177
-0.435177
-0.435177
-17.4149
-17.5444
-19.3711
-22.6952
-25.7692
-26.7224
-26.5857
-25.921
-25.8484
-27.0483
-28.1673
-25.5344
-20.0267
-16.0981
-15.4197
-18.0876
-22.7057
-24.5518
-23.0266
-23.9734
-23.7527
-22.151
-20.9571
-21.9127
-21.2298
-19.3292
-19.0228
-21.9339
-23.4302
-17.8971
-6.26167
2.2083
6.02583
6.73296
2.59207
-1.925
0.926068
8.08238
14.2318
16.5868
13.9483
12.2842
12.8204
16.1097
18.4493
18.3151
16.2272
13.5409
10.9009
10.4623
10.4391
10.5983
10.0874
8.86372
5.48018
2.376
-1.13271
-5.72873
-13.2858
-19.5976
-17.0908
-7.34665
2.09675
9.28758
12.9319
13.2024
11.0577
8.8371
8.2285
7.65627
5.8657
2.99639
-0.911612
-4.88496
-7.68099
-9.0596
-10.6287
-13.0411
-14.3926
-13.2702
-11.6351
-11.3042
-12.7055
-15.1496
-16.31
-15.6887
-15.4794
-16.5227
-18.6088
-21.8209
-25.4283
-27.2205
-26.9788
-25.7433
-24.0944
-22.5764
-21.5061
-21.6424
-24.1016
-30.0851
-41.183
-58.8145
-83.6299
-0.435177
-0.435177
-0.435177
-0.435177
-0.435177
-0.435177
-0.435177
-0.435177
-0.435177
-0.435177
-0.435177
-0.435177
-0.435177
-0.435177
-0.435177
-16.1658
-17.7916
-19.298
-19.6644
-19.4551
-19.4363
-20.5842
-23.2554
-26.3063
-26.5819
-24.6783
-22.0738
-19.3064
-17.3619
-17.0055
-18.1544
-19.1612
-19.0184
-19.1097
-21.708
-22.7733
-22.2382
-20.972
-21.4615
-23.183
-23.6543
-23.2838
-25.0927
-24.4177
-19.9828
-7.90761
0.748202
4.33394
5.02672
-0.47984
-8.23789
-3.9206
5.27974
12.1327
14.7582
12.1952
11.211
10.3389
12.3959
14.6366
15.2271
15.3922
16.1267
17.5228
19.5829
19.9897
17.4639
12.2304
7.49568
2.25084
-2.06913
-7.13869
-12.1917
-16.8755
-18.0815
-10.2869
2.72617
13.2564
20.3268
23.967
24.0889
20.93
16.0581
13.7545
13.5617
11.6823
7.05408
-0.0937604
-6.36796
-8.4811
-9.9973
-11.9647
-12.6917
-12.5897
-13.4755
-15.7117
-17.6609
-17.9534
-18.1935
-19.2447
-20.3678
-20.775
-21.7519
-24.4483
-27.5519
-28.748
-27.3394
-23.479
-20.1873
-19.6287
-21.7574
-25.1825
-28.2299
-31.6089
-36.8764
-45.8035
-60.0575
-82.852
-0.435177
-0.435177
-0.435177
-0.435177
-0.435177
-0.435177
-0.435177
-0.435177
-0.435177
-0.435177
-0.435177
-0.435177
-0.435177
-0.435177
-0.435177
-20.9599
-20.8906
-20.0285
-18.7618
-18.359
-19.2312
-21.0855
-22.7626
-23.8684
-25.0047
-25.5204
-23.7082
-21.7831
-21.9075
-23.664
-24.1551
-21.6999
-18.4038
-16.8052
-17.8655
-20.2326
-22.9723
-24.1769
-23.4375
-22.0198
-20.5761
-20.4006
-22.2601
-23.5281
-19.2682
-8.51769
0.307218
3.70653
4.6191
0.376598
-3.43128
2.47114
10.949
17.9061
20.7437
19.4198
17.1182
17.4391
21.3433
24.009
24.2147
22.8801
20.8178
17.9606
16.2776
15.6182
15.1162
14.3099
13.4029
10.2205
4.43507
-5.38004
-17.9822
-23.8136
-18.7893
-6.40183
4.16884
11.2437
15.4274
16.8538
15.6811
12.2798
8.34576
6.50505
6.02634
4.15976
0.0391872
-5.9418
-12.6987
-16.7964
-16.3574
-14.4422
-14.3998
-16.9875
-20.4258
-21.4536
-20.986
-20.6929
-20.348
-20.3613
-21.996
-25.6416
-29.8501
-31.6946
-31.4165
-29.143
-24.0932
-19.2198
-16.534
-16.1013
-17.7058
-21.2164
-26.2904
-31.5292
-36.347
-43.4206
-55.8122
-76.0514
-0.435177
-0.435177
-0.435177
-0.435177
-0.435177
-0.435177
-0.435177
-0.435177
-0.435177
-0.435177
-0.435177
-0.435177
-0.435177
-0.435177
-0.435177
-22.8042
-19.8602
-18.3533
-18.514
-19.0612
-19.0216
-19.1715
-19.6343
-19.115
-17.611
-17.2827
-18.156
-18.7352
-19.1977
-20.5993
-21.711
-19.75
-15.751
-13.1467
-13.227
-15.0224
-17.4496
-19.1688
-20.1134
-21.0009
-20.6215
-19.1077
-19.921
-21.173
-20.9643
-10.5439
-2.79004
0.519178
2.88853
5.50079
9.10274
12.3276
15.2335
18.6259
21.1098
22.4562
24.9771
26.1552
27.9457
29.9515
31.3191
31.053
29.5809
28.2311
27.6143
25.9404
21.4504
15.5383
13.5231
12.6885
8.84437
1.1171
-9.58632
-15.8777
-16.5071
-8.0884
2.41619
10.6327
15.4223
17.5715
17.8674
16.5635
13.7539
10.6743
9.179
7.48525
3.26502
-2.57531
-6.89727
-9.89711
-12.3702
-13.4418
-14.6037
-17.0043
-20.0913
-22.4422
-23.2493
-23.2027
-23.2971
-23.5588
-24.3315
-25.7478
-25.9022
-22.6107
-19.3491
-18.5436
-19.2865
-19.7861
-20.0919
-21.2702
-22.1934
-22.1902
-22.783
-25.3832
-30.4076
-38.8133
-52.9107
-72.1818
-0.435177
-0.435177
-0.435177
-0.435177
-0.435177
-0.435177
-0.435177
-0.435177
-0.435177
-0.435177
-0.435177
-0.435177
-0.435177
-0.435177
-0.435177
-16.6789
-17.0924
-18.1634
-19.7876
-19.4024
-17.9916
-18.3375
-20.5381
-22.0497
-20.2724
-17.0796
-14.1317
-12.8455
-13.6555
-16.1125
-18.6915
-20.3551
-20.6463
-19.4877
-18.9342
-19.5305
-21.6012
-22.8447
-21.6202
-18.3925
-15.7477
-15.174
-17.4182
-19.9936
-18.9798
-11.3077
-4.45122
-1.5567
0.951354
1.96198
4.18829
7.96331
10.3293
14.541
19.7781
22.9155
26.2633
30.1218
34.913
38.4876
39.7339
38.8599
36.7532
34.5447
33.2131
32.0647
29.4914
25.3674
22.8612
21.5758
18.7682
11.957
0.842204
-7.26591
-7.75067
-3.7527
5.49961
14.7905
19.999
21.0968
18.5495
13.7145
9.96079
7.98766
6.23399
4.85981
4.22012
2.85379
-0.488711
-5.83752
-12.2867
-18.3634
-22.4642
-22.8677
-21.9381
-21.8962
-21.5893
-20.2921
-19.769
-21.3616
-24.6285
-26.0988
-22.6306
-18.4101
-16.4457
-16.9942
-19.0373
-20.6889
-20.1581
-17.2922
-14.9505
-15.177
-18.4551
-24.3482
-31.7353
-41.8231
-56.0266
-78.5058
-0.435177
-0.435177
-0.435177
-0.435177
-0.435177
-0.435177
-0.435177
-0.435177
-0.435177
-0.435177
-0.435177
-0.435177
-0.435177
-0.435177
-0.435177
-19.3859
-20.7066
-21.9909
-23.3417
-23.104
-21.994
-21.4395
-21.336
-20.1206
-18.1448
-17.7074
-19.4969
-22.4899
-24.7943
-25.5057
-24.8459
-24.099
-24.1895
-24.7382
-24.9465
-24.4372
-25.0242
-26.5345
-25.4851
-21.5145
-18.6731
-18.8171
-22.1536
-24.564
-22.8693
-14.2552
-7.17472
-6.41445
-2.03553
-0.937112
1.0357
2.71896
3.71964
7.43028
9.94645
10.7687
15.0277
18.9081
23.1286
26.8519
30.5386
33.4427
34.3546
33.502
32.4205
31.382
29.0588
25.9597
24.3786
23.101
19.7302
12.3001
-0.151324
-11.0903
-11.652
-5.03001
5.68147
14.6379
19.5528
20.7804
19.0427
16.2326
14.871
13.9479
11.2165
6.18526
0.469358
-4.40169
-9.209
-15.1163
-21.9193
-26.9397
-28.091
-27.1884
-27.1789
-28.3327
-27.0583
-23.8062
-22.2513
-23.3665
-25.9428
-27.0888
-25.1682
-22.0983
-20.506
-21.2243
-23.2981
-23.5109
-20.9063
-17.8749
-16.6776
-18.2506
-22.4292
-27.8344
-33.0289
-41.0004
-54.2227
-72.9517
-0.435177
-0.435177
-0.435177
-0.435177
-0.435177
-0.435177
-0.435177
-0.435177
-0.435177
-0.435177
-0.435177
-0.435177
-0.435177
-0.435177
-0.435177
-19.5871
-25.5099
-26.1937
-22.8607
-21.0612
-21.778
-24.6726
-28.3626
-29.4388
-27.1219
-24.6799
-23.1067
-23.0466
-24.5478
-25.2129
-22.7148
-20.7432
-21.1929
-23.1072
-24.3339
-24.6586
-26.4975
-30.9477
-33.5359
-33.1537
-27.1898
-22.6082
-22.2954
-23.2137
-22.9583
-16.0737
-9.97523
-10.477
-7.34249
-9.637
-12.3594
-9.66275
-7.3731
0.180322
5.56002
4.18374
8.83941
11.5824
14.9655
17.7735
19.386
20.1056
20.0392
18.8654
17.6289
15.9013
13.2224
11.9613
13.1554
13.6571
11.4339
5.26987
-5.17613
-17.0735
-22.3695
-12.1922
2.31864
12.2368
16.9421
17.3374
13.9891
8.30735
4.42679
3.56884
2.60981
0.0421154
-3.65914
-8.22978
-14.5229
-21.3574
-24.1006
-25.2234
-26.7209
-27.7582
-29.0865
-29.9916
-28.125
-24.924
-23.5561
-24.8942
-27.7412
-29.5834
-29.3972
-28.4373
-27.5842
-26.4442
-24.4841
-22.4019
-21.3233
-21.7867
-23.7867
-26.6284
-28.7986
-30.687
-34.711
-43.2553
-57.6059
-82.2679
-0.435177
-0.435177
-0.435177
-0.435177
-0.435177
-0.435177
-0.435177
-0.435177
-0.435177
-0.435177
-0.435177
-0.435177
-0.435177
-0.435177
-0.435177
-21.5921
-25.4382
-27.205
-26.312
-24.9888
-24.2517
-24.2115
-24.3922
-24.3015
-23.9943
-24.1764
-24.7398
-25.1252
-25.5898
-26.6788
-26.7034
-24.7071
-22.4901
-21.2414
-21.7508
-23.2406
-25.0748
-26.0869
-26.6413
-26.2922
-22.1851
-18.252
-17.9259
-19.6942
-20.5108
-13.3746
-6.62452
-5.03571
-3.12086
-6.13313
-9.53615
-8.30477
-4.77284
2.53097
6.22731
1.37949
3.49385
2.26253
7.96055
13.3389
16.7162
17.9198
17.816
15.5296
12.7125
9.54732
5.42969
3.08997
5.98554
6.71182
5.07517
-0.628294
-10.6731
-21.565
-26.1221
-11.6805
3.08943
11.9648
16.001
16.0668
12.6714
6.83199
1.17018
-1.77039
-3.17159
-4.70072
-6.33755
-8.72964
-12.6112
-17.5133
-20.5823
-21.6342
-22.6777
-23.5997
-24.3998
-24.5737
-24.0628
-23.8205
-23.5807
-22.3872
-21.5887
-22.5363
-24.9201
-26.392
-25.38
-23.3284
-22.1174
-22.3701
-23.5782
-24.474
-24.5696
-25.1271
-27.2007
-31.3505
-38.1268
-48.714
-63.8582
-83.7981
-0.435177
-0.435177
-0.435177
-0.435177
-0.435177
-0.435177
-0.435177
-0.435177
-0.435177
-0.435177
-0.435177
-0.435177
-0.435177
-0.435177
-0.435177
-25.6715
-24.8838
-23.3506
-22.2521
-22.0081
-22.7248
-24.5581
-26.9929
-28.5273
-28.6359
-28.7927
-29.7887
-30.7621
-29.9221
-25.8748
-21.2127
-18.869
-19.4585
-22.0978
-25.5799
-26.9264
-27.2726
-27.0001
-29.4252
-29.6069
-26.7661
-24.0075
-25.3723
-26.558
-23.2274
-14.3333
-7.77465
-7.2667
-4.99837
-9.39592
-13.4271
-9.65561
-7.25635
-0.379441
3.43265
-1.87068
2.08148
2.65298
6.79892
11.3338
13.4749
14.3774
14.4314
12.8068
10.9073
8.37423
4.42424
0.804025
0.229254
-1.97218
-4.53292
-9.74481
-17.3831
-23.8821
-23.9554
-8.84037
5.87909
15.2259
20.3659
21.7503
19.5363
13.684
4.81505
-3.02956
-6.24514
-8.56755
-11.1104
-14.0542
-17.4907
-20.5327
-21.7517
-21.478
-21.2529
-22.0424
-24.2165
-26.2296
-26.8233
-27.4742
-27.807
-25.4539
-22.4081
-21.3195
-22.3915
-23.8708
-23.9814
-23.4966
-24.2554
-25.7488
-25.9116
-24.7718
-24.5725
-26.051
-28.2257
-30.9816
-35.7959
-44.7674
-60.248
-82.7221
-0.435177
-0.435177
-0.435177
-0.435177
-0.435177
-0.435177
-0.435177
-0.435177
-0.435177
-0.435177
-0.435177
-0.435177
-0.435177
-0.435177
-0.435177
-23.5929
-23.5517
-23.4137
-22.5641
-21.346
-20.5478
-20.5739
-21.1657
-22.2272
-23.9668
-25.4497
-24.9264
-23.1918
-21.1807
-19.2095
-18.6031
-20.2878
-23.5983
-25.9468
-29.1319
-26.49
-24.5142
-22.0924
-21.0319
-20.1867
-17.6674
-15.6919
-16.8517
-20.3516
-23.6545
-17.6323
-11.9414
-13.6297
-8.81848
-11.5558
-14.255
-10.1975
-5.24336
1.78655
4.80153
-1.60958
-0.466297
-6.59803
-3.92252
2.99907
6.39203
8.24999
9.74706
8.08492
5.76579
2.57052
-1.12301
-4.65133
-4.65473
-5.51546
-6.86499
-10.6845
-17.8867
-26.4625
-24.7917
-8.39994
6.86106
17.1513
22.1998
22.7019
18.8317
10.4515
-0.399387
-7.16746
-8.41764
-10.8482
-15.4131
-18.5239
-19.5817
-21.9261
-24.7483
-26.5999
-27.9846
-29.6745
-31.1098
-31.1072
-29.2837
-27.9264
-28.7197
-28.8927
-24.6676
-20.4624
-18.8193
-19.4119
-21.2167
-22.7324
-23.2774
-23.3533
-23.0524
-22.4531
-23.1816
-26.4919
-31.2201
-35.0236
-39.4751
-48.0853
-63.258
-85.6292
-0.435177
-0.435177
-0.435177
-0.435177
-0.435177
-0.435177
-0.435177
-0.435177
-0.435177
-0.435177
-0.435177
-0.435177
-0.435177
-0.435177
-0.435177
-20.6693
-22.3768
-23.5154
-22.5862
-21.9376
-22.7668
-24.225
-24.5325
-23.6875
-23.2813
-23.9181
-24.7974
-25.2491
-25.5409
-26.3204
-27.9157
-29.945
-30.6765
-28.8469
-28.423
-26.7087
-25.8657
-25.1348
-23.2638
-20.5344
-17.4983
-15.3981
-16.0209
-18.7017
-22.287
-17.8021
-11.9014
-13.3701
-8.06401
-9.05219
-9.72187
-4.40845
1.3194
5.74713
7.1059
-0.207957
-0.0891841
-5.06096
-5.56912
-0.524889
2.33403
3.32696
4.12754
0.200122
-3.68012
-8.0283
-11.2773
-11.3993
-7.4356
-9.8168
-9.76191
-11.7016
-16.4062
-21.9312
-21.6068
-5.76767
12.0198
24.1838
30.0636
30.9382
27.0741
17.9938
4.27358
-8.11473
-11.5694
-12.8469
-12.7013
-11.5661
-12.0774
-14.7463
-18.123
-21.1893
-23.895
-24.818
-24.9017
-25.3087
-25.343
-24.3551
-23.6798
-23.9104
-23.9986
-23.2713
-22.3801
-21.0484
-19.676
-19.3818
-20.7259
-23.4764
-25.9978
-25.7743
-23.4219
-22.4036
-24.2598
-29.5929
-39.0231
-52.8061
-72.326
-94.4627
-0.435177
-0.435177
-0.435177
-0.435177
-0.435177
-0.435177
-0.435177
-0.435177
-0.435177
-0.435177
-0.435177
-0.435177
-0.435177
-0.435177
-0.435177
-16.181
-18.9926
-21.1939
-21.8633
-23.0598
-24.7658
-25.9808
-26.1259
-25.9135
-26.5374
-27.9779
-28.8937
-29.2869
-29.8785
-30.0688
-28.2787
-24.8806
-21.9157
-20.6335
-22.1531
-23.2262
-23.7846
-23.9133
-23.7204
-23.0781
-21.8885
-21.1608
-21.94
-21.4369
-20.4924
-16.9289
-13.0469
-15.7874
-8.48532
-9.20667
-8.59892
-4.24699
0.0224348
5.15656
7.4856
4.1708
5.34164
2.48126
1.16384
2.89259
4.65919
4.85495
5.38036
2.13283
-0.588044
-3.83223
-6.79071
-8.27664
-7.64124
-13.2933
-15.3348
-17.3727
-19.857
-21.9143
-21.0271
-5.52557
12.5461
23.637
28.6406
28.7356
24.1147
14.5025
2.11296
-8.35914
-16.1092
-19.7799
-18.4242
-17.4375
-19.1444
-21.3775
-20.2103
-18.5606
-19.6628
-22.8578
-23.8535
-22.1065
-21.489
-22.0076
-22.2307
-22.2604
-23.469
-25.89
-27.3327
-25.0075
-22.1556
-21.6857
-23.4973
-25.1797
-24.7524
-23.7072
-23.2433
-24.0053
-26.6313
-31.3343
-37.9326
-47.1342
-61.817
-82.6768
-0.435177
-0.435177
-0.435177
-0.435177
-0.435177
-0.435177
-0.435177
-0.435177
-0.435177
-0.435177
-0.435177
-0.435177
-0.435177
-0.435177
-0.435177
-21.1265
-21.8488
-22.9231
-23.6232
-23.8654
-23.8866
-24.5638
-26.6519
-28.4463
-27.2077
-25.9323
-26.1332
-25.5808
-23.5349
-22.4529
-23.42
-25.5232
-26.4084
-25.2883
-24.8953
-24.0407
-23.1628
-23.1468
-23.4616
-24.0896
-23.876
-24.1541
-26.9817
-27.6102
-24.8186
-18.1834
-12.1808
-14.7064
-6.95524
-6.15635
-3.57656
-0.671029
0.925
3.78799
5.12064
-0.941699
1.06274
-2.93836
-2.13164
2.81634
7.13598
9.69291
10.954
8.31845
4.50814
0.259255
-4.13691
-7.70308
-9.48252
-14.6152
-16.464
-19.0384
-22.6407
-26.6264
-26.706
-7.98352
10.5268
21.8659
26.9373
26.9699
22.0389
11.4011
-3.17174
-13.742
-17.0068
-15.6989
-13.1773
-13.1357
-16.3226
-21.2926
-23.1681
-22.9188
-23.9054
-25.6983
-26.1644
-24.575
-22.9404
-22.1713
-21.69
-21.1799
-21.3769
-22.5011
-23.6641
-24.1238
-24.3628
-24.3391
-23.7199
-22.4268
-21.6785
-22.6849
-24.892
-26.2997
-27.0703
-30.0623
-36.7216
-47.5419
-63.6448
-83.9704
-0.435177
-0.435177
-0.435177
-0.435177
-0.435177
-0.435177
-0.435177
-0.435177
-0.435177
-0.435177
-0.435177
-0.435177
-0.435177
-0.435177
-0.435177
-24.6138
-25.3403
-24.2521
-23.5683
-23.8041
-24.2611
-24.8363
-25.3938
-25.6639
-25.8179
-26.7069
-28.0759
-27.4491
-25.0226
-23.8029
-24.9687
-27.4014
-26.8507
-23.3368
-21.9585
-21.6143
-23.1915
-25.1719
-27.2059
-26.0805
-23.9713
-23.4749
-26.0101
-26.5721
-23.0606
-17.2387
-12.3062
-15.4655
-8.83818
-9.21141
-7.43791
-3.99588
0.076104
6.28966
9.25045
5.3744
3.0638
-3.89684
-4.07755
1.0838
4.72772
6.72353
7.83705
4.80872
1.75837
-0.96345
-3.63076
-7.15264
-8.38664
-15.5237
-18.1116
-20.3729
-23.6162
-26.0425
-24.4353
-15.2758
0.160181
10.9184
15.8031
15.8019
11.1101
1.78638
-8.55126
-15.7662
-19.965
-19.3549
-16.5797
-15.8152
-17.6295
-20.98
-23.7972
-25.5242
-26.2273
-26.375
-26.614
-26.643
-24.2979
-21.308
-20.6258
-23.0684
-27.298
-29.0036
-27.6062
-25.1382
-23.5282
-23.6456
-24.6177
-24.6241
-24.4506
-26.0486
-29.1106
-31.0132
-31.2929
-33.0876
-38.2197
-47.9989
-63.1728
-86.5324
-0.435177
-0.435177
-0.435177
-0.435177
-0.435177
-0.435177
-0.435177
-0.435177
-0.435177
-0.435177
-0.435177
-0.435177
-0.435177
-0.435177
-0.435177
-25.1074
-25.4996
-26.8737
-29.5329
-31.3957
-31.4181
-31.5024
-30.6902
-28.7127
-27.6711
-28.108
-28.5035
-27.3532
-26.2864
-26.9579
-28.1071
-26.7947
-23.6972
-21.7094
-22.2562
-23.0461
-23.8449
-25.262
-27.2796
-27.6568
-25.8915
-25.3404
-28.9572
-29.2156
-25.0061
-16.7809
-11.183
-12.8764
-8.23403
-7.14112
-3.51382
2.22284
8.15829
13.6708
16.0715
13.7277
10.1642
4.07463
3.60318
6.54891
8.38044
9.3552
10.3166
8.38998
5.98911
2.92438
-1.28631
-6.17173
-7.71015
-13.4865
-17.686
-21.9586
-24.9231
-26.0171
-23.6726
-18.5506
-6.27188
3.35928
7.82793
7.62157
2.93838
-5.72108
-13.7887
-18.8918
-21.9086
-20.8414
-17.7087
-16.5659
-18.2698
-21.7786
-24.5513
-25.1829
-23.8217
-21.6991
-20.5056
-20.7377
-19.9365
-17.4597
-16.572
-19.0226
-24.8868
-31.0526
-32.6627
-30.4854
-28.3122
-27.4143
-26.7171
-24.8555
-22.9906
-23.0743
-25.4885
-29.1952
-32.2609
-35.5646
-41.635
-52.2758
-68.0357
-93.8887
-0.435177
-0.435177
-0.435177
-0.435177
-0.435177
-0.435177
-0.435177
-0.435177
-0.435177
-0.435177
-0.435177
-0.435177
-0.435177
-0.435177
-0.435177
-24.3139
-26.4275
-28.1105
-30.4343
-33.7274
-35.1312
-33.4515
-30.7243
-27.8403
-25.4547
-23.841
-22.1681
-21.1232
-22.0167
-24.7577
-25.3769
-22.4127
-19.9233
-19.4411
-21.276
-23.4518
-25.5696
-26.1382
-25.9434
-24.6623
-23.2563
-23.0797
-26.7447
-29.2494
-26.2331
-17.4271
-10.3143
-11.2798
-8.4836
-11.173
-9.79223
-0.350132
7.58191
13.5137
16.1368
14.2891
12.4512
9.5522
9.44081
10.2328
10.4723
11.0767
13.0821
13.4562
13.0803
10.8605
6.57285
0.639552
-4.66935
-11.7016
-17.8119
-21.8198
-22.4496
-22.9955
-21.2721
-9.64892
6.05438
16.0266
20.3313
19.8114
14.4412
3.70115
-9.22047
-16.9693
-19.8473
-21.6861
-22.0252
-22.7125
-24.915
-27.2181
-27.4672
-26.3267
-25.4215
-24.8982
-25.0228
-26.2707
-28.4629
-30.0157
-29.5862
-28.6908
-29.0477
-30.346
-31.4674
-31.7077
-31.1049
-28.9579
-26.0843
-23.9624
-23.4338
-24.7714
-26.9527
-28.355
-29.6894
-33.6189
-41.9935
-55.4777
-74.4767
-97.2438
-0.435177
-0.435177
-0.435177
-0.435177
-0.435177
-0.435177
-0.435177
-0.435177
-0.435177
-0.435177
-0.435177
-0.435177
-0.435177
-0.435177
-0.435177
-28.1255
-29.7488
-32.1047
-33.2697
-32.2602
-30.0295
-28.1602
-26.9828
-25.6873
-24.0923
-23.3281
-23.4016
-23.3353
-22.8835
-22.7866
-22.8295
-23.0645
-24.3185
-26.5978
-28.0397
-26.5442
-25.1543
-24.9538
-24.2364
-22.5975
-21.0348
-20.6102
-23.0296
-24.9829
-24.7551
-18.7869
-13.5005
-17.7551
-11.1599
-10.6258
-8.1741
-1.98921
3.97311
9.44868
12.1461
10.7856
11.2681
10.3964
10.693
11.7991
13.9336
16.2192
17.7973
18.1149
18.0468
16.3124
12.0527
6.06736
2.04452
-3.12818
-9.00263
-16.751
-20.7194
-21.019
-19.0537
-7.22811
8.11332
17.8545
22.1699
21.9173
17.3084
8.54622
-1.93797
-10.8161
-15.4514
-18.112
-21.3176
-24.5578
-25.9641
-25.6024
-24.6255
-23.7798
-22.9424
-21.2902
-18.9687
-17.9494
-19.6103
-23.9232
-28.0511
-28.135
-26.6785
-25.7472
-26.1434
-28.0571
-30.5874
-30.0858
-26.6977
-24.5779
-25.1468
-27.6553
-29.473
-29.0415
-28.7558
-30.8953
-36.6198
-46.9686
-63.7447
-88.882
-0.435177
-0.435177
-0.435177
-0.435177
-0.435177
-0.435177
-0.435177
-0.435177
-0.435177
-0.435177
-0.435177
-0.435177
-0.435177
-0.435177
-0.435177
-26.9075
-30.518
-32.692
-32.507
-31.4346
-30.0739
-28.5257
-27.1397
-26.8855
-27.814
-29.0147
-29.6327
-28.661
-26.0756
-23.8776
-22.9265
-23.0417
-23.8786
-24.941
-27.3455
-27.4143
-26.7351
-24.6176
-22.9904
-22.6895
-23.4153
-23.4399
-25.2029
-24.6397
-22.8124
-18.0143
-12.4439
-18.46
-8.98421
-4.62016
-0.870339
2.18697
5.4706
10.3304
13.4214
13.075
14.3012
13.5969
12.8042
13.0146
14.2629
14.7017
15.069
15.7403
17.3015
16.7455
13.4265
9.06928
6.83295
4.06656
-1.13843
-9.34147
-17.568
-22.2299
-23.1455
-18.687
-4.95133
5.28561
10.4535
11.2702
8.19579
1.84051
-5.56148
-11.4957
-15.2409
-17.6022
-19.7677
-21.6678
-23.6177
-26.0705
-28.1681
-28.7605
-28.7056
-28.1214
-26.5077
-24.9217
-24.4312
-24.5021
-24.6609
-25.7952
-28.1816
-29.5587
-28.9942
-28.2786
-28.3529
-29.178
-30.0612
-29.7833
-29.033
-29.0792
-29.1519
-28.3773
-28.3231
-30.9251
-37.2273
-48.1816
-64.6286
-89.1638
-0.435177
-0.435177
-0.435177
-0.435177
-0.435177
-0.435177
-0.435177
-0.435177
-0.435177
-0.435177
-0.435177
-0.435177
-0.435177
-0.435177
-0.435177
-21.5573
-21.8565
-23.1344
-25.941
-29.5003
-31.8543
-32.2894
-30.692
-28.2707
-26.9952
-27.4171
-28.7108
-28.8965
-26.7526
-23.9305
-21.9265
-20.8981
-20.6728
-21.9202
-24.8648
-25.4372
-23.3665
-20.9058
-21.1081
-23.2522
-25.6743
-26.7584
-29.4847
-28.7108
-25.3798
-18.659
-13.4847
-14.2924
-1.58123
7.28534
13.7225
16.9701
17.9972
18.4017
18.3006
16.7995
16.604
15.3622
14.3808
14.2174
14.0503
13.2952
13.2081
12.6845
12.8688
12.3324
11.1977
10.1758
8.91458
4.40714
-2.62093
-11.7194
-18.5395
-21.7226
-22.7302
-16.2114
-1.42738
8.65375
13.2011
13.2617
9.50625
3.33959
-2.3435
-7.79852
-13.3046
-18.2429
-20.9173
-22.2316
-24.9297
-28.8335
-29.3024
-26.098
-23.5213
-22.649
-23.718
-25.7358
-26.0412
-24.6142
-24.2343
-25.6502
-27.4355
-28.4029
-28.7393
-28.7167
-28.2952
-27.645
-26.853
-26.1186
-26.1748
-27.5848
-29.7434
-30.6757
-30.5902
-32.3106
-37.6666
-48.0222
-65.216
-91.7101
-0.435177
-0.435177
-0.435177
-0.435177
-0.435177
-0.435177
-0.435177
-0.435177
-0.435177
-0.435177
-0.435177
-0.435177
-0.435177
-0.435177
-0.435177
-25.5934
-25.2979
-26.2627
-28.9438
-31.8628
-31.6947
-30.2142
-30.3827
-32.3409
-33.6819
-30.5053
-25.9275
-22.9437
-21.2671
-20.5415
-21.124
-23.5151
-26.9312
-29.2774
-33.3884
-32.3155
-29.5866
-28.2957
-29.0785
-30.2622
-29.6271
-28.6446
-30.5921
-30.2994
-27.8779
-20.4923
-14.959
-14.8561
-5.51276
0.585933
7.01282
12.4271
17.447
21.4385
23.0336
21.0725
17.6809
13.908
14.4188
16.0257
15.7195
13.4142
11.7488
9.84933
8.62934
7.34181
5.80181
3.62483
0.842645
-4.9297
-12.3044
-19.6221
-25.7305
-30.6022
-31.4489
-10.2986
7.44059
17.9421
22.4818
22.1113
16.8714
6.26346
-6.44391
-14.152
-18.1261
-22.8846
-26.6024
-27.6382
-29.1463
-30.4751
-29.7998
-28.6346
-28.5304
-28.4582
-27.7623
-26.7593
-26.0362
-25.8527
-26.2355
-26.9394
-28.0033
-29.6942
-30.9243
-30.5664
-29.3173
-27.7296
-26.366
-26.3073
-28.2615
-31.7472
-34.3025
-32.7578
-30.2485
-30.381
-34.5177
-43.5545
-58.3263
-80.7442
-0.435177
-0.435177
-0.435177
-0.435177
-0.435177
-0.435177
-0.435177
-0.435177
-0.435177
-0.435177
-0.435177
-0.435177
-0.435177
-0.435177
-0.435177
-30.4472
-30.9082
-30.6169
-29.3769
-28.5478
-28.2652
-27.8798
-27.7296
-28.5127
-28.8993
-24.616
-18.4098
-14.3181
-12.8211
-13.4865
-15.4554
-18.1045
-21.2145
-24.0969
-26.9947
-26.0346
-24.6331
-23.8297
-24.6559
-25.2369
-24.582
-23.6235
-25.2436
-27.0376
-27.3028
-20.3848
-14.086
-19.7247
-11.9843
-13.1744
-8.30584
-0.389691
6.01972
11.2674
13.5904
11.7647
10.7612
8.42789
8.99598
10.442
10.2075
9.76502
10.4404
8.71956
6.40401
3.33477
-0.0190791
-3.3769
-4.91857
-11.9163
-19.0663
-25.3177
-29.6293
-32.0202
-30.6009
-20.1039
-4.67728
5.14604
9.52335
9.3747
4.99261
-3.18132
-12.4125
-19.7692
-25.2363
-30.3775
-32.8954
-33.5165
-34.7239
-35.0551
-32.5816
-29.9354
-29.3492
-30.1812
-30.1596
-29.2276
-29.0726
-29.9118
-30.7414
-31.0116
-31.1503
-31.1373
-30.8222
-30.6157
-31.4979
-33.8961
-36.8138
-38.1951
-38.4191
-39.1636
-40.19
-39.7922
-38.6964
-39.4647
-43.5542
-51.9535
-65.7625
-87.4006
-0.435177
-0.435177
-0.435177
-0.435177
-0.435177
-0.435177
-0.435177
-0.435177
-0.435177
-0.435177
-0.435177
-0.435177
-0.435177
-0.435177
-0.435177
-29.3892
-28.2847
-28.5846
-30.5535
-33.0771
-34.658
-35.385
-34.8021
-33.587
-30.6143
-22.3939
-15.1712
-12.0483
-12.5661
-14.5257
-14.8871
-15.0712
-17.2184
-20.7125
-24.2511
-26.0567
-29.0292
-30.7825
-31.9111
-31.9659
-30.249
-29.2851
-32.7643
-34.9377
-31.9756
-21.3255
-14.5
-21.5558
-13.3213
-17.8174
-18.5738
-11.586
-6.12608
1.18879
4.60923
-1.22199
1.75802
0.68445
2.18559
4.11012
3.66992
1.511
1.92379
-0.616114
-2.19209
-5.09632
-8.47752
-11.5099
-10.6636
-18.825
-24.1741
-28.5846
-32.6817
-37.8387
-37.3226
-30.9237
-18.253
-8.58948
-3.44036
-2.16037
-4.18028
-9.04456
-16.0675
-24.167
-29.2859
-30.8315
-29.4849
-28.8399
-31.0658
-35.2965
-37.211
-36.0452
-34.8944
-33.8411
-32.6035
-32.116
-32.9842
-34.9479
-36.9934
-37.6344
-37.1074
-36.4777
-36.9809
-38.4736
-39.1855
-37.5939
-34.1268
-31.1013
-30.2202
-32.1306
-36.6161
-41.8874
-44.8815
-46.819
-50.4055
-57.3988
-69.7175
-90.1151
-0.435177
-0.435177
-0.435177
-0.435177
-0.435177
-0.435177
-0.435177
-0.435177
-0.435177
-0.435177
-0.435177
-0.435177
-0.435177
-0.435177
-0.435177
-31.8459
-34.8725
-36.387
-37.3454
-37.6912
-37.7853
-39.0004
-40.8637
-41.5833
-36.2089
-24.4366
-16.1713
-12.9176
-14.0619
-18.606
-23.2079
-25.4422
-28.2669
-31.5226
-36.5198
-37.7635
-38.5506
-37.2949
-39.7602
-44.8841
-42.378
-36.7547
-41.1021
-40.0644
-33.9855
-21.7434
-14.5439
-21.2112
-12.8522
-18.4476
-23.6372
-18.6074
-15.3486
-3.47218
1.53157
-6.29333
-1.49836
-4.62422
-3.17874
-0.207436
-1.03931
-5.83721
-4.7775
-10.738
-10.4263
-11.7355
-13.4014
-15.0927
-13.1938
-23.908
-30.6553
-33.8202
-35.4387
-38.9388
-39.0177
-33.2749
-22.9523
-13.4081
-8.65147
-8.50904
-12.8826
-21.6384
-30.1771
-32.2039
-31.662
-29.053
-24.8366
-23.2842
-25.7477
-31.8118
-38.0885
-40.0969
-40.8432
-40.4449
-39.6503
-39.4522
-40.0156
-41.1286
-42.6622
-43.3971
-43.8813
-44.6541
-45.9038
-47.0207
-47.0183
-45.7817
-43.6594
-41.8883
-41.1613
-40.9949
-40.2841
-40.0261
-41.9744
-47.1881
-55.9119
-67.8956
-82.7169
-104.861
-0.435177
-0.435177
-0.435177
-0.435177
-0.435177
-0.435177
-0.435177
-0.435177
-0.435177
-0.435177
-0.435177
-0.435177
-0.435177
-0.435177
-0.435177
-37.6339
-42.4815
-46.2482
-49.2499
-49.6223
-48.1896
-48.6871
-49.8512
-49.093
-45.3117
-36.8574
-29.9225
-27.1937
-28.6472
-33.7875
-40.0949
-44.056
-43.916
-41.4676
-45.0712
-42.3665
-42.1082
-40.6782
-43.8232
-51.4857
-46.5612
-38.7978
-44.8227
-41.3227
-34.0277
-22.0993
-15.1847
-23.5355
-14.2816
-20.2198
-26.8558
-22.6262
-23.875
-7.18462
-1.12625
-16.7689
-5.35913
-12.9164
-14.2069
-7.91207
-7.54475
-14.1174
-8.96219
-18.3731
-16.6748
-18.8385
-19.5539
-18.467
-13.9317
-24.7364
-33.6919
-41.5103
-43.0354
-47.7261
-45.7478
-40.8177
-31.4783
-22.9573
-18.7517
-19.1911
-23.9275
-32.4024
-40.5142
-42.9676
-41.2077
-36.4315
-31.7123
-30.2255
-32.9135
-39.3013
-46.8985
-49.1819
-50.1839
-50.8893
-51.5144
-52.1432
-53.5199
-54.9886
-55.0237
-52.4538
-51.4944
-51.8728
-52.7571
-52.6931
-51.8174
-50.4478
-48.6121
-47.5843
-47.8311
-48.4186
-48.2577
-47.8566
-48.2992
-50.565
-55.6692
-64.8249
-79.7121
-103.209
-0.435177
-0.435177
-0.435177
-0.435177
-0.435177
-0.435177
-0.435177
-0.435177
-0.435177
-0.435177
-0.435177
-0.435177
-0.435177
-0.435177
-0.435177
-52.4407
-55.6082
-59.4556
-62.1974
-62.0715
-59.4766
-59.2625
-60.9985
-61.5431
-62.4472
-56.6074
-50.159
-47.2911
-47.9267
-51.9238
-56.4469
-57.1207
-47.6373
-41.7966
-46.0259
-43.4086
-44.8647
-43.4035
-47.631
-60.1205
-49.2336
-40.1193
-48.2808
-45.678
-36.3197
-22.6497
-15.4395
-25.0352
-14.7215
-21.3546
-31.5708
-26.807
-35.4202
-8.64186
-1.85557
-22.2103
-6.40068
-18.1603
-27.4587
-12.1697
-11.1006
-21.2703
-11.1327
-26.8643
-21.9885
-25.2667
-23.8836
-20.8463
-15.1843
-27.6574
-37.8184
-47.4662
-46.4101
-51.6059
-48.6306
-46.5171
-39.5507
-31.5918
-27.4178
-28.4344
-33.7474
-42.4388
-51.4855
-55.3011
-54.8638
-52.3685
-48.6877
-46.9321
-49.5968
-54.0823
-60.0033
-61.9029
-65.204
-63.8645
-62.3545
-61.4462
-62.0379
-64.4266
-68.3392
-66.4078
-65.4557
-64.7602
-65.4208
-66.1414
-65.9862
-65.8369
-64.4134
-63.1828
-62.5022
-63.1171
-62.6876
-61.1027
-60.1153
-61.7786
-67.2973
-77.1365
-91.4186
-111.298
-0.435177
-0.435177
-0.435177
-0.435177
-0.435177
-0.435177
-0.435177
-0.435177
-0.435177
-0.435177
-0.435177
-0.435177
-0.435177
-0.435177
-0.435177
-67.133
-71.9593
-76.5766
-74.7553
-72.8407
-69.3581
-72.8267
-76.0165
-70.3333
-74.1844
-74.6364
-73.5249
-77.6612
-77.7908
-82.2296
-79.3488
-73.848
-50.1758
-42.4303
-46.7269
-44.1164
-45.6831
-43.9909
-48.836
-67.8004
-50.1409
-40.0398
-49.2459
-46.304
-36.5877
-22.7115
-15.6492
-27.3564
-15.2729
-23.2872
-41.051
-29.7484
-44.461
-8.64097
-1.91382
-27.2276
-6.92032
-20.8881
-42.7884
-13.6979
-12.254
-26.6044
-12.2575
-43.7243
-27.2529
-35.1906
-29.8858
-23.4583
-15.5762
-28.8073
-39.6633
-51.3418
-48.4786
-55.3588
-49.0869
-50.7415
-52.4784
-48.3285
-41.9777
-43.9594
-50.3153
-58.3902
-66.7897
-64.2938
-62.2295
-68.0578
-71.6708
-65.7502
-73.3798
-71.3784
-75.7602
-70.0819
-75.0651
-74.2616
-76.9834
-77.1343
-74.5753
-72.3734
-76.9988
-73.2784
-73.7748
-73.7017
-76.8107
-78.1912
-76.3884
-78.6221
-77.7177
-76.0833
-73.8235
-74.2064
-74.1183
-74.3661
-74.4616
-75.8905
-80.4774
-87.4893
-96.4582
-111.85
-0.435177
-0.435177
-0.435177
-0.435177
-0.435177
-0.435177
-0.435177
-0.435177
-0.435177
-0.435177
-0.435177
-0.435177
-0.435177
-0.435177
-0.435177
