80
5.863
6.32139
4.25507
4.85647
5.66381
4.28794
5.27635
6.41797
6.0318
10.2821
15.2192
16.1608
12.1932
3.96075
-3.58561
-4.93939
-4.08557
0.298822
2.86881
3.96832
6.05635
7.98197
7.40981
4.1354
-0.88678
-4.44198
-0.427812
5.31209
10.106
11.7767
10.718
4.30559
-7.61043
-3.5574
8.97997
13.9773
14.457
10.5601
0.498079
0.947795
9.49587
19.3174
22.4393
28.6245
52.0682
63.0669
68.0289
67.5787
61.6494
53.4105
59.6429
66.6453
69.635
70.2988
71.0562
73.7992
76.4713
78.2898
79.2954
79.8855
80.4613
80.7662
80.7445
80.5393
80.7808
81.3674
81.1043
78.6356
73.1221
62.7418
47.884
33.3473
27.4605
22.7065
18.2682
19.8922
23.8764
28.5301
31.6606
32.5503
32.0685
32.0468
33.3009
33.4543
30.5525
23.9915
17.1944
17.9316
17.1252
15.1267
16.6269
18.308
16.9583
12.3026
5.92578
-1.50367
1.21139
8.56642
12.6566
11.7342
5.1358
-5.38529
-9.31939
-4.53759
0.593021
6.34245
9.28297
11.0146
10.7429
8.13992
1.56752
-2.94045
-0.0760598
-1.05655
-5.24971
-6.15229
-6.81628
-12.7949
21.6507
21.5367
19.8966
17.0575
13.4231
9.7922
6.89185
4.52848
3.79643
6.91564
10.6161
10.9096
8.847
8.20084
10.2022
11.2307
10.1242
6.2575
-1.55383
-7.48571
0.880967
7.94563
10.7015
9.62606
5.30252
-1.86352
-7.73778
-6.56677
-3.72465
-2.32096
-2.41498
1.00732
7.28731
12.189
13.7271
12.1149
9.22617
6.35884
3.10997
-3.7681
4.45038
11.7238
15.942
33.7391
57.1226
71.5015
80.5438
85.5285
87.833
89.2034
90.929
92.5243
93.2389
93.0185
92.1517
90.55
88.2874
85.3461
82.3229
79.7763
77.3284
74.9387
72.0675
69.9209
69.8167
71.4412
73.0364
73.0571
70.0695
63.2074
48.7911
32.002
18.8294
11.2602
11.4373
17.482
23.4621
26.0109
26.6239
25.4036
24.941
28.0398
31.3769
33.598
33.6252
30.7479
24.9143
17.2791
16.1824
19.5823
19.7494
15.641
8.46487
3.04054
-0.895947
-4.82831
0.916077
10.1521
15.6395
17.3491
15.486
10.7428
4.54183
-2.3025
-3.37903
0.470412
1.19064
1.00092
3.50299
4.9345
3.80566
0.090325
-0.448688
4.09307
6.06658
3.49717
-3.71914
-17.9982
9.71884
3.8197
-3.84136
-4.65708
-6.54402
-6.05209
-3.15453
1.64734
3.3772
3.52273
3.72407
3.97826
2.92174
-0.75711
-4.76793
-4.05739
-2.48875
-4.83846
-11.3225
-13.2884
-7.26927
-4.55703
-5.22053
-6.33157
-6.15453
-3.87845
-0.217026
2.81613
3.60097
1.48357
-2.41863
-0.661583
6.96503
11.5453
11.9068
8.4341
2.24802
-0.727612
-0.443278
-0.613585
4.35148
10.073
15.1593
24.0151
45.5385
62.9099
74.9571
82.7006
86.8985
88.0587
86.4759
82.6553
77.7415
73.5282
70.8614
67.9905
62.0524
53.4737
39.8591
21.3316
23.0333
20.8796
22.5404
16.9992
36.1059
48.0645
59.53
64.5577
64.6746
59.418
48.9342
34.0863
26.1119
19.7119
15.2589
6.61184
4.65092
-0.177528
1.44221
2.26627
1.55262
-0.146664
7.18116
14.531
17.6074
16.7885
11.6993
7.65879
8.68299
10.6031
9.83164
8.1475
6.57268
5.33964
2.50102
-1.88073
-3.69927
-0.727202
2.56212
3.85623
4.71377
5.43841
6.38367
8.2818
9.92508
9.15338
5.39305
-1.09831
-8.50927
-8.8408
-6.00241
-3.52564
-4.25331
-4.09652
-1.26229
-0.40102
-3.66836
-10.9158
9.78875
13.3694
14.3203
13.1692
11.9102
12.7223
14.4328
14.1842
10.8113
3.89689
-4.32743
-5.73091
-4.74989
-7.98848
-13.7356
-15.4564
-15.1332
-9.91102
-6.02694
-4.86073
-5.43721
-7.37461
-5.69678
-0.462683
2.46127
2.12122
-1.70498
-6.47285
-11.6792
-16.1125
-24.8322
-16.5723
-7.61363
-4.30012
-4.47006
-3.70646
1.14515
4.35994
4.67082
0.85214
-3.44103
-3.06878
3.39605
13.3672
29.4199
40.93
46.9223
52.5912
55.034
53.6424
48.6591
44.8892
41.1562
36.3284
37.9144
37.8138
40.5856
46.7563
51.7359
56.817
61.2676
64.0878
65.2735
66.2729
68.6597
72.177
74.8039
74.595
70.6197
62.4945
49.2405
39.5668
38.387
39.2432
36.5158
31.0231
21.1968
10.1567
8.94049
12.6098
15.3781
15.853
14.8098
13.4012
11.7481
10.448
10.0667
8.1387
2.27993
-4.02811
-5.36775
-3.63447
0.195731
0.151429
-2.79351
-3.47316
2.55621
6.60467
7.24681
5.41888
4.07106
3.63536
3.21683
2.11353
-0.947844
-5.17388
-7.93714
-5.26213
-3.25611
-1.58354
0.474739
2.10976
1.9376
-0.835146
-3.87109
-4.46174
-4.95593
-8.87354
23.7914
25.7274
23.3633
16.7833
12.5921
15.9835
17.1936
14.1071
8.73356
8.71355
11.7287
12.5185
10.1224
4.63384
-4.11759
-7.55364
-3.44198
-0.287285
-0.08622
-1.78121
-4.26062
-4.32436
-4.05877
-6.42386
-9.39501
-8.90862
-2.07094
1.35068
0.663126
-4.55462
-8.09143
-5.14987
-3.73305
-6.27304
-7.67496
-3.54115
-0.440079
0.249182
-0.645336
-1.23241
-0.593704
-1.90785
0.606165
14.9766
46.4892
62.0996
70.5334
73.0283
70.3132
62.3866
64.4361
74.4351
79.4306
80.6731
79.9146
79.6093
79.9937
79.983
79.1312
77.2062
74.1856
71.0031
68.5511
68.2353
71.4439
74.3875
73.7999
69.1085
60.1372
48.6211
40.5707
34.2033
27.3175
30.8617
32.1139
29.5548
23.3994
13.6717
4.01566
11.6362
17.2305
18.6101
16.0492
11.4537
10.6768
12.1902
11.0834
6.57313
-0.966357
-10.3695
-11.5108
-5.3861
-1.37513
2.26374
4.5258
4.69348
3.19537
5.11148
9.93564
12.5572
11.4449
7.46148
3.95066
3.62773
3.23874
2.21074
4.60202
7.20679
7.57818
5.30311
3.78972
3.81213
2.41515
0.575657
1.90278
3.58815
1.89311
-3.94281
19.2193
18.9575
15.1844
9.49407
4.10092
5.88059
10.2757
11.1989
7.74093
1.42415
1.91881
5.93438
7.64093
5.47969
0.0680024
-9.39498
-14.6152
-12.3853
-14.3598
-24.3748
-33.2757
-20.5239
-15.1757
-8.94198
-1.31081
5.99123
10.395
12.3729
11.9714
9.96133
8.04523
6.38293
3.21996
-2.35378
-9.37624
-15.636
-19.3308
-19.8074
-9.51308
-4.55936
-2.93598
-1.19928
6.6913
13.3796
49.8718
72.3392
86.0234
94.0546
98.0149
98.876
97.6052
94.9831
91.2756
87.724
85.3493
82.1763
77.5778
73.3774
69.7417
64.1728
56.967
47.2483
46.4633
46.9251
57.2013
68.8209
75.0022
75.7636
71.2811
60.3491
43.8302
25.4063
27.4198
31.1309
32.5551
30.6427
25.8996
16.2878
5.3543
-3.07186
1.2204
3.47298
3.13522
1.60467
3.55973
4.20479
7.57636
8.77754
6.68501
3.12414
1.61083
0.300533
-1.34558
-1.29137
2.88299
4.49021
2.42875
-3.28923
-7.66348
-2.94692
1.34276
2.26875
0.727287
-1.91409
-5.2313
-2.12099
1.93168
4.10149
4.16439
3.85893
4.78673
6.69263
7.24435
5.33308
2.62062
1.31932
-0.574231
-6.03843
10.4708
9.35913
7.50928
5.00553
2.5802
0.927815
1.82431
1.63165
-0.0650124
-1.03614
0.527015
0.12098
-2.86703
-4.02834
-2.83417
-1.23436
0.823844
2.49766
2.17949
0.122609
-2.28509
-3.56894
-5.0869
-4.24204
2.8751
9.09876
11.5194
9.36683
2.36804
-7.87409
-9.87194
-8.79012
-8.99243
-7.79611
-5.87472
-5.45591
-5.0231
-2.03333
1.49683
1.02411
-2.80016
-6.90876
-2.10647
17.6883
53.3006
75.5296
88.5326
95.9267
99.0189
98.5078
94.4223
86.4893
75.1386
60.0036
56.703
59.8943
58.269
53.6703
50.6487
56.0934
64.0178
70.5845
77.0543
84.6365
91.1933
95.4308
96.4237
93.7309
86.9069
75.6598
62.9059
55.511
50.6868
48.418
46.7656
42.6374
34.7711
25.9217
25.1894
27.5839
28.1235
26.3106
21.7837
12.8822
-0.0836614
3.63368
10.4632
11.851
8.47698
1.56808
-4.24771
-7.91133
-9.64515
-8.28243
-5.36135
-3.51503
-5.31966
-9.61181
-11.0349
-7.04174
-3.58594
-3.38538
-4.97596
-8.10274
-6.30911
0.321286
4.41153
4.40344
0.583133
-6.9852
-13.121
-10.2454
-2.86549
0.790766
0.704536
-3.40364
-8.66182
-14.0956
2.87428
-6.04003
-4.09923
-3.97578
-5.10068
-3.88351
-0.891509
3.01495
5.14056
6.53442
7.96385
7.81143
5.34071
0.372077
-4.17468
-6.96589
-8.16417
-6.34782
-4.81068
-5.07246
-3.44671
-2.32755
-4.15219
-9.02195
-9.608
-6.43765
-3.43274
1.03886
3.24367
3.31398
2.12165
0.0332068
-3.29222
-5.01025
-4.69344
-6.14425
-9.96983
-10.9778
-10.1053
-4.1615
1.2462
5.34637
7.46177
26.1336
60.9815
74.4877
81.7672
82.9771
78.9564
69.3279
69.6031
73.6301
72.8271
66.7602
63.5476
74.6052
84.6805
91.254
94.8488
96.368
97.5126
99.2975
101.492
103.328
104.301
103.741
100.941
95.2189
85.7354
72.9864
63.7685
58.6347
50.0594
41.0369
40.969
41.7293
42.5078
44.2351
45.7356
45.8791
44.4006
41.3655
36.2269
29.4135
21.7345
19.6149
19.6514
18.3334
14.5889
9.67526
8.68359
10.5836
10.4902
8.72607
6.06466
2.90461
-2.75523
-8.30092
-6.06906
1.33787
5.51014
6.19665
3.12196
-1.94445
-5.3895
0.0225388
7.88098
12.0416
12.9074
12.2296
12.071
12.092
12.2264
12.4313
10.9945
6.79939
-1.2554
-13.6057
18.6355
13.5069
7.92818
1.54137
-2.43851
1.43745
4.632
6.11965
7.87466
9.43372
10.5224
11.494
10.4382
5.58452
-3.45862
-6.45156
-1.20982
1.72243
3.18121
5.1462
6.18761
5.62614
2.63511
-1.69736
-4.42616
-3.30059
-2.78174
-4.88478
-5.49177
-5.13842
-6.2917
-8.02661
-4.28999
3.71703
8.82698
10.6263
9.96229
8.42789
8.58448
9.14286
10.2918
10.5371
9.86552
27.8369
61.2312
76.7842
84.4111
86.3553
84.8613
90.3918
100.937
108.415
112.449
113.709
113.226
112.152
110.709
108.334
104.454
98.9323
91.8535
85.446
82.9185
82.019
79.7145
76.6889
74.6299
73.2805
70.8723
65.0305
56.5014
45.0575
34.1492
28.133
24.6411
20.2867
20.6422
26.5584
28.5862
26.9975
23.7791
21.17
20.5397
16.5381
11.2535
6.78253
7.39532
3.93321
-5.25246
-3.73918
10.3648
16.6361
18.0501
14.8753
8.79622
5.41312
6.20875
7.12096
9.11983
9.59307
6.32458
-0.584293
-3.10407
1.73135
5.27738
8.1162
8.85871
7.40995
7.37376
11.7857
13.8115
11.2322
5.15902
3.76817
6.3325
5.16785
-1.26637
-13.7252
14.1943
12.761
11.0358
8.63665
7.96661
10.2857
12.5912
12.4442
10.4991
9.6954
9.93267
8.34994
5.20769
2.62611
2.29088
7.42684
12.8703
14.8468
14.1378
12.2836
11.2458
10.9092
11.3782
11.7283
11.0217
9.5709
8.33186
6.6787
3.60475
-0.0604099
-2.5391
-6.00431
-6.61276
-2.20072
2.96183
6.65643
10.4427
12.6952
12.4065
10.9685
11.0606
11.6829
11.4573
21.058
55.2429
78.334
92.4884
101.791
108.174
112.711
115.543
116.408
115.282
112.77
109.386
104.922
98.7761
91.1537
83.2032
76.4674
74.6486
77.3447
78.6282
77.0906
72.8497
66.5342
58.1431
49.7166
43.51
39.3291
29.4103
23.5405
23.6022
22.166
17.143
8.17225
2.63372
2.68698
5.15466
7.72898
6.78658
2.95583
-0.00396288
1.2607
4.66003
7.34626
7.37956
5.74287
7.23245
11.5818
12.9962
12.9188
12.0999
10.7144
7.72963
4.5695
3.08368
1.98097
4.041
6.94788
7.11829
4.25417
1.19707
-0.84722
-2.91743
-4.15754
-3.75472
-1.99585
3.41205
8.67673
11.4274
11.1203
7.44127
2.1753
-0.883951
-4.50399
-10.7797
-21.6017
24.9068
27.3868
26.7233
22.7753
17.1564
18.1321
22.7053
24.0833
21.5677
15.4269
9.1984
8.50669
8.45269
6.81188
11.1633
19.475
24.6752
26.1348
23.9425
19.6013
19.3704
22.5341
23.0247
19.8426
16.0555
18.0542
21.0208
20.5182
15.9918
9.63656
9.85283
13.7532
16.0257
16.8879
16.0881
13.6453
11.6985
14.4281
17.6256
17.7378
17.3857
20.3618
22.9496
26.9568
43.2781
64.6114
80.944
91.4807
97.373
99.2882
97.6962
92.8244
84.9333
72.0917
62.4426
74.1945
82.0688
88.4659
94.4305
98.4591
100.721
100.658
98.1476
93.2169
86.2702
77.917
68.5193
57.7869
49.2609
45.9999
42.667
35.8828
29.7781
25.9871
24.4196
22.5139
20.3843
18.1984
15.7357
15.5492
16.0673
14.7216
10.1941
6.81986
7.7622
9.68206
8.61747
10.6409
17.7333
22.4781
23.0255
19.4725
12.9701
8.74933
8.97601
8.46769
9.32032
13.7437
18.7789
21.6918
22.385
21.748
20.8166
20.0274
19.1331
18.7189
18.5657
17.745
16.5252
15.1085
12.4337
8.07161
3.86759
2.51057
2.7647
2.09549
-1.45008
-8.7631
18.3891
13.8892
13.823
16.3135
16.895
15.6969
13.6771
11.1845
8.93081
7.92085
5.18585
2.8665
2.84819
1.46926
1.29699
5.13617
7.92539
7.75675
7.10787
8.94156
11.4345
12.0165
10.2482
6.39673
3.85729
5.15184
7.87173
10.5037
11.3569
9.0801
5.69654
7.05386
8.58712
6.78074
4.28597
3.47745
2.24203
2.94356
8.80005
12.8896
13.9704
13.8708
14.8894
19.2215
23.0391
40.5938
51.3025
62.0584
64.737
66.9998
74.1934
82.3723
87.197
89.7218
92.1342
95.4877
98.5398
99.9747
99.6916
98.1284
94.9697
90.1733
83.467
73.8118
58.712
45.1467
44.2414
43.8683
40.2041
34.882
26.269
18.5928
12.8514
6.03373
7.16404
14.154
17.2773
15.7577
11.4255
8.2384
8.33853
6.25165
3.17761
-0.76157
-2.17078
-5.54088
2.07786
9.12402
12.2368
11.6035
9.63746
8.61488
7.35864
4.70653
2.22832
1.82896
3.78108
7.96621
12.8379
16.4994
17.1052
15.6553
14.8893
14.5386
13.1934
11.8512
13.0515
14.2192
12.8887
10.1137
8.81921
7.44676
3.53572
-2.46675
-4.34439
-1.90443
-1.62643
-6.20244
10.6558
7.34114
6.82308
9.55126
13.095
15.4612
15.4301
13.1416
8.5826
3.02964
1.91152
4.24651
5.79065
4.36993
-0.629387
-5.43666
-7.11759
-6.37516
-7.16345
-11.7748
-17.712
-15.7094
-10.6815
-7.40736
-6.49729
-7.49815
-5.95331
-2.15418
0.674796
0.871786
-2.41082
-6.679
-6.63847
-4.91566
-5.80532
-7.49219
-5.95906
-3.25687
-3.15661
-4.53278
-3.95616
0.979805
6.32326
11.4526
33.0438
54.179
66.2086
72.3058
73.8559
72.7937
74.6386
80.3559
85.5341
88.9583
90.7223
90.0027
85.9745
78.0687
68.476
62.4371
58.7759
51.4779
53.6478
56.5863
56.4736
53.7362
48.8495
44.3549
40.7932
35.5177
30.2621
18.6874
4.58078
0.960558
3.0132
4.51612
5.13809
4.41617
0.705363
-0.98675
-0.975774
-2.63975
-7.91118
-12.068
-5.31365
1.60561
7.12247
9.20036
7.48224
3.66422
2.1194
2.44255
0.335874
-3.0168
-3.64778
0.899567
3.18408
3.22015
0.611275
-2.56943
-0.124929
2.37244
1.60264
-1.08074
-4.55899
-5.60405
-4.92368
-5.2367
-6.57874
-7.1673
-5.54747
-2.84228
-1.4792
-1.08458
1.4028
3.07345
1.73847
-3.96273
0.903761
3.6061
3.33607
2.08707
3.89242
5.87809
4.53434
-0.870137
-8.19894
-9.46711
-5.48222
-2.57067
-0.546989
-0.00952928
-1.41246
-4.71348
-7.8939
-12.6358
-17.1892
-17.309
-13.1759
-7.19175
-1.51778
2.42479
4.87402
5.27123
3.99377
2.00769
-0.965049
-6.52889
-13.2966
-13.3228
-7.66929
-2.4452
-0.49438
-2.07324
-7.5283
-13.3821
-12.08
-12.1263
-13.3405
-13.9855
-8.86787
8.29134
35.8201
51.7224
63.2974
69.6136
71.8832
70.5544
65.4586
55.7503
46.031
39.195
46.71
51.9599
54.8804
57.1785
59.5507
62.2617
64.6712
66.5345
67.6251
69.3448
69.7155
67.8949
63.6026
57.0195
47.5175
36.34
26.9018
19.0028
12.9046
3.59251
-0.924955
-2.56924
-0.180423
1.04224
-0.65051
-5.69843
-10.6285
-11.613
-10.4495
-8.83053
-3.20926
1.20625
2.32978
0.531545
-2.05798
-2.34068
-1.61641
-1.8849
-4.27883
-10.406
-12.7092
-9.68315
-6.54434
-6.20769
-7.5648
-7.91921
-5.63613
-4.23311
-3.08179
-2.86601
-4.19426
-8.10675
-9.88629
-7.63709
-5.91915
-6.98494
-8.18527
-6.07351
-4.05968
-3.5242
-4.13148
-4.83897
-6.74385
-11.8817
-5.70865
-0.74894
2.08094
3.05972
2.02798
-0.444893
-3.53984
-6.51533
-6.978
-4.16076
-2.92812
-5.04292
-9.5134
-9.86543
-5.31668
-2.37875
-1.49558
-0.952639
-1.33207
-3.4089
-4.86927
-4.94635
-5.05336
-4.38167
-4.36498
-6.38679
-9.42251
-8.33509
-4.49301
-3.49328
-6.26234
-9.493
-8.37223
-5.63457
-4.35147
-6.32134
-11.059
-14.665
-9.16551
-2.89464
-0.476616
-1.33457
-2.33226
8.97916
15.9951
34.2231
43.1982
51.0597
54.091
56.0347
58.7541
62.241
64.6175
65.2665
65.0318
64.0777
64.5321
64.6324
63.2719
60.7938
56.2705
48.8597
43.3899
42.0328
43.4498
43.0886
40.4509
36.6184
32.0308
27.5505
22.2276
13.019
8.91606
7.03865
5.38591
1.72327
-3.95801
-14.2849
-15.7003
-12.628
-9.0535
-8.93903
-9.45529
-9.18566
-8.89074
-11.5778
-16.9199
-23.6922
-21.6976
-11.2058
-4.04253
0.0443177
0.845226
-0.519634
-3.76823
-3.64853
1.80135
5.62389
5.63753
2.33452
-2.20237
-4.30619
-6.09556
-8.67864
-10.0827
-10.2767
-9.93487
-10.7342
-14.727
-17.8345
-13.1754
-8.44418
-6.49773
-6.15488
-6.9912
-8.92903
-12.2251
-17.8134
-4.93611
-1.66385
0.95372
1.1433
-1.70992
-5.4613
-6.75049
-5.36271
-5.23866
-5.70663
-5.75993
-6.98566
-8.94214
-9.88813
-6.83228
-1.76708
1.19665
1.1545
-0.914996
-3.24575
-6.35673
-8.85919
-5.17076
-1.46792
-1.19462
-4.94206
-11.982
-15.4891
-12.4597
-8.71713
-6.28264
-6.67171
-9.86976
-12.3398
-8.23915
-3.13954
0.00130337
1.87392
3.38896
3.20766
2.03435
0.746742
0.354294
3.20362
19.536
44.2413
59.8876
69.5118
75.0946
77.427
77.0302
74.6108
71.4526
68.5874
65.7554
61.8135
55.3493
46.3373
46.9139
52.2009
57.2841
60.0992
60.6957
60.3864
59.3635
57.1108
52.9993
46.9514
39.5559
31.8561
20.9096
10.8671
2.39542
-0.295591
-4.31103
-6.10185
-4.79429
-1.54741
0.689069
3.36909
3.0392
-1.2906
-5.05423
-2.30144
-0.137418
-1.4279
-6.04111
-10.9994
-11.0587
-6.51413
-4.64368
-5.88741
-7.77672
-9.00911
-9.74416
-5.99247
1.27088
6.1494
6.87093
3.31683
-3.74687
-9.08879
-5.81755
-4.1885
-5.41392
-5.30656
-1.91792
-0.218784
-0.946935
-2.51973
-2.70356
-2.88834
-3.7038
-3.75883
-3.29975
-4.41433
-8.58349
-17.246
-7.07394
-3.58808
-0.0123812
0.946106
-1.23734
-5.35683
-5.41889
-1.72672
2.02335
3.50599
2.92906
0.543152
-1.34475
-1.66959
-1.00934
-0.592416
-0.900969
0.0464112
0.816175
-0.826383
-3.98848
-4.99855
-2.93328
-2.2694
-4.78644
-9.8797
-15.0425
-17.736
-18.0076
-17.5266
-19.2847
-20.5463
-16.7352
-11.7077
-8.5058
-6.78902
-6.10097
-6.05012
-6.08587
-5.45735
-4.17756
-3.68889
-5.40773
-0.326731
23.6264
37.1647
49.5575
57.8916
62.0194
62.2856
58.6034
51.7575
45.1203
35.3559
36.5975
49.0904
58.8458
64.4547
67.458
68.8719
68.6164
67.3687
65.1153
62.8304
60.8133
58.8103
55.8522
50.6741
42.8997
31.8316
22.4445
12.7181
3.81629
-1.65855
-5.12
-9.16339
-8.43731
-8.53917
-6.94292
-2.31056
1.38376
2.46126
1.20273
-2.99157
-9.62181
-15.8414
-15.9045
-15.2412
-17.5834
-21.0084
-18.2846
-12.0041
-9.59909
-10.5153
-8.79124
-2.58506
1.87906
2.43917
-1.26639
-8.93123
-18.8864
-15.9855
-6.1574
0.168811
1.23565
-1.63601
-6.93169
-10.4882
-11.5543
-10.009
-6.57189
-4.05325
-5.02896
-7.4226
-7.22791
-6.86675
-10.202
-18.734
12.6178
10.9678
9.6419
9.83225
10.2675
9.45522
6.92511
4.96033
5.9367
5.99673
3.10073
-0.316601
-2.22725
-3.29168
-2.52131
-1.04841
-0.711592
-1.2785
-0.259852
2.73475
5.26504
7.16088
8.16744
7.82971
5.71437
0.80739
-7.29924
-11.9707
-8.16481
-3.11831
0.556039
1.65606
0.106661
-4.13289
-10.4114
-7.82924
-0.768822
2.50499
2.70732
1.45151
0.512206
0.259228
0.439117
3.55843
17.1506
20.9495
30.829
40.6572
50.4735
59.797
67.0062
71.0357
72.3006
71.8209
70.4861
68.6703
66.3674
63.3927
58.5803
50.2208
42.4044
33.6396
31.47
29.708
29.2888
27.4969
23.6772
14.1213
11.3907
10.8221
13.688
7.69359
7.06794
7.89926
8.16223
8.48598
10.6258
11.5764
9.86358
5.69454
2.70128
5.85732
9.60009
11.2039
9.76371
5.14175
-0.206755
-1.1415
1.09118
3.99837
4.849
3.14192
-0.960798
-6.32629
-8.19185
-5.51825
-1.47144
3.87556
8.45974
10.6006
10.1832
7.74304
4.00791
2.92524
5.46012
6.56878
4.21121
-0.848701
-5.30908
-6.00572
-5.65031
-6.38286
-5.60778
-1.58856
2.3301
3.55753
1.01467
-6.55771
15.867
15.0201
15.1696
15.2874
14.4066
12.6158
9.61096
6.52022
5.56384
6.13632
6.23719
5.71694
6.52101
7.45366
5.864
1.15641
-4.76138
-7.61124
-3.29995
3.63608
8.78496
10.7752
10.7248
9.72189
7.56426
4.16026
1.4012
0.903033
3.12136
5.3674
5.83096
5.96667
5.54065
2.46316
-2.07424
1.38828
7.66964
10.2357
10.2894
10.6107
11.0962
9.23792
5.13373
10.9011
24.4968
36.1273
46.8161
57.315
65.7837
70.751
72.1385
70.3944
66.7375
63.0305
58.8157
52.3502
46.1798
48.6789
52.9808
56.8243
59.6291
60.7462
60.1617
58.1063
55.1068
51.604
46.5738
39.4398
29.6098
22.5686
14.5434
9.35635
8.82583
10.9894
13.7049
14.6971
13.7855
12.1139
9.9995
6.94932
5.55739
9.31439
13.6168
14.9113
13.2138
9.85873
7.72557
8.08081
8.99536
9.37376
10.2552
10.4823
7.56211
1.07234
-2.66588
-0.0312815
2.41971
3.49749
5.72019
8.53419
10.6316
10.8721
8.76352
4.91406
3.12379
3.46164
2.72992
0.144927
-2.09339
-1.66489
-1.72529
-4.39777
-3.07496
4.43684
9.20148
9.62143
5.49921
-3.85215
6.67292
8.25662
6.48213
2.96673
1.36008
3.05198
7.59365
10.5844
10.2418
7.26486
4.11306
3.59511
4.26199
4.17184
2.42622
-1.46143
-7.24314
-13.6392
-17.2807
-9.72056
-2.59713
0.786169
1.24075
0.552108
0.6709
0.323337
-1.54323
-1.49371
0.444494
2.11479
3.03036
2.62676
1.33875
-0.177478
-2.33067
-1.52738
2.46558
4.5134
4.89189
4.83736
4.39186
2.89247
0.405806
8.49434
21.1481
30.0745
39.3155
48.1752
53.2468
55.8482
58.2094
60.9927
62.4196
61.3657
60.9806
62.8125
64.7354
65.5769
64.7237
62.0408
57.9267
53.8319
50.2164
45.631
41.6274
38.1861
34.4342
28.0209
20.5308
14.8486
10.8535
-0.389531
-2.7185
-4.67019
-5.29047
-1.19083
2.00855
3.03591
2.34633
0.207276
-3.25488
-2.87508
1.08819
3.50577
4.65516
5.88437
8.62708
9.4634
7.31344
3.7405
2.18575
2.17126
0.617229
-2.32121
-4.25379
-4.82782
-6.3779
-7.86257
-7.49886
-3.46348
-0.0531002
0.75539
-0.671269
-3.74861
-8.90487
-13.4468
-14.3979
-13.3398
-8.95621
-3.11426
-0.564799
-2.43018
-7.38184
-8.04108
-4.94224
-5.04268
-9.67791
-20.2857
-6.61271
-4.5304
-3.29348
-3.79778
-5.07409
-3.39797
-0.222953
2.11473
3.57613
4.28629
3.77569
2.09531
-0.397193
-3.37064
-6.47597
-8.12089
-9.82693
-13.3436
-14.907
-13.0918
-12.5014
-12.5865
-10.7009
-5.38583
-0.981735
0.600756
-0.946598
-3.79474
-3.85376
-1.35232
0.271108
0.00766595
-2.28085
-6.9371
-11.0813
-12.4085
-13.5657
-14.779
-12.9069
-11.1554
-8.91782
-5.95997
-4.52971
2.8053
12.5529
26.6349
34.1089
39.9903
44.9332
51.3563
58.8298
63.7732
66.1084
66.4346
65.0842
62.1195
57.3463
50.3208
42.3347
39.2513
39.6948
40.7087
40.7539
40.6319
39.2856
36.4336
32.1092
25.9372
18.4628
8.69165
6.6913
-3.37928
-4.98609
-5.52201
-4.16894
-4.5911
-6.83414
-9.47497
-10.6703
-10.7659
-6.53125
1.27464
5.70991
5.75636
2.29326
-2.85846
-6.68694
-8.66717
-10.9473
-13.1495
-14.5173
-15.8485
-17.8686
-19.8796
-15.1002
-9.87103
-8.44068
-9.288
-8.29238
-3.55721
-0.306459
-0.411523
-3.96695
-9.33218
-11.2608
-10.4075
-10.8628
-14.4108
-13.2942
-5.54511
-0.734527
0.522131
-1.17463
-4.27961
-7.10637
-10.8943
-16.8187
-26.7916
-10.6705
-13.7494
-18.8152
-14.3603
-5.23817
0.593019
2.89853
2.03797
-1.63285
-7.35531
-14.3453
-15.1752
-8.50468
-3.15597
-0.453323
-0.754234
-3.94044
-10.4667
-18.3714
-21.7358
-16.9621
-10.678
-5.93396
-2.01971
0.802479
0.846029
-2.49424
-8.2778
-12.4862
-15.0023
-15.4437
-10.02
-4.37861
-2.32538
-3.5061
-6.12986
-8.79039
-12.1261
-16.0838
-15.6831
-10.5565
-7.11523
-7.00286
-1.78269
16.3029
30.48
40.7248
46.5055
49.2094
50.3302
49.1553
46.2133
40.2095
33.3371
35.1615
42.4453
46.5306
48.3011
48.5745
48.1495
46.1157
43.2972
38.6155
34.6496
33.1421
32.4979
31.7837
29.7092
25.0305
19.2674
7.06036
-0.156112
-2.31175
-1.97582
-0.785049
-1.06601
-3.44813
-6.20016
-4.72848
-2.93681
-3.89541
-4.33303
-0.400974
3.23458
3.22068
-0.810673
-8.22057
-13.9177
-12.2003
-6.48806
-2.98447
-3.31626
-7.24087
-10.1518
-7.41862
-5.68616
-6.50032
-7.73309
-6.98644
-3.86145
-1.21448
0.131306
0.694585
1.24602
1.15073
-0.395735
-3.33698
-8.01375
-11.9031
-12.7999
-10.5216
-7.19858
-5.36177
-6.18447
-8.63862
-11.3601
-15.449
-23.2475
1.7013
0.0656737
-4.08627
-9.51262
-12.5836
-11.5886
-10.0613
-8.89797
-6.89431
-5.92485
-7.79312
-12.0393
-15.2118
-13.0583
-9.47464
-7.75396
-9.15325
-13.3372
-19.5418
-25.03
-21.4365
-13.968
-9.30366
-6.66313
-3.48027
-0.338074
0.506802
-1.94508
-7.42146
-14.3382
-14.8274
-5.08535
0.987186
2.16817
-0.991123
-7.64482
-14.1503
-17.6808
-17.5527
-15.7108
-11.9294
-10.762
-11.4658
-1.76172
11.2677
21.6236
25.8707
29.0532
31.304
31.6446
37.6565
45.42
51.2037
54.1669
55.4438
54.9932
52.5083
47.4587
41.2575
36.946
36.5043
36.0344
36.0211
35.7919
34.7176
31.8845
27.7643
21.8722
16.2156
11.724
9.19937
3.52566
4.05787
2.91671
0.796652
-1.36654
-4.05506
-8.14246
-9.10278
-7.73378
-7.43579
-3.55793
1.77629
4.0999
2.57541
-2.04222
-6.23609
-7.29021
-6.08648
-2.90346
-0.145071
-0.0319008
-2.26142
-4.25411
-3.46755
-3.1785
-6.05457
-12.702
-20.6288
-19.1899
-15.4209
-14.0407
-13.6279
-13.0635
-11.4795
-10.0127
-9.93556
-9.23396
-5.60562
-1.78009
-0.983064
-2.91591
-6.10057
-7.70139
-7.01307
-7.58056
-11.496
-20.6524
-0.824862
-1.81837
-5.60468
-8.23771
-7.09752
-3.91132
-1.06093
-0.0110723
-0.867944
-3.16905
-6.83503
-12.1154
-18.5131
-18.5904
-15.4062
-13.2535
-8.76532
-3.85344
-1.93067
-3.49345
-6.44006
-5.842
-2.52366
0.358949
0.527679
-2.74667
-9.14186
-12.0305
-9.08376
-5.54455
-3.90031
-3.16712
-2.36574
-2.13372
-3.69619
-6.08985
-6.96208
-7.89367
-9.17912
-9.99389
-8.86036
-6.69814
-2.92323
6.38802
17.8339
31.5903
42.3611
49.5311
54.1409
55.8456
54.6964
50.7431
45.3266
41.8555
40.8443
42.8632
46.7009
50.2099
52.7487
54.5549
54.7346
52.5667
48.0229
43.7596
41.95
40.5065
37.7706
33.2703
25.0355
14.6471
10.8908
2.14653
-4.08542
-7.73879
-7.21984
-7.95568
-9.54316
-10.3917
-7.74613
-3.33651
0.331107
1.81264
0.838625
-1.77338
-3.76833
-3.69655
-2.10559
-1.88097
-4.04734
-7.57725
-10.274
-11.8558
-13.6905
-14.9218
-14.6624
-14.5022
-12.9241
-12.8898
-13.1174
-9.01517
-3.20799
-0.389769
-0.563658
-3.14985
-6.17337
-8.06899
-8.15211
-8.55707
-6.08793
-2.44586
-0.408887
-1.52793
-5.25078
-8.02612
-8.50581
-9.31964
-12.871
-20.0266
-3.80222
-3.70076
-4.94582
-5.06263
-2.23743
0.702345
3.07315
3.97753
2.73368
0.11342
-1.78664
-2.89013
-3.3877
-2.21916
-2.22556
-4.86098
-6.71514
-3.01808
-0.181655
0.373797
-0.47827
-0.94678
-0.362525
0.847923
1.95896
1.73043
0.912716
0.591464
1.61056
2.28921
1.28291
-1.83908
-6.09436
-9.75055
-10.7605
-6.92004
-3.49049
-3.21147
-4.883
-5.91843
-5.13328
-4.29798
-2.85277
4.31107
14.8462
22.8974
32.9205
41.3503
46.3421
49.0043
51.6383
54.8782
57.6337
58.2224
57.2964
55.0669
52.9733
51.2327
49.2845
46.3562
44.2253
44.572
44.4068
42.5011
38.7923
34.9664
32.1547
28.8858
23.3211
17.9599
10.2985
2.66346
-5.29041
-10.1207
-13.3278
-16.888
-19.0557
-16.4714
-15.8199
-10.298
-4.42946
-0.937607
1.47942
3.12527
2.7906
-0.751876
-7.07729
-13.1123
-13.0945
-7.35239
-2.56237
-0.635319
-0.819675
-1.33301
-2.0707
-4.48413
-9.16809
-13.2565
-12.1731
-8.34467
-5.59584
-5.13697
-6.36986
-6.80478
-4.72906
-0.863799
2.37168
3.80041
3.07036
1.05314
-1.60391
-5.03626
-7.88536
-7.84933
-5.20981
-3.98978
-6.2067
-13.1946
-11.1295
-11.9886
-10.4645
-9.12445
-7.91833
-5.93382
-4.09093
-3.6488
-4.13353
-4.17988
-5.00505
-7.9535
-9.92641
-7.81255
-6.10558
-7.57624
-11.7539
-15.6618
-14.1191
-8.86375
-5.36507
-5.46233
-9.26845
-14.9826
-16.5294
-14.574
-15.1233
-17.8258
-21.6802
-23.3224
-19.207
-12.2919
-7.59309
-7.07773
-9.83317
-12.4822
-10.7304
-7.34856
-4.76831
-3.6988
-4.47995
-5.60155
-4.39928
-1.10919
7.73375
25.7741
33.9532
39.5321
44.3164
49.7972
53.2543
53.7732
51.9309
49.7862
46.8936
43.595
43.1156
47.3975
51.8131
54.5946
55.6249
54.8348
52.0648
47.6374
42.4523
37.2779
32.6937
27.5991
21.4427
14.4415
9.52517
3.51619
-1.54083
-9.1964
-14.1053
-21.1795
-20.356
-18.023
-13.6016
-9.2196
-3.66955
1.20546
3.2154
1.45184
-3.64558
-10.107
-15.7713
-21.3397
-21.7207
-15.2167
-10.038
-8.52894
-10.6972
-13.6806
-11.1824
-6.83231
-4.56978
-4.96452
-8.00995
-13.8295
-21.2983
-26.5046
-26.0787
-25.1277
-21.9137
-15.4095
-11.2884
-10.9074
-12.7424
-13.7196
-10.8421
-7.37824
-4.69725
-3.10007
-3.77185
-7.58158
-14.0464
-21.6264
-6.7142
-7.49493
-8.3793
-6.37922
-4.34913
-5.57802
-10.8908
-18.8683
-24.2692
-24.6579
-21.4867
-17.6436
-12.4439
-9.16757
-7.54215
-6.21041
-5.14143
-5.92556
-8.40952
-7.4496
-3.2881
-1.57601
-3.61902
-7.52327
-7.04973
-4.90043
-4.42162
-4.94783
-5.50074
-6.97834
-10.009
-8.55555
-4.02108
-0.886265
-0.439203
-2.35808
-5.68311
-8.78746
-10.0979
-11.372
-12.6473
-13.7866
-11.091
-0.542962
16.2238
27.488
37.0251
42.5086
45.1554
46.1527
48.8076
52.5436
55.1012
56.3244
57.1465
57.7595
57.734
56.3724
53.3665
48.8703
42.886
36.8714
35.3456
36.1979
36.2392
34.5675
30.9804
25.2445
18.021
9.81921
-0.326997
-3.91935
-6.33377
-10.0977
-15.1896
-17.7387
-12.7362
-9.50862
-10.1879
-13.3369
-17.5891
-18.6866
-14.8587
-10.4602
-7.53792
-7.13971
-7.87197
-7.98451
-6.50252
-4.05472
-2.77633
-1.99375
-0.604366
0.589955
0.53256
-1.00107
-3.87281
-7.64628
-10.5362
-10.3449
-8.97034
-7.62225
-7.23716
-8.31076
-9.28146
-7.46644
-4.26416
-0.645107
2.22904
2.82687
0.529247
-2.5263
-2.75841
-2.61676
-4.7693
-8.76991
-14.0681
-21.8488
-4.30023
-0.977198
2.04247
4.67975
5.14055
2.57287
-2.082
-5.20428
-4.62254
-2.72074
-0.743812
0.0963259
-1.18281
-4.08639
-6.12247
-6.80042
-9.05184
-12.8137
-16.3137
-15.1352
-8.04811
-2.26337
-0.014417
-0.623446
-1.74124
-1.20826
-0.897014
-1.49157
-2.37535
-3.23819
-4.71593
-4.90172
-3.1274
-1.94974
-3.18686
-7.34635
-13.7813
-18.2152
-19.019
-19.7634
-18.6326
-16.9784
-14.1973
3.7141
19.8451
35.7011
44.8137
50.7522
53.285
53.3982
53.0402
54.202
56.0768
56.8017
56.0307
54.0592
51.5696
50.0096
49.3221
48.7623
47.5441
45.0506
41.5063
39.8754
41.3579
42.0501
40.5612
36.4951
29.0274
19.4256
8.31805
1.48468
-0.538131
-1.09507
-2.47229
-6.69521
-10.6291
-12.3646
-15.0238
-14.8565
-12.8874
-9.96328
-7.02203
-5.15978
-4.87183
-5.93425
-6.81815
-7.8001
-7.77322
-6.07996
-4.54786
-3.12336
-0.542058
1.28324
1.43454
0.595885
-0.446783
-1.32674
-1.58887
-1.26046
-1.15803
-1.65084
-2.34334
-3.59763
-6.00544
-7.75681
-5.13116
0.0390447
3.88613
4.6221
1.99674
-2.39133
-4.82889
-6.40568
-9.98363
-15.2896
-21.1411
-29.4922
5.27131
3.03452
0.128559
-2.23842
-4.74116
-6.70199
-6.60042
-5.2844
-2.02245
3.30158
6.93354
7.67218
5.98133
3.1614
0.251307
-3.12878
-6.99322
-10.8632
-14.0785
-15.3624
-11.4784
-8.06984
-7.91995
-8.97096
-6.57632
-3.79771
-3.90157
-6.48099
-8.94848
-9.99569
-9.44491
-9.30554
-10.3191
-11.3349
-11.6962
-13.6561
-16.7284
-17.527
-16.034
-15.0046
-15.8741
-16.5324
-11.9096
3.74415
19.5994
28.9122
42.2638
51.6773
56.4846
57.1844
54.6853
53.0063
55.0812
57.1621
58.7763
59.8665
59.1809
56.0115
50.7693
46.2037
46.0249
49.1835
51.1422
51.4593
50.5555
48.5436
44.5525
37.9377
27.8509
14.7079
6.95685
4.92029
3.01694
1.92022
-0.120243
-6.42232
-16.0778
-19.3823
-19.7409
-19.5787
-13.7887
-5.25356
0.138433
1.44009
-0.696288
-4.55688
-6.41831
-7.50527
-9.24509
-6.67176
-2.39114
-1.13071
-3.1731
-5.97184
-6.24941
-5.65201
-6.49863
-8.51044
-9.5532
-8.26075
-6.87723
-7.11169
-8.20574
-8.59194
-8.96618
-11.2128
-15.3623
-18.9976
-19.787
-17.575
-15.334
-13.353
-10.2641
-7.23825
-6.8033
-10.0933
-17.6199
-30.2735
-2.91329
-11.8809
-17.9492
-15.9577
-11.7069
-8.29692
-6.60503
-5.77977
-5.5744
-6.54981
-9.03746
-8.90005
-5.20977
-3.28198
-4.09864
-6.34751
-7.7488
-9.09447
-12.031
-14.1323
-10.9838
-7.25778
-5.89891
-6.7956
-9.51498
-12.0723
-11.8907
-11.3229
-13.3482
-16.9936
-17.4314
-13.7744
-10.812
-10.4478
-11.7005
-10.2522
-6.68452
-4.38723
-3.43305
-3.84991
-5.81064
-9.2725
-9.64589
9.7558
29.4418
43.457
51.6773
56.8076
60.833
64.1884
65.5404
64.0813
60.8522
58.6363
57.7564
56.492
56.0091
57.2747
58.7254
59.2671
58.6538
56.8693
54.7653
53.0815
51.7911
49.9004
46.8132
41.4803
33.2852
22.6384
13.2972
8.85841
5.05415
1.31519
-1.68811
-5.90386
-9.99307
-10.9691
-6.99168
-3.71129
-1.95268
-0.658596
-1.06456
-3.28891
-5.62123
-4.86751
-4.79375
-8.4113
-13.0816
-8.78501
-2.62221
-0.729521
-2.99784
-8.61389
-13.5775
-14.8811
-12.4347
-10.5724
-10.4234
-11.0585
-12.3109
-14.6228
-15.5412
-13.2429
-11.5576
-12.2038
-15.1565
-19.1658
-21.8999
-21.534
-21.5507
-20.6675
-17.8115
-14.5319
-13.1001
-14.7949
-20.5702
-31.4174
2.03156
0.297996
-0.793278
-3.13454
-7.22204
-8.70384
-5.37558
-2.74106
-2.42412
-4.49266
-7.48782
-8.10486
-6.39079
-5.50912
-6.9389
-10.6603
-13.2231
-11.9561
-11.0281
-12.203
-11.7618
-7.90602
-5.31292
-5.68999
-8.47217
-10.2373
-8.9289
-8.39845
-10.19
-11.747
-9.77533
-7.34176
-7.02241
-7.32225
-6.24752
-5.03594
-4.92668
-5.24598
-5.13312
-6.00437
-6.83382
-7.25569
-6.13177
4.38724
24.2453
42.3496
57.7489
67.427
72.6329
74.177
73.586
73.3421
74.0912
74.3241
73.2773
71.177
67.9726
64.0154
60.7509
60.5597
62.2503
62.9206
60.9785
57.2916
53.2183
50.2496
47.7237
44.2666
38.7514
30.0893
17.9061
11.1067
6.79908
4.45349
3.8105
2.05789
-2.14989
-4.97843
-2.71838
-0.391094
0.114652
-1.26251
-4.01391
-6.42999
-5.35019
-3.68622
-4.48605
-7.48844
-9.5862
-7.30204
-3.90544
-2.05632
-2.97488
-6.49548
-9.63876
-9.74365
-10.1631
-11.2981
-8.23095
-3.07436
-0.83311
-2.33469
-6.95608
-12.1582
-14.4903
-13.9135
-12.4897
-12.8766
-15.3079
-17.3245
-16.6641
-14.3947
-11.4757
-8.94471
-8.33053
-10.3209
-15.0815
-22.9009
-6.41359
-0.718408
2.57121
3.74434
3.84157
3.19539
1.13234
-2.23631
-4.68616
-3.65877
-0.259648
3.89634
6.5338
6.15086
2.00364
-5.61152
-12.296
-14.6002
-15.7289
-14.5179
-9.08943
-3.43331
-0.792017
-1.71646
-5.70909
-10.5068
-12.3913
-11.4638
-8.81651
-4.70613
-0.796454
0.966257
0.121942
-1.83895
-1.87162
-0.613384
-0.656636
-2.82408
-7.21707
-13.1981
-17.0405
-13.6704
-6.8015
6.40258
25.805
49.6216
63.5302
71.905
75.716
77.2777
78.4055
78.9349
77.9055
75.4942
73.3364
73.7917
76.626
78.6695
78.7489
76.7862
72.9412
67.3938
61.879
57.1723
53.8577
51.6072
49.3151
46.159
40.7125
33.1279
23.9363
17.2014
12.7117
10.1473
8.34307
5.76985
2.83154
-0.212466
-1.76137
-1.70964
-2.65318
-5.92866
-10.1953
-8.15671
-2.51239
0.331493
0.0757255
-0.806154
1.24679
3.95635
4.62188
3.39321
1.0059
-1.6059
-2.85922
-2.58635
-3.22853
-5.96872
-8.53123
-8.47398
-9.18875
-12.8602
-18.1917
-18.8963
-14.4143
-9.2929
-6.6378
-7.62179
-11.6919
-14.2666
-10.3274
-6.03712
-3.71484
-2.88485
-2.98778
-4.68605
-9.0794
-17.2883
-5.46998
-4.36161
-2.35487
-1.31637
-2.41477
-4.2487
-5.15279
-5.81826
-6.446
-6.599
-5.16561
-2.70901
-1.06137
-2.23071
-6.30266
-10.7946
-12.9472
-14.8578
-17.8426
-19.7726
-19.8151
-20.2666
-21.6982
-22.592
-21.8996
-20.8101
-19.6938
-18.5527
-16.2901
-12.9044
-11.0352
-11.2517
-11.5516
-10.2339
-9.27681
-10.0519
-11.9586
-13.6083
-13.8153
-13.4449
-13.2068
-14.3677
-10.8408
12.5156
35.8691
53.659
66.879
75.9856
81.0867
83.0324
83.8311
86.1324
89.0218
90.7861
91.7533
91.8897
90.2206
85.8633
79.0281
72.72
71.6049
73.6216
76.1631
78.4096
79.5218
78.8683
76.1751
71.1229
63.317
53.1799
43.8273
37.5031
31.7972
26.492
22.5981
19.1755
14.8265
9.26213
3.63117
-1.56086
-6.10939
-8.58227
-8.33377
-5.87442
-3.39084
-2.51035
-2.66753
-3.76823
-5.43915
-7.74168
-10.1978
-12.6203
-14.0739
-15.2015
-16.3837
-16.7469
-16.3335
-14.9637
-13.3854
-12.0882
-11.467
-11.7193
-11.1574
-9.20245
-7.89841
-8.6004
-10.5807
-11.8958
-11.6348
-10.3734
-9.40898
-8.98947
-8.37141
-8.35965
-10.2428
-14.3545
-20.5929
-29.9419
-12.563
-11.8687
-9.93953
-7.26241
-3.98242
-1.34537
-1.0191
-3.71612
-8.03456
-9.39065
-7.37881
-6.50452
-7.82237
-10.6269
-12.7518
-12.1897
-11.6288
-13.35
-17.3705
-18.3845
-14.9932
-13.4458
-14.3127
-16.5088
-17.9676
-17.6313
-16.7854
-17.1317
-17.8861
-16.4064
-13.5021
-10.7924
-8.39301
-7.00359
-7.57623
-10.2683
-14.294
-15.149
-12.3823
-11.3637
-14.2074
-20.0797
-13.1508
14.6768
34.2169
45.8076
53.406
60.8233
67.8741
72.5412
75.48
78.0637
80.6162
82.3166
82.0294
79.4875
75.2496
71.2745
68.8931
67.3791
65.9941
65.0098
64.0947
63.1936
62.5248
62.17
60.8279
57.3399
50.7664
40.6865
30.0805
19.2573
10.1658
2.54921
1.51656
2.91465
2.46221
0.377303
0.280795
0.830614
0.219357
-0.59289
-0.510106
-0.110854
-0.391525
-0.265201
-1.13499
-4.73497
-10.8019
-14.3173
-14.3013
-12.6298
-10.812
-9.97029
-8.59021
-7.09682
-7.31342
-10.326
-14.8268
-16.9743
-14.9343
-11.5282
-9.06029
-7.81114
-7.02179
-7.177
-8.59667
-10.3809
-11.1772
-10.2498
-8.28251
-7.04992
-6.94692
-7.32222
-8.3305
-11.0941
-16.1335
-24.4935
-4.02671
-6.21105
-8.03512
-9.01228
-9.03393
-8.96889
-9.37408
-8.86979
-7.94676
-8.09712
-10.0951
-13.275
-15.9485
-15.986
-14.786
-14.081
-13.6956
-13.3369
-12.9643
-12.3621
-12.2522
-13.4594
-15.9309
-18.0576
-18.0855
-15.4918
-13.3478
-13.7063
-15.9084
-18.2319
-18.9269
-18.7961
-17.8279
-15.6471
-13.6856
-12.23
-9.65568
-6.70872
-4.88125
-5.45607
-7.97425
-11.8965
-9.5002
1.31648
13.1762
29.3493
46.4354
58.3538
65.0091
67.6872
67.1524
64.1786
60.3558
57.3947
56.2368
55.6155
55.8015
56.8922
59.0085
61.6534
63.7073
64.5282
63.8928
61.7154
57.6194
51.8905
45.181
36.7516
24.3514
9.70498
9.63403
2.43433
-4.74293
-8.28841
-9.88037
-11.9112
-9.68818
0.617703
7.01816
8.52739
5.24392
-2.46689
-7.19942
-5.40054
-3.93827
-4.31901
-5.0207
-5.34017
-5.97864
-7.67249
-8.95171
-6.66041
-3.87336
-2.1521
-0.232233
1.77459
1.78005
-1.28463
-6.96777
-12.1398
-14.6107
-14.9669
-14.4861
-13.5554
-13.0602
-14.6127
-18.0096
-19.3529
-17.5747
-16.3091
-15.8984
-13.5053
-9.71033
-7.89636
-8.61718
-11.4783
-16.1902
-24.4382
-16.2063
-18.16
-21.4885
-23.4487
-20.1536
-15.9514
-12.3037
-9.83407
-9.01071
-10.1954
-12.7403
-15.7106
-16.9273
-15.8102
-14.4806
-13.3346
-11.8443
-10.8358
-10.3234
-9.82287
-9.51075
-8.98787
-7.15621
-5.88449
-7.46777
-12.5665
-19.1586
-18.7932
-13.8204
-11.1818
-11.2974
-11.5294
-9.48626
-7.54057
-7.56846
-9.63876
-13.2586
-17.3421
-20.1226
-19.0912
-17.1785
-16.1573
-12.2465
0.553207
19.0475
33.9814
43.9851
51.4824
57.9247
63.1336
66.2897
66.8435
65.042
61.9667
59.5406
58.7453
59.0879
59.0762
57.6539
55.6397
55.0692
55.307
54.2734
50.8237
46.2255
43.0965
40.3126
35.4036
28.1641
17.787
9.82234
-1.55439
-4.01888
-4.53423
-5.23344
-5.13005
-3.20653
-0.285239
3.12792
4.03723
1.86429
-2.52052
-7.10155
-9.15646
-8.74197
-9.16903
-11.9012
-15.4732
-16.5403
-16.0819
-14.8171
-13.0281
-12.7838
-13.4574
-10.0561
-5.22017
-3.41534
-5.23373
-10.0205
-14.0265
-14.483
-13.9661
-13.4253
-12.5393
-11.9895
-13.0714
-15.7135
-15.0493
-9.86463
-6.6072
-5.40556
-4.86311
-4.82201
-6.04698
-8.32757
-10.9157
-15.0194
-22.4722
-16.0185
-14.8349
-15.9211
-17.4676
-15.807
-13.0734
-12.3758
-13.716
-14.6555
-13.8151
-11.3143
-9.3586
-8.82247
-9.79756
-11.6301
-12.8262
-13.0079
-13.2089
-14.4714
-14.6001
-11.975
-8.96453
-7.57907
-8.03019
-10.5515
-15.3963
-21.6393
-22.9364
-21.0102
-20.0545
-19.8053
-18.4164
-14.6709
-10.3056
-7.8604
-8.22947
-11.6358
-17.3258
-19.1296
-14.985
-12.2782
-12.2781
-9.78499
9.13782
25.0975
36.462
43.7153
48.105
50.9701
54.519
58.5089
61.3009
62.2276
61.4195
59.561
57.4235
56.9664
57.8513
58.2468
57.2363
54.7105
51.3818
47.8346
45.0389
42.831
41.028
38.2552
33.0409
24.3506
13.7388
8.14603
-3.28648
-7.68102
-10.4329
-12.2577
-11.5105
-8.99936
-5.76249
-2.97596
-1.80195
-3.14455
-6.42976
-9.00146
-10.0265
-9.14016
-9.43868
-10.5291
-11.5014
-11.6163
-11.4225
-9.39171
-6.38952
-5.61881
-7.25985
-8.24736
-6.86231
-6.50055
-8.60637
-11.582
-12.4178
-11.7262
-9.87899
-7.47052
-6.728
-8.96391
-14.2873
-20.3502
-21.5378
-18.5962
-14.7266
-11.6584
-10.5793
-11.3627
-12.6174
-12.8751
-13.6301
-17.2199
-25.1527
-11.5641
-13.6659
-16.9583
-19.4291
-18.5572
-16.5055
-16.2462
-17.7226
-19.7391
-19.5324
-16.1884
-12.017
-9.80302
-10.501
-13.5689
-15.6242
-14.5349
-14.1617
-15.6589
-16.6121
-14.9002
-13.6903
-14.2408
-16.6425
-19.9726
-22.0503
-22.0978
-22.794
-24.5727
-26.5934
-25.6976
-22.0254
-17.3686
-12.2452
-8.14747
-6.59422
-8.26006
-13.0909
-17.6041
-18.0947
-17.3291
-17.2091
-12.3496
-0.0049606
9.06954
24.3359
37.3684
46.1657
50.9219
54.2012
58.2837
62.0184
63.5898
63.105
61.8857
60.5979
58.1737
54.043
49.1121
45.0152
42.8755
41.3328
40.9225
42.2539
43.8656
43.8237
41.0705
35.0385
25.0367
11.6193
4.90314
-6.70002
-12.3756
-14.2687
-16.5915
-19.869
-15.2082
-4.73565
2.71961
6.12366
5.55278
0.882411
-8.05695
-15.7325
-11.352
-7.78736
-7.70543
-11.0155
-16.1995
-18.2893
-16.5307
-13.1058
-10.664
-10.02
-9.87096
-9.36087
-9.71379
-12.1242
-15.886
-18.8285
-20.5805
-20.8293
-19.0076
-16.8778
-15.6631
-15.6275
-16.4595
-17.6311
-17.9008
-17.2545
-16.7073
-16.2476
-15.0446
-13.5623
-13.4789
-15.5201
-19.5637
-26.0174
-16.9507
-15.8497
-14.9092
-14.3576
-14.7394
-16.7217
-20.394
-24.7233
-27.4412
-24.8385
-21.1355
-19.157
-17.6073
-15.44
-13.1496
-11.6681
-11.8377
-14.4823
-18.5013
-17.787
-13.8092
-11.4884
-11.9397
-14.3414
-15.2506
-12.4674
-9.85927
-9.66029
-11.7544
-14.5929
-15.8583
-15.8
-16.1521
-16.8904
-16.3115
-14.6656
-13.2402
-12.3503
-12.2053
-14.3767
-18.4599
-19.7973
-13.4795
-3.49816
14.3968
27.7369
37.7814
45.3329
50.9573
54.0502
55.1017
55.3438
55.944
56.3011
55.3654
53.7141
51.9034
49.8255
47.9157
47.3836
47.4587
47.023
45.6182
42.4732
37.0815
30.6905
24.6497
19.2808
12.9549
7.40091
6.87213
-5.28217
-10.3027
-11.1462
-13.2393
-14.3443
-13.6565
-14.5158
-14.4415
-11.4493
-8.42578
-7.87924
-10.1477
-14.0903
-15.9333
-14.739
-13.0844
-13.4542
-16.2968
-18.1924
-14.1156
-9.86047
-9.18519
-12.0455
-16.2227
-17.7436
-17.9296
-18.1725
-17.3706
-15.4132
-14.6589
-16.5339
-21.1982
-25.7209
-24.0719
-20.3162
-16.8877
-13.5157
-10.9067
-10.5226
-12.232
-14.6556
-16.3701
-17.793
-18.0935
-17.6088
-18.5555
-23.2798
-11.5291
-8.50751
-9.01148
-11.4115
-12.3236
-11.4248
-11.7655
-13.7921
-16.7297
-17.4711
-16.1447
-16.0117
-17.0104
-16.7977
-15.5529
-14.9063
-15.3714
-16.4496
-16.5303
-14.2994
-12.6301
-13.6645
-17.5752
-19.8017
-15.587
-11.3659
-10.3601
-12.6232
-16.2136
-15.4874
-12.6539
-12.1631
-13.5731
-14.7436
-14.8109
-15.0046
-15.2795
-14.0308
-11.9721
-12.1158
-13.8207
-14.5458
-11.5671
5.27688
17.648
29.0692
39.6246
48.1281
53.4751
56.2422
57.3055
57.3721
56.9101
56.059
55.0453
53.7296
52.867
52.3494
51.517
50.0306
48.0558
46.4593
44.1873
41.1481
37.8704
35.3356
31.98
25.5158
15.8084
3.74483
2.40969
-7.75769
-14.2397
-14.0274
-10.9877
-9.80287
-11.3391
-14.2183
-15.484
-14.9601
-14.8067
-15.31
-16.6337
-18.7481
-18.7485
-13.7005
-8.3925
-6.69277
-8.37143
-11.8447
-14.3586
-14.7504
-14.4729
-15.0085
-16.4637
-17.4128
-15.3246
-14.0249
-14.812
-15.6839
-14.5975
-13.9468
-15.5461
-18.9737
-21.3857
-21.351
-21.5007
-22.24
-20.9158
-18.257
-16.6515
-15.4683
-14.4237
-13.4379
-12.3638
-12.4927
-15.6801
-23.2528
-5.44954
-2.60251
-2.02693
-3.7799
-6.40987
-6.9188
-5.45087
-4.90108
-5.73972
-7.07642
-9.20794
-12.8751
-15.1298
-11.4141
-7.31459
-5.84736
-7.23414
-10.8269
-14.4798
-15.8078
-14.8306
-13.7486
-14.0217
-15.6832
-17.3598
-18.4343
-20.3906
-23.2755
-24.0084
-22.7058
-21.8169
-19.7708
-15.2794
-11.7455
-11.4157
-14.7972
-21.4965
-27.0973
-24.1716
-21.3943
-16.2947
-11.8061
-8.94548
-4.2293
10.6473
26.8196
38.4224
46.1238
51.0349
54.5759
57.4779
59.688
60.4552
59.5342
57.5727
55.0409
52.4224
50.3295
49.4408
48.902
47.9924
46.2814
43.9074
41.0558
38.7854
37.3393
34.9381
29.9123
21.5169
11.1593
6.23719
-1.40196
-5.57511
-9.32405
-10.0328
-10.9628
-12.839
-16.1035
-16.8947
-13.9162
-10.5196
-7.47553
-5.50553
-4.91832
-5.63207
-6.23105
-6.03549
-6.17003
-8.13746
-10.4748
-10.9159
-10.7323
-11.577
-13.5559
-15.6056
-17.29
-18.0482
-15.9347
-13.0782
-11.8094
-12.7428
-15.5869
-19.4068
-22.1103
-22.5058
-20.9198
-18.4325
-16.9199
-16.9167
-17.2944
-15.0432
-11.8049
-10.193
-9.36391
-7.82686
-7.22052
-9.95702
-17.3245
-14.2359
-15.5314
-15.0305
-15.1657
-16.7176
-17.827
-17.4274
-17.4895
-18.2173
-18.948
-19.4311
-19.1669
-17.8221
-15.463
-12.3236
-9.42704
-8.56233
-9.99698
-11.936
-12.9602
-13.6872
-11.4181
-7.06058
-4.99756
-6.4562
-11.4189
-19.3679
-28.6764
-27.5483
-21.2452
-17.3214
-16.1052
-16.6854
-17.8826
-19.5719
-21.4406
-20.9997
-18.3297
-15.959
-14.3692
-12.8456
-12.5605
-14.3748
-0.887568
18.0187
32.7559
44.4603
53.1566
58.7585
61.4699
62.2134
62.3132
62.7723
63.316
63.2395
62.0728
59.4709
55.5787
51.4824
47.9191
45.3276
44.092
43.9789
43.9636
43.7183
42.702
39.9846
34.6379
26.1277
14.5711
5.65081
-6.00137
-11.2067
-12.3675
-12.1493
-10.0509
-8.43628
-9.06669
-8.29279
-6.00698
-5.26135
-7.41629
-10.7703
-11.97
-11.0677
-9.04842
-7.351
-7.63686
-9.9985
-12.6184
-14.407
-16.293
-18.2181
-16.2419
-12.0537
-9.78559
-10.0261
-11.6287
-12.9598
-14.1445
-16.2671
-18.423
-17.5352
-15.4146
-15.4476
-18.2374
-21.176
-21.1916
-21.3073
-22.2643
-21.6265
-18.4681
-16.1544
-15.2022
-14.4924
-14.3806
-16.6563
-23.0472
-10.3062
-8.71605
-8.67903
-10.7164
-14.0726
-17.6929
-20.8243
-22.6976
-23.522
-24.1992
-24.4515
-21.5105
-17.0231
-14.4571
-13.7004
-14.0264
-14.3381
-14.5377
-15.593
-17.1782
-17.0759
-15.0458
-13.7444
-13.3637
-13.2712
-13.7641
-15.571
-18.7378
-21.637
-21.6994
-19.9744
-18.9685
-19.0369
-19.038
-18.7161
-18.4643
-16.2764
-13.1643
-12.2653
-14.1366
-16.8161
-17.8895
-18.3437
8.39844
23.491
37.7073
51.324
61.7214
67.6687
70.0105
69.8387
68.422
66.9121
65.5314
64.347
63.0787
61.2008
58.8058
56.9044
57.2097
58.4507
58.7621
57.1714
53.5834
48.7828
44.752
41.777
37.8554
31.386
21.3229
10.0334
1.13329
-2.68874
-6.71781
-10.1975
-10.9069
-10.1499
-9.99713
-10.3422
-8.68983
-6.6878
-6.25002
-5.91944
-5.12792
-3.69488
-2.34823
-2.25835
-4.09485
-7.49735
-11.0981
-14.327
-17.2897
-19.7727
-20.1221
-18.5183
-15.144
-11.4141
-9.4842
-10.586
-14.87
-21.4722
-24.8825
-21.2668
-18.0642
-17.0924
-17.5698
-18.0993
-19.2835
-20.3941
-17.7531
-12.5972
-9.80277
-10.0009
-12.2041
-14.9924
-18.5765
-24.5524
-34.071
-17.5941
-14.4018
-12.421
-12.4867
-13.9922
-15.4134
-15.3233
-13.6687
-12.1127
-12.4897
-14.9261
-15.5666
-12.8978
-11.9066
-14.1277
-18.2258
-19.8001
-18.7562
-17.731
-15.3961
-11.995
-9.82477
-9.16579
-9.61292
-11.2553
-14.3511
-17.3608
-17.3427
-14.1225
-11.0846
-10.726
-12.6039
-13.7467
-13.2221
-13.5797
-14.4277
-12.9794
-11.3491
-11.8636
-14.2583
-14.3506
-11.684
-10.104
3.57201
26.1395
41.9981
53.625
62.0837
68.0242
71.5096
72.7919
72.4236
71.2331
69.805
68.2851
66.868
65.6377
64.6485
63.351
61.6645
60.0189
58.3116
56.4054
54.96
54.5753
53.9033
51.5167
46.6106
39.0345
28.9155
18.3162
10.3261
5.9163
0.740737
-5.32399
-8.27255
-8.68289
-10.2251
-12.4128
-13.265
-12.6794
-10.3557
-8.00777
-7.4468
-7.43692
-6.31486
-4.34539
-4.3033
-6.25962
-8.58133
-11.377
-15.0861
-16.9258
-14.3696
-12.4401
-13.1882
-15.1405
-15.9161
-16.5879
-19.3318
-21.7149
-17.1673
-10.7224
-7.45468
-7.61652
-10.7484
-15.655
-20.2837
-23.5782
-22.1307
-17.4238
-14.7101
-14.4648
-14.8045
-15.2978
-17.979
-24.9808
-37.6464
-17.5709
-16.1895
-14.4262
-13.3684
-13.286
-14.3906
-16.3626
-18.0471
-18.998
-20.0867
-21.3837
-20.8658
-18.395
-16.0441
-14.8291
-15.3761
-17.2051
-18.2045
-17.2001
-15.2685
-12.2697
-8.76564
-6.68512
-7.05996
-9.79681
-13.3449
-15.2902
-15.0919
-13.1373
-10.0287
-8.03834
-7.76737
-7.92877
-7.06807
-6.59286
-8.37185
-12.1302
-14.1258
-12.4582
-11.1978
-10.9021
-10.8412
-9.72113
-0.525857
9.00074
27.8008
41.7449
52.1038
59.5517
65.967
71.1949
74.4361
75.4172
74.5955
72.9136
71.0301
68.9451
66.4261
63.8675
61.9564
60.5212
58.944
57.5149
56.8986
56.3564
54.7999
51.7995
46.7081
38.4772
27.0975
16.99
12.8919
9.12433
3.37467
-4.5194
-12.9571
-16.6162
-16.3794
-14.1495
-12.0783
-10.7562
-8.33354
-6.48955
-7.47159
-11.4682
-14.8071
-12.7646
-10.593
-10.3311
-11.5898
-13.9962
-17.4076
-20.0533
-18.3296
-15.7745
-15.2667
-17.2087
-20.7979
-25.0103
-29.0333
-31.168
-30.5233
-26.6646
-22.2333
-18.5781
-16.408
-16.0484
-17.4639
-19.4103
-21.2976
-23.3433
-24.7378
-23.3883
-20.3651
-18.0772
-18.3043
-22.0118
-30.0962
-14.5217
-14.542
-15.7253
-18.0828
-21.0814
-23.4653
-23.9831
-22.7139
-22.2377
-24.2528
-28.4999
-31.2564
-27.2094
-21.8482
-17.437
-14.8095
-13.2772
-11.9902
-11.1342
-11.8127
-14.6719
-18.8286
-22.0077
-21.4788
-18.817
-17.0113
-17.4748
-19.867
-20.7017
-18.6649
-16.68
-14.5143
-11.4355
-9.13309
-8.83903
-10.7607
-14.2267
-17.1974
-16.3279
-14.4338
-14.2823
-16.5174
-19.4363
-10.7792
1.25948
16.0053
32.0418
43.399
50.5655
54.2735
56.1747
58.3772
60.6846
62.0542
61.9571
61.0638
59.8433
57.8696
55.4097
53.0954
51.7523
51.5521
52.1752
52.2808
51.0752
48.3937
44.229
37.8413
28.1929
15.8412
6.24837
2.44599
-2.09707
-5.52154
-5.63825
-7.40686
-11.4766
-14.1951
-12.9832
-11.0933
-11.1221
-12.401
-13.392
-13.5446
-13.6403
-14.3074
-15.1659
-16.0957
-16.4575
-16.4911
-16.1696
-15.7266
-16.5624
-19.5092
-23.4189
-25.1709
-25.9477
-28.8589
-33.2329
-34.0824
-31.7553
-27.6887
-24.1138
-21.9968
-21.1925
-21.1064
-21.4765
-22.7954
-25.0435
-27.6319
-28.7954
-27.1129
-23.3858
-19.3089
-15.3346
-13.2892
-14.6132
-20.4674
-14.7542
-13.4592
-12.602
-13.2728
-15.2275
-16.7429
-14.1014
-10.0516
-8.76202
-11.0427
-16.4214
-21.7895
-21.0914
-15.8012
-11.8983
-10.7231
-11.8513
-13.6436
-14.1171
-13.5516
-13.8593
-15.9925
-18.7793
-17.8648
-13.6755
-10.4675
-9.31278
-9.52245
-9.97893
-10.9386
-13.0457
-15.4436
-16.1553
-16.0015
-15.9915
-15.0332
-13.3578
-12.8376
-13.1286
-13.8655
-15.2364
-17.5299
-18.4216
-9.01755
-2.25257
14.7101
30.8893
41.4904
47.9128
51.2413
52.4202
52.9854
53.9721
54.6047
53.8146
51.4997
48.8099
47.4743
47.2638
47.7531
48.745
49.5641
48.7809
45.9407
41.7974
38.0617
35.105
30.474
23.1302
12.8265
-0.181048
-6.3445
-9.4959
-10.9482
-9.59406
-9.67545
-11.343
-12.9729
-12.348
-11.8693
-12.4623
-13.0306
-13.4417
-14.2266
-14.0309
-13.6957
-14.0381
-14.6319
-14.0657
-13.2282
-12.8496
-12.7097
-12.9089
-14.8024
-19.1815
-25.4044
-28.5871
-28.3303
-27.7583
-27.2358
-26.6209
-23.4183
-18.9727
-16.6462
-16.9161
-18.7512
-20.1509
-20.3191
-19.9338
-19.9487
-20.0018
-19.621
-18.6944
-17.915
-16.6856
-16.2186
-18.2032
-24.2703
-17.6094
-16.3264
-14.395
-14.1476
-15.9622
-18.7059
-18.4924
-13.873
-10.2099
-10.0114
-13.0712
-17.2467
-18.236
-16.4395
-13.6998
-11.5437
-10.976
-11.8584
-13.5319
-15.1261
-15.6417
-14.3664
-12.228
-10.2231
-9.5643
-11.0357
-14.0368
-15.3404
-12.5728
-10.5431
-11.6708
-15.3564
-17.9931
-17.3481
-16.1761
-15.2078
-15.2286
-16.1472
-15.9915
-15.0312
-14.5565
-12.748
-9.88584
-3.34123
10.4999
22.5114
32.1686
39.3502
44.1032
46.9374
48.3309
48.9133
48.983
49.1084
48.8458
47.7401
45.9107
44.3839
43.6648
43.5897
43.1131
42.327
41.6006
41.4064
41.1705
39.9132
36.7171
31.2641
23.2745
13.6482
6.62229
1.56648
-5.44745
-13.985
-18.3247
-17.5052
-15.3806
-14.774
-15.079
-15.6149
-16.0044
-17.0525
-19.2292
-21.7452
-21.9466
-21.1381
-21.2118
-21.0578
-17.4911
-13.4568
-12.4983
-13.502
-14.3003
-13.9033
-13.5707
-14.3736
-16.9188
-21.187
-23.4069
-20.3992
-18.0535
-18.2675
-18.864
-17.4618
-16.3974
-17.7772
-19.5299
-17.0131
-13.1262
-12.1373
-14.5827
-19.2818
-22.7766
-23.2966
-21.9826
-20.8041
-21.9112
-26.8233
-17.5931
-19.4228
-15.7575
-12.5926
-11.3825
-10.6357
-9.63038
-9.10024
-9.7577
-11.6811
-14.5503
-16.2909
-15.3935
-14.8912
-15.5102
-14.6492
-12.5698
-11.938
-13.3302
-15.7168
-17.6942
-18.4342
-17.6944
-17.2632
-17.9189
-18.5569
-18.6855
-18.9285
-18.7273
-18.257
-18.9576
-21.0266
-21.7798
-20.7358
-20.2137
-20.5953
-20.8211
-21.032
-21.908
-23.5329
-24.2309
-21.4566
-18.3901
-6.98747
4.97927
17.8577
29.2676
38.1348
43.6947
46.5033
47.4171
47.5173
47.2935
46.4158
44.8039
42.8423
41.1891
40.0922
39.5401
39.3366
39.1812
38.4826
37.1097
34.9367
32.3069
29.3771
25.3589
19.7007
12.8712
6.29758
1.75701
-3.97549
-7.80592
-8.03226
-6.86871
-7.37387
-9.9306
-13.0524
-14.8229
-15.3929
-15.3733
-15.9032
-15.8233
-14.8565
-14.5389
-16.4876
-19.4605
-20.2376
-18.4018
-15.5401
-13.3636
-12.1606
-11.9738
-11.8345
-11.6637
-12.6666
-15.4975
-19.5357
-23.3811
-24.471
-23.9837
-23.6002
-22.5011
-20.9014
-20.3924
-21.9363
-24.2194
-23.9789
-21.2505
-19.6827
-19.6857
-19.6096
-17.8216
-16.0789
-14.9415
-14.8551
-16.832
-22.4105
-14.1784
-15.3099
-14.8785
-14.4344
-14.206
-13.7202
-13.6731
-15.1921
-18.3087
-21.2004
-20.0892
-16.8258
-15.4572
-17.0604
-21.3972
-24.6988
-19.6844
-13.5068
-10.7046
-11.207
-13.3551
-14.5294
-14.7702
-15.8039
-16.9992
-16.9933
-16.9212
-17.7186
-18.5965
-19.1597
-19.5497
-18.9411
-16.8152
-14.5357
-13.0172
-11.7508
-10.6407
-10.8977
-13.5078
-18.5594
-22.7581
-23.0959
-20.5614
-14.3433
4.36304
21.1268
33.8074
42.062
46.6577
48.5455
48.6562
48.2035
47.6615
47.2502
46.2612
44.3213
42.0911
40.3751
39.3386
39.1849
39.8969
40.2579
39.0143
36.0149
32.5983
30.0775
27.5621
23.1644
15.8506
6.23993
-3.56685
-12.5805
-14.5528
-15.5058
-16.5345
-17.3993
-16.9422
-15.7768
-13.5132
-12.862
-14.3732
-16.7413
-17.4489
-16.9554
-15.4643
-13.7229
-12.8313
-13.9041
-15.4549
-14.6545
-12.4967
-11.2134
-10.285
-10.0956
-11.4674
-14.9392
-18.2213
-18.4329
-18.104
-17.033
-14.4322
-12.7046
-13.7929
-17.9373
-22.8599
-23.7487
-22.3197
-21.8056
-20.9276
-18.6119
-16.4197
-15.6251
-16.416
-18.4467
-21.0061
-23.4824
-27.0917
-33.508
-14.9219
-16.4158
-16.8438
-17.0094
-17.3364
-16.2383
-14.6338
-14.8894
-17.7751
-20.5182
-18.7661
-16.3424
-15.3079
-15.3053
-16.0462
-17.9393
-20.2386
-21.1056
-21.6693
-22.4857
-22.3431
-20.3521
-17.3742
-15.1679
-14.7966
-16.2089
-18.2396
-19.3662
-19.6443
-19.153
-16.986
-13.9802
-11.8705
-10.9271
-10.6833
-11.3744
-13.4077
-15.6085
-15.6853
-15.3262
-16.5517
-19.6959
-21.6418
-9.3533
5.49659
23.3359
37.162
45.9248
50.6267
52.4419
52.3622
51.2823
49.7446
48.2025
46.4497
44.1467
41.9646
40.8511
40.2044
39.2853
37.8962
36.8554
36.3608
35.7019
34.3719
32.3078
29.2085
24.275
17.1381
7.29663
-1.52071
-9.13728
-14.2539
-16.8528
-15.8798
-15.7733
-16.243
-16.334
-14.9344
-13.9593
-12.8421
-12.4634
-14.4853
-18.3908
-20.4088
-20.8912
-20.435
-17.9392
-14.7111
-12.9934
-12.5265
-12.6916
-13.9128
-17.3367
-22.3837
-25.6007
-24.9449
-22.5702
-19.839
-16.8617
-14.9989
-15.2531
-17.0979
-18.5533
-17.7079
-16.1367
-15.9527
-17.3851
-18.8339
-18.3397
-17.3573
-17.8055
-20.3414
-23.621
-24.1984
-23.0898
-24.2291
-29.6232
-14.3378
-19.5167
-24.4238
-23.741
-19.9529
-16.5399
-15.0198
-15.6269
-17.5227
-18.2429
-16.6313
-14.332
-12.4228
-11.4609
-11.9498
-13.6117
-15.0946
-14.5135
-13.0705
-12.9711
-14.3701
-15.5153
-15.757
-16.6867
-18.0015
-16.8015
-14.5652
-14.3691
-17.021
-21.3881
-22.1231
-19.0669
-15.5033
-12.7337
-11.8426
-13.3387
-17.0456
-21.958
-26.5462
-28.1432
-25.4366
-20.1396
-14.8973
-7.4366
8.64086
24.6084
37.1345
45.3903
49.6693
50.6849
49.2859
46.9728
44.953
43.1762
40.6868
37.7604
35.2995
33.7832
32.6721
31.9167
31.5549
30.9847
28.9608
25.7832
22.071
19.8803
18.1281
14.9404
9.48301
3.61677
-0.726838
-4.04613
-7.39852
-11.329
-12.7097
-13.3054
-14.1202
-13.7244
-11.9601
-11.2673
-12.0733
-13.701
-15.9486
-18.7863
-20.0975
-18.5261
-16.9481
-16.9899
-17.5595
-16.8912
-16.3286
-17.2671
-19.8294
-21.2576
-18.2323
-14.3948
-13.0321
-14.0261
-15.2689
-14.9617
-14.6011
-15.36
-17.0422
-19.9949
-24.325
-26.5438
-24.3101
-21.2518
-18.9855
-17.9526
-18.6181
-21.0058
-24.1343
-24.457
-19.6897
-16.0298
-16.292
-21.313
-8.74021
-12.1522
-15.8027
-16.4413
-16.019
-16.4926
-16.8995
-15.8065
-15.4652
-17.3639
-18.9756
-16.8429
-13.3045
-11.2336
-11.129
-12.0101
-12.1635
-11.0065
-10.407
-11.983
-15.1993
-16.8676
-16.0893
-14.3235
-10.8528
-8.01956
-7.7896
-9.69545
-10.4844
-9.50719
-9.45795
-10.6102
-11.8741
-13.2338
-14.9568
-15.8384
-16.4563
-18.0679
-19.2642
-18.5007
-17.7532
-18.974
-18.7952
2.38612
19.7721
30.6547
37.8626
42.9126
45.9579
46.8688
45.8305
43.4885
40.5018
37.3343
34.5934
32.5318
30.7583
29.5182
28.4974
27.6336
26.6242
25.6067
24.166
23.642
23.5539
23.1005
20.9162
16.4378
9.78955
2.11835
-2.41708
-8.4614
-10.4303
-12.4837
-15.1654
-18.0425
-18.6567
-14.2904
-9.02658
-6.47873
-7.35235
-11.291
-17.1988
-20.1531
-16.3584
-12.1809
-10.868
-12.642
-16.0417
-18.592
-19.9633
-20.0061
-18.3131
-16.2497
-15.2341
-15.352
-15.5659
-15.0219
-13.2141
-10.9375
-10.0215
-11.1401
-13.3404
-14.9946
-16.5822
-18.7751
-20.9555
-22.3423
-21.8022
-20.2197
-20.0537
-22.1486
-24.8877
-24.2109
-21.0839
-19.544
-21.1706
-26.9495
-4.30319
-9.03791
-13.706
-15.5955
-16.5348
-13.355
-8.85836
-6.72269
-7.55556
-10.8578
-13.5733
-12.7911
-12.4597
-15.229
-19.6276
-19.6806
-16.4116
-14.5384
-15.297
-17.7353
-17.51
-13.8592
-11.7306
-12.8986
-16.4933
-18.7556
-18.1293
-17.7178
-17.5051
-17.3982
-17.5747
-17.3307
-15.716
-12.6028
-9.91479
-9.16348
-10.5852
-13.1001
-15.3014
-18.0513
-21.3144
-25.581
-22.975
-3.24845
13.7345
24.6057
31.2223
35.293
37.6438
38.6596
38.1432
36.184
33.246
30.5918
28.6927
26.8199
24.556
22.2955
19.415
19.0851
19.003
18.2978
16.4587
14.6734
12.0468
9.82968
7.47878
4.70235
-0.40468
-4.87185
-6.22316
-11.6915
-12.6828
-11.7995
-10.3797
-10.3481
-11.8931
-13.6603
-14.0318
-13.9758
-14.6732
-15.4678
-15.4155
-14.0034
-11.6979
-10.4854
-10.9211
-12.8562
-15.9378
-19.5883
-22.3445
-18.9414
-14.672
-13.5632
-15.8133
-19.5914
-20.4462
-19.0054
-18.0291
-18.1248
-19.2829
-20.9809
-22.0173
-22.527
-23.0755
-22.1305
-18.7259
-15.991
-14.1669
-12.8228
-12.0715
-11.4654
-10.741
-10.1828
-10.2823
-11.6486
-15.3812
-23.0696
-8.36074
-12.8472
-18.7015
-22.7298
-24.0296
-20.9974
-14.7238
-9.00998
-6.5381
-7.70467
-11.1822
-12.6933
-12.1162
-13.4933
-17.4222
-21.1415
-22.1681
-22.1891
-22.4244
-22.275
-21.0628
-19.8277
-19.6576
-20.6018
-20.7914
-18.6662
-16.3306
-15.4265
-16.4624
-19.1853
-21.1073
-19.2614
-16.0469
-13.1454
-11.1767
-11.0778
-12.9551
-15.1255
-15.9514
-17.0007
-19.364
-21.5586
-18.9022
-7.96934
7.72627
19.2593
27.8777
34.1597
37.7742
38.7147
37.5885
36.161
35.0926
33.4458
31.388
29.3804
27.5784
25.9464
25.4943
26.4508
26.9038
25.8729
22.8318
18.4571
14.7818
14.0816
12.9983
9.64543
3.90756
-1.00775
-4.14625
-10.7192
-12.6528
-12.2256
-11.9389
-13.4828
-16.0935
-18.7674
-19.6576
-20.2626
-19.281
-16.372
-13.8336
-12.0713
-10.6367
-10.4367
-11.9697
-14.7187
-16.543
-15.2737
-12.6222
-11.0313
-11.524
-13.3529
-15.5787
-17.4477
-18.0833
-17.3374
-16.6986
-17.1288
-18.6543
-20.7536
-22.388
-22.8441
-23.2101
-23.5531
-22.4929
-20.2651
-18.7816
-18.9091
-19.3303
-17.9968
-16.3003
-16.0781
-17.5882
-20.0845
-23.4988
-29.4811
-13.1801
-14.5138
-16.8688
-19.0202
-20.0754
-19.1702
-16.639
-14.4468
-13.5111
-13.4587
-13.7394
-14.8673
-17.1221
-19.0303
-18.535
-16.7839
-15.6936
-15.593
-16.075
-16.7852
-17.4046
-17.5299
-17.0203
-15.2028
-13.5985
-14.0942
-16.9708
-19.1705
-18.1682
-17.5867
-18.6501
-19.2987
-19.0247
-19.8851
-20.5214
-16.3684
-11.3242
-8.98055
-9.71364
-13.3775
-18.0871
-20.1375
-17.5757
-10.6515
3.85139
14.8206
22.868
28.302
31.6595
33.2582
33.33
32.0388
29.3039
26.05
25.2186
24.8533
24.4876
23.7618
23.2776
23.0397
21.9287
19.6071
16.4221
14.5241
13.6896
13.3079
11.6964
7.23899
-0.809082
-8.91458
-10.5956
-21.5759
-19.4233
-14.4176
-10.9164
-9.10381
-7.69703
-7.02667
-7.47141
-7.23406
-4.97704
-3.646
-4.84744
-7.88362
-10.6771
-12.2933
-13.1655
-13.7041
-14.6682
-15.4146
-15.4354
-15.8177
-16.7548
-16.7725
-15.8693
-15.2976
-15.0118
-15.115
-16.2795
-18.8822
-21.3692
-20.0686
-17.3995
-17.1062
-19.5293
-22.3951
-21.5851
-18.7446
-16.3499
-15.1603
-15.7794
-17.7601
-17.8002
-15.3485
-14.6827
-17.3905
-23.3112
-31.2136
-11.4684
-12.1151
-13.3976
-14.4052
-15.7125
-17.694
-18.7293
-17.607
-16.6631
-15.0104
-11.8374
-10.1879
-11.3898
-13.882
-14.5199
-14.3101
-15.4231
-16.8739
-17.3448
-18.1441
-20.0714
-20.9867
-18.1995
-14.0806
-11.6375
-11.6515
-13.4364
-14.7673
-14.5761
-15.1308
-17.2567
-19.2115
-18.151
-15.1165
-11.7529
-9.45159
-9.08057
-10.7466
-13.4138
-16.2445
-19.2353
-22.3579
-20.7363
-6.06693
9.12447
18.5522
24.1929
28.0091
31.0006
33.4848
35.1042
36.1671
36.2253
35.3627
35.0471
35.0597
34.2092
32.1335
30.1152
29.3294
28.9648
28.3493
26.8121
24.3311
20.4973
16.4645
13.7085
10.94
5.41587
-1.78216
-5.85481
-7.62196
-6.60354
-5.51018
-4.67635
-5.19221
-7.03737
-9.52809
-11.6573
-11.2213
-8.44427
-7.08531
-8.47867
-12.1483
-15.191
-15.7117
-14.2181
-13.202
-13.7178
-14.8661
-14.7166
-13.5824
-13.8017
-16.3735
-19.8344
-20.2846
-18.7667
-18.1175
-18.7428
-20.5973
-22.8359
-22.2631
-18.9502
-17.5454
-19.2334
-22.449
-22.5515
-19.5689
-16.5431
-14.976
-15.6938
-17.6126
-17.4437
-16.0796
-16.6758
-20.0887
-25.6429
-32.7606
-7.14759
-12.5239
-19.1546
-21.5922
-20.9826
-20.1263
-17.4853
-14.4307
-13.5156
-14.476
-14.3579
-12.4462
-10.9458
-9.82931
-8.91022
-8.22761
-8.28135
-9.47066
-11.583
-13.6483
-15.2589
-17.0881
-17.2437
-14.4507
-11.8181
-10.8923
-11.4965
-12.3502
-12.9934
-14.393
-17.3835
-21.087
-21.9715
-19.3184
-15.4843
-12.2323
-9.80547
-8.62702
-9.52298
-13.4114
-20.2932
-26.4248
-22.1352
-4.71105
8.64229
16.339
19.2716
19.1495
18.2757
18.7413
20.6039
23.3193
25.3954
25.8821
26.8761
28.0535
28.4531
28.2549
28.4071
28.8924
29.1206
28.7436
27.6096
25.6525
23.7653
23.0682
22.5706
20.3042
14.8273
6.26729
-2.45031
-10.8103
-11.187
-11.0955
-11.9364
-13.6148
-13.7052
-13.1145
-12.545
-11.5902
-10.4504
-10.1005
-10.4085
-11.0459
-12.0949
-13.4746
-14.6887
-15.1656
-14.1023
-11.1879
-7.43873
-5.0945
-5.50042
-9.14552
-15.2152
-19.547
-19.2678
-16.3938
-13.0033
-11.5282
-12.9378
-17.1781
-22.4263
-24.3061
-22.6124
-20.063
-17.2677
-14.7378
-13.1329
-12.5319
-12.7676
-13.9981
-15.897
-17.1082
-17.2718
-18.1929
-21.3327
-27.729
-18.8833
-18.9248
-19.0505
-18.342
-17.6581
-17.4003
-16.2479
-14.178
-13.6088
-15.1679
-17.7013
-19.4723
-19.8087
-17.6049
-14.8497
-13.802
-14.2011
-15.1178
-15.482
-15.4651
-15.6579
-16.3843
-16.1951
-14.3751
-12.6906
-11.9215
-12.3588
-13.277
-13.1225
-11.8532
-10.5215
-10.1418
-10.9988
-12.4896
-12.8268
-11.8986
-11.9595
-14.0728
-17.6172
-21.1057
-23.2663
-23.8429
-20.8559
-10.3756
0.211685
6.56209
8.7401
7.94614
7.55218
8.93885
10.0301
11.654
11.1174
9.07436
8.96854
7.7166
6.58482
7.71821
7.65589
8.57847
8.53456
8.6032
8.35021
10.8366
14.6678
17.8817
18.6322
16.2976
10.5144
2.70787
-4.53894
-13.7702
-19.0289
-21.8813
-23.0435
-22.6906
-19.1036
-17.5676
-18.8518
-19.2778
-14.2532
-9.63872
-7.84038
-7.64
-7.79424
-8.57211
-10.7755
-14.2428
-17.4494
-18.7379
-16.7689
-14.4995
-14.6653
-17.5328
-21.2995
-22.8297
-22.3828
-21.9533
-21.1387
-20.5989
-21.3085
-23.2612
-24.3889
-23.2378
-22.1006
-22.0466
-22.0847
-22.1764
-23.1116
-24.4826
-24.3427
-22.6036
-21.2785
-21.0485
-21.9925
-24.3325
-28.5667
-35.8607
-13.3171
-13.8161
-15.6034
-17.7734
-18.9083
-19.5557
-18.0921
-14.575
-12.8286
-14.5086
-19.0285
-21.4725
-19.0414
-16.9629
-16.6244
-16.9494
-16.513
-15.4439
-15.1656
-16.3442
-18.1449
-18.6427
-17.3648
-15.5028
-14.434
-14.8832
-16.6625
-18.0451
-17.4098
-16.9521
-17.9666
-19.3469
-19.1016
-17.3313
-15.2166
-13.5634
-12.8132
-13.1391
-14.4728
-16.8993
-18.3499
-18.2282
-17.6597
-12.2727
-4.27096
1.15746
3.58224
4.89246
7.36798
9.2221
10.8874
13.8645
15.2705
13.6508
11.1726
6.97398
5.25358
6.85437
5.59803
6.15355
7.33834
8.07534
6.04372
5.77842
5.68601
4.94765
3.25206
0.392107
-3.46752
-6.6857
-7.33834
-14.8632
-18.0758
-19.6558
-19.2694
-20.1067
-21.5027
-21.6324
-20.2697
-18.2503
-16.9589
-15.7578
-13.2422
-10.1038
-8.3867
-9.1386
-11.6328
-13.9878
-15.1272
-15.5723
-15.5709
-15.6826
-16.7668
-18.3378
-19.272
-19.1543
-18.3319
-17.9502
-18.8175
-20.986
-23.5107
-25.0269
-24.9309
-24.1331
-21.9318
-19.6244
-19.1338
-21.1492
-24.9454
-27.2457
-26.0155
-22.8249
-19.5868
-17.6264
-16.7777
-17.013
-19.1439
-24.7427
-13.7151
-17.439
-21.0154
-18.7957
-15.3477
-14.6858
-16.3094
-17.7099
-18.2707
-19.7921
-21.1459
-19.487
-15.8329
-12.8544
-11.9651
-13.1275
-15.0353
-16.7789
-19.0955
-21.2815
-20.6719
-18.4128
-16.2422
-14.5486
-14.3557
-15.9702
-17.8563
-18.1211
-18.4149
-20.0964
-21.8729
-21.1671
-17.7564
-14.5669
-13.4934
-14.425
-15.4393
-15.5161
-16.4228
-18.8177
-20.861
-21.5536
-22.2555
-14.4164
-5.26157
0.453608
2.96997
4.34744
6.22619
6.49457
7.39355
10.5715
12.1305
10.7755
9.34835
6.02554
4.57199
6.16822
6.94368
8.08307
8.09819
6.70719
2.46295
1.00723
0.0229997
-2.37809
-4.8235
-6.2841
-8.06172
-8.7639
-9.39004
-18.2346
-20.9752
-18.8155
-15.8692
-14.8961
-13.995
-13.7399
-15.2617
-18.2408
-17.4136
-12.6311
-9.87112
-9.54535
-10.5268
-10.9245
-9.80741
-8.88855
-9.42959
-11.4911
-13.7752
-15.5332
-17.4901
-19.371
-20.1218
-20.1018
-19.8343
-18.0387
-16.1907
-16.1561
-17.8342
-18.9587
-18.1026
-16.8871
-16.4329
-16.7386
-17.5975
-19.0038
-20.9579
-23.4435
-25.0375
-22.669
-19.3603
-18.2083
-19.0052
-20.6365
-23.2295
-28.7672
-12.9285
-16.3064
-18.0822
-15.6602
-13.0629
-13.0979
-15.6763
-18.5272
-18.8564
-17.7092
-16.5771
-15.9957
-15.1644
-13.1458
-11.5228
-11.6328
-12.9678
-14.3773
-16.1184
-18.9932
-21.5209
-22.5782
-22.2121
-20.6325
-18.7179
-17.9607
-18.2981
-18.4277
-18.5999
-20.4688
-23.816
-22.2168
-14.7889
-9.51809
-7.93938
-9.54469
-12.6037
-14.6167
-16.2367
-18.4468
-18.234
-16.2125
-15.8489
-11.5003
-5.45766
0.956578
5.57966
8.45604
11.1195
13.1424
14.712
16.6445
17.1032
14.8426
11.1348
5.67828
3.23693
4.2901
2.91604
2.14654
3.44755
4.4121
2.90218
2.98777
3.71529
3.85772
1.91196
-2.18896
-8.14988
-11.1062
-9.96165
-18.7682
-19.1353
-15.7938
-13.456
-12.6813
-12.0884
-12.3878
-14.5644
-17.7988
-17.9691
-15.6427
-14.5228
-15.6945
-17.8016
-17.758
-13.8706
-11.2841
-11.389
-13.0278
-13.8409
-13.831
-14.72
-16.6967
-18.9208
-20.9009
-23.2305
-24.8736
-25.2974
-26.1512
-28.1223
-28.5791
-26.7066
-25.1512
-24.6519
-23.7831
-21.7943
-20.1776
-20.0715
-21.8068
-24.2132
-25.3513
-24.8604
-23.0954
-20.4735
-19.3459
-21.5132
-28.1235
-14.4205
-17.8434
-21.1079
-19.9067
-16.648
-14.478
-12.6077
-10.2571
-8.62003
-8.09479
-8.26719
-9.09843
-10.9516
-13.733
-16.5875
-17.8558
-16.7053
-15.2248
-14.9497
-15.9917
-17.629
-18.235
-17.7885
-18.0333
-18.3213
-17.0976
-15.4488
-13.7608
-11.5226
-10.2384
-11.1416
-12.7964
-11.2763
-8.69134
-8.33643
-9.52262
-9.96083
-10.1009
-12.0359
-15.5571
-15.6327
-12.9945
-11.7683
-8.06517
-1.40156
5.00121
8.06502
10.1711
12.3258
14.1225
16.1588
19.3792
20.7835
18.8025
14.6221
9.413
8.52932
10.4971
9.59927
8.2198
7.22537
6.91576
4.30813
3.57647
3.13927
2.4815
-0.254205
-4.73922
-11.1307
-11.9109
-10.002
-17.3248
-17.6997
-16.4391
-14.9478
-14.379
-14.5141
-15.79
-16.8478
-16.7496
-16.3022
-16.5259
-16.4573
-15.6695
-15.3894
-16.6259
-17.9852
-18.633
-18.9268
-18.6228
-16.8836
-14.3
-12.9599
-13.4668
-15.6305
-19.0925
-23.4965
-26.0609
-24.2995
-21.2558
-19.6995
-20.0563
-21.6216
-22.8249
-23.2477
-23.4709
-23.9879
-25.0866
-25.9928
-25.6305
-24.5475
-24.2576
-23.9555
-21.5281
-18.7485
-18.6111
-22.2067
-30.4648
-11.7219
-13.6621
-16.7149
-18.4036
-16.7171
-12.3312
-8.59406
-7.25082
-8.51627
-11.3774
-13.9389
-15.7431
-17.0311
-16.2255
-13.7412
-12.4255
-12.6551
-13.5314
-13.3975
-12.4708
-12.215
-13.2263
-14.8754
-15.9651
-15.936
-14.6094
-12.7445
-11.6297
-12.0217
-13.854
-16.0276
-17.108
-15.4803
-12.4518
-10.7038
-10.4858
-10.1559
-9.56833
-10.3815
-13.7175
-17.848
-18.3159
-15.9142
-8.11175
1.32684
8.07383
10.8325
11.014
10.2142
9.94826
10.3941
12.4189
12.6208
9.22259
5.64146
0.261676
-1.69367
0.567338
-0.998986
-1.62261
-1.82921
-0.650478
-6.19658
-4.26495
-1.21605
1.03774
1.29856
-0.479548
-4.29943
-7.39164
-8.41174
-15.1427
-16.7585
-18.1477
-20.3215
-21.6568
-20.3404
-19.3803
-18.0328
-14.8018
-11.7167
-10.0389
-9.31193
-9.3582
-10.9438
-14.3796
-17.5321
-16.9008
-14.2316
-12.8379
-13.302
-14.8973
-16.6008
-17.653
-18.1542
-17.7313
-16.0252
-15.0072
-16.0138
-18.2719
-19.9507
-21.1684
-21.9406
-21.5341
-21.227
-21.6803
-22.0533
-22.1706
-23.006
-25.0027
-27.5888
-29.2594
-26.083
-19.4548
-14.2859
-12.7201
-15.2765
-22.8032
-9.33199
-8.82618
-9.56437
-12.0422
-15.1115
-15.7636
-14.467
-14.237
-16.0088
-17.6912
-16.2571
-14.2385
-14.1438
-15.098
-14.8621
-13.3675
-11.5484
-9.31162
-8.09295
-8.93176
-10.4889
-10.7841
-11.2715
-13.7116
-16.3336
-16.0581
-14.2899
-13.3676
-13.1138
-12.4851
-11.3672
-10.6724
-10.2112
-9.82289
-9.56648
-9.60873
-10.0788
-11.1697
-13.1364
-16.1548
-18.9698
-18.6717
-15.5663
-8.43172
2.03498
8.4789
10.645
9.55079
7.95383
7.91052
7.28471
7.67711
6.69201
2.39056
2.11371
0.5563
1.4122
2.8937
-1.08592
-4.41016
-4.23621
-2.34795
-6.20621
-5.89252
-6.99431
-7.7349
-7.45858
-7.26166
-8.76491
-9.69132
-9.06659
-14.79
-15.7308
-16.8778
-18.1025
-17.8457
-16.2064
-16.396
-18.3329
-19.4246
-17.7795
-15.8847
-14.8683
-14.9993
-16.5777
-19.4033
-20.3042
-19.6011
-19.2782
-17.3617
-14.2525
-13.0276
-14.6293
-17.5679
-19.3477
-20.1424
-20.6744
-20.8997
-21.5448
-21.7743
-20.7958
-20.7645
-22.9796
-25.0463
-22.831
-19.8038
-18.5948
-18.8173
-18.7401
-18.1607
-18.023
-18.652
-19.0423
-17.8615
-15.8998
-15.7393
-19.0417
-27.0476
-5.09755
-8.057
-11.7192
-14.3483
-16.0364
-16.7925
-16.668
-15.8054
-15.1321
-14.2398
-13.1743
-12.9958
-13.9248
-13.8901
-11.6314
-10.0074
-10.6385
-12.4945
-13.4566
-13.8754
-15.0347
-16.2348
-16.8982
-17.5485
-17.9098
-17.2999
-16.7771
-17.1297
-16.9713
-14.8421
-12.531
-11.8877
-13.0404
-14.9944
-16.0138
-15.6728
-15.5337
-15.6285
-15.6041
-16.4802
-17.8795
-17.6057
-15.1258
-9.86599
-1.29598
4.24614
5.45786
3.62163
0.431439
-0.286408
0.0122673
3.16513
2.88209
-4.5605
-5.22054
-10.8866
-10.1287
-5.16703
-10.3416
-11.018
-8.32125
-4.99072
-12.1637
-9.62893
-9.39641
-9.5118
-10.642
-10.8434
-12.3462
-11.8089
-8.94012
-12.5231
-11.4677
-12.319
-14.9158
-18.229
-19.1411
-19.2052
-20.5757
-22.5733
-23.1445
-21.1037
-18.6871
-17.8044
-18.617
-19.9754
-18.9254
-17.537
-17.4693
-16.4784
-13.9128
-12.6719
-14.1198
-17.2945
-19.3943
-19.661
-19.7999
-20.0713
-19.3289
-16.9461
-15.2766
-16.2808
-20.526
-26.6424
-27.4893
-23.5609
-20.7223
-20.4331
-20.4264
-18.8986
-17.2123
-17.0926
-18.386
-19.5529
-19.1437
-18.8855
-21.224
-27.5553
-7.98855
-13.6612
-21.1047
-22.5602
-20.9368
-20.2406
-20.406
-19.7797
-18.2216
-16.3656
-15.0418
-14.9297
-15.499
-15.8428
-15.9909
-14.9259
-12.7988
-11.9573
-12.7859
-13.4007
-12.896
-13.1402
-14.5599
-15.9344
-16.3678
-16.0845
-15.4036
-13.5235
-10.6292
-8.84597
-8.94458
-10.5051
-12.2446
-13.0439
-12.83
-12.3711
-12.5605
-13.3741
-14.8044
-17.7183
-20.8252
-22.0515
-19.8471
-9.48559
0.94972
7.14558
8.72297
6.59657
2.30144
-0.88316
-1.97152
1.40336
1.26319
-6.23458
-5.45447
-13.2427
-15.4926
-8.54428
-15.6902
-14.5778
-10.0213
-6.63245
-16.8578
-12.7383
-12.9499
-13.4862
-14.1618
-12.5024
-12.4706
-10.4316
-9.00232
-16.421
-19.5407
-19.9227
-17.8604
-16.9416
-16.9537
-17.4514
-17.4041
-16.5374
-15.452
-13.9194
-12.363
-12.0202
-13.0488
-14.4162
-13.8517
-11.7588
-10.0255
-9.954
-11.6783
-13.8421
-15.0397
-16.0559
-18.3055
-20.999
-21.6747
-21.1996
-21.5246
-21.9555
-21.5661
-21.0887
-21.409
-22.1586
-21.4049
-19.061
-17.5841
-18.1228
-19.0731
-17.7526
-15.9901
-15.6526
-15.5758
-15.0337
-15.7954
-19.4281
-26.1045
-35.2897
-8.64688
-13.2052
-19.0918
-22.2243
-22.8318
-22.6656
-21.7702
-19.049
-16.6613
-15.6642
-15.6769
-16.4804
-16.788
-14.9465
-13.1091
-13.3683
-15.2083
-16.8104
-17.4285
-16.9262
-15.1519
-13.9528
-14.7562
-17.4912
-20.406
-21.1834
-20.6292
-19.4783
-18.1534
-17.6713
-17.9951
-17.4197
-14.9021
-11.7795
-10.0256
-10.2844
-11.6598
-12.1387
-12.0427
-13.2668
-16.2913
-19.167
-20.11
-13.798
-5.89649
-0.363063
1.82641
3.39068
5.06858
5.97744
5.51998
6.21695
5.26953
0.206246
-0.272495
-6.06355
-10.8143
-7.77582
-17.0269
-14.7926
-8.89702
-5.4507
-11.4923
-10.4456
-11.5445
-12.1085
-11.5844
-9.34013
-8.49404
-7.33977
-6.61183
-13.2849
-17.9622
-18.767
-16.0574
-15.1943
-16.3785
-18.5637
-19.0156
-18.3504
-17.7337
-16.9705
-16.1066
-15.8189
-15.6622
-14.0841
-12.3949
-12.5886
-13.8033
-13.73
-13.4988
-14.3473
-16.0157
-17.6923
-19.4023
-20.3415
-19.5673
-18.2621
-18.0086
-19.2286
-21.1706
-22.3842
-21.7423
-20.5622
-20.7166
-22.4854
-24.8989
-26.9346
-27.9334
-25.4517
-22.2515
-20.994
-20.8237
-20.5429
-20.4263
-21.6683
-24.7726
-30.7437
-11.8352
-14.7158
-18.2881
-21.3201
-22.7031
-20.6944
-16.8547
-14.192
-13.8206
-15.0844
-16.0699
-16.248
-15.8302
-13.7872
-11.6811
-11.7483
-13.9366
-14.9249
-12.7868
-11.0259
-10.8455
-12.0662
-14.7924
-18.697
-20.6061
-18.9231
-17.4451
-17.3233
-17.856
-18.4078
-17.9692
-15.793
-13.2647
-12.4451
-13.3761
-14.0064
-12.5501
-11.0444
-11.1806
-13.484
-17.0743
-19.6827
-19.925
-14.338
-6.87224
-3.2429
1.47548
7.60694
12.7766
15.7579
16.7672
17.2001
16.6113
14.0266
11.5027
6.27013
1.83181
1.43679
0.767032
0.369705
-0.355903
-0.183348
-3.64293
-3.56085
-5.94955
-9.52892
-12.0706
-11.0054
-11.6004
-10.2576
-8.25641
-12.9158
-12.6848
-11.1636
-10.3997
-11.3588
-13.2785
-15.0891
-15.2022
-14.4703
-13.8969
-13.5549
-13.4711
-14.0532
-15.3662
-15.7097
-14.0411
-12.8394
-14.1372
-17.5728
-20.8638
-21.8561
-22.5512
-23.5289
-23.857
-23.1881
-22.0679
-21.8693
-22.7685
-24.2405
-25.5046
-24.5019
-21.7479
-20.1647
-20.4285
-21.1953
-21.9498
-24.1035
-28.3549
-31.4354
-28.5422
-24.1051
-21.2111
-20.4871
-20.8622
-21.355
-22.8654
-27.4178
-14.8061
-16.5191
-17.5681
-19.0889
-22.5309
-26.0672
-24.9816
-21.1476
-18.2505
-16.4616
-15.4968
-15.5869
-16.411
-16.5812
-15.3951
-14.3605
-14.5398
-15.3148
-14.6685
-13.0456
-12.5249
-13.5081
-15.2822
-16.8516
-17.3508
-16.7472
-16.0676
-15.2268
-14.2899
-14.5287
-16.2516
-18.4795
-19.6781
-19.2653
-16.58
-12.7619
-10.2335
-9.81528
-11.1536
-13.5247
-15.9908
-18.2364
-18.9382
-9.2635
2.29671
9.67087
12.6535
13.1881
14.3413
17.8823
21.2839
23.073
22.3233
18.5898
13.6973
7.26567
3.11894
2.6615
0.0537973
0.235962
2.40624
3.7155
-0.0523977
-3.33088
-7.14285
-10.3516
-12.8152
-14.3479
-14.6731
-10.3369
-7.10665
-11.4841
-11.7967
-11.6107
-12.4495
-13.718
-13.155
-12.3724
-12.7155
-12.6256
-12.4995
-13.3674
-14.312
-14.1679
-14.0536
-14.8492
-15.3655
-15.1775
-14.9566
-15.0815
-15.4275
-15.9095
-17.2137
-19.8719
-23.5052
-26.402
-27.7606
-27.0459
-24.2304
-21.7064
-20.2353
-19.0487
-18.2718
-18.2364
-18.4787
-19.0643
-20.5279
-21.6591
-20.8227
-20.5508
-22.5354
-25.4603
-26.8191
-27.1209
-26.9254
-26.7505
-28.3784
-33.429
-11.4826
-15.6157
-18.1285
-17.5231
-16.8263
-16.4452
-15.6944
-14.6264
-14.5253
-15.3818
-15.2454
-12.5079
-9.72059
-8.75634
-9.26675
-9.35364
-8.77366
-9.58473
-12.4485
-15.7667
-17.0674
-16.8995
-16.2024
-15.5229
-15.2046
-15.0467
-14.7367
-14.26
-14.465
-16.2113
-18.8362
-20.0319
-19.2831
-17.6405
-15.2805
-13.6014
-13.5445
-14.4568
-15.1956
-16.1096
-17.2375
-17.5555
-16.1516
-7.69206
3.26987
10.0744
12.7217
13.187
14.3421
17.1064
19.1559
20.3047
20.0522
17.8359
14.9773
11.73
11.5995
13.5214
13.6876
12.8514
12.1357
11.0618
7.27244
2.38227
-3.07841
-5.91554
-10.6843
-13.4238
-13.3192
-10.1631
-7.59418
-12.2077
-13.3575
-14.0989
-14.6482
-15.178
-14.9141
-14.7781
-14.9713
-15.2803
-15.2221
-14.7435
-13.9539
-12.8497
-12.0157
-12.5002
-13.7059
-13.9019
-13.0392
-12.9936
-14.3714
-15.5501
-16.0646
-16.915
-18.5417
-20.3096
-21.8599
-23.1685
-23.16
-21.5789
-19.3284
-18.0087
-18.3103
-18.4272
-16.781
-15.0663
-15.0627
-16.6656
-17.4287
-16.1049
-15.3269
-16.7221
-19.5488
-21.7175
-21.9365
-21.4536
-22.747
-27.5812
-19.1625
-20.2685
-18.9773
-16.6783
-15.8179
-15.8591
-15.0003
-14.1003
-14.6505
-15.24
-13.7927
-11.6975
-10.3859
-10.201
-11.355
-13.0361
-13.3979
-12.954
-13.2169
-14.291
-15.7947
-16.6684
-15.5123
-13.8151
-13.3277
-13.33
-13.3049
-14.2501
-16.2104
-17.8378
-18.4801
-18.6704
-18.4069
-17.6682
-16.7068
-15.8831
-16.1322
-17.7771
-19.7697
-20.63
-20.4278
-20.8176
-20.0727
-10.1845
0.876955
7.80395
10.556
10.8186
11.4879
14.6357
17.471
19.1443
19.0065
17.2998
15.9201
14.5466
14.4668
15.1902
14.1616
12.5543
10.8814
9.98692
7.68011
5.7087
1.8681
-2.19374
-6.00788
-8.01638
-9.95528
-9.11644
-7.07688
-12.3259
-14.095
-15.511
-15.9665
-14.6493
-12.3282
-12.2283
-14.4903
-16.0182
-14.2834
-11.9056
-10.5143
-10.6782
-12.6284
-15.4494
-16.0407
-15.2526
-15.1487
-14.4795
-13.1885
-12.9433
-14.6052
-16.6126
-16.7348
-16.7445
-18.2362
-20.2563
-20.3776
-19.4047
-19.2556
-20.6134
-23.1283
-25.6848
-26.1075
-24.1482
-21.5111
-20.0126
-19
-18.074
-17.8242
-18.9813
-20.8517
-21.0965
-19.3339
-18.369
-20.2121
-25.9195
-19.163
-20.025
-20.4506
-19.4976
-16.3765
-11.2702
-6.84183
-5.02212
-6.06248
-8.98666
-11.5061
-12.4132
-13.5545
-15.3305
-16.1949
-16.3191
-17.7782
-20.8292
-22.1385
-20.5494
-19.0191
-17.5691
-14.6803
-11.7482
-10.7632
-11.5587
-12.8487
-14.1712
-16.0576
-17.6284
-16.7369
-14.1592
-12.0753
-11.6195
-13.1642
-16.2024
-19.0277
-19.9482
-19.2026
-18.0714
-17.5759
-18.7564
-19.1643
-12.332
-2.9712
3.59052
7.15639
9.17619
11.1146
15.1959
20.1846
24.1861
26.1196
25.9478
24.33
21.3397
19.2301
19.5569
20.2407
19.6339
17.0695
12.7037
7.75559
5.76958
3.39112
-0.399537
-6.15633
-10.7545
-14.329
-12.256
-10.0554
-16.2006
-17.6624
-16.5797
-15.4484
-15.7715
-15.4781
-15.0454
-15.6843
-16.6931
-17.313
-18.3441
-19.6636
-20.6233
-20.435
-19.9595
-19.231
-18.7736
-17.6131
-14.7199
-11.7334
-9.95153
-10.1581
-12.2852
-15.6468
-19.3602
-23.2343
-26.1251
-26.162
-24.5424
-22.4905
-20.291
-18.1443
-16.6251
-16.1776
-17.2072
-19.6728
-22.816
-24.0334
-22.9791
-21.973
-21.7409
-21.7881
-21.5734
-20.6451
-19.8575
-21.0525
-25.9111
-18.0096
-19.8146
-23.303
-24.5594
-17.0727
-7.82571
-2.46196
-1.12863
-3.25674
-7.63607
-11.6834
-14.5159
-16.4079
-16.9272
-16.6453
-16.925
-18.0322
-18.8709
-18.8535
-18.9917
-19.5236
-19.8619
-19.404
-18.4913
-17.2006
-15.8542
-15.415
-16.5944
-18.7674
-19.814
-19.262
-19.2266
-19.9571
-20.0921
-19.8946
-20.7534
-22.758
-23.9829
-23.066
-22.1524
-22.2807
-21.7679
-20.3066
-12.9688
-5.68715
0.0231076
3.56511
6.78163
10.8173
14.8287
18.1152
20.6679
21.5871
20.8753
19.5973
17.3582
16.0028
16.1054
15.7058
14.9279
13.1416
10.9535
7.95007
6.93423
4.87018
1.08222
-4.47347
-8.43906
-12.7125
-12.9715
-11.484
-17.9539
-17.9389
-16.5161
-16.0232
-16.4612
-15.635
-14.6066
-14.3923
-15.0071
-16.2898
-18.7334
-20.6824
-19.3799
-16.8552
-15.7322
-15.1862
-15.6289
-17.0228
-17.5788
-16.6872
-16.6474
-18.9915
-23.6353
-28.4093
-30.8414
-29.8865
-26.654
-23.5468
-21.4736
-20.2071
-19.7889
-20.2873
-21.3825
-22.2663
-22.6652
-23.0381
-23.7456
-24.4602
-24.9393
-25.5669
-24.8382
-22.2216
-20.5905
-21.7266
-25.5604
-31.1919
-38.1905
-18.1684
-21.3788
-24.6302
-17.2952
-2.39891
7.81402
12.3597
12.1333
7.4349
-0.624269
-6.06882
-7.50287
-7.9158
-7.77795
-8.21512
-10.3142
-14.0274
-17.869
-19.7684
-19.1533
-17.3719
-16.1944
-16.3324
-17.398
-18.3054
-18.1863
-17.7638
-17.9191
-18.4592
-18.7586
-18.4183
-17.3906
-16.7954
-17.2985
-17.9627
-17.959
-18.2431
-19.1429
-20.2865
-22.288
-25.0766
-26.5655
-25.4225
-16.2479
-6.99633
-1.18171
1.69436
3.48186
5.5173
7.3934
7.82437
8.37928
6.69598
2.93282
3.53761
1.54
1.35304
3.2986
3.22454
3.09134
2.39885
1.01993
-3.54114
-3.05754
-2.06673
-2.89794
-5.90545
-9.63561
-14.2427
-14.4375
-11.8174
-19.3683
-19.1719
-19.8788
-21.4654
-22.0814
-20.0881
-18.7919
-19.4229
-21.2089
-22.8117
-22.9298
-20.0455
-16.4099
-14.7807
-15.6088
-17.2441
-18.1669
-18.3895
-18.5406
-19.1537
-20.4199
-22.4246
-25.1287
-27.6807
-27.5441
-25.8732
-24.6063
-24.3651
-24.8033
-25.7852
-26.9287
-27.7347
-27.952
-26.9851
-25.0332
-23.4755
-23.8817
-26.68
-30.1094
-29.6649
-26.8756
-24.9432
-23.9063
-23.2103
-23.7734
-26.987
-34.0396
-14.8796
-17.388
-20.4556
-17.5786
-4.77371
4.98607
9.323
8.99976
4.39658
-2.84834
-6.94771
-8.78194
-11.7171
-15.6005
-17.4148
-17.1708
-17.3741
-18.3889
-19.3616
-20.5488
-22.8187
-25.4099
-25.8896
-24.0077
-22.6014
-22.082
-21.2683
-20.0623
-19.5243
-20.3834
-21.7722
-21.4909
-19.6519
-18.1646
-17.9188
-19.4658
-23.3454
-28.9014
-31.1144
-30.6173
-29.0464
-27.6145
-23.1749
-9.43719
2.96373
9.89108
12.1018
10.9208
8.37686
7.20008
6.2171
7.02329
6.95154
4.75451
4.18381
-1.00417
-5.615
-4.28254
-8.61041
-7.83295
-5.61352
-4.34281
-10.5587
-9.00431
-7.45353
-7.43547
-10.6331
-15.2234
-22.4531
-18.7209
-13.3144
-23.9072
-24.6639
-25.3086
-25.3329
-23.8494
-21.2303
-20.4762
-20.4832
-20.5083
-21.2477
-22.4239
-22.2916
-21.3282
-21.5325
-23.3585
-24.0108
-23.0853
-22.17
-21.6774
-21.2273
-20.4308
-20.6898
-22.4208
-24.1198
-23.8559
-22.1807
-20.6667
-20.2478
-20.6217
-20.853
-20.7875
-21.3697
-23.0898
-24.6871
-24.1127
-22.1194
-21.3993
-22.4216
-24.2774
-25.846
-26.6865
-26.8604
-26.0972
-24.1566
-22.8999
-24.3951
-30.2174
-17.6889
-22.9856
-27.8069
-26.2541
-19.3614
-12.264
-8.30429
-7.83449
-10.4528
-15.0787
-19.8255
-23.4689
-25.4737
-26.4893
-27.4822
-27.6896
-26.3249
-24.812
-24.1882
-24.8558
-26.5229
-28.3811
-29.3804
-29.1724
-28.4299
-27.3988
-26.5805
-26.9748
-28.8437
-30.808
-30.7924
-27.8273
-23.7931
-21.1283
-20.9943
-23.3525
-27.026
-29.9125
-30.7197
-32.2483
-32.8873
-31.8687
-27.3318
-11.8805
0.33787
7.19863
9.50685
8.49871
6.21541
5.18806
4.40361
6.32629
6.8332
4.60904
3.49939
-1.25123
-5.15552
-5.30201
-11.1575
-10.4142
-7.09584
-4.22922
-11.5897
-11.7816
-13.5134
-14.9943
-16.6837
-16.6946
-21.5302
-18.4427
-13.5045
-24.324
-25.063
-25.8462
-24.4679
-22.6231
-20.6506
-19.9111
-19.9935
-20.5687
-22.2616
-25.0373
-28.0982
-29.0224
-28.5378
-28.9706
-30.1478
-30.8829
-30.0642
-28.0181
-27.2117
-28.1012
-29.9341
-30.1613
-28.0478
-25.5898
-23.7243
-23.0924
-24.3762
-27.6104
-30.8649
-31.941
-31.5155
-30.9937
-31.0038
-31.4214
-31.0211
-29.5899
-28.2816
-27.8084
-28.5474
-30.1846
-31.2143
-30.8272
-30.5506
-31.6475
-35.0211
-41.8596
-26.1282
-31.7165
-38.376
-40.1765
-38.3119
-35.677
-33.822
-33.515
-34.7352
-36.5673
-37.3214
-36.959
-37.1112
-37.5399
-35.3428
-31.2723
-28.8922
-29.4234
-32.5096
-35.7901
-35.6887
-33.8148
-33.4256
-34.1984
-33.8851
-32.3879
-31.9424
-33.5482
-36.2373
-37.925
-36.1887
-32.3793
-29.3732
-28.2684
-29.1691
-31.2632
-33.425
-35.2237
-36.1166
-38.549
-37.5747
-34.9026
-33.0925
-19.8295
-12.3055
-8.90876
-9.47374
-9.68455
-8.71872
-8.41229
-10.5826
-2.17226
-0.793299
-5.85947
-3.22985
-7.56527
-10.1629
-8.08699
-17.4274
-16.2198
-10.3282
-7.41624
-20.6889
-17.2312
-17.666
-20.0828
-22.8073
-21.1755
-27.3588
-21.2184
-15.0719
-32.4518
-34.4281
-34.1837
-32.2652
-33.3969
-33.1804
-34.7509
-35.6988
-35.4142
-35.2436
-36.0384
-37.4303
-37.8114
-36.7849
-37.3145
-36.9595
-36.5644
-36.4948
-35.3412
-35.4864
-36.0151
-36.4611
-35.3811
-33.4629
-32.8239
-33.8443
-36.3768
-39.9846
-44.0717
-46.1498
-43.4019
-39.7744
-38.397
-39.233
-40.7745
-41.1103
-40.7765
-40.1994
-39.55
-38.3136
-36.8412
-35.8865
-35.5993
-36.311
-38.4803
-42.5886
-49.7781
-35.0365
-39.3522
-43.976
-46.1339
-45.9185
-43.3504
-39.0821
-36.6
-37.1886
-40.7021
-45.2522
-46.9491
-46.276
-44.7832
-42.5525
-40.0114
-38.9361
-40.2393
-43.4081
-46.4763
-47.3824
-46.3085
-45.629
-45.9593
-46.4478
-46.272
-45.3039
-45.1422
-45.5445
-47.1016
-48.1136
-47.1344
-45.8443
-44.349
-43.1372
-42.8768
-43.7011
-45.0479
-43.2763
-45.6803
-46.6796
-45.6793
-43.732
-22.3296
-15.9905
-15.4961
-24.233
-25.8584
-18.9096
-17.5495
-24.4699
-5.91234
-4.89818
-23.6364
-11.3824
-23.405
-21.6906
-11.3075
-24.1827
-19.923
-12.5901
-8.52022
-26.9873
-21.1217
-23.0704
-26.3308
-31.9756
-25.6087
-32.7956
-22.4836
-15.3414
-40.2386
-45.431
-44.7802
-42.1424
-48.0764
-42.7498
-44.0182
-46.3569
-46.5055
-45.3394
-45.0768
-46.5797
-47.2921
-43.7945
-45.7081
-45.2092
-44.2502
-44.6301
-44.2597
-48.0886
-51.0446
-51.6957
-51.3132
-50.4785
-51.0239
-50.0825
-47.7147
-47.0293
-48.4327
-51.0089
-51.5427
-49.8786
-49.6705
-50.4752
-51.5388
-51.3664
-52.3126
-52.6357
-53.4983
-52.6941
-51.1713
-50.7847
-50.2286
-47.8973
-46.3364
-47.1141
-51.8206
-51.2975
-51.6905
-49.8818
-49.1605
-50.2624
-53.0071
-55.084
-56.2915
-57.9017
-59.0652
-56.963
-53.8237
-52.9726
-54.3569
-56.0088
-56.3183
-56.5051
-57.5496
-57.6144
-57.6135
-58.959
-59.2892
-59.4087
-59.2634
-57.4204
-54.9475
-53.1807
-53.4166
-54.4731
-56.8479
-59.5346
-59.7294
-60.1083
-60.9832
-61.45
-60.5487
-58.2219
-57.9788
-50.6463
-54.6423
-56.0439
-55.8036
-55.6674
-22.5958
-16.253
-15.9521
-27.0696
-31.3135
-20.8156
-18.7054
-27.962
-6.31217
-5.36324
-45.3844
-13.6943
-42.1871
-34.1591
-12.8713
-35.3577
-23.3585
-13.6623
-9.19632
-39.3406
-24.0301
-26.0801
-29.5493
-35.0358
-26.5492
-36.1585
-23.0331
-15.4006
-42.5001
-51.6935
-50.4462
-45.4452
-58.9912
-47.1443
-48.2899
-52.3708
-53.4965
-51.9066
-50.8948
-52.3665
-53.6971
-47.8493
-52.721
-53.4136
-52.9139
-52.7927
-48.4365
-51.9711
-55.0044
-55.2347
-54.3367
-53.6348
-55.7652
-58.1008
-58.3706
-59.3362
-58.8346
-56.9982
-55.0489
-54.3589
-56.519
-58.9568
-59.1446
-56.6352
-57.388
-56.5501
-56.4545
-55.6048
-53.7177
-52.9301
-53.0046
-52.4955
-51.9833
-52.4005
-56.5395
