80
-32.218
-31.4336
-29.0123
-25.1806
-21.2899
-18.4043
-18.2791
-23.3172
-27.4841
-23.1716
-18.9945
-17.8465
-18.7737
-21.7388
-28.6171
-38.7443
-33.3656
-25.9179
-19.9134
-19.9945
-23.1063
-25.4088
-25.8174
-26.8288
-26.8904
-29.0694
-33.3989
-29.9204
-23.9058
-21.0438
-21.6055
-22.781
-20.2092
-16.3806
-16.0582
-20.7431
-28.6722
-30.2654
-26.2324
-20.4149
-18.696
-21.2639
-28.4913
-25.9713
-18.7922
-16.5569
-14.9308
-16.6931
-22.3402
-32.0682
-32.2776
-20.9894
-16.2299
-17.0139
-22.6627
-31.4387
-31.2985
-25.4234
-19.9299
-15.8178
-13.3491
-14.1808
-19.2373
-24.1603
-27.8211
-37.4908
-47.1979
-31.9731
-21.0602
-15.7515
-15.5893
-18.2056
-22.0819
-11.8308
-6.38678
-5.70244
-10.4169
-17.2776
-17.6997
-9.56408
-2.80776
6.27305
14.7718
15.7963
12.958
2.91517
-6.12292
-15.1467
-28.8537
-13.4676
-17.6572
-19.3365
-8.80473
-7.04175
-8.20869
-4.57893
-5.55728
-1.61046
-1.13676
2.5149
9.13791
10.112
11.3741
11.108
16.7661
22.5233
24.7604
23.5136
22.1703
22.8697
22.8863
20.1966
15.5955
9.50778
-3.88728
-13.1726
4.19633
9.40979
-15.6725
-11.8055
-9.63245
-8.97597
-9.14662
-10.4266
-14.7215
-23.0103
-24.2727
-21.4909
-21.3796
-24.3949
-27.9621
-26.8639
-24.5525
-24.5107
-25.0388
-21.8098
-15.3762
-9.59862
-4.75103
-2.15191
-2.21979
-5.58336
-11.1101
-17.6923
-19.6469
-19.5132
-20.6204
-24.2353
-24.8698
-21.9693
-17.2853
-14.7545
-14.9945
-17.3818
-20.4415
-24.9684
-28.4694
-28.6957
-27.2509
-27.0126
-22.9204
-19.052
-18.6931
-19.7971
-20.6175
-21.2527
-24.3098
-24.494
-19.0338
-15.9817
-17.0621
-20.7856
-24.6148
-26.7448
-29.9775
-28.3214
-26.695
-23.5643
-16.7878
-13.3592
-12.7872
-14.4378
-16.2301
-17.2565
-18.2273
-18.4706
-18.0492
-16.853
-16.02
-16.8525
-16.9612
-14.8875
-14.9198
-17.4855
-20.124
-21.7127
-23.1084
-12.2695
3.11161
13.6923
18.0492
19.92
18.2227
15.9088
12.0376
20.6231
27.8125
34.6652
40.0791
43.6104
46.0856
48.0472
49.1961
49.8368
50.0485
49.9829
49.8795
49.7472
49.463
49.1902
48.7571
48.4707
48.153
46.8529
43.2545
36.9473
29.101
22.8558
19.1302
14.0591
7.26451
1.29639
10.2981
24.2416
33.433
38.915
-9.89353
-10.3195
-10.3811
-11.9067
-11.7961
-12.3147
-16.4034
-21.5214
-24.0926
-22.9155
-22.4725
-18.5656
-13.1621
-8.39805
-5.79052
-6.13091
-9.65819
-14.9853
-17.5485
-12.2137
-7.20811
-5.3884
-6.9816
-9.87808
-11.4257
-9.75379
-9.55129
-10.5056
-12.7167
-15.9034
-21.8072
-18.2481
-12.9225
-11.2663
-13.1241
-16.8558
-19.6334
-17.8842
-15.9008
-17.6968
-21.4904
-22.9541
-22.6482
-24.5932
-26.4164
-26.3206
-24.5744
-22.8766
-19.8143
-17.572
-15.829
-12.9124
-11.4783
-12.3445
-14.4372
-15.5643
-17.6612
-20.4307
-19.5227
-17.114
-14.8996
-10.1207
-5.96698
-3.74166
-3.75524
-5.05616
-6.28019
-7.93801
-10.4576
-9.79515
-8.0336
-8.10782
-10.7698
-15.8556
-23.6632
-23.2551
-19.3359
-18.9119
-21.3756
-6.23361
15.884
31.2893
40.9095
46.5914
51.3839
55.656
58.8752
60.4959
60.8279
60.1296
58.6451
56.8398
55.1208
53.4857
51.7264
49.9072
48.0436
46.3713
44.4737
42.5531
40.8085
38.7223
36.903
35.8854
37.2845
40.2671
42.0758
40.0978
33.2335
20.7919
1.80211
-14.7859
-16.2704
4.45774
22.6295
35.5266
43.1301
45.8615
-3.82542
-8.47777
-7.17637
-6.97786
-10.1378
-11.6952
-6.94025
-2.65156
-0.864453
-2.1671
-5.81603
-6.49315
-3.82285
-2.7347
-3.55932
-4.69735
-5.9155
-8.98927
-14.8824
-19.9697
-20.039
-21.7896
-23.4362
-19.3998
-13.0177
-10.0044
-9.76999
-11.2919
-11.7643
-10.0037
-6.07331
-2.56737
-1.37428
-3.77544
-9.27527
-13.7772
-13.5774
-14.2683
-14.8584
-12.1629
-9.74557
-9.76401
-13.2681
-17.5403
-14.9167
-9.71323
-6.00707
-3.21283
-2.65394
-5.28547
-8.83593
-8.68729
-7.92318
-10.716
-16.0025
-19.7434
-22.8936
-26.4377
-21.2428
-11.5517
-2.99523
3.03101
6.34901
6.53665
3.72586
-1.10751
-6.80299
-12.8068
-18.8781
-20.1722
-16.6783
-15.4066
-14.0262
-12.6485
-10.0172
-7.32187
-5.43008
-6.27888
-8.96455
-4.14749
22.9323
43.0764
54.7359
61.8928
65.2522
65.4835
63.1447
59.2599
54.6566
48.7365
39.9145
28.2185
17.5435
12.1332
9.48465
0.272931
-5.29807
-8.54874
-10.158
-4.27697
-5.63732
1.15509
-0.818581
-5.27795
12.6985
28.3259
35.5841
37.5557
34.4784
25.4042
10.9113
-4.06628
0.208287
6.25513
20.1155
31.5361
37.7549
38.8453
-9.51183
-9.80162
-10.9281
-10.3129
-8.81692
-6.64166
-3.72349
-0.828825
0.627324
1.03384
0.729169
-1.85232
-8.07278
-18.0825
-23.705
-24.2814
-18.3547
-12.5449
-10.7112
-10.9821
-10.7473
-10.3272
-10.6674
-11.7133
-13.2034
-15.4992
-19.2371
-23.4438
-26.6507
-18.6855
-10.6233
-6.60745
-7.04015
-10.0269
-9.89046
-8.24017
-9.766
-14.1016
-17.2791
-14.4868
-12.2453
-11.8219
-11.1996
-9.15522
-8.94668
-11.968
-15.1171
-14.0998
-8.18206
-2.62968
-0.344046
-1.79213
-6.66861
-14.692
-23.5264
-31.9504
-31.3998
-31.3199
-30.503
-25.1632
-17.9108
-12.8905
-11.7426
-12.4498
-13.7584
-12.6525
-10.8512
-11.2743
-14.8531
-19.447
-15.5714
-8.20889
-5.40713
-6.36401
-8.75127
-10.2222
-10.7018
-9.13021
-7.09274
-4.35216
23.5864
40.0494
49.9393
54.175
53.3947
47.4205
36.6481
23.8506
13.3538
14.4413
8.49893
4.00412
1.66572
2.73326
4.36794
1.31279
-0.380168
-4.94598
-13.7334
-8.62529
-0.801695
3.77741
0.0954418
2.17414
17.6147
30.7509
36.5592
37.1221
32.6544
21.8102
6.55703
-2.42542
-2.97571
0.0186944
14.4368
26.7284
31.3252
30.6636
-6.12027
-6.82465
-10.4944
-16.9589
-22.5974
-25.5029
-24.4023
-23.9643
-22.2884
-17.5139
-12.7083
-9.92545
-11.1604
-15.6562
-22.5466
-24.9971
-15.9073
-8.3103
-4.48071
-4.92397
-8.92318
-12.7991
-13.3542
-10.916
-8.11751
-8.04499
-10.9605
-14.4276
-12.8493
-11.6147
-12.9411
-15.4055
-15.3502
-15.2241
-16.2581
-16.7529
-17.1958
-16.9812
-12.5355
-8.43412
-7.64389
-8.32982
-7.08329
-5.18447
-6.00743
-10.825
-18.7504
-16.5303
-8.20374
-3.45775
-2.56001
-5.12413
-9.96289
-12.2309
-12.1595
-14.3624
-20.2133
-27.6332
-33.4708
-32.0673
-25.9044
-21.7241
-21.0462
-23.5678
-24.8224
-21.8712
-18.6091
-19.5144
-23.3125
-23.6811
-19.2976
-14.6062
-12.5961
-12.8589
-12.8757
-9.78972
-5.89656
-3.32095
-2.92629
-1.96637
19.7985
29.8479
37.6025
39.7382
37.1429
30.9832
16.2488
8.31793
5.11241
5.38367
-2.4228
2.96049
-0.0113166
-6.06706
-18.0657
-19.6546
-8.35303
-8.75721
-5.57023
0.347608
-1.88787
3.76675
1.6712
16.4437
31.6625
39.7552
42.9932
41.438
34.4825
24.603
17.168
14.0634
8.96663
7.779
17.4658
24.737
28.404
27.374
-13.8199
-14.0823
-17.5043
-18.5899
-15.7968
-15.5996
-20.2643
-27.1837
-31.1083
-30.6648
-30.6726
-25.5687
-21.0372
-19.0538
-17.9596
-15.2316
-12.6211
-11.2544
-12.9518
-15.7778
-16.8193
-19.2199
-21.7273
-17.6138
-13.2539
-12.454
-15.9868
-19.2937
-19.0741
-15.1485
-12.8894
-13.9269
-18.2703
-22.4476
-23.3943
-24.5552
-26.6451
-23.4888
-19.6796
-19.049
-21.4683
-22.8589
-18.7104
-15.8832
-16.8981
-21.3495
-26.5124
-25.7806
-21.0876
-21.0868
-25.3232
-28.6733
-22.1735
-17.6041
-16.1369
-18.3034
-22.2935
-26.6251
-24.8443
-18.7751
-13.1144
-10.2251
-10.8095
-14.5498
-19.0429
-19.1214
-16.8679
-14.5155
-13.5925
-14.9757
-18.0499
-23.5022
-28.434
-29.2614
-30.5266
-28.8337
-27.855
-27.5667
-22.3377
-16.1231
3.40389
21.6998
28.1826
29.4144
26.3587
19.6629
14.4896
6.09258
-0.968358
8.14627
-0.157346
5.04773
6.40245
7.931
15.6762
18.7046
24.1395
30.145
33.1967
36.0362
37.9635
41.043
43.223
47.5166
52.3817
55.2939
54.5247
49.1392
38.4435
22.4503
14.4519
13.3229
8.20099
4.56902
8.47015
14.7212
23.4474
28.9192
-16.8937
-18.2927
-23.0936
-25.8254
-19.0212
-15.5144
-16.5463
-21.061
-21.4722
-17.2613
-13.4844
-11.6518
-12.1326
-15.3616
-17.1858
-14.6786
-9.23537
-5.22543
-4.20825
-6.27706
-11.6247
-16.3007
-13.4514
-7.87929
-5.55322
-6.0745
-5.87055
-4.00862
-1.7136
-0.895165
-1.94312
-5.70287
-12.8462
-20.2085
-15.5198
-11.4974
-12.1085
-15.9089
-17.6515
-15.1823
-13.812
-15.6759
-16.9334
-16.6415
-14.8542
-13.9922
-14.0995
-13.5081
-13.6289
-15.9602
-21.193
-27.3933
-25.7484
-17.1723
-14.4442
-15.5295
-19.981
-18.3154
-16.4931
-14.4283
-10.9399
-9.90578
-12.4798
-14.2048
-13.6214
-14.8504
-17.0671
-16.8177
-15.7374
-14.6322
-15.448
-15.187
-14.4343
-15.4251
-19.1153
-24.9876
-26.7552
-25.2667
-23.2046
-17.5856
-2.22445
24.694
34.1061
38.9027
38.9925
35.9161
30.8984
24.676
30.7059
40.1668
46.3253
50.6119
52.4755
53.8849
54.9606
55.8193
56.2741
55.9704
55.6754
55.1038
54.7655
54.0821
54.0392
54.2187
54.6914
54.4935
52.5402
48.2197
40.2378
27.0088
15.243
11.4821
7.53383
5.66433
18.133
33.0112
44.1771
50.8737
-5.72545
-1.63262
-1.93816
-6.03023
-9.15785
-7.12514
-6.00449
-8.94965
-13.5963
-11.2445
-6.31589
-4.40011
-7.09432
-13.3972
-18.9963
-8.85982
-0.321036
4.47127
5.73022
4.17485
3.47317
4.31764
4.43772
1.9615
-3.70859
-10.3321
-13.3472
-10.3818
-5.09998
0.473265
2.29355
-0.00708537
-6.06677
-8.36435
-6.87608
-8.23068
-11.7565
-15.7022
-17.636
-12.5929
-3.3316
2.49128
3.40783
0.430841
-4.75149
-6.35999
-6.1273
-8.12847
-9.15641
-8.40124
-10.0187
-12.406
-9.50074
-4.7726
-2.10082
-3.30978
-5.26651
-5.45005
-2.56995
-0.874318
-2.00432
-4.9187
-6.01299
-0.448815
4.18072
4.16808
0.0536932
-4.95788
-3.93806
-1.55528
-0.190805
-0.713373
-3.1936
-6.90348
-7.40175
-7.10292
-10.056
-16.9268
-25.7189
-14.1013
16.1934
25.0731
33.1554
44.7562
52.2008
58.4251
63.1629
66.5753
67.4173
66.3512
63.0887
58.654
55.0137
52.8067
50.6273
47.6525
44.0551
40.5219
34.8354
29.6994
25.346
24.1966
17.9897
18.161
21.2562
28.0938
32.9583
32.7831
27.6591
16.8311
3.95846
-0.270207
-0.103375
-0.88188
15.5586
34.8012
46.6794
53.0824
1.66866
5.74339
6.32367
3.54263
0.712264
3.22047
5.17784
3.59177
-0.596431
-2.66548
0.879422
6.19939
10.4071
12.2488
12.3553
12.4398
13.3477
14.0612
14.3058
13.5448
11.274
9.01317
9.27136
11.3232
13.1674
13.6306
12.6926
11.1944
10.9468
12.3392
13.2446
12.4821
10.949
9.94703
10.813
12.6337
13.0277
10.8769
6.33952
2.07289
4.1584
9.14992
11.6123
9.9282
4.05791
-3.46114
-3.59972
1.6106
5.29055
6.27272
7.08277
9.56205
11.3423
10.429
8.63508
9.49119
11.9385
13.8712
15.7285
17.7735
19.1096
19.3715
18.9452
17.7833
16.648
17.2907
17.6502
15.6751
12.7303
12.2372
15.3476
19.2774
21.15
20.3458
18.7893
19.2095
20.1473
19.8116
18.7217
17.9888
31.6088
49.6796
64.6603
75.0959
81.0834
83.0153
81.1545
75.5917
68.0974
60.468
52.8602
41.5256
31.509
22.9014
25.6307
25.016
25.25
24.7964
20.8961
19.891
23.4234
28.0457
28.244
31.1185
39.7608
45.0383
45.321
41.0632
31.069
20.9984
17.7534
18.3387
19.777
21.4838
26.2616
32.4735
36.7967
38.8916
6.80621
8.00751
5.26711
-1.87819
-7.5748
-4.48719
0.138377
2.34984
2.97659
4.20703
6.38256
8.80791
13.1977
17.2649
18.2429
17.2905
17.937
19.4817
18.7073
16.0442
13.4976
11.7612
13.4269
16.7465
17.561
16.5613
16.226
16.4987
15.3072
14.0497
14.6856
14.8454
13.6254
13.9731
16.0474
17.2056
16.1736
12.5786
7.53698
4.28277
5.34342
7.71863
7.60692
4.53356
2.13162
1.64516
0.442711
1.14358
5.82082
8.94552
9.28111
8.8816
8.77013
8.16926
7.28342
8.99545
12.4057
15.7161
18.3461
19.9656
20.1803
19.0945
17.8078
17.4735
17.623
17.2434
16.8269
16.1508
14.4088
13.8864
17.5957
21.9304
23.7146
22.8439
20.5617
19.1306
19.3976
20.4273
20.9623
20.9795
36.2934
60.0838
75.7057
84.9132
88.8344
88.0331
82.346
70.7921
50.9709
28.3193
21.8801
19.3302
14.1564
22.0963
26.245
26.435
26.818
28.1602
26.4666
21.4449
22.3619
30.3708
40.1089
53.2531
62.1992
66.1844
65.6595
60.0541
48.4051
32.5351
22.1549
19.2609
20.5851
22.3527
23.2345
24.4893
26.9019
29.2495
8.38175
4.66992
-1.8333
-7.37171
-9.66894
-7.89781
-1.26348
3.46303
6.94093
9.95886
10.6738
8.97648
7.00552
7.93975
9.56697
10.1439
9.80208
9.56113
10.7834
12.3443
12.8544
11.7222
8.37672
5.44054
5.93644
5.52394
1.30767
-2.42956
1.49873
7.63696
10.8961
11.4386
9.55518
4.53147
-1.68598
-6.2393
-3.13631
3.27648
7.26354
8.98675
8.27467
4.62948
-0.987767
-2.919
-0.759857
-0.132373
-1.29862
-2.18466
-0.670476
4.27515
7.89296
8.91805
7.19946
3.71967
-0.245951
-3.11791
-2.98169
1.19615
4.20993
4.38444
1.45366
-4.1963
-4.23337
-0.360951
1.48372
-0.24076
-6.08462
-10.9152
-10.6434
-10.2929
-8.84023
-3.76512
-0.847131
-0.472
-3.5214
-7.53391
-9.31937
-7.22343
-4.82426
-5.20346
27.9742
52.5196
67.503
76.4805
80.0846
79.0798
73.1532
61.6777
44.6116
24.4525
20.7913
17.3982
18.2774
26.3235
22.7454
28.6108
37.4772
44.634
49.6478
54.6027
60.2935
66.3335
72.8863
78.3472
81.6157
81.6954
78.0531
70.2138
57.5982
39.9263
24.3781
19.47
15.1687
11.1034
12.7695
13.7147
11.4603
8.51008
-7.56982
-6.89559
-1.00574
3.68322
4.80923
3.12797
0.374899
-0.3411
3.0264
7.55143
10.3956
10.4253
8.86581
6.93337
5.51145
4.37573
2.51213
-1.08969
-5.82408
-7.45065
-2.77141
5.36515
11.0249
12.6969
10.3893
4.8676
-1.16713
-2.81483
-1.83933
-1.05219
-0.369546
-1.73588
-5.58691
-4.04058
1.86889
5.28999
4.8504
1.1965
-2.96767
-1.60224
1.02771
1.21916
-0.322062
-1.80192
-4.72291
-10.7503
-12.07
-5.18045
-0.194249
1.96346
3.28155
4.59904
7.43289
9.85914
9.43247
6.01812
5.57991
10.4769
14.2779
15.1411
12.9117
7.85003
0.853035
-3.97028
-4.34699
-3.81971
-2.30002
-1.33519
0.198
1.14925
0.474108
-2.49186
-5.41796
-8.60468
-9.99694
-9.64489
-7.27527
-4.94099
-3.9058
-2.98292
21.4336
33.8954
49.0393
57.94
62.0662
61.3476
56.2738
48.2799
56.9689
66.4019
73.8073
78.3861
80.4888
80.6376
80.4742
80.5079
80.6046
80.6164
80.4844
80.1515
79.5739
79.3678
79.6264
79.8323
78.6752
75.3657
69.3735
60.1072
47.2085
32.2837
22.5047
20.778
17.0902
13.063
15.686
21.0654
25.9532
29.9359
-4.81363
-3.83104
-0.124248
3.68203
6.0027
8.01808
10.3612
11.4033
11.5061
10.6201
8.78313
5.24031
0.700643
-2.80766
-3.24878
-2.0413
-3.41536
-6.93674
-6.70434
-3.19625
-0.372152
0.143625
-1.16534
-2.28764
-1.44019
-0.973607
-1.14709
-0.749595
0.682054
0.631777
-1.31037
-2.55627
-2.64315
-3.32944
-1.60005
2.06735
3.16568
0.396522
-3.98273
-5.87039
-6.76518
-6.72408
-4.6473
-3.08609
-3.41446
-5.65006
-7.73288
-7.6733
-3.33628
2.75346
5.86919
5.63243
3.34913
1.63393
0.956958
-0.704299
-3.87256
-6.92921
-6.32008
-3.51956
-1.61557
0.539884
4.44402
6.72864
5.0442
-0.883656
-7.38941
-3.86658
-0.0696282
-0.075841
-2.78088
-6.28637
-10.0835
-13.7026
-11.6719
-7.12052
-3.32709
-1.63964
-0.929858
0.446424
9.74106
18.8913
33.5291
42.7769
51.1576
62.6096
74.2332
84.27
91.753
96.3357
97.9269
96.472
92.1037
85.5957
78.9943
74.9779
72.2111
68.5502
64.6745
60.829
55.7944
47.5873
41.2296
37.3255
34.7505
32.1151
29.4893
24.2384
19.8811
14.7771
6.61365
6.69983
6.56921
10.0823
15.7528
19.7118
23.2156
27.5382
10.62
9.05676
3.46196
-5.88828
-6.24938
2.60468
8.25619
10.913
11.1165
10.8715
11.2008
11.6321
10.1954
6.10182
0.0517251
-3.39038
-4.25943
-5.68274
-5.89102
-2.7971
-0.0281196
-0.579886
-4.64298
-8.80573
-8.69478
-6.97262
-6.30306
-4.86731
-2.56822
-1.21591
-0.214528
0.702259
0.250819
-1.65842
-2.93272
-1.3008
0.156743
0.856536
3.81175
7.33872
8.04512
4.66602
-1.72879
-5.17594
-2.02148
1.20486
1.96852
2.54157
5.03087
6.41381
4.49169
1.37328
2.88858
7.52697
10.3943
10.4686
8.11408
6.38904
8.03435
9.42877
9.48181
8.83496
7.26819
4.04824
-0.0675974
-2.61156
-3.77206
-5.82245
-9.29402
-13.2892
-12.2104
-9.23026
-7.38098
-5.43556
-1.97568
1.02036
3.56934
6.19317
7.06093
6.26409
14.5484
24.224
44.9301
60.6371
72.5002
81.6198
88.4095
93.0076
95.3536
95.267
92.3881
86.4077
76.7763
63.0413
50.9349
46.7491
42.7565
39.1131
38.852
42.6974
42.7567
41.0646
37.9785
34.9547
28.3145
22.7565
20.9079
20.3928
16.2912
6.51498
-3.56922
-5.68938
-4.69895
-3.08933
-2.677
0.644817
2.91509
3.86624
12.392
15.6435
14.9127
10.0341
2.45453
-3.07157
-1.84779
2.49366
8.26617
13.9741
18.4037
20.1491
18.9668
15.117
10.0815
5.64186
2.62884
1.51858
0.869454
3.06161
7.42893
9.70758
8.31398
3.20091
-3.74385
-8.79654
-9.08616
-2.17361
4.45181
7.62042
7.5262
7.24788
10.7114
14.7116
16.4302
16.4164
16.5477
17.7368
18.4679
17.1141
12.9947
6.33466
1.02434
1.42699
4.81994
7.75053
9.06096
9.64509
9.47406
7.4555
4.14537
2.98944
5.90771
10.2217
12.505
11.4215
7.38259
3.84693
4.83459
7.34515
8.72859
7.74425
4.26198
-0.416235
-2.23073
0.293812
2.40541
3.49395
3.51396
3.31762
4.61238
6.33678
6.51139
5.24299
4.75159
8.02584
11.9397
13.7062
12.6545
9.56265
13.9516
29.9286
46.7219
58.2136
65.4769
68.9824
69.0091
65.9451
61.0031
55.1184
49.7843
41.9692
35.2436
30.6025
28.8601
22.5295
25.0673
28.3223
34.4879
37.7951
41.1582
44.1389
47.3313
47.9441
45.6423
40.0122
30.35
21.2944
12.796
6.8277
-0.805271
3.09381
6.73881
7.5761
6.86863
7.92146
11.0459
15.5755
5.23551
9.01775
9.56778
6.88321
3.39987
2.56103
1.46987
2.41264
4.48423
4.32528
1.96232
-0.466476
-2.99645
-5.57359
-3.20434
1.97813
4.07477
2.4083
0.399966
4.10604
8.05911
8.34454
5.32654
0.446541
-3.23874
-4.35867
-3.9791
-6.02193
-8.35013
-7.17685
-0.748691
6.0158
9.52987
9.83967
8.52707
8.76834
10.3867
10.3137
8.49223
6.33712
4.41746
2.42411
3.40913
6.59543
8.08725
7.4531
5.30021
3.08772
2.1933
2.51316
4.73357
6.78632
6.54578
3.2825
-1.63844
-5.58375
-8.19575
-9.97448
-7.98348
-2.54474
2.67049
5.5724
5.21729
1.70587
-3.60023
-3.13004
3.00126
6.71815
6.93813
5.37004
4.57725
3.45995
-0.382196
-3.60621
2.74879
8.26306
9.35023
6.38392
3.41759
5.12776
7.98844
20.5379
27.7051
31.4103
29.7573
26.2467
19.6013
13.69
12.647
12.8891
24.4676
32.9029
40.6903
50.6626
59.4188
65.9604
70.2236
72.8056
74.0476
74.0243
72.9401
71.2897
69.1082
66.4093
62.0801
55.4505
46.3196
34.5463
24.6065
14.6477
12.9664
9.63346
5.67414
3.87684
4.67027
9.86876
17.5682
22.7761
2.20477
4.77027
3.75025
0.578605
-0.955602
1.08079
2.72368
1.19671
-3.4584
-8.281
-9.08088
-8.13571
-7.09061
-3.53912
-1.21385
-2.07931
-4.75797
-5.55826
-3.82386
-1.16315
0.966598
2.17171
2.55032
2.81114
3.51515
3.70205
1.43484
-4.19155
-12.4363
-16.7985
-15.9856
-7.75501
0.666039
6.26808
9.03474
9.90329
9.77284
8.7844
6.31971
3.1496
2.07928
2.04489
1.104
1.05312
3.17619
5.13105
5.84253
4.79292
1.43882
-2.94846
-3.18231
1.37635
4.5977
4.97056
3.31753
1.97927
1.41319
0.113623
-2.64174
-5.42436
-6.73142
-6.69632
-6.30905
-7.03582
-9.20288
-8.35611
-2.34025
1.44255
2.08008
2.07244
3.2128
3.35185
1.64731
-0.135867
-2.13821
-5.02955
-4.65286
-0.916442
2.92848
4.98473
7.74615
12.9523
16.4084
20.7482
23.7972
25.1479
27.6072
31.2881
44.0456
53.6482
61.1492
66.815
70.8179
73.386
74.7693
74.9805
74.5751
73.5275
71.327
67.5206
61.7492
53.8395
47.0114
43.3811
41.225
35.8018
26.7805
16.3391
7.72595
12.1758
12.4803
9.78041
3.19729
-3.8939
-1.43482
6.29795
14.4348
19.6197
1.58583
3.30834
1.77044
-2.94533
-5.45927
-3.95779
-3.02283
-3.66123
-6.00813
-8.33618
-9.06529
-8.28986
-7.18801
-6.73473
-7.82697
-9.98574
-11.1861
-10.871
-8.09126
-6.17471
-6.67764
-9.0427
-10.0176
-8.82971
-6.86692
-5.80023
-6.88313
-11.4438
-16.6135
-12.5821
-8.60731
-8.4468
-12.0744
-17.4813
-17.4267
-14.385
-9.19186
-1.50875
2.88287
3.32607
0.780336
-1.66033
-1.89982
-0.418078
1.94668
2.52381
0.224086
-4.86159
-10.3461
-11.17
-8.72703
-6.39838
-4.6673
-4.07736
-4.63879
-4.86294
-4.03562
-4.51145
-7.01856
-8.86588
-4.87167
-1.13408
-0.923651
-3.92781
-7.37389
-6.57944
-2.33101
1.09589
2.08704
2.6305
4.75436
6.43251
5.0806
0.54999
-2.88776
-0.957646
-0.158187
-1.42234
-2.23743
-0.622748
0.62264
3.75861
8.18311
22.4184
30.796
39.1778
43.7814
47.4141
50.7531
55.1594
58.9345
60.8192
60.4318
57.4685
51.1575
42.6838
31.711
22.0662
19.5036
12.9265
3.141
4.07901
5.88135
1.83904
4.72911
5.45237
6.46361
4.25373
4.22996
5.60841
2.82259
1.10206
-1.16677
-0.940289
1.40979
3.20033
4.60061
5.70183
-3.85432
-3.0982
-2.11814
-2.09238
-4.14714
-7.23611
-7.49882
-6.69277
-7.74194
-11.459
-13.5852
-7.98155
-0.673435
3.22858
2.76195
-1.59149
-8.40135
-12.6785
-12.4949
-10.3763
-8.23971
-5.74815
-3.47148
-3.09663
-4.44563
-3.24654
-0.984875
-0.88245
-3.77244
-6.95081
-5.56103
-2.60332
-1.41116
-2.31241
-5.27915
-10.6049
-14.1147
-10.7285
-6.69847
-6.59689
-10.1997
-14.0769
-9.58365
-1.27556
3.51922
4.60893
2.13858
-2.50831
-4.64116
-3.83387
-3.87886
-6.46763
-10.979
-13.7508
-13.4352
-12.1495
-11.9886
-13.7659
-13.8424
-9.31936
-6.04879
-6.38499
-9.81206
-14.6543
-19.3897
-23.6515
-23.4374
-18.3774
-14.9458
-14.0445
-14.6721
-15.4195
-13.6482
-8.36936
-2.40806
0.616321
0.100457
-3.25539
-6.13632
-6.43026
-3.96581
11.5164
24.0317
35.1391
42.408
45.5291
44.8917
40.4186
31.5855
20.4901
8.92755
7.89599
7.11072
6.18292
8.82243
-0.317186
-0.542745
-3.32541
-0.780557
9.28471
11.113
13.2485
16.774
19.0909
19.6644
16.2549
12.6458
6.9857
2.64527
0.27433
-1.72404
-5.5891
-10.2922
-7.76334
1.21157
6.50569
8.29579
8.37492
-0.693545
-2.95645
-4.31537
-7.04048
-10.4196
-9.11474
-5.95126
-5.28554
-7.64365
-11.5783
-14.159
-12.1362
-6.70652
-2.70491
-2.18392
-5.22287
-8.01233
-6.27655
-5.29139
-7.12312
-8.28326
-5.51144
-3.8877
-4.97371
-6.04827
-4.7953
-1.66752
0.260104
-0.555644
-4.56025
-9.30134
-8.70668
-6.27956
-5.0432
-5.14932
-6.20239
-7.90834
-8.61464
-8.62675
-8.62713
-7.61314
-6.64606
-7.52385
-10.6343
-13.6674
-13.6571
-12.5911
-12.0117
-12.4587
-12.4117
-11.09
-7.93947
-7.35613
-10.6722
-16.5657
-17.3452
-14.5065
-12.8081
-13.4814
-17.0868
-20.3921
-18.6763
-16.4746
-17.8388
-22.209
-25.467
-24.6386
-22.2489
-18.2084
-13.4202
-10.9703
-11.2004
-13.0601
-13.8244
-12.1034
-7.82248
-3.75828
-2.48348
-4.2234
-6.87287
0.717678
13.1655
24.3078
30.7803
32.2988
29.625
22.4714
6.69931
-7.84759
4.87705
8.70323
19.1543
27.1062
35.9912
41.3981
45.1265
46.9137
47.8187
48.3669
48.6059
48.3137
47.3965
45.7402
42.9775
38.9986
33.5863
25.849
16.654
6.57982
2.5615
1.71684
0.628231
-1.03671
-0.118288
3.39981
6.01202
6.09997
4.33758
-6.18796
-9.67779
-9.76782
-5.75517
-2.98457
-3.37862
-6.09204
-8.37223
-9.8009
-10.0626
-7.68446
-5.11186
-4.78137
-7.51027
-11.6849
-11.5274
-8.19931
-6.64132
-7.14855
-8.44045
-9.07207
-9.74061
-10.5999
-9.66119
-6.96047
-2.28878
1.23739
1.53788
-1.50422
-3.15186
1.22849
4.58804
4.41531
2.05309
-0.0742692
-1.75643
-4.43587
-7.2571
-7.96893
-4.39248
0.341097
2.37174
0.897696
-2.85817
-5.19971
-5.58352
-7.16359
-9.14271
-9.01324
-7.49004
-7.00168
-8.04776
-9.2968
-10.4017
-8.69906
-4.75549
-1.63251
-1.38782
-3.78076
-6.29338
-7.52655
-9.00802
-10.5806
-10.6476
-11.1375
-11.4658
-10.2758
-9.11679
-8.42703
-6.50376
-3.68688
-2.42517
-2.81485
-3.05651
-0.767053
1.73775
1.74738
-1.3274
-5.93452
-6.08496
-4.66321
-2.41684
5.25438
12.1429
14.2694
13.1273
11.4936
21.0535
31.8789
40.7094
46.9389
51.5384
54.4406
55.7346
55.4045
53.444
50.3181
46.5771
42.9276
39.6607
36.6528
32.6684
27.9533
22.2431
15.376
12.5408
12.8002
10.4056
5.04581
-0.65999
-3.72251
-5.86812
-4.22831
-1.86459
-1.19854
-2.80588
-3.8422
-1.86023
-3.69362
-0.883985
0.886817
2.3185
2.58427
1.55953
0.188478
-2.19419
-7.05708
-13.4313
-12.3276
-6.88253
-4.23087
-4.39581
-6.2094
-8.20145
-10.7146
-12.7765
-11.0434
-7.37895
-4.6775
-3.00195
-2.47565
-1.86975
1.49499
5.41172
6.34828
3.34753
-1.47509
-1.80587
1.14088
3.93482
5.45632
4.13039
-1.20064
-9.71123
-11.7772
-7.04457
-4.27272
-4.50215
-6.52322
-8.24267
-8.52453
-9.20619
-11.1575
-11.3981
-8.29602
-5.95519
-5.45814
-5.31858
-3.55755
-1.16112
-0.684373
-2.42214
-3.21724
0.147241
3.18721
3.56413
1.24206
-2.26898
-4.33445
-6.20326
-9.6333
-14.8916
-16.3051
-14.7315
-13.8619
-14.4609
-13.0186
-6.65817
-1.38087
0.274594
-1.4832
-4.30721
-4.33097
-2.71346
-2.42826
-4.16034
-6.55553
-6.49654
-4.55619
-0.669316
-0.858944
5.3729
14.8428
24.0148
30.6284
35.7868
40.048
42.9553
44.1492
43.2712
40.9457
36.9466
29.8577
20.4733
10.6886
4.12515
-0.317242
-1.9859
-0.418011
0.377486
3.726
4.12655
1.74836
1.33922
5.24161
7.60301
7.43262
4.69437
-0.207611
-3.53949
-2.71185
-0.646711
-0.2348
-1.73216
-3.41494
-4.57598
-1.84955
0.267328
1.19966
0.802708
-0.0334417
-0.049883
-0.851958
-3.9769
-9.06428
-12.2019
-9.96313
-3.38466
3.2853
6.2872
5.69635
2.8811
1.27138
1.98569
3.39402
4.32438
3.44157
-0.0726169
-4.98637
-6.66218
-4.00701
-1.8105
0.404303
3.02941
4.38156
3.64356
2.00062
1.21479
1.00238
1.19423
2.98867
3.94397
2.18701
-1.8855
-4.49991
-2.46753
0.0778072
0.343021
-2.62782
-7.31641
-8.99982
-6.89657
-4.43828
-1.86925
1.2448
4.28378
7.05462
7.95206
6.0703
2.43654
1.46366
4.38811
6.31702
5.81127
3.71772
1.75099
0.649778
-0.110329
-1.03843
-2.92942
-7.05971
-11.2226
-6.59552
-1.07337
1.22013
0.59307
-2.22115
-5.0403
-4.88265
-3.11899
-0.873833
0.895799
1.01604
-0.296663
-0.448547
0.914086
0.0458034
6.34113
15.3767
25.7179
32.5625
35.6337
35.1267
30.8839
22.6686
12.5299
9.27239
7.65288
6.80777
6.93414
9.27869
9.94376
12.9541
17.706
21.399
23.7935
25.8188
27.8022
29.5504
30.3214
29.2384
25.398
18.6641
10.3616
3.30242
-2.15736
-4.25581
-4.57919
-5.86048
-7.55184
-7.83571
-6.79169
-1.93428
1.87296
5.24633
6.66718
5.70044
2.80427
0.118826
-0.737554
-0.958272
-1.79996
-1.95816
-1.27963
-1.07009
-0.0250026
2.08323
4.21382
5.5907
5.57208
3.50598
0.441383
-1.18093
-1.92367
-3.98397
-7.18135
-11.0988
-11.5276
-8.84016
-7.01195
-5.76137
-3.36236
-1.28888
-1.07532
-1.37494
0.12621
3.02679
5.80077
7.47364
7.66244
6.24098
3.05848
-2.05386
-7.46753
-9.92234
-9.41633
-8.90174
-8.36648
-8.21216
-9.59016
-12.7767
-9.59455
-1.38363
3.84599
6.01051
6.46041
5.84171
4.89139
5.95779
8.99557
10.548
9.05919
5.15478
2.95844
3.92788
3.63916
1.07977
-2.48312
-5.87735
-8.53954
-6.82466
-1.46685
2.38763
3.11293
0.366091
-5.00569
-8.74199
-6.06248
-1.45655
1.26968
2.87457
4.3027
5.01001
4.19089
3.675
8.55911
18.6109
25.1229
27.5834
26.2409
20.5612
10.8763
3.28946
12.2652
22.6536
29.5923
33.3864
35.2726
36.4915
37.1846
36.8382
35.1234
33.451
33.2165
33.2855
32.7201
31.9284
31.3253
29.7049
25.9142
19.1677
9.70285
0.779654
-4.07931
-5.60642
-4.26315
-3.38528
-0.809182
2.64149
5.2484
7.60874
9.11912
-9.69668
-7.26117
-3.72196
0.349476
3.33137
4.22836
2.97951
0.834061
-1.37696
-3.19013
-4.49028
-4.78581
-4.6727
-4.58094
-4.64913
-5.77439
-8.28147
-12.0995
-13.7971
-11.2117
-8.14262
-4.34646
-0.202931
1.67519
1.03033
-0.20109
-0.791857
-2.38487
-5.69789
-6.37012
-3.89631
-3.48377
-5.2332
-6.88335
-6.35901
-5.91324
-6.37671
-7.21295
-5.5763
-1.59738
1.40224
2.07969
0.591255
-3.06547
-8.24402
-10.0537
-7.11727
-5.3427
-5.92782
-7.44772
-5.1531
0.484744
3.84885
3.85616
2.02172
-0.00759929
-2.95664
-7.33322
-7.05341
-2.04068
-0.31781
-2.4881
-6.42273
-6.57347
-4.38442
-3.31086
-4.24861
-7.23299
-10.2446
-7.72629
-3.11027
-0.83701
-1.0684
-2.27563
-1.15825
2.83515
6.09185
6.94107
5.73088
4.14833
5.23385
8.80343
12.657
14.9854
15.2921
14.8471
16.6185
26.9036
36.332
42.6627
45.7918
45.9308
43.2258
38.1418
32.6825
27.1934
21.5803
13.5586
2.8611
-2.62243
-1.8856
-3.0005
-4.56991
-4.37642
-3.10926
-1.84046
-1.09839
-2.07358
-4.03121
-6.29467
-10.8832
-10.6752
-7.386
-4.85698
-4.84446
-6.04968
-4.37335
-1.70177
-5.07049
-0.344464
1.3984
-1.03287
-6.10042
-6.81334
-2.36578
0.018739
-0.176788
-0.476042
0.798617
1.38996
-0.00328632
-1.84665
-2.76138
-2.47655
-1.66979
-1.83344
-3.80207
-7.43695
-9.55512
-5.78587
-2.14239
-1.47834
-2.82208
-4.41448
-6.08857
-7.82082
-7.43387
-4.72026
-2.71091
-2.64054
-4.58311
-7.35563
-7.54717
-4.5613
-1.77176
-1.20939
-3.38557
-6.67666
-9.24051
-11.749
-12.9445
-10.4306
-6.84822
-4.10792
-3.09125
-4.41339
-7.39267
-8.36896
-6.63178
-4.48694
-1.87284
1.39867
3.26581
2.39636
-1.33709
-6.23296
-5.86332
-2.47187
-0.18051
0.569645
0.257903
-1.2662
-4.08882
-6.37253
-6.84566
-7.63622
-6.3731
-4.06939
-3.10828
-2.93257
-1.71048
0.226315
0.837135
0.21702
0.0666766
0.667751
0.315862
-1.79126
-3.53285
-5.4633
0.307764
12.5591
22.117
30.4473
35.6246
39.3738
41.3408
41.1763
38.5015
32.7695
24.6567
15.2323
8.31984
5.60048
1.81199
3.54286
6.87109
10.0736
13.9359
19.5487
23.1401
24.6131
23.6215
20.3112
14.6259
5.57302
-2.01313
0.0439266
1.61775
0.862029
-2.77283
-5.97202
-3.33672
0.200285
0.441828
-3.1586
-7.5979
-2.99207
-0.214172
-1.02356
-4.93154
-6.5668
-2.97834
-0.77924
-1.10181
-2.32615
-3.01448
-4.63323
-6.45764
-5.75428
-4.01217
-4.25333
-6.79164
-8.48919
-8.13542
-9.06056
-12.9861
-18.0208
-17.8329
-13.3324
-9.42192
-5.16107
-0.593499
2.71442
4.16473
4.08845
2.59276
-0.783343
-5.11172
-3.66935
1.90165
5.15796
4.92999
1.20615
-4.74105
-6.62533
-2.19166
1.15356
1.30856
-0.336248
-1.72418
-2.81219
-4.40349
-4.05755
-1.1865
0.679353
0.412955
-1.51486
-4.30916
-4.2662
-0.0722782
2.69492
2.80883
1.88152
1.60932
1.38176
0.689968
0.585596
0.7914
0.507958
-0.951739
-3.79624
-7.90429
-9.38044
-4.71764
-0.846912
0.208319
0.583386
2.25659
4.16407
5.23149
4.73359
2.08533
-2.64329
-5.44658
-4.15403
0.965111
6.27558
16.7587
26.7521
33.4488
35.9069
34.3389
28.4026
18.206
10.0448
10.0608
16.6177
24.1341
29.9952
34.8365
39.3963
42.9123
45.4141
46.8122
47.0114
46.1875
44.6387
42.691
40.2348
37.1139
33.0741
27.3328
19.286
9.6957
0.99319
0.478386
0.647258
0.542646
1.66717
4.13386
6.00202
5.84363
3.67172
-6.11289
-4.3118
-2.56406
-2.27914
-4.14223
-6.08457
-6.38592
-7.6428
-11.1363
-13.7292
-13.2218
-11.8076
-11.2291
-9.92214
-5.43945
-1.40648
-0.250869
-0.894953
-0.763759
-0.418206
-2.38996
-7.164
-13.0671
-16.4227
-14.8168
-8.59026
-1.56022
3.50766
5.80474
4.91873
1.27261
-3.82784
-7.75769
-8.38016
-6.39242
-5.82106
-7.19336
-7.69651
-6.46105
-6.64154
-8.17223
-9.03645
-7.71302
-4.57771
-1.25462
-0.0901657
-1.19569
-0.910353
3.1068
5.94022
5.47675
1.78366
-4.53873
-10.4976
-10.9542
-9.78425
-8.46741
-5.31795
-1.33638
0.499932
-0.154937
-1.56057
-1.68331
-0.940327
-0.94574
-1.68793
-3.11413
-5.91874
-10.7282
-14.8717
-14.2727
-11.3558
-8.56173
-6.05545
-4.33683
-3.50465
-2.37815
-0.259268
1.35429
2.33126
2.76885
8.72324
17.357
23.3604
25.0081
22.8037
16.7655
11.8543
19.5814
28.0423
33.4954
37.0963
38.902
39.474
39.3225
38.8699
38.6919
38.0411
36.1443
32.6049
27.1465
20.3391
11.7653
1.08746
-7.31738
-6.41302
-3.38777
-4.49805
-8.77991
-13.9816
-17.1853
-15.0559
-12.626
-9.80013
-8.09284
-7.66316
-8.31419
-7.13855
-3.02346
-4.17214
-3.06624
-2.10256
-2.34678
-3.75302
-6.18189
-9.97081
-14.8801
-19.4224
-21.1225
-18.5545
-13.0204
-7.4895
-4.01174
-2.65853
-1.72002
0.187993
2.64308
3.41595
1.28502
-4.24824
-11.052
-9.64425
-5.45077
-3.85721
-3.90126
-1.9713
1.5017
3.20581
2.11964
-0.529153
-2.39876
-3.84615
-6.95839
-10.2791
-9.93403
-6.11965
-2.9635
-2.35856
-3.86563
-5.18518
-5.40374
-6.31437
-6.81237
-4.09376
0.63701
3.43899
4.0214
4.00804
5.78986
7.83075
7.54035
3.87642
-3.63229
-11.7179
-14.3604
-13.7973
-14.2701
-13.5021
-9.55491
-6.44087
-5.39549
-4.0857
-1.97813
-0.883816
-1.98214
-5.6868
-11.7739
-17.0982
-15.4683
-11.0529
-5.32774
-0.332288
2.74259
4.85483
6.35937
5.88947
3.08578
0.850848
1.59137
3.21542
5.20477
7.17643
7.57572
8.202
15.2105
23.8678
29.7917
32.7304
32.487
28.7295
21.2899
8.52054
-1.203
0.0212914
1.8366
3.3713
1.16834
-1.64315
0.478408
1.43877
0.81931
-1.4387
-3.33333
-5.34655
-6.56076
-6.85911
-9.69154
-11.4201
-12.3586
-8.90229
-3.96979
0.0540801
2.12092
1.4771
-1.43051
-4.92574
-12.4391
-17.9941
-23.3751
-23.4716
-18.7879
-14.6084
-13.2738
-14.5617
-17.2111
-18.1751
-17.0283
-15.9514
-15.3158
-13.1676
-9.82499
-7.21992
-6.9065
-7.87118
-8.43647
-8.50297
-9.68541
-12.3333
-13.5396
-11.9263
-9.67414
-7.37874
-5.55493
-5.9599
-9.88834
-16.348
-16.7194
-12.1141
-8.76185
-6.69
-5.79476
-6.86454
-9.94926
-11.2364
-8.45041
-5.90737
-6.30461
-9.59598
-12.3126
-10.5327
-8.20816
-6.8699
-5.35918
-3.65975
-3.60783
-5.10467
-5.93024
-4.16308
-2.90985
-3.40674
-3.90456
-3.57775
-4.64262
-6.82821
-6.98873
-5.20828
-3.84622
-3.91186
-6.07333
-10.0928
-12.2537
-10.8156
-10.755
-13.1127
-15.2526
-14.8232
-13.8735
-12.162
-9.3215
-6.29448
-4.11685
-2.93964
-2.68205
-2.37821
-2.52281
-3.61499
-4.33867
-3.34267
-1.92664
2.51657
6.18129
8.79979
11.737
14.2394
14.2818
10.4379
4.49358
2.85663
5.46908
8.34186
12.1232
14.4964
16.6014
17.0679
15.3991
11.8134
7.57827
3.59371
-0.359818
-0.311962
2.95047
3.66975
1.83193
-2.77869
-8.48737
-11.4833
-11.2124
-7.83612
-5.30359
-4.01219
-4.92823
-8.33679
-12.1005
-10.8235
-15.721
-17.2743
-16.2633
-15.056
-14.3802
-12.4111
-9.76681
-8.35364
-8.75023
-10.3662
-11.0341
-9.61427
-8.37059
-8.43699
-8.75664
-9.2808
-11.2874
-15.7856
-21.9097
-24.7956
-22.8388
-18.3308
-13.5849
-10.8951
-8.42911
-4.12994
-1.21441
-1.79968
-5.33222
-7.54327
-6.67144
-5.7788
-4.77843
-4.1903
-5.82689
-10.5391
-16.7327
-16.9629
-13.1094
-11.3211
-11.8626
-13.1829
-12.2981
-10.6484
-9.78515
-8.67662
-8.05771
-10.1554
-15.1625
-16.1863
-11.6947
-9.7299
-10.317
-10.6705
-10.2931
-11.3873
-13.5357
-13.9753
-11.6049
-9.11708
-7.08962
-5.40558
-3.63611
-2.12532
-1.85177
-3.28126
-6.25168
-8.82487
-9.15814
-8.76588
-9.52492
-11.2669
-12.1056
-11.2914
-10.3926
-10.7084
-10.76
-10.2022
-10.0332
-9.79014
-7.58491
-2.96554
5.34373
10.7019
12.0216
10.1542
5.36954
4.22087
11.2693
18.8858
23.679
25.7756
25.8158
24.2526
21.3041
18.2467
16.1244
14.0079
9.56242
3.24515
-2.65694
-6.60988
-5.82859
-5.89666
-7.1229
-9.82348
-13.2028
-17.2737
-20.8003
-22.1639
-16.8828
-10.0304
-5.72996
-3.51269
-2.60852
-3.18317
-5.50428
-6.04834
-9.87583
-7.52741
-5.28703
-4.35483
-4.06352
-3.98032
-5.07022
-7.89497
-12.0451
-15.3855
-13.743
-8.1548
-4.6397
-4.72225
-7.36456
-9.46352
-9.78975
-10.787
-13.1338
-14.2457
-12.1416
-10.6661
-12.1727
-14.5225
-12.559
-8.31477
-6.05264
-6.27141
-7.60303
-7.04318
-5.57546
-6.54805
-10.0256
-12.276
-11.7615
-11.988
-14.0504
-15.6547
-14.8079
-12.22
-9.14713
-6.44675
-4.65478
-4.41816
-6.19208
-9.98224
-13.2181
-14.5185
-15.8715
-17.6253
-17.8452
-17.2233
-16.694
-14.6194
-12.4568
-11.1848
-9.72764
-7.85215
-5.90227
-3.84109
-2.05595
-1.35453
-2.48148
-4.5236
-4.99638
-4.76081
-6.15838
-7.8447
-7.49771
-7.8073
-10.2639
-13.7723
-15.5328
-14.1332
-12.2901
-12.2761
-13.3745
-13.6793
-12.3105
-9.2017
-5.59698
4.84233
12.5804
17.3476
18.6284
18.8227
20.8398
24.7888
27.7481
29.2273
28.6691
25.6968
20.4246
12.3672
8.05289
3.19436
0.486629
-0.0398243
2.27562
8.07884
13.2898
16.8245
17.4286
16.2517
13.9497
10.939
6.32355
0.046043
-8.87238
-11.0986
-9.11911
-4.45209
-2.11395
-1.36608
-0.889176
-1.27041
-3.05905
-4.00544
-4.24968
-4.55979
-5.77793
-6.88884
-6.63018
-4.99961
-3.85489
-4.88061
-6.85566
-6.59254
-4.35451
-3.65119
-5.67822
-10.4114
-14.1416
-12.9335
-12.1823
-14.6193
-18.6754
-18.2828
-13.7009
-10.8622
-11.2669
-14.1813
-15.6562
-14.8506
-13.6296
-11.274
-8.88001
-8.32609
-9.44314
-9.4888
-7.57509
-6.81476
-8.0047
-8.92315
-7.87414
-7.50332
-9.28647
-11.7775
-10.7208
-6.64519
-4.17071
-4.50971
-7.20929
-11.0402
-15.0576
-18.3394
-17.4977
-12.5193
-7.52651
-4.06425
-3.01153
-3.98397
-4.74018
-4.25097
-4.23132
-5.43882
-6.7666
-8.66117
-11.7696
-13.4439
-11.7396
-9.81331
-7.64062
-5.19073
-3.86986
-4.20248
-5.77046
-7.13323
-6.83958
-6.02062
-6.67737
-8.16738
-9.02825
-9.94809
-11.4447
-11.3803
-9.55276
-7.43781
-1.68403
6.1633
13.7226
22.0613
28.6729
32.5497
33.238
30.4698
24.3418
15.85
14.3343
21.6628
27.378
30.3807
31.3445
31.5754
32.0305
32.6498
33.0005
32.9842
32.8158
31.8495
29.5593
25.6734
21.2728
18.1197
15.4726
11.6558
7.03767
0.723087
-3.31664
-5.83408
-8.37965
-11.1297
-11.4467
-8.6264
-5.25691
-2.03183
-5.89468
-3.30767
-0.707617
0.478819
-1.14991
-6.07937
-12.4385
-14.1764
-13.2221
-13.5463
-15.3349
-15.6835
-12.5018
-9.33659
-8.72018
-10.4964
-11.9698
-10.6258
-9.29313
-8.42755
-6.89479
-6.07302
-8.11198
-13.7844
-17.5582
-13.4236
-10.0322
-9.36554
-8.81011
-7.24326
-6.23285
-6.183
-7.16307
-9.51557
-12.6287
-13.5555
-13.2195
-13.8365
-13.9235
-11.8218
-9.63358
-8.99572
-9.51959
-10.0147
-9.24585
-8.49124
-8.77348
-10.0905
-11.2239
-10.3318
-7.38978
-4.82034
-4.29046
-6.04629
-8.45493
-9.30706
-9.20458
-10.1677
-11.4962
-11.6918
-11.3241
-8.76636
-4.55591
-1.91833
-2.18183
-5.26608
-9.86162
-14.5757
-16.5826
-14.113
-9.93113
-7.24813
-6.48284
-7.76703
-10.3195
-12.0314
-10.687
-9.28324
-9.65731
-9.51472
0.8588
14.6062
24.5418
30.1337
31.9397
29.9483
25.238
25.9434
34.5822
41.3189
44.7796
45.7692
44.8627
42.2916
38.0187
31.7625
25.7609
21.2003
16.2354
10.3196
4.64626
3.09281
3.43915
3.79303
5.17661
6.57887
7.30317
5.43167
-0.485696
-7.28718
-14.1755
-17.3574
-19.417
-16.8181
-10.0661
-3.86043
-0.265275
1.60496
-5.71147
-4.11955
-2.25466
-2.32089
-5.10588
-10.6575
-16.5498
-16.5002
-11.5185
-8.14106
-7.91133
-10.6631
-13.1865
-12.0092
-9.77683
-8.1726
-6.56514
-4.94121
-3.80105
-2.21258
-0.0918625
0.119055
-2.92014
-8.43201
-10.3374
-8.63033
-9.06124
-12.0767
-14.0627
-13.5523
-13.7273
-14.9248
-14.7841
-14.4659
-15.0744
-13.6548
-10.766
-9.27909
-9.03696
-9.05123
-9.70645
-11.9933
-15.6093
-17.1172
-14.1319
-11.0757
-10.2046
-10.9228
-12.1402
-13.0943
-13.775
-13.8975
-13.1456
-10.081
-5.68158
-2.10605
-0.729121
-1.75077
-4.59788
-6.60466
-6.16349
-5.44547
-5.20879
-4.84247
-4.88936
-5.79308
-7.23723
-8.4519
-9.25309
-8.82898
-8.5306
-9.62819
-10.3478
-8.45856
-6.61822
-6.85837
-8.8429
-10.6583
-11.5321
-12.0332
3.72555
20.6455
32.3703
38.7333
41.3681
42.9374
45.4856
48.0697
48.7529
47.0281
42.6381
35.3674
26.2366
21.1968
25.9922
32.3845
36.8091
39.3779
40.6565
41.4912
42.0354
42.2223
42.0536
41.5957
40.2714
37.3806
32.3597
24.5664
13.7953
-1.02535
-12.2255
-16.8328
-19.6035
-12.4093
-3.96991
1.58669
6.1329
9.19118
-2.62922
-3.9449
-5.34412
-5.39937
-5.50767
-7.6843
-11.5383
-14.3979
-15.7258
-16.8545
-17.8487
-17.0114
-12.717
-7.83459
-6.01944
-7.14397
-9.14044
-10.1164
-11.6425
-14.4324
-15.5238
-13.8619
-12.4922
-12.7551
-14.2972
-16.1427
-17.641
-18.8438
-19.6468
-17.5488
-12.7446
-9.41211
-9.13973
-11.92
-15.6455
-16.0084
-14.5933
-14.8529
-17.2979
-17.8215
-14.482
-11.6029
-11.1032
-12.5132
-13.3348
-11.7182
-10.1271
-10.623
-12.1471
-12.0574
-11.0716
-11.9483
-14.158
-11.8077
-6.61876
-4.02597
-4.77373
-8.57166
-14.3569
-18.9633
-16.8687
-13.2883
-11.5023
-10.7902
-10.6811
-12.09
-14.5285
-14.2965
-11.8017
-10.9618
-11.9007
-13.0549
-13.0112
-10.9018
-8.73869
-8.18032
-8.73355
-9.53646
-11.1461
-11.6636
-0.545652
15.5319
32.6838
44.3037
51.0841
53.5336
52.0523
46.9
39.7721
38.3484
45.3216
50.9642
53.6732
54.1119
53.0751
51.1044
48.3791
45.3739
42.6391
40.216
38.2195
36.1111
33.4782
30.196
26.3723
22.116
17.2315
12.232
5.33671
-3.26636
-4.34475
-5.02033
-6.61021
-7.06497
-3.56252
2.48827
8.40511
12.3318
-3.38476
-7.69376
-10.1679
-9.50805
-8.22517
-6.59855
-5.50014
-5.56859
-6.6835
-9.05458
-13.1823
-18.8776
-17.7539
-12.3081
-9.36874
-9.51032
-11.2211
-10.7635
-9.06966
-9.37336
-10.6602
-10.0405
-9.20357
-10.3585
-12.2322
-11.2389
-8.97393
-7.75931
-8.24129
-10.58
-14.0921
-16.8752
-17.8393
-17.9845
-16.575
-14.78
-14.5431
-15.082
-12.7342
-9.19838
-8.11556
-10.0734
-13.345
-14.5395
-13.1923
-11.0813
-9.88788
-10.2805
-10.9504
-11.28
-11.9828
-12.3082
-11.7347
-11.9767
-14.4965
-19.231
-22.739
-20.4542
-17.5831
-14.6795
-10.4091
-7.32525
-7.61349
-11.5646
-16.3647
-15.1648
-12.4161
-9.78834
-7.87032
-7.78945
-10.2955
-13.0586
-11.0305
-8.07173
-6.39779
-6.01012
-6.72763
-8.57033
-10.7
-10.9272
-3.49389
23.1563
39.913
49.7081
53.8918
53.5025
51.0111
54.0084
60.4121
64.6475
65.981
64.5296
60.3266
53.5346
44.7248
34.9116
30.6037
34.9822
41.8485
47.1544
50.6797
52.3771
53.0565
53.1068
52.1569
49.3489
43.7739
34.7626
22.0079
6.31595
-6.37141
-12.6541
-15.3664
-15.822
-10.399
-2.35341
3.42954
7.61199
-5.17475
-6.3266
-8.01591
-8.65269
-7.16712
-5.13389
-3.78931
-3.25477
-2.82206
-2.94027
-4.51638
-6.57413
-6.01216
-1.8405
1.29941
2.24583
1.55598
0.221865
-1.18495
-2.95321
-5.45165
-7.86971
-8.1507
-7.98249
-8.77414
-8.88312
-6.33241
-3.70422
-3.29596
-4.12259
-2.87009
-0.805976
-1.1395
-4.55155
-9.75984
-13.1763
-13.682
-11.9214
-9.1248
-7.01324
-4.90062
-2.4219
-1.5172
-3.78572
-8.53459
-10.0258
-6.80886
-4.23066
-3.60023
-4.69744
-6.62144
-7.40084
-5.66946
-4.15313
-5.10468
-8.06255
-7.74728
-3.64969
-1.57621
-2.6429
-4.29498
-2.9661
-0.871016
-0.891167
-2.91278
-4.93176
-4.57224
-2.76372
-2.23087
-4.08651
-7.86948
-10.5413
-10.2448
-8.21991
-5.26573
-3.47002
-3.94735
-5.8741
-6.55649
-5.1288
2.30653
23.6324
38.9116
47.6722
52.683
57.8465
63.6681
67.7306
68.6083
65.9836
59.884
51.0437
46.3532
51.3674
57.8533
62.4164
65.5912
67.6884
68.6315
68.2702
66.5853
63.845
60.3245
56.6635
53.256
49.4193
43.7085
35.0452
24.0152
13.3133
6.0895
1.96926
-2.70887
-8.04206
-7.27579
-1.84937
2.27931
3.98364
-5.54912
-8.8527
-11.8018
-9.96727
-6.07645
-4.18141
-4.94483
-7.21139
-9.73818
-11.651
-10.692
-8.31141
-6.41046
-4.68633
-3.038
-1.84307
-1.02421
-0.759991
-1.15233
-1.57715
-2.24033
-4.21291
-5.71426
-3.73389
-1.87157
-2.85168
-7.01146
-11.7479
-10.3105
-6.3017
-4.33554
-4.6448
-7.11425
-11.8625
-17.2806
-16.2712
-9.28834
-4.06898
-2.08229
-3.1131
-5.31708
-5.21897
-4.40267
-5.5198
-9.03348
-13.0395
-13.8555
-11.7828
-8.84213
-7.53104
-8.22484
-9.53041
-8.60873
-6.55458
-6.54659
-8.9339
-12.2374
-13.0279
-10.9854
-7.88168
-5.33981
-3.65689
-2.56385
-2.57477
-3.68934
-4.08971
-3.54691
-4.25908
-7.24653
-9.73825
-7.48843
-4.18484
-2.7475
-3.85535
-6.72561
-8.84982
-8.75174
-7.81079
-6.44271
-5.18748
-0.182506
9.16324
22.7287
34.431
42.642
47.8737
50.2604
49.8927
48.3256
48.9676
51.9222
54.396
55.5296
56.494
57.7553
58.4698
57.5731
54.4993
49.0627
41.1338
32.0993
25.8376
25.4796
25.2247
23.49
19.426
13.2241
5.89844
-1.37538
-4.03087
-4.00979
-2.57904
-3.00671
-2.2228
1.35572
4.2351
4.42543
2.0491
4.58879
3.68169
1.98553
1.01811
1.69476
1.53635
-1.13693
-6.041
-10.1866
-10.8427
-8.23264
-3.84228
-0.389864
0.892669
0.475651
0.175427
1.28257
2.75365
4.11019
5.08799
4.79571
2.49988
-0.989399
-3.19145
-3.51872
-2.19018
0.976127
4.03547
5.20937
3.92159
0.275722
-4.63722
-7.45665
-6.70484
-5.45855
-3.64352
0.518577
4.11726
5.66741
5.55772
4.52109
3.63881
4.16198
4.88903
3.59502
-0.123682
-4.17531
-5.83361
-5.54903
-4.44544
-3.67509
-3.42373
-2.52226
-1.43403
-0.771933
1.2225
5.19542
8.31526
9.17287
7.75245
5.00597
3.1717
2.36903
0.672794
-1.66203
-0.766167
1.88143
1.96473
-1.38347
-4.79042
-3.65719
-2.75848
-3.1624
-2.6588
-1.71748
-2.64559
-5.25975
-7.34634
-7.01462
-4.06522
1.84268
11.985
22.029
28.3783
31.4072
35.4712
41.547
47.1268
50.2937
50.7117
48.3107
43.1184
35.5754
30.9387
34.8536
39.3722
42.2337
44.0162
45.1845
45.7151
45.4214
44.2589
42.1153
38.8316
34.5139
29.473
23.3795
17.0925
10.9256
4.11899
-0.280762
-0.84034
-1.49219
-2.2887
-0.955005
0.423676
-0.954826
-4.89264
6.8123
4.25147
-0.277164
-4.42804
-6.28597
-5.99743
-5.64168
-5.85599
-6.25391
-6.24633
-4.43494
-1.4375
0.134862
-0.563281
-1.65234
-0.3349
1.11282
0.442139
-1.30581
-0.956345
0.723222
1.30433
0.119708
-2.55108
-5.88178
-5.22372
-0.206305
3.42977
4.12954
3.16043
3.4435
5.11123
5.42574
3.78728
1.57316
1.53552
3.80957
5.11107
3.85503
0.755109
-1.35702
-1.31785
-0.809845
-0.583113
-0.846402
-1.12942
0.171027
1.93408
1.93648
-1.07992
-7.36346
-14.0105
-13.748
-7.73072
-2.50319
0.819409
2.17312
1.59302
-0.257851
-1.25844
0.956874
4.02403
5.58688
5.99804
5.76688
4.47538
1.23747
-2.05038
-1.76059
1.0055
4.71187
7.72546
8.53628
6.59804
1.97512
-3.85188
-6.12029
-4.72779
-4.13552
-3.70419
3.03362
14.3467
24.8082
34.3431
41.0829
45.037
46.1317
44.5147
41.1819
40.4575
44.0046
47.7477
50.0439
50.7819
49.9745
47.8133
44.6332
40.9437
37.4326
33.9112
30.1013
25.0148
20.4484
17.3531
14.6682
11.9672
9.79102
6.36813
1.47937
-2.43218
-6.41841
-7.23451
-2.92684
1.82623
3.95523
3.58379
2.03186
0.567366
-2.9029
-1.27286
2.77337
6.04265
6.68954
5.44345
4.48473
3.97642
1.46147
-3.48435
-6.45909
-5.81735
-5.38366
-3.57629
0.194455
2.35655
1.6399
-0.57442
-1.74689
-1.79559
-2.18746
-2.91273
-3.77091
-4.52941
-4.98858
-4.14701
-0.851844
1.91954
2.17595
0.41101
-0.0852141
2.55169
4.64301
4.7285
3.50014
2.04981
0.427836
-0.924296
0.0241983
1.4909
0.966892
-1.95908
-4.91334
-3.51354
-0.829098
0.934598
2.4548
4.42312
5.48707
4.71033
3.03373
1.79718
0.926589
0.765426
2.80062
5.44757
6.04482
3.95066
-0.0468305
-2.752
-2.51777
-1.53641
-0.91383
-1.06094
-2.51714
-5.86854
-9.69971
-9.06072
-3.60702
0.295149
2.3466
3.03089
2.3011
0.133193
-2.36843
-4.09305
-5.38519
-6.32832
-6.93481
-4.7001
3.36043
13.2749
22.1573
29.2077
33.4222
35.1254
37.0197
41.5323
46.2543
48.8685
48.918
46.6026
42.6058
37.9588
34.0461
34.119
37.0138
39.2436
40.0013
39.6192
38.6326
37.453
35.9078
33.8167
30.4822
25.7109
19.8319
13.9252
8.01529
1.25868
-4.63182
-4.1836
0.16564
2.81105
2.42277
-0.371321
-3.69639
-5.69997
7.06924
7.02379
6.8383
6.95569
6.84191
7.55047
8.66098
7.92117
4.85454
2.02303
1.49333
0.0828296
-2.31564
-0.365523
4.16037
6.16121
4.8384
1.79399
1.17593
2.11867
1.60127
1.49957
3.51874
4.47116
2.28969
-2.96462
-8.34197
-9.19555
-6.91812
-4.2993
-2.65731
-2.19568
-2.72652
-3.10194
-2.88562
-3.54534
-6.28249
-7.64409
-2.50656
1.90932
3.20796
2.71508
1.9572
2.04267
3.66684
5.88351
7.15212
7.02438
6.03232
4.52896
2.68972
1.52907
1.29551
1.49979
2.06203
2.60336
1.83195
-0.332034
-2.67379
-4.67959
-5.67271
-2.47032
2.9516
6.6618
7.57506
5.90878
2.68915
0.68181
0.820086
2.54018
5.14282
7.02682
6.43643
2.74895
-2.65963
-4.89828
-4.03699
-3.58129
-3.03107
-0.652722
6.31387
18.002
27.5755
34.2153
38.3339
41.2717
43.204
43.3676
41.3656
38.6325
38.716
41.0184
42.6594
43.5995
43.9921
43.6255
42.1017
39.4662
36.1652
31.9316
26.8267
20.4984
14.7895
11.6658
10.6033
7.62117
2.86851
-1.29716
-0.606354
-0.378929
-0.306493
1.67477
5.77643
8.66159
8.17406
3.61145
-4.57987
-10.3791
3.57335
-0.435645
-2.33426
0.709638
3.80201
4.20696
1.71759
-2.53755
-5.71779
-6.21006
-5.32539
-3.8897
-2.55704
-0.50799
1.83835
2.66076
1.25894
-0.719583
-0.552043
-0.284748
-1.9643
-3.93596
-1.65981
1.66926
2.90373
2.19327
0.532642
-1.59909
-3.89876
-5.34197
-4.78397
-4.30833
-4.71835
-4.45167
-3.0003
-2.02669
-1.75207
-1.87844
-2.95679
-5.89764
-7.926
-5.0892
-1.83018
-1.14423
-2.91522
-5.90448
-7.30965
-5.46421
-2.90602
-2.475
-3.70029
-2.66572
0.87396
3.93245
5.9453
6.89539
6.84123
6.33522
5.30564
2.85716
1.40314
3.73157
5.75056
5.01975
2.40812
0.214587
-0.661736
-1.46391
-2.88129
-3.33666
0.345936
4.77072
6.30339
4.36507
-0.265371
-3.82178
-3.45155
-2.39451
-2.06557
-1.04794
4.97227
15.3591
26.1383
33.7504
38.2255
40.1494
41.3711
44.3115
47.5189
49.1798
48.5848
45.7105
41.1306
36.8848
36.0465
37.6273
38.7682
38.8677
38.4394
37.6337
36.4692
34.7945
32.3902
29.5571
26.8894
23.5118
17.6725
9.39873
2.94001
0.372294
0.0127111
1.15358
2.46581
3.36753
2.92532
0.557761
-2.06852
-1.82873
1.88947
-0.664553
-4.58973
-4.88628
-3.32833
-3.63385
-6.05568
-9.56546
-11.4564
-11.8073
-12.3018
-12.8577
-12.691
-11.2972
-9.37895
-7.37688
-6.21797
-6.39039
-8.27546
-11.1354
-12.5329
-10.4535
-6.96927
-3.89888
-2.85392
-4.22244
-7.44497
-10.511
-10.2415
-7.6935
-6.78427
-8.7378
-11.7375
-11.324
-9.44963
-9.16065
-9.00615
-7.44211
-6.45773
-7.51066
-10.4077
-12.627
-10.5948
-7.20215
-5.19154
-4.5612
-4.99058
-6.37262
-6.35076
-4.37026
-3.79255
-5.36175
-7.49486
-8.19337
-8.33396
-8.11991
-6.96154
-5.2139
-3.68007
-3.28308
-2.52988
-0.472815
0.92855
0.235789
-2.37213
-5.43092
-6.23557
-3.58674
-1.02948
0.303338
0.770818
0.158342
-1.37366
-2.07897
-1.36309
-0.574821
-0.664682
-1.20658
-2.25951
-3.22154
4.43099
23.3849
37.1036
45.6745
50.4582
53.6241
55.6829
55.7408
52.9607
48.066
47.0058
51.1742
54.379
55.1696
53.7921
50.6115
46.0957
40.8397
35.7589
31.2316
26.8092
22.1323
19.5293
18.8979
17.4166
14.1905
10.1318
6.4972
3.54108
0.179063
-3.93407
-5.5318
-4.6679
-4.08088
-3.58659
-2.80709
-2.19879
-2.27982
4.62698
5.77828
3.98363
-0.809618
-5.80354
-6.89242
-6.91619
-6.18204
-3.34382
-0.305907
0.68101
-0.449238
-2.03596
-2.14285
-0.0060893
3.68878
6.27907
6.30672
4.31448
3.02064
4.0324
5.06343
4.52251
2.91131
2.80591
4.11865
3.78143
1.3367
1.19811
4.06396
4.52648
0.800705
-7.17084
-13.2216
-9.29257
-3.95901
-0.600543
1.0788
2.29147
2.94582
2.26212
0.355211
-1.82885
-3.79821
-5.56225
-5.9447
-5.58182
-4.69408
-2.85865
-1.64484
-1.90549
-1.89091
-1.00801
-1.21268
-1.96876
-0.516104
1.64208
1.76463
0.505126
-0.400796
-1.0716
-2.99172
-3.37679
-1.11228
0.590003
0.563292
0.0882995
0.665224
1.32425
0.556066
-2.18783
-5.00619
-5.18452
-3.37335
-0.564741
3.36693
6.58793
7.49337
5.91285
2.54485
9.60802
25.4132
37.7086
46.0232
51.1902
53.0777
51.827
49.0864
49.4757
53.2628
55.8415
55.9467
53.7011
49.6634
44.8859
41.4861
40.0842
39.189
38.2255
37.4217
36.8084
36.4697
36.2177
35.2772
32.9527
28.8796
22.4095
14.1054
7.03674
4.54231
4.62975
5.55799
6.28596
5.74082
4.25323
2.81318
1.57212
0.321849
6.34339
7.70972
6.77151
2.9134
-2.1425
-4.18811
-3.98946
-3.17016
-1.17454
0.711987
1.13062
0.497504
-0.0528493
-0.534456
-0.384983
2.92607
7.38081
9.34489
7.93654
3.61238
-0.198806
0.27997
1.56067
1.79102
1.97574
2.25283
1.20727
-1.36451
-2.75007
-1.44317
-0.527314
-1.86234
-5.17401
-8.41436
-7.89163
-4.77504
-2.19377
-0.484852
0.383784
-0.0873187
-1.44427
-1.65935
-0.491354
-0.0485599
-0.471933
-1.02469
-2.73227
-5.82347
-7.10151
-4.42116
-1.76062
0.593345
2.71547
4.04441
3.86573
2.67951
1.60278
1.09492
1.28089
2.37864
3.73434
3.92395
2.59705
1.55986
2.71796
3.77226
2.42471
-0.663653
-0.818422
2.45615
5.22487
5.84544
4.0904
1.15054
0.442121
1.835
2.44539
2.7217
3.10119
3.03487
6.39942
19.4102
32.4259
40.9789
46.1378
49.9594
52.6336
53.458
52.1732
50.5418
51.6972
54.1585
55.2076
54.302
52.07
49.2302
45.8757
41.634
36.9789
34.0966
33.4353
33.5104
33.7379
33.9156
33.2236
30.5963
25.3397
17.8101
11.2496
8.32082
7.39454
8.28344
9.74236
9.98097
8.14394
4.91858
3.92428
5.17621
-0.496349
0.243003
-1.16708
-3.05239
-4.03751
-5.44292
-8.97863
-13.6862
-14.5694
-11.0519
-7.0178
-3.62374
-1.5665
-1.05387
-1.40864
-2.13838
-3.00891
-4.09005
-5.60036
-8.06696
-10.6341
-9.21714
-4.8049
-1.5453
-0.998363
-2.74061
-4.94267
-5.2001
-4.29951
-3.78024
-4.44968
-6.24376
-7.61304
-7.17368
-6.35071
-6.84953
-8.06115
-8.24556
-7.60081
-7.23714
-7.5136
-7.55392
-6.2863
-4.57952
-3.55068
-2.38213
-1.36749
-1.8962
-3.26327
-3.77577
-4.27287
-5.90108
-6.49352
-5.43869
-5.6187
-8.29836
-12.8243
-14.3932
-10.8812
-6.02303
-2.31527
0.213141
1.68234
1.86807
0.276301
-3.14655
-5.68329
-4.25083
-2.4411
-2.68792
-4.124
-4.85945
-5.50205
-6.53303
-7.53752
-9.02715
-11.3848
-11.4614
-8.02731
-3.66009
2.64147
12.6031
24.9122
34.8694
41.4804
44.7033
45.3273
46.998
52.6013
57.6631
59.619
58.2731
54.0261
48.5625
46.4091
48.8782
52.0911
53.8441
53.8568
52.2268
49.4668
46.1886
43.0774
40.8813
39.2139
36.4543
31.0682
22.535
12.2455
4.24537
0.306858
-3.67876
-8.26078
-10.0882
-8.49759
-3.8504
2.18061
6.2668
-3.84493
-6.44566
-8.70954
-7.0753
-3.78747
-2.3681
-3.59048
-6.71847
-8.26838
-6.58672
-5.11983
-5.44372
-6.32545
-6.6107
-6.6874
-6.94096
-6.81308
-5.80439
-4.59527
-3.66528
-3.04542
-2.82986
-2.74392
-2.77244
-3.24553
-4.6322
-6.61699
-7.60908
-6.69782
-6.36785
-8.80379
-12.1442
-9.88257
-4.22832
-0.718469
0.0829378
-1.11857
-3.44527
-5.94609
-7.60078
-7.42099
-6.69845
-6.12552
-4.74556
-2.38051
-0.852148
-1.29668
-2.89032
-4.30222
-5.99027
-8.98745
-11.1708
-9.70995
-6.571
-4.13575
-4.12439
-6.96987
-11.4981
-12.4626
-9.58606
-7.51111
-6.55135
-5.10035
-3.98008
-4.81667
-7.54946
-7.85097
-4.6828
-2.6507
-3.12512
-5.07013
-6.81688
-7.5872
-6.98481
-4.77114
-2.66376
-1.84666
-2.61192
-4.60238
-5.17103
-0.849339
5.68064
11.7026
17.2346
22.758
30.0467
37.1281
42.4018
45.02
44.955
43.2527
43.0659
46.1263
49.5342
51.3468
51.6611
50.7984
48.8568
45.7796
42.0881
39.1604
37.7141
37.2042
36.7162
35.1977
32.3181
27.8536
21.8937
14.2059
5.3891
-1.40553
-3.46107
-3.59645
-2.89507
-2.61819
-3.00085
-0.875196
3.33055
-3.65855
-4.84614
-5.64198
-6.72963
-8.32426
-8.46266
-7.25095
-6.29195
-5.9376
-6.40023
-8.00339
-9.7175
-8.60921
-5.65795
-4.46412
-5.15741
-5.45302
-4.04708
-3.19111
-3.27993
-2.33795
-0.92843
-1.00789
-2.37354
-2.29151
-1.07375
-0.919104
-1.48416
-0.203395
2.42043
3.67228
2.72861
0.0110158
-3.42858
-7.13315
-9.26484
-7.42637
-4.68941
-3.9102
-5.1555
-7.70773
-10.7165
-10.5966
-6.69891
-3.97054
-4.19926
-6.67023
-9.28522
-10.6051
-10.8803
-9.61822
-7.47385
-5.80907
-5.17381
-5.71511
-6.81998
-7.16481
-7.19798
-8.17952
-9.73994
-11.085
-11.9972
-12.705
-13.038
-12.908
-12.2142
-11.69
-11.8648
-12.069
-11.5631
-11.0027
-10.7155
-9.33462
-6.18816
-2.9179
-0.291004
0.843876
-0.21011
-3.47134
-6.4049
-4.14245
2.70734
9.84318
16.3817
21.7051
25.0904
27.9105
32.9302
38.1145
40.932
40.7909
38.5982
36.9841
38.2392
41.3005
44.4346
46.9897
48.5385
48.8748
47.884
45.5293
42.0909
38.5014
35.5597
32.8577
29.406
24.4342
17.8848
10.5304
3.01435
-3.13707
-5.68905
-5.02405
-2.56
-1.94929
-3.4997
-4.36288
-1.34909
-4.38452
-1.89149
-0.789437
-2.66795
-7.25078
-10.0544
-8.84934
-8.48387
-9.94908
-9.37098
-6.03605
-3.88012
-4.16544
-5.73722
-6.42749
-6.71405
-8.3049
-10.1668
-9.65157
-8.22015
-7.46967
-7.69036
-9.59906
-13.2936
-16.2845
-14.2157
-10.9991
-8.66586
-6.45024
-4.14871
-3.1528
-4.44196
-7.53315
-9.48876
-9.04746
-9.2702
-11.6795
-13.7124
-12.1165
-10.3221
-10.6163
-12.8497
-13.8971
-10.3503
-5.88532
-3.71791
-3.46881
-3.80796
-3.89416
-4.02556
-4.376
-5.12924
-6.1966
-7.26844
-8.74553
-9.57168
-6.56036
-2.24178
-0.196955
-1.08393
-4.5283
-8.22342
-8.88576
-7.48109
-5.92573
-4.73594
-4.83889
-6.64361
-8.98151
-10.5173
-11.4719
-12.2971
-11.6646
-8.82841
-6.57605
-6.33187
-7.5384
-9.36159
-11.6745
-11.0826
-5.06377
2.98836
11.6619
19.4255
25.6483
30.2239
32.8138
33.8819
35.1507
37.9092
40.668
42.0895
41.8289
40.3651
38.7124
37.5105
36.9041
36.8774
37.6296
38.5512
38.6742
37.7346
36.1638
34.3122
31.9016
28.0823
22.0151
13.5172
2.64907
-7.98649
-13.7096
-13.8936
-10.186
-5.27912
-1.62495
0.233985
0.944468
0.954275
-6.78518
-8.54759
-10.041
-9.21179
-7.61718
-6.96597
-6.1043
-4.6761
-4.41766
-6.01108
-8.3866
-10.0181
-10.5175
-9.8896
-8.89692
-8.05385
-7.96747
-7.98983
-6.61466
-5.18301
-5.36026
-6.6008
-6.67211
-4.69194
-2.79049
-3.23356
-6.92808
-11.1096
-8.50998
-3.89853
-1.56166
-1.25687
-1.85913
-1.47969
-0.345155
-0.405601
-2.36691
-4.69332
-5.23185
-5.77933
-7.37318
-7.57054
-6.16852
-6.07493
-8.36448
-11.0749
-10.6061
-8.65819
-8.07926
-9.51231
-11.7416
-11.9041
-9.2264
-6.11558
-3.8345
-3.24563
-4.6744
-7.22828
-7.71024
-6.0887
-5.33061
-5.85011
-6.36682
-6.63951
-7.36005
-8.01603
-7.39558
-6.75242
-7.679
-10.0475
-12.2704
-13.4205
-12.7278
-10.3583
-7.71777
-4.67408
-2.19753
-1.82966
-3.67813
-4.97368
-2.30854
3.81556
11.3365
18.656
23.9851
27.139
29.447
32.8132
36.4863
38.4595
38.1973
36.3926
34.8272
34.9572
36.3911
37.8543
38.6362
38.3167
37.1326
35.3519
33.168
30.5172
27.4578
24.2928
20.9193
16.9934
11.59
4.6214
-2.0803
-4.94407
-6.99859
-6.39316
-4.05046
-2.40811
-1.64091
-0.45468
1.53558
2.80601
-3.544
-3.95702
-3.18705
-1.31964
0.194258
-0.0181356
-2.25899
-5.13066
-6.72875
-7.3133
-6.90785
-6.30888
-6.99725
-9.16267
-11.4808
-11.8952
-9.94679
-7.33777
-6.13648
-7.02149
-8.05693
-6.67482
-4.52517
-3.10567
-1.98233
-1.02976
-0.533265
-0.333885
-0.279331
-0.685593
-2.05452
-4.02175
-4.68422
-2.52957
0.121013
0.543304
-2.04695
-6.54454
-9.9568
-10.9602
-9.37009
-5.03644
-1.70604
-0.815472
-1.52244
-1.29604
-0.168389
-0.565894
-3.31387
-6.89221
-7.38175
-4.58533
-2.24588
-1.86266
-2.90204
-4.06295
-4.52477
-3.10589
0.151457
2.50306
2.75802
1.43346
-0.526338
-2.89046
-5.5153
-6.63943
-5.40635
-4.09843
-4.63079
-7.10623
-8.92539
-5.8307
-1.4644
0.661171
0.144704
-1.24064
-1.5209
-1.86199
-3.59385
-5.41288
-3.61821
3.31714
11.2128
17.8091
23.0102
26.9018
28.6741
29.3766
31.2486
34.754
37.2977
37.5754
35.7785
32.8711
31.4554
32.6105
34.6191
35.9232
36.2673
35.373
33.4964
31.3213
29.1456
26.2204
22.0669
17.1842
11.6912
5.19937
-2.56437
-7.66542
-5.53791
-3.60764
-4.02986
-5.61192
-5.47991
-3.82107
-2.67258
-2.7864
-6.31798
-5.64198
-4.4042
-4.34509
-4.9309
-5.08126
-5.71714
-6.9244
-6.60285
-4.97784
-4.10387
-4.65619
-6.25448
-8.59823
-11.3542
-13.4122
-12.6992
-10.8761
-9.47028
-7.03369
-3.72172
-1.55658
-1.36463
-2.43784
-2.82476
-1.6197
-0.0213528
1.32188
2.1663
2.35607
2.0435
0.898126
-1.37588
-3.19714
-2.70072
-2.6864
-4.81029
-7.33533
-7.33181
-6.02019
-5.33322
-4.55495
-1.6225
1.44591
2.29973
0.469302
-2.62859
-5.19729
-7.33699
-8.49323
-5.81672
-2.45719
-1.72227
-3.97907
-6.59147
-5.23763
-2.6451
-1.22357
-0.496629
-0.371872
-1.50147
-4.19022
-7.3892
-8.91725
-7.23647
-4.34361
-3.03804
-3.88809
-6.31862
-9.54269
-12.106
-11.1502
-7.16422
-3.35765
-1.2827
-1.66028
-4.27001
-6.93872
-6.60232
-4.54705
-1.43439
3.615
10.1268
15.3868
18.8293
20.9149
23.6466
27.5816
30.2372
30.3979
28.5352
27.86
30.2428
33.0283
34.3542
33.8568
31.8409
28.269
23.5725
18.8078
15.9119
16.6166
18.9795
20.8607
21.1603
19.3929
15.4229
9.23319
1.30248
-6.63606
-10.4069
-7.17683
-3.9467
-2.47165
-2.12484
-1.95953
-2.13076
-2.06809
-6.40255
-7.76771
-10.3227
-10.209
-6.18756
-2.1116
-0.410115
-1.15942
-3.71122
-7.37534
-11.8492
-14.1147
-10.7484
-7.68161
-7.44159
-9.83822
-12.7268
-12.7042
-10.5289
-7.76365
-5.43404
-3.52194
-1.92921
-1.29645
-2.29734
-4.81171
-6.8401
-5.79505
-2.95365
-1.21028
-1.77425
-4.09844
-5.53343
-3.96398
-1.65296
-0.527829
-1.3928
-3.92261
-5.90446
-5.08941
-2.78607
-0.993564
-0.022291
0.316531
-0.107513
-1.55256
-3.29602
-3.69994
-3.81683
-5.45953
-8.05743
-8.95012
-8.23174
-6.81576
-3.33714
0.279299
1.40308
-0.127678
-2.37412
-3.5616
-4.93341
-7.18643
-9.11492
-9.01382
-7.01776
-4.67405
-3.70349
-4.10652
-5.56929
-8.15173
-9.94681
-8.40592
-5.90682
-3.94852
-2.93387
-3.87704
-6.96764
-7.79551
-4.20925
-1.50808
-0.343977
1.44903
5.48965
10.7966
14.7277
17.017
19.7887
23.7925
26.7788
27.2786
25.7359
24.7091
25.8906
27.5689
28.3052
27.56
25.1887
20.9583
15.5589
11.3244
11.4828
13.4878
14.9235
15.1627
14.2083
11.7587
8.03489
4.50023
2.37989
0.618461
-2.07577
-3.91001
-3.24124
-0.502296
1.62444
1.95323
0.449789
-0.79713
1.40074
1.06661
-0.897831
-3.31351
-4.08157
-2.29806
-1.21789
-3.16957
-8.71727
-17.1018
-22.8701
-19.082
-11.4344
-6.74484
-5.18108
-5.85081
-7.5212
-8.87312
-9.64341
-9.98131
-9.80687
-6.61802
-1.63713
1.19033
0.655434
-3.19775
-8.50408
-10.3196
-8.71793
-6.68987
-5.33449
-4.32031
-3.42325
-3.46031
-4.3486
-3.84283
-1.9265
-1.44971
-3.23272
-5.26038
-3.58995
-0.201642
2.13467
3.22681
3.09807
2.01802
0.485529
-0.783494
-1.82754
-2.49885
-3.19103
-4.33419
-5.15886
-4.76725
-3.27829
-0.856312
1.25805
1.74598
0.86731
0.607799
1.90358
2.62866
2.01511
0.794141
0.22101
0.24365
-0.39839
-2.82788
-7.33123
-11.4661
-11.0882
-7.76958
-5.93163
-6.43597
-7.50811
-6.59209
-4.91206
-4.098
-4.17345
-4.33281
-2.79535
2.33465
10.4576
18.0421
23.2527
27.1001
29.9724
31.8897
33.0017
34.0017
34.9609
35.1982
34.1895
32.3841
30.819
29.9407
29.5746
28.9213
28.0839
27.5556
27.1366
26.0847
23.3296
19.2585
14.7183
10.3566
5.88175
1.18886
-1.79864
-3.11046
-4.25914
-5.43483
-4.3058
-0.926192
0.821715
-0.51012
-4.24949
-6.02506
-1.30162
-0.780039
-2.4541
-6.41691
-10.4647
-9.51585
-6.23385
-5.02308
-6.71005
-10.2668
-13.0152
-12.6205
-10.0862
-7.62134
-6.80112
-7.55857
-9.44862
-11.9035
-13.325
-12.4219
-10.3276
-8.6119
-7.76396
-7.86269
-9.02162
-11.4982
-15.1331
-16.0414
-12.0506
-7.9372
-5.66583
-4.00543
-2.49935
-2.03519
-3.18236
-5.39587
-6.86112
-7.00804
-7.37737
-9.05247
-10.4121
-7.97967
-3.7276
-0.61739
0.575086
0.300555
-0.398194
-0.82201
-0.402425
0.0853036
-0.64045
-3.16156
-6.28479
-8.01876
-8.30968
-7.02091
-4.72291
-2.83871
-2.55016
-3.28391
-3.25684
-1.81106
0.102621
1.02983
0.331177
-1.79857
-4.4783
-6.72736
-6.69696
-4.29233
-2.72571
-2.95726
-4.23496
-5.69734
-6.4613
-5.09344
-2.86081
-1.89938
-2.93599
-3.44042
7.00337
19.9294
28.951
33.9487
36.3388
37.7538
39.1593
40.2142
40.3806
40.6574
41.9634
43.4669
43.8073
42.4928
39.8889
36.9017
35.2307
35.1974
35.3235
34.4769
32.7426
30.6099
27.9096
23.8674
18.6296
13.5485
9.05266
3.15228
-2.86647
-3.93892
-3.77293
-5.19191
-7.46012
-4.83146
0.33542
2.97297
2.09093
-1.52902
-11.5029
-10.5342
-8.19813
-7.14959
-8.32713
-11.1226
-13.9214
-15.7543
-14.8767
-10.6571
-7.65935
-7.39701
-7.83004
-7.02029
-6.20899
-5.70044
-3.85582
-1.87597
-1.85773
-4.16991
-7.53722
-8.72968
-7.41621
-6.43944
-6.84073
-7.71955
-7.60719
-6.95446
-6.36932
-5.37839
-4.2529
-3.81526
-4.42822
-6.12199
-8.85997
-10.7964
-9.31887
-6.74353
-5.87213
-6.77887
-8.2986
-9.14657
-8.77186
-6.90505
-5.25005
-5.29037
-4.84927
-1.62781
0.625196
-0.20508
-3.79447
-8.14538
-11.2207
-10.9418
-7.59732
-4.95516
-2.88837
0.542094
3.44115
4.01369
2.2798
-0.396035
-2.76273
-5.46649
-8.86208
-10.6663
-9.9027
-9.10559
-8.8568
-8.12118
-7.05727
-6.88938
-7.86704
-8.94081
-8.59667
-6.83522
-4.4735
-2.39022
-1.71367
-2.25611
3.22562
18.2476
30.9702
39.4651
44.4101
46.652
46.7228
45.7197
45.8565
47.7202
48.8446
47.9644
45.8939
44.7963
45.281
45.8114
45.445
43.9984
41.8529
39.3807
36.9938
34.9146
32.7814
29.5359
24.4855
17.9312
10.4902
3.36161
-2.30521
-4.71488
-6.48208
-9.02712
-10.651
-8.56531
-5.63835
-4.47205
-4.81879
-5.27753
-3.06076
-3.3524
-3.77043
-4.84853
-6.27923
-7.49589
-9.33882
-12.5312
-13.6203
-10.3306
-6.80367
-3.43459
0.347375
2.75711
2.76173
1.41632
1.28008
1.74166
0.562127
-2.02401
-3.53798
-3.55739
-3.31395
-2.27486
-0.904796
-0.979184
-2.6824
-2.4521
1.45165
4.41474
4.59347
2.02266
-2.72761
-8.02713
-8.33746
-3.56729
-0.0124912
0.670727
-1.15291
-3.75182
-4.65422
-4.30869
-4.14289
-4.28553
-4.43199
-4.82419
-4.18229
-1.64216
0.789247
1.71366
1.80401
1.64583
0.696946
-0.837902
-1.65321
-1.90338
-2.79154
-4.37376
-6.0247
-6.76534
-4.83866
-0.671427
2.51634
3.16311
1.07023
-2.84179
-6.25821
-7.04659
-4.84576
-2.22498
-1.51941
-3.36719
-6.65144
-7.98867
-5.87019
-3.00791
-1.68845
-2.26251
-4.14154
-5.72562
-0.409082
11.5674
22.995
31.5126
37.2022
40.2773
41.2971
41.1286
40.7652
40.6841
40.8845
41.3569
41.8679
41.8143
41.1209
40.419
40.6145
41.1402
41.0531
40.0901
38.5184
36.5968
34.2326
30.9247
26.1951
19.9107
12.549
5.32792
-1.05108
-3.6505
-4.33679
-3.79627
-2.07999
-0.875611
-1.11767
-1.20272
0.153129
1.19261
-5.24718
-4.97049
-6.27095
-8.34141
-9.8
-11.2382
-13.4851
-15.5802
-15.9587
-14.4808
-11.6079
-7.03853
-2.77272
-0.699405
-1.136
-3.50326
-5.77821
-5.92367
-4.64558
-3.43524
-2.1331
0.0459294
2.19574
2.94924
1.80619
-0.803525
-3.02244
-2.94333
-2.61757
-4.14938
-7.60518
-10.8079
-12.5596
-13.7659
-12.4765
-8.77522
-6.80469
-7.45672
-9.11484
-8.78721
-7.19692
-6.74119
-7.76988
-8.77588
-8.03693
-5.62855
-3.08666
-2.15454
-3.7306
-6.79869
-6.55296
-2.61024
0.414725
1.9157
2.17297
0.815412
-2.13326
-4.92209
-5.87862
-6.36795
-5.6442
-2.34604
0.576044
1.05272
-1.24376
-5.24884
-7.22599
-6.42523
-5.28184
-3.45047
-1.81454
-2.38746
-5.91173
-10.7041
-12.4636
-10.9219
-8.71999
-7.57026
-7.07691
-4.34501
1.37812
8.55098
16.9802
24.1531
28.4305
29.8894
29.3122
28.8032
29.7929
30.8196
31.0138
32.0623
34.4167
36.0605
35.8884
34.3642
32.6261
32.2112
33.524
35.3139
36.3125
35.8531
33.9046
30.6438
25.9629
19.4815
11.5485
4.47605
0.503186
-0.416395
0.0977327
0.379865
-0.09478
-1.11507
-1.61908
-1.47424
-2.20178
-4.21225
-4.49922
-5.37627
-8.24148
-11.3546
-11.9261
-11.2403
-10.4789
-9.85837
-9.98114
-10.9215
-11.3727
-11.0682
-11.1899
-11.4078
-10.0577
-7.12182
-4.36813
-3.10971
-3.95364
-6.96983
-11.047
-12.2148
-8.11052
-4.26048
-3.11584
-4.09567
-4.77987
-4.19194
-4.48146
-6.3795
-7.9148
-7.29414
-6.69833
-7.4381
-8.38554
-8.08943
-8.03938
-10.2137
-13.9292
-14.3135
-10.9951
-7.94201
-6.16083
-5.36008
-5.32098
-5.26319
-4.46764
-3.97106
-4.92907
-5.64332
-3.96289
-2.5876
-2.90461
-3.32956
-2.96974
-3.68595
-5.48967
-5.14467
-2.83151
-2.16172
-3.33665
-4.54386
-5.01619
-6.36636
-9.30893
-11.6079
-10.9891
-8.79136
-6.66004
-4.59538
-3.54548
-4.14938
-6.19898
-9.09669
-12.2158
-13.4206
-10.788
-7.41369
-4.97523
-2.86476
1.07205
5.80091
8.31159
8.73193
8.01274
9.1488
11.3851
13.3205
14.1216
14.351
14.8103
16.1637
18.0247
19.9911
21.1109
21.4159
21.6393
22.5632
24.0664
24.9872
25.0696
24.9393
25.0952
25.0889
23.7419
20.0665
13.3463
4.34667
-0.525992
-0.13783
-0.0362876
-1.12996
-3.31766
-6.48183
-9.90492
-11.4608
-10.4058
-8.58819
-12.3039
-12.9368
-14.2982
-15.0481
-14.1265
-12.0603
-9.81237
-8.21738
-8.07994
-9.58588
-11.9622
-14.1164
-16.3078
-17.4413
-14.1978
-9.16486
-6.19756
-5.77656
-7.56268
-10.9668
-14.573
-14.9048
-11.8505
-8.73123
-6.64213
-6.1909
-7.49456
-9.52607
-10.1774
-9.83966
-9.864
-9.97731
-9.90716
-9.85781
-10.2287
-10.6984
-10.3571
-9.50921
-9.41077
-10.1481
-11.2081
-12.6832
-13.776
-12.4494
-10.0877
-8.75986
-8.97933
-10.6333
-12.5636
-11.9487
-9.09624
-7.21066
-6.45067
-5.47449
-4.4401
-5.04267
-7.67162
-10.2974
-10.1205
-8.94971
-7.56521
-5.89651
-5.20583
-6.33476
-8.09389
-8.39184
-7.57312
-6.93082
-6.92295
-7.97861
-9.96594
-11.7259
-11.1122
-8.61917
-6.71624
-6.40033
-7.35042
-8.21492
-8.03776
-6.12765
-1.31979
4.10804
6.55607
5.61028
1.89315
-0.426411
0.777868
2.97216
3.83562
3.91721
4.39458
6.72785
9.87477
12.5833
13.3658
12.5289
10.8919
9.93342
11.443
14.113
15.932
16.3338
15.9905
15.1509
13.1412
9.58742
5.42693
0.979622
-4.03659
-8.52155
-8.5465
-5.82589
-3.85469
-3.00583
-3.53813
-4.89632
-5.38519
-4.57805
-8.95515
-10.5029
-8.55317
-5.827
-4.2677
-3.11839
-2.04092
-2.22879
-4.30012
-6.57851
-6.35954
-5.85385
-7.31422
-9.95497
-11.5413
-12.5154
-14.4999
-15.8629
-13.998
-10.584
-8.35729
-7.56065
-7.34884
-7.357
-7.2761
-6.23253
-3.63648
-1.3572
-0.85841
-1.7638
-3.2469
-5.48136
-8.95059
-10.3091
-8.19816
-7.05829
-8.0989
-10.1416
-10.9343
-10.8585
-11.0371
-10.8505
-9.76059
-9.00322
-9.32623
-9.51378
-9.10452
-9.42372
-10.7827
-11.5725
-10.8736
-10.0682
-9.05436
-6.16853
-2.85465
-1.73059
-3.26494
-5.967
-7.60807
-8.67623
-9.65381
-9.02303
-7.97659
-8.03547
-7.60524
-5.40916
-3.00793
-1.94964
-2.77034
-5.44023
-8.68372
-9.61358
-8.76898
-7.98326
-7.52631
-7.2492
-7.47476
-7.89932
-8.04129
-7.36916
-3.37292
2.05535
4.55418
3.47992
0.0282169
-1.39032
-0.852808
-1.58484
-3.10519
-3.33271
-0.8734
2.70482
5.50524
7.16769
7.20691
7.9298
9.53271
10.3521
10.3008
10.2663
10.0879
8.92005
7.27642
5.65669
3.52155
0.524166
-2.65777
-6.37855
-9.80295
-9.96575
-6.71636
-4.17014
-3.95552
-5.20261
-6.21357
-6.08744
-5.75697
-5.96028
-5.33914
-6.46187
-9.12972
-10.4256
-9.02342
-6.57701
-4.85026
-4.6517
-6.15963
-8.89815
-11.6218
-11.6255
-9.29493
-7.72035
-7.31896
-7.34348
-7.37973
-7.94202
-8.95895
-8.91936
-7.00297
-4.38445
-3.04334
-4.01646
-6.80211
-8.65437
-8.23555
-7.10346
-5.19679
-3.5045
-3.47639
-5.13596
-7.19393
-6.49969
-2.89943
-0.636957
-1.22893
-3.82267
-5.94871
-6.45646
-6.53132
-6.44749
-6.05199
-5.13056
-4.64764
-5.84327
-8.50739
-10.2921
-9.15452
-7.55028
-6.72855
-5.91215
-4.96508
-4.50137
-4.3095
-4.30114
-4.91391
-5.48084
-4.41
-2.75233
-2.37786
-3.50182
-4.9406
-5.35989
-5.3141
-5.72833
-5.23625
-3.24001
-2.03137
-2.88943
-5.31144
-7.95712
-10.2584
-10.8678
-8.21369
-4.87663
-3.56358
-4.66017
-7.48557
-8.53731
-3.61452
1.54666
3.078
0.760516
-4.34257
-5.97796
-3.72781
-1.82494
-0.0511027
0.6956
0.0452037
-0.908148
-0.487724
0.310901
0.159742
-1.4969
-2.92165
-4.41886
-3.74206
-2.06447
-1.37409
-2.18124
-3.56805
-4.93956
-5.86299
-7.00678
-8.68833
-10.2073
-9.00399
-6.27561
-4.69151
-4.42961
-5.26356
-5.94735
-5.69997
-4.89838
-4.24638
-4.29117
-8.88361
-8.04134
-7.71232
-8.52889
-10.2308
-10.5902
-8.113
-6.01649
-6.54103
-9.44871
-10.597
-6.69104
-2.96907
-1.20868
-0.317333
-0.000540927
-0.981708
-2.83162
-3.89387
-4.86508
-7.42563
-10.1505
-10.5659
-10.6531
-11.3965
-11.0222
-8.52129
-5.1781
-2.8143
-2.40662
-3.83426
-6.07126
-8.56436
-11.3463
-11.7971
-9.55742
-7.60371
-6.4493
-6.02111
-6.50031
-7.64396
-8.30157
-7.65666
-6.20235
-5.51304
-6.25951
-7.26888
-6.89623
-5.29453
-4.00701
-4.11946
-5.57877
-7.04324
-7.23956
-6.98544
-6.15573
-4.97945
-4.44666
-4.65224
-4.1312
-2.74846
-2.36579
-3.35584
-3.82709
-2.62948
-1.62144
-1.68794
-2.14351
-2.58572
-3.36218
-4.4888
-5.83057
-7.77558
-9.95192
-10.6982
-8.83326
-6.75038
-6.49303
-8.59411
-11.4194
-9.68606
-4.81991
-2.57847
-2.97513
-5.5161
-6.24292
-4.6093
-2.70712
-1.45925
-1.78238
-1.93065
-0.435331
0.438406
-0.388695
-3.0991
-6.48563
-7.63673
-8.70464
-10.024
-10.4589
-8.94907
-6.53676
-4.13649
-4.24326
-6.85939
-10.9708
-12.2979
-11.9516
-9.03814
-6.68988
-6.14256
-6.33412
-6.2911
-5.6112
-4.52604
-2.7811
-1.27704
-1.16084
-15.8402
-14.9156
-12.6899
-12.1827
-13.4261
-13.1525
-10.8559
-9.584
-10.2158
-11.7276
-12.261
-11.3352
-10.2337
-9.36593
-7.7834
-5.55484
-4.39373
-5.12545
-7.30741
-9.26873
-10.0867
-10.4308
-10.8953
-12.0034
-13.4354
-13.9756
-13.1347
-11.8532
-10.8906
-11.1933
-13.079
-14.7597
-13.4058
-11.2288
-11.0603
-13.2431
-15.9675
-15.1777
-11.0794
-7.11337
-5.35133
-6.12508
-8.20817
-9.42555
-9.55544
-9.91775
-10.5446
-10.8907
-10.0826
-8.34099
-6.78576
-5.94639
-6.24564
-7.64975
-9.40901
-10.7674
-12.1222
-12.3429
-9.93403
-6.73597
-5.27434
-5.42921
-5.6847
-5.27552
-5.18449
-5.78318
-6.22473
-6.47757
-7.29572
-8.95767
-10.5407
-11.8044
-13.0768
-12.9115
-10.8546
-9.44325
-9.42417
-10.1406
-11.4423
-12.1596
-6.98874
0.498401
4.74783
5.78307
3.97921
0.745259
-2.67971
-5.36234
-6.32033
-7.24624
-8.43123
-8.59567
-7.90703
-6.17209
-6.18865
-8.12185
-8.8677
-9.05564
-9.19276
-9.69231
-9.99167
-10.5793
-10.2701
-11.3171
-12.7997
-14.4771
-14.8785
-15.6973
-13.6432
-11.3644
-10.2748
-8.33817
-6.08541
-5.38268
-6.69075
-7.96342
-7.24175
-5.97391
-13.5249
-13.085
-11.8475
-11.9701
-12.5092
-11.205
-8.2873
-6.42534
-6.86841
-9.68413
-13.5035
-15.1099
-13.9565
-11.5361
-8.71593
-6.86966
-6.57734
-7.47484
-8.74807
-9.9073
-10.8075
-10.7221
-10.1373
-10.5259
-12.1294
-11.7408
-8.12886
-5.33255
-4.60779
-5.73589
-7.97534
-10.1515
-10.8587
-10.1984
-9.53575
-9.32855
-9.88363
-10.3431
-8.72277
-5.87221
-4.35702
-4.92189
-6.85733
-8.08021
-7.11322
-6.43454
-8.29864
-12.2929
-13.943
-12.2372
-11.7904
-13.7166
-17.1262
-19.0619
-17.8403
-15.0942
-12.9226
-11.3933
-9.57407
-7.18872
-5.30356
-4.86255
-5.99305
-7.3294
-6.85023
-5.17202
-4.24237
-4.93371
-6.93677
-9.0231
-9.19031
-7.92728
-7.27515
-7.10387
-6.29148
-5.56995
-6.34669
-8.54157
-9.66833
-6.42416
-1.00065
3.54054
5.76631
5.8056
3.81159
1.28154
0.427368
1.04853
2.16886
2.91059
3.27723
2.83214
1.15573
-0.582614
-2.67962
-2.91369
-0.586268
1.37905
1.31425
-1.19887
-4.9096
-7.92416
-9.10606
-10.3893
-10.6712
-10.777
-11.1952
-11.7721
-9.81592
-7.58276
-6.91524
-6.80887
-6.76715
-6.96972
-7.1831
-6.91331
-6.71902
-6.98066
-13.5486
-14.5339
-15.4788
-15.024
-12.0063
-9.18689
-8.67726
-10.4495
-12.3742
-11.3015
-9.17648
-8.98814
-10.9859
-13.4855
-14.6628
-15.6204
-16.7246
-16.525
-14.395
-11.7142
-10.648
-12.29
-16.2815
-19.5738
-18.0663
-14.8022
-12.8166
-12.7779
-14.3147
-16.5374
-18.5671
-19.2437
-17.7864
-14.6141
-12.0943
-11.3097
-12.4261
-15.1126
-17.7998
-18.0766
-16.5858
-15.429
-14.1183
-12.0553
-10.3715
-10.3916
-12.3003
-14.685
-15.1328
-14.1128
-13.9236
-15.6035
-18.9218
-20.8473
-17.6636
-13.4739
-11.5364
-11.8678
-13.0808
-13.0458
-11.6133
-10.8472
-11.9835
-13.6552
-13.3647
-11.9118
-11.007
-11.0599
-12.1234
-13.4507
-12.3928
-9.3422
-7.52468
-8.20422
-10.9284
-13.0771
-13.2411
-13.4272
-14.6103
-12.9669
-6.29269
-0.314523
1.83874
0.222065
-4.80254
-8.95083
-8.94182
-4.81896
-0.713793
1.35413
1.23264
0.030283
-0.833183
-0.765603
-1.05598
-0.885507
1.39859
3.61093
4.36074
2.85019
-0.522142
-5.06027
-8.03144
-9.96788
-11.6509
-13.8774
-15.5498
-18.1317
-19.1347
-19.1829
-18.9769
-17.3498
-16.1044
-14.5313
-12.8704
-12.0719
-12.9083
-14.6685
-14.0344
-12.8499
-12.4108
-12.2117
-11.4589
-10.6212
-10.856
-12.0482
-12.7568
-11.565
-9.35445
-7.93672
-8.30634
-10.3675
-13.2044
-15.5243
-15.961
-14.827
-13.8476
-13.6198
-13.7856
-14.4653
-15.8984
-17.6163
-16.7552
-14.1012
-13.3322
-15.3435
-18.941
-21.1831
-21.0092
-19.9059
-18.3063
-15.8168
-13.2134
-12.0372
-12.9187
-15.1885
-17.014
-17.6556
-18.5611
-20.1922
-20.1898
-17.385
-14.6073
-13.6867
-14.8651
-16.792
-16.6795
-14.8593
-14.2376
-15.3755
-17.0006
-17.1555
-15.2152
-12.2924
-9.95058
-9.08376
-9.53418
-10.4213
-10.8914
-11.3092
-12.3045
-13.1408
-12.4499
-11.3168
-11.3043
-12.4373
-13.2718
-13.5998
-15.0789
-18.181
-20.8114
-20.3304
-17.8145
-14.4579
-12.3477
-12.8003
-15.4115
-15.6786
-9.9453
-4.13664
-1.89155
-2.93189
-6.34167
-5.08029
-0.149232
3.46325
4.37501
3.19832
1.37346
0.663642
1.23096
2.80183
4.08467
4.40649
3.95591
2.86441
1.62841
-0.201648
-1.40248
0.383042
3.2085
4.27074
3.20344
0.0641439
-4.78849
-11.0456
-15.8455
-16.3484
-14.2051
-12.8937
-13.8837
-16.2812
-18.0783
-18.4765
-18.5876
-17.3526
-8.86872
-8.91231
-8.90705
-7.06763
-5.48258
-6.11045
-8.77303
-11.8778
-14.0411
-14.5724
-12.908
-10.8878
-10.1575
-10.6921
-11.4957
-11.8146
-12.4502
-14.4143
-17.0298
-16.7011
-12.7264
-9.63969
-9.23834
-11.2826
-13.4253
-12.9245
-11.9145
-12.3342
-13.9903
-15.9626
-17.9744
-19.6709
-19.8198
-18.2248
-16.1112
-14.8806
-14.277
-12.4512
-9.27809
-7.40643
-8.14196
-10.7052
-12.1825
-11.7962
-11.9503
-12.8232
-13.1547
-13.348
-14.4292
-16.0698
-16.6525
-15.7122
-14.5039
-13.4499
-12.1722
-10.8776
-9.8749
-8.32827
-6.61491
-5.63497
-5.48627
-6.08957
-7.26843
-8.14318
-8.50185
-9.67264
-11.6659
-12.4448
-11.6086
-11.1734
-12.0867
-13.4343
-13.3285
-12.414
-12.7513
-14.4161
-16.47
-18.0076
-17.9329
-14.4319
-8.86974
-4.10706
-2.38333
-2.46594
-2.77034
-0.788356
0.871978
3.10112
5.59249
7.42925
8.67034
9.91244
10.3696
9.67216
8.13429
6.69641
5.93172
6.04748
6.85951
7.06479
6.65826
7.19839
9.30021
10.631
9.75278
6.31198
0.836554
-5.69802
-11.9665
-16.5766
-17.1398
-15.183
-15.4875
-17.0066
-16.6661
-15.0582
-14.8231
-14.5471
-10.0367
-10.7324
-12.8237
-15.9448
-17.9851
-17.3141
-15.4097
-13.5978
-11.9265
-10.42
-8.95171
-7.65617
-7.12004
-7.79331
-8.8929
-9.09185
-8.56213
-8.75655
-10.419
-13.1331
-15.1439
-15.2258
-14.5111
-13.2139
-11.4026
-10.0652
-9.49126
-9.05837
-8.95136
-9.74464
-11.3961
-13.2041
-14.3839
-14.1548
-13.5837
-14.0495
-14.4418
-12.138
-8.6717
-6.73029
-7.15473
-9.79063
-13.504
-15.8889
-15.8739
-14.0936
-11.7201
-10.1062
-9.63455
-9.75
-10.1018
-10.998
-12.3884
-12.8292
-11.421
-9.57793
-8.58329
-8.5352
-8.44782
-7.50708
-6.31177
-6.27671
-7.94732
-10.6613
-13.204
-14.6196
-14.1435
-12.4707
-11.0203
-10.0601
-9.66411
-10.1895
-11.1248
-11.7491
-12.7395
-14.978
-17.2981
-17.9122
-18.0461
-16.7796
-11.602
-6.00488
-2.42882
1.06847
5.1001
8.65972
11.4577
13.7102
14.6482
14.3403
13.8594
13.5873
12.3863
10.0824
7.94748
7.4353
8.10612
8.89288
9.33127
9.44884
10.0599
11.9004
14.3376
15.5061
14.4686
10.9398
5.3453
-1.18809
-7.61702
-11.7647
-13.9088
-13.79
-13.4717
-13.308
-12.9393
-12.4315
-12.6476
-12.7694
-19.4081
-19.4811
-18.4524
-18.5118
-18.9207
-18.5386
-17.4267
-15.6058
-12.656
-9.81409
-8.12878
-8.15235
-9.8252
-11.5994
-11.1848
-9.49575
-8.92556
-9.79633
-11.5829
-13.8814
-15.7641
-15.826
-14.5181
-13.1571
-11.9137
-11.0609
-11.2272
-12.5442
-14.1009
-14.375
-13.0502
-11.6076
-10.6416
-8.68909
-5.50747
-3.41307
-3.73088
-6.21094
-9.22309
-10.8991
-11.1935
-11.0996
-11.0093
-10.8489
-11.0556
-11.3469
-10.3876
-8.98753
-8.46839
-8.68507
-9.22107
-9.61578
-9.11838
-8.31329
-8.30968
-8.93935
-9.56381
-10.191
-10.692
-10.5312
-9.97774
-9.5694
-9.25882
-8.87646
-8.78552
-9.24137
-10.2977
-12.0771
-14.4148
-15.8894
-14.3217
-10.5965
-7.84945
-7.48702
-9.47169
-12.4972
-13.7867
-12.8428
-11.9509
-11.3258
-8.49762
-3.71623
-0.443423
1.06455
1.85665
2.93792
3.91449
5.0338
6.08197
6.36373
5.32345
3.19765
1.35474
1.01209
0.797685
-0.957109
-1.2715
-0.728262
-0.347565
0.102385
0.246284
-0.156843
0.0650207
0.79357
0.440407
-1.88639
-5.26535
-8.3294
-10.6408
-11.8609
-11.3284
-9.37675
-8.9153
-9.55872
-8.97809
-7.31895
-6.99869
-8.06821
-9.21094
-10.5544
-12.2029
-11.985
-8.84745
-4.84516
-2.60857
-3.24614
-6.7239
-10.4543
-9.88575
-7.05472
-5.07271
-4.97284
-6.68892
-8.8435
-9.15316
-8.06619
-7.81847
-9.26959
-11.6773
-12.7594
-11.0534
-8.5216
-7.72873
-9.74718
-14.254
-18.4397
-17.502
-12.3993
-7.57149
-5.30926
-5.53249
-6.50779
-6.57174
-6.65688
-8.20692
-10.5052
-12.0164
-12.3926
-12.0335
-10.9284
-9.04604
-7.40536
-7.2064
-8.43121
-8.8364
-6.9218
-5.10903
-4.90556
-6.22875
-8.17666
-9.06414
-8.06658
-6.68536
-6.40925
-7.60623
-9.27413
-10.0868
-9.51546
-8.23382
-7.6854
-8.68492
-10.4707
-11.006
-10.4359
-10.8
-12.975
-15.713
-16.1425
-14.2704
-12.533
-11.8347
-12.1853
-12.3974
-10.954
-8.66035
-7.37148
-7.97557
-9.08181
-6.06435
-0.881584
1.69872
1.1337
-1.25865
-2.00071
-1.64091
-1.14678
0.00905007
1.04765
0.750046
-1.03364
-3.5154
-4.13102
-3.69842
-2.91903
-1.57628
-1.75889
-4.55056
-8.60562
-8.88123
-5.90223
-3.32575
-3.27007
-4.7337
-6.45088
-6.85741
-7.27491
-8.59372
-9.81077
-10.3124
-9.37021
-8.47424
-7.44848
-5.9502
-4.5582
-4.65474
-6.98826
-11.4087
-11.8073
-12.5469
-12.2782
-11.1985
-10.2424
-9.97629
-9.94568
-9.87895
-9.85626
-9.8622
-9.6948
-9.73061
-10.8152
-13.0777
-15.19
-15.2797
-14.5548
-14.5964
-15.6326
-17.3782
-18.6791
-18.3242
-16.2403
-13.0197
-10.5565
-10.3836
-12.6595
-15.4231
-15.1609
-12.741
-11.1479
-11.3304
-11.8751
-11.1937
-10.2719
-10.8163
-12.8083
-15.0798
-16.05
-15.2064
-13.4796
-11.771
-10.6938
-9.85825
-9.24374
-9.46497
-10.7129
-12.2631
-13.5078
-14.4858
-15.1379
-16.5297
-19.2726
-21.1326
-19.1842
-16.0225
-14.1033
-12.8984
-11.0135
-8.9955
-8.06001
-8.47875
-9.43469
-9.93778
-10.1858
-11.167
-13.2731
-14.9619
-15.143
-15.4086
-16.4974
-16.6379
-14.8398
-13.0653
-12.0041
-10.2766
-8.17772
-7.75234
-9.70283
-11.2239
-8.74025
-6.46893
-6.11759
-5.77366
-2.23648
1.94698
5.18026
7.80161
9.72738
10.127
8.55337
5.48113
2.54609
0.171943
-2.25483
-2.14344
-2.32182
-4.76184
-9.33134
-13.1243
-14.4287
-12.6956
-10.4654
-8.5829
-8.8059
-10.8194
-13.6484
-15.2349
-14.2819
-12.9901
-11.8638
-11.5549
-10.8134
-9.44031
-8.21446
-7.7889
-8.72699
-25.6506
-23.7665
-21.7572
-20.5367
-19.877
-18.3643
-15.5287
-13.719
-14.4521
-17.2374
-19.7238
-20.1417
-19.0902
-17.7815
-17.1613
-17.5495
-18.3125
-18.7515
-18.8459
-19.1187
-20.0589
-20.7394
-20.1159
-18.7436
-17.6343
-17.2547
-17.806
-18.9485
-18.8425
-16.9696
-15.5339
-16.0267
-18.433
-20.7649
-20.5963
-19.0308
-17.7539
-17.1764
-17.3719
-17.8024
-17.5903
-16.9367
-16.9453
-17.2407
-17.0501
-16.7907
-17.0683
-17.5307
-17.7093
-18.4
-20.3132
-22.2361
-22.8876
-22.7011
-22.153
-21.551
-20.8382
-19.2656
-17.1921
-16.2026
-16.6452
-17.2288
-16.8726
-15.7667
-14.625
-14.3284
-15.4788
-17.8687
-20.6892
-23.4567
-25.2632
-24.6661
-22.3404
-20.1155
-19.0106
-19.12
-18.984
-17.4849
-16.0751
-15.9519
-16.1512
-15.0877
-14.6425
-14.3104
-14.8547
-10.4264
-6.22635
-3.20604
-1.33039
-0.614148
-0.244071
0.637225
1.71636
2.41948
2.12487
0.469391
-0.338974
-1.84747
-4.64718
-7.74361
-9.81234
-11.1231
-11.2153
-11.561
-11.7255
-12.6914
-14.2164
-17.0104
-18.8658
-17.2335
-14.3524
-11.499
-10.7547
-11.6699
-13.6278
-15.9171
-17.3872
-16.7848
-27.392
-23.315
-19.5117
-17.7836
-18.2462
-19.7921
-21.3923
-23.0515
-24.3887
-24.9909
-26.0281
-26.4823
-23.8343
-20.977
-19.7107
-19.3902
-19.718
-21.078
-22.5762
-23.0606
-23.536
-24.2229
-23.8306
-22.4192
-21.5312
-21.9583
-23.711
-24.8563
-23.2078
-21.0808
-20.0444
-19.7495
-19.5566
-19.342
-19.1107
-19.1347
-19.8612
-21.0655
-22.0146
-21.5913
-19.7925
-18.2921
-17.9646
-18.0175
-17.4506
-17.0698
-17.4614
-17.5699
-17.4424
-18.7413
-21.848
-23.4078
-21.3437
-19.0697
-18.013
-18.0092
-18.9314
-20.6984
-22.0193
-21.2299
-19.287
-18.0551
-17.1938
-16.4727
-16.5383
-17.4703
-18.4783
-19.0808
-19.4485
-19.471
-19.6709
-20.7385
-22.5396
-24.5228
-26.1829
-27.2809
-27.4937
-27.0285
-26.158
-23.6003
-18.6743
-13.8252
-11.2456
-10.7283
-12.5741
-12.716
-13.4812
-14.3899
-13.518
-12.0973
-10.8525
-9.64644
-8.6134
-5.92853
-3.92586
-3.63926
-3.86869
-4.62309
-5.21967
-5.99197
-6.90775
-8.50464
-10.1322
-12.9269
-14.6501
-15.6737
-17.1384
-20.7148
-23.0661
-20.9797
-19.0821
-16.1077
-14.8292
-15.1061
-16.5033
-18.6129
-19.5189
-17.6944
-31.3062
-27.7631
-24.9632
-24.5015
-26.4339
-28.8716
-29.5459
-29.8049
-30.1759
-29.6799
-29.1806
-29.0292
-27.3056
-24.9435
-23.833
-24.0149
-24.4936
-25.1913
-26.8443
-29.5514
-31.6351
-31.2455
-29.717
-28.2718
-27.4303
-27.1147
-26.398
-24.8843
-24.2298
-25.3199
-26.9096
-27.4101
-27.8461
-29.1102
-30.9171
-32.689
-33.7298
-32.4995
-30.9475
-30.5516
-29.9373
-28.3938
-27.6341
-28.2406
-28.8954
-28.8537
-28.5524
-27.2954
-26.0689
-26.5802
-29.4002
-33.2929
-34.7725
-32.3503
-29.5465
-28.2601
-28.8113
-30.4678
-30.8127
-28.3549
-25.731
-24.3758
-23.3989
-22.3435
-21.777
-22.2775
-23.8788
-26.0409
-26.8149
-25.5917
-25.0303
-26.0434
-27.9286
-29.7095
-31.2432
-32.3394
-32.6224
-31.5368
-28.9417
-25.8524
-23.3548
-20.9796
-19.6057
-17.4303
-17.9555
-16.9182
-19.0026
-23.0084
-24.4666
-23.7319
-23.6931
-22.4334
-22.5722
-18.6234
-17.2436
-20.5405
-19.1435
-19.0125
-19.1558
-18.816
-17.3937
-16.7783
-16.6073
-18.5118
-20.1388
-22.1503
-24.1838
-27.0935
-27.7187
-26.419
-27.1155
-26.5506
-27.0144
-27.3607
-27.2427
-27.9332
-29.9636
-31.1608
-40.9089
-38.5791
-37.0054
-37.454
-40.0895
-43.2898
-44.4803
-44.6738
-44.2306
-43.2335
-42.5643
-43.1315
-43.9887
-43.7313
-42.9346
-41.9584
-39.9826
-38.2131
-37.9792
-38.8833
-39.5682
-40.0062
-40.8229
-40.559
-39.3338
-39.1367
-39.8765
-39.8621
-39.3518
-39.7289
-40.8213
-41.5555
-41.9478
-41.1837
-40.8823
-42.3314
-45.14
-46.4732
-44.9237
-42.7267
-41.5976
-41.4892
-42.2645
-43.7638
-44.7226
-44.9047
-45.43
-46.7021
-46.8901
-46.8517
-47.0267
-45.9611
-45.3177
-45.3473
-46.6315
-47.659
-48.0413
-47.5081
-44.7053
-40.8682
-39.1385
-40.0384
-42.9809
-45.183
-44.4202
-42.4544
-41.4055
-41.6501
-42.1589
-41.007
-39.6322
-39.8544
-42.1738
-45.2828
-45.4999
-43.3982
-42.0404
-41.1217
-39.2143
-35.8613
-34.1822
-33.0783
-36.6729
-32.1998
-35.5693
-25.7046
-27.2698
-33.8771
-40.823
-40.0911
-38.4586
-32.2385
-33.2368
-24.1344
-21.5669
-32.3727
-34.5358
-36.3126
-36.5156
-36.4117
-33.4058
-35.885
-32.8386
-36.9313
-34.7753
-34.3922
-33.2396
-35.8271
-35.3945
-33.2844
-40.9491
-43.0014
-44.2958
-43.735
-42.7996
-41.4026
-41.5559
-41.9181
-62.5109
-61.8687
-60.8861
-59.9905
-60.4292
-62.156
-63.0121
-63.1947
-60.3287
-58.9033
-59.4792
-60.8212
-62.4118
-62.9872
-63.8924
-65.1528
-66.074
-67.772
-67.5813
-65.6181
-63.5531
-63.9141
-65.2258
-65.6771
-64.0503
-62.4528
-62.3768
-62.5915
-62.1375
-61.4455
-60.6363
-58.2655
-60.1037
-60.7495
-60.6749
-60.8965
-61.5852
-61.3582
-60.8535
-59.4796
-59.9942
-62.0631
-63.389
-63.0517
-60.7834
-57.3623
-54.9087
-55.8938
-57.291
-58.8994
-61.6403
-61.056
-61.0986
-59.2632
-59.8228
-60.1339
-60.5614
-59.664
-58.1194
-57.4323
-58.8418
-60.1645
-61.3736
-61.452
-61.0485
-60.6187
-61.2218
-61.1693
-61.5401
-61.7905
-62.0686
-62.2176
-63.3325
-65.6272
-66.7843
-65.3312
-62.9263
-61.3744
-61.0949
-48.0984
-43.6988
-40.4692
-48.6517
-36.5646
-48.6049
-29.4393
-31.9762
-43.3392
-56.6099
-49.4727
-55.9956
-40.1691
-43.6122
-25.714
-22.4714
-37.4291
-41.3096
-45.6379
-49.0847
-55.9948
-40.8009
-45.9701
-37.8383
-65.161
-62.6231
-60.7188
-43.0962
-48.7062
-44.8665
-38.5078
-66.3968
-64.2793
-60.2545
-58.0985
-61.0712
-58.1456
-61.7454
-60.9777
