80
5.79748
1.90763
-6.75133
-12.5535
-13.126
-6.839
-2.58261
0.0429142
-0.263956
-1.00493
-2.22499
-2.53088
-2.28117
-0.872573
-1.02763
-2.04914
-0.571951
2.44016
3.69806
5.91783
8.97726
10.497
10.0228
6.36919
1.73307
-5.26545
-2.83248
0.454699
1.46556
-1.82946
-3.48713
-1.33529
1.59078
3.00678
5.66567
4.52983
0.564501
1.4863
6.41877
5.95226
0.564091
-7.84702
-12.1127
-4.97099
7.95541
55.7418
75.4818
85.5207
92.4841
95.5923
95.0388
90.0222
79.0693
60.0494
62.7691
61.5782
62.1784
62.5121
63.4101
64.6675
70.4924
77.1183
78.9525
79.3131
81.1717
83.1149
82.395
81.2327
80.5002
81.9736
86.5197
88.746
87.1163
80.5587
67.8857
49.6144
48.5701
49.1512
46.7826
46.2934
42.6962
33.9062
21.7748
13.9448
7.92177
12.3325
14.2823
13.1549
10.8847
14.0207
20.6241
26.3468
28.1006
25.5919
21.3278
16.4614
13.1357
10.8962
11.9131
12.1427
11.3045
10.5651
9.19813
8.5134
11.527
15.9653
18.0637
18.2884
15.1401
10.6161
11.2933
15.968
18.8031
18.2545
16.6697
16.5866
17.8766
17.573
13.2741
10.4059
6.32337
4.14035
2.29656
-2.49138
-10.5479
-19.4616
-18.037
-10.8436
-3.56007
-0.269938
-0.542571
-1.98388
0.260695
2.69468
4.08895
4.87106
5.86014
3.85038
-2.22971
-10.0412
-8.34986
-2.2703
5.45366
11.4211
13.8812
12.5719
8.16334
2.78459
3.97066
7.21216
6.87454
3.89239
3.01115
5.32974
6.28864
6.52818
7.67858
7.46479
8.39541
10.8169
11.5798
9.74649
7.10327
60.3739
79.4065
90.8286
96.4279
97.1024
95.1396
95.3264
98.1898
99.3698
99.489
98.8879
98.654
99.4684
100.822
102.124
103.318
103.903
103.964
103.317
102.084
100.542
99.3826
98.3833
98.5488
99.9574
100.711
99.4189
94.9169
86.0162
72.2822
64.7301
64.3168
63.0244
62.8221
61.7909
58.2007
52.2089
46.0599
40.8558
34.5491
25.7215
22.8316
22.0171
20.9736
19.8538
23.376
27.4082
28.6512
26.8464
22.818
18.8319
16.4034
15.3139
16.8219
17.5809
16.6187
16.6393
16.329
13.0665
10.2504
9.71369
13.7436
19.9282
24.4466
25.365
23.2907
18.8079
12.2886
7.35945
6.06679
7.44006
7.53631
5.80815
9.19731
6.54486
0.292507
-0.152169
5.28206
7.9495
6.76179
3.41843
3.8411
7.50786
8.84666
6.58866
1.80126
1.70361
7.64098
12.5191
14.0953
12.987
9.70505
5.05427
-0.184685
1.77251
8.18032
12.2008
13.3257
12.153
9.39256
5.95848
1.67027
0.43403
6.66101
11.2515
11.6245
8.61631
8.49721
14.1563
19.2176
22.062
22.0048
18.9562
12.8694
9.08525
10.5965
9.98737
11.3717
62.0707
78.4927
88.0881
90.9412
93.0274
96.5934
99.9285
100.901
100.633
100.885
101.959
102.26
101.103
98.7349
96.6838
94.3473
91.6229
87.4897
83.6038
80.1331
76.2774
68.4673
64.0488
69.9697
75.4126
84.1223
89.9111
91.1762
87.1489
76.513
62.063
55.2846
57.0914
58.3491
56.9273
52.1659
46.7431
43.6107
38.6796
30.8764
28.0253
32.2562
35.8892
35.6912
31.7455
24.6253
17.7164
18.3747
20.1677
17.202
9.16131
7.28326
13.1017
17.9653
20.3687
20.4136
18.4163
16.3199
14.7373
11.9776
9.34104
11.095
13.7752
17.735
23.0875
26.0739
25.4268
21.1827
14.3426
10.1754
11.4484
12.5618
12.4603
1.3608
0.470428
0.335923
1.83767
3.75808
4.96612
5.33464
5.17772
4.80826
4.97142
5.16109
3.1567
-2.29823
-7.94529
-0.976602
7.16654
11.7762
12.8508
10.0224
2.81531
-3.07299
1.28367
4.90522
5.79245
3.1736
-4.11642
-16.4642
-10.4835
2.10449
9.9237
13.6465
13.7117
9.8933
1.32158
-6.22386
6.16382
14.7414
18.3592
18.0108
13.794
6.2208
-0.863995
-0.134363
0.00772899
11.2088
62.9677
84.7151
98.0633
106.743
111.266
111.975
108.515
100.029
86.595
73.1903
69.1307
70.8048
70.0163
69.2156
74.8418
84.9749
90.5749
93.2491
94.1998
94.9221
96.2578
97.4991
98.5714
100.193
102.328
103.954
103.536
99.8755
92.1789
79.1085
64.5981
58.1959
61.6456
64.8663
65.5337
62.9326
57.9776
52.9362
47.4569
39.8827
30.4633
29.8303
31.3196
29.4561
23.8797
14.0219
10.6559
18.76
23.6646
24.855
23.1733
20.2819
18.174
15.3412
10.5425
7.27501
10.1965
16.0172
19.5689
19.8865
16.3857
9.53837
6.33672
9.15615
9.33671
10.3731
15.1818
17.6623
15.8592
10.0298
4.63208
7.45555
12.9504
-11.6153
-12.3124
-12.8952
-15.6992
-20.3594
-24.0208
-16.2049
-11.619
-8.10976
-7.17992
-5.39183
-1.32586
2.70465
4.39384
3.67396
1.22397
2.74735
6.04829
7.03584
3.85058
-3.44739
-12.2827
-14.5004
-13.1578
-12.5344
-12.6358
-13.452
-16.9098
-13.9002
-6.38253
-2.9148
-3.92108
-8.48665
-11.1775
-9.4673
-7.1936
-7.28416
-10.9884
-15.4588
-12.3904
-4.68359
1.12397
3.39731
2.6649
8.3076
64.0103
85.8034
100.051
107.888
111.819
113.406
113.845
113.338
111.405
109.105
107.358
105.942
104.784
104.167
104.486
104.886
104.18
101.947
99.4891
98.7304
99.1131
99.4303
100.386
101.957
102.932
102.381
99.8034
94.934
86.7975
76.0952
67.3688
64.932
65.5647
65.855
64.3879
60.9113
56.6135
53.3692
49.9465
44.2354
35.7817
26.6338
15.6613
6.49303
9.39199
14.293
16.9669
17.5207
17.6212
16.5173
12.6111
4.12509
-9.56173
-8.20818
-1.54979
0.959006
2.44363
5.53619
10.8443
13.7144
14.3036
12.3458
7.63755
0.165458
1.77087
9.61567
13.5095
12.8292
7.52823
-1.00198
-4.02555
-0.88818
2.05384
-9.86307
-9.04544
-9.76737
-12.7247
-16.2134
-17.059
-15.8083
-14.3385
-12.039
-8.14111
-8.08111
-9.899
-9.58292
-7.65724
-9.06604
-12.3571
-12.7348
-9.6548
-9.944
-11.4463
-15.5692
-15.0378
-8.98801
-5.34271
-4.50688
-5.48363
-8.21369
-11.8696
-15.1741
-15.334
-13.6929
-13.5205
-14.3725
-15.5415
-15.7251
-20.662
-28.8066
-32.4327
-26.1752
-18.3225
-9.60811
-5.38937
-5.81067
-10.3447
8.72698
61.9962
80.8357
91.123
94.5783
93.7791
97.8307
105.925
110.376
111.14
109.012
106.032
103.742
101.556
98.6328
94.4389
90.1903
84.341
78.5823
72.2305
74.2891
78.802
83.6107
87.3237
89.8124
89.1924
84.7536
76.2971
67.0812
61.7972
58.9762
56.2773
53.877
51.8852
50.5512
48.1937
43.6331
37.0422
34.7293
31.0411
22.2644
18.3664
16.8816
13.6709
8.80117
3.939
3.07791
4.47763
5.58422
3.80626
1.24577
-1.25546
-5.35136
-4.55063
0.200211
3.89576
5.01061
3.69139
-0.71832
-6.75819
-4.19478
0.176537
1.56154
-1.416
-6.31653
-6.23168
-2.97707
-1.79942
-2.57604
-2.67285
-0.937279
-0.0579501
-1.43718
-0.53938
-29.2334
-27.0723
-25.6322
-20.4088
-15.4088
-12.9896
-12.9247
-12.9953
-12.1178
-12.6239
-15.4173
-19.7495
-22.259
-22.1885
-21.0119
-21.0908
-23.98
-26.1942
-25.7816
-27.0686
-27.0204
-22.7154
-20.403
-21.4829
-21.3881
-15.5877
-10.3679
-9.75435
-13.6995
-21.038
-27.9916
-24.5612
-19.7406
-17.2242
-17.6685
-20.5284
-22.7852
-25.0684
-24.6578
-24.0788
-19.0951
-16.1707
-16.8709
-20.7313
-5.41997
54.1539
74.0325
88.617
98.4825
104.944
108.574
108.479
103.941
94.3284
83.4276
79.5746
74.5943
74.1397
85.6093
95.0101
102.371
107.211
110.149
111.86
113.091
114.144
114.749
114.416
112.69
109.417
104.15
96.8
88.5541
81.7966
78.2578
75.7925
72.2613
68.0245
62.6786
55.7711
47.3794
44.0503
46.7214
47.3918
44.9556
39.5491
31.8118
21.9908
9.49289
3.35053
5.56299
8.95808
9.24345
6.93806
2.76138
-1.27777
-3.31631
-4.10852
0.27275
1.02813
-1.68326
-3.10132
1.58175
4.18256
3.83739
0.0952109
-7.08971
-16.8908
-20.8208
-18.9836
-20.386
-26.0578
-23.8959
-12.8743
-2.09084
3.80302
5.11156
3.21063
-25.4121
-26.5967
-30.0595
-33.8233
-37.7227
-41.1713
-38.1233
-37.3504
-35.7879
-31.2687
-26.0626
-21.4411
-19.5976
-20.2019
-21.2958
-21.5671
-21.4225
-22.8565
-23.8216
-22.3444
-21.4371
-22.6386
-25.7993
-26.7382
-17.9992
-11.2895
-9.46245
-12.3121
-19.3048
-26.5874
-24.014
-18.9144
-14.5384
-13.1323
-15.7974
-18.1884
-17.6205
-16.3218
-16.1864
-16.3517
-18.5997
-23.5324
-25.7855
-27.5786
-21.3561
43.717
62.2746
77.8387
91.1269
100.787
106.759
109.408
109.387
108.542
109.019
110.205
111.062
112.114
113.613
114.887
114.903
113.714
111.735
109.495
107.109
105.467
104.264
101.924
98.1664
94.3019
91.1036
85.6877
74.9048
61.2246
57.5177
55.8356
54.9746
52.8053
52.2268
53.9657
53.4603
50.1795
45.5648
41.326
36.6552
30.2507
20.956
9.58006
5.88373
3.99493
0.616457
-0.45659
2.36857
3.55186
0.776633
-6.99744
-22.8734
-13.8407
-4.20136
0.804051
1.34292
-0.726004
-3.8401
-6.11761
-8.45499
-9.64364
-10.2825
-14.0205
-16.6752
-14.2593
-14.2111
-17.9475
-20.2067
-11.0064
-2.43397
1.51981
1.30182
-1.4348
-24.8161
-21.0078
-20.1458
-22.098
-25.5694
-24.9921
-24.5164
-25.0687
-31.0152
-39.872
-39.2646
-31.8071
-25.049
-22.8106
-25.062
-28.5549
-25.4811
-21.1126
-18.712
-18.9584
-20.4415
-21.3369
-22.9347
-25.864
-23.8767
-19.6073
-18.4256
-21.6274
-27.6768
-31.6043
-30.8584
-24.1613
-19.5648
-19.7578
-23.2365
-31.0826
-27.2542
-19.3258
-16.6392
-18.98
-25.5522
-28.1884
-27.3077
-29.8688
-19.3587
29.3609
44.0827
57.8124
63.3485
71.585
82.1329
91.918
99.0675
103.357
105.995
107.811
108.786
108.407
106.114
101.384
94.6153
85.7732
75.1921
66.1334
67.3801
66.8868
63.1693
64.211
65.384
63.1328
60.4889
58.8017
56.2867
50.6783
46.0416
41.7462
38.1762
39.7862
41.4048
40.2672
35.6375
25.3366
16.4836
11.697
9.88093
6.80813
1.26175
-2.59512
-6.01021
-6.49955
-3.45059
-3.77988
-8.11288
-14.0103
-18.0597
-20.5571
-22.7815
-20.4478
-14.9544
-10.1286
-6.71537
-3.69958
-2.75332
-4.59145
-9.42167
-12.6102
-14.2295
-17.2563
-20.6788
-16.5752
-12.9579
-13.6832
-16.6753
-16.4181
-14.8453
-11.0387
-5.08126
-3.38111
-18.3633
-17.4168
-17.9727
-20.0986
-21.1055
-21.3695
-20.2042
-20.2773
-22.5813
-28.2988
-33.6793
-31.6305
-27.1644
-24.2487
-23.6782
-24.6691
-25.2981
-24.5616
-24.8497
-23.5785
-20.6303
-19.1653
-21.0643
-24.2541
-24.2564
-21.7732
-21.5615
-23.2612
-25.5345
-28.1435
-31.4455
-32.6046
-34.2247
-36.9789
-43.4503
-41.6458
-30.9005
-23.3578
-20.9795
-22.5767
-26.8821
-30.1405
-30.58
-28.6912
-7.33646
25.9223
48.8237
57.0244
66.0731
71.0551
72.9778
72.9316
72.3094
71.6589
70.6501
69.1264
68.0837
71.6745
76.6122
80.7178
83.1659
84.7068
85.555
84.7269
82.9177
80.0543
77.3223
72.4089
67.9781
65.5831
63.6922
59.4995
52.6132
42.5626
36.7759
31.0778
27.6955
29.9319
29.4185
28.1082
28.0109
29.4314
29.6067
28.0742
23.5709
15.7311
5.84438
-7.57159
-18.4828
-19.1653
-16.4503
-9.42309
-4.91008
-4.27153
-7.1313
-12.0265
-16.7208
-23.0693
-27.1213
-29.3634
-26.8959
-19.3035
-14.4437
-13.7169
-16.1809
-16.8968
-15.3053
-16.2336
-19.3612
-20.2816
-18.5099
-17.6674
-17.9443
-17.385
-16.2039
-14.8993
-15.4546
-16.9128
-30.5091
-25.4215
-21.233
-19.3321
-20.4979
-22.3553
-23.0762
-24.1659
-27.073
-28.0485
-24.6936
-21.5797
-21.7176
-22.9006
-24.8048
-27.8137
-32.2133
-33.6027
-28.0379
-22.4885
-19.3451
-18.0577
-18.0162
-18.77
-19.7409
-22.4022
-26.3096
-27.6671
-26.9503
-28.123
-29.4653
-27.7347
-22.8693
-19.7659
-19.9348
-23.238
-24.3312
-20.9377
-19.2644
-21.8891
-25.7677
-27.64
-25.619
-26.4235
-14.3761
30.9465
38.3196
51.7396
57.3942
65.237
72.2217
76.5357
78.9236
79.7028
79.2194
78.3752
77.7151
78.2891
79.0421
79.7145
78.9922
76.4547
71.7479
66.5142
62.7866
62.5202
58.3427
56.7225
54.8943
53.4191
52.1162
49.1793
41.5313
33.9125
29.9897
29.8075
27.0296
26.6734
24.7655
23.0716
22.6184
22.8889
23.0407
19.9656
13.1326
2.05453
-5.28162
-9.90784
-14.5548
-18.7647
-19.8722
-11.6082
-4.82577
-1.7238
-2.65769
-7.15094
-10.592
-7.66123
-4.94051
-5.06752
-8.04279
-12.7438
-12.5558
-10.0298
-10.288
-13.2481
-16.2274
-18.2295
-21.0592
-25.069
-26.9193
-22.9741
-13.0354
-6.85375
-3.7946
-4.54665
-8.72729
-9.73376
-35.1652
-30.2237
-26.0549
-26.3271
-26.3163
-22.7949
-18.7547
-19.1568
-23.748
-29.9865
-34.0357
-36.2051
-36.9631
-32.3461
-24.6998
-22.5928
-24.6338
-29.9236
-35.8829
-35.7361
-35.6009
-32.7469
-30.111
-30.1697
-31.2522
-30.3172
-25.6678
-23.2174
-21.9094
-20.3343
-18.7873
-17.0108
-15.5927
-15.9895
-19.162
-24.4268
-28.1321
-27.2495
-25.4161
-25.9602
-30.9544
-33.5064
-26.7028
-20.3043
-16.6679
24.6182
39.0481
50.4572
59.2413
61.6338
59.5979
54.3654
48.5954
39.9002
26.6052
39.9321
41.0912
48.881
54.9205
59.67
66.5399
71.7674
75.2561
76.4999
76.2487
75.0055
72.3201
69.0213
65.3481
59.6258
51.3296
45.0381
39.4691
42.2155
42.7696
40.7235
35.6813
34.5301
32.5063
27.4856
17.4546
8.64667
6.258
9.40737
9.0385
6.82507
3.1923
-1.80795
-9.67899
-18.2097
-21.1653
-19.8827
-10.6642
-4.29397
-1.91088
-1.61399
-1.4719
-1.6733
-4.29734
-9.90808
-15.1725
-15.6925
-15.5839
-15.536
-16.8466
-14.791
-10.1682
-6.63358
-5.6495
-7.37493
-10.5902
-10.4734
-5.93897
-1.89604
-0.716874
-1.76087
-3.43433
-3.89404
-18.9096
-23.3948
-21.5981
-17.2056
-13.4611
-10.5213
-9.93852
-12.1839
-16.9648
-19.3652
-17.371
-16.9547
-16.8011
-15.6941
-15.0381
-14.1844
-14.0043
-16.3424
-21.9767
-27.7998
-24.9072
-20.1976
-16.3983
-15.3302
-18.1021
-23.034
-23.5505
-19.7331
-17.6405
-18.693
-22.1177
-27.3194
-29.7757
-28.2492
-27.0049
-27.3544
-27.6464
-26.5362
-26.2137
-28.0376
-29.6345
-28.7786
-27.1122
-26.1588
-15.9793
15.8951
37.3541
50.688
57.4613
66.133
70.9562
72.4127
72.952
74.6597
77.4325
79.2102
80.1151
80.5044
80.762
81.2413
81.2384
80.6295
79.4034
77.4965
74.4048
70.5131
67.971
64.4595
60.6215
58.5683
55.9007
51.9983
48.2907
44.4886
38.1724
33.3033
30.6591
28.0851
23.9847
20.924
18.6487
21.4048
22.7242
20.6026
14.5618
5.05971
-2.94977
-4.64953
-4.47405
-6.62913
-10.8506
-11.7099
-10.8772
-10.9049
-10.3893
-8.75794
-7.42001
-5.94638
-3.64248
-3.17519
-5.69088
-9.34806
-9.55965
-6.64805
-3.09348
-0.985575
-0.675243
0.354324
2.37055
2.38843
-0.827243
-2.92724
-0.685623
0.34647
-0.931923
-1.9748
-1.45311
-1.24961
-16.6386
-19.4138
-21.9436
-23.5822
-24.6439
-24.8192
-23.4281
-22.5764
-22.9414
-23.1374
-22.2933
-21.1477
-19.1751
-16.4506
-14.3941
-13.9033
-15.3452
-19.2576
-24.3445
-24.3323
-19.8025
-14.3176
-10.6902
-9.90372
-11.8726
-15.7206
-19.7873
-20.8142
-16.8879
-14.9613
-17.3817
-24.1457
-29.3329
-26.5974
-25.5296
-28.6897
-33.7641
-35.4527
-33.061
-29.9475
-26.992
-24.3874
-23.2843
-24.9454
-13.0176
23.0513
41.69
55.5696
62.2152
65.003
64.6772
63.1891
64.665
69.4339
74.7958
78.3525
79.3353
77.6156
73.3798
67.9296
64.3067
66.0179
68.219
68.4713
68.1843
67.1227
64.3361
61.6427
59.0264
56.3412
53.27
50.245
46.1299
40.3206
36.0072
29.6349
26.9956
27.9085
28.0271
26.1728
23.9608
21.5704
19.7057
16.3953
11.3363
4.89953
0.574674
-1.54112
-4.60108
-8.12991
-9.77214
-9.79773
-9.77632
-7.71729
-5.41618
-4.70233
-4.56543
-4.60606
-4.69467
-4.91139
-6.16655
-8.06694
-7.52649
-4.77159
-3.9927
-5.97398
-8.08371
-6.36578
-2.96553
-1.8224
-3.51447
-7.0284
-8.35429
-7.15196
-5.53056
-1.59184
2.70199
4.77289
-18.3662
-15.35
-14.7412
-17.3176
-22.3582
-22.3947
-19.0454
-17.6668
-18.7696
-21.1554
-23.8421
-24.6707
-24.0895
-24.6081
-24.4744
-22.6923
-19.9271
-16.8704
-14.4814
-13.3566
-13.4455
-13.1664
-12.1065
-12.4743
-13.4478
-14.6477
-16.5584
-19.4766
-18.925
-16.5946
-16.5904
-17.8216
-16.4455
-13.7534
-12.8565
-13.8966
-14.943
-16.1573
-18.3249
-21.2136
-24.5071
-29.2568
-34.4717
-33.3477
-16.1874
27.2612
37.6297
49.5084
59.014
67.7117
73.7813
77.3659
78.8764
79.1166
78.7348
77.9398
78.3525
81.0617
83.7664
85.0413
84.7973
83.2557
80.6236
76.9141
72.6456
68.1109
64.7134
62.8455
62.903
63.1017
62.0778
58.991
52.5593
41.9992
27.4104
15.6085
11.2119
13.8672
14.7538
16.6555
16.6418
15.1081
10.724
7.3706
4.49486
2.5268
-1.2639
-5.85432
-6.66567
-4.87636
-5.51478
-8.70314
-11.8144
-9.34356
-7.41292
-8.64998
-11.8934
-13.0541
-9.1259
-4.36805
-1.46655
-1.2427
-3.21993
-6.57101
-8.87856
-8.59256
-7.39887
-5.05658
-1.59938
2.14631
4.70257
5.42749
4.08686
1.92434
1.46656
1.5716
-0.557718
-5.44573
-21.2099
-15.9952
-13.2433
-14.5743
-19.0729
-22.5762
-22.5408
-24.0802
-29.0866
-33.4908
-29.9924
-25.7027
-23.0337
-22.3443
-22.1724
-17.1027
-12.4779
-11.3628
-14.2212
-21.284
-27.6584
-24.9577
-22.6669
-22.2069
-20.5228
-14.9874
-10.6988
-9.62742
-12.2033
-17.1786
-19.8522
-18.5987
-14.6488
-12.393
-12.0994
-11.1909
-9.89287
-10.4821
-13.7681
-19.617
-26.0157
-32.3891
-32.6875
-28.379
-19.4503
26.3894
42.3819
56.7399
64.5089
70.8503
74.8909
78.2533
81.6369
84.1907
85.4356
86.1024
86.473
85.9183
84.0534
80.64
75.6857
70.2742
68.0809
70.0234
72.024
73.3207
73.3648
72.0882
69.7834
65.8959
59.8052
52.2546
45.9101
39.2697
31.9188
27.9376
18.3937
17.5648
19.7077
22.0229
21.6331
18.3521
11.5401
4.1249
2.53353
5.12928
5.6001
3.91987
4.15696
5.18176
3.31057
-1.30261
-4.65086
-5.39259
-6.40672
-5.80662
-2.90626
-0.492799
-0.662746
-2.20874
-3.25261
-3.80377
-5.02008
-4.35183
-2.27558
-1.90415
-3.30978
-3.21822
-1.24158
-0.621821
-1.66513
-2.65312
-1.88633
-1.4479
-3.10593
-6.70344
-9.70838
-10.8828
-17.1582
-16.0772
-14.8877
-13.2299
-12.2661
-12.8922
-14.8392
-17.054
-19.5559
-22.1865
-25.2834
-27.6698
-23.8882
-17.551
-13.0558
-10.0934
-9.22702
-10.991
-14.4866
-16.577
-15.9056
-15.2048
-15.926
-17.6728
-17.1268
-14.8056
-14.3238
-16.6037
-19.8344
-21.417
-20.3866
-18.2029
-15.4924
-12.5606
-11.6023
-13.9622
-18.4691
-20.1168
-18.2338
-16.0904
-15.81
-16.8714
-17.9133
-20.4445
-9.34554
6.17779
34.2707
43.4439
50.9309
54.7826
60.0943
65.1025
67.1477
66.0272
63.8337
60.6662
56.9869
56.8327
60.8453
63.9272
65.2667
66.6671
69.6846
72.3417
73.7583
74.6342
74.8899
74.5084
73.4053
71.4857
68.0681
62.3631
53.6557
42.6582
36.9266
34.4136
28.8724
21.353
17.9748
18.9444
18.4824
14.4223
5.94563
1.79003
3.45862
3.51791
2.2071
0.908023
0.105012
-1.31337
-1.97067
-2.3517
-4.68638
-8.39043
-8.9405
-6.88382
-5.20245
-5.62062
-8.36729
-11.3812
-11.449
-9.99316
-11.5094
-14.7705
-17.4227
-20.5448
-17.9063
-12.6901
-7.65949
-6.18829
-8.25345
-11.712
-12.4594
-12.5468
-13.8424
-16.5758
-21.0065
-26.6573
-14.9237
-12.957
-13.5864
-17.3217
-22.1373
-24.1208
-23.2973
-22.9616
-22.1117
-22.2381
-23.4579
-24.4902
-22.1414
-18.0475
-14.3827
-12.3295
-12.8084
-15.6533
-19.4501
-21.0083
-18.9433
-16.1446
-16.5901
-19.4278
-18.5862
-15.0507
-13.6955
-14.7948
-17.127
-17.8378
-15.0206
-12.3057
-11.1967
-10.9267
-10.3984
-10.6466
-12.4822
-15.9965
-19.7229
-21.3707
-21.7111
-23.3506
-27.1537
-25.1399
-8.29688
20.6695
39.4281
53.1254
61.3069
68.4339
72.7022
74.7084
74.7904
73.4105
70.5297
66.9577
64.0521
63.2718
62.3639
59.576
54.6226
53.3064
57.4456
61.5528
63.111
62.4587
60.3482
57.0134
54.115
52.1683
50.5027
48.213
43.149
36.5558
30.4552
24.5148
22.2411
19.9756
16.3255
13.1289
9.50397
4.28441
-4.53973
-7.48644
-5.23682
-4.82391
-7.58988
-8.19311
-3.39445
1.2626
2.52403
0.323631
-4.24694
-9.65698
-13.2409
-12.404
-11.2111
-13.2448
-16.8754
-16.4078
-13.7132
-13.671
-14.1676
-15.0144
-15.302
-12.0104
-8.40629
-7.04064
-8.51784
-11.0366
-11.1812
-7.84003
-5.28812
-4.67312
-6.49297
-10.9298
-15.5452
-13.4931
-16.7602
-19.3926
-18.9893
-17.4287
-17.2103
-16.946
-15.8504
-14.7459
-14.6602
-14.7689
-14.3258
-12.1286
-9.2763
-8.69867
-11.6756
-17.7046
-20.1011
-18.4972
-17.9342
-19.6957
-17.6846
-13.3964
-11.891
-14.3099
-18.9219
-16.148
-11.7723
-10.8964
-13.4489
-15.919
-16.783
-18.4701
-22.3609
-25.9454
-26.9358
-24.6555
-17.8241
-13.537
-13.6373
-17.9756
-21.93
-20.3749
-19.2975
-19.7949
-10.5176
26.4246
37.6224
48.0353
53.9329
57.7839
59.5616
59.98
59.7194
59.3232
58.6377
56.0482
58.7403
64.2789
69.3569
72.7566
74.8005
75.6465
75.5014
74.3193
72.5226
70.2702
67.4083
64.6896
62.9021
61.4559
58.7886
54.2473
47.6374
40.6453
32.5222
28.7989
25.2359
21.7273
19.0607
16.9952
13.5255
8.39351
3.94198
2.48105
-0.715407
-6.277
-9.61549
-7.73438
-3.48684
-0.892338
-1.00418
-3.03527
-6.23652
-7.65148
-3.91486
1.36654
3.96888
3.2918
0.399302
-1.90676
-3.63647
-6.771
-11.688
-12.0619
-9.35127
-9.10699
-11.8207
-15.6303
-15.5022
-9.23167
-2.84252
0.289024
0.606726
-0.0789525
-0.641571
-2.15895
-5.02171
-6.79272
-10.9602
-11.3624
-12.7373
-15.2517
-18.4199
-18.1213
-15.6667
-14.594
-15.3682
-17.9899
-21.0218
-20.9606
-18.6856
-18.1155
-18.6719
-16.2368
-12.0435
-9.21997
-9.00022
-11.4736
-16.1358
-20.4407
-23.1666
-24.2953
-24.1388
-20.633
-17.4773
-17.8087
-20.713
-22.9923
-20.8306
-18.408
-16.8002
-17.5634
-20.4502
-21.2243
-16.4543
-12.8603
-13.0811
-15.2753
-14.9868
-12.9778
-13.6113
-15.7289
-2.74549
12.671
32.4883
46.6232
53.5903
60.0036
63.5575
64.6904
65.6883
67.8068
70.7218
73.4832
74.5534
74.4001
72.8858
70.1715
66.4958
62.8703
60.2605
58.9346
57.7537
56.7582
55.2175
53.2956
51.2648
48.0889
43.3939
37.5673
33.4762
31.5063
30.8415
26.0016
21.8813
20.1984
16.4837
13.732
12.686
9.68236
1.75791
-6.52455
-9.37714
-6.92118
-3.83506
-3.3379
-6.34244
-9.10698
-4.98767
-1.43434
-1.89001
-5.90208
-9.18454
-7.95399
-6.07686
-4.2801
-2.75798
-2.67221
-4.49991
-7.21552
-5.47004
-1.60435
-0.005782
-0.018729
-1.07008
-3.13621
-4.64209
-3.19984
-2.00065
-2.5048
-3.27552
-4.25954
-7.23133
-11.3206
-10.8077
-7.29359
-24.7813
-23.4699
-20.8654
-19.7653
-18.0044
-14.6465
-13.285
-15.3552
-20.2422
-23.8433
-22.3572
-18.088
-13.7355
-11.169
-10.7109
-11.9766
-13.3779
-14.9953
-16.8856
-16.9651
-15.7942
-17.2633
-21.5936
-24.6273
-23.2068
-23.206
-26.1801
-30.5469
-29.5975
-25.0726
-22.1055
-21.4354
-22.0391
-21.2458
-20.5652
-21.2668
-20.8928
-19.9841
-20.5178
-22.5101
-21.814
-18.4769
-16.942
-14.9043
-3.40679
21.7067
34.8519
44.4881
49.0055
54.1654
59.3131
62.7707
63.9281
63.4211
62.1311
60.2532
59.5206
60.393
63.1855
65.3558
65.9838
65.1968
63.1386
60.8262
58.7112
56.854
54.9975
53.9525
53.5305
52.4865
49.3004
43.5752
32.5626
22.9446
24.5005
24.8672
23.8579
21.3603
17.8355
17.6876
17.8524
14.3033
5.4991
-4.40886
-9.32491
-9.37762
-5.92933
-3.30971
-2.85432
-4.27259
-5.19067
-5.48478
-7.57866
-8.64386
-6.94308
-5.49793
-4.54498
-1.46278
1.62091
1.42005
-3.26471
-10.0572
-4.8461
1.12623
2.64077
0.338651
-3.38413
-5.21746
-6.08604
-7.50104
-9.43998
-12.1078
-14.034
-15.0151
-14.3174
-12.6595
-11.7925
-11.5651
-15.8551
-17.6114
-18.0942
-18.2943
-16.8467
-14.6668
-14.7362
-17.6041
-21.3007
-22.2221
-22.6845
-24.1639
-23.8821
-21.734
-20.7699
-20.5205
-20.1647
-19.898
-19.8353
-18.8135
-18.6738
-19.1778
-18.9807
-17.7779
-16.769
-15.5392
-14.2501
-13.5281
-13.4395
-12.8602
-12.7869
-15.0856
-19.9774
-25.0858
-26.9506
-25.4057
-22.1086
-18.6025
-13.9688
-10.2131
-9.56053
-12.3193
-17.1491
-20.4402
-3.50834
21.5162
34.3761
49.0086
56.6207
62.6258
66.205
68.1476
69.2403
69.4972
68.8477
67.8037
66.509
65.8037
64.0849
61.1326
58.4687
59.7811
63.2236
64.9444
64.7712
63.1337
60.457
56.2562
50.7129
45.4279
41.4497
35.5682
24.3058
19.3482
26.2333
28.855
26.4766
21.6824
17.0456
16.1178
14.8096
9.99372
1.88347
-2.02611
0.277129
1.3117
0.892526
-0.673053
-3.49906
-5.32023
-2.63962
1.37833
2.17507
-0.980077
-5.54691
-4.26129
-0.0631346
2.11449
1.72397
-1.27419
-5.87121
-8.75382
-8.28769
-5.02282
-2.5432
-2.13604
-3.93076
-7.31967
-10.0964
-9.54607
-7.28169
-7.95045
-12.0285
-15.4711
-13.3849
-8.09868
-2.24794
1.31276
-20.529
-22.0171
-22.9546
-22.0888
-21.1123
-21.9333
-24.8393
-30.0296
-36.6237
-40.8979
-39.9965
-37.8366
-37.3519
-34.5421
-27.8387
-22.3728
-19.5193
-19.0758
-20.4711
-22.9565
-24.1641
-20.4757
-16.109
-14.2059
-15.1477
-17.9389
-20.8097
-21.9945
-21.8664
-20.0201
-17.8852
-17.0248
-18.2028
-20.4572
-21.9853
-22.3745
-20.1562
-17.1447
-16.3193
-18.3727
-21.6952
-25.4533
-29.4158
-23.8241
-7.46474
19.1217
32.1334
42.6755
47.796
54.8998
59.6141
61.4694
60.4769
57.8098
55.6287
55.0158
55.1173
57.0125
60.2993
63.5872
65.4419
66.0168
65.9446
64.9066
62.4077
58.5225
54.139
50.6373
46.6407
41.2323
34.7169
28.5367
21.881
18.274
24.1033
25.3996
23.7875
19.9506
15.338
14.4234
13.4004
10.0455
4.24849
0.0242812
-5.7659
-12.5922
-15.9616
-15.5094
-8.72763
-3.14761
0.267033
0.6357
-1.83601
-6.8667
-11.0379
-11.5783
-13.0084
-14.4086
-13.9038
-13.7891
-15.6094
-17.4647
-17.0267
-15.1557
-13.5894
-12.3235
-12.1235
-12.821
-12.4916
-11.6857
-12.6401
-16.0219
-19.9254
-19.5288
-14.8056
-10.0668
-6.23194
-4.38692
-16.9305
-17.5543
-20.055
-22.3867
-23.2877
-22.3237
-21.686
-22.8516
-27.4504
-33.8408
-33.1754
-27.2013
-23.2997
-22.0432
-23.9478
-28.5767
-30.8988
-27.5798
-24.0613
-23.2708
-24.3449
-25.5489
-27.6471
-31.4343
-32.3324
-26.606
-22.4144
-21.9925
-23.1616
-23.3303
-21.0187
-19.0092
-18.0937
-18.1316
-19.5103
-22.0603
-24.2074
-24.2599
-21.2604
-15.7754
-12.2448
-11.8458
-14.5329
-16.8889
-11.0999
7.39566
25.0613
40.0364
45.5551
51.1894
54.8424
56.4388
57.0982
58.2176
60.4711
62.648
63.0697
61.6579
59.2605
56.5534
53.1011
50.8886
50.973
52.1039
53.2366
54.6358
55.1751
54.663
52.3068
48.6148
43.3507
38.1244
31.5773
27.4624
26.5663
23.98
18.869
13.4977
12.5777
15.1909
16.7428
15.7558
11.7504
4.56039
-6.19932
-14.0605
-13.0425
-10.6164
-7.07261
-3.53919
-1.66053
-1.74725
-3.75099
-5.81541
-5.78243
-4.3051
-4.97602
-8.79435
-13.2112
-12.8561
-10.7337
-8.53587
-6.46834
-5.89219
-8.11393
-13.4491
-17.8555
-15.8097
-13.4755
-14.1605
-16.6777
-18.8888
-17.6825
-13.9381
-9.64188
-6.32337
-5.0494
-6.78876
-22.7301
-25.1755
-29.2625
-30.5456
-29.2455
-28.4319
-29.3417
-32.8546
-36.8731
-39.5737
-37.2765
-32.1436
-28.7518
-27.0724
-25.7923
-24.4876
-24.5223
-25.5033
-24.6523
-21.5926
-19.2031
-19.9154
-23.5405
-27.4006
-28.7901
-29.7514
-30.8521
-28.9856
-25.7916
-21.8582
-16.7769
-14.3713
-15.6979
-20.5765
-24.524
-22.9583
-20.9347
-20.3789
-19.4602
-16.0136
-12.4987
-12.3553
-15.9269
-19.158
-15.7058
16.3812
27.0803
39.8162
46.0426
50.9568
54.1901
56.6505
58.1277
57.8544
56.3697
54.7297
54.102
55.2087
56.1307
55.116
52.6319
49.3557
48.5557
50.2084
51.4305
51.4649
50.5391
48.3511
45.4366
41.0089
36.559
30.2516
24.5913
19.9988
18.9264
17.9226
13.8791
10.6337
8.09168
6.59244
5.6632
4.71025
1.57454
-3.37242
-9.07039
-13.2775
-15.7191
-15.7481
-12.9922
-11.746
-11.8154
-12.6816
-11.9031
-7.04339
-2.8868
-2.0528
-4.04834
-5.8924
-5.20613
-4.85173
-6.24397
-8.40026
-9.0363
-9.05265
-9.92147
-10.7077
-10.636
-11.2645
-12.2055
-11.2863
-9.95049
-9.6941
-9.95714
-8.44517
-3.9719
-0.40138
-0.431804
-4.47518
-18.8257
-18.42
-21.6531
-26.3948
-28.2351
-27.492
-27.257
-27.7859
-29.9655
-34.3901
-38.9308
-38.4
-35.4301
-33.0898
-30.1361
-26.579
-20.9506
-16.2255
-14.104
-14.8116
-17.35
-18.0156
-16.318
-14.7475
-15.0485
-17.0089
-19.7849
-21.8419
-22.952
-23.4103
-21.6018
-18.9546
-18.2382
-19.427
-21.0909
-22.4455
-22.8227
-22.7604
-23.203
-23.0872
-22.7193
-23.7743
-27.4925
-29.016
-24.1584
6.22762
25.3297
39.1844
44.0462
50.5758
53.9701
54.5018
52.3235
49.8933
49.9908
51.0518
50.5218
48.1344
47.3925
50.3334
53.0253
55.402
57.1672
57.5826
56.9165
55.2087
52.7371
50.3227
47.5906
44.7973
42.3152
39.0096
31.9652
22.9885
18.8575
14.1206
11.1832
9.45866
8.82022
8.02594
4.4961
-0.818386
-7.15999
-7.57821
-5.74818
-6.45805
-8.24662
-9.86649
-11.7426
-13.3877
-11.3978
-7.84763
-5.53967
-3.76877
-2.45798
-2.99958
-6.07761
-10.6186
-14.4642
-15.837
-13.8024
-11.8414
-13.1128
-16.5078
-18.0816
-16.3816
-16.3609
-17.821
-16.2133
-11.2228
-8.16107
-8.74304
-12.367
-14.2629
-10.4977
-7.64005
-7.91834
-11.2452
-20.264
-19.7398
-22.4438
-25.3953
-22.9393
-18.4355
-16.7803
-18.1208
-21.3108
-23.4316
-24.371
-26.4249
-31.3742
-36.5312
-31.8195
-25.5385
-19.6859
-15.4493
-13.765
-15.0366
-18.3902
-20.2629
-19.6493
-20.1881
-23.176
-25.6806
-24.8893
-24.6018
-22.5955
-18.5027
-15.8356
-16.3186
-18.78
-20.3859
-21.6587
-24.4446
-28.106
-26.1472
-21.9627
-20.7166
-22.9317
-27.9369
-31.8686
-31.1644
-22.181
16.7084
33.1582
44.1213
51.373
56.1206
59.4797
61.5567
62.7312
63.1638
63.281
63.672
63.1427
61.8555
59.1112
56.3463
55.2969
55.884
56.0601
54.8493
52.6214
52.1146
52.815
52.6881
50.986
47.7719
43.3137
37.4355
30.3742
22.1645
20.0086
15.5071
14.3346
14.0028
11.5908
8.48037
7.26395
6.84946
4.45218
0.940996
-5.54165
-10.6205
-11.143
-10.3445
-10.1342
-9.99789
-7.82697
-3.74621
-1.61808
-2.85324
-7.53089
-13.6913
-16.0957
-15.0767
-13.1444
-10.5971
-8.53239
-8.30467
-9.9712
-12.5735
-15.3714
-19.1147
-23.4625
-23.4563
-18.6907
-13.5953
-7.90811
-3.70169
-3.17825
-6.92937
-14.0487
-15.6857
-10.872
-8.91148
-18.3832
-19.6706
-20.9257
-22.9847
-21.8159
-18.5736
-16.0637
-15.1173
-15.7259
-17.4835
-20.0887
-23.534
-27.2792
-28.9724
-28.5629
-25.6007
-22.446
-22.1334
-24.5015
-25.8241
-21.5537
-16.7518
-14.8785
-16.2262
-19.1766
-19.7132
-17.9394
-18.0111
-20.5538
-22.2962
-20.5427
-18.8265
-18.5107
-19.3072
-21.4225
-25.2539
-26.3432
-20.7412
-16.1529
-15.3101
-18.2836
-24.431
-28.8977
-24.7405
-12.3779
25.0371
42.214
54.0684
62.5992
68.5159
71.6635
72.2928
71.3205
70.0265
69.1457
68.1785
67.3555
67.9747
69.0609
69.0407
67.337
65.0166
63.6435
63.4446
63.073
62.1555
60.7109
59.2473
57.2105
54.8238
51.6099
47.2782
41.1103
33.5129
25.423
18.6616
15.6814
13.2565
13.2453
16.4675
17.7956
15.7354
10.2692
3.94859
-1.38699
-6.66806
-11.0099
-11.4696
-8.58288
-6.71895
-7.15411
-9.78662
-13.0315
-13.7757
-11.694
-9.78959
-9.28141
-10.0096
-11.0834
-11.1732
-10.9578
-10.5829
-11.1711
-13.2731
-17.9101
-22.1041
-23.0707
-19.76
-15.6577
-12.5167
-9.72602
-7.8422
-7.81831
-9.57807
-11.3511
-10.482
-9.33972
-9.07302
-19.5636
-20.9352
-24.1201
-26.9985
-23.8957
-20.0837
-19.428
-22.3004
-27.9491
-33.8442
-37.5298
-39.1587
-39.6164
-36.6048
-31.8508
-27.6322
-24.4666
-23.3837
-24.8259
-26.3032
-23.9463
-20.9213
-20.6799
-23.5408
-28.3747
-32.548
-34.4683
-34.2088
-30.7383
-22.3239
-16.553
-15.0359
-17.2964
-22.1127
-25.2785
-25.9643
-26.3176
-27.5191
-26.8014
-23.9508
-22.3258
-23.3604
-25.9772
-17.2065
-8.91458
24.8538
45.8921
56.2575
62.6099
66.4288
68.1804
69.0037
69.3968
69.9795
70.9248
71.9167
72.2541
71.2093
68.7923
66.8224
66.915
69.1834
71.643
72.663
72.0085
69.9946
67.301
64.7498
63.4612
62.9814
61.5141
57.9698
51.2439
40.8493
31.1116
25.6062
26.0034
25.5853
24.2278
22.0766
19.1393
15.3496
12.2033
9.79069
7.07229
3.16351
-0.46129
-2.04153
-3.29379
-6.15249
-10.0348
-13.5022
-16.4817
-14.8971
-8.41548
-4.02498
-3.35073
-4.62743
-3.02915
-0.190227
0.199684
-1.49914
-2.97625
-4.47698
-8.32594
-14.3923
-15.8441
-12.8335
-11.6636
-12.9002
-14.0999
-12.3572
-9.59039
-7.27942
-5.3106
-3.38145
-2.05998
-2.6498
-27.5548
-29.6848
-32.4604
-31.5308
-27.2289
-23.0816
-20.3938
-20.0097
-21.6434
-22.9288
-23.0947
-24.8642
-28.3575
-29.6917
-29.2354
-29.8569
-27.9885
-25.0962
-24.4349
-25.2243
-22.7735
-17.2857
-14.7409
-15.6853
-19.1283
-22.2852
-24.4498
-25.137
-22.676
-19.0654
-17.6221
-19.469
-24.821
-32.1377
-36.0432
-31.8307
-27.0024
-25.546
-26.1301
-25.5811
-25.1352
-26.838
-29.9793
-9.02437
8.0399
35.2287
53.0071
64.5092
73.7346
80.0305
83.675
84.7368
84.1051
82.6088
80.778
78.8692
77.1369
76.2487
75.334
73.4284
71.8876
72.0682
73.0852
73.9183
73.8319
72.9471
71.728
71.3282
70.9507
69.1765
65.8834
61.4116
55.9965
47.9625
37.0904
28.5139
26.6457
27.7098
28.5193
27.196
23.0629
17.6321
13.5412
12.0651
11.4529
11.767
11.6917
9.29321
4.4374
-2.84601
-9.278
-13.3835
-15.6992
-13.4174
-6.6297
-2.24967
-1.22942
-3.03572
-6.02179
-8.36234
-10.5439
-12.5805
-14.7407
-17.2754
-20.0123
-21.6356
-21.0455
-19.9613
-19.468
-19.2373
-18.3979
-16.8539
-15.2615
-14.4169
-14.5287
-13.5496
-10.9862
-9.40296
-27.9621
-28.9617
-26.4167
-23.3189
-21.5296
-21.8611
-23.5075
-25.8189
-26.875
-25.8442
-23.8376
-21.4651
-18.7736
-15.8895
-14.1969
-14.5105
-17.5538
-21.318
-21.5692
-20.021
-19.0347
-18.1707
-17.1199
-16.9696
-18.3663
-20.6875
-22.1575
-22.5242
-21.4239
-19.8281
-19.7792
-22.6675
-28.6244
-33.4577
-32.5588
-31.0784
-31.084
-30.3902
-27.3738
-25.4197
-24.6088
-23.4672
-22.5785
-0.94256
22.479
47.9346
64.8456
76.9077
84.6053
88.7553
90.1169
89.8906
89.0401
87.9318
86.6103
84.9821
83.7479
84.5422
86.2848
86.6684
85.0728
82.4982
80.5569
79.4801
78.7479
77.8782
76.8953
76.0984
75.702
75.0762
73.0987
69.4814
63.7666
56.3395
47.0831
37.9874
31.8787
28.1301
27.6532
27.979
26.2854
22.1269
16.3166
11.2679
8.35193
11.4307
13.7442
12.53
7.56227
0.846958
-4.73207
-7.84366
-11.4069
-15.0876
-12.6388
-7.57249
-5.12162
-5.22706
-6.24689
-7.81858
-11.151
-17.353
-23.6229
-21.275
-16.9865
-15.3343
-16.1841
-19.2287
-22.3179
-18.4731
-12.3261
-9.08279
-8.51235
-8.32229
-4.76137
-0.512484
0.784914
-0.99712
-28.2249
-26.4215
-25.1648
-26.9907
-30.7328
-31.3702
-30.2212
-28.7713
-26.7014
-25.0028
-24.4807
-23.1574
-20.6376
-19.4958
-20.5035
-22.3933
-23.8108
-26.0809
-28.8993
-28.6346
-26.1357
-25.3869
-26.6967
-25.5567
-20.0911
-17.1035
-18.3946
-23.8236
-31.0317
-33.171
-31.688
-32.2532
-34.8846
-36.4327
-32.4468
-27.7142
-25.0364
-23.6252
-22.8694
-23.4677
-22.8861
-20.9162
-20.1418
2.08158
27.3511
47.5007
63.4645
75.0361
84.0884
90.7383
94.4606
95.0885
93.5127
92.0515
92.2114
93.1261
93.6174
93.0896
91.7083
90.3297
89.1727
88.1568
87.327
86.5001
84.9787
82.8879
81.4891
81.229
82.0625
82.6644
81.7861
78.5121
72.4542
63.046
51.0697
42.2126
35.367
28.7623
27.2414
28.8262
29.3953
28.3892
25.3212
20.1034
14.8412
17.2031
21.6371
22.6062
19.8358
13.6251
5.80827
-3.07194
-10.4563
-13.0911
-9.62103
-8.11039
-10.3169
-14.5858
-16.2732
-16.8649
-19.5447
-23.1694
-22.0221
-17.6019
-14.6785
-13.5411
-12.9311
-11.9108
-10.6478
-8.87907
-7.16216
-6.62844
-7.22178
-7.57815
-6.53965
-6.0907
-7.65812
-10.4025
-29.2338
-30.4687
-30.3475
-30.1953
-30.4021
-29.6364
-28.1214
-26.888
-24.8473
-23.3681
-24.1711
-27.2412
-29.4479
-29.7954
-31.1139
-33.1997
-31.9469
-27.8624
-24.9281
-24.6955
-25.8826
-27.0561
-28.524
-29.2606
-24.8303
-19.2656
-17.2809
-19.5239
-25.6532
-32.5051
-35.223
-34.7696
-33.5398
-32.5623
-32.2682
-30.8398
-26.0904
-21.7588
-19.9702
-20.4171
-21.3325
-20.4219
-18.5831
2.94407
21.7124
43.7094
60.6581
72.5199
81.1289
87.1071
91.6371
95.4911
98.3275
99.5635
99.2474
97.5283
95.159
93.8033
93.6701
93.1624
91.983
91.0211
90.3668
89.6164
88.8069
88.7542
89.6895
90.8012
90.784
89.0213
85.7281
81.2994
75.2046
66.1892
53.3769
43.9485
45.9476
47.9217
47.2755
44.7233
42.1086
40.4042
38.0144
34.6227
32.7725
33.5607
33.9899
32.078
27.116
19.3037
11.5424
7.48378
4.48699
-0.231567
-5.42384
-9.55483
-9.15083
-4.24196
-1.31011
-2.16682
-6.25798
-11.1233
-13.2073
-12.2824
-9.92587
-9.04766
-10.7207
-12.8435
-11.7032
-9.70363
-9.22276
-10.6843
-14.2721
-19.6731
-21.912
-19.6244
-18.4823
-18.506
-20.6332
-18.1836
-18.8827
-21.4092
-24.0739
-27.2108
-31.6175
-34.1631
-29.6224
-23.6791
-20.7964
-21.4639
-24.4181
-26.6953
-27.7258
-29.8168
-32.1537
-31.8689
-29.7818
-28.727
-28.9266
-29.1623
-28.9058
-28.6899
-28.0074
-26.0548
-24.7232
-25.3209
-26.4588
-26.0505
-25.5118
-26.9264
-28.3179
-26.299
-22.2351
-19.9244
-20.0595
-21.8007
-24.3045
-27.8723
-31.7807
-29.8011
-23.9611
2.0893
17.5394
36.8496
51.8751
62.0883
71.1774
78.0651
82.4778
84.8787
86.1037
87.0321
87.7619
88.5317
89.2687
89.9616
91.1544
92.6031
93.0447
91.8249
89.2826
86.4355
84.0666
82.6402
82.6075
83.3133
83.2252
82.4083
80.6366
76.8192
70.2663
60.5622
51.0089
49.1922
49.4696
48.8174
46.1004
42.2744
39.7227
38.8189
36.1801
31.6207
28.6789
28.8166
27.953
24.482
19.0626
14.3888
10.8391
6.58128
0.606815
-5.95509
-8.41985
-6.86248
-4.09301
-1.8395
-1.70569
-3.80975
-6.53147
-8.36232
-10.3655
-11.4496
-9.44797
-7.45297
-7.55067
-9.496
-11.5168
-12.575
-14.2036
-15.7777
-14.6197
-12.104
-11.8859
-14.3854
-16.9691
-16.3649
-19.2965
-18.197
-17.2183
-15.8473
-15.2725
-16.5303
-19.2866
-22.0742
-23.1189
-23.6395
-24.4992
-25.6014
-27.623
-29.1808
-27.525
-25.0128
-23.2456
-21.6798
-19.0426
-16.2437
-15.0203
-16.1319
-19.5252
-23.9787
-26.9934
-27.7507
-26.7536
-25.8663
-24.5711
-22.5606
-20.7192
-20.3813
-21.7775
-23.7273
-24.1787
-22.1353
-19.3116
-17.245
-17.0646
-19.5514
-24.0603
-26.3409
-23.4714
-4.43446
12.2635
29.7915
45.052
55.9975
66.9081
74.9105
79.3611
80.4323
79.4401
78.5551
79.0583
79.8503
79.9514
79.5705
78.9671
77.6698
75.0225
71.9761
73.4102
76.4998
77.343
75.9467
74.581
74.8592
75.6681
75.1458
72.8178
68.6553
62.4572
53.9443
46.3689
44.3003
43.7326
43.2866
42.5035
41.6053
40.0387
37.3462
33.6064
28.8314
24.048
19.9122
15.3161
9.91152
6.25817
5.5302
5.01317
3.27765
-0.348639
-4.5657
-6.7961
-6.35469
-5.78107
-6.91054
-9.50772
-12.0558
-12.9427
-13.0586
-12.9909
-10.558
-7.31865
-6.24122
-8.12753
-11.6993
-12.1959
-9.94513
-9.34167
-11.8553
-15.2357
-15.073
-13.3949
-13.492
-15.205
-16.5637
-16.9311
-17.4658
-19.7762
-21.4465
-21.7122
-21.9191
-23.0449
-25.8012
-30.8203
-36.4396
-32.8024
-26.7036
-24.6595
-25.8643
-26.6379
-25.1614
-24.4974
-25.1877
-24.8775
-23.1717
-20.1231
-17.0173
-15.9557
-17.2193
-19.2903
-20.9305
-23.5566
-26.0121
-26.1774
-24.6758
-22.6831
-20.8175
-20.1522
-21.1989
-21.9563
-18.8213
-15.0893
-13.1103
-12.2809
-12.4537
-14.3473
-17.7753
-20.4269
-14.3694
4.85204
24.7048
38.1642
48.2146
56.7864
63.7075
68.7014
71.9916
74.509
76.2027
76.5912
75.3899
73.5213
71.7053
70.4379
70.0832
71.2955
73.2583
74.2007
73.1568
69.9396
65.9474
64.1254
65.2778
66.2102
66.2137
64.8955
61.7885
56.0311
47.2468
36.6358
31.5348
25.1352
23.1252
25.1857
29.295
31.4572
30.3205
25.914
19.2763
12.6145
6.23773
-1.23473
-2.95844
-2.11163
-4.28448
-7.28322
-6.28189
-4.08447
-4.87267
-8.25451
-10.5176
-11.2824
-11.6522
-11.1195
-9.88043
-9.00986
-7.90775
-6.99435
-7.70275
-9.82449
-12.0519
-14.7383
-18.2533
-17.8191
-13.9354
-11.2916
-9.78289
-9.69095
-11.3367
-13.3921
-12.6959
-10.085
-8.26502
-20.9932
-19.8852
-19.8578
-18.9484
-17.6251
-18.2793
-21.8617
-26.9415
-28.6936
-26.9702
-25.6691
-25.5954
-26.5069
-26.4506
-23.6352
-20.4753
-19.7408
-22.2069
-26.9283
-28.0973
-24.6328
-23.0015
-24.349
-26.5273
-24.9374
-21.4895
-19.8074
-20.1845
-21.6643
-22.0882
-20.3355
-18.2601
-16.6369
-15.4452
-15.2955
-16.883
-19.3515
-21.6231
-23.1618
-23.3449
-21.971
-20.8884
-20.9473
-21.076
-5.66445
16.2091
34.8069
48.0675
57.3769
63.5813
67.8693
71.1425
73.7035
74.9257
75.0826
74.8814
74.7378
73.9061
71.5308
68.6983
66.9881
66.5112
65.982
64.7348
63.4595
62.524
61.6892
60.7424
59.5871
59.1385
58.5622
56.6976
52.8902
46.8364
40.2631
35.9369
33.0592
31.577
31.6384
32.0282
30.5643
26.5933
21.1189
18.7298
17.7357
14.9393
9.19388
1.58474
-4.77314
-9.26858
-13.3784
-16.4639
-18.1123
-17.3578
-15.5738
-14.1877
-14.1783
-14.0154
-12.7237
-10.6632
-8.74888
-7.77492
-8.13491
-9.50733
-10.48
-10.9435
-12.3297
-14.7918
-16.8898
-17.2863
-16.2883
-15.5638
-17.0291
-20.4793
-19.3532
-12.9862
-7.98027
-6.06393
-29.2072
-27.8927
-24.1004
-19.7277
-17.9602
-19.3207
-23.1712
-27.7371
-31.1113
-31.3162
-29.514
-30.195
-33.2165
-31.9905
-26.16
-22.1719
-21.2834
-23.2803
-26.0841
-25.9401
-25.0224
-25.7219
-28.3626
-31.1032
-30.4698
-26.2318
-21.8879
-19.5516
-19.5356
-19.8224
-18.2206
-17.0665
-18.9424
-23.2881
-25.4511
-23.4107
-21.7677
-21.8155
-22.982
-23.5925
-22.7975
-20.9234
-17.8207
-13.5179
-6.3133
20.0662
35.4212
47.8528
57.3736
64.7977
69.5592
71.8277
72.1377
71.8178
71.5234
70.9284
70.0119
69.5558
69.565
68.7021
66.7777
65.4168
65.4564
66.3682
66.5758
65.8198
64.4829
63.1312
61.7736
59.8994
58.2493
56.7699
54.0519
49.0568
41.1326
31.6815
25.0496
26.9874
34.054
38.4387
38.6838
34.4352
25.4063
13.8127
6.70091
4.58665
1.65803
-2.55415
-5.45636
-7.49789
-10.0828
-11.6377
-12.7495
-13.4835
-12.2952
-9.17352
-6.92748
-7.08251
-9.26373
-11.8542
-13.0478
-13.5974
-15.0295
-18.1375
-21.9397
-21.2947
-17.415
-13.6909
-10.1804
-8.09413
-8.10401
-10.2085
-12.5397
-10.3657
-3.7598
0.79747
1.50203
-1.84988
-26.2759
-25.7479
-22.87
-20.6417
-21.2971
-24.798
-28.4401
-29.2285
-29.9092
-31.0448
-29.664
-27.8949
-28.5344
-30.4643
-31.0516
-29.5381
-27.2879
-23.3154
-18.732
-16.4959
-17.4189
-21.0783
-23.894
-22.9833
-21.9601
-22.2185
-22.9055
-24.1446
-26.1473
-28.364
-27.6928
-23.9251
-21.3304
-21.4496
-23.4459
-23.8635
-21.9825
-20.7902
-20.9003
-21.6942
-23.0429
-25.5843
-27.6815
-18.0164
-7.92309
18.973
37.5038
49.3799
58.2392
64.9059
69.0776
71.35
72.435
72.795
72.505
71.3794
70.1138
69.4646
68.9427
67.6479
65.9083
64.8776
64.1523
62.8079
62.4905
63.7659
65.0422
65.4856
64.8472
63.05
59.3263
53.6145
46.3758
38.4789
31.9878
28.2897
23.3275
26.3475
32.6121
36.2184
35.78
31.1363
22.2899
12.5567
5.2393
-1.70762
-7.68524
-10.2202
-8.89515
-7.75494
-7.26611
-6.87032
-6.99217
-7.7128
-8.6599
-9.10434
-8.87045
-8.65056
-8.87433
-8.20798
-6.20383
-5.2506
-6.99574
-11.5977
-17.4193
-21.4053
-22.7938
-22.4988
-19.041
-14.5342
-10.8201
-8.27688
-7.14334
-6.53187
-3.21634
0.28961
0.814129
-2.18142
-14.5061
-15.3188
-19.1497
-24.6781
-28.3069
-29.8606
-27.9029
-23.9128
-22.1002
-23.5478
-26.6623
-28.15
-27.0469
-25.7168
-25.9306
-28.5175
-33.4857
-36.2701
-31.5927
-25.7585
-22.6376
-21.9786
-21.5799
-19.8487
-18.4162
-18.5566
-20.1916
-22.5906
-25.2858
-28.7109
-32.4707
-34.3512
-32.5496
-31.0778
-31.2123
-31.0045
-28.6339
-25.3189
-22.0871
-20.6661
-22.0894
-26.4042
-31.5091
-10.4105
-1.87445
25.7091
41.3396
52.5073
60.6055
65.9268
68.9276
70.4681
71.3448
71.5959
70.8824
69.4703
68.6647
68.7772
68.6382
67.7814
66.4941
65.2916
63.8176
62.6509
62.0932
61.9376
61.6972
61.6157
61.0865
59.3287
55.9756
51.024
44.2365
34.9481
24.2187
22.3293
18.4268
22.104
30.7584
35.8471
36.217
31.7488
21.8186
7.30188
-8.31872
-12.5618
-11.6744
-12.0715
-12.9749
-12.326
-9.72331
-7.38219
-6.42401
-7.43235
-10.12
-13.5073
-13.9743
-10.4799
-6.47107
-4.98472
-6.50199
-10.2946
-14.0397
-15.7536
-17.64
-20.7852
-22.2678
-21.3155
-20.1874
-17.5585
-14.3327
-12.236
-11.0307
-9.25684
-6.12679
-3.97986
-4.53085
-8.23994
-18.9827
-20.6842
-23.567
-23.2444
-20.6099
-19.9632
-22.2038
-26.2242
-29.0539
-27.7785
-25.3662
-24.5441
-25.2369
-25.4506
-25.4237
-26.2779
-26.4125
-25.5704
-24.7539
-24.2658
-23.3565
-22.157
-20.6295
-19.4162
-19.8186
-22.0701
-23.4477
-22.3679
-21.2042
-21.5572
-22.4999
-21.6955
-20.0824
-19.6561
-20.7677
-22.2019
-22.9279
-22.8291
-21.4239
-20.1938
-19.6129
-19.5527
-20.391
-6.02019
13.4993
31.6247
46.693
56.3273
63.1859
67.8155
70.3901
71.2037
70.8989
70.2888
69.9324
69.5076
68.8693
68.1449
67.1849
65.8037
65.0524
64.9814
64.3127
62.6562
61.02
60.1731
60.4616
61.1835
61.1694
59.6497
56.4843
51.7525
44.8473
35.1009
25.2096
25.437
23.3707
24.4783
27.9401
30.6313
29.792
24.5606
14.6037
5.46081
0.434826
-2.61658
-5.84747
-9.91213
-12.2271
-12.5415
-11.7342
-10.9762
-7.86884
-3.21128
-0.411159
-0.047724
-1.0275
-2.15655
-4.02921
-7.36453
-11.5368
-15.6643
-17.054
-14.9445
-14.0565
-15.9036
-18.9711
-20.1455
-20.456
-20.2504
-18.8547
-18.6313
-21.2899
-20.377
-13.0218
-8.68208
-8.7899
-12.9299
-18.9532
-16.948
-17.5815
-19.5251
-21.2351
-22.704
-23.5797
-23.6609
-23.4405
-22.3363
-19.712
-17.7605
-17.9356
-19.7799
-20.9258
-20.2016
-19.3567
-19.5372
-20.3555
-20.8524
-21.0469
-21.2264
-22.0856
-23.5882
-25.7
-27.7904
-28.7522
-27.821
-26.869
-26.5051
-25.2702
-23.813
-24.3266
-27.2557
-30.7401
-31.6604
-30.4366
-27.4009
-24.7101
-23.4547
-23.3477
-24.2812
-25.105
-6.57158
20.3706
41.642
55.9331
66.4257
73.8854
78.4535
80.3334
79.9812
78.6572
77.6586
76.923
75.3603
72.9815
71.0549
70.6545
71.4654
72.1917
72.1726
71.1929
69.5876
67.9576
67.2439
67.5544
67.7386
66.8335
64.7032
61.4321
56.9302
50.7408
42.0087
32.1205
29.817
28.2441
26.816
28.2082
31.4755
32.2383
29.2552
22.4009
13.448
6.71624
1.04897
-6.33231
-10.5096
-7.31142
-1.95034
1.01337
0.992442
-0.982617
-2.05725
-1.71152
-2.05969
-3.58738
-5.59021
-6.93098
-6.95392
-7.44085
-9.89402
-12.9151
-14.0292
-15.2091
-18.8935
-22.9002
-22.2998
-18.3409
-14.8684
-13.2587
-13.8589
-15.8011
-17.0443
-16.9866
-17.3559
-18.7941
-21.2393
-19.6355
-19.0313
-18.4244
-19.5937
-23.0154
-27.5179
-29.0089
-27.99
-28.2659
-30.7943
-34.2973
-35.5208
-31.7635
-26.9161
-23.6501
-22.6382
-23.9065
-27.1557
-29.5157
-26.528
-21.0303
-18.4305
-19.5052
-23.8544
-28.4582
-29.2789
-27.6704
-26.085
-26.2317
-28.0856
-29.9142
-30.6237
-30.7852
-30.0402
-28.5295
-28.5039
-31.0799
-34.2987
-33.9086
-32.3959
-31.0654
-29.2825
-26.3336
-12.8154
12.8481
41.3289
60.5093
73.0913
80.9429
85.6034
87.7588
87.7633
86.0643
83.5983
81.8799
81.2856
80.6714
79.6674
78.3499
77.2122
76.6486
77.1262
77.4065
76.4124
75.0903
74.6192
74.5391
74.1786
73.6276
72.4845
69.812
64.9027
57.4521
47.9672
37.6599
33.3844
31.9749
31.793
32.2102
33.5404
33.4634
30.3919
24.3594
17.3462
11.725
8.69764
6.55465
2.26843
-3.91244
-7.39179
-6.44499
-5.87192
-6.39468
-7.03951
-7.73054
-7.02243
-3.93334
-2.0547
-3.07538
-6.66602
-10.8309
-12.8947
-12.0872
-11.1647
-12.1083
-13.8503
-13.2316
-11.2114
-10.1587
-10.1765
-11.2275
-13.7302
-17.1234
-18.9894
-18.9507
-18.6346
-17.4389
-15.6597
-23.1036
-22.7893
-24.1769
-27.2524
-31.0008
-31.557
-27.9307
-25.2644
-25.2499
-27.251
-27.9801
-26.2499
-24.5501
-23.0749
-21.1796
-19.571
-19.1875
-20.4506
-23.3299
-26.6985
-26.8937
-25.1862
-24.9348
-25.3101
-24.9963
-24.9691
-26.4886
-28.9757
-31.3068
-32.6864
-30.9884
-27.3425
-24.9302
-24.5825
-25.6284
-26.2361
-25.7075
-25.2787
-25.6603
-26.0305
-24.2265
-21.2997
-18.7623
-16.3672
-4.1999
29.4176
50.613
65.9939
77.9501
86.258
91.2347
92.9949
92.0922
90.0428
88.9541
88.8198
88.2657
87.3729
86.8425
87.0121
87.7615
88.518
88.6461
87.7258
85.8449
84.3335
84.1803
83.9365
82.6058
80.3211
77.5694
73.8763
68.1202
59.2647
47.7161
42.3208
42.8727
43.7009
43.7011
43.4943
42.5071
39.476
34.2014
28.1357
24.2392
21.8209
18.7525
13.619
5.65479
-3.08389
-7.95537
-8.40813
-8.30116
-7.83236
-7.67808
-8.93855
-9.58846
-8.15555
-7.70414
-9.28286
-10.8154
-11.0771
-12.0414
-13.4448
-13.7075
-13.0777
-12.9864
-14.4641
-17.5902
-19.4615
-18.1116
-17.2303
-16.4792
-9.72798
-1.9486
1.68744
1.03167
-3.48423
-26.7684
-23.0917
-21.7697
-23.3942
-27.0614
-28.9776
-26.648
-24.0183
-21.7197
-18.8903
-16.7429
-16.6477
-18.7829
-21.2178
-21.5467
-20.8245
-21.3988
-22.9458
-24.677
-26.597
-27.9962
-27.8646
-26.2636
-24.0961
-22.642
-22.7135
-23.3749
-22.8782
-22.1873
-23.5049
-25.1283
-23.4545
-20.9626
-20.9973
-23.6471
-25.7877
-24.5724
-22.7728
-21.7593
-21.312
-20.5298
-20.1626
-20.7845
-15.5018
1.203
16.8149
38.339
53.1903
66.7913
76.5323
83.4538
88.4867
91.8254
93.3408
93.3276
92.6461
92.0456
91.2987
89.9993
88.8019
88.8647
90.2044
90.9839
90.2275
88.5884
87.598
87.2794
86.4557
84.8351
82.9697
80.7328
77.0607
71.009
61.8316
51.0826
46.4792
46.2702
46.8982
49.8277
53.1993
53.8619
50.4685
42.3004
30.2234
22.6354
22.4269
21.2368
16.9278
8.88514
-1.07233
-7.24996
-8.59823
-9.2078
-10.544
-12.3794
-13.0473
-12.0783
-10.7431
-8.57444
-6.38488
-5.84148
-8.09479
-13.0384
-17.7656
-16.9053
-14.3792
-13.594
-14.2609
-14.5556
-14.5106
-15.5102
-17.1191
-16.298
-9.47984
-1.24332
3.21062
3.27415
-0.96605
-31.0995
-28.8601
-25.54
-24.4356
-25.5965
-27.5076
-28.823
-29.8964
-30.891
-31.9758
-34.1034
-35.6804
-33.0303
-28.9122
-25.8715
-24.0398
-23.3133
-24.1089
-26.3479
-28.0681
-26.723
-24.456
-23.621
-23.6768
-24.2382
-25.2276
-25.6087
-25.2642
-25.7902
-27.5982
-27.529
-24.8942
-22.9525
-22.7033
-23.7192
-24.8491
-24.9774
-24.689
-24.742
-25.1751
-25.8847
-27.5888
-29.803
-11.8421
4.27772
19.6587
32.4498
42.6043
52.7093
62.0371
68.7965
73.081
75.3273
76.5694
77.8709
79.1213
79.5098
78.9432
78.4306
78.4284
78.3677
77.7866
77.4202
77.2002
76.5177
75.881
75.822
75.5533
74.8203
73.572
71.191
66.6493
59.2998
49.4082
39.3305
34.4543
33.316
36.1884
42.9531
47.2024
47.2818
42.6977
32.6995
18.7691
10.1224
6.57098
1.57164
-4.81874
-8.0985
-10.2152
-13.2024
-17.9962
-21.1148
-17.6561
-12.8446
-10.3464
-10.1435
-9.88515
-6.82871
-3.8192
-3.74721
-7.25983
-13.0291
-14.3316
-11.528
-10.6407
-12.3155
-12.6563
-9.05158
-7.03059
-8.95694
-14.5065
-17.521
-11.137
-4.11703
-0.788524
-1.72867
-7.23391
-25.039
-23.5359
-24.4959
-28.1991
-31.9183
-31.0789
-28.6901
-27.9761
-29.3695
-31.3303
-30.0901
-25.667
-22.1468
-21.2418
-23.2
-27.2064
-29.1068
-26.8052
-24.3693
-23.8503
-25.1226
-27.6919
-30.3048
-30.8204
-28.4178
-26.0731
-24.384
-23.1004
-22.5165
-22.9104
-23.8025
-24.3298
-24.7594
-25.29
-26.7948
-30.0726
-34.8006
-37.0671
-34.3228
-30.8808
-28.9593
-28.0686
-28.1234
-12.5434
6.94306
20.9013
30.3057
39.7406
46.2105
53.8487
59.8366
64.0713
67.2361
69.0633
69.5241
68.9489
67.4142
65.7872
64.1396
63.0535
62.6042
62.9749
63.4354
63.0131
62.1174
61.3418
60.8831
60.7735
60.475
59.1956
56.3899
51.7682
44.9365
36.0836
27.7905
23.8658
23.0965
27.6014
35.7001
40.3521
40.4442
35.743
25.3598
10.387
-1.57211
-3.64889
-2.90438
-1.77432
-1.79789
-3.93621
-8.38566
-13.1058
-14.202
-13.2219
-13.372
-15.3202
-16.8867
-16.1145
-13.701
-12.3478
-12.5957
-12.5584
-11.5249
-11.1758
-12.3602
-12.8049
-11.5617
-10.2038
-9.72773
-10.5937
-12.3738
-12.8145
-10.5032
-7.94567
-7.14254
-8.51884
-12.0055
-16.7823
-22.7049
-26.0375
-30.2652
-31.0469
-27.9844
-26.0848
-26.1355
-26.763
-27.6352
-29.3226
-29.765
-25.9966
-21.869
-19.9958
-20.7004
-22.7078
-23.4593
-22.8897
-23.0722
-23.5719
-23.4633
-23.9694
-26.207
-27.5784
-25.581
-23.8346
-23.8759
-24.6026
-24.8829
-25.4606
-26.5997
-27.2908
-27.1467
-25.754
-24.1776
-23.767
-24.009
-23.4642
-22.4331
-21.7116
-21.2424
-21.0639
-21.1113
-14.2062
3.42669
16.8811
24.5269
35.3243
40.4688
48.4337
54.3532
58.2917
60.4142
61.0589
61.2655
61.6104
61.6156
61.2494
60.7887
60.6743
60.1061
58.422
55.681
52.9277
51.6599
52.4269
53.9923
54.9927
54.9574
53.4842
50.4597
46.1259
40.1362
31.7289
23.8006
19.36
15.9071
18.5141
26.1614
30.6637
30.8136
26.6761
18.6368
9.59547
2.26464
-3.92759
-7.40402
-7.37253
-6.97966
-8.19287
-9.82394
-10.1559
-9.67133
-9.49332
-9.58193
-9.21933
-8.58038
-8.58327
-8.94393
-8.66682
-7.64879
-5.71228
-4.13833
-4.56719
-7.36747
-10.9661
-12.274
-10.4061
-7.93998
-7.71976
-10.3033
-13.7794
-13.9642
-11.5675
-9.09068
-8.11399
-9.08361
-11.2305
-21.3203
-21.5331
-23.1554
-25.6066
-25.1185
-22.8424
-22.255
-22.098
-19.7241
-16.8467
-16.0534
-17.3905
-18.6231
-17.9168
-17.2294
-18.099
-20.1234
-22.5663
-25.4216
-27.8625
-29.1854
-29.2463
-28.3169
-26.269
-24.0194
-23.6725
-26.5054
-30.6381
-30.1079
-27.0139
-26.0097
-27.3164
-29.8949
-29.9779
-26.4918
-24.2796
-23.9316
-23.9521
-23.9061
-24.7041
-25.4047
-25.2233
-25.7873
-22.7596
-8.80528
4.70188
14.7885
28.6146
31.3902
39.6476
45.2142
49.1219
52.0292
53.903
54.6252
54.2273
53.0759
52.365
51.4881
49.8268
47.5105
45.6945
44.9865
44.5256
43.7772
42.8838
43.1083
44.9594
46.2327
45.6457
43.1262
39.2299
33.8352
27.2817
21.9505
20.349
17.1962
20.1004
28.7994
33.5399
33.4383
28.4265
17.9766
5.08349
-3.28843
-8.81872
-12.2254
-14.9375
-13.6405
-11.1734
-11.0314
-13.7539
-15.4904
-12.2022
-8.57564
-6.75881
-6.95412
-9.15682
-12.7962
-15.4478
-15.4816
-13.8005
-11.0523
-8.43154
-7.24283
-7.93069
-9.72873
-10.5184
-10.2584
-11.3906
-14.2823
-16.8367
-17.6343
-16.7018
-13.9135
-12.0306
-12.6399
-14.943
-23.9858
-25.8771
-28.8539
-32.2619
-33.6322
-32.5119
-30.3737
-27.7535
-25.4747
-23.8877
-22.7563
-22.0943
-22.3505
-23.5369
-25.2182
-27.8733
-31.5839
-33.4105
-28.7012
-22.8244
-19.1924
-17.881
-18.4222
-20.2874
-22.3355
-23.8812
-26.2545
-29.7746
-30.2706
-27.4502
-25.4705
-25.1947
-26.939
-30.5834
-34.7564
-37.0203
-33.3776
-27.8233
-24.7993
-24.9364
-27.4004
-29.1856
-27.5268
-24.955
-17.3335
-4.09807
8.21885
26.4894
26.4665
35.3175
41.731
46.2552
49.0723
50.2195
50.3602
50.1984
49.1528
48.521
48.0269
47.6078
47.3226
46.9203
45.8469
44.219
42.7159
41.607
40.8748
41.2122
42.2962
42.1829
39.5061
34.1676
26.6664
20.1677
16.8813
13.9771
10.6254
19.468
30.0081
35.072
35.2043
30.5858
21.3968
12.643
7.84001
2.60496
-3.63201
-7.99256
-8.93512
-8.29101
-8.27718
-9.63201
-12.1785
-14.8566
-17.3945
-18.9457
-18.9376
-17.5126
-16.7239
-17.4477
-19.3803
-21.563
-21.1786
-16.8938
-13.3107
-12.393
-13.3814
-13.4641
-11.9249
-11.4575
-13.0489
-15.8108
-18.5187
-20.4819
-21.7629
-21.932
-19.2175
-15.4203
-19.4452
-19.3649
-22.0837
-26.7529
-29.7187
-28.8465
-27.4404
-26.4801
-25.5879
-24.5605
-23.9684
-24.7123
-26.7249
-28.8566
-28.8362
-27.4393
-27.4804
-29.4816
-30.3017
-26.5286
-22.9253
-21.0021
-20.5512
-21.2893
-22.5341
-23.8733
-26.0129
-28.8765
-28.828
-24.33
-20.7128
-20.2478
-23.1821
-28.2361
-30.7979
-29.627
-28.5974
-28.6986
-29.7202
-31.5252
-32.8874
-31.1178
-26.7732
-24.0416
-22.4941
-10.5858
-2.2631
26.5711
28.3759
37.5988
43.6728
47.5161
49.8328
50.8381
50.9284
50.7407
49.9727
50.0036
49.8189
48.8971
47.2718
45.9086
44.7387
43.359
41.6138
39.5716
37.9255
38.0966
38.7018
38.3811
36.406
32.8718
27.3816
20.7235
16.5881
12.9705
8.32864
19.0445
31.125
37.4923
39.01
35.9953
28.1525
16.0028
6.07153
1.59329
-2.27393
-5.75771
-7.63175
-8.35204
-7.94116
-7.97961
-9.57222
-11.2712
-11.1334
-10.9325
-12.508
-15.0402
-16.345
-17.2319
-18.1905
-18.7413
-18.8585
-17.7288
-15.7987
-14.6637
-15.1853
-16.7434
-17.8179
-17.9401
-18.0708
-17.9846
-16.6267
-13.5504
-10.1257
-8.19216
-8.33412
-9.39883
-21.9655
-20.1874
-21.4233
-25.5219
-30.5873
-32.5514
-30.7519
-28.1865
-27.1327
-27.3639
-27.9234
-27.9626
-28.0743
-28.6646
-28.8148
-28.254
-28.2099
-28.6886
-28.1506
-27.3802
-27.8826
-28.4427
-26.7876
-24.4471
-23.3867
-23.7411
-25.0182
-26.0772
-25.7492
-24.3553
-24.1789
-25.7729
-27.4583
-26.5153
-24.4259
-24.0808
-26.0937
-28.2503
-26.2481
-23.4665
-23.3023
-25.1818
-26.0702
-24.8522
-22.2586
-4.07143
10.0434
27.3696
32.088
41.1458
47.3854
50.9299
52.2782
52.1796
51.6134
51.4622
51.0101
50.9373
50.9624
50.6042
49.6016
48.2269
46.3801
44.0933
42.4108
41.7611
41.172
40.7597
40.5337
39.5845
36.5962
31.6126
25.246
18.8749
12.2994
7.0966
9.64279
29.1398
42.1563
48.5734
49.7888
46.1037
36.7727
21.2551
6.54124
3.91152
0.70659
-4.75167
-12.204
-15.741
-12.2864
-9.22893
-9.09081
-11.3754
-13.8812
-14.8052
-14.1937
-12.8846
-11.6877
-11.4703
-11.5911
-10.6479
-9.74466
-10.3334
-12.3777
-14.4917
-15.5383
-15.4479
-14.8601
-14.5938
-14.8186
-16.1323
-18.6142
-19.3184
-16.111
-13.5066
-13.1053
-14.0941
-22.6537
-21.9257
-22.518
-24.4514
-28.3303
-33.8317
-34.8039
-30.7832
-28.6706
-28.7649
-28.3904
-26.2727
-24.9637
-25.0295
-24.7567
-23.1948
-22.1842
-23.116
-25.6705
-28.4725
-30.3736
-30.3302
-27.7074
-24.936
-24.427
-26.2881
-28.4701
-28.5214
-27.8149
-26.9621
-23.8822
-20.6199
-19.5544
-20.9929
-24.3266
-28.4978
-32.1572
-31.7583
-27.8675
-23.9897
-21.704
-21.2017
-21.6868
-22.5916
-21.3436
1.74351
19.8192
32.2121
37.7085
44.687
49.8435
53.1118
54.7092
55.1056
54.625
53.3753
51.2767
49.5196
48.5748
48.7613
49.513
49.5027
48.003
45.4789
43.2266
42.0623
41.7289
41.8958
41.4613
39.6707
36.9407
34.2459
30.9309
25.4967
17.9841
10.2772
8.82008
23.3559
34.5959
39.9266
40.4972
36.6726
28.6795
18.7242
9.61132
0.88993
-7.09479
-12.9452
-13.856
-11.2995
-9.60158
-9.56679
-10.756
-12.7288
-14.7885
-15.8936
-15.7111
-15.177
-14.3464
-12.4045
-10.072
-8.97841
-10.025
-13.0299
-16.0941
-16.8755
-16.1228
-15.6404
-15.3749
-14.9546
-15.4793
-17.8862
-21.2353
-20.3062
-15.1096
-11.4084
-10.4533
-11.8237
-23.7334
-21.919
-21.614
-23.3487
-26.2275
-28.312
-28.634
-28.3084
-28.8383
-30.7825
-32.0113
-30.5699
-29.2417
-29.0783
-29.0852
-28.6396
-28.5218
-28.4305
-27.4842
-26.2209
-26.028
-26.902
-27.9734
-28.4908
-28.5021
-28.1244
-26.5869
-24.7995
-24.2625
-24.4064
-24.3954
-24.6215
-26.1794
-28.4655
-29.8522
-29.9532
-28.0091
-25.059
-23.5901
-24.2172
-24.7694
-23.8849
-23.9458
-25.8651
-23.242
9.42863
28.8309
41.7388
49.2966
54.974
58.4867
59.679
58.9811
57.5863
57.204
57.4739
56.7179
54.9674
53.1124
52.8752
53.4345
53.3901
51.9512
49.1622
45.8939
44.3766
44.5644
44.6908
44.0266
43.0309
41.5015
39.1616
35.9284
31.0039
23.7675
15.3878
10.72
22.2409
33.7726
39.862
41.2248
38.364
31.614
22.5171
12.6702
0.962221
-9.71032
-12.9287
-10.7853
-8.42732
-8.07275
-9.57827
-12.1848
-14.7525
-15.7947
-14.6747
-14.092
-15.6744
-17.3898
-15.8449
-12.6561
-10.319
-9.54085
-10.3689
-12.5867
-15.204
-17.5868
-19.6106
-21.1545
-21.9901
-21.6578
-20.5974
-19.4787
-18.0848
-15.1072
-12.3312
-11.1666
-11.0544
-32.5642
-31.0977
-31.1642
-31.7119
-31.5182
-30.8736
-30.1379
-29.0054
-28.0387
-27.102
-26.1429
-26.1498
-27.719
-29.1967
-27.7074
-24.4968
-22.7471
-23.6309
-26.5042
-29.546
-31.1589
-32.3865
-33.4833
-33.5343
-33.2789
-32.1447
-28.5317
-24.965
-23.9038
-25.8416
-28.8556
-29.8953
-30.207
-31.9305
-34.2868
-35.4147
-32.5445
-29.3698
-29.0562
-32.0906
-36.6995
-36.2451
-31.8261
-27.8358
-23.3671
0.115351
21.1376
37.9039
49.6555
59.1252
65.1365
67.712
67.5472
65.8242
64.2968
63.6199
62.919
61.968
60.757
59.7301
58.7528
57.3532
54.9993
51.4059
47.6204
46.5498
48.3221
50.0577
50.6197
50.2709
49.015
46.3253
41.4184
34.1139
24.8474
16.9905
12.3955
14.6046
23.1746
28.506
29.5074
26.3955
19.3319
9.43521
-0.16224
-4.39749
-7.13837
-8.43924
-7.33947
-6.98846
-9.48857
-14.4966
-17.6211
-15.856
-13.3278
-12.473
-13.127
-13.9076
-14.1073
-14.7844
-15.646
-14.9794
-13.1219
-11.7806
-11.5435
-12.4587
-14.2894
-15.837
-15.7816
-14.1333
-12.9286
-13.5786
-15.8075
-17.4352
-17.1213
-16.5855
-17.3141
-18.3014
-31.4175
-26.7092
-24.995
-26.2596
-29.2974
-31.54
-31.2
-29.8161
-28.6009
-27.0693
-25.8029
-26.4492
-29.2644
-31.5881
-30.0503
-27.0517
-25.4095
-25.6133
-27.1589
-29.1046
-31.331
-32.8496
-31.827
-29.9499
-28.9002
-28.1083
-26.9966
-26.4307
-26.801
-27.8695
-29.0722
-29.2764
-28.4744
-27.545
-26.7916
-27.3764
-30.1591
-34.2786
-35.2777
-34.233
-33.564
-32.7505
-31.6082
-31.9327
-28.4404
-12.9045
1.08407
23.6159
40.4887
54.2311
63.0738
68.1318
70.4752
71.0689
70.6449
69.3384
67.389
65.8463
65.8126
66.6407
67.2402
67.277
66.2536
63.7854
60.177
56.9615
55.5252
55.849
57.4587
58.0029
56.1343
51.3961
43.9056
35.1209
30.0428
30.6248
30.2964
27.4136
24.4977
25.6312
26.9134
24.8498
18.7319
9.4269
0.135961
-6.86367
-9.48194
-9.17557
-7.93683
-8.04589
-10.6204
-14.469
-15.9776
-15.984
-16.9329
-17.7631
-16.8059
-15.4934
-14.404
-13.5248
-12.3882
-11.3081
-10.7897
-10.7014
-11.083
-12.1564
-14.0801
-15.814
-14.7733
-10.8917
-8.10248
-8.08979
-11.1377
-16.4732
-20.8457
-21.6244
-20.4974
-20.1867
-26.1397
-24.5351
-24.9661
-27.5934
-31.9312
-36.4657
-38.5096
-37.0761
-32.341
-27.2469
-24.6966
-25.0181
-26.564
-27.1741
-26.119
-24.9008
-24.8486
-26.1302
-27.8617
-29.2917
-31.8957
-35.2306
-36.3248
-33.7204
-31.2602
-30.9211
-32.1309
-33.3924
-33.9927
-33.8093
-32.3932
-30.1618
-28.5601
-28.1719
-28.591
-29.6526
-31.4003
-33.701
-34.7259
-32.0463
-28.2065
-26.2047
-27.1636
-30.9422
-31.6056
-13.8156
-2.33718
12.6604
23.6825
38.5005
48.1472
54.8057
59.4615
62.1691
62.9438
62.455
62.2886
63.1545
64.1375
64.5713
64.4861
63.914
62.4904
59.9968
57.0668
55.3867
55.8575
58.0014
60.091
60.312
57.7652
52.3864
44.9166
37.2746
31.932
30.2078
28.9133
25.1332
19.0181
14.7953
13.9207
11.3872
5.18828
-3.56968
-9.5935
-14.8326
-15.9113
-15.6647
-15.2939
-14.4726
-12.7117
-10.7478
-10.4521
-12.7633
-17.4352
-21.9122
-23.3288
-23.9052
-23.5744
-20.6174
-17.5481
-16.3166
-16.5227
-16.4251
-16.1578
-16.845
-18.5135
-19.2553
-18.0757
-16.7313
-16.7489
-17.8595
-18.2022
-17.5006
-16.8043
-16.5456
-17.0909
-18.9827
-26.0966
-26.6845
-26.347
-25.9963
-27.2802
-30.3703
-33.3128
-34.4441
-32.2329
-27.9074
-25.335
-25.1424
-25.1948
-23.232
-20.7227
-19.6703
-20.8909
-24.8382
-31.2885
-36.2124
-35.5216
-33.4917
-31.9798
-31.2385
-31.363
-31.6144
-30.8799
-30.7089
-32.6355
-35.3968
-33.6544
-29.7002
-28.3768
-29.9196
-32.0823
-32.8629
-32.8042
-30.7691
-26.7438
-24.0954
-23.9873
-25.7549
-27.6319
-29.3441
-27.0946
-13.0244
-8.71451
8.0927
13.7529
29.708
39.836
46.3125
49.9852
51.7774
52.7098
53.2757
53.7314
54.6813
55.5982
55.5434
54.5693
53.9777
53.6639
52.2083
48.7146
44.1009
42.3025
44.6327
47.4866
48.356
46.5318
41.8782
34.7819
27.6845
23.9361
21.5349
19.2688
15.5049
10.4384
6.89585
4.02442
-0.14327
-6.88673
-12.097
-13.8635
-15.4984
-17.2839
-17.6877
-15.5212
-12.4358
-10.3865
-10.5097
-12.5155
-14.5202
-15.5829
-17.3664
-19.6292
-20.6006
-21.4029
-22.3892
-21.2567
-18.7463
-17.3707
-17.6188
-18.7429
-19.0463
-18.4389
-17.4427
-15.9929
-14.6393
-14.3527
-15.3397
-16.5515
-16.8517
-16.4894
-16.2237
-16.3527
-15.9538
-33.3886
-29.8624
-27.0013
-26.1524
-27.9048
-31.545
-34.004
-33.6909
-32.0326
-30.7314
-30.1423
-29.6191
-28.3893
-26.7557
-25.6823
-25.724
-27.2718
-30.0324
-32.4992
-33.733
-33.9052
-33.1206
-31.9764
-30.6233
-28.958
-27.0927
-25.9509
-25.3509
-25.5081
-26.6241
-28.3586
-29.8627
-30.1085
-29.4592
-29.1033
-29.6027
-27.975
-24.7674
-23.4585
-25.0661
-27.7163
-28.7064
-29.319
-31.484
-30.5402
-14.2506
-10.2853
6.28272
3.90791
19.6974
29.7732
36.1923
40.5119
43.6189
45.826
46.7279
46.0417
45.3455
45.5574
46.1291
46.4203
46.9977
47.6477
47.1137
44.6976
40.6764
36.9137
36.014
36.0091
35.1142
32.3502
28.1119
23.0724
17.4397
12.2889
8.24016
2.85626
-2.40942
-6.03423
-6.41821
-7.45431
-9.73273
-13.6084
-14.7311
-14.3429
-15.1098
-15.4863
-14.514
-13.0984
-12.2795
-12.1165
-12.6078
-13.5269
-14.2824
-15.4132
-17.8275
-20.0246
-19.4521
-17.6075
-17.087
-18.7795
-21.2493
-21.4116
-19.3991
-17.1751
-15.6355
-15.2338
-16.2947
-18.5204
-20.0724
-18.6119
-16.332
-15.3778
-15.5934
-15.5506
-15.0207
-15.2406
-16.6833
-33.4874
-31.3247
-27.0777
-24.8072
-25.4171
-27.8225
-28.9615
-28.1512
-27.902
-28.5833
-27.8123
-24.6427
-21.7468
-20.9254
-22.7572
-26.6205
-29.6914
-29.9908
-30.3654
-31.842
-32.8993
-32.0234
-29.2826
-26.2491
-24.2577
-23.6764
-24.6306
-26.7347
-29.1446
-30.663
-31.4877
-32.7201
-32.8499
-30.1223
-26.2703
-24.2317
-24.5615
-26.451
-28.5177
-30.3729
-32.7446
-34.8451
-36.4309
-37.7706
-32.263
-14.1466
-9.21066
7.13831
-3.50983
12.115
23.3001
30.7477
35.3213
37.6362
38.7123
39.2261
37.8918
36.566
36.7794
38.1023
38.8001
39.1237
39.2202
38.3313
35.9336
32.8244
30.0817
29.5177
29.9897
30.1461
29.0416
26.8816
23.2565
18.7512
13.917
9.09702
0.574535
-5.88081
-7.54836
-2.92841
0.374284
-0.0152262
-4.95793
-12.5533
-15.3583
-14.5471
-14.4819
-14.7279
-14.6523
-14.8402
-14.6177
-12.6125
-10.8914
-11.8377
-16.0467
-20.8521
-20.9539
-19.1051
-18.2272
-18.8936
-20.8008
-22.6829
-22.4122
-19.5073
-16.7671
-15.483
-15.2504
-15.7653
-17.5636
-20.144
-21.9048
-22.1892
-20.9436
-17.5239
-14.0871
-12.7125
-13.8167
-16.3767
-32.9412
-30.7962
-30.3605
-30.5202
-29.8613
-28.7601
-28.0054
-26.7065
-24.8522
-24.5493
-26.8939
-31.0266
-34.0273
-35.9157
-38.6952
-39.0707
-35.8653
-32.357
-29.9956
-28.8179
-28.7585
-29.9499
-31.8683
-32.6554
-32.3388
-32.2847
-32.4553
-31.482
-30.5943
-31.0985
-31.6683
-30.7937
-30.0697
-30.5331
-30.698
-29.7736
-29.5375
-30.6612
-32.3976
-34.5872
-36.8604
-36.8965
-33.3003
-30.2021
-27.0879
-13.5484
-10.2688
7.95752
-2.70386
14.4187
25.3408
33.3562
38.0157
40.301
41.2938
41.989
40.9421
39.1404
38.2858
39.1754
39.851
39.5693
39.0263
38.097
35.7618
31.513
25.1438
19.2578
16.8357
18.5142
20.0725
19.7705
15.9894
8.87834
2.12236
0.437897
-7.72098
-7.57571
-3.70292
-0.468165
-0.200213
-3.212
-9.83491
-15.2031
-15.5404
-14.3261
-14.1516
-14.7511
-15.2995
-14.6124
-13.3909
-12.9716
-14.1664
-15.4657
-15.5598
-15.8146
-17.3192
-19.974
-21.1176
-19.4699
-16.7805
-15.5272
-15.9028
-15.9185
-15.5109
-16.4906
-19.4255
-21.6715
-20.8448
-19.8443
-19.8476
-21.3888
-24.1205
-26.5516
-24.7976
-21.9788
-21.6158
-23.5032
-29.0497
-28.4393
-29.0281
-30.4162
-31.2061
-29.8343
-27.8124
-27.0846
-27.5922
-28.4363
-29.5029
-31.5101
-32.8397
-31.1818
-29.1834
-28.8401
-29.5913
-30.2462
-30.7182
-31.1558
-31.4535
-31.0836
-29.5093
-27.4657
-26.4693
-27.1586
-28.7696
-29.3791
-28.9265
-29.4775
-30.9974
-31.7773
-32.0872
-33.1888
-34.0104
-32.6463
-29.7985
-28.4713
-29.9334
-34.0225
-37.8261
-38.3727
-37.4534
-36.1236
-31.0317
-14.2604
-12.5064
8.58024
-14.0186
0.620164
9.51166
16.6268
21.6169
24.5715
25.7635
26.792
23.5424
21.827
22.0158
24.5568
26.4003
25.6759
23.0532
20.4085
18.4562
15.3724
8.48111
3.92864
-4.82611
0.949268
6.96566
10.3962
7.97084
2.76558
-1.36082
-2.08689
-14.3975
-13.1188
-10.6515
-9.85249
-10.9945
-12.479
-14.5585
-13.6682
-12.1043
-11.8565
-13.3826
-16.5913
-19.8403
-20.0799
-17.7158
-16.1671
-16.9918
-18.7663
-18.3747
-15.8308
-14.1221
-14.6943
-17.445
-20.822
-21.5192
-19.6806
-18.107
-17.4312
-16.3767
-14.9163
-14.9847
-17.7391
-22.4805
-25.3139
-24.2757
-23.097
-23.2991
-23.9911
-23.2035
-21.6913
-21.14
-21.8793
-32.7013
-32.6983
-32.0588
-31.7497
-31.6623
-31.3912
-30.7294
-30.1202
-29.6053
-28.8377
-27.9027
-27.9182
-29.1046
-30.2291
-30.9391
-32.65
-35.8551
-37.6159
-36.7263
-35.5934
-34.7366
-33.7558
-32.3496
-30.6859
-29.8485
-30.2276
-30.5906
-28.3442
-25.7787
-25.7761
-29.0766
-34.2995
-36.7649
-35.0264
-32.3154
-29.329
-26.7716
-26.0876
-27.9471
-31.8607
-35.2166
-36.1534
-36.3416
-36.337
-31.9644
-14.809
-13.1619
9.44886
-24.6248
-12.44
-14.5004
-11.6393
-6.19228
-4.0022
-2.91009
12.9967
-5.89937
-3.43347
-9.98171
-8.1506
-4.94245
-4.57889
-5.71863
-7.08287
-11.611
-6.98748
-12.3209
-3.84925
-14.0398
-10.3598
-7.52071
-2.41583
-7.19546
-9.4829
-5.96377
-2.82853
-14.7466
-12.2261
-11.5938
-13.6662
-17.5525
-18.9001
-18.7536
-15.8852
-12.8526
-12.2307
-14.5087
-18.6193
-19.7165
-17.7868
-16.3702
-15.9431
-16.146
-16.7847
-17.5344
-18.2959
-19.5202
-21.6852
-22.795
-21.4947
-20.2057
-20.9541
-22.3123
-20.9956
-17.3653
-14.9996
-15.2992
-17.9615
-21.2838
-23.396
-24.4524
-24.0625
-22.0765
-19.7567
-17.2876
-15.726
-16.3028
-19.2825
-32.5056
-31.3224
-29.9687
-28.4749
-27.4505
-28.3701
-31.4863
-35.2748
-37.5609
-38.1033
-36.7377
-34.761
-33.7403
-33.4454
-33.4438
-33.2392
-32.7761
-32.9546
-34.8721
-38.0908
-38.4839
-35.3899
-33.0222
-31.7874
-30.3785
-29.5203
-30.5531
-32.834
-34.601
-36.2967
-38.2249
-36.3574
-31.8987
-29.1228
-28.8739
-29.8964
-29.7777
-29.0684
-29.6977
-31.4968
-32.7771
-32.6605
-31.9251
-31.6934
-29.6287
-14.7464
-12.6838
9.49355
-22.4181
-10.9054
-9.08642
-1.93102
5.5124
9.00425
8.53405
14.487
-3.73843
-4.59561
-9.20826
-7.94987
-6.51607
-5.56102
-5.27138
-5.73192
-10.3122
-6.23552
-9.97182
-3.8873
-11.083
-9.00786
-8.99869
-4.36221
-11.9694
-12.4439
-6.10656
-2.58295
-15.6072
-13.7325
-11.9493
-11.2342
-12.1652
-13.9379
-16.8648
-16.0563
-14.6051
-15.8753
-19.4848
-22.2348
-20.0047
-16.3305
-12.7471
-10.8914
-11.4908
-14.3502
-17.698
-18.9622
-18.7841
-17.7243
-16.8173
-17.2274
-19.4115
-22.1009
-23.1193
-22.9112
-22.7754
-22.5169
-22.6221
-23.3379
-23.6918
-22.0761
-17.7264
-13.6053
-12.1356
-13.668
-17.0577
-19.5975
-20.6407
-21.0495
-31.5518
-32.9767
-34.3312
-35.0797
-35.8059
-38.113
-41.1127
-42.0248
-39.5079
-36.9737
-36.2552
-37.2398
-38.3582
-37.7827
-36.595
-36.1164
-36.5425
-37.8734
-39.7843
-39.9296
-37.6285
-35.3161
-33.689
-31.7074
-29.3403
-28.1101
-29.074
-31.9968
-35.3067
-37.3876
-38.4687
-37.8666
-34.4103
-30.5179
-28.9675
-30.2545
-32.8218
-33.6941
-33.3655
-34.3781
-36.3467
-38.0633
-38.9899
-39.2555
-34.307
-15.2433
-14.443
9.01363
-23.4542
-9.54409
2.20474
14.6748
23.0527
26.485
25.6124
23.6706
15.879
14.1097
11.5724
10.3106
10.0715
9.65656
8.82966
7.31673
3.32495
0.702263
-5.2693
-2.26716
-11.3055
-10.5484
-11.0475
-6.02203
-15.1399
-16.2149
-7.82363
-2.83711
-14.1566
-12.9439
-13.4545
-13.4815
-13.3316
-13.5335
-14.974
-14.107
-12.7434
-13.2311
-16.2644
-19.6105
-17.2513
-13.0142
-10.8146
-10.8808
-12.687
-15.5825
-18.4345
-18.9625
-17.3935
-16.3351
-16.5241
-16.9448
-16.0928
-14.2708
-13.7281
-15.8758
-20.5356
-24.5509
-25.0168
-23.641
-21.0714
-18.8354
-17.973
-18.2892
-19.075
-20.2319
-21.9581
-23.0158
-21.6608
-19.2342
-29.0465
-28.333
-28.5677
-30.0678
-31.9963
-33.277
-33.2048
-33.0364
-33.9877
-36.1069
-37.1993
-36.1645
-34.3479
-33.5338
-34.3822
-36.2284
-37.7027
-37.3613
-35.3357
-33.7329
-33.5393
-33.7532
-33.2593
-32.2034
-31.877
-32.1968
-32.842
-33.5614
-33.9909
-33.3454
-32.6559
-33.1031
-34.009
-33.1864
-31.0549
-29.1221
-27.8925
-28.0059
-29.4595
-32.0429
-35.3769
-39.3803
-41.1845
-39.4346
-32.8156
-15.1518
-13.9715
9.25512
-22.2725
-7.55532
5.34247
20.0665
30.0998
34.8171
35.016
32.11
25.251
21.1814
18.3477
15.5111
14.8708
15.9085
16.1686
14.2801
9.477
3.72346
-4.70479
-1.64538
-11.2528
-10.8163
-8.93046
-3.48203
-9.22658
-11.6927
-6.66036
-3.01112
-15.756
-14.44
-15.557
-17.5337
-18.5444
-17.585
-18.7068
-16.7248
-15.0971
-15.1213
-16.2178
-16.767
-16.0797
-15.9695
-16.9581
-17.0791
-15.2102
-13.7739
-13.836
-14.6523
-15.0202
-15.1596
-16.1607
-18.9644
-22.4876
-23.6061
-22.4992
-21.6688
-21.8716
-23.151
-24.2774
-23.4834
-21.9403
-21.0929
-20.9789
-20.9288
-21.0221
-21.5776
-22.3464
-22.9737
-23.7227
-24.7271
-32.9003
-32.8207
-33.307
-32.859
-32.0581
-32.5241
-34.5932
-36.6691
-36.7842
-35.5347
-33.8113
-32.1994
-31.9157
-33.1411
-34.2858
-34.2865
-33.7833
-32.9047
-30.903
-28.8832
-27.6186
-27.4471
-28.8059
-31.7567
-34.7053
-35.068
-33.6428
-31.7671
-30.1594
-29.3713
-29.5267
-30.3457
-31.6687
-32.9616
-32.5039
-29.8459
-27.8406
-27.415
-27.9254
-28.7901
-29.8369
-30.9824
-30.9536
-29.6474
-26.6041
-14.2856
-13.1691
9.13419
-24.1048
-11.3257
-4.1413
8.71498
18.0285
22.723
23.1934
22.6764
14.8776
11.8655
9.42549
7.01954
5.31775
4.95612
4.90762
3.93709
-0.394905
-1.72454
-5.71235
-0.972009
-9.89059
-10.7849
-10.3586
-4.90804
-11.9032
-12.1526
-6.30565
-2.2482
-14.7199
-14.7825
-15.7911
-17.1396
-18.3611
-18.7941
-22.1556
-22.5708
-20.7726
-17.8066
-15.3326
-15.1291
-17.4083
-20.7584
-22.6248
-23.0977
-22.4699
-21.3497
-19.9822
-18.1209
-16.9045
-17.8101
-20.7887
-24.2276
-25.9641
-25.433
-23.6379
-20.6157
-17.9885
-17.1741
-18.1857
-20.3127
-21.7083
-21.5305
-20.8028
-20.0815
-19.2412
-19.4894
-22.111
-25.9647
-27.3754
-26.8078
-31.2215
-32.4499
-34.6708
-35.2311
-33.5528
-32.3179
-32.4298
-33.2227
-33.6076
-33.3132
-33.0631
-33.4619
-34.4099
-34.6502
-34.1293
-33.5762
-33.4314
-33.5942
-33.7325
-33.4499
-31.5774
-30.1828
-31.2265
-34.5241
-36.8221
-35.9083
-34.6149
-33.5301
-32.6422
-32.5969
-33.6819
-35.05
-35.3413
-33.8905
-32.5095
-32.4736
-33.2443
-33.9696
-35.1128
-36.4191
-36.1133
-35.6033
-36.1698
-35.2641
-28.465
-13.2184
-11.1089
9.01352
-18.7217
-14.2378
-15.712
-10.3325
-2.67401
1.56244
2.30772
13.0825
-3.45222
-2.76037
-5.75841
-5.07309
-3.89111
-2.0384
-1.56701
-2.29264
-8.79999
-6.93311
-8.80956
-1.43623
-7.36859
-7.29646
-8.37173
-5.07097
-13.7023
-12.8348
-4.64426
-0.442174
-7.82102
-10.0404
-12.5106
-12.1951
-11.1893
-11.6013
-14.832
-17.2392
-16.5179
-14.7493
-14.8366
-17.25
-20.9756
-22.9723
-21.5365
-19.4038
-18.2867
-18.3071
-19.7399
-21.9433
-22.865
-21.9285
-21.0947
-21.1458
-22.2442
-23.8727
-24.9078
-24.8003
-24.23
-24.1178
-25.5086
-26.8356
-25.2623
-23.0533
-21.941
-21.3652
-20.741
-20.906
-22.6549
-24.5259
-24.4254
-23.7855
-33.6757
-33.0599
-33.3495
-34.5909
-34.7547
-34.2663
-35.2987
-38.0161
-40.606
-40.8807
-38.9381
-36.8148
-36.1659
-36.7764
-36.7319
-35.2229
-33.9663
-33.9227
-34.3129
-34.492
-34.2197
-32.4019
-30.1675
-29.5194
-30.8004
-33.102
-34.9193
-35.3664
-34.6539
-34.1634
-35.2355
-36.7938
-36.3204
-34.2957
-33.3339
-33.5729
-33.7126
-33.4132
-33.2359
-33.2287
-33.4192
-34.5815
-36.5195
-37.5052
-32.0025
-14.5726
-13.4435
8.48603
-21.1127
-13.6528
-11.5329
-1.31971
7.8967
12.8125
13.3295
16.3184
4.12926
5.25516
5.31886
4.66951
5.06496
8.93462
11.8072
11.9405
9.51142
7.66366
5.32653
4.99737
-0.0632707
-3.6495
-6.67321
-5.38931
-13.5539
-12.8736
-6.70523
-2.90094
-15.9243
-15.5715
-14.8172
-12.6968
-11.6305
-12.8206
-17.9948
-21.3724
-19.6615
-17.5645
-17.5036
-19.0625
-20.17
-18.2581
-15.957
-15.8727
-18.3198
-22.0158
-24.9838
-26.5652
-26.4105
-24.877
-22.9249
-21.3833
-21.1399
-21.9826
-22.5478
-22.6015
-23.7081
-25.8656
-26.3381
-24.1602
-22.0723
-20.8005
-20.346
-21.2528
-23.7833
-26.1308
-25.2872
-22.7227
-20.1757
-18.3696
-33.4373
-35.2539
-35.9168
-36.4262
-36.3411
-35.2529
-34.4772
-34.6161
-35.1671
-34.8498
-32.9767
-30.1824
-28.353
-28.7045
-31.3471
-34.4377
-35.3633
-35.2998
-35.7197
-36.4094
-36.837
-36.1051
-33.7425
-31.5415
-30.9732
-31.776
-33.3448
-35.6861
-39.198
-42.3794
-41.7827
-38.9592
-36.8571
-36.1542
-36.7719
-38.0404
-37.0739
-34.7982
-34.3057
-36.6378
-40.2415
-40.7205
-38.6131
-36.5581
-31.2934
-14.7314
-14.1071
8.62437
-17.2281
-2.62656
8.11919
16.7818
22.8998
25.8937
25.9331
25.4996
20.9146
20.3283
19.9124
18.7851
18.6818
22.4926
26.0209
27.3188
26.7298
25.2943
22.6812
19.3066
16.9553
16.654
14.9626
10.5844
1.48867
-7.08395
-6.58023
-2.5993
-18.9949
-20.3135
-21.8893
-22.2128
-22.0591
-21.2492
-24.0104
-22.7093
-20.298
-17.7541
-16.3422
-16.0945
-16.3259
-16.4662
-16.7489
-18.0134
-20.9248
-25.4801
-29.3246
-27.8966
-23.3404
-20.3419
-19.7538
-20.9831
-22.1579
-21.2921
-19.7641
-19.8135
-22.3167
-25.4861
-24.9579
-22.5151
-21.0944
-20.8722
-21.5251
-23.5444
-26.6709
-28.2464
-25.7394
-22.3743
-20.7629
-21.1823
-34.7005
-35.1586
-35.4159
-35.7038
-35.666
-34.5953
-33.0721
-32.652
-33.7569
-35.3406
-35.8337
-35.2499
-33.8543
-31.9378
-30.7645
-31.2043
-32.8534
-35.0425
-37.289
-38.6375
-37.9499
-35.4953
-33.5154
-32.79
-32.8051
-32.7865
-33.1534
-34.5222
-35.5909
-34.945
-33.409
-31.958
-31.8435
-33.4564
-36.0336
-37.6705
-36.4786
-33.8167
-32.5063
-33.4838
-35.7248
-37.1688
-37.4565
-37.1148
-31.6967
-14.9273
-14.7746
9.03486
-20.2216
-4.5181
7.13368
15.6853
20.6546
22.6233
23.1533
25.2686
22.834
21.3037
18.8279
16.5052
15.2955
17.1004
20.546
23.2744
24.3275
23.6864
20.7226
17.2328
14.8212
15.2735
13.4622
9.06213
-0.87193
-10.4462
-6.72133
-2.30698
-17.258
-19.5738
-22.6063
-23.7632
-22.1435
-19.537
-20.4749
-20.0258
-19.7898
-18.7469
-16.9502
-15.9687
-16.7859
-19.0934
-21.2299
-22.3291
-23.3773
-24.4817
-23.4371
-20.9973
-19.785
-20.3475
-21.3319
-21.3807
-20.0512
-18.4801
-18.0964
-19.2335
-21.2922
-23.0915
-23.1412
-21.327
-19.8157
-20.1369
-22.3386
-24.7471
-26.2936
-27.9772
-29.5604
-28.6628
-26.7574
-25.347
-33.3925
-33.2267
-34.3978
-36.1954
-37.9293
-38.8481
-38.1221
-37.6931
-38.5172
-39.0305
-37.6734
-36.3238
-36.527
-37.2128
-36.8668
-35.9056
-35.5644
-36.4121
-37.7841
-39.0823
-39.667
-39.8662
-39.5125
-37.5469
-34.8064
-33.0286
-32.6982
-33.8951
-35.9766
-37.9155
-38.3543
-37.5095
-36.4302
-35.4711
-34.7692
-34.0485
-32.9201
-31.3819
-30.1696
-30.3834
-31.9843
-33.7624
-33.4792
-32.5649
-29.8464
-14.8658
-15.1226
9.46495
-27.5675
-15.4904
-14.4676
-9.87945
-4.92728
-2.04642
-1.01405
13.3726
-0.716339
-0.617824
-3.407
-2.09281
0.911639
3.31844
4.52979
4.93752
1.38241
-0.796459
-5.38003
0.158174
-3.2211
-2.71197
-6.25654
-6.09494
-18.1605
-16.5887
-7.47359
-2.04603
-14.9629
-16.4094
-18.3484
-19.6892
-19.0894
-17.0247
-18.2048
-19.6303
-22.1123
-23.0428
-20.8696
-18.9938
-19.7332
-22.9264
-25.6957
-25.8078
-25.9552
-27.276
-28.1138
-27.2085
-25.6996
-23.8497
-21.4897
-20.3762
-20.8318
-20.9062
-19.9323
-19.9273
-21.8571
-24.3398
-25.1499
-25.0465
-25.962
-28.0998
-29.3495
-28.0759
-26.1142
-24.7952
-23.4865
-22.4427
-22.8329
-24.9816
-37.7542
-39.5576
-39.4571
-37.1432
-34.8667
-34.4475
-35.2697
-35.1449
-33.9333
-34.1402
-36.7027
-39.8477
-40.1959
-38.2163
-36.4213
-35.435
-34.7932
-34.1426
-34.0631
-35.0057
-35.9892
-36.3535
-35.4712
-33.2483
-31.6424
-32.1557
-34.3234
-36.4958
-38.1971
-39.8747
-40.1792
-38.7586
-37.4795
-37.4599
-37.6071
-37.2162
-37.3697
-38.9943
-40.7044
-41.0103
-40.7692
-40.5575
-38.306
-34.76
-29.9504
-15.1809
-15.9976
9.36267
-19.6336
-8.94545
-3.77168
0.0275458
1.71483
0.544679
-3.36197
11.7347
-12.8891
-8.99983
-16.2334
-14.5423
-11.0865
-8.5365
-9.33636
-7.9032
-14.6961
-7.18536
-8.99433
-2.41602
-11.1091
-11.844
-15.0305
-7.8469
-18.9976
-16.825
-7.9108
-2.82648
-18.8382
-17.4632
-15.8475
-15.0339
-15.4556
-16.781
-21.1499
-22.4897
-20.9103
-19.5912
-19.2503
-19.3505
-19.9033
-20.8967
-21.4395
-21.9581
-23.9041
-26.3322
-26.3015
-25.5263
-26.4351
-28.2204
-27.5094
-25.1364
-24.0093
-25.0087
-27.2942
-26.0831
-21.5321
-18.2167
-17.2851
-18.429
-20.7245
-23.4125
-25.741
-26.1162
-24.2603
-22.1378
-20.4061
-19.5309
-20.1331
-22.3259
-36.6061
-37.3069
-37.8458
-37.7048
-36.7694
-36.2142
-36.4217
-36.9686
-37.3433
-37.8217
-38.5769
-39.5752
-40.6283
-41.4029
-40.3507
-37.4658
-34.9169
-33.8791
-33.9593
-34.1069
-34.0673
-34.4521
-35.0396
-34.6051
-33.3423
-32.1985
-32.1581
-33.6489
-36.4944
-39.059
-40.0777
-39.9295
-38.8815
-36.7798
-34.2663
-32.7043
-31.9746
-31.9
-32.4571
-33.9328
-35.334
-35.6027
-35.7229
-36.4994
-33.6084
-16.0168
-15.6143
9.21715
-16.8791
-7.3649
-4.77243
-3.04628
-1.36957
-0.31508
-1.30571
12.1988
-9.7229
-7.54148
-13.7493
-11.1043
-8.10191
-7.23375
-10.1653
-9.65394
-15.0155
-7.28188
-10.247
-4.38474
-15.5238
-13.9862
-15.5173
-7.72297
-16.298
-15.1647
-7.32076
-3.3452
-20.2419
-20.8385
-20.5733
-18.1688
-16.1041
-15.6768
-18.4494
-19.13
-18.0081
-17.4905
-18.4017
-19.7949
-21.0147
-21.4003
-20.3527
-19.771
-21.3052
-23.5626
-23.3514
-21.7102
-20.9472
-21.0258
-21.5974
-23.0571
-25.3274
-25.8496
-23.7727
-22.3442
-22.7102
-23.6958
-23.786
-23.8463
-25.3368
-28.5171
-31.2171
-29.3157
-24.9354
-21.9756
-21.8326
-24.2427
-26.7487
-25.6459
-33.8198
-32.2829
-31.7629
-32.1076
-32.6661
-33.2927
-33.9907
-35.0422
-36.3011
-36.9599
-35.701
-32.7662
-30.583
-30.3037
-31.9375
-33.9365
-33.6354
-31.983
-31.7098
-33.46
-35.4783
-36.052
-36.2012
-37.1771
-38.7347
-39.395
-38.561
-37.7624
-37.1141
-35.9222
-35.0628
-35.0842
-34.6094
-33.2922
-32.8975
-33.9431
-34.4987
-33.0374
-31.922
-32.9361
-35.7407
-37.4978
-36.5418
-35.4739
-32.3194
-15.9211
-16.5776
8.88364
-23.6798
-12.4873
-10.8666
-8.84466
-6.63947
-5.75814
-7.11024
11.82
-10.0881
-6.35197
-5.28853
1.6121
6.03005
7.25246
6.03899
5.90828
5.95855
7.72954
7.03695
6.57618
-0.435878
-6.01218
-12.0856
-7.16045
-18.3497
-17.7294
-9.02416
-3.97999
-26.953
-25.5251
-23.8547
-21.3131
-18.9469
-17.1908
-19.1796
-19.8781
-18.7728
-18.2893
-20.1289
-23.3908
-25.6641
-26.8508
-27.4026
-26.9593
-25.4988
-23.6315
-22.4345
-22.0493
-22.3007
-23.3232
-24.4188
-23.8709
-21.2221
-18.765
-17.8264
-18.5312
-19.8399
-20.9085
-21.9983
-23.5553
-25.5584
-28.092
-29.921
-27.7919
-24.3728
-22.524
-22.6189
-23.9033
-24.6366
-23.9609
-39.4302
-40.729
-42.1633
-41.1894
-39.3022
-39.3529
-41.1429
-43.1805
-44.2623
-44.1731
-42.582
-39.8409
-37.8648
-37.7874
-39.4816
-40.7657
-38.5868
-36.085
-36.0061
-38.5776
-42.4576
-44.8709
-44.9962
-43.8882
-42.4468
-41.083
-39.8522
-38.8954
-37.7395
-36.1711
-35.067
-35.2482
-36.0616
-36.2519
-35.7569
-35.9516
-37.6222
-39.1609
-38.2637
-37.0172
-37.3106
-37.8978
-36.957
-35.1847
-30.9243
-14.9604
-15.7545
9.32121
-24.754
-13.0239
-11.0909
-5.43025
0.543786
5.18648
8.51466
16.7483
7.76115
4.8514
2.36514
7.87037
12.702
14.782
14.7156
14.6155
14.9597
15.2515
12.8222
9.59157
1.27411
-3.89155
-8.56819
-5.14435
-14.8433
-15.3484
-7.54811
-3.09533
-23.1046
-21.961
-21.9586
-22.9254
-24.3188
-23.2233
-26.3649
-25.3806
-24.1627
-24.2078
-25.4092
-27.0332
-27.9023
-28.1578
-27.8382
-27.123
-26.7615
-26.8571
-27.549
-28.109
-28.1236
-27.9082
-27.1384
-25.6799
-24.1505
-23.2875
-23.6839
-25.7868
-29.1229
-30.9793
-29.181
-27.1869
-26.9338
-27.755
-27.1282
-25.3508
-24.8941
-26.7954
-30.2828
-33.424
-35.8285
-37.4256
-46.223
-45.8893
-44.8129
-43.4877
-42.643
-43.0221
-44.2977
-45.191
-45.2474
-45.6092
-46.7482
-47.4361
-47.2689
-47.0534
-47.427
-46.9918
-44.0813
-40.9874
-40.0436
-41.978
-45.8181
-48.1777
-47.1581
-44.945
-43.4077
-43.2713
-43.8259
-43.8317
-43.7413
-44.3662
-45.3841
-45.5634
-45.5844
-46.6141
-47.3403
-46.9982
-46.8179
-48.0069
-49.1734
-48.2582
-45.0139
-42.9996
-43.5862
-43.8634
-32.2572
-13.5049
-12.4887
9.33395
-16.2053
-7.40144
0.0437051
7.64718
12.9991
15.6871
16.8026
20.3147
14.3406
10.9231
9.09059
11.8329
15.081
16.8421
17.6963
18.7435
19.3465
18.842
15.519
10.7304
1.53085
-4.86836
-8.69747
-6.34803
-18.1826
-18.3495
-8.59269
-3.6251
-29.2826
-30.1951
-28.0778
-24.2206
-22.4871
-22.2744
-29.8303
-34.3406
-33.1547
-29.7067
-27.1723
-26.136
-26.4558
-27.9574
-30.2421
-31.4175
-31.6211
-32.0193
-33.4558
-34.2723
-33.0818
-32.3701
-32.5782
-32.7341
-32.8007
-33.6735
-35.4405
-37.1772
-38.4685
-37.3078
-33.8699
-31.5581
-31.5952
-32.9122
-33.099
-32.7448
-33.8527
-35.9245
-36.0244
-34.2674
-33.8423
-35.0727
-56.9948
-54.9885
-51.3284
-48.6965
-48.0028
-48.7932
-50.0625
-52.4272
-54.6568
-53.8399
-51.9934
-51.5782
-52.8719
-54.2208
-53.6131
-52.2034
-52.19
-54.248
-56.0099
-57.2771
-58.4922
-56.7578
-53.3734
-51.2833
-51.291
-52.7132
-53.9543
-53.7783
-53.2221
-53.5263
-54.9338
-56.2117
-54.9263
-53.3855
-52.8103
-53.3981
-53.8721
-54.4066
-55.2008
-57.2196
-57.8432
-56.0035
-54.456
-49.5916
-33.0575
-13.6107
-12.1048
9.30386
-19.0053
-13.7269
-10.9292
-4.19384
0.526644
1.91438
1.63652
13.6314
0.44087
-0.319673
-3.39446
-0.301555
3.69558
6.68278
9.31704
11.5106
11.3927
10.9895
9.08543
7.66252
0.234581
-8.31807
-13.4487
-7.88343
-22.2241
-21.7243
-9.04009
-3.98132
-32.6823
-33.9618
-36.1793
-35.3065
-33.3235
-28.1456
-35.8462
-37.3189
-37.7705
-37.3507
-37.6639
-39.9786
-42.436
-43.1837
-41.6796
-39.4612
-38.556
-38.7048
-39.0647
-38.8586
-38.5599
-40.4384
-43.6846
-46.5334
-45.2052
-41.7073
-39.3985
-38.7799
-40.0293
-41.8294
-42.3749
-42.1054
-41.0898
-38.9854
-37.3982
-38.2574
-41.0829
-42.761
-42.2431
-42.0562
-43.5985
-45.1184
-61.1411
-62.5116
-64.274
-63.1595
-59.9606
-58.156
-57.8613
-60.0252
-63.2524
-65.4367
-66.6401
-66.3934
-65.7698
-63.6489
-61.4271
-59.5832
-58.3128
-58.7998
-59.4241
-60.9198
-63.8844
-63.7957
-61.2589
-59.2026
-59.4683
-61.0689
-62.4082
-62.5869
-62.7821
-61.805
-61.4546
-61.6197
-60.5661
-59.6253
-59.6824
-61.4273
-62.5427
-62.24
-61.2376
-63.2007
-65.1189
-64.7165
-62.3534
-61.1507
-41.3641
-16.2666
-17.2459
9.26261
-33.2384
-16.9529
-15.3614
-9.59323
-2.87768
-0.401286
-1.82084
12.506
-9.93547
-5.81879
-8.43456
-7.68828
-7.34552
-7.62328
-8.17064
-6.63714
-11.3653
-5.33657
-6.10645
-1.49719
-11.7471
-17.5248
-19.8539
-9.37688
-30.6578
-24.6123
-8.95366
-3.83221
-36.7381
-37.7518
-43.4084
-47.5788
-44.4768
-32.3192
-43.7349
-44.298
-47.384
-49.5164
-50.1146
-52.236
-52.0014
-50.5809
-48.7864
-46.6167
-46.1407
-46.309
-47.1143
-48.4932
-49.1317
-52.342
-54.1101
-54.6374
-54.2119
-53.4888
-55.091
-56.0643
-57.5813
-58.6616
-58.1987
-58.2309
-54.8022
-51.6278
-50.3316
-52.0499
-55.489
-58.9054
-60.3634
-57.6352
-55.4538
-54.92
-69.9791
-70.1859
-71.8532
-73.1451
-69.7096
-69.0696
-68.2744
-69.6051
-70.1194
-70.6993
-72.4506
-72.392
-72.4207
-70.9674
-69.683
-68.452
-66.7471
-66.642
-66.1466
-66.8523
-69.0591
-68.9252
-68.6796
-67.894
-67.3629
-66.9397
-67.2432
-70.278
-73.9713
-73.103
-69.8291
-67.4077
-65.4182
-65.3219
-65.9918
-67.9351
-69.2875
-69.3963
-67.2879
-68.8324
-68.4561
-68.2244
-68.3356
-73.0864
-42.4792
-16.039
-17.5756
9.6436
-34.8109
-16.5381
-16.912
-11.6016
-5.32322
-3.01144
-4.28764
12.6397
-11.2214
-6.87481
-12.3191
-11.5422
-10.2962
-10.4252
-12.8708
-10.1944
-18.541
-8.71735
-13.0607
-4.05347
-18.6238
-20.661
-21.5553
-9.51296
-34.372
-24.8867
-8.9244
-3.58639
-37.6715
-39.0672
-46.3935
-57.1293
-56.1992
-34.397
-56.5788
-51.9058
-54.4035
-60.0973
-60.9235
-62.5812
-59.4288
-60.7479
-64.1693
-61.5677
-63.7888
-65.2401
-66.1083
-66.4871
-60.308
-62.118
-60.7704
-60.6007
-62.664
-63.7723
-67.2944
-64.8215
-65.3582
-69.0258
-68.4576
-70.3423
-67.7422
-68.6386
-68.2237
-68.1011
-66.1786
-66.654
-69.9314
-67.1525
-65.6111
-65.4678
