80
-49.2543
-60.0827
-36.2346
-47.8453
-32.8018
-16.862
-9.43671
-16.8541
-38.5372
-68.2754
-59.9442
-61.9643
-55.6684
-38.1822
-27.9183
-28.1511
-45.3579
-64.6154
-53.3421
-47.2131
-36.9508
-31.7938
-32.3201
-33.0836
-66.3993
-53.9018
-55.5711
-53.4092
-41.3271
-46.8546
-58.5304
-52.6192
-45.9604
-47.1584
-50.9858
-58.7404
-64.9144
-59.1888
-68.0964
-21.7023
17.2384
61.2211
77.1892
84.6162
87.4885
85.2885
75.1319
56.4982
49.8125
55.1655
54.5582
47.0062
43.0949
43.1071
40.5934
47.3786
38.2333
46.2512
35.8926
35.44
-9.67083
27.2479
35.9546
29.7107
37.2184
35.2362
53.5603
73.0111
83.1269
88.0205
87.6736
82.7018
77.0539
73.9484
71.2819
69.1532
67.5928
64.68
59.1482
53.5358
47.955
38.1847
40.1763
39.6654
38.1874
40.0928
41.5843
41.8788
44.442
49.1796
49.1099
45.9596
38.1975
29.2943
23.7175
18.3927
6.13388
0.0320197
2.64624
6.29748
4.05639
-3.21069
-14.5147
-17.0811
-8.34615
-5.61673
-5.48072
-6.63424
-10.8949
-23.9912
-27.7232
-32.1913
-38.0637
-36.8999
-34.7552
-36.0173
-36.1813
-41.9802
-47.3763
-63.6493
-34.4012
-52.6345
-33.7273
-15.1026
-8.86111
-15.0379
-39.2706
-61.0723
-54.4321
-60.6851
-52.7148
-35.4189
-27.0249
-28.1874
-45.5495
-57.8852
-52.5018
-44.9187
-37.0918
-32.2057
-29.5983
-33.3843
-58.7548
-51.1267
-53.9532
-52.5795
-40.0422
-42.4085
-52.3434
-52.9081
-49.8254
-54.4121
-58.8645
-61.232
-66.7979
-54.9029
-50.2049
-29.4174
21.6165
64.0215
78.632
88.3972
91.3404
89.8276
83.9811
73.8296
72.98
74.3377
78.8239
80.8835
84.1262
84.9525
87.6459
90.7421
93.0533
95.7636
97.2644
99.0941
100.137
100.957
101.59
101.939
102.345
102.825
103.618
105.249
106.467
105.379
100.857
92.8584
86.0684
83.2967
80.1679
76.9638
75.5501
72.6239
68.4327
64.7331
60.031
56.7414
63.9179
72.6197
77.4841
79.2765
80.3254
82.0422
82.8176
80.989
75.84
66.9215
54.7985
48.482
46.1843
40.6705
31.0672
20.1178
11.5781
5.16483
0.206381
-8.65189
-3.91484
6.47753
15.9036
22.4038
23.9209
21.2582
13.2326
3.17551
1.25103
1.65906
-1.4831
-8.45448
-17.9366
-24.366
-37.006
-35.1606
-47.4789
-59.3109
-37.8226
-56.2224
-34.3939
-16.4182
-10.0976
-16.2449
-39.4065
-70.4047
-57.4003
-59.1649
-52.7376
-37.2969
-27.894
-27.9147
-41.828
-48.9769
-45.4665
-42.7324
-37.5886
-33.5891
-31.8401
-34.9516
-62.4697
-53.4124
-52.0143
-46.9528
-37.5544
-38.7229
-40.9436
-44.374
-48.9686
-58.4556
-61.7661
-60.0774
-67.7111
-65.1017
-63.0448
-38.3828
21.0951
60.2109
83.5353
95.0699
101.19
104.198
106.527
110.224
113.175
114.379
114.023
112.602
110.398
108.651
107.831
108.308
109.185
109.33
109.219
108.531
108.051
107.557
107.056
106.492
105.691
105.121
105.822
107.526
108.315
106.488
101.205
92.0236
79.5038
73.0638
71.6757
69.9665
68.7934
68.4573
67.1121
64.8053
62.9725
66.9633
80.3014
91.7773
98.8676
102.071
101.672
97.7102
90.5949
83.0828
78.9961
74.7608
67.3434
56.5906
45.308
36.452
32.1644
24.6304
11.2052
-6.55496
-1.88067
4.13104
6.56831
12.9242
25.8755
33.8099
37.2936
36.4843
32.2338
25.8745
20.0251
14.0267
5.88249
1.28317
0.0747933
-3.86925
-10.4025
-22.2052
-49.8646
-49.3607
-35.6525
-50.9451
-35.1702
-18.1286
-11.92
-17.888
-41.4564
-78.9914
-59.1507
-63.1102
-59.1773
-38.897
-28.9701
-29.1556
-46.81
-58.6829
-59.61
-48.9011
-39.6014
-34.6062
-32.2055
-34.7548
-60.865
-55.844
-66.6712
-57.6893
-41.8439
-40.1372
-42.0101
-41.5572
-45.0421
-52.7864
-59.9141
-62.8099
-65.0155
-59.812
-59.9223
-31.5434
20.3345
48.957
80.254
99.1383
111.696
118.737
121.949
121.688
118.5
113.403
107.821
102.533
96.3348
85.5702
79.1176
82.1626
82.9832
81.8565
73.8696
67.7849
62.6845
60.1812
58.1907
58.3859
61.4275
63.2542
63.1157
71.056
81.4694
87.8472
88.5935
83.9355
74.1609
62.1592
54.7627
49.5121
41.4577
31.0042
24.5701
40.7187
56.4521
68.1284
79.4235
88.8396
94.9495
97.3398
95.9837
90.8365
81.9464
71.5895
66.2533
62.3183
54.2549
43.133
35.6165
35.4049
33.2365
26.4583
13.0789
1.33616
-8.38182
-0.343994
9.38825
16.7833
24.9534
31.0255
33.1241
31.1415
24.7982
16.9224
14.9228
14.1281
10.4008
4.04632
-3.33571
-8.87158
-13.0278
-16.53
-47.5056
-48.4999
-37.9508
-47.5193
-35.8353
-19.4295
-12.544
-19.4191
-41.535
-70.0491
-60.2867
-70.8754
-55.6476
-39.6155
-30.3727
-31.9723
-44.3202
-60.931
-61.512
-52.7732
-40.4078
-35.0369
-33.402
-36.7357
-63.8943
-55.3155
-57.3253
-60.18
-42.4766
-50.6186
-55.0948
-54.9724
-53.3212
-54.7726
-52.573
-50.1799
-55.9406
-55.3215
-54.6801
-27.1053
17.7235
42.205
76.023
97.5393
108.443
113.455
113.103
107.702
97.3981
86.0765
77.4135
69.638
71.0446
72.3981
70.8187
66.807
59.1303
50.8962
50.556
48.5153
52.1005
51.0735
46.0506
42.1844
44.165
47.751
55.0844
60.6972
67.4298
67.9932
66.5635
66.4051
59.8246
53.4246
26.9698
25.4205
26.0039
29.3385
34.6778
45.7655
56.3744
63.7753
67.7657
69.0673
67.5983
64.5806
62.1921
58.3281
50.7014
47.5837
52.8156
53.9031
50.9264
42.6609
34.0777
27.8984
26.148
21.4995
11.9887
1.73637
-13.5022
-16.9995
-19.6869
-14.5274
-1.91525
5.31339
8.98891
9.6313
6.83429
0.730065
-5.21909
-11.735
-18.162
-23.0472
-26.4064
-31.5603
-34.7724
-40.256
-47.4442
-48.9181
-37.8441
-49.3747
-38.857
-19.903
-14.3327
-19.8734
-43.9908
-70.6562
-60.9665
-66.8164
-60.0674
-41.8921
-31.494
-31.3738
-48.2444
-59.9001
-60.7561
-59.0829
-43.2499
-34.8651
-32.5614
-37.5382
-53.7911
-59.1261
-54.877
-49.7324
-44.2775
-48.3728
-60.5048
-63.7659
-57.473
-62.731
-64.0312
-59.9135
-57.3659
-54.9825
-53.0715
-17.9159
17.7134
55.5729
84.3246
98.9996
107.201
109.355
106.461
97.8136
81.9678
63.8459
61.4172
63.1168
65.9207
62.6418
58.2039
55.7559
57.7459
55.7729
58.2689
38.6716
44.3513
32.0909
33.0381
45.5114
48.7225
52.0293
68.5207
83.2428
90.8319
94.2476
93.4265
87.8089
78.0107
65.2087
56.3444
52.2009
48.3305
46.5695
43.3941
41.1889
53.9361
62.8424
67.7174
68.0244
64.2901
56.6707
44.4862
33.3764
30.57
37.3676
41.4357
45.2501
44.442
39.013
28.1392
10.1093
3.58032
4.49098
-0.442867
-7.52657
-18.0706
-26.5952
-27.3997
-21.8951
-20.9337
-23.0252
-23.0548
-20.3424
-21.5113
-28.0104
-35.0264
-43.3467
-41.9319
-39.947
-33.7283
-31.2655
-33.0433
-37.4772
-55.8312
-61.257
-41.3533
-57.8946
-39.197
-21.4612
-15.2048
-21.375
-44.8805
-72.0538
-62.1675
-65.6033
-59.362
-43.0633
-33.7247
-34.0444
-49.0807
-65.3682
-63.614
-52.0048
-42.3457
-38.5558
-36.5954
-39.1845
-67.7252
-60.9396
-57.7864
-52.6345
-43.9337
-49.4394
-64.2162
-65.3562
-59.1957
-59.1025
-60.0249
-55.8818
-58.0821
-54.6898
-50.3052
-14.8592
23.4067
58.6691
83.0001
97.676
105.019
107.27
104.815
97.4176
83.2953
71.5544
61.0906
56.5624
55.3565
51.5994
50.4697
54.7965
57.0218
54.8927
52.3879
47.7212
43.675
53.6384
61.4144
67.0801
76.9884
89.6883
102.917
112.343
116.818
116.927
112.67
103.439
88.3603
70.2125
65.8166
62.5106
60.8048
59.0247
54.7444
52.4172
53.5972
54.9408
53.4361
48.5986
42.7526
36.2223
32.9134
37.994
41.8738
44.8036
44.6342
39.7474
32.1509
28.3176
24.2991
16.8852
7.9423
-7.11767
-13.2074
-17.1797
-25.1868
-30.5762
-25.2592
-31.8996
-37.922
-35.3269
-27.5868
-32.3088
-36.0314
-38.4412
-36.112
-31.6021
-30.9476
-28.8244
-27.1486
-24.1154
-25.41
-26.2096
-56.6202
-68.5821
-42.2727
-60.7498
-40.7377
-22.1979
-16.5819
-22.2094
-46.8705
-69.2267
-59.6411
-74.086
-58.1893
-42.2978
-33.4032
-34.481
-50.2077
-72.0083
-71.9721
-55.8764
-46.049
-39.105
-37.4453
-39.5939
-73.0071
-61.1603
-59.5031
-59.5342
-44.4025
-44.722
-49.7915
-50.1274
-49.6655
-51.8376
-53.5416
-55.712
-61.754
-64.1061
-53.3585
-25.7067
16.069
55.5366
73.5043
87.0986
95.303
98.3198
96.5853
89.1136
80.3818
83.9738
86.1511
90.526
94.294
99.375
103.891
107.506
110.71
113.863
116.376
118.041
119.356
120.536
121.67
122.649
123.516
124.884
126.923
128.373
127.782
124.005
116.075
102.905
87.0745
81.111
76.7337
72.8631
75.1061
76.5268
74.4598
68.8722
61.538
55.3739
48.8655
41.8112
41.9803
47.7115
54.5888
61.1807
65.1657
65.7542
62.9022
56.6615
47.2258
34.3922
26.8704
21.2568
15.3277
5.26496
-6.26394
-17.516
-20.607
-23.9324
-27.5341
-35.6846
-31.972
-31.2605
-35.0629
-33.967
-31.7004
-31.5931
-28.7399
-29.7209
-30.4975
-32.3319
-33.7244
-44.549
-33.5957
-28.0722
-56.1239
-71.3216
-44.6327
-57.7024
-39.7426
-23.962
-16.7353
-23.7852
-41.5302
-54.0683
-59.8537
-58.4195
-60.8289
-43.313
-35.6311
-34.87
-50.9874
-73.7948
-66.2974
-57.9608
-44.1283
-41.2793
-36.2724
-41.7036
-57.1331
-54.5351
-63.3808
-54.6242
-46.9134
-48.4825
-49.4763
-50.6545
-51.556
-55.5929
-56.3141
-56.3201
-60.4028
-59.001
-49.8629
-30.5662
4.3601
53.4428
58.0404
69.8475
75.6959
89.5371
104.387
114.908
122.081
126.292
128
127.999
127.978
128.188
128.083
127.366
126.299
124.966
123.488
122.009
120.948
121.154
121.938
121.513
119.115
115.198
111.878
112.01
112.797
111.233
105.86
96.2969
85.6021
78.931
75.1374
72.8763
73.4109
73.4295
70.4619
64.6049
57.7215
54.4275
54.0066
51.683
50.6816
56.4241
61.8323
63.9596
63.0926
59.5756
54.3442
47.6087
42.6581
39.3989
35.0241
29.7302
21.4015
10.5027
-5.69098
-15.0467
-24.9638
-38.1232
-37.2834
-34.1052
-32.1132
-30.3956
-29.1212
-31.076
-33.4492
-39.1001
-51.223
-45.6197
-45.7802
-45.4353
-44.6819
-45.0373
-46.4977
-44.2959
-55.5248
-59.8195
-42.4264
-58.6707
-40.6117
-22.258
-16.3028
-21.993
-46.9311
-66.907
-58.451
-64.2386
-58.3793
-42.8175
-32.8763
-33.9215
-48.3702
-55.0938
-56.6318
-53.3719
-44.0491
-37.8321
-36.9238
-40.4063
-66.7218
-65.4783
-60.5618
-56.8148
-45.9199
-51.2683
-58.3711
-57.2824
-54.7372
-54.2763
-55.9592
-57.8179
-55.0254
-49.9503
-47.3865
-20.9225
12.1255
45.6145
64.9182
87.086
104.709
118.22
127.99
134.094
136.655
135.748
131.322
124.093
117.467
115.591
112.861
106.612
99.6522
94.3364
88.6143
87.4496
88.8615
90.2407
90.2657
88.6128
81.739
66.873
68.2219
73.549
75.496
75.4752
73.8206
69.1778
62.9467
55.3678
47.0589
38.2406
41.8007
42.1578
44.4168
47.7658
49.8987
50.9402
51.7736
51.7011
50.1526
47.3714
43.8414
38.7592
31.2569
24.8182
17.8826
18.9624
14.2877
8.91883
7.37836
5.76582
7.46258
2.06753
-7.08946
-12.1547
-30.0466
-33.0859
-29.2859
-34.0352
-31.8474
-27.1856
-24.4345
-26.406
-31.2677
-36.9919
-37.8958
-45.3891
-42.6668
-40.6506
-39.9673
-42.787
-43.5401
-43.8528
-51.7357
-57.4692
-44.5277
-52.7296
-40.8761
-23.6798
-17.6571
-23.4487
-44.4839
-55.9359
-55.601
-59.7945
-55.6962
-44.6189
-35.9546
-35.3508
-47.6352
-54.2156
-55.1025
-54.0965
-45.8745
-41.2797
-38.8569
-42.0073
-70.1231
-61.0777
-57.8929
-49.4879
-41.7066
-42.104
-44.9362
-48.7211
-50.2968
-52.3663
-55.1648
-58.4037
-61.2459
-55.6567
-51.6517
-28.8337
10.2779
39.1504
65.6588
89.5734
105.951
116.648
123
125.31
123.811
118.562
110.281
102.66
99.7277
95.8697
89.121
80.0385
66.0227
63.4865
63.342
65.2704
64.0602
59.8228
57.1999
60.6304
64.4163
60.5442
54.882
55.4024
51.4813
50.0046
42.312
38.6072
46.4334
38.0473
22.8261
19.9001
19.7838
25.546
29.1413
33.8
38.4296
39.7571
37.0451
30.6173
19.5602
13.1157
14.3431
14.445
11.6637
3.50058
2.15349
-1.71036
-1.6766
-3.63952
-14.5448
-19.7878
-12.2086
-21.9855
-26.9766
-18.5369
-32.9864
-38.6094
-35.9128
-41.0051
-41.6804
-43.0624
-39.3829
-44.1153
-49.5844
-57.5056
-50.1923
-56.3698
-59.9917
-63.9049
-54.1702
-52.1794
-51.2271
-52.7483
-57.7457
-58.9671
-44.7874
-59.6577
-42.2679
-26.5516
-19.9609
-26.2194
-50.106
-72.3471
-64.7527
-57.4947
-53.9815
-44.6089
-37.1515
-38.9102
-53.8057
-64.4961
-63.9112
-56.5648
-51.527
-43.5851
-40.7939
-45.5198
-75.7725
-63.0986
-63.2257
-68.898
-47.1706
-44.8864
-46.1562
-47.5139
-50.0006
-56.7656
-62.6603
-60.4209
-60.5874
-60.8637
-55.9792
-47.8798
4.69022
33.0643
55.661
69.2139
76.6843
81.5748
79.8025
78.4632
74.983
72.5303
68.0531
70.2234
75.9902
76.6965
74.4002
69.4613
65.62
60.57
61.2938
61.9179
58.5954
54.2744
48.1688
52.4685
51.6662
51.2598
48.646
50.1675
44.8033
43.9211
37.2773
38.3142
44.8912
40.2996
30.1027
24.7999
20.3927
18.1644
23.7096
28.5173
31.1402
33.9862
32.4262
28.4808
21.0845
16.1491
12.8692
6.11513
2.17635
-0.602236
5.07133
-1.70798
-7.34027
-11.2803
-16.2497
-37.2821
-17.8779
-23.853
-33.075
-21.6398
-39.035
-44.8223
-37.1632
-43.9564
-46.7898
-44.6131
-45.6472
-53.4736
-56.4676
-62.5488
-51.6967
-55.6596
-52.6921
-52.2478
-53.4673
-53.4809
-51.8114
-53.914
-48.4244
-57.081
-42.6906
-54.4945
-42.1612
-25.4816
-19.1742
-25.2985
-47.527
-63.1523
-58.7342
-59.4706
-56.2915
-45.4756
-37.1108
-37.2289
-48.3346
-55.8739
-58.8428
-61.5336
-45.9616
-41.858
-39.9038
-42.5426
-59.4054
-58.7783
-59.6164
-54.2659
-47.6262
-51.9078
-59.6708
-62.7719
-64.8724
-68.7343
-68.4602
-63.8676
-69.0411
-62.4879
-64.6308
-48.3198
6.89634
27.0304
37.8378
41.4182
48.7344
53.139
49.9568
54.8736
59.4876
62.3681
63.5805
66.776
69.1682
78.5625
84.5072
90.9454
97.7244
103.574
108.206
110.923
111.707
110.623
108.139
105.085
102.129
99.2706
95.2648
89.4171
81.4124
73.2865
65.9622
62.5641
62.3615
65.2013
67.3407
68.5339
67.9122
65.2913
61.5958
58.4671
55.8799
53.6237
54.6631
58.3164
60.836
60.8054
57.926
52.1482
43.9019
35.436
30.2944
23.0414
13.0441
4.94264
1.05567
-4.9571
-7.50315
-6.51204
-9.48555
-8.80703
-17.8751
-22.639
-32.9789
-34.6375
-39.5105
-43.5813
-43.8172
-47.2237
-52.137
-58.3259
-56.2265
-62.0789
-62.0218
-61.2946
-53.5597
-52.4177
-48.8104
-47.8083
-44.333
-48.9221
-43.1823
-51.2545
-41.785
-26.0446
-20.1078
-25.9792
-48.481
-63.153
-52.46
-49.0562
-46.0511
-41.1427
-35.0851
-35.8374
-49.211
-60.632
-59.7164
-51.7005
-44.4194
-40.0612
-38.1691
-42.0817
-60.5882
-57.4833
-55.1569
-52.6288
-46.1986
-49.4774
-53.7869
-51.1819
-50.1989
-54.2434
-59.5714
-59.3284
-59.2974
-58.2166
-59.2215
-53.4507
5.15839
24.0824
33.741
40.4203
48.9953
51.3595
49.7671
60.3049
70.5821
82.6246
91.7207
98.8331
104.516
108.761
112.238
115.352
118.024
120.128
121.235
121.112
119.386
116.002
110.874
104.913
100.621
98.8599
96.6054
92.2946
85.649
75.8549
65.3155
59.6187
62.5596
67.7796
72.292
73.9593
72.2063
67.269
61.6038
59.054
57.5569
55.3383
56.3918
60.5571
63.5905
64.4452
62.8751
58.4621
51.0576
43.0722
38.288
32.0023
21.9613
10.3921
7.44731
6.5629
7.929
8.59203
8.12612
4.29624
-1.68091
-12.6597
-20.8331
-34.0774
-36.1741
-40.0458
-40.5521
-46.7497
-46.9133
-48.0875
-47.7976
-51.8331
-54.2913
-57.7308
-59.5225
-57.3116
-51.7412
-54.9142
-58.5354
-55.8956
-46.2606
-51.7072
-40.8892
-26.016
-20.2437
-26.8309
-50.0512
-62.5217
-56.694
-52.0759
-51.1784
-45.9575
-37.6872
-37.2254
-48.0521
-51.9525
-57.6486
-58.0123
-49.1875
-42.9308
-40.6756
-44.6854
-59.7376
-58.6895
-60.7959
-51.2613
-43.8752
-42.2551
-40.6591
-41.9902
-45.0682
-48.6065
-51.2044
-50.3084
-51.5639
-47.9211
-48.4202
-47.5081
2.66446
24.5232
30.9449
43.4388
50.042
64.3074
71.7734
79.3515
85.4437
88.5472
90.9713
93.713
96.0754
96.4745
95.6681
93.995
92.5212
90.1625
88.0633
83.8744
79.7028
71.6095
69.3318
69.7252
66.9402
58.2906
47.5628
47.7075
48.3285
51.0809
51.2356
49.4629
50.1971
47.2294
48.8525
51.0083
49.9926
45.2873
36.7254
32.2126
36.9022
42.9209
45.0267
41.9123
35.4605
34.0887
37.7405
37.2657
33.756
32.0495
30.5359
26.9611
19.4191
8.79326
-8.03642
-18.3484
-14.8094
-10.1669
-9.99062
-8.83621
-17.9971
-27.0193
-28.9263
-37.1691
-37.8585
-40.3455
-40.9138
-45.1998
-45.5106
-47.1871
-47.0242
-48.2873
-48.1534
-50.3985
-54.1426
-53.0444
-49.3754
-48.6275
-44.0712
-47.9121
-43.0207
-46.3272
-38.3341
-25.1852
-20.0692
-26.1274
-45.1801
-58.8623
-54.971
-49.3283
-46.7464
-41.897
-36.1252
-38.1642
-48.2772
-58.1891
-62.2536
-59.3278
-45.2394
-41.7746
-38.1466
-41.1622
-53.2715
-52.5442
-50.2868
-50.5312
-46.2708
-48.1516
-47.898
-42.4668
-37.2847
-35.4979
-36.0304
-38.3862
-39.1467
-39.3458
-39.7832
-41.8817
2.98848
22.4022
31.2493
55.6643
66.3424
71.0564
72.7508
73.3934
74.6216
74.3891
72.2354
68.2623
63.2605
56.2291
54.4019
57.6
53.256
52.1569
46.7719
44.2362
44.7865
46.7537
40.8178
40.0035
50.2708
42.0123
34.5621
35.477
35.782
36.9973
40.0702
37.1611
42.814
35.292
37.4328
41.6191
43.5868
44.4023
45.3112
47.021
47.874
47.1539
44.7885
41.2338
37.5604
36.6142
37.0981
36.3619
34.8579
31.5265
26.5364
20.9411
16.0845
10.7527
3.56366
-6.50227
-9.28506
-20.1162
-23.3726
-21.4513
-26.9972
-27.0563
-26.3907
-29.8235
-32.9285
-36.8949
-38.531
-44.5819
-48.7801
-52.8227
-49.0416
-45.3943
-40.9162
-39.9159
-42.0583
-46.7219
-47.643
-46.9566
-32.0103
-35.5078
-38.223
-46.8129
-41.9152
-28.207
-22.3645
-28.4429
-50.6045
-63.0738
-61.9299
-62.5918
-52.9279
-44.2726
-38.5918
-38.9644
-50.5315
-60.3314
-61.7684
-56.011
-48.5805
-43.2479
-42.1133
-45.3133
-59.4509
-51.8854
-45.3645
-42.5398
-41.8826
-45.7908
-49.0419
-47.5866
-46.3338
-46.7618
-49.2356
-50.0125
-51.146
-49.975
-50.3705
-52.2097
0.13493
19.613
42.2228
56.1594
65.5044
68.7621
67.353
61.4349
49.8767
42.5081
46.8375
45.3047
49.5381
40.5723
45.7664
51.0201
48.5849
51.3315
59.5051
63.5828
63.9067
67.2188
72.8003
76.4817
79.4381
80.3991
79.8288
78.3664
76.4918
73.7049
68.9103
61.2741
56.8021
52.2941
49.8152
49.3979
49.7171
50.0459
48.7809
46.1174
47.7439
52.7591
53.8543
50.0786
41.363
35.0348
36.6997
37.9371
36.8535
33.6274
29.0047
21.8264
14.7925
8.34494
2.31625
-1.6229
-6.0083
-10.4821
-22.8025
-20.0856
-33.2406
-35.7189
-34.0822
-46.0319
-45.8414
-48.6261
-46.0181
-55.2942
-62.0303
-61.3588
-54.2407
-53.5762
-52.4054
-52.852
-52.0066
-53.9693
-53.8407
-55.3295
-38.4151
-41.9228
-46.0776
-54.2284
-45.3655
-29.5747
-23.3898
-29.4663
-51.2988
-66.2702
-61.4378
-59.4173
-52.9744
-44.6284
-39.1766
-40.983
-58.4737
-70.5437
-68.9022
-61.1035
-53.5543
-46.0064
-43.0701
-45.4843
-55.2867
-49.3013
-44.0169
-40.8954
-40.1066
-44.594
-48.3206
-49.7301
-54.0932
-59.8103
-60.0477
-55.966
-49.0715
-45.3078
-45.8894
-48.4652
-2.02108
15.7049
42.1686
52.3863
59.3085
61.0513
59.9401
61.9784
69.9459
77.389
83.7342
89.1648
93.467
96.3101
98.451
100.28
101.779
102.973
103.358
102.897
101.756
100.199
98.2538
96.7703
96.4605
97.1246
97.1973
95.7429
92.2723
86.3506
77.549
68.3693
64.5382
62.4537
61.6945
63.514
65.7055
66.0169
64.5218
62.5726
62.4255
62.7571
61.4375
57.2915
50.7664
46.6119
46.6002
45.3944
41.0553
34.3872
25.4377
11.8316
-2.12052
-14.1351
-21.065
-27.8314
-19.6832
-27.4355
-29.5112
-27.5028
-38.2537
-44.0305
-40.9834
-46.7595
-50.6452
-47.8795
-45.084
-53.2418
-58.1101
-63.7542
-61.73
-61.4685
-55.5208
-53.3188
-53.0386
-53.0301
-54.6375
-56.2181
-53.5495
-61.7938
-46.953
-60.9844
-45.6796
-28.7495
-22.8266
-28.7548
-50.5673
-63.7806
-65.5237
-57.64
-51.9199
-45.4407
-38.8471
-40.6981
-56.1689
-65.8897
-59.7155
-54.5793
-48.886
-45.247
-41.8038
-44.6388
-54.9139
-52.1341
-44.5361
-40.8379
-39.7088
-42.9831
-51.5458
-58.1664
-62.8235
-69.2011
-72.5911
-68.6486
-70.1001
-61.4413
-56.3785
-40.5142
3.26407
26.9453
46.6899
55.6193
63.9336
73.9487
85.0809
94.4884
100.918
104.565
105.901
105.57
104.723
104.38
104.215
103.491
102.324
100.656
98.3084
94.8028
89.9779
84.5345
79.323
72.379
70.3283
72.0662
72.8997
72.4147
73.0362
72.921
70.021
63.768
54.5706
48.1275
40.982
42.7751
46.2365
46.995
44.8378
42.5398
42.4689
44.1282
43.0305
39.0266
36.852
40.5243
42.7908
40.8986
34.6247
23.8595
14.271
3.8326
-9.56129
-13.6942
-22.2708
-30.4441
-22.6528
-29.6819
-36.8693
-26.1519
-39.0148
-43.7429
-38.3111
-45.9726
-44.8236
-43.7528
-41.5018
-45.5717
-49.3913
-55.3002
-56.2522
-56.8602
-53.8136
-49.8819
-49.2618
-49.4825
-47.6761
-46.6713
-57.5403
-60.0737
-48.6212
-61.8426
-47.039
-29.4136
-23.2157
-29.5532
-50.595
-63.2444
-59.437
-61.4567
-60.9883
-50.3695
-41.9846
-41.7919
-55.8909
-71.2322
-65.0754
-57.7784
-47.4662
-43.986
-43.4757
-44.733
-62.2372
-60.8083
-63.9758
-56.612
-48.8119
-54.5631
-62.6971
-71.7489
-67.2677
-64.0072
-59.4145
-55.8885
-56.6961
-55.7305
-56.081
-46.3642
8.24269
38.1393
53.7739
68.1011
80.3167
90.3407
97.2013
100.598
100.621
97.4906
91.2783
81.9468
70.5224
60.0319
56.9343
55.5933
49.7472
52.6186
56.3293
57.9531
56.6402
54.246
52.1192
49.1716
49.5144
41.0072
36.7284
37.988
45.6909
51.9587
52.9097
49.1878
42.2873
33.4671
19.5689
15.2944
11.3456
7.42789
6.41129
12.7264
20.3245
26.183
28.5251
27.4794
24.5852
22.1798
21.0664
18.4194
13.8578
8.0404
2.23681
-0.942907
-4.20734
-7.82478
-19.3092
-28.6838
-24.6179
-28.1273
-36.3083
-27.1964
-38.106
-42.4397
-39.8459
-43.449
-43.7003
-44.0552
-41.8717
-49.5087
-56.3792
-56.9248
-54.0291
-52.5644
-51.6851
-53.6864
-53.8625
-53.0974
-48.2147
-48.3256
-57.853
-62.4677
-48.2253
-52.8798
-43.8291
-30.6504
-24.1797
-29.9731
-52.7382
-64.5192
-64.4004
-65.2843
-60.9294
-50.2377
-42.618
-41.8299
-56.2243
-55.0333
-51.7754
-49.6906
-49.1498
-45.6224
-43.7277
-46.7249
-57.4061
-58.4278
-57.6516
-59.4117
-52.2728
-58.69
-62.8426
-58.2023
-55.0124
-53.7146
-51.9282
-50.2882
-50.0153
-50.7444
-51.7908
-51.0118
6.57585
31.1765
56.7934
72.9471
83.4847
88.4857
88.757
84.4301
75.8886
66.1398
60.9486
60.3287
61.9135
63.0001
62.023
58.6973
59.8041
65.6931
74.307
80.3339
82.7965
83.7434
84.7695
87.3237
89.6221
90.3132
89.294
86.1967
80.9989
73.738
64.3326
52.6691
38.0056
37.9219
36.9008
34.6363
30.8944
28.3621
31.0406
41.4338
49.5
52.9077
51.7212
45.7437
35.7811
29.8281
26.3387
21.0496
14.9181
11.6656
8.15853
2.89518
-2.65299
-10.2298
-16.8242
-30.4106
-22.7233
-27.5094
-32.1775
-27.5292
-40.0501
-43.8122
-40.0364
-43.1476
-43.4818
-44.6892
-46.0444
-53.3738
-55.596
-56.7302
-55.9777
-56.7457
-58.8495
-60.4122
-61.1948
-58.7765
-56.243
-59.6318
-64.5549
-66.3596
-48.8989
-60.3067
-48.957
-30.4818
-24.8473
-30.6975
-47.0887
-57.0033
-59.8698
-59.9886
-57.8608
-50.5247
-40.9917
-41.6161
-51.6123
-53.519
-50.7211
-48.6453
-45.0313
-41.7903
-39.7949
-43.7633
-54.8625
-55.2867
-53.398
-51.3195
-49.5019
-50.7562
-54.6311
-55.5986
-53.5165
-54.1106
-52.1808
-51.2127
-53.7458
-60.0085
-62.3195
-57.7766
3.23655
24.222
52.8897
67.3347
76.7351
80.4905
79.3159
74.0663
71.7603
79.0681
86.6947
92.5393
97.1309
100.54
102.805
104.647
106.47
108.117
109.31
109.762
109.484
108.688
107.832
107.005
106.219
105.391
104.314
102.66
99.8164
95.2456
88.3465
78.8117
68.8786
61.7833
57.3729
50.9451
41.9396
36.3508
43.2203
55.2004
62.9442
65.7407
63.994
57.8153
48.9788
44.6779
43.2864
40.509
36.3912
30.1421
20.7609
7.41922
-2.87835
-6.09033
-10.2025
-12.2576
-12.716
-19.5258
-29.7942
-25.1881
-32.3971
-35.3814
-37.3058
-40.6508
-40.7982
-43.7884
-43.1567
-48.0263
-50.7025
-49.8646
-51.4304
-52.501
-51.7216
-52.2707
-52.6104
-54.185
-50.3841
-52.957
-57.2986
-61.7228
-51.1221
-53.6048
-41.6575
-29.5586
-24.7449
-31.1204
-51.8382
-61.1843
-59.8501
-56.5998
-53.5148
-47.9436
-42.4176
-42.5662
-47.935
-47.9972
-49.0945
-51.1864
-47.3061
-41.8725
-39.921
-42.15
-49.964
-53.5537
-52.3145
-48.3474
-44.7746
-46.5395
-50.772
-55.8723
-60.4565
-61.7369
-57.5685
-55.2802
-57.2036
-59.193
-57.8336
-53.05
8.32032
38.3388
53.7091
65.8405
71.2781
72.8568
78.6797
89.8957
98.9225
104.943
108.32
109.667
109.511
108.667
108.064
107.527
106.316
103.94
100.178
95.0542
88.7186
82.6449
78.4167
75.035
69.23
62.6442
63.7817
71.2871
77.0149
78.5541
75.9959
68.6196
55.7084
44.7596
43.9188
40.7545
34.8298
27.8958
32.4727
46.5584
56.1977
60.4858
60.0561
54.9746
46.5496
42.8315
42.7472
40.1119
33.9378
25.4164
16.0116
4.90371
-6.56214
-12.2829
-17.5309
-21.2248
-19.8431
-25.5211
-30.6419
-30.642
-37.0892
-40.4523
-37.6649
-42.3015
-46.5918
-46.8411
-46.7644
-52.6065
-55.141
-55.5496
-51.4851
-47.0321
-45.7107
-47.356
-51.4775
-52.9722
-54.7496
-53.6822
-57.3387
-60.0877
-50.0795
-61.3218
-48.5965
-31.4921
-25.1542
-31.0718
-51.033
-62.0544
-58.8928
-60.5696
-58.9846
-50.1876
-40.6456
-40.6207
-48.4175
-56.479
-62.7828
-60.944
-50.5617
-45.193
-42.0263
-44.4706
-50.249
-50.0911
-50.1687
-48.681
-45.1714
-46.0339
-49.7636
-53.3166
-56.3798
-56.9437
-52.0826
-48.297
-48.54
-51.0798
-55.2565
-45.3489
10.7587
32.8669
47.8246
58.1344
70.3053
81.988
90.4005
96.1335
98.8323
98.2189
94.3441
86.7866
77.0055
69.0234
60.2275
58.2722
56.6124
59.6068
61.7339
60.8978
56.0103
50.4003
45.874
44.0849
39.8368
36.7557
33.3593
39.593
43.7788
48.6945
49.8078
47.2487
40.6838
27.2576
16.3883
11.9208
7.45482
4.82801
16.1149
29.7067
36.958
40.9138
42.4367
41.8879
38.6788
32.6983
25.8316
19.8104
14.4909
9.4973
5.08986
0.376183
-3.73495
-9.45872
-17.5206
-30.7889
-24.1144
-31.7928
-35.9204
-29.4095
-38.5232
-41.8794
-42.9954
-48.1535
-47.4847
-46.7954
-44.4
-47.9757
-48.98
-47.2238
-46.2543
-47.2276
-49.8406
-52.368
-50.8694
-50.4924
-51.2578
-54.4091
-54.9152
-55.2135
-49.2896
-61.0937
-47.4725
-31.4783
-25.4833
-30.9463
-48.9385
-58.9188
-59.9384
-58.066
-55.2273
-47.9242
-42.1263
-42.2136
-55.4149
-70.2288
-66.1191
-58.0601
-51.0015
-46.4788
-43.9437
-45.8602
-55.6888
-55.4359
-55.5354
-56.1902
-51.8405
-49.2942
-45.1792
-44.1496
-47.0983
-54.3122
-58.4916
-54.9961
-53.7939
-54.601
-55.4371
-46.4223
9.07068
6.16623
47.837
62.7125
73.3026
79.0165
80.5366
78.0954
72.2192
66.0967
58.6786
53.5958
51.8655
51.7499
52.0066
58.8316
69.1272
76.7035
81.1484
83.7062
84.4993
84.054
82.8481
81.2804
79.9703
78.7787
77.0562
73.9469
68.7316
62.4946
58.1615
56.5033
53.5282
48.9653
43.676
37.3403
31.6559
27.9086
27.5567
30.931
35.2376
36.9598
36.1038
33.0787
28.4524
21.6517
13.1977
5.71798
4.01024
1.3915
-2.14741
-8.00545
-15.1977
-19.4604
-27.753
-40.0424
-24.5356
-32.2685
-38.3424
-31.0649
-39.9276
-42.7028
-43.3939
-50.0783
-49.3206
-47.6664
-44.9452
-50.288
-55.5984
-55.7484
-53.9416
-53.6445
-57.0715
-55.8424
-50.4498
-49.1646
-50.3079
-53.2273
-57.5929
-61.6183
-51.6473
-60.1391
-49.2232
-34.1479
-27.8883
-33.4983
-52.241
-64.2821
-68.868
-64.2854
-57.921
-52.7624
-43.7945
-45.03
-54.7207
-59.1718
-60.9514
-61.4432
-55.1806
-50.3236
-48.9416
-51.5522
-72.8296
-64.4509
-58.9055
-55.6671
-51.2751
-48.1031
-46.017
-44.2882
-45.7054
-50
-52.7416
-52.9423
-52.1944
-52.7573
-51.529
-48.7462
5.57102
7.79638
41.8193
57.4616
64.7015
66.8344
63.9379
61.099
68.2094
78.0676
84.7847
89.2857
92.1663
94.2071
95.3357
96.0091
95.9176
94.5504
92.025
89.3692
88.1354
86.5211
83.6667
80.207
76.8862
74.0551
72.857
71.4159
67.4227
61.6088
57.5219
55.4982
52.9034
47.5702
41.8178
36.3051
31.7285
29.4485
28.0575
30.5556
32.7236
32.907
30.7458
26.7471
20.5367
14.5948
3.24198
-4.00978
-12.3847
-14.2766
-18.6983
-28.8368
-35.1495
-30.8379
-32.599
-41.1668
-26.7736
-34.3614
-39.2899
-32.6463
-42.5364
-46.4363
-48.3183
-48.6786
-48.5824
-48.8855
-47.037
-55.3896
-63.8353
-62.9912
-59.2096
-56.4849
-56.0151
-56.6837
-56.2211
-58.9944
-57.0266
-58.4719
-52.9583
-60.5031
-52.7759
-57.459
-46.6872
-31.3042
-25.9881
-31.7328
-46.4739
-54.6974
-60.6561
-63.294
-58.3728
-48.6735
-42.7756
-44.3819
-52.6359
-54.7503
-53.5379
-51.8016
-50.4994
-49.7542
-47.2188
-48.6108
-58.5652
-55.2682
-53.2487
-52.5113
-49.0994
-52.4854
-53.777
-53.1648
-51.4755
-52.6941
-57.4721
-61.2648
-68.4957
-65.3198
-61.8227
-43.3149
8.83629
26.185
42.6563
53.6026
63.345
73.8195
83.474
90.4435
93.9252
94.6926
93.8021
92.9579
92.6234
91.4701
88.9348
85.0856
80.5464
75.4307
68.8832
62.8915
58.01
56.3102
53.6905
49.8761
49.6464
48.4325
47.3039
43.3627
42.683
45.0501
44.8524
40.5229
33.0909
21.3365
9.56009
-2.02486
-5.13877
6.28748
15.5467
28.1339
35.3239
37.5413
35.196
28.2916
19.0687
16.1069
12.2836
7.2702
1.40861
-1.5052
-1.1753
-3.47324
-7.37571
-11.2453
-15.2008
-19.7205
-20.023
-28.4904
-28.3561
-25.4008
-28.5382
-32.9534
-40.1969
-42.0832
-43.2639
-40.5025
-38.3864
-43.6294
-50.2703
-55.2646
-55.1748
-52.0068
-53.169
-54.3664
-55.0093
-56.1746
-53.4453
-53.044
-57.8393
-59.056
-50.3652
-56.2387
-48.3366
-33.1976
-26.9541
-32.3958
-51.1582
-58.7668
-59.9378
-62.3154
-60.6434
-52.0738
-43.0505
-43.3926
-53.3288
-59.4212
-59.0969
-57.5233
-49.2863
-44.1878
-41.7783
-43.5095
-49.8223
-53.3115
-53.033
-49.6087
-45.0726
-46.7572
-51.6769
-57.2328
-58.7377
-59.9341
-58.354
-57.2655
-58.7026
-57.3306
-54.1551
-48.5549
7.9265
25.5041
33.0635
64.7467
81.8159
92.4178
98.1174
99.5628
97.0295
90.2956
79.1446
68.0613
66.6291
65.8014
61.4163
58.9551
63.9143
74.3599
81.4793
86.3574
88.9211
89.9495
90.6765
91.942
93.2865
93.8439
92.8388
89.835
84.8907
78.7524
72.1062
64.2662
54.8686
48.6717
45.9928
42.769
38.8908
36.3835
36.1708
42.28
48.1342
50.2232
48.2084
42.2977
33.9256
27.2722
22.5916
22.3788
23.363
22.7786
19.559
13.3594
8.05108
5.061
4.26709
4.19444
2.93702
-1.23026
-5.7856
-5.53646
-4.5648
-5.16283
-6.85251
-7.09249
-6.5536
-6.76285
-7.2592
-7.10405
-7.7592
-10.6187
-16.0981
-23.6422
-31.5225
-36.7718
-39.8923
-42.8146
-43.1491
-45.1335
-55.1709
-57.051
-50.6407
-61.0544
-50.468
-34.7158
-28.6956
-34.7817
-53.9552
-64.7676
-64.9252
-66.7764
-68.2231
-54.3055
-45.4749
-46.0905
-56.7491
-63.0655
-62.6019
-56.5961
-51.8345
-45.0001
-40.7614
-41.0848
-46.4937
-49.8543
-54.8664
-53.1188
-47.6046
-47.7021
-51.3427
-55.892
-56.7764
-56.3795
-54.8696
-54.1843
-54.8411
-55.2216
-57.0315
-49.1097
6.43781
29.2255
50.9485
71.7497
83.3026
89.1112
89.9333
86.24
78.3869
71.8316
78.5658
86.2604
92.4533
97.3691
100.962
103.881
105.963
107.244
107.633
106.877
105.266
103.371
101.842
100.887
100.572
100.287
99.5648
97.8849
94.5763
88.9537
80.6326
69.9935
60.3714
58.1067
57.3852
55.9009
53.0232
48.8488
46.1011
52.5054
59.1341
61.2938
58.9014
51.9702
42.9663
40.1212
40.724
39.9381
36.5379
30.8471
25.1907
21.9531
20.0737
18.1108
15.176
10.9178
5.80822
1.34122
-2.29031
-4.47118
-5.18168
-6.30577
-8.28135
-8.61175
-8.02548
-8.07094
-7.94422
-8.39044
-10.9423
-15.9974
-22.5303
-29.0574
-35.3127
-41.8068
-45.1465
-47.2261
-48.9258
-50.8738
-55.2707
-59.8803
-53.4851
-64.1951
-52.6502
-35.6149
-28.8274
-34.4269
-50.809
-55.5938
-59.0276
-62.7281
-62.8589
-53.9445
-46.4012
-47.0394
-57.2419
-62.1086
-62.2766
-60.1349
-54.7692
-49.729
-49.3427
-50.7004
-58.3141
-53.5201
-50.7351
-48.3754
-47.7405
-50.155
-53.1458
-54.8966
-54.6799
-54.6741
-55.4565
-52.7889
-49.553
-47.5488
-48.242
-48.3309
3.67358
28.4872
58.3652
70.6977
78.2085
80.8964
81.7411
87.8219
96.1779
102.107
105.411
106.8
106.911
106.306
105.727
105.167
103.885
100.643
94.4271
85.0141
74.5066
67.5631
63.3213
59.9511
55.5719
56.7819
58.8248
60.3926
61.3308
61.9126
60.3991
55.2087
46.4523
29.1798
19.3477
18.4546
17.488
18.6236
33.3999
47.3901
55.1953
57.6476
55.3278
48.3942
39.7521
36.2132
34.302
30.7368
24.5671
16.8541
11.5807
11.6
11.7719
10.1143
5.92796
1.17894
-6.30822
-17.3507
-21.4823
-22.8854
-27.6476
-26.2629
-25.683
-27.1079
-29.3173
-31.2947
-30.592
-30.425
-29.6416
-30.8094
-33.5221
-39.0926
-45.2144
-49.4987
-52.5968
-58.5053
-54.3266
-53.1396
-60.074
-66.587
-52.5349
-63.1558
-50.7179
-34.596
-28.5771
-34.176
-51.3012
-57.5189
-54.3684
-50.4363
-46.1426
-43.2877
-41.1256
-43.2608
-56.5038
-63.1338
-65.1745
-58.0404
-49.2523
-44.2531
-41.073
-44.056
-48.7975
-51.2097
-51.829
-52.7361
-47.7795
-48.0423
-50.3261
-54.2974
-57.4255
-58.9526
-58.7485
-58.8137
-56.0348
-51.4456
-47.3827
-46.2992
-0.427936
23.0937
44.8202
57.6456
70.5754
81.6423
89.6767
94.5373
96.4912
96.1045
93.3983
88.1107
79.8208
70.7067
61.2154
57.3218
54.4542
61.4886
66.4037
70.7606
71.6229
72.3252
72.2131
73.167
73.5333
73.7191
72.287
69.4483
65.4406
61.5189
58.4618
55.63
50.3492
42.2749
33.6053
25.0572
19.0169
18.0513
31.8033
46.107
53.7986
56.0205
53.3552
45.441
32.6586
22.9162
19.0909
13.8323
8.43245
4.2313
2.2805
1.11
-0.0790912
-1.52935
-3.9287
-8.54504
-14.0536
-20.7341
-26.4551
-28.3146
-33.3813
-29.7491
-34.5079
-38.3442
-41.8406
-40.7775
-37.0675
-37.5271
-36.4925
-39.5625
-43.1752
-49.7367
-54.4436
-56.4569
-54.3152
-58.2383
-54.1279
-51.9654
-61.0041
-66.1521
-54.08
-58.7794
-47.3354
-34.1159
-29.0337
-35.1445
-54.0745
-58.2596
-55.3735
-53.4418
-52.7434
-49.2848
-44.389
-45.7197
-54.0331
-59.3964
-59.5013
-58.0395
-52.1987
-48.5501
-44.6467
-43.1772
-45.7852
-47.9808
-53.1754
-58.6964
-55.862
-58.9315
-56.908
-53.9541
-52.7093
-53.1184
-54.8676
-56.9351
-57.836
-52.4479
-50.0712
-50.4996
-1.62515
29.5928
46.8663
61.3277
74.6647
82.0495
84.4574
82.4085
76.7289
71.7364
74.4292
81.0383
86.5107
91.2316
94.3167
97.445
100.599
103.287
104.491
104.128
102.571
99.9169
95.9316
90.5326
85.4509
83.1252
82.7025
81.657
78.4514
74.1855
71.4436
69.7945
65.9195
58.439
48.4619
40.2476
36.2504
31.5302
36.4663
48.8143
56.0257
58.0664
55.4252
48.2886
39.4279
34.4137
29.7079
24.3779
20.3973
17.2497
12.7013
7.94451
6.15615
5.45442
2.58226
-3.22157
-8.55859
-14.2605
-17.9813
-20.2347
-19.3405
-18.8678
-22.3595
-20.4505
-15.4421
-13.1118
-13.5378
-17.0697
-21.5812
-27.7261
-37.2702
-45.8332
-49.1108
-57.1482
-55.8567
-59.0173
-52.0148
-53.8633
-56.8109
-59.9665
-54.7485
-58.7517
-49.194
-35.0629
-29.6502
-35.5034
-51.8281
-58.4047
-59.7237
-64.7223
-61.8318
-53.1943
-45.1901
-44.7214
-53.1455
-57.6172
-61.7844
-60.4327
-56.0834
-50.0859
-48.3326
-50.0554
-52.1134
-48.7131
-49.06
-51.29
-52.767
-47.8834
-39.7473
-34.0035
-30.1102
-27.6633
-26.785
-27.8709
-31.1796
-35.6942
-38.3702
-37.0582
-4.52487
38.1374
63.3948
78.3756
87.2698
90.4893
90.3179
93.2037
99.4955
104.24
106.352
106.544
105.51
103.62
101.581
100.404
100.451
100.066
98.0127
93.7183
87.9838
82.5026
77.9914
69.3598
59.9723
54.2274
55.3899
61.7931
66.6676
68.7975
67.7304
62.7137
54.8174
46.6904
39.3686
31.9
22.3531
18.8788
29.4479
42.8451
50.3488
52.6521
50.4771
44.2998
36.6462
31.551
29.3475
28.946
32.2438
36.7449
39.8558
41.0438
40.7581
39.3055
36.4177
31.9804
26.6343
20.6494
13.5585
7.57536
6.93004
7.08265
6.29578
8.28243
10.817
12.0225
13.4127
14.1025
12.2514
6.81534
-0.44958
-6.65404
-11.0245
-17.3902
-24.8978
-34.0434
-38.8172
-45.6507
-61.4319
-62.0181
-50.5196
-54.0593
-46.7695
-34.6135
-29.2111
-34.9265
-56.7162
-64.6868
-64.2858
-65.3397
-61.6303
-53.0255
-44.1798
-44.3557
-49.2646
-51.3939
-52.7865
-54.6153
-51.8635
-48.8972
-46.3828
-49.5497
-55.8081
-54.0775
-52.39
-51.3191
-48.3658
-47.0007
-42.2852
-35.693
-29.8304
-25.3875
-22.82
-22.4816
-24.5338
-28.8015
-34.4268
-36.4441
-11.7297
46.4744
71.3446
86.8944
97.0071
104.636
110.482
113.57
113.447
109.818
102.946
93.5962
84.9722
78.5094
73.2457
74.3902
84.463
95.5648
103.115
107.945
110.256
111.126
111.616
111.879
111.606
110.377
107.957
104.32
99.5345
93.438
85.6186
75.3943
63.9281
55.229
51.839
46.8235
39.5273
34.501
37.6278
45.1027
50.1231
51.7617
50.0692
45.6692
40.2873
35.8197
32.1345
32.3898
36.6579
40.1589
41.0359
40.7426
42.247
43.9807
43.0379
38.6489
32.1316
28.1987
28.5279
30.4807
31.8956
32.1869
32.2302
34.3961
38.0152
40.3698
40.1071
36.9275
31.0084
23.2722
16.657
11.99
6.43295
-1.59177
-12.4498
-23.7106
-32.555
-38.4059
-60.4111
-60.027
-50.4755
-52.1008
-48.6509
-35.9521
-30.1425
-36.1555
-54.3681
-64.957
-64.7485
-64.4793
-63.4918
-53.6366
-46.1717
-45.4779
-50.0339
-50.7308
-52.5305
-53.7429
-51.654
-46.3164
-43.2231
-43.4371
-47.3859
-50.3577
-49.8687
-47.2131
-45.513
-48.8558
-54.427
-59.9699
-62.4438
-62.7785
-58.2901
-54.4108
-51.8542
-51.4416
-53.641
-56.8138
-12.2881
45.0723
70.1418
90.3292
103.955
112.012
115.219
114.096
108.879
102.784
105.127
111.017
115.132
118.069
120.331
122.231
123.958
125.202
125.315
123.822
121.377
119.366
118.441
117.807
116.55
114.358
111.559
108.687
105.497
101.13
94.6626
85.2295
72.6237
64.2987
61.3299
56.6106
50.761
46.9234
45.9792
45.9522
45.1893
46.4156
49.6789
50.9468
48.8033
43.9033
40.314
41.4763
43.9743
44.9411
43.0746
38.2303
33.0056
32.5502
32.6
30.6302
29.0375
31.2268
33.7001
35.4196
37.3642
39.4022
40.3693
40.1653
39.8029
40.2406
40.6294
39.1637
34.5373
25.5664
12.6623
-0.532096
-8.61015
-17.3576
-25.638
-34.1888
-40.1878
-41.2228
-64.5106
-62.7101
-53.0609
-56.9616
-51.0692
-36.4244
-30.0361
-35.4859
-50.3267
-58.3914
-61.4207
-60.3183
-57.931
-52.1086
-47.1777
-47.4961
-55.6261
-60.0517
-60.0995
-58.3278
-52.705
-45.9103
-40.7503
-39.5865
-42.9738
-47.9778
-53.2555
-54.5793
-51.7956
-52.3956
-54.6797
-55.1895
-55.2534
-54.5565
-50.6812
-47.3209
-46.6555
-48.3801
-50.3851
-45.2344
-10.7416
33.2088
62.9732
84.0419
97.6213
104.393
107.407
110.805
116.237
120.815
123.253
123.812
123.066
121.469
119.625
117.881
115.758
112.07
106.071
98.4624
91.0101
85.478
81.5001
78.6869
76.6726
74.6908
69.9793
62.7703
62.7656
66.2466
67.0741
63.9345
56.2962
48.6223
46.7994
47.2999
45.492
42.6748
40.8685
38.9302
36.6742
35.9145
39.0342
41.7616
42.1175
40.4031
38.4044
37.2012
35.66
34.886
34.2639
33.0063
33.4076
34.8574
35.0069
34.2892
34.6012
34.9145
35.5526
38.2169
40.5252
40.2018
36.9906
32.4207
28.6623
24.6727
19.6174
14.6814
10.2961
4.42948
-4.75308
-14.2831
-24.7952
-34.2994
-40.6303
-42.2945
-45.3352
-47.8028
-64.2957
-65.4767
-53.5434
-57.7961
-50.4923
-36.2416
-30.9402
-36.5081
-53.4541
-57.1806
-53.5046
-50.6127
-49.839
-47.4926
-43.2947
-44.1458
-52.513
-59.8976
-63.7094
-61.0735
-55.4931
-48.3015
-44.1878
-44.073
-47.8898
-49.6162
-50.264
-51.2197
-51.5099
-54.9993
-58.0096
-57.1438
-54.803
-52.5251
-49.4395
-46.2688
-45.6169
-48.0698
-51.8792
-46.9368
-1.60888
30.3777
58.6552
75.5906
89.1385
99.0898
106.697
111.7
113.613
112.135
106.813
97.1593
83.3795
78.551
78.9559
81.2784
89.9869
97.9214
102.504
104.358
104.229
103.399
103.458
104.839
106.598
107.64
107.436
105.578
101.6
95.5817
88.7696
83.8395
79.0482
72.9225
68.7202
68.6421
69.1947
68.5806
66.3764
62.6584
57.9904
53.8523
51.2562
49.6476
48.782
48.4698
49.3308
51.2639
52.189
50.6121
46.2301
39.5268
31.1469
24.5829
21.9718
18.1919
11.4368
5.0945
4.81222
8.71025
10.8361
9.78102
7.6987
8.05178
8.65197
6.26443
0.665044
-4.83381
-10.2517
-17.0229
-25.1474
-33.577
-40.7561
-45.482
-46.834
-47.8743
-50.938
-54.4138
-54.8575
-55.1128
-51.0758
-55.3311
-50.4754
-37.5313
-31.1651
-36.8568
-51.056
-55.6597
-54.3229
-54.9397
-56.9096
-54.6605
-48.0147
-47.0461
-54.1726
-53.4771
-52.7606
-53.068
-53.1128
-50.7687
-46.5016
-47.0149
-49.9244
-51.3092
-53.479
-56.7438
-57.5373
-61.1253
-63.2233
-61.5425
-57.2115
-54.951
-53.6605
-54.0418
-56.315
-59.0172
-61.0495
-56.0104
-0.780919
5.56878
45.196
65.7047
82.6533
92.3471
96.653
96.6209
94.7874
95.7189
98.5635
99.8603
100.151
101.098
103.174
105.445
107.273
108.13
107.495
104.998
101.285
97.5934
94.8183
93.1302
93.2067
94.7338
96.0022
95.8042
93.2502
87.8098
81.1672
75.2276
69.6272
63.2413
60.958
61.374
59.2506
55.5984
54.7567
57.084
59.5838
60.2625
58.2618
54.2132
52.3495
53.9636
55.1425
54.2601
51.32
46.4584
39.2891
30.2931
21.0525
12.5028
8.37503
4.59964
1.13914
-3.6449
-8.02405
-11.9398
-17.6471
-18.9217
-17.6257
-20.6456
-21.4802
-19.5381
-20.8145
-24.2009
-30.232
-35.9512
-37.6733
-43.8679
-50.922
-59.4685
-64.3381
-62.3412
-60.3854
-55.4421
-47.8709
-52.6385
-51.266
-55.6661
-49.9904
-36.1382
-31.2955
-36.3153
-54.1268
-60.2908
-63.0891
-59.5093
-55.2911
-49.2763
-44.986
-46.9326
-50.344
-50.288
-50.5405
-53.3734
-54.8078
-53.552
-50.4837
-52.0384
-54.0239
-50.5262
-49.8655
-50.3427
-49.4746
-48.6915
-48.0269
-49.024
-49.227
-47.7297
-46.9774
-48.1947
-51.1763
-53.8278
-55.1375
-44.5829
3.1821
27.1022
51.5023
65.6135
75.9638
82.4223
89.5225
97.1601
102.603
105.089
104.599
101.61
97.0065
92.4243
88.9029
85.9325
82.3857
79.3069
78.8683
81.6332
83.9198
85.2795
86.2213
87.7584
89.7993
91.5203
92.1962
91.1593
88.1353
82.7723
74.9643
66.4214
59.6989
54.6678
47.9563
39.9413
34.3925
36.4494
43.6675
55.4039
63.4174
66.5234
65.5142
61.6638
57.6266
54.0916
49.0336
43.7625
40.3034
36.5637
31.7136
27.6179
24.1473
20.7711
16.749
11.996
7.00741
1.30437
-4.57077
-8.84826
-16.5066
-22.0347
-22.8854
-27.3437
-34.7462
-37.1267
-46.6342
-49.6165
-51.0389
-49.7192
-44.4295
-50.4793
-56.2741
-59.9583
-60.8075
-55.5951
-54.3272
-53.4314
-51.0139
-52.193
-48.7183
-50.184
-47.0373
-37.6724
-31.9869
-31.3002
-25.9002
-18.6061
-14.094
-12.7748
-14.4302
-18.7296
-24.5259
-31.3615
-42.3427
-49.0589
-52.76
-55.0758
-54.9247
-52.4482
-47.1344
-45.3772
-47.2964
-48.542
-49.4872
-49.6862
-49.7763
-51.7459
-55.8426
-58.3595
-58.7279
-58.3229
-56.3525
-54.5631
-54.3779
-55.4353
-56.7749
-43.0808
5.39465
24.2873
44.1597
60.1938
74.2318
85.257
92.2231
95.2599
94.4391
89.8808
83.231
80.6537
82.7166
85.7555
88.6768
91.6598
93.9864
96.0384
97.3787
97.2623
95.7471
94.3776
94.2737
94.2863
94.3736
95.7015
97.4782
97.9102
95.9605
91.1114
83.0514
72.7211
64.4797
60.0229
54.7939
50.0519
47.9675
47.6223
47.6947
51.766
56.8571
59.1794
58.3741
55.1764
50.4876
44.5972
41.0127
41.9849
41.8882
39.0425
34.2209
29.3478
25.2878
21.7908
17.5004
11.6413
5.91004
0.499105
-5.28141
-11.0224
-17.8307
-24.5842
-24.3916
-26.2185
-29.7349
-33.1193
-39.9062
-45.2306
-48.7797
-50.5552
-47.1873
-53.7947
-57.979
-57.7575
-56.9618
-54.3756
-54.6203
-54.11
-56.3053
-56.7758
-49.7205
-50.4523
-47.1449
-36.5314
-32.0129
-36.2859
-31.985
-24.5927
-20.4657
-20.0294
-23.2473
-29
-33.7715
-38.5525
-43.5482
-50.338
-56.7821
-58.8788
-54.509
-49.5689
-46.1831
-47.21
-52.3536
-54.434
-57.2827
-58.8188
-56.6733
-56.928
-55.8717
-54.8529
-53.3404
-52.6288
-51.6339
-51.6277
-53.2019
-55.0994
-57.4314
-55.6347
3.39299
12.8955
38.852
58.4224
70.6644
77.3338
80.3935
83.5792
88.5624
93.7169
96.6667
96.7652
94.2032
90.564
89.6306
90.7299
90.6077
87.6846
81.6927
73.7782
68.0244
67.3297
67.6145
69.0119
70.0999
70.6816
69.6368
66.6534
62.9517
58.7806
53.9172
45.8104
36.8729
34.4646
36.0552
37.4421
36.5461
33.1633
35.1965
46.3802
54.629
57.8837
56.8236
51.9545
45.4823
41.8417
40.8185
38.4588
33.2754
25.0413
18.4444
19.3249
20.6342
19.3965
15.8307
11.5514
7.87683
3.95645
-0.810264
-5.25312
-9.33352
-10.3015
-10.1647
-12.484
-16.9043
-22.1011
-28.4664
-35.2086
-39.5889
-43.7373
-45.8629
-51.8854
-55.1115
-56.3758
-55.7023
-53.807
-53.6858
-55.3341
-57.7501
-57.2019
-50.9912
-54.2977
-50.7828
-35.3295
-30.0884
-29.3127
-25.5164
-21.9028
-20.7799
-22.118
-26.0329
-31.1481
-32.9544
-35.4165
-34.6531
-35.2243
-36.2828
-38.5847
-40.9697
-43.0044
-40.8037
-40.2961
-40.6237
-42.817
-47.6528
-54.3838
-54.9313
-54.075
-52.5786
-51.5796
-50.4122
-48.5969
-47.2923
-46.3212
-46.3126
-48.0534
-51.4712
-50.9059
3.97372
23.498
48.8966
64.5107
75.3649
83.2244
89.076
92.7459
93.4454
91.1616
86.4885
81.5779
78.8466
79.635
81.0419
83.2839
85.6665
88.6768
91.5039
93.6198
95.1245
95.7269
95.2415
93.791
92.6438
92.5748
93.0823
92.8455
90.7906
86.3658
79.1509
69.2996
58.4426
55.0616
56.7258
58.1389
57.5966
55.2395
51.8908
52.102
54.975
55.8986
53.4331
47.8329
41.9289
39.5449
38.2702
34.485
27.6469
22.8269
21.2439
19.9974
18.4019
18.9654
22.1164
24.8123
24.804
21.2937
14.0556
4.06001
-5.26943
-8.4192
-9.85239
-13.066
-17.7304
-22.9912
-29.3923
-35.6971
-39.8765
-41.936
-41.4683
-45.828
-51.8023
-56.6437
-56.0993
-52.6067
-51.3831
-52.507
-61.3438
-63.1927
-54.5686
-57.4947
-41.3295
-27.9673
-14.0748
-6.96239
-1.05369
2.20447
3.06494
1.48163
-2.41372
-7.021
-9.11497
-9.13766
-10.9493
-13.9102
-17.392
-21.6744
-27.5069
-32.8058
-38.857
-41.0243
-43.7492
-45.8232
-50.3119
-54.7444
-56.5684
-60.4405
-59.7048
-54.8087
-50.5786
-49.2342
-50.2716
-51.6659
-51.3764
-50.38
-50.9808
-50.6304
2.24515
27.9722
49.2266
68.136
81.0144
88.5226
91.4573
91.1177
90.8699
94.2202
97.8136
99.2762
98.5069
95.9036
92.6526
90.4606
89.2845
87.8354
85.6108
82.9818
80.6694
78.8948
76.0098
70.9783
64.8669
64.1297
66.9007
69.611
71.319
70.3246
65.9748
57.6244
44.3197
33.1092
30.0251
29.8974
29.1589
27.2322
28.8271
40.5712
48.5365
51.2879
49.3648
42.9412
33.4283
26.3321
22.5449
18.9371
13.1831
8.47652
6.15857
4.78256
1.95686
-2.13006
-5.3063
-4.47168
-3.44928
-5.59875
-10.7176
-18.7065
-23.3324
-27.1411
-26.9561
-29.9363
-32.0759
-32.9901
-37.8521
-43.7374
-48.6631
-48.4721
-43.9231
-44.7073
-47.0462
-51.1999
-54.7666
-53.3501
-52.3039
-53.552
-61.9054
-62.7784
-54.5011
-59.5845
-49.0581
-37.2055
-31.1838
-27.7032
-28.5278
-27.8059
-26.4353
-24.3958
-23.803
-24.3258
-24.6836
-27.0562
-33.7995
-44.7762
-51.7
-53.1922
-51.4696
-48.7256
-47.4481
-47.7706
-51.183
-51.6667
-52.8906
-54.7231
-54.9314
-56.876
-57.5213
-51.1676
-46.5014
-45.9028
-48.2159
-49.8038
-48.7345
-47.5482
-47.973
-49.0666
0.0649825
29.1428
48.0364
64.8628
77.2615
85.6295
91.7057
95.9363
97.7001
96.8302
93.6112
89.0536
84.2266
80.0201
78.2843
79.3321
82.6561
86.9123
90.2384
92.2404
93.5357
94.4435
94.892
94.9595
94.8172
94.6265
94.2673
93.0041
89.8008
84.0069
75.0525
63.1844
49.6478
42.5177
41.6424
43.886
45.8559
45.5197
44.8533
50.0627
56.0642
58.1138
55.6842
48.5727
38.6346
32.2596
27.5721
20.9134
16.2041
13.5568
8.81242
3.15875
-0.274877
-0.953459
-1.54719
-3.45701
-7.0755
-13.252
-19.8085
-25.187
-32.9059
-42.172
-37.7946
-42.3326
-42.6306
-39.2161
-42.0079
-44.1158
-46.2905
-49.3421
-46.4752
-47.6282
-47.6475
-48.8909
-48.9583
-46.4161
-45.5012
-46.1357
-56.5146
-54.7414
-50.5755
-55.2101
-50.9804
-39.4616
-33.2896
-38.617
-56.7354
-58.512
-57.696
-57.2637
-53.7242
-48.6074
-44.0774
-43.9065
-51.9127
-55.5898
-55.4627
-54.4424
-52.8682
-48.8989
-48.6886
-48.6778
-51.4183
-51.3569
-51.7434
-51.9107
-51.3487
-52.4908
-54.6775
-51.887
-47.9551
-47.1719
-49.5116
-52.3929
-52.5104
-50.5515
-48.6719
-46.4119
-1.90086
24.4637
52.8919
71.2893
84.5718
93.2529
97.7573
98.6123
97.0705
95.9739
97.2993
99.0604
99.9111
100.202
99.895
98.2671
94.8322
91.2164
89.3086
87.6903
85.6351
83.7616
82.2229
80.372
79.21
78.5248
78.5625
78.4465
76.9147
72.2289
64.5543
54.2739
47.4969
45.0131
43.4088
42.0996
41.8766
40.0131
36.3607
40.4827
47.6375
50.5807
48.9363
42.7977
33.8271
28.447
25.725
22.4357
18.2388
13.2689
8.41642
4.65141
3.25678
3.99223
4.5906
3.28525
-0.387501
-6.16938
-12.1926
-16.9642
-24.3197
-30.4728
-31.2348
-35.4652
-37.4568
-37.2207
-41.322
-45.3393
-48.4819
-49.2461
-45.9235
-46.4888
-47.1451
-49.0578
-49.8536
-48.0906
-48.0036
-49.112
-57.3975
-60.0015
-54.5525
-58.963
-51.4519
-39.8532
-34.5368
-39.6583
-52.2642
-51.831
-51.3009
-51.7463
-50.228
-48.4288
-47.0916
-47.6413
-56.5866
-59.7393
-60.0756
-58.9386
-56.6142
-53.3712
-51.4973
-48.6916
-48.246
-47.9273
-50.4212
-53.3388
-52.5085
-52.7972
-50.9108
-49.4531
-48.6837
-49.2994
-51.1375
-52.1556
-51.6821
-50.6225
-49.3106
-45.5233
-3.88817
5.96241
53.4992
73.6747
86.1592
93.2475
97.4849
101.327
104.248
104.729
102.377
98.2658
94.5179
91.3751
88.2306
86.6755
89.4094
94.1056
97.7979
100.8
103.293
104.779
105.232
104.924
103.557
100.949
98.1904
96.2555
93.4509
88.0043
79.0067
68.3946
63.385
62.0913
58.4773
52.8526
46.9102
41.7265
37.3547
39.2709
44.5594
48.2634
49.4215
48.6909
47.5753
46.6102
44.7908
40.8007
33.8467
24.4969
15.3364
9.92105
8.84423
11.0089
12.3575
11.1121
6.77456
-0.755683
-10.4582
-17.3344
-20.8404
-25.1006
-25.5284
-27.982
-32.6688
-38.4285
-44.795
-46.6118
-47.4676
-49.6742
-49.2711
-52.6276
-56.5116
-58.001
-56.3123
-53.8085
-51.6657
-50.529
-57.2901
-61.0625
-55.2581
-55.7412
-49.1155
-38.8219
-33.8699
-39.1401
-53.0745
-52.7106
-51.884
-51.9628
-50.8129
-48.4836
-46.1053
-48.186
-59.8686
-65.2989
-65.1423
-63.0661
-57.6131
-52.6164
-50.1307
-49.211
-48.3343
-46.1219
-46.7855
-50.437
-52.6252
-54.5033
-54.2845
-53.718
-52.567
-51.3446
-51.4782
-53.4257
-55.4267
-55.9586
-56.4742
-53.6385
-1.01492
12.6895
45.2076
64.1276
80.6783
92.3059
99.7296
103.077
103.389
102.717
103.139
104.285
105.49
106.687
106.919
105.844
104.422
103.261
101.315
98.0578
95.6162
95.1579
94.4397
92.0168
88.2772
83.4022
78.789
77.2441
75.915
72.5246
67.5876
63.1766
59.6012
55.3239
49.8466
44.9489
43.7491
44.1981
42.4196
39.7111
41.1356
45.0929
46.6764
44.9372
40.6175
36.1886
32.7303
31.0032
29.213
26.6976
23.2469
22.6159
25.9891
28.332
28.4649
26.4333
22.589
16.7639
9.05343
1.10605
-6.95438
-12.7779
-15.8004
-18.8019
-23.9942
-28.1852
-29.9828
-31.3611
-35.1372
-40.8579
-44.0206
-48.6104
-49.6018
-48.1219
-47.0971
-46.6215
-47.2653
-48.143
-58.773
-61.4365
-55.7308
-56.8039
-49.2295
-37.9798
-33.118
-37.2091
-47.0417
-48.0478
-46.8104
-44.8923
-43.3474
-42.6571
-43.2422
-46.6009
-55.7412
-56.4045
-53.7521
-51.6004
-50.1987
-48.6054
-48.6786
-50.5272
-56.1167
-53.8526
-51.4346
-49.9039
-49.1049
-48.1443
-45.5171
-41.8402
-39.936
-39.9357
-40.9348
-42.9642
-45.6255
-44.0169
-37.7408
-32.6118
1.13307
11.7339
39.9636
56.6354
72.2281
82.731
89.5022
94.2505
98.1452
101.085
102.267
101.544
99.9442
98.2502
95.5226
90.8525
87.5799
89.6566
91.671
91.6933
90.7159
90.1926
90.4375
90.5049
90.7632
90.8791
89.9054
86.8978
82.2091
78.2996
76.0051
73.0006
68.5646
62.7907
55.5711
48.2828
46.2243
47.1064
47.2776
47.2269
47.6478
47.5753
45.6313
42.6216
40.3017
40.3918
43.552
46.3263
45.8655
41.3318
33.5665
28.2237
28.2347
28.823
28.4742
27.0843
24.6258
20.3719
14.1828
8.08157
5.1099
3.35385
-0.137077
-6.55803
-14.2208
-21.409
-28.5501
-34.5869
-39.5181
-44.8059
-47.7655
-51.6875
-50.4133
-46.803
-44.0295
-43.1101
-44.7315
-47.3777
-52.0574
-56.5296
-53.8706
-57.2099
-51.9
-40.6325
-34.5498
-39.7383
-51.5106
-52.6224
-49.55
-45.8311
-42.4639
-40.1717
-39.0287
-41.6788
-48.4889
-51.7408
-51.6272
-50.5408
-48.6175
-47.3377
-46.895
-47.7394
-47.8788
-46.6203
-47.4526
-50.326
-51.7541
-53.3264
-51.4242
-49.3299
-47.8971
-47.3927
-47.7251
-48.7221
-49.3905
-46.3477
-40.4224
-35.7614
2.65474
15.2591
36.9536
53.4059
69.117
79.8871
86.4167
89.9285
92.3105
94.7555
96.831
97.8677
97.754
96.7205
94.8001
92.4363
91.2871
91.4738
90.673
87.38
81.7972
76.7298
75.888
78.4203
80.9203
82.1068
82.2057
81.795
80.9947
79.2163
75.7339
69.9767
61.9296
53.7079
47.1962
42.3644
40.0256
38.2201
43.3419
57.7077
67.6583
72.0797
71.8448
67.4117
60.4658
56.7131
56.4198
58.0093
59.5546
58.9781
55.3886
49.3468
43.9799
41.1855
39.9483
38.1165
34.9272
31.4139
28.8145
25.6309
20.1318
13.9164
10.5955
7.07681
1.49062
-5.62754
-12.8282
-18.0897
-24.4561
-33.0709
-41.2264
-44.5075
-44.6433
-43.4423
-43.9502
-46.4267
-48.821
-49.0477
-54.019
-53.5035
-49.4947
-51.0249
-49.8684
-40.1942
-34.9446
-39.9238
-53.3697
-57.404
-58.679
-60.8675
-58.6007
-52.994
-48.5737
-47.8089
-50.8344
-50.4775
-51.5625
-53.7032
-54.4886
-52.016
-50.5989
-49.3772
-48.9699
-47.091
-47.644
-50.4612
-52.4032
-54.0137
-53.9064
-50.4138
-47.8948
-47.5195
-48.6391
-50.3607
-52.3379
-54.2018
-53.238
-46.7607
3.55655
29.9809
47.1071
61.1832
72.1743
80.8573
88.3277
94.7443
98.8171
100.191
99.1072
96.1386
91.9523
87.4152
84.5925
85.7881
90.006
94.3683
97.3318
98.548
98.3603
97.3835
96.4333
95.9531
95.9965
96.8298
98.8578
100.84
100.937
98.0864
91.7706
82.4029
73.2819
67.6263
61.1341
52.9293
49.2024
49.8328
53.4913
63.3569
71.3808
74.5727
73.2329
68.13
63.6094
64.0703
65.5278
67.2909
68.3858
67.1759
63.3127
58.2314
54.1736
50.0472
45.6849
41.2011
37.8635
36.8681
35.7041
33.1111
28.8401
22.7012
16.4067
10.5294
3.52295
-4.82512
-11.933
-16.686
-21.0691
-28.1096
-37.4349
-42.3531
-41.5527
-41.6874
-43.771
-47.8824
-49.9083
-48.799
-51.9044
-50.7302
-48.6394
-52.4141
-49.6194
-39.6218
-34.013
-38.6856
-48.8793
-51.971
-55.3147
-57.7865
-56.5328
-52.1592
-48.115
-48.3369
-51.8208
-51.0172
-50.2109
-50.8999
-52.1247
-52.8408
-53.1411
-50.8278
-50.5703
-48.0845
-48.7068
-51.6311
-53.2557
-52.8478
-52.7125
-51.9129
-52.0708
-53.307
-55.1752
-55.0871
-53.6805
-53.1324
-53.3993
-42.8473
4.48606
27.2274
45.7409
59.0387
70.5476
80.2133
87.6723
92.0086
93.5482
93.3411
93.2701
94.4524
95.9836
96.4534
95.5511
93.9929
92.9916
92.4223
91.0885
88.2769
84.2017
80.6563
79.7666
80.0677
79.3918
77.9458
77.515
79.4313
81.1653
80.8246
77.4092
70.2407
59.7463
50.654
44.2453
37.491
32.3668
30.1489
39.231
53.4757
62.0914
65.5608
64.6407
59.7843
54.1683
55.7581
59.295
60.5951
59.6578
57.322
53.8911
49.3158
44.7397
40.7235
37.0769
32.8334
27.8286
22.6352
18.1724
14.3724
10.6677
6.26332
0.874001
-5.07152
-11.8512
-19.0752
-26.1101
-30.9087
-35.8894
-41.6909
-46.4697
-50.2018
-51.4962
-52.5078
-52.9867
-53.4837
-53.5581
-53.7824
-61.8075
-62.7458
-56.1908
-55.1745
-47.4922
-37.803
-33.8467
-38.0765
-45.9303
-46.8195
-46.909
-48.0848
-49.0426
-49.325
-47.83
-48.6352
-54.7044
-54.253
-51.1444
-49.4341
-49.7206
-50.4272
-50.3386
-49.1429
-47.2575
-44.1096
-44.1067
-47.1293
-50.3212
-52.975
-55.3208
-56.9261
-57.1906
-56.4634
-55.8988
-54.7385
-53.666
-54.0198
-55.5938
-38.8587
5.46314
30.5584
47.5316
57.8052
65.3156
71.325
76.6836
81.949
85.5562
86.7344
85.5182
82.8512
80.2871
78.5417
77.5115
78.5926
82.1141
85.6108
87.1016
86.3304
84.2129
82.8941
83.2259
82.9966
80.9035
77.6827
76.4367
77.5282
77.4901
74.5898
68.2147
59.9641
54.8617
52.7232
48.1589
41.4786
34.6677
30.8693
30.8494
39.6039
47.6056
52.0134
52.9176
50.6779
46.6929
44.4217
43.8364
42.3702
39.3217
36.9624
36.9634
37.3523
36.2661
32.7962
26.9741
20.3823
13.804
7.77693
1.78519
-3.07943
-8.34675
-14.598
-21.4582
-27.9692
-35.2489
-41.8303
-49.236
-50.8588
-53.494
-55.2127
-54.7251
-59.7153
-57.7601
-51.8159
-47.5336
-46.0093
-46.9669
-50.1364
-61.3958
-62.3742
-56.7129
-60.1792
-51.4412
-39.8506
-34.3768
-38.8172
-48.5253
-51.87
-52.8357
-52.7157
-51.976
-49.5457
-45.9649
-45.5298
-50.2034
-52.8431
-51.9241
-49.7396
-49.0314
-49.9486
-50.3549
-50.8921
-51.4119
-50.5571
-52.2441
-54.0501
-53.1413
-53.3324
-54.6187
-54.3888
-51.8667
-49.4242
-47.7419
-46.1518
-45.0107
-45.369
-47.9809
-33.7884
1.69123
27.5274
44.1212
55.2056
64.724
72.6456
77.4684
79.4817
80.0613
80.6803
81.0368
80.1489
77.9055
75.2035
73.5285
73.7996
74.5391
74.7337
74.8241
75.3063
75.5917
75.6897
76.3968
78.136
79.6704
80.0293
79.118
77.7699
75.7754
71.9808
65.3538
55.6218
44.1762
36.4792
34.0312
32.3081
31.8645
33.6453
38.1366
45.75
52.529
57.3532
60.1041
60.3053
57.5382
52.2502
47.6973
45.5219
42.2526
38.2411
37.7206
38.7739
38.2672
35.1316
28.9343
20.6357
11.9608
4.26466
-2.83774
-9.68161
-16.7776
-22.5069
-28.9484
-36.8549
-41.1341
-42.8521
-47.9258
-52.6414
-57.1636
-60.2847
-56.7298
-57.7508
-58.087
-57.6266
-55.1543
-52.9238
-52.3987
-54.2746
-54.4042
-53.653
-49.4222
-51.2481
-49.5688
-40.7925
-35.6281
-40.4112
-52.8093
-54.6829
-53.7293
-53.5549
-52.5649
-50.7882
-47.1042
-46.0136
-50.0337
-52.509
-52.227
-50.4601
-49.8914
-51.142
-53.0363
-51.1189
-46.771
-43.5531
-44.4123
-48.6894
-52.1096
-52.5172
-51.661
-52.0265
-51.5194
-48.8775
-45.542
-44.0727
-44.7851
-47.258
-50.4471
-35.9311
-0.940023
26.0954
43.1242
54.6725
63.0762
68.6561
72.4875
75.6962
77.2543
76.2749
72.7334
68.9143
68.2146
69.1008
69.7978
70.379
71.0212
71.4441
71.4474
71.1361
70.1943
69.1784
68.8327
68.7363
68.3135
68.4634
69.4043
70.4609
70.2589
67.9689
63.0073
54.6974
42.8512
30.7771
24.0074
19.403
14.3125
13.2243
23.7182
39.7007
49.6209
54.5766
55.7478
53.728
49.1834
43.6293
39.5943
38.0203
35.9102
33.0964
30.3154
27.2572
23.6051
19.2305
13.8737
8.33672
2.94603
-1.01383
-5.78542
-13.4528
-22.8788
-31.0096
-36.3683
-43.4007
-43.3657
-41.3382
-42.0455
-44.6664
-49.5651
-53.5709
-52.2739
-50.7188
-50.3857
-51.4985
-52.3761
-52.438
-53.194
-55.4159
-53.7058
-53.5497
-50.6873
-53.2871
-49.7419
-39.1066
-33.721
-37.6254
-47.1233
-51.2616
-50.2256
-49.7389
-51.1306
-51.5527
-48.4167
-47.51
-50.8626
-52.1832
-50.8154
-47.5258
-45.6599
-45.9392
-46.9802
-47.5706
-44.8955
-41.4437
-41.8666
-46.2542
-51.9525
-53.074
-49.2686
-44.9114
-41.5957
-38.1856
-35.3225
-33.6078
-33.5015
-34.5563
-35.4031
-34.2314
-6.9825
16.2184
35.8457
49.0212
57.8539
63.1072
65.6144
66.863
67.3192
66.9808
66.1338
66.0257
66.6919
66.5472
65.0989
63.5333
63.7223
65.4044
66.5306
66.2599
64.2482
60.68
56.0413
52.377
52.5063
56.5877
61.1039
63.731
63.4298
60.1984
54.2631
45.7874
34.9337
27.1792
24.2847
24.1317
23.2185
21.9212
30.0654
44.1076
53.5167
57.9522
58.0073
53.8186
45.4889
35.8163
31.5394
29.2254
25.0008
20.6318
18.8348
18.6015
17.664
14.7474
9.74599
2.86635
-4.10574
-9.91551
-17.5498
-21.6397
-24.3848
-27.9163
-31.0241
-37.9119
-42.5348
-44.9477
-46.6432
-45.9791
-46.891
-49.0034
-51.3107
-55.1288
-55.5788
-53.9167
-52.0568
-51.5141
-52.5922
-54.6597
-51.9028
-50.8429
-49.6919
-53.4279
-49.72
-40.0243
-34.9504
-39.4468
-49.115
-51.7088
-49.7697
-46.2702
-44.3896
-44.4045
-44.7056
-45.8388
-49.4797
-52.4626
-52.8085
-50.0875
-47.9526
-47.5882
-47.7946
-47.962
-47.4801
-45.2953
-45.3775
-48.2002
-51.0937
-51.4089
-48.679
-44.5439
-40.6342
-36.7246
-33.8608
-32.6684
-33.3632
-35.7452
-38.865
-38.9111
-13.4846
12.848
35.7171
52.8543
64.1564
70.2714
72.5923
72.07
69.5726
66.9675
66.5537
68.5284
70.4154
70.6871
69.3699
67.0768
65.0984
64.19
63.0683
61.2528
58.5001
55.671
53.4907
52.3182
54.792
59.7846
62.8451
63.7152
62.3236
59.5572
55.9156
50.2797
41.1091
31.8145
27.0455
25.9002
23.3352
20.3892
25.5351
38.4098
47.9585
53.1937
54.7782
53.0164
48.194
41.4571
36.1522
33.0498
28.9306
24.6832
24.0997
24.9064
23.7249
19.5213
13.2539
9.0807
7.47756
5.41456
2.81432
1.00581
-1.11446
-3.99083
-7.8008
-13.6251
-22.1963
-31.4645
-39.9166
-44.4325
-48.1827
-51.4745
-51.5702
-51.5563
-50.1018
-50.1267
-50.3682
-49.0375
-48.8287
-48.7386
-56.7848
-56.1672
-51.3843
-50.7722
-47.2253
-40.0365
-35.8159
-41.2605
-51.1523
-52.2067
-52.1457
-51.4984
-49.955
-49.0158
-48.4295
-50.4515
-55.4986
-57.4041
-58.6822
-57.5412
-52.4939
-48.59
-47.3775
-49.0999
-53.0259
-53.0497
-51.8373
-50.7192
-48.9946
-48.1033
-46.614
-45.4145
-46.5988
-50.8896
-55.7958
-57.3795
-56.0217
-52.5115
-48.3068
-44.0487
-23.3197
13.8307
32.4158
48.6495
61.1196
69.3123
73.6533
75.0226
74.0017
71.0511
66.5302
61.5138
58.4823
57.5728
58.0339
59.8381
62.7433
65.0448
65.3848
63.687
60.3588
56.2687
52.6643
51.6286
53.6562
57.5395
60.4442
61.6639
60.8248
58.2657
54.2291
48.3504
40.2663
31.8444
27.5829
25.9097
24.3759
24.0978
33.7623
48.306
58.6368
63.6975
64.7012
62.3825
57.511
50.821
41.9834
32.2156
25.3001
23.958
24.1876
24.1472
23.6267
21.8211
18.1691
13.5688
10.0251
8.30235
6.48074
3.86615
1.25482
-0.471832
-2.91819
-7.94099
-16.2484
-26.6034
-36.2823
-42.6835
-47.1377
-48.9155
-47.4289
-48.8138
-50.5489
-51.345
-49.8969
-48.593
-48.4385
-49.0743
-59.8153
-57.9726
-52.7057
-51.977
-48.3228
-40.4251
-35.9196
-41.2542
-54.2332
-58.0766
-54.5956
-49.839
-46.8756
-46.3012
-46.7735
-49.5777
-56.3809
-57.0915
-56.3925
-54.4942
-50.8304
-48.8734
-47.8552
-48.7512
-50.0425
-48.9522
-48.2482
-49.0767
-49.7062
-50.6178
-48.4482
-46.2253
-46.5589
-49.7683
-53.3979
-54.9524
-56.3504
-57.6666
-57.6761
-50.0487
-25.7735
8.91638
27.1083
40.9103
52.3674
60.5954
66.2717
69.4327
70.1583
68.8741
66.0514
62.3646
58.9436
57.0171
56.087
55.1032
53.9111
52.6884
50.8369
49.5961
48.6984
48.1318
48.6571
51.7848
56.0861
59.3794
60.5701
60.3716
58.7701
55.7025
50.8441
43.8839
34.3319
25.2003
23.1603
25.5635
26.998
26.5196
29.6842
44.8044
57.3926
64.3347
66.4862
64.3135
57.9138
48.4842
40.1883
34.349
28.2285
23.5798
20.5637
18.0126
16.7357
15.9106
13.412
8.96343
3.71026
-1.45808
-7.57254
-11.6898
-12.2497
-10.8844
-11.6414
-15.6864
-23.2364
-32.9376
-43.0641
-49.0381
-53.0042
-54.0655
-52.7348
-51.8967
-48.4288
-46.1198
-45.8941
-46.9873
-48.3663
-49.7691
-56.1955
-55.4692
-51.3639
-52.7155
-50.2562
-41.12
-35.8752
-40.5246
-48.7991
-49.0951
-48.0628
-48.3424
-49.1233
-48.5698
-46.358
-46.5301
-49.467
-50.7043
-52.0064
-54.0316
-54.1026
-53.1792
-50.8604
-51.3494
-54.6208
-56.2794
-57.7741
-58.3181
-56.4695
-55.895
-55.3194
-52.054
-48.573
-46.7779
-46.7489
-47.3716
-47.5801
-48.1447
-50.0501
-48.6729
-17.6153
9.2645
24.2575
35.1955
44.1669
52.529
59.1195
63.4528
65.0374
63.9504
60.8996
57.3387
54.765
52.4351
50.7607
48.6632
45.8383
43.8902
40.7457
38.8964
36.6464
37.7695
40.1375
44.1523
48.3821
51.2075
51.1189
50.5101
50.3506
49.8577
47.0566
40.8619
32.2115
26.6341
22.5511
22.3031
22.5429
22.2699
23.3963
34.4901
46.7407
53.803
56.3935
55.1709
50.636
43.8181
35.8975
28.2416
21.3936
18.1495
20.7307
23.9844
25.1173
23.2314
18.0368
9.50986
-1.29555
-11.4062
-16.9897
-22.0843
-28.0009
-30.4854
-31.8264
-36.4746
-42.2093
-46.172
-47.0772
-47.3866
-48.9018
-51.7167
-52.659
-51.844
-48.2538
-46.3886
-46.4182
-46.5345
-46.3792
-47.1063
-54.1311
-53.7028
-50.9507
-53.575
-52.7192
-42.1011
-36.7799
-41.8414
-52.8631
-51.9705
-50.4202
-51.7345
-55.0169
-53.8436
-48.8835
-46.6254
-48.9316
-50.8935
-52.3895
-51.9238
-50.8191
-50.3783
-50.1571
-50.3461
-52.638
-52.6965
-51.9607
-50.3844
-49.506
-51.1729
-52.8152
-51.3512
-48.6067
-47.6192
-48.6368
-50.3937
-51.125
-50.7402
-51.7401
-52.0077
-17.5487
3.07247
10.9986
21.3005
28.4653
37.3887
45.0393
50.5542
53.7472
55.0644
54.5534
52.2012
47.4445
41.9808
38.5296
37.8668
38.0357
39.0789
36.2823
33.8369
30.8578
32.0032
34.0082
36.6274
39.2091
41.4503
41.7594
43.4858
44.8911
44.4267
40.9903
34.0779
26.3041
20.4
14.2205
11.4706
9.89568
8.17352
11.2604
23.7057
35.3874
42.0039
44.8471
44.5443
41.4661
35.878
28.3138
20.5212
15.1987
16.3759
19.3833
20.036
17.583
12.1708
4.55244
-2.9668
-9.81848
-17.1238
-27.475
-31.3477
-36.8305
-40.748
-41.273
-44.6736
-45.1761
-45.267
-49.1652
-52.8952
-55.0477
-54.1125
-52.567
-54.6547
-54.4363
-52.2611
-50.2402
-50.0893
-50.714
-49.935
-52.0491
-54.8093
-53.5225
-57.7582
-53.8755
-42.6584
-36.3843
-40.8563
-50.3892
-52.8163
-53.5811
-52.8868
-50.674
-48.1766
-46.2339
-46.6884
-50.8815
-53.154
-55.1577
-55.6893
-53.615
-51.8115
-51.4034
-53.6432
-57.4296
-55.6618
-54.2537
-53.2998
-51.935
-51.9605
-52.9531
-53.6839
-53.1201
-52.0454
-50.6288
-49.7142
-49.9795
-51.0532
-52.359
-51.8603
-19.9725
-1.62563
-5.29371
10.8579
14.0179
12.8235
18.9015
27.2893
30.3549
29.7144
26.246
26.2589
26.3893
26.0828
27.8866
28.0498
25.0189
26.3147
14.1184
16.6353
6.38608
13.2874
8.29759
5.09451
14.9936
24.3363
14.3464
14.813
11.6552
9.21057
10.593
4.35961
6.56196
6.45276
-6.49469
-8.34752
-14.5952
-19.6042
-16.1204
-0.45372
13.6207
22.0916
25.4834
24.4951
19.9162
15.4053
14.8887
14.7219
14.8227
16.6247
18.0903
17.2908
13.8123
7.75318
-0.279611
-7.81291
-12.9953
-17.9687
-25.8979
-30.508
-38.3741
-41.5245
-41.4303
-45.6436
-49.1033
-50.152
-52.3863
-53.5934
-53.5606
-53.4596
-53.4986
-53.8399
-50.6365
-48.233
-47.79
-48.4935
-48.4246
-47.1251
-50.7557
-48.4558
-47.3281
-51.3344
-51.4367
-41.7727
-36.0533
-39.7468
-47.8633
-52.7758
-56.3662
-55.1213
-51.9006
-48.9463
-47.0001
-48.4015
-53.189
-53.7476
-54.6033
-56.5073
-55.8398
-51.9209
-48.8305
-48.6442
-51.5969
-53.7851
-55.6766
-55.9232
-53.7726
-52.5513
-51.0986
-50.0389
-50.3931
-51.5854
-51.7052
-50.2547
-48.6965
-48.6864
-50.6338
-51.6723
-21.5375
-1.37319
-7.42352
10.1711
12.1544
10.2168
-5.02934
6.21178
-0.657719
-3.98381
6.61672
19.7965
17.3765
1.62204
-0.115102
8.97142
2.78298
20.7507
1.70437
12.6967
-10.6864
9.25404
2.83558
-15.65
8.02368
21.2935
-18.8901
1.08146
-6.04419
-23.3467
1.67183
-32.1761
0.345906
3.11262
-38.205
-18.8603
-27.23
-26.0305
-29.4421
-15.6161
-4.1947
3.03871
6.6974
7.1515
5.11243
2.17142
-1.9789
-6.00378
-11.1732
-14.2054
-17.5133
-21.3323
-22.9416
-23.7002
-27.1031
-33.4442
-33.5423
-32.1454
-40.6786
-36.0245
-44.7636
-48.088
-46.2024
-50.8964
-50.5177
-47.2611
-46.138
-47.4374
-50.4275
-53.2312
-54.5455
-55.3906
-52.828
-51.149
-51.5855
-52.0329
-50.8465
-49.5452
-51.1401
-50.8199
-49.9593
-54.0094
-53.3271
-42.0995
-36.7744
-41.4092
-51.2589
-53.8181
-52.7747
-50.8576
-50.0157
-49.1642
-47.6009
-48.2105
-53.4012
-55.2693
-54.6554
-52.2246
-49.6
-47.4826
-45.8696
-47.0308
-49.7098
-49.868
-49.5792
-50.3543
-51.6759
-54.4341
-56.5382
-55.0289
-53.3996
-52.672
-52.1443
-51.8445
-51.3775
-51.2081
-52.3872
-53.3827
-20.9383
-1.62346
-5.14863
12.1854
16.5208
20.4019
25.1825
31.1565
35.0284
38.1922
40.4819
42.1559
41.986
40.5246
37.9066
35.1654
33.6264
36.2197
36.5979
38.1982
39.0817
40.0719
39.4799
37.4249
35.1135
34.0859
29.3875
27.4681
24.4347
20.1662
16.7089
9.35217
9.88116
11.6911
8.04895
6.6191
2.78018
-0.236793
8.53024
23.8184
32.7464
36.1857
35.0257
29.6024
21.5081
16.2479
13.0334
9.67593
5.11288
0.0669489
-5.29183
-10.0217
-13.7665
-16.9639
-20.2763
-24.3016
-27.036
-30.3881
-39.3112
-35.6393
-44.2936
-48.0992
-46.3261
-49.1895
-48.54
-48.7034
-50.5222
-51.1102
-51.3271
-51.6326
-51.1428
-53.2644
-53.5377
-52.8385
-51.9094
-49.9169
-48.3463
-48.7095
-56.8188
-55.7799
-52.832
-54.786
-51.6004
-42.3699
-37.1223
-41.4804
-49.7625
-52.2089
-54.5435
-54.0911
-52.1136
-49.7035
-46.0833
-45.4337
-47.4527
-49.5716
-50.145
-48.71
-47.8071
-47.3579
-47.7874
-49.7646
-51.7298
-49.8777
-49.111
-49.5397
-50.2957
-52.7617
-53.7185
-51.9319
-50.213
-50.8811
-53.4771
-55.3373
-54.4437
-53.0133
-53.1499
-53.3288
-21.1025
-1.6674
-0.78409
15.1675
29.8657
40.7519
48.5836
53.8303
56.3912
56.7702
55.919
55.7284
56.4172
58.1395
60.054
61.069
60.4437
58.4394
55.6057
53.3314
53.1979
54.5115
55.3185
55.6707
56.2547
56.6652
55.4159
52.4606
47.1546
39.3974
30.6889
26.1047
26.2024
26.559
24.4206
21.9307
18.2378
14.4566
20.2087
34.6714
44.4722
48.7617
48.3806
43.4455
33.887
21.9961
14.0968
13.2966
12.6706
8.76983
0.813154
-8.32653
-12.9953
-15.7951
-20.8276
-26.3344
-28.7401
-30.482
-38.5582
-36.1601
-43.2964
-45.0011
-43.0484
-46.3783
-48.9347
-50.4211
-51.9144
-51.8422
-51.6802
-51.8175
-51.6778
-53.4464
-52.4092
-51.5727
-51.6256
-50.565
-49.092
-48.5042
-53.5968
-55.6976
-53.2251
-53.3777
-49.9318
-41.899
-37.2323
-41.5077
-47.3642
-46.687
-47.5428
-51.0348
-54.2041
-50.9255
-45.0087
-43.7013
-46.1334
-48.8499
-49.418
-48.52
-48.1652
-49.1994
-51.0637
-54.0674
-57.4917
-54.0352
-52.6947
-53.2957
-54.3458
-57.6905
-60.4584
-61.1958
-60.804
-61.5027
-62.2647
-59.6861
-55.0665
-51.5065
-50.2833
-49.7334
-18.6549
-0.422847
2.96874
19.6693
30.7561
43.8836
53.7466
60.7424
65.1041
67.1907
67.4024
66.2573
64.7728
64.5017
65.219
65.3093
64.1394
62.5485
61.0811
59.8599
60.0015
62.089
64.366
65.6027
65.7603
64.6658
62.2379
58.514
53.2856
46.3887
38.0265
30.9498
28.2365
26.5832
23.9719
20.9432
17.2352
13.5722
21.0236
36.4035
46.1159
50.1622
49.4888
44.2392
34.5285
23.1767
11.1329
0.81502
-3.73073
-5.56242
-7.61464
-11.22
-16.5096
-21.4773
-27.2779
-31.9964
-31.693
-32.9355
-41.321
-37.6238
-44.1322
-47.1977
-45.9686
-52.5136
-54.4911
-52.8221
-50.2829
-46.9481
-46.5288
-48.064
-49.032
-50.653
-51.7088
-51.9855
-50.8253
-49.7987
-50.7133
-52.1822
-49.404
-52.8309
-52.4791
-53.0902
-49.4703
-41.6164
-36.8815
-40.6617
-47.9392
-48.7178
-50.0446
-52.2047
-51.8541
-48.3735
-45.3423
-45.3561
-48.3222
-50.2829
-51.9847
-53.121
-52.0408
-50.8411
-51.0483
-53.1318
-58.1987
-60.0613
-60.4279
-58.3502
-55.6926
-56.981
-57.1685
-53.8177
-50.94
-50.1528
-50.164
-50.2542
-50.2216
-49.3023
-48.4256
-48.8344
-16.9978
-0.650987
8.1616
25.4061
36.2905
45.9922
53.1062
59.2193
64.6095
68.7936
71.4233
72.2505
71.4425
69.7755
68.4206
67.473
66.243
64.751
63.786
64.4353
66.9508
69.8848
71.629
71.6078
70.0946
67.8209
65.2503
62.2502
58.1293
52.5942
44.8017
35.1524
27.6968
25.276
22.8361
21.435
19.1637
17.1245
26.8641
42.1883
51.9127
56.2379
55.9399
51.1463
41.9029
31.1636
24.5658
21.3408
18.1294
13.1467
6.47917
-0.556716
-8.02763
-14.544
-21.4533
-27.172
-30.4021
-33.5965
-43.9292
-37.9968
-43.963
-45.4748
-44.827
-51.0884
-53.8159
-53.0583
-51.7616
-50.4075
-50.0799
-49.8035
-48.2122
-47.9144
-48.2945
-50.0374
-51.5722
-50.6045
-47.2702
-45.3563
-54.5826
-52.9587
-48.4615
-48.6156
-47.7691
-41.6075
-37.4004
-42.4435
-52.6055
-54.5548
-54.5882
-53.7287
-49.6549
-45.2221
-42.2022
-43.1457
-47.2129
-49.8187
-50.2836
-50.1455
-49.2495
-48.5784
-47.8725
-49.3071
-52.0142
-53.9593
-54.0225
-51.4687
-48.9495
-49.4527
-51.1142
-52.3933
-52.2936
-52.0486
-52.6307
-52.9972
-51.8948
-50.1149
-49.0989
-48.8006
-18.3778
0.384569
9.59048
29.6193
43.651
53.858
60.0415
62.8922
63.4968
63.1038
63.1257
64.501
66.5806
67.7963
67.7312
67.1914
66.49
64.9311
62.3161
60.8262
62.9485
66.0641
67.3314
66.1345
63.3497
60.7051
59.0222
57.4585
55.3587
52.5184
47.6275
39.9891
31.8026
26.864
24.7726
26.5722
28.5582
28.9622
28.5801
33.9149
42.0146
46.9744
48.0651
45.375
39.0653
30.4091
24.2184
20.9999
17.2544
12.491
7.37994
3.03693
-0.756512
-5.33631
-12.0285
-18.3034
-23.2185
-29.7236
-36.555
-35.3981
-41.507
-42.6981
-40.4525
-42.9901
-45.6531
-47.8821
-50.9361
-51.6873
-50.4296
-47.9592
-45.9036
-46.2329
-47.8817
-51.1365
-54.1375
-52.4825
-49.6134
-48.4032
-52.8784
-53.3689
-51.3138
-52.1444
-50.148
-42.1391
-37.2958
-41.5595
-49.1305
-49.5339
-49.1362
-49.1588
-48.5172
-47.1007
-45.5692
-46.7068
-51.2051
-52.3858
-52.2002
-51.3517
-50.5698
-49.5796
-48.5215
-47.7465
-47.1507
-47.0108
-49.3483
-52.8876
-53.3018
-52.469
-52.606
-52.7432
-52.9159
-53.5517
-54.5068
-55.5524
-56.2739
-54.7283
-52.0643
-49.3905
-17.8318
-0.0146302
8.63171
28.6651
43.532
56.0968
64.1687
68.2672
69.0128
67.2666
64.9805
64.7364
65.8805
65.866
64.0325
61.4246
60.1548
60.1246
59.9751
60.1214
61.8596
65.1627
67.6032
67.7511
65.3612
61.588
59.7497
61.3947
62.7029
61.2815
56.4287
48.2411
39.6391
35.5668
33.0262
30.5487
27.9074
23.9851
21.771
31.4655
41.6787
47.6543
49.4811
47.3412
41.1028
30.9431
21.4754
19.258
18.6591
17.0391
14.2492
10.6887
6.42877
1.67822
-3.39659
-7.53319
-10.7099
-14.5976
-20.4813
-25.3163
-27.8114
-26.5794
-25.968
-28.4295
-33.4093
-39.6149
-46.2339
-50.8437
-50.5823
-48.5656
-46.5969
-47.3168
-48.9813
-50.6407
-51.0752
-51.3464
-52.5612
-54.1751
-51.7791
-55.8685
-53.468
-53.944
-50.561
-42.6127
-37.8906
-42.3448
-48.6307
-46.7727
-45.4076
-45.7902
-47.4759
-48.5442
-46.4909
-45.5901
-46.9256
-46.9879
-47.7032
-49.1455
-50.0304
-50.9625
-50.6956
-50.5533
-51.7917
-52.281
-54.1841
-56.2998
-56.47
-56.8158
-54.8789
-51.0038
-48.971
-49.9621
-53.2885
-55.7675
-53.7807
-49.7652
-46.8177
-45.5449
-19.4386
-1.08598
1.33353
18.0159
34.9578
49.3529
60.4145
66.6693
69.2019
69.0554
67.7861
66.8767
66.453
66.9313
68.1013
69.1604
68.9021
66.8615
63.5688
61.5863
62.7951
64.608
65.2132
64.7669
64.694
66.2981
68.2676
69.3162
68.6271
65.71
60.0221
51.5487
44.1985
40.4042
35.4851
28.2388
20.3197
14.15
23.9942
42.7519
55.0517
60.8393
61.537
57.4572
48.6909
40.1384
37.7377
35.4005
30.6672
25.2943
21.5787
18.2589
13.2421
7.12989
1.6853
-4.84459
-12.0083
-17.5135
-26.5733
-33.885
-41.2258
-43.4747
-42.1598
-45.1522
-47.0005
-48.3494
-50.8198
-50.8578
-49.3808
-47.9654
-46.5974
-47.1594
-48.3002
-49.2374
-49.1049
-48.8123
-49.6843
-50.8956
-51.3954
-51.232
-48.4152
-47.8878
-45.5596
-39.3849
-35.2555
-38.7161
-45.8905
-48.771
-50.5737
-51.4544
-51.5167
-49.6814
-46.1961
-45.0524
-46.9032
-48.641
-50.051
-50.1065
-48.2502
-47.5514
-48.381
-50.7009
-54.2051
-53.4614
-52.5853
-52.7225
-52.8069
-54.749
-55.3453
-53.3113
-51.3565
-50.3805
-49.3626
-47.9608
-47.6989
-49.1176
-50.4398
-49.785
-21.2451
-0.537767
-0.882912
15.9899
29.8484
41.5498
52.5418
60.334
65.2952
67.5944
67.5757
66.105
64.1798
61.8186
58.5401
55.9302
55.9781
57.0849
57.4838
57.8283
58.5791
59.1821
58.6783
57.3169
55.9106
55.8878
57.7374
60.2053
60.6381
57.8634
51.4395
42.5193
35.9917
33.1831
30.14
27.3121
24.2244
19.9158
25.7015
43.1135
54.9768
60.4203
60.7732
56.3
47.4101
40.5666
38.7097
35.1369
28.447
21.4877
17.424
14.9792
12.1758
8.6177
4.43245
-1.22717
-8.88859
-18.532
-30.4178
-33.7649
-41.0908
-42.1113
-41.4888
-46.138
-47.6796
-46.7424
-47.1287
-49.38
-51.8585
-52.7237
-52.076
-54.9744
-55.0541
-51.8825
-48.9619
-48.19
-48.6125
-49.3895
-48.9503
-49.8128
-49.0603
-49.3788
-46.5634
-39.8686
-36.2893
-40.8774
-48.8258
-51.0261
-52.3704
-53.0494
-51.963
-49.4899
-46.5392
-46.4675
-48.5244
-48.2896
-48.1231
-48.3801
-48.7368
-49.1529
-48.8489
-48.2974
-47.9929
-46.6467
-47.0343
-49.0557
-51.4472
-54.3881
-55.9986
-55.5514
-53.961
-52.3022
-50.3012
-48.1992
-47.4689
-48.5853
-50.5982
-51.0613
-22.4724
-0.695843
2.6023
16.614
28.4004
37.4604
45.3536
51.7007
55.8596
57.8484
58.3432
58.1328
57.0255
54.1319
49.6839
46.1186
44.919
45.2425
46.0038
47.2956
48.2063
48.8627
48.8476
48.4902
49.0646
50.6677
51.4409
50.9436
49.0584
45.7666
40.4181
32.2309
24.3326
18.8654
14.6593
13.223
10.4584
5.27324
7.86724
23.446
34.4642
39.8962
40.6462
37.3153
32.1391
30.3228
29.7771
26.4084
20.5099
14.7363
10.272
6.50166
2.25891
-3.16971
-9.66096
-17.4989
-25.5024
-29.5266
-38.1788
-36.6148
-43.2516
-42.639
-41.2395
-44.0362
-43.628
-41.5676
-41.7516
-43.9294
-47.0884
-48.5574
-47.8511
-48.3242
-49.0028
-50.0119
-50.0614
-48.9385
-48.507
-49.0924
-54.7741
-57.1073
-52.8599
-51.5668
-48.7416
-41.2706
-36.8615
-41.8321
-51.9831
-55.7781
-57.1137
-56.3445
-53.7562
-50.5086
-48.1849
-49.7788
-53.918
-52.3604
-48.5342
-45.8274
-45.5679
-47.2402
-49.5328
-50.4985
-50.146
-47.4942
-45.3641
-44.1678
-44.6745
-47.8115
-52.0233
-53.6007
-53.0593
-52.2884
-51.8661
-52.3485
-53.8909
-54.5397
-53.0881
-51.9607
-20.9964
-1.82165
-4.9483
15.4501
27.5966
37.3999
42.5687
43.9046
41.9104
38.1313
35.1846
34.2449
32.7425
28.9629
25.8859
24.1612
22.2696
25.1275
23.8179
26.8036
28.8728
31.9832
33.641
35.3424
37.8599
39.6475
38.8558
37.0574
34.2598
30.5291
25.6381
16.9438
11.339
6.00544
-2.92663
-4.90828
-8.76021
-12.857
-3.36175
12.8455
23.632
29.1866
30.3145
27.7725
23.5937
21.413
19.8364
16.2083
11.0042
6.80572
3.02714
-2.21861
-8.42054
-14.0621
-18.8404
-25.3889
-31.1455
-34.049
-42.7064
-38.6003
-49.1307
-52.3093
-47.7095
-51.3729
-51.0527
-50.0828
-51.1908
-51.2307
-50.326
-50.8866
-52.2145
-53.0517
-51.0224
-49.8676
-50.4972
-51.1475
-51.7186
-51.4181
-55.3756
-54.9614
-53.5079
-56.1955
-52.801
-42.3681
-37.6591
-42.5312
-53.8433
-55.0973
-55.5241
-56.3658
-55.1462
-51.9463
-48.7263
-49.3418
-53.5124
-53.3073
-51.3548
-48.8843
-46.3604
-44.386
-44.4017
-46.1641
-49.1927
-50.4794
-51.4586
-52.2089
-52.5417
-54.8906
-56.2536
-54.5506
-52.3415
-50.199
-48.3157
-47.7844
-49.2462
-51.5391
-52.4278
-51.0176
-19.9933
-2.26678
-18.4941
9.13942
22.5577
36.3249
44.9662
50.3787
52.8943
52.7936
50.3859
46.579
42.2995
36.9677
29.6725
22.0167
15.2162
18.7926
7.47494
11.3825
10.0019
18.803
20.5819
21.7219
23.972
25.965
26.6805
32.0943
35.7329
36.0816
32.7548
24.4113
14.2922
5.1061
-6.29311
-7.84396
-12.3298
-15.9437
-2.00181
15.0735
26.0542
31.1658
31.6817
28.0969
21.0943
13.3869
7.49465
3.69048
0.500351
-3.43602
-8.05561
-12.6544
-16.7346
-20.496
-25.6393
-32.4459
-33.7672
-35.234
-44.3327
-39.1937
-48.7137
-50.5962
-46.4658
-49.0991
-49.7702
-49.8332
-52.2465
-53.9004
-53.672
-52.7753
-52.2363
-52.9715
-50.7082
-48.431
-47.4522
-46.9409
-46.109
-45.9745
-56.4822
-57.7418
-54.6903
-55.7314
-51.3898
-42.1794
-37.1056
-41.8312
-49.6922
-50.1679
-50.0455
-50.9635
-50.9306
-48.6131
-46.213
-46.5222
-50.2002
-51.5579
-50.7947
-49.5798
-48.8347
-48.9482
-49.3527
-50.7104
-52.9033
-52.4765
-52.8219
-53.5476
-53.1433
-54.5228
-56.1868
-55.6418
-53.6508
-51.7314
-50.2039
-49.4958
-50.0419
-50.8338
-50.0573
-48.351
-18.7603
-1.67671
-6.43232
10.7665
20.6033
31.3364
41.6455
49.2097
53.5284
55.0465
54.095
51.3233
47.7667
43.4111
37.7946
30.6911
24.2995
24.6583
18.5365
19.2505
18.896
22.6287
23.3226
25.6932
28.7007
32.5358
36.091
42.1958
45.6082
45.2133
40.5766
30.532
17.1129
7.63954
-1.09399
-2.38021
-6.11593
-11.3941
-8.23891
8.01553
19.4317
25.1115
26.1703
23.2724
17.519
12.0016
7.71922
2.76416
-1.90247
-4.66176
-4.84697
-4.67827
-6.14092
-10.2496
-17.8709
-27.5673
-31.2341
-34.412
-42.9459
-38.5247
-47.5125
-51.2499
-47.6095
-50.4551
-49.6651
-47.7936
-48.3706
-49.325
-50.7603
-52.839
-54.3971
-55.1866
-51.2155
-47.717
-46.2473
-46.4535
-48.0307
-50.7802
-51.0624
-55.4243
-54.4532
-56.0326
-52.9846
-43.2129
-37.7981
-42.6772
-51.2016
-51.3643
-51.164
-51.0839
-50.5454
-48.4489
-45.2084
-44.4439
-47.8091
-51.9004
-53.9475
-52.4316
-50.6616
-50.2343
-50.7103
-51.3044
-53.9241
-53.3946
-52.9187
-52.7101
-52.0064
-51.2859
-51.062
-50.5693
-50.0459
-49.7961
-50.515
-51.81
-52.7424
-53.0011
-53.2988
-53.2408
-17.5334
-2.70518
-6.29456
11.021
19.1364
22.9344
27.3773
32.9848
36.6384
38.2702
38.3822
38.5263
38.4938
36.8235
33.604
29.9977
26.8981
27.1593
23.2185
25.1172
27.6791
31.6603
33.5392
34.9128
36.2444
37.3215
36.1718
36.7798
37.3023
35.7786
31.1041
21.4431
10.1859
3.57694
-10.0211
-9.83539
-15.1822
-20.8192
-17.2979
-1.7496
8.91224
14.1294
14.9309
12.0849
7.15801
3.18229
-0.806715
-7.00551
-15.3625
-19.4664
-22.1962
-23.4493
-24.5035
-25.3362
-29.8728
-35.6456
-34.8795
-36.1874
-45.2649
-39.5772
-49.1628
-53.2708
-48.7806
-53.3266
-53.4015
-50.7544
-49.8163
-49.4705
-51.0668
-53.2357
-52.9178
-53.2015
-52.4443
-52.9675
-55.5601
-57.7172
-58.3488
-58.0062
-50.7148
-53.7647
-52.2253
-53.3788
-50.1543
-41.784
-36.842
-41.3415
-50.6672
-50.1935
-48.08
-47.6172
-48.2662
-47.856
-45.8048
-45.7928
-49.3061
-51.9887
-52.6284
-51.3378
-50.5308
-50.1657
-49.9301
-50.0845
-51.9946
-52.1339
-53.5933
-56.6835
-58.0796
-58.2957
-55.9647
-53.4876
-52.5559
-52.9344
-53.2464
-53.3725
-53.1815
-52.7031
-53.0692
-53.7736
-17.5501
-1.54585
-17.8008
8.05244
13.0274
13.1388
14.0973
18.718
18.7327
18.1762
17.9279
21.9122
23.1961
20.8596
19.8723
19.2116
15.0582
19.1552
12.543
18.1512
21.0182
26.3805
27.9219
28.8928
29.8268
29.8905
25.4344
22.5462
18.4287
13.4575
10.5791
-1.26595
1.56845
2.43877
-21.3677
-16.6283
-27.1249
-33.1232
-33.0548
-21.1237
-10.9041
-4.87761
-2.93786
-4.54273
-9.09071
-13.8411
-17.9277
-21.704
-26.7366
-26.04
-30.5506
-35.7611
-38.9062
-35.7819
-41.0658
-49.9561
-38.4506
-37.6562
-47.5004
-39.4465
-47.8115
-51.4183
-48.2456
-52.4531
-52.3827
-51.6642
-53.8317
-55.0032
-55.1613
-55.372
-53.5747
-53.213
-51.9141
-52.4136
-54.9403
-57.232
-57.3092
-55.5382
-53.4423
-53.7402
-51.8124
-52.2472
-49.2653
-41.7341
-37.0751
-42.5479
-54.4209
-56.9
-56.4915
-54.5551
-51.9571
-50.32
-48.6775
-50.3677
-55.9286
-56.7326
-54.6784
-52.6411
-51.7929
-51.5185
-51.5067
-52.6986
-55.1233
-56.1493
-58.9521
-61.64
-59.3732
-57.2623
-54.8986
-53.3703
-53.2397
-54.5537
-56.419
-58.617
-61.0717
-61.9422
-62.0827
-60.9128
-18.4611
-1.9183
-24.0253
6.3557
10.2196
3.50909
-11.9625
5.35181
-1.11509
-9.68591
-4.70416
13.532
13.3519
-2.38019
-3.29818
5.24855
-9.28908
13.5122
-9.1435
6.54331
-5.58131
11.0641
6.02706
-4.20734
9.41044
16.7522
-9.11054
0.666164
-6.18016
-17.6996
1.45532
-28.9329
-0.942375
0.821006
-45.6882
-20.6048
-37.1765
-51.4503
-55.492
-35.9506
-36.2328
-38.8415
-35.7817
-31.4694
-34.941
-34.1116
-34.3145
-34.0262
-39.6412
-32.9516
-39.8759
-52.7328
-52.9017
-39.6247
-44.7991
-56.5343
-40.5188
-39.0886
-51.3596
-40.6364
-51.358
-54.8565
-49.1354
-54.2179
-55.5794
-54.3978
-55.6659
-54.4375
-53.925
-54.2663
-53.5405
-54.6254
-54.4971
-55.0798
-55.9962
-55.6314
-55.3289
-55.2418
-55.0652
-57.4133
-55.7575
-58.1895
-54.4764
-42.9401
-37.7087
-42.5895
-52.2204
-52.9964
-53.7585
-56.2774
-58.8122
-57.5597
-53.1427
-53.4898
-59.6869
-62.2664
-63.5016
-61.0028
-56.3136
-52.342
-51.3654
-53.4066
-58.8634
-60.4865
-61.195
-59.9366
-57.2944
-56.9318
-56.4562
-56.1151
-56.151
-57.0931
-58.3764
-59.4669
-59.7835
-58.5457
-56.7852
-55.0118
-18.7566
-2.01871
-24.0737
6.47646
9.84945
2.93832
-15.9157
4.07472
-4.1185
-21.0139
-8.03883
13.1729
12.645
-9.67801
-12.9697
2.94187
-27.3431
12.9716
-17.4442
4.64776
-33.1453
9.4315
1.82751
-33.0207
7.32942
16.1032
-30.39
-1.44038
-9.91107
-33.3928
0.510736
-56.2032
-0.973193
0.694485
-48.1079
-20.7065
-37.4414
-54.2913
-58.5954
-36.593
-39.2993
-56.0354
-55.1385
-39.7329
-52.7087
-46.0766
-44.8623
-38.7058
-44.2523
-33.8172
-40.6273
-59.8781
-61.4165
-40.778
-45.9912
-58.0255
-40.3467
-39.5516
-54.1148
-41.2348
-52.8219
-57.5054
-50.7872
-57.1567
-57.5899
-55.7502
-57.5771
-58.4766
-59.2549
-58.4621
-54.597
-54.3541
-55.0592
-56.8348
-56.7371
-55.4697
-55.7781
-57.1087
-54.995
-56.0397
-54.2837
-58.8529
-56.4522
-43.6491
-37.8582
-43.7775
-58.8168
-60.7233
-58.885
-58.0623
-58.0954
-56.5304
-53.0401
-53.185
-58.5372
-60.2951
-61.5384
-61.3781
-58.225
-55.8468
-54.5417
-55.905
-59.8328
-58.2641
-57.9193
-58.7768
-58.6936
-61.2223
-63.2908
-63.1396
-61.7261
-61.0971
-61.0497
-60.6102
-59.986
-59.4687
-61.0227
-62.8062
-18.6286
-1.81535
-23.7277
6.82049
10.0222
3.12038
-15.4701
4.18286
-3.98793
-21.2145
-7.90344
13.4815
12.7995
-9.77993
-12.7597
3.15836
-27.1808
13.1844
-17.2858
4.88674
-36.3435
9.62767
1.77615
-43.8148
7.51364
16.2918
-38.101
-1.26917
-10.143
-34.3656
0.638526
-58.4571
-0.696862
0.896088
-47.6244
-20.5524
-37.3801
-56.0614
-61.801
-36.6907
-39.6296
-58.5344
-56.9451
-39.6379
-52.2677
-45.8083
-45.689
-38.5353
-44.3246
-33.7478
-40.5631
-62.4951
-62.6296
-40.6567
-46.1668
-58.7166
-40.3543
-39.118
-51.9846
-40.5372
-52.8275
-59.9335
-51.2173
-56.508
-56.1402
-54.0743
-55.5739
-57.4254
-59.7984
-60.6442
-58.0008
-59.7407
-60.11
-60.3829
-59.8755
-59.2797
-59.563
-58.8244
-58.8
-58.0323
-54.6016
-58.5677
-55.2472
-43.2105
-37.4317
-42.9552
-57.0049
-62.1841
-62.4968
-61.9238
-61.1909
-57.7444
-52.6218
-52.5751
-58.3692
-59.8619
-60.1913
-59.8209
-57.8129
-55.0489
-54.0765
-56.2853
-63.7816
-61.9552
-59.9316
-59.6943
-59.4135
-62.5588
-62.8344
-60.2281
-59.154
-59.3441
-59.0756
-59.031
-61.0819
-64.1618
-66.8491
-65.012
-18.387
-1.54907
-23.5237
7.14336
10.2433
3.37051
-15.1775
4.40523
-3.77738
-21.0946
-7.67921
13.7798
13.0229
-9.70603
-12.4377
3.37667
-26.9232
13.4156
-17.0561
5.16014
-36.4962
9.86461
1.94056
-48.094
7.7918
16.5304
-38.4319
-1.02486
-10.0438
-34.4103
0.825816
-58.2673
-0.408448
1.13331
-47.1191
-20.2595
-37.1795
-54.7843
-58.5285
-36.2408
-39.6469
-57.5129
-54.9303
-39.1821
-50.9849
-45.2199
-45.1757
-37.6882
-43.4606
-33.3942
-40.1584
-63.3692
-63.1657
-40.2248
-45.8794
-58.7886
-39.8705
-38.7367
-52.3405
-40.53
-53.0952
-56.0568
-48.3829
-52.3752
-54.0874
-55.1471
-58.5421
-60.5155
-61.366
-61.1288
-58.0238
-59.8585
-59.7969
-59.6134
-59.5274
-58.78
-59.1674
-58.4637
