80
-13.9045
-13.4247
-12.9312
-19.4968
-28.1792
-24.4664
-20.5093
-21.0613
-16.0833
-10.7074
-10.1178
-13.8258
-18.8093
-20.1548
-16.8331
-10.312
-4.5625
-0.753454
1.49116
0.862696
-4.21521
-14.5818
-23.7493
-16.3973
-9.50853
-4.58247
-2.91248
-1.76684
-0.716732
0.142484
-0.490436
-3.17158
-5.84055
-5.36752
-4.30842
-4.68738
-10.03
-16.1602
-24.3657
-29.6937
-19.9144
-11.3697
-7.21528
-5.06619
-4.03041
-5.19979
-8.25863
-12.301
-20.4551
-22.9405
-15.5779
-14.2337
-15.1741
-12.87
-7.05755
-3.14943
-1.99724
-4.85596
-9.75056
-11.55
-9.46571
-8.8415
-11.939
-16.9336
-25.8823
-23.4098
4.05413
19.4692
38.4741
45.3102
49.4826
48.5056
45.3367
40.3123
38.3592
47.2239
49.5401
51.2567
60.5901
69.796
76.1695
79.7985
81.6524
81.9124
79.5947
72.9114
61.3094
44.5478
45.7151
46.2975
39.7385
33.5873
30.7432
31.7934
34.5977
36.9957
37.5294
34.6009
31.8873
27.8811
22.2309
16.9447
15.8558
15.8757
13.0171
9.75861
12.3449
13.5614
13.9204
14.2532
14.3637
10.9511
3.39009
-0.276387
-1.64578
-7.87848
-8.5301
-3.9477
-3.20078
-6.07957
-11.2116
-14.0301
-13.0208
-9.79771
-6.24693
-5.04789
-7.41563
-10.7582
-10.5873
-9.7085
-12.1776
-17.279
-16.8258
-13.9898
-11.3475
-5.92633
-0.704535
1.30414
0.128345
-3.16018
-6.0364
-8.15041
-10.1682
-11.6643
-12.9983
-15.4104
-14.5103
-8.80759
-4.69632
-3.96082
-5.82679
-8.8029
-10.8842
-9.20654
-4.38216
-0.98421
0.46915
0.519631
0.277467
-0.815146
-3.68507
-6.26742
-5.08305
-2.69567
-2.36064
-4.10378
-6.85381
-7.94155
-7.08084
-7.3499
-8.87487
-9.18199
-6.56098
-3.88529
-4.20107
-6.74254
-6.63074
-3.88212
-2.28395
-2.35955
-3.58806
-6.40492
-10.1308
-11.0408
4.5154
22.6528
38.4033
48.4691
58.3379
64.3006
66.4267
68.4373
74.0555
79.4569
83.3509
85.6356
86.6565
86.3727
84.4356
80.9023
74.9079
68.7495
65.9066
64.039
57.5326
45.5601
30.3637
26.3055
18.5741
21.0892
40.8673
51.4122
56.9123
57.8104
53.9716
46.4453
38.1992
33.3371
31.4962
31.7628
34.219
34.971
33.0667
29.4677
25.3432
22.9053
21.3223
21.3407
20.744
18.4835
13.7345
4.52904
-0.960769
3.75841
7.40638
6.92271
-4.19827
-4.6919
-5.8753
-5.89555
-6.71328
-6.64794
-5.0561
-5.68488
-8.38819
-10.0558
-11.7783
-17.0772
-16.8918
-9.24518
-5.19195
-5.0282
-7.0628
-8.36592
-8.7949
-6.77231
-4.06838
-3.57325
-4.55797
-3.29094
-2.28795
-3.86642
-7.70099
-11.7751
-14.0176
-11.6101
-6.02461
-1.77148
-1.57082
-5.48138
-10.0836
-9.17195
-3.80931
1.36146
3.19269
0.705143
-5.15472
-5.99946
-3.75839
-3.6486
-0.621405
3.93071
4.87069
1.60233
-3.69131
-6.87015
-8.33739
-9.04091
-7.86168
-6.20188
-5.2323
-7.21519
-10.8969
-10.2729
-5.28453
-1.62981
0.035524
1.37653
2.18233
0.571921
-3.033
-6.10141
5.90996
26.1026
43.9195
57.028
71.3775
80.1965
85.4913
87.3272
86.2606
83.4248
80.5483
78.2093
74.9761
69.8557
62.7346
52.3466
49.7443
50.2686
49.2641
46.955
41.3407
35.6405
32.2558
44.1983
51.759
60.3824
66.0012
69.0096
68.576
64.1171
55.2153
42.9282
33.1608
26.2814
23.1633
25.0156
24.9702
23.7073
21.9945
21.6579
23.8999
26.0348
26.5717
24.1733
18.3909
11.2755
5.98161
5.7304
8.63524
11.0862
9.81286
4.57324
1.25806
-0.0271732
-2.88245
-5.89824
-7.49855
-7.38926
-4.82969
-2.52023
-2.82544
-5.9339
-10.5511
-15.5085
-16.7838
-14.0258
-12.0034
-12.718
-13.6421
-11.383
-8.16892
-5.3075
-3.12212
-1.95163
-1.5686
-2.39088
-4.93652
-9.86723
-12.2018
-9.72206
-7.70547
-4.56744
-0.669431
1.303
0.739555
-1.81394
-4.75917
-6.11473
-6.72123
-7.79706
-9.11117
-8.1193
-6.5757
-3.53212
0.191929
1.8899
1.23332
0.556613
1.14628
2.19308
3.35849
3.87182
2.45256
-1.23489
-4.22792
-3.46489
-2.57081
-2.29029
-1.50264
0.227046
1.54959
1.26259
0.476735
1.14311
1.37189
-0.816508
-5.20072
-8.7587
1.08404
19.1568
46.1066
63.679
72.8267
77.7388
78.4879
76.1159
71.4098
64.4531
52.7549
44.197
27.2236
27.5068
28.3997
35.1244
33.8958
39.8091
48.0457
54.6498
62.5575
68.8027
72.1989
72.9648
72.1815
70.6425
70.2823
69.4961
66.4695
60.2099
50.8089
42.2463
39.3235
36.654
33.1428
31.1544
31.4871
30.4712
28.2332
26.7158
28.5219
31.6001
32.5096
30.4403
25.4568
18.3891
12.5801
13.7571
16.6664
17.0201
14.3886
10.371
-13.4647
-14.682
-18.2267
-18.6995
-18.7954
-18.0301
-14.0026
-11.886
-12.5918
-15.4725
-17.0859
-17.484
-18.2556
-18.5935
-21.0862
-26.0491
-21.5938
-14.0793
-10.2277
-8.61896
-8.4082
-10.3889
-14.5646
-17.5721
-17.1051
-16.6739
-16.2973
-15.1831
-15.1889
-15.9928
-18.4574
-20.4096
-23.4723
-26.9313
-31.2829
-24.1369
-19.439
-15.8473
-8.69499
-3.15465
-1.17592
-2.16414
-4.18151
-6.19551
-9.3345
-15.1615
-19.4769
-19.0117
-13.0062
-9.02972
-9.5061
-12.9677
-12.5875
-8.38697
-7.63214
-10.1034
-15.7239
-18.769
-17.4581
-14.8197
-11.0716
-7.7217
-7.46902
-11.0049
-16.8969
-19.345
-2.52402
16.1153
43.1369
59.8379
67.5331
68.8427
64.5921
53.6617
39.6569
44.2182
48.5942
48.4016
45.6143
47.2166
52.3243
61.2622
68.009
75.8523
80.8092
82.9216
82.4146
79.6609
76.2628
73.0196
68.623
61.6406
55.3658
54.4495
53.7054
51.4418
47.2071
40.2566
38.8374
36.4912
31.5623
27.1505
30.3994
33.9802
33.5865
30.0098
28.6578
29.9889
29.4939
26.568
22.878
19.3018
14.3642
12.2303
10.5662
5.9527
-1.06647
0.984519
-11.4742
-10.4449
-11.251
-13.2301
-15.5986
-19.1925
-23.6178
-24.5507
-24.7349
-25.4802
-27.5922
-24.5854
-18.5178
-15.3984
-16.0977
-20.3596
-26.3286
-25.199
-20.2421
-18.0602
-17.5076
-16.4365
-16.8019
-20.3403
-26.4768
-25.7546
-19.5714
-16.5584
-17.5436
-20.1346
-19.6958
-18.7033
-17.6712
-16.0139
-13.1385
-13.4145
-15.5076
-16.6322
-12.7892
-10.0748
-10.4516
-13.0454
-15.1322
-16.32
-18.9197
-23.1129
-30.3219
-33.9649
-39.3035
-42.5492
-41.7201
-39.2
-25.9082
-16.3362
-10.1076
-8.50226
-8.95474
-10.3822
-9.61123
-7.92428
-6.67241
-8.26525
-12.7479
-17.8838
-19.8288
-19.7954
-4.61698
31.1117
54.2292
67.6891
73.6029
74.8969
71.2075
62.5058
52.5521
52.3346
57.0978
60.1694
66.3629
72.8576
82.4504
89.4737
93.3995
93.4574
89.6109
83.0779
76.4633
73.1822
68.1747
60.3262
54.2258
52.9221
62.8053
70.7693
75.1267
74.8259
70.0478
61.8886
55.5057
52.3833
46.4036
36.7253
30.9255
30.9516
33.9036
36.1484
36.1781
36.2638
38.0835
38.2832
34.6199
27.349
23.0622
22.9592
19.6512
11.899
4.32216
3.60809
-14.232
-13.9421
-15.0871
-14.8013
-11.3994
-9.72119
-11.1601
-16.1035
-23.0217
-23.2005
-18.5879
-13.6051
-11.5618
-13.7333
-21.2125
-30.9288
-26.0048
-20.6596
-17.3797
-13.8988
-11.3114
-10.4486
-12.0976
-16.015
-20.7599
-24.83
-25.3702
-20.5411
-18.8128
-20.8505
-23.7354
-23.1392
-20.9397
-19.5583
-18.1211
-14.5181
-12.4015
-12.3598
-13.5744
-14.1231
-14.1532
-14.4133
-15.1103
-17.3441
-21.744
-27.3499
-23.2394
-17.9193
-16.8614
-20.7029
-29.1159
-30.3998
-24.6466
-21.8287
-21.8302
-23.3308
-22.0386
-17.0304
-14.4547
-14.6675
-17.2671
-20.0099
-22.712
-25.6305
-27.9268
-21.8044
-3.54016
34.5533
55.7639
67.9227
75.8435
77.7735
75.7859
70.1606
68.4129
74.6966
81.3696
88.6724
94.3829
98.3281
99.7686
98.6319
94.9764
90.1317
85.5795
79.7273
72.494
63.2901
59.7038
65.2122
69.2713
77.2617
83.9315
87.6842
87.3485
83.0362
74.9487
67.1577
63.574
58.967
50.2383
37.4798
32.8827
35.9668
37.1807
35.5113
31.0533
30.4548
33.8732
34.4646
32.0715
29.259
26.1322
20.5782
14.498
12.3486
10.3195
5.4957
-8.59767
-14.0034
-15.391
-14.8202
-13.615
-11.1171
-10.5373
-13.8031
-18.582
-17.9699
-11.2433
-5.79314
-3.69441
-4.69841
-6.94328
-8.70584
-9.43304
-10.8397
-13.1681
-16.5832
-19.309
-18.5974
-13.9259
-12.3163
-15.4723
-21.5274
-20.5477
-14.9996
-11.2532
-10.7905
-13.5394
-17.9525
-17.9244
-13.1234
-8.40751
-6.06403
-5.95667
-7.30674
-7.66814
-7.73404
-10.196
-13.1311
-12.1944
-11.625
-13.9318
-16.801
-13.5584
-9.00429
-6.58906
-5.93377
-5.91062
-5.67084
-5.233
-4.75443
-5.708
-7.19277
-8.39833
-10.0523
-13.6534
-13.8277
-8.0543
-4.11078
-3.49127
-5.09342
-7.28652
-9.67598
-5.64421
27.2433
39.2139
63.3334
75.8089
82.5723
84.9174
88.509
96.4932
103.076
106.321
106.496
104.087
99.6481
93.4925
85.5618
76.0998
65.8148
65.7516
67.5444
69.3538
74.3064
83.0414
90.0448
94.7785
96.2942
95.0198
91.0455
84.8078
76.3827
65.4103
54.9376
54.0039
54.6857
51.6495
43.9381
36.6203
36.5436
36.5895
33.7104
30.4917
32.1709
33.5923
32.4773
31.2818
30.6037
28.6443
23.6487
15.1984
3.6626
-4.44585
-3.77857
-19.8466
-19.5403
-17.8274
-17.1538
-16.0784
-14.2849
-13.9019
-15.5626
-18.3605
-17.4634
-14.8448
-14.2858
-16.9318
-19.8516
-19.4439
-15.2693
-15.0314
-18.784
-27.2235
-32.8837
-31.838
-22.4841
-13.1938
-7.65721
-6.42969
-9.61219
-16.7467
-23.0676
-22.1884
-17.4572
-15.1999
-14.6444
-16.4281
-19.981
-22.454
-19.3761
-17.3379
-16.2858
-12.9375
-10.6425
-11.633
-14.8654
-18.1719
-19.7977
-22.4489
-24.156
-23.9822
-22.0646
-18.9854
-15.3293
-12.8296
-13.6829
-17.3058
-19.5996
-15.3048
-10.2696
-5.90171
-3.9934
-4.79508
-7.20581
-8.7907
-9.2951
-10.5041
-14.4029
-19.7972
-19.5959
-9.21752
18.4701
37.7314
67.3256
86.9446
99.4077
107.291
111.642
112.935
111.403
107.096
99.7104
88.6814
74.3556
65.979
67.0664
70.5172
77.3203
85.3421
91.8175
97.5873
101.527
102.964
102.02
98.6557
92.9951
84.4516
71.565
54.5319
47.5503
55.0408
60.1494
62.2147
61.6541
57.9784
51.8492
46.3221
40.8913
33.1836
27.1217
30.5618
33.6463
33.99
31.9191
27.7139
22.2259
18.0027
20.4235
22.6129
21.3017
17.5309
13.9041
-11.8078
-11.7679
-13.8132
-18.9442
-23.3549
-21.9334
-19.4411
-18.2635
-18.3869
-20.0364
-23.3761
-24.6615
-20.9216
-18.1157
-18.2324
-20.471
-19.8935
-17.8471
-15.2546
-13.8716
-14.8014
-17.2459
-15.6599
-12.4416
-12.0628
-13.6897
-16.3098
-20.2276
-23.4187
-23.3123
-20.9326
-17.7402
-12.5547
-10.0042
-11.226
-15.7385
-20.2921
-20.8502
-19.0721
-16.9814
-15.1587
-13.0602
-10.9953
-11.3029
-14.7931
-18.1997
-14.5938
-10.2146
-9.7262
-12.8305
-18.6084
-24.4399
-27.7291
-29.5079
-28.2829
-21.6826
-16.8092
-15.078
-14.2679
-14.1702
-16.3241
-18.6597
-16.2119
-13.0685
-12.5611
-13.0612
-5.61642
25.6373
52.6499
74.4986
88.8702
97.999
102.991
104.568
102.871
97.904
89.7124
80.9638
75.1926
69.7939
73.6812
84.4315
94.6269
101.723
105.539
106.473
105.008
101.893
97.3227
90.0826
78.5677
65.8977
62.7797
61.8412
59.386
54.615
47.3799
45.0092
47.6393
47.5183
46.2053
45.9692
45.8292
43.4781
38.2252
32.628
30.8639
34.6964
38.142
37.4788
32.5479
24.9091
21.7238
22.1755
20.9376
18.9148
17.1444
14.1019
-13.5494
-7.01681
-4.80996
-6.3855
-10.5729
-13.4599
-13.9285
-15.5959
-19.3513
-21.7539
-22.1036
-21.7407
-18.9297
-15.5861
-14.8242
-17.2809
-20.331
-17.2788
-9.84215
-5.42263
-5.14265
-8.91631
-15.1337
-20.6572
-23.4236
-24.262
-25.0147
-24.9315
-21.3997
-17.7042
-13.3433
-6.39614
-1.17136
0.337118
-1.93163
-7.52962
-14.5894
-18.5905
-19.087
-21.5773
-24.753
-17.7135
-11.8332
-10.7285
-13.3171
-16.8872
-17.9348
-19.1253
-21.911
-24.7075
-23.9334
-21.0445
-21.0449
-24.3214
-25.9768
-23.1218
-18.8387
-13.9767
-11.747
-12.9677
-14.8021
-13.4969
-12.7269
-13.1957
-12.5229
-11.9052
-8.87001
22.0608
51.0361
65.0065
73.1864
75.2217
72.4174
64.6349
66.379
76.1825
81.5089
82.895
82.2421
86.4156
96.3159
103.488
107.083
107.544
105.097
99.7842
91.1362
78.0891
67.2239
60.8352
63.1525
70.3392
75.4203
76.0346
72.3557
64.567
53.5308
44.32
38.5061
36.9362
39.0854
40.0349
38.0168
33.2142
26.93
25.172
28.1053
30.6401
30.8167
28.4539
25.4818
26.1291
26.6201
23.2152
15.615
7.22882
3.6285
1.7526
-19.8516
-14.3447
-12.5387
-13.7852
-15.7528
-18.6228
-25.6913
-35.2715
-30.6742
-26.6615
-22.4773
-17.9705
-16.1219
-17.4217
-21.4762
-25.5941
-28.1153
-20.5169
-12.2994
-7.21204
-6.00099
-8.34551
-14.803
-23.8189
-33.7667
-39.6702
-40.5182
-35.6973
-29.5653
-19.3935
-11.4316
-6.42699
-5.5122
-8.74132
-15.7685
-18.6404
-14.9912
-12.4466
-13.8474
-18.9272
-24.3463
-23.4203
-21.0873
-19.1346
-17.2353
-14.7164
-14.2849
-15.5657
-16.6547
-16.967
-17.5373
-19.4195
-23.0759
-26.4738
-25.7854
-18.3637
-13.3179
-12.8375
-15.9661
-17.94
-17.5658
-17.8002
-15.3404
-12.6567
-13.8502
-19.5955
-16.6279
7.89745
31.825
50.3082
55.344
56.6287
52.7033
52.028
58.392
64.3095
72.9365
84.9094
95.7576
102.585
105.477
104.469
99.3539
89.5947
75.4185
60.5438
47.297
66.317
77.8777
84.8034
87.9066
87.7839
84.4869
77.5825
67.3449
55.4105
45.8159
38.2415
33.9129
35.3138
35.6135
34.3454
29.7623
22.0607
15.4366
17.8682
23.2555
25.5091
23.8996
19.3947
16.4118
16.0485
14.8218
11.0142
5.29675
-4.14522
-10.2909
-7.27402
-11.6184
-7.64706
-6.57406
-7.69723
-9.06962
-9.72461
-10.8113
-10.0951
-8.55921
-8.10675
-8.40025
-7.84702
-6.44379
-6.16243
-8.48342
-13.5621
-18.6368
-19.3795
-17.8943
-18.3051
-20.76
-24.1041
-23.796
-22.0476
-21.334
-20.0556
-18.2833
-18.2933
-19.4776
-17.8456
-14.1861
-13.4569
-15.1397
-16.8736
-16.1132
-15.1451
-14.3928
-15.4417
-16.1961
-17.1314
-20.7178
-24.573
-21.4765
-15.9727
-11.0944
-8.37441
-8.05703
-10.7195
-14.2753
-13.0328
-8.7423
-6.84184
-8.31913
-13.3741
-17.4755
-13.1632
-8.89538
-8.44193
-11.1401
-13.8861
-13.5954
-12.4979
-12.1165
-12.2539
-13.6133
-17.7027
-20.312
9.92252
32.7934
47.4325
54.5419
57.6088
57.4815
68.9017
82.3972
92.0549
98.2367
101.789
102.924
101.664
97.6422
90.8633
82.0571
74.045
77.4877
85.0228
90.426
92.9911
92.9662
90.9924
87.3103
81.7775
74.1463
65.8019
59.0379
55.5988
53.1055
48.612
44.0524
38.0033
35.8811
37.1919
36.5485
33.2581
28.872
24.987
24.5612
24.7715
23.1411
19.2543
13.5691
6.81284
-2.19361
-6.98759
-4.07677
-0.280358
0.49447
-1.18147
-6.29373
-2.23829
-0.899574
-1.76062
-4.66878
-9.34185
-12.966
-10.9854
-6.75007
-4.17357
-4.43462
-7.48639
-11.5824
-13.2185
-13.3236
-13.9608
-14.5892
-13.8381
-10.14
-7.77406
-8.71215
-12.9029
-14.5033
-11.0579
-8.46963
-9.55916
-13.3503
-16.4136
-15.9519
-14.5452
-13.7411
-12.8216
-10.9926
-9.95364
-11.4531
-14.7507
-18.1091
-18.49
-18.0919
-20.0551
-24.6246
-27.3857
-22.2601
-17.1787
-14.8945
-15.2171
-15.8473
-15.423
-16.044
-14.7407
-8.4136
-3.65376
-3.12239
-7.03152
-14.6717
-18.1875
-16.4021
-14.6268
-11.8402
-9.01423
-8.80515
-12.1038
-16.9011
-18.8427
-20.5444
-25.5804
-27.8488
2.46225
27.0631
43.351
58.0673
68.9951
76.8103
82.4349
86.6854
89.6713
90.4428
88.3117
82.6553
72.9674
63.6892
62.0162
73.4162
83.5979
89.0968
91.7852
92.0428
90.0131
85.2568
76.9286
65.8501
59.5059
56.5119
51.0338
44.9255
38.6427
36.7136
36.8677
33.8857
27.1096
17.6551
13.4296
13.3937
13.5472
16.7307
20.0314
20.0553
16.4396
10.1384
4.79777
4.44338
6.97012
7.99663
7.44435
4.97342
1.45111
0.276432
1.34663
-8.89726
-7.22533
-7.67164
-10.3237
-15.9305
-24.2954
-26.5994
-23.3968
-19.0976
-17.339
-18.2243
-21.9541
-27.9432
-32.9708
-31.9662
-19.8847
-11.0398
-4.75097
0.235245
2.77557
2.01774
-2.34391
-8.78437
-10.0908
-9.02673
-10.1374
-13.9969
-16.5873
-13.9959
-11.3759
-11.8227
-13.8732
-14.7305
-15.6173
-17.1881
-14.7777
-9.87137
-7.36568
-8.21848
-11.3479
-13.2333
-12.2373
-12.6219
-15.7635
-20.9848
-23.6802
-22.2091
-19.4292
-17.5133
-14.9432
-9.21808
-3.58576
-1.09701
-2.54201
-8.01267
-13.5727
-11.2121
-8.50234
-8.01048
-8.47986
-8.62113
-9.29828
-10.3505
-10.5319
-10.8355
-12.9561
-16.4
-16.0914
20.7127
32.2363
51.1524
59.342
64.2711
65.5171
63.4988
58.501
56.8132
53.7204
51.6684
54.6414
65.7031
75.1319
82.0642
85.2195
84.5791
79.4772
69.1715
53.3695
47.3081
50.5595
50.4431
54.3086
57.1726
56.7978
52.1372
43.4841
34.8546
34.6536
36.4847
34.2353
28.0704
20.2759
14.7239
14.9636
12.9264
10.1917
10.7094
11.4002
8.7638
2.92877
-2.08706
-0.305118
3.05582
3.66485
4.19103
4.17012
1.4043
-2.17505
-2.29339
1.01963
3.41687
3.03497
1.20461
-1.08443
-4.93383
-9.7572
-9.56036
-7.12956
-6.54373
-8.24276
-11.1797
-11.3624
-6.52752
-2.43688
-1.24678
-1.44847
1.83068
6.17869
7.35993
4.33522
-2.45926
-9.08887
-12.9673
-17.9193
-20.548
-14.8223
-11.1029
-11.3452
-14.2717
-17.1498
-18.6566
-20.5101
-23.6005
-21.856
-14.3977
-9.73009
-9.37614
-10.8061
-7.9735
-4.63268
-4.78834
-9.00904
-15.7027
-21.2517
-23.209
-23.6259
-20.3243
-15.1814
-11.1208
-9.43194
-8.89593
-9.37356
-11.385
-15.0257
-17.125
-13.8915
-10.1243
-8.80813
-9.75613
-11.4513
-12.5938
-14.7088
-18.1915
-20.7279
-21.9608
-22.5454
16.0403
23.4684
30.7889
30.8236
29.5842
26.5336
34.4349
42.6509
46.9002
52.0069
59.9853
66.9287
71.5351
73.4021
72.3195
68.6251
62.6711
57.064
54.0191
57.1032
61.0871
62.5903
61.3454
57.1919
50.7335
44.2515
38.6515
32.5426
25.7535
21.4213
22.0628
22.3747
21.342
19.8927
17.9964
12.9599
6.6333
2.96678
6.32308
14.6449
20.3641
22.4842
21.5437
18.4814
14.4555
10.9234
9.8867
8.8313
4.91093
-1.11156
-4.62626
-0.20868
4.67411
6.4938
5.09661
1.23617
-2.52426
-4.72179
-7.58432
-12.4038
-18.0861
-17.4618
-13.0888
-9.6166
-8.3008
-8.89052
-10.6717
-8.1651
0.359835
6.27972
8.04575
6.24285
1.80252
-3.12608
-7.41942
-12.1222
-15.3796
-16.2415
-14.5154
-11.2964
-9.32633
-10.2343
-14.1985
-19.5106
-22.9243
-23.3287
-20.2051
-17.218
-15.6622
-15.0296
-12.8453
-9.35409
-7.36783
-7.39869
-10.2534
-16.0538
-23.0083
-24.4197
-23.7145
-23.3717
-22.1327
-19.1442
-17.2748
-15.5687
-14.6901
-16.0354
-20.1162
-24.7768
-28.4905
-29.3634
-27.8727
-23.6313
-17.1404
-11.1209
-8.17641
-9.25282
-13.9593
-11.9235
6.72848
13.5109
21.1323
16.1166
21.6612
29.9647
46.1376
56.8053
63.1602
66.4338
66.5079
64.1183
59.3046
52.3073
44.8867
43.9361
53.7718
60.0852
63.6416
63.5047
60.1441
54.1802
46.5142
37.2478
27.1285
23.4156
23.1297
22.6925
20.0404
14.2635
11.1495
13.7036
16.9631
17.4785
14.7953
8.9926
0.612383
0.307763
6.23704
11.5592
14.6674
15.2528
14.5535
13.8378
14.1097
14.718
13.7548
10.1955
4.36064
-1.47333
-14.4261
-14.2809
-12.8781
-11.1785
-10.2733
-11.0208
-11.543
-10.2447
-10.6018
-14.5833
-20.2978
-18.5253
-13.7215
-12.9838
-15.6045
-17.9228
-15.236
-10.6542
-8.58163
-9.76282
-14.006
-20.9305
-25.2174
-23.684
-19.0237
-13.6692
-11.2892
-11.0051
-10.1066
-7.4092
-4.48915
-3.73508
-6.29737
-12.1644
-16.4442
-17.9969
-20.0459
-22.8504
-21.0086
-14.9942
-11.7954
-12.3028
-14.7941
-11.2313
-4.59673
-1.17124
-1.82956
-6.61724
-14.9096
-21.7942
-20.2128
-18.5223
-19.1586
-20.026
-19.4405
-19.2271
-19.7325
-18.6096
-13.734
-7.67725
-3.27274
-1.95597
-2.97877
-3.51206
-3.10127
-4.40655
-8.72449
-11.9557
11.379
18.5445
29.4139
33.7553
39.9039
46.6323
54.7383
59.6255
61.2762
59.3408
54.6588
47.8219
41.2345
42.6178
51.0202
58.7468
62.3235
62.1853
57.7449
50.1835
42.8541
38.6264
33.2384
33.6763
33.2692
34.0096
30.455
24.5294
20.053
19.2494
18.5336
14.1912
8.0512
2.27263
0.265839
0.105614
0.245314
2.13411
4.21019
4.69417
7.25951
12.4882
15.9923
16.5022
15.5733
15.2557
14.6692
11.749
6.19327
-1.14407
-11.2598
-9.48354
-8.55773
-8.05445
-6.67572
-6.07616
-8.74685
-15.8698
-21.9452
-17.7329
-14.2465
-12.1597
-8.81427
-6.08987
-5.8777
-7.56789
-8.48599
-8.71606
-9.08911
-10.2932
-12.2956
-14.0446
-15.6122
-18.2719
-17.2452
-12.566
-9.7676
-8.55308
-7.5345
-5.31142
-3.84557
-4.77577
-8.50407
-14.1638
-20.5447
-24.602
-25.0647
-22.7312
-21.6791
-17.8535
-12.5237
-9.68167
-9.26389
-8.46438
-4.5343
-1.53869
-1.69929
-5.31044
-11.7283
-16.0444
-13.5078
-10.5676
-10.7284
-14.2409
-17.0794
-14.0721
-10.5203
-8.14755
-6.03536
-4.33574
-3.85435
-4.98492
-6.884
-8.37975
-10.1742
-15.0269
-23.6046
-14.0709
1.60366
17.6558
32.3935
41.7432
47.6968
50.9266
51.0737
48.4634
42.8605
35.6265
23.426
32.9867
44.3725
51.8008
55.6336
56.6513
54.813
49.8201
42.0985
31.5995
29.2371
31.9277
31.6707
30.7935
28.7427
26.4081
21.6825
16.1648
14.0625
6.64667
3.02028
-0.013431
0.94436
1.77088
0.80092
0.904781
1.59567
-0.0265634
-4.06402
-7.33407
-7.31368
-1.93993
2.9221
5.14102
4.6502
1.33045
-3.02976
-6.84284
-10.0896
-14.2694
-12.8054
-8.69032
-6.28475
-5.84412
-5.92425
-6.0849
-7.86019
-11.4576
-14.8839
-15.6063
-15.79
-14.2681
-9.25558
-5.35639
-4.89311
-8.11968
-14.8991
-21.276
-18.4375
-11.9597
-8.98895
-10.2151
-15.0322
-19.5302
-20.2746
-21.993
-25.857
-26.5358
-19.9676
-15.5607
-14.8244
-16.5916
-17.5654
-17.2327
-18.1635
-19.5262
-19.0387
-18.902
-19.9859
-22.7416
-25.6374
-23.6779
-20.3866
-20.5595
-23.8739
-24.7831
-19.7101
-15.4956
-13.0857
-13.3932
-16.07
-16.3251
-13.4584
-12.0829
-12.2784
-10.6505
-7.29495
-5.31865
-6.30364
-10.4201
-17.0699
-20.4924
-19.1084
-18.7681
-19.7917
-20.5227
-18.7615
-13.4874
-5.42355
4.51116
19.8436
23.0801
24.1961
20.8991
20.8977
25.4268
30.3781
34.027
40.5705
47.3782
51.5083
51.4641
47.1742
38.9047
34.8903
36.5545
37.3586
37.8975
36.3326
32.2348
24.3201
16.1819
17.3409
18.4276
16.9292
13.4247
6.59608
-0.30243
0.456078
1.8556
4.63912
4.1894
0.499345
-1.01985
1.79581
2.13838
-1.30979
-7.01083
-9.64686
-8.9933
-6.56319
-3.5755
-0.837921
1.35475
3.59707
4.73461
3.39441
-1.2697
-19.4567
-16.9816
-14.4794
-13.2992
-13.8807
-15.9961
-18.4987
-20.3064
-19.4287
-17.6621
-17.6803
-19.1107
-18.8074
-14.8088
-12.2034
-13.237
-17.0073
-17.4371
-12.2144
-8.5284
-8.46234
-12.2
-19.0202
-25.0612
-25.143
-23.5571
-24.0295
-25.6347
-19.723
-11.4484
-7.27434
-7.54113
-11.5322
-16.6605
-19.0876
-19.3446
-17.5968
-16.3689
-17.9563
-22.2743
-26.9547
-28.8039
-30.0096
-31.5275
-31.5434
-29.1253
-25.2638
-23.3667
-21.9829
-20.1999
-18.0582
-16.5688
-13.2463
-10.1929
-9.993
-12.3218
-12.3173
-8.89311
-7.96994
-11.0641
-17.0573
-18.5425
-14.0941
-11.6518
-12.5896
-14.9221
-15.2476
-15.174
-6.58597
1.23852
11.9337
9.79721
13.7076
13.4022
16.6334
23.6836
30.2481
34.8882
39.068
43.1674
44.3391
41.9576
35.0707
32.8869
32.139
35.2542
36.5812
35.8126
32.0949
25.9093
18.4829
19.9127
18.7805
16.1921
11.7533
8.1908
6.62688
-0.691244
-3.0758
-7.00118
-4.04585
-1.54343
-1.54857
-4.18451
-5.30572
-3.42447
-2.93476
-4.37433
-6.7648
-9.29586
-11.7517
-9.86729
-7.07865
-6.47488
-7.94879
-9.58369
-11.7024
-15.1029
-19.5313
-18.9018
-16.9821
-14.9285
-14.2374
-15.534
-17.7109
-19.364
-19.5122
-17.2103
-14.7979
-14.9239
-16.7733
-17.3985
-17.5271
-19.3815
-22.5202
-22.9908
-21.85
-21.0741
-20.4983
-20.7043
-22.7783
-23.3135
-19.5113
-17.3127
-18.5618
-21.6709
-20.5916
-13.9706
-10.2305
-10.7578
-15.4753
-20.0129
-17.2308
-14.8416
-16.0161
-19.8008
-23.4713
-25.6346
-27.8102
-30.924
-32.8168
-31.0662
-28.7544
-26.4351
-25.0404
-24.4262
-22.9143
-21.2577
-21.2963
-22.178
-19.9191
-16.8075
-16.7339
-20.7534
-25.1398
-23.5801
-22.4226
-24.1532
-24.8544
-21.8967
-19.3652
-18.7942
-19.0898
-19.354
-19.133
-18.638
-6.3653
-3.54796
9.1623
5.3372
11.4919
18.5911
27.4934
32.9142
34.5515
32.5353
27.2681
18.5269
21.0916
28.1147
34.4874
37.7493
37.4243
33.9816
24.947
17.1752
19.5445
24.8625
28.0347
28.2742
24.6415
16.8339
4.26732
1.10117
2.13358
-1.62226
-5.00712
-10.3511
-5.81282
-1.55644
-1.04046
-3.53219
-9.44839
-15.7148
-13.6638
-9.56163
-8.46413
-11.3302
-18.2892
-26.7506
-26.2913
-21.2981
-14.5062
-11.6947
-12.2319
-15.7532
-16.8835
-14.5884
-15.3252
-19.4392
-26.8074
-35.5816
-42.4639
-40.6044
-34.3319
-26.6412
-21.5396
-20.164
-22.6742
-28.4874
-31.2175
-29.3785
-25.8891
-25.1171
-24.4305
-22.2529
-19.7734
-19.6884
-21.9639
-21.3258
-18.0765
-16.6549
-18.2269
-20.0915
-19.0306
-18.1643
-17.4587
-16.92
-18.2371
-21.7674
-24.3408
-23.6868
-21.8997
-20.0191
-17.979
-17.4372
-18.3931
-20.1199
-21.92
-23.7458
-23.7827
-23.9914
-24.3686
-21.7501
-19.2802
-18.8295
-18.9775
-19.2715
-21.0148
-23.6129
-23.6694
-22.3338
-22.2807
-23.2572
-23.6782
-23.7234
-24.4141
-25.7397
-26.7392
-28.0812
-27.4586
-24.6778
-22.6208
-23.9615
-15.2077
0.455618
8.65131
15.065
19.5341
22.0284
23.3453
22.3496
21.8242
20.6304
17.6749
20.9379
26.4746
30.3208
30.3483
28.0537
22.8212
20.8792
23.3662
24.7307
23.7727
21.4332
15.7644
16.1133
10.0285
3.23547
-4.04839
-2.64133
1.48527
-4.17205
-5.88898
-15.6285
-17.9471
-14.1318
-14.8865
-15.1548
-14.2442
-14.1408
-16.0745
-20.1237
-23.3664
-25.77
-26.3611
-26.4028
-24.3848
-19.9112
-16.9258
-17.8845
-22.7583
-29.1863
-31.479
-25.2855
-22.2346
-23.3049
-27.8392
-33.2761
-35.0299
-29.9444
-20.5123
-13.4152
-10.5986
-11.5131
-15.2211
-19.6352
-23.7028
-27.2513
-28.6915
-25.3525
-21.6128
-20.4691
-21.0681
-20.0275
-17.5878
-16.4944
-17.1477
-18.9497
-20.5503
-20.6644
-19.2707
-18.4896
-19.5598
-22.5901
-26.2599
-29.4435
-30.4562
-27.893
-26.4581
-26.4971
-27.7542
-29.3425
-30.1323
-29.9736
-30.3644
-32.4092
-32.3851
-27.9422
-24.4108
-23.4199
-23.6631
-23.5106
-22.7835
-22.4324
-22.4323
-23.0668
-23.3339
-21.9137
-20.3734
-20.6051
-22.6194
-25.514
-28.0456
-28.3946
-27.847
-27.5235
-26.014
-23.5474
-22.6348
-23.5311
-13.7293
-9.45507
7.26174
1.76906
3.20019
4.66064
6.7348
15.5276
20.8389
25.0017
26.2448
27.2405
28.3694
29.0115
27.9924
28.5489
29.2833
29.3812
27.9673
25.7931
22.9923
20.2803
17.7588
14.7522
8.70945
6.97732
6.13396
4.51049
2.89607
-5.44184
-4.60595
-8.97658
-11.8337
-16.0355
-16.9494
-15.9656
-14.2434
-16.0548
-19.3396
-22.8752
-22.2459
-19.0747
-17.9817
-18.8557
-19.1377
-18.2482
-16.3137
-16.4304
-19.5026
-23.9867
-24.9343
-21.1903
-18.0923
-17.0768
-18.674
-22.4547
-27.4779
-30.3153
-25.133
-18.3988
-14.9545
-15.3656
-19.3191
-25.3307
-30.4632
-35.0147
-34.6185
-27.6248
-22.0192
-19.345
-18.7363
-18.2886
-17.8879
-18.9501
-21.6564
-22.8528
-21.6664
-21.4012
-23.4095
-25.5364
-26.581
-28.3053
-31.5559
-33.5505
-33.4661
-32.8403
-29.3848
-26.2778
-26.2194
-29.4064
-31.9597
-29.8865
-27.6844
-27.2841
-26.8942
-25.5772
-23.9532
-23.3173
-23.9113
-25.7184
-26.1142
-22.8957
-19.5849
-17.6713
-17.4173
-17.9213
-19.3553
-21.563
-23.8491
-24.6488
-25.7066
-28.0628
-26.0366
-21.2836
-19.2618
-20.5872
-22.9172
-17.3478
-6.30654
-1.23225
6.94888
1.42919
-0.874116
7.95189
18.661
26.309
32.101
34.362
33.7438
30.254
25.5375
25.0198
29.9438
33.9786
33.6306
30.8854
25.8379
23.6495
25.8771
27.5691
26.0642
22.2394
14.1799
7.39158
5.3803
3.58088
1.75579
-3.49281
-5.13763
-5.61148
-7.18455
-9.11504
-8.62706
-6.78418
-7.13419
-9.25965
-12.6774
-16.5914
-21.0911
-23.0352
-21.9209
-19.3803
-17.5849
-18.0464
-19.5369
-20.8086
-22.145
-24.3828
-21.6448
-23.3208
-26.7605
-30.1713
-31.2858
-30.5946
-29.5982
-29.3788
-31.4488
-32.5698
-30.0574
-28.488
-27.7066
-25.2082
-23.6088
-25.4886
-30.1773
-30.0195
-26.9598
-25.3071
-24.5864
-24.9426
-27.1811
-29.8791
-26.9677
-23.9431
-23.7935
-26.4201
-29.5251
-32.0675
-33.8484
-34.7336
-34.0181
-33.1972
-33.7584
-33.4398
-27.63
-21.549
-18.9487
-18.3728
-15.6067
-12.4068
-11.9492
-14.8463
-20.34
-24.8503
-26.1649
-25.7457
-24.7926
-23.4417
-21.27
-19.4891
-19.9194
-21.9929
-21.3426
-18.4808
-17.2652
-18.6266
-21.2822
-23.3647
-24.2738
-23.781
-22.4534
-22.5446
-24.4743
-24.941
-22.1018
-14.807
-2.76976
8.25761
17.9173
24.281
29.4841
32.6726
33.2426
30.748
24.7853
19.245
15.8097
23.8924
31.0428
34.5989
34.2752
30.3598
23.4895
23.574
28.2478
30.0211
27.9518
22.699
12.7147
8.38569
10.7115
10.829
6.86299
1.27112
-7.56645
-11.6634
-8.04933
-7.89835
-9.73752
-15.2177
-18.863
-23.9746
-26.3317
-24.7774
-19.8183
-18.0145
-20.1793
-25.151
-25.1484
-21.0296
-18.1001
-17.6508
-18.1641
-19.9917
-22.5161
-25.6576
-17.2614
-19.1615
-19.1922
-17.6171
-17.2795
-18.4099
-19.7522
-20.5989
-22.8863
-25.7787
-24.1677
-20.5593
-19.2019
-18.9695
-18.8622
-20.1314
-23.7158
-26.4794
-24.8704
-22.645
-21.7789
-22.4778
-23.3378
-22.3239
-19.9547
-18.9347
-19.5195
-19.9531
-18.4943
-16.8973
-17.657
-21.1912
-24.9632
-25.4227
-26.2293
-27.5013
-24.2545
-20.8274
-19.6793
-19.1698
-17.6564
-16.2665
-16.2761
-17.2106
-18.5034
-21.3923
-26.5142
-28.6094
-23.2614
-18.5246
-16.4934
-16.8196
-18.1299
-19.441
-21.3236
-24.8411
-29.5346
-32.5327
-33.3899
-30.3101
-25.8816
-22.4137
-19.8728
-18.2087
-16.6907
-16.0005
-15.733
-10.9628
1.75523
12.1004
23.3294
29.769
33.2604
33.3664
31.7747
30.9966
31.3608
32.2961
35.9207
38.6212
39.2466
36.7009
32.1012
30.1306
31.2054
30.9289
27.415
23.4196
22.9146
24.6787
25.2037
23.6136
19.9516
14.6327
7.68569
-2.8616
-0.436838
-6.29749
-4.8252
-6.89228
-8.19744
-11.0972
-15.9852
-17.97
-19.738
-21.9739
-20.2879
-18.0805
-16.3104
-15.077
-14.2024
-14.276
-16.1532
-18.1892
-19.9959
-20.34
-20.5005
-20.813
-15.4394
-18.6724
-22.2361
-21.1535
-16.8747
-13.4067
-10.9049
-10.0842
-11.3549
-14.4166
-16.8178
-18.5458
-20.9558
-22.3394
-18.497
-13.798
-11.9933
-12.2479
-12.5419
-12.3234
-12.814
-14.7937
-17.6641
-18.5358
-16.2226
-14.8195
-15.5589
-15.8132
-12.9347
-10.2223
-10.5532
-14.4734
-21.1198
-25.2985
-24.086
-22.9687
-23.411
-23.2445
-21.1163
-19.2932
-18.1153
-17.9201
-19.2855
-22.2227
-25.7518
-27.398
-23.5504
-17.1292
-11.5362
-8.28987
-7.79399
-9.40639
-11.2918
-12.6266
-15.3759
-20.611
-27.1673
-28.9097
-26.7489
-24.0871
-21.4014
-18.765
-15.8203
-13.5657
-13.0105
-14.4853
-12.95
-1.11015
13.0701
20.4622
24.1189
22.9181
19.2711
20.7718
31.2897
39.105
43.8089
45.1521
43.5001
39.4599
35.8547
38.0071
41.6445
42.7974
39.9954
34.5046
31.0925
33.2465
34.5497
33.2342
29.0466
24.0348
18.1879
16.7374
14.7333
11.3345
6.16919
0.296463
-3.02744
-6.20994
-4.8052
-1.96394
-1.22113
-3.97214
-10.1806
-17.5438
-18.208
-15.722
-14.7069
-13.1878
-11.034
-9.27562
-8.07023
-7.01901
-6.67917
-8.22936
-10.0548
-10.497
-27.9218
-28.7537
-28.5007
-24.2626
-19.7892
-17.1522
-16.0464
-15.7953
-16.2688
-17.0666
-17.9935
-20.2664
-24.9518
-28.4586
-23.0046
-15.9089
-11.9596
-10.9115
-11.8499
-13.6665
-16.0654
-18.1466
-19.4785
-20.6658
-20.8814
-18.7948
-16.7354
-16.4773
-17.9003
-20.0965
-21.8621
-23.4098
-26.2578
-29.3199
-28.7494
-26.9209
-26.9313
-25.9479
-23.8378
-21.3754
-18.7204
-16.6133
-16.7738
-19.1249
-20.9017
-21.811
-22.5855
-19.5869
-13.9241
-11.3507
-12.4146
-15.67
-16.5317
-14.8277
-14.7946
-17.5611
-22.0364
-24.9285
-25.6678
-25.2063
-23.801
-22.4374
-21.9191
-22.1174
-23.0402
-24.118
-14.292
0.460028
14.7032
22.4837
26.8288
27.5427
30.5758
35.1508
39.2317
41.7688
41.9125
38.7108
33.2377
33.0213
39.4606
43.0937
42.8251
39.5481
36.1383
36.026
36.1676
34.2332
30.2844
26.4545
24.1808
23.3266
21.5638
19.4721
18.0216
15.0525
10.317
1.92017
-1.55182
-5.91392
-4.72056
0.827241
4.30739
4.14584
0.459405
-5.25146
-9.52425
-9.55983
-6.43596
-0.762467
2.32006
1.7358
-1.76286
-5.3957
-6.26009
-6.69087
-7.81772
-8.73053
-20.4293
-21.4678
-20.6855
-16.991
-14.5355
-15.1858
-18.7394
-23.4261
-24.2648
-22.7668
-23.0546
-24.0218
-23.1274
-22.2632
-23.7839
-27.8737
-33.0804
-38.3777
-36.7018
-31.5324
-27.1653
-22.6524
-18.1509
-15.3735
-15.0447
-16.8002
-18.8037
-18.6248
-17.6778
-18.536
-22.0621
-27.6515
-32.0692
-33.4834
-30.4771
-24.8033
-20.2764
-17.6945
-16.3636
-15.7929
-15.9051
-16.0187
-15.5571
-15.8464
-17.555
-19.2131
-20.0567
-21.8695
-22.7542
-20.5626
-18.6101
-18.1394
-17.8346
-16.8196
-16.683
-18.8506
-22.4624
-24.6055
-23.7244
-20.5611
-16.7237
-14.0036
-13.7536
-15.5789
-17.665
-18.2655
-11.8495
0.358649
14.0687
22.885
32.6614
40.2191
44.5421
45.7187
44.3436
42.7437
41.7989
42.4052
44.9408
47.8179
47.9071
44.5294
40.3266
40.8699
41.9581
39.7145
34.2968
32.1625
35.3623
37.0411
35.2396
30.3643
23.5258
19.681
17.8344
15.1417
10.0645
2.60683
-4.48092
-7.39223
-7.75837
-7.43817
-7.60001
-7.83721
-6.83359
-6.55661
-7.72177
-9.14174
-7.20697
-3.58473
-0.941041
0.306496
0.564192
-0.865244
-4.02925
-7.89882
-10.5779
-12.2152
-19.4191
-15.5039
-14.5414
-16.4816
-20.3914
-24.8544
-27.0334
-26.0354
-22.7336
-19.2698
-17.945
-18.3345
-17.8755
-15.617
-14.1722
-14.814
-17.6373
-21.6879
-23.1358
-20.7856
-18.4978
-18.8267
-21.4749
-22.2315
-19.1823
-17.5903
-19.5957
-25.1037
-31.6619
-32.9998
-30.8056
-27.1239
-22.4013
-18.0151
-15.0539
-13.0974
-11.8528
-11.1552
-10.9615
-11.8897
-14.4809
-17.6345
-18.4299
-18.2523
-18.9333
-20.2836
-21.5395
-21.3084
-20.0397
-18.4878
-16.1133
-13.9508
-13.7791
-15.4046
-16.0803
-16.16
-18.6359
-24.1748
-28.43
-27.1087
-22.6544
-17.245
-13.99
-14.3043
-18.0214
-22.6557
-15.8232
4.92554
19.3513
27.9333
32.3761
34.446
34.1115
32.5833
35.3766
41.2447
46.8342
50.0037
50.3425
47.7573
44.6218
45.9189
48.5379
48.3837
44.9062
40.7971
40.4863
41.4895
40.1006
35.6604
29.0433
23.9808
23.2582
22.4915
19.7574
15.2649
9.64136
3.93256
-0.788494
-5.82619
-6.1671
-4.57877
-3.97756
-4.83126
-4.45286
-1.20506
2.72136
6.06573
7.42197
6.48612
4.70747
4.56064
5.08266
4.1706
1.65619
-2.257
-7.59481
-11.6867
-15.793
-13.0809
-11.9459
-12.875
-15.9634
-20.7819
-24.9624
-25.3076
-22.3389
-19.6931
-19.1093
-19.393
-17.2737
-13.879
-13.3181
-16.6588
-23.5545
-29.7589
-31.9512
-30.8472
-27.2534
-23.8698
-20.7214
-16.5594
-13.0101
-12.1008
-13.9571
-17.6425
-20.5763
-22.6652
-20.7918
-15.8233
-13.3978
-14.6266
-18.6107
-21.9116
-21.2878
-18.832
-17.4539
-17.9415
-17.9434
-15.3788
-13.6119
-14.0817
-15.0287
-14.7633
-15.1953
-17.4203
-19.516
-19.9238
-20.1126
-20.3698
-19.7866
-18.269
-16.586
-15.7164
-16.4444
-18.1992
-18.743
-17.7112
-15.9975
-13.8119
-13.1672
-15.6969
-21.5198
-28.4837
-23.4673
-5.73652
13.5783
26.1611
32.8914
36.3838
38.8885
41.8031
45.391
47.8707
48.4907
46.887
44.9658
47.2049
50.7592
51.6816
49.1326
45.1616
44.3294
44.1629
41.5616
37.6658
37.7776
39.7731
39.2666
35.3191
28.1591
21.7803
18.2046
15.9602
15.9554
14.5192
10.9586
3.9772
-2.94646
-4.86415
-5.74711
-5.15377
-2.29624
1.01961
2.90725
4.29143
6.31712
7.37497
7.08795
6.72431
7.22642
7.05903
4.72812
-0.899379
-10.425
-15.2228
-17.7549
-16.6091
-15.0188
-13.9457
-15.032
-17.3679
-17.9865
-17.3688
-18.3154
-20.6583
-21.7589
-20.067
-17.8081
-17.4635
-18.4752
-18.191
-16.8364
-17.1686
-19.9053
-22.4624
-22.2784
-20.8232
-17.2021
-12.9035
-10.1868
-10.056
-12.7173
-16.9204
-19.1043
-17.1195
-15.1721
-14.4453
-14.8199
-16.6747
-19.3606
-19.9534
-18.9521
-19.0349
-19.9628
-21.0225
-22.5044
-22.8605
-20.6703
-18.3335
-16.3322
-14.7576
-14.9725
-17.8733
-21.5176
-22.7719
-23.7652
-24.5749
-23.8145
-24.0856
-26.0265
-25.5574
-20.6287
-15.514
-12.8995
-13.3065
-16.3721
-20.1493
-21.2405
-19.8264
-18.3438
-17.5139
-17.1466
-10.3711
13.4767
27.3638
37.0601
44.0163
48.7085
51.0517
51.8584
52.8214
53.6549
53.7325
54.0532
54.9375
54.5945
52.191
50.1259
49.7121
48.3673
45.6081
45.0669
46.7731
46.7118
43.8139
38.5523
32.7047
28.3517
25.2798
22.3114
18.8359
15.4547
13.776
11.9049
8.30831
4.03773
-0.0356463
-1.73915
-0.282205
2.68263
3.56178
2.37453
1.90683
3.48564
4.54137
5.55565
7.21447
7.22878
3.8601
-2.52971
-7.31047
-7.83212
-5.6252
-16.7172
-12.2046
-10.0025
-10.3117
-12.4654
-14.7188
-14.5095
-12.5662
-12.1697
-14.3213
-17.8379
-19.6483
-19.4153
-19.6323
-19.8619
-18.8803
-17.3332
-16.2939
-16.458
-15.8276
-12.9211
-10.8905
-11.6485
-14.4487
-15.7568
-15.1919
-15.5882
-17.0096
-17.4116
-16.23
-14.8649
-13.7548
-13.5793
-14.5269
-16.3713
-18.6306
-21.0177
-23.3141
-23.4066
-21.6369
-21.5065
-22.5673
-20.7174
-17.0673
-14.9597
-15.6097
-18.3615
-21.2915
-22.197
-22.3878
-23.0349
-24.5408
-25.413
-23.6457
-21.1468
-20.1252
-20.7973
-22.3109
-23.5622
-22.98
-18.9317
-14.2208
-11.042
-10.0334
-10.9674
-12.9771
-13.5472
4.45681
20.515
31.6639
37.9147
40.6858
41.1173
42.1862
48.4583
54.4353
57.7063
58.1118
55.7547
51.9027
52.374
56.194
57.383
55.2703
52.185
51.3469
50.8235
48.4112
45.2427
43.4289
42.1995
39.6603
35.0001
29.3099
25.2795
21.9538
18.2621
13.3986
8.12798
3.06708
3.32845
7.74338
11.0119
12.1894
12.1824
12.0975
11.9048
10.658
8.21465
4.20105
0.325449
-1.68556
-1.28022
0.572531
2.62839
3.34711
3.45111
5.96949
-15.7169
-17.8657
-18.4398
-17.104
-15.2256
-15.1012
-16.9591
-18.926
-18.7558
-18.5244
-19.6272
-20.8663
-19.4299
-17.2689
-16.7618
-17.669
-19.3053
-20.6297
-20.0747
-17.7787
-15.5331
-14.5095
-15.3403
-17.4221
-17.6922
-15.8435
-15.0486
-15.1135
-14.3991
-13.6016
-14.0225
-14.8558
-15.0729
-15.459
-16.7608
-18.7925
-21.1708
-23.0039
-21.9914
-21.263
-23.2771
-24.653
-21.4006
-18.6365
-19.1649
-21.4637
-21.8523
-20.3832
-19.979
-20.8708
-21.7635
-22.0888
-21.2621
-19.4879
-18.1346
-17.1817
-15.9492
-15.5079
-16.315
-16.2376
-15.1271
-15.4104
-17.273
-18.2394
-17.3661
-16.6862
-12.4964
6.6311
23.3568
34.3488
39.854
43.5406
47.3745
51.1213
54.3248
57.0761
58.0692
56.4506
54.1983
55.4443
57.2247
56.8831
56.3227
56.5771
55.566
52.6534
50.8443
51.533
51.6137
49.0004
43.6413
38.0927
36.7214
36.1749
33.897
29.3612
23.054
15.2959
9.54402
6.38556
8.9946
13.6264
15.5311
14.1822
11.5681
11.9106
14.0881
15.2534
14.6862
12.5022
9.35482
6.02576
4.09767
7.35741
11.7028
13.3076
12.7726
11.5262
-17.0892
-18.817
-21.4931
-22.7039
-20.5447
-19.5078
-20.2995
-19.44
-17.1197
-15.3198
-15.1138
-16.9057
-20.1286
-21.3849
-19.5302
-17.8775
-17.8277
-19.7802
-23.739
-27.1404
-27.195
-23.1307
-18.2231
-15.0621
-14.8823
-17.1799
-20.2392
-22.3625
-20.9319
-17.3792
-15.8472
-17.3551
-21.1359
-24.3943
-25.0942
-23.4226
-20.7223
-19.1924
-19.7005
-22.0477
-24.9182
-26.4478
-26.5716
-27.0307
-29.0992
-32.5563
-32.2039
-26.9238
-21.6051
-18.185
-16.1249
-13.9146
-11.9473
-11.1552
-11.9485
-13.9158
-16.6965
-18.8337
-18.8851
-19.1767
-21.5002
-24.8302
-23.6383
-20.6628
-18.4385
-17.6689
-12.5646
6.24118
25.9069
40.2203
50.9985
58.256
62.146
62.7027
61.306
60.5855
61.3884
61.6103
60.5191
58.564
58.0375
60.6221
63.0348
62.7715
60.1706
57.6188
56.2676
54.0029
49.5578
44.7386
41.4854
38.1394
34.3781
31.6619
29.9095
26.5168
21.5806
15.1467
8.74114
7.22194
16.1767
24.1986
27.8812
27.3306
23.3007
19.0226
18.0696
16.7684
13.9559
13.4457
17.0957
20.1745
20.505
17.8816
13.0534
10.8568
14.0618
16.3407
-23.3039
-21.5437
-22.9412
-25.7478
-26.6371
-25.7867
-24.6717
-24.2931
-24.0417
-22.1123
-20.0497
-20.1864
-22.505
-23.2411
-21.8993
-22.5015
-25.4118
-25.8362
-21.6528
-18.4797
-17.951
-18.8704
-18.4539
-15.5403
-13.1089
-13.3563
-16.9662
-22.0726
-21.867
-17.9257
-14.2895
-12.4553
-12.521
-13.4795
-14.4311
-15.3103
-16.7134
-18.6982
-21.2013
-22.2485
-21.4631
-22.113
-24.6581
-26.5984
-26.6412
-26.606
-26.207
-23.6744
-20.7919
-19.6327
-19.2074
-16.4063
-12.8947
-11.677
-13.3826
-17.6687
-22.7379
-25.1779
-22.2608
-18.0177
-15.915
-15.9795
-16.4242
-15.7577
-14.7816
-13.3971
-9.58624
6.14379
21.5552
33.9375
42.5125
47.9147
50.1152
51.4441
56.3926
61.6743
63.6015
61.9085
58.4436
58.8937
61.9099
63.4592
63.656
63.985
63.301
60.0372
55.7632
54.9325
54.762
51.6142
45.0471
38.8306
37.7007
36.5602
31.9435
23.9769
16.4142
14.3219
13.5661
12.7606
15.5007
20.3673
22.5676
21.3915
18.7076
17.9649
17.9406
17.6891
20.4724
24.8418
26.7159
25.1039
20.1657
12.6413
3.98794
-2.37596
-2.73292
-1.88584
-24.9903
-23.781
-21.0534
-18.3967
-16.8162
-16.7414
-18.0958
-19.9585
-20.9744
-21.8346
-23.3209
-25.2421
-24.3217
-20.1016
-17.0171
-17.1506
-20.4239
-24.5676
-25.4348
-24.8107
-24.1816
-22.3566
-19.7177
-17.7759
-17.2219
-18.2423
-20.0992
-21.6821
-22.0912
-21.0169
-20.1283
-20.6829
-22.151
-20.9219
-15.7686
-12.2978
-12.6565
-17.2339
-25.2418
-28.426
-25.3115
-24.0346
-25.2999
-26.4414
-23.3522
-20.3593
-20.5551
-23.9534
-27.9501
-28.6798
-28.0159
-24.3151
-18.3796
-14.0494
-12.502
-13.1284
-14.3099
-14.2
-13.6971
-14.4143
-16.4653
-16.9796
-14.5128
-12.5785
-12.7249
-13.5415
-11.47
2.5109
18.757
30.0007
36.7417
41.7416
47.9686
53.7843
58.9208
64.2173
67.8839
68.7939
67.5275
66.2718
66.3805
67.3021
68.6222
68.4618
65.3981
59.9213
55.8755
54.2351
51.7756
48.1208
44.2036
39.9049
35.4939
31.4732
27.4288
22.0031
14.2154
9.73393
9.42359
10.2259
12.4153
15.6236
17.0312
15.9783
12.8607
9.73435
9.77359
14.9724
22.0086
26.6762
27.901
25.5394
19.5837
10.9627
2.15977
-4.36032
-5.72171
-3.183
-19.8806
-18.6659
-18.1551
-18.4188
-18.8211
-17.638
-16.5517
-17.054
-18.1407
-18.2712
-18.6057
-20.2649
-21.4578
-19.7559
-17.4183
-16.2777
-15.5774
-14.5645
-14.7358
-16.927
-19.3625
-19.0382
-17.2135
-15.6004
-15.2197
-16.5982
-19.389
-21.0877
-21.5183
-21.5372
-20.9228
-20.5786
-22.3377
-25.9021
-25.4779
-19.4188
-14.7212
-13.5782
-16.4305
-23.6103
-33.6389
-37.7023
-31.1655
-22.262
-17.0003
-16.0461
-18.9323
-24.0012
-26.7004
-26.3593
-23.2331
-18.1262
-13.8681
-11.6432
-11.7725
-14.0371
-17.1424
-18.6308
-18.4977
-17.7195
-15.6883
-14.1962
-14.9419
-16.6481
-14.3621
-10.7253
-9.89617
-4.43169
12.7763
27.1203
37.6369
44.6493
48.4706
51.0478
55.304
59.5738
61.6741
61.1467
58.7544
57.8169
61.4186
64.9513
65.1896
61.9424
56.4617
51.8891
50.2335
50.2567
50.0591
47.2939
41.386
34.4727
30.6948
27.0295
20.7591
13.2862
9.90414
8.22579
5.9197
4.53052
8.28102
13.0719
15.0124
13.6504
10.4415
8.49217
9.18183
10.6334
11.6501
11.2079
10.3367
10.6811
10.5343
7.3474
0.511818
-6.64068
-6.02301
-3.69512
-18.6926
-19.3541
-18.3516
-17.2192
-17.7385
-19.2734
-19.9643
-19.9928
-19.9769
-19.7656
-19.9751
-21.8902
-24.6036
-23.7085
-19.2366
-15.7336
-14.7825
-16.3458
-18.4022
-18.723
-18.8968
-19.8658
-19.4527
-17.4659
-15.9898
-15.1336
-14.4425
-13.6027
-13.1272
-13.6814
-15.7579
-19.3551
-24.3058
-30.3279
-29.4575
-20.6382
-14.0795
-11.9645
-14.2036
-20.7474
-29.7473
-31.8978
-26.2426
-17.2995
-11.1616
-8.8256
-9.74769
-12.1617
-13.8621
-15.6283
-18.6292
-21.7689
-23.5971
-23.8298
-22.4658
-20.2375
-18.9322
-19.6202
-21.8854
-22.3602
-19.1453
-16.7012
-16.3984
-16.2317
-13.544
-11.3422
-10.9274
-2.19926
13.2026
22.8119
28.907
31.3673
32.8097
36.2481
44.0907
50.7939
53.6608
53.3837
52.8207
55.1496
56.8588
55.7642
52.3361
48.3861
45.4604
43.8247
43.1547
42.177
39.4292
34.8852
29.9287
27.0668
23.9536
18.5825
12.202
9.46624
8.48192
4.04119
-0.393668
-3.77196
-2.26725
2.57053
4.81152
3.69927
1.31809
3.14128
6.67002
8.3844
8.5115
7.72701
6.42827
4.33732
1.39733
-2.39818
-6.26789
-7.87172
-7.13911
-7.62746
-18.1956
-18.7249
-17.7333
-15.6507
-14.3423
-14.0863
-13.9749
-13.3344
-12.5698
-12.4635
-13.6957
-15.8983
-18.0611
-19.7816
-21.2387
-21.416
-20.8805
-19.4058
-15.7305
-12.2911
-11.2557
-12.1447
-13.6204
-15.5693
-18.571
-20.9906
-22.1178
-23.0579
-24.086
-25.2385
-27.0728
-28.6435
-26.1995
-21.0969
-17.6485
-15.967
-14.9072
-14.9799
-16.749
-18.9202
-19.1783
-19.2116
-19.8332
-19.6647
-17.4546
-15.9053
-16.2273
-16.6313
-15.0164
-13.2032
-13.2936
-14.9472
-15.8734
-15.2121
-14.3698
-13.5776
-12.7854
-13.2787
-14.5247
-13.866
-11.3088
-9.08854
-8.4034
-9.9053
-13.5861
-18.1645
-19.9835
-8.76816
8.33538
20.6238
27.8761
31.8196
33.93
36.931
42.5819
47.0577
48.8068
48.1929
46.3988
44.3884
43.504
44.2826
45.6208
46.4836
45.7782
42.7781
37.6203
32.7145
29.8945
27.4113
24.8014
22.8463
19.4948
14.8525
10.4943
7.07699
2.22798
-7.51201
-11.6422
-9.05046
-4.23917
0.00948335
2.95604
3.65621
1.37201
-3.66778
-8.05167
-6.17364
-1.10165
2.71394
3.95506
2.57643
-0.690617
-5.24228
-10.1463
-12.1972
-9.29572
-5.87399
-17.5273
-20.2806
-21.9237
-20.654
-19.0774
-18.0997
-17.5825
-17.5368
-16.556
-14.4497
-13.484
-14.1858
-15.3812
-16.4491
-17.1579
-16.9851
-16.5034
-16.5044
-16.5058
-16.5187
-16.8227
-16.8353
-17.5445
-18.4351
-16.8193
-14.8264
-15.5255
-18.7196
-20.9437
-20.8113
-20.6653
-18.7251
-13.5578
-8.86547
-7.17567
-7.79991
-8.44532
-8.20062
-8.49353
-8.94389
-7.56706
-5.35242
-4.75131
-6.82443
-10.8356
-13.5486
-14.8224
-17.9811
-21.9677
-20.695
-15.5832
-10.911
-8.47063
-8.58633
-10.8085
-13.7392
-15.118
-14.543
-13.3257
-11.6246
-10.1424
-10.0094
-11.7409
-13.9894
-14.798
-14.5518
-14.3381
-8.70141
4.29617
15.4382
23.1267
26.9761
28.9197
32.5763
38.3412
42.3927
43.2295
41.4471
39.6449
40.3503
40.7861
40.4894
40.7748
41.1305
39.7472
37.055
33.8566
31.0278
28.1035
24.3522
19.8825
16.2272
11.7277
6.46555
2.86141
1.38774
-0.900735
-5.42729
-5.56577
-3.75988
0.457448
4.51568
6.5899
5.82191
1.98381
-3.73042
-6.10683
-3.4045
-1.17324
-0.392166
0.411742
1.91858
2.45594
1.15898
-0.86966
-3.01487
-6.48041
-11.551
-12.6078
-15.5343
-14.3199
-12.9108
-13.2071
-14.4985
-16.0154
-16.9359
-15.7225
-14.1634
-14
-13.8342
-12.2279
-10.8552
-11.4707
-13.8917
-16.389
-16.2265
-14.3881
-12.9248
-12.1266
-12.2158
-13.9566
-17.5459
-20.4191
-19.7868
-18.4873
-17.3445
-15.8086
-15.4228
-16.8131
-17.666
-16.0534
-14.5729
-14.1469
-13.7432
-13.1667
-13.1818
-14.2381
-15.2932
-15.716
-15.7036
-15.2989
-14.0863
-13.1743
-14.0072
-16.7626
-19.2326
-19.8284
-20.5454
-21.3032
-21.0443
-20.7805
-21.0993
-20.2766
-17.7346
-15.0086
-13.2542
-13.3621
-15.6585
-19.3387
-20.9962
-18.7228
-16.2731
-15.9112
-17.0737
-17.1104
-8.71452
7.2837
18.6848
26.2293
31.0493
34.9039
37.5331
39.7376
41.3528
41.7139
40.3087
38.0008
36.7639
37.3962
38.851
40.1285
41.0114
40.1607
37.3733
34.3484
33.0413
30.9345
26.1309
19.315
13.94
12.2461
11.285
8.38574
3.62123
0.2768
-1.02763
-0.862484
0.891618
5.52442
9.43847
10.9331
9.93606
6.58944
2.087
1.04484
3.53544
4.34158
2.12022
-2.60759
-6.48639
-5.85663
-4.18724
-3.90973
-4.90745
-6.79409
-9.78123
-16.2855
-18.0793
-18.4491
-17.6423
-17.1981
-18.2306
-19.2553
-15.303
-9.87023
-7.01717
-7.05722
-8.92811
-10.2754
-9.83102
-9.04766
-9.53851
-11.6862
-13.7499
-13.6653
-13.5771
-14.4914
-14.5026
-12.569
-10.9704
-10.8125
-11.9334
-13.6687
-14.7947
-15.4722
-15.3575
-14.4747
-14.0347
-14.5432
-14.2676
-12.4135
-11.2498
-12.3235
-14.9128
-15.4497
-14.3257
-15.2042
-17.0856
-16.0236
-13.9972
-14.1011
-16.1771
-18.8795
-20.1572
-19.1522
-16.0378
-13.2497
-11.9084
-12.1772
-14.1698
-17.5395
-20.6827
-20.7109
-19.444
-15.7886
-11.6858
-9.84825
-10.9781
-14.2583
-16.7835
-17.1754
-18.0975
-18.5866
-11.4854
-2.2085
8.75834
17.5204
23.4889
26.5229
27.2637
28.4859
31.229
33.0783
33.0711
33.0955
34.2169
35.6948
36.9846
38.0274
38.0239
36.2932
33.243
29.9141
28.488
27.8818
26.0272
23.1288
21.6599
19.5696
16.3416
12.1372
9.34085
6.32609
3.81894
3.6312
3.03987
1.85337
0.643586
1.15944
1.24507
-1.03283
-4.69119
-5.01231
-2.5956
-1.35426
-2.22205
-4.45357
-6.04207
-5.43542
-4.95778
-5.91049
-7.02439
-7.75882
-9.65125
-16.0887
-18.822
-20.4485
-20.0349
-18.6065
-16.2354
-14.6854
-14.7193
-14.7199
-13.5537
-13.0022
-14.3136
-16.7588
-18.1467
-17.5989
-16.8333
-16.3089
-15.7092
-14.3461
-13.4938
-14.0708
-14.678
-14.0355
-13.5502
-13.8013
-13.8928
-13.9267
-14.9936
-16.2122
-14.0317
-10.3418
-9.03715
-10.4734
-12.052
-10.3877
-8.63908
-9.44364
-12.6847
-15.4292
-15.7265
-15.4682
-14.9846
-14.2242
-14.6078
-16.2247
-17.3187
-16.5478
-13.8644
-10.1389
-7.58518
-7.58628
-10.0745
-13.3925
-15.2937
-17.0836
-19.6891
-21.444
-19.7843
-16.3876
-14.3789
-14.428
-15.7864
-17.4877
-19.6052
-21.4394
-19.9445
-17.1806
-11.9687
0.789286
10.6622
18.2084
22.6405
26.3958
29.9123
34.2127
37.4512
38.8842
39.1692
38.7437
36.9283
34.33
34.9666
38.4247
40.7133
41.144
40.5743
39.1338
35.7839
29.7823
24.3117
23.4043
23.5611
21.639
17.7963
12.8058
9.11554
6.18837
2.20051
-0.40066
-2.04667
-3.446
-4.09891
-3.03559
-1.63329
-2.16664
-4.3895
-5.04134
-3.36879
-2.59368
-3.5349
-5.09996
-5.75759
-6.54397
-8.60509
-11.382
-12.27
-10.8548
-9.62709
-18.6512
-19.5974
-19.3182
-18.8317
-18.4474
-17.7666
-17.9796
-19.9913
-22.0152
-20.7321
-17.3528
-15.0405
-15.1581
-17.3217
-18.1379
-16.09
-14.3351
-14.4096
-16.2138
-18.6231
-19.5159
-18.7902
-17.7583
-16.5682
-16.1929
-16.7688
-16.7858
-15.3486
-14.227
-14.2188
-13.3355
-10.5107
-8.26693
-7.60248
-7.28681
-6.43541
-6.25677
-8.06355
-11.9619
-16.2407
-17.0317
-15.5515
-15.4667
-17.7583
-21.8261
-24.8612
-23.7383
-19.647
-15.6315
-13.7288
-14.5477
-17.1304
-19.296
-20.6324
-22.9798
-24.7561
-23.1041
-19.845
-18.3454
-18.8384
-19.0602
-17.4678
-16.0515
-16.7252
-19.1942
-19.9909
-16.779
-8.1749
3.33472
13.1655
20.2721
24.7346
26.9299
28.1087
29.5975
31.7422
34.1913
37.549
41.1805
43.2546
43.1104
42.2464
41.8686
42.5193
43.5948
44.6086
44.7099
43.2972
40.3503
35.4393
29.6101
26.4097
25.5091
24.1064
21.9307
19.704
17.2358
14.1318
11.2358
6.70633
1.7343
1.56888
4.72382
4.94594
1.03605
-5.31427
-6.57935
-2.95147
-0.543454
-0.481252
-1.67374
-2.42465
-2.79744
-4.62723
-8.23476
-11.4968
-12.3311
-10.8294
-15.3007
-11.788
-9.56386
-10.7369
-15.3861
-21.4975
-24.6955
-23.6737
-20.4233
-17.1207
-15.2431
-15.2429
-16.814
-18.1571
-18.2024
-18.5699
-19.6654
-20.2702
-19.8443
-19.9989
-21.1892
-19.8609
-15.0615
-11.9065
-11.5431
-12.0865
-10.7961
-8.99799
-8.64243
-9.73599
-11.7064
-13.2317
-12.2448
-9.51579
-7.95012
-8.47226
-10.6894
-12.9462
-13.6561
-13.392
-13.646
-14.3241
-14.9163
-15.7258
-17.1587
-17.4161
-14.7092
-13.0804
-14.7221
-19.0609
-21.1744
-18.6765
-16.5714
-16.2755
-17.1493
-17.8226
-17.3715
-16.6646
-17.1537
-17.9593
-15.969
-12.9001
-11.0833
-11.1806
-13.4405
-17.7096
-17.1647
-4.32878
9.69269
20.9194
29.0191
34.1116
37.4357
39.1141
39.7518
41.2144
44.5953
47.2971
48.0964
47.6552
47.8781
50.0152
52.4229
52.8768
51.1674
48.741
47.1564
45.8042
43.9505
41.0586
37.2695
34.7603
33.477
31.4435
27.2561
20.5711
12.1475
6.89365
7.19555
7.78997
7.86094
10.5563
13.284
12.9196
9.04371
4.0657
3.17846
3.63086
2.51465
-0.507303
-4.57076
-7.24988
-7.07794
-6.53872
-5.75354
-5.50998
-6.622
-9.14373
-18.3523
-15.5076
-13.5261
-14.361
-18.2912
-24.1748
-26.8002
-23.7779
-20.4251
-18.7172
-18.5743
-19.0008
-18.7917
-18.2323
-17.8366
-16.5055
-14.8673
-14.6502
-16.0392
-16.9377
-15.2414
-12.6044
-10.1375
-8.24706
-7.52274
-8.47784
-10.4361
-11.322
-9.83583
-7.71325
-6.79309
-7.25853
-8.37496
-9.43055
-9.92121
-9.40837
-8.50741
-8.72649
-10.6681
-13.4849
-15.6595
-17.0652
-18.2229
-18.4597
-18.4363
-18.1531
-16.1716
-14.7714
-15.7284
-17.995
-18.1767
-16.4371
-15.5811
-15.6767
-14.989
-12.701
-10.5007
-9.59287
-10.4691
-13.2877
-17.687
-19.9727
-17.2298
-14.7484
-14.9329
-16.9769
-15.1501
-4.71898
9.47108
20.6101
28.3341
32.0866
33.2118
33.2523
35.0084
39.5371
44.4366
48.4212
51.4193
52.9631
53.416
54.0508
54.6994
54.2235
53.61
54.5657
55.0677
52.9564
48.2216
43.2145
40.0442
39.7248
40.6245
39.5179
35.0114
27.0315
17.825
13.0177
12.0876
11.7749
11.7242
13.0829
15.1585
16.0006
15.1245
13.2311
11.1277
8.48793
5.08096
1.9806
0.0110519
-0.869311
-1.2498
-1.21163
-0.575946
-0.460352
-1.39286
-3.34322
-19.6976
-21.0217
-20.943
-19.3837
-19.2645
-20.8797
-21.1169
-18.7468
-16.4956
-15.1294
-13.8821
-12.824
-12.0585
-11.9978
-12.941
-14.5275
-15.9776
-17.3161
-17.8603
-15.7846
-12.8977
-11.7374
-12.2475
-12.6258
-11.7106
-11.0813
-12.3116
-14.9655
-16.6157
-15.2408
-13.6491
-13.6813
-14.2135
-11.9729
-8.15859
-6.17123
-6.56949
-8.88616
-12.4463
-16.4126
-18.9158
-18.152
-16.894
-16.6835
-17.4961
-18.4871
-17.6554
-15.5961
-13.5695
-12.241
-12.035
-13.0313
-13.6731
-11.6367
-9.13472
-8.35374
-9.56887
-12.3319
-16.1183
-19.7224
-19.4573
-16.5805
-14.9654
-15.2029
-14.604
-12.5411
-11.191
-6.67864
7.91388
19.7331
27.0804
30.2366
31.3542
31.239
31.3438
34.6648
40.4758
45.0796
47.4671
48.6488
49.9753
51.8878
53.2204
53.1125
52.2614
51.8275
51.2985
49.6213
47.0116
44.4286
42.579
41.8623
41.5903
39.829
35.7005
29.9064
23.3891
16.6547
12.972
11.8844
10.5279
9.74365
11.9537
14.4684
15.9127
18.397
21.9931
23.9412
23.0267
19.3712
13.9887
8.76064
6.68376
6.63744
6.46222
5.09938
2.68117
-0.400998
-10.9739
-10.0009
-11.3245
-14.0012
-16.2119
-16.9657
-16.1701
-15.1778
-15.5036
-17.4095
-19.5607
-18.8776
-14.6567
-10.9836
-10.309
-12.9258
-17.9613
-21.877
-22.0031
-19.8679
-17.4178
-16.3209
-16.3897
-15.6677
-14.4869
-14.4368
-14.9092
-14.2546
-13.5977
-14.037
-14.3415
-13.2075
-11.3321
-9.53966
-8.22311
-8.55153
-11.4715
-17.2237
-23.4329
-26.2779
-23.4485
-18.1373
-15.0184
-14.3005
-14.6441
-14.3661
-13.5133
-12.7728
-11.9789
-11.0735
-11.0618
-13.0569
-16.1702
-14.3313
-8.55337
-5.40328
-5.64187
-8.27344
-11.4397
-13.9915
-16.5172
-18.2818
-18.2073
-15.4172
-12.6214
-12.3255
-14.6666
-11.4577
4.45376
18.5021
26.9149
30.3408
29.8674
27.0397
27.8454
33.8445
39.8668
45.1325
49.3204
51.9871
53.7039
55.3995
56.5961
56.2007
53.8425
50.7698
48.8087
48.0497
47.3221
46.2266
44.7792
43.7546
43.1254
41.8221
38.4577
32.0906
22.7953
13.4821
8.11095
8.53541
16.0435
22.2719
24.5085
23.111
19.2049
16.6889
18.4368
22.4581
25.6056
27.2252
27.5908
26.5456
23.4955
18.4278
13.2776
9.48208
5.80955
1.20952
-9.03414
-10.781
-13.0533
-14.5973
-14.6921
-14.1612
-14.3904
-16.1088
-18.4038
-19.7514
-20.2409
-20.5841
-20.5573
-19.0402
-15.9114
-12.7241
-10.7062
-10.6021
-12.2092
-13.9225
-14.0418
-13.6235
-14.2053
-14.7521
-14.5805
-14.6019
-15.4712
-15.6242
-14.9583
-14.9269
-14.3199
-11.6886
-9.1883
-8.76688
-10.2255
-11.7362
-12.1942
-13.1932
-15.5346
-16.0387
-13.2454
-10.4383
-9.39354
-9.86088
-10.4803
-10.214
-10.3604
-12.0899
-14.4862
-15.242
-14.1429
-12.9778
-12.7729
-12.8698
-12.2379
-10.8268
-9.22115
-8.41216
-8.86228
-10.2885
-11.6762
-12.5416
-12.2326
-10.8318
-9.87376
-10.3699
-11.098
-5.1686
9.56157
21.6755
28.6783
31.3959
31.3939
31.2472
34.4122
39.4725
44.3971
47.8854
49.8694
50.98
52.2422
54.0382
55.3635
55.3075
53.8955
52.2897
51.2938
50.225
48.7387
47.499
46.3918
45.1124
43.8938
41.8877
37.4303
29.7271
18.6205
5.74324
1.2192
12.1893
24.1983
31.2754
33.4498
31.2336
26.0301
25.0046
29.0877
32.1555
33.1472
32.7757
32.1248
31.2305
28.9557
24.4186
19.3722
17.1744
16.3689
14.0393
-14.9941
-14.3158
-12.2255
-11.5312
-12.3194
-14.0462
-16.8941
-20.9151
-22.9209
-17.9386
-11.0763
-7.59089
-7.69602
-10.075
-12.1655
-13.3419
-14.8329
-15.6256
-15.0991
-14.6814
-14.6987
-14.8809
-14.2596
-12.0375
-9.93267
-9.65495
-10.6466
-10.7708
-10.2462
-11.2862
-14.0129
-17.0014
-19.8529
-23.3096
-25.5126
-24.2646
-22.17
-19.791
-16.7097
-13.1279
-10.6474
-10.4375
-12.3445
-14.7075
-15.9476
-16.7161
-16.569
-13.8005
-10.7985
-9.94901
-11.477
-14.4167
-16.3256
-15.7962
-14.7454
-14.7213
-13.9499
-11.5157
-10.4126
-12.1101
-15.3181
-16.4155
-14.6439
-13.1894
-13.3852
-14.7984
-15.0168
-9.67198
6.33353
19.2673
27.2453
30.07
29.1735
26.9102
31.0287
38.486
44.1077
47.2936
48.2663
48.3628
49.6685
52.4908
54.3079
53.6052
50.4114
46.9535
45.7773
45.0541
43.4721
41.4043
39.5371
38.4711
37.9941
36.2668
31.6813
23.3069
12.1679
2.10226
-0.756762
10.7697
24.4395
32.4923
35.5878
34.5967
30.3232
25.6917
25.8123
28.5823
29.5993
28.0407
25.5692
24.5491
23.9293
21.812
18.4805
15.6761
14.7675
14.1018
-7.2226
-7.73145
-7.42301
-7.42588
-9.38849
-12.9267
-14.3573
-11.9082
-10.2692
-10.8302
-12.2308
-12.5285
-11.5159
-10.5119
-10.7954
-12.5684
-14.8945
-16.3582
-16.4885
-15.2372
-13.1388
-10.3264
-7.53461
-6.18414
-6.88813
-9.11075
-11.734
-14.1382
-16.0365
-16.9098
-17.515
-18.8095
-20.0151
-19.6728
-17.6725
-15.7153
-14.1774
-13.3471
-14.0126
-16.4737
-19.5583
-20.995
-19.8686
-18.0063
-17.1541
-15.2947
-10.4185
-6.06608
-4.75903
-6.78534
-11.2974
-15.4189
-17.2968
-19.2091
-19.9554
-17.4606
-13.7016
-10.7767
-9.23591
-9.43032
-11.8673
-16.5785
-21.4336
-21.5245
-18.0005
-15.9286
-14.9478
-7.41173
13.6563
28.6896
38.0565
42.1922
41.8905
37.9822
35.9429
40.4088
44.6783
47.0117
48.4322
49.9508
52.0443
53.7273
53.6189
51.1503
46.835
43.06
41.3737
41.0251
41.6076
42.2704
41.3456
38.3357
34.2498
30.6764
26.262
18.9861
9.67188
0.694534
1.54658
12.0613
24.4963
31.5523
34.3073
33.4443
29.6843
24.8877
21.3878
18.637
15.805
17.3412
23.0395
26.8728
27.7339
25.7031
21.6142
17.8614
16.762
16.1176
-7.06765
-7.90086
-9.3004
-11.5861
-15.0452
-18.2982
-18.73
-16.8078
-15.1761
-15.1279
-16.8504
-19.2641
-20.4604
-19.8757
-17.8318
-15.7005
-14.3503
-12.3132
-8.55813
-5.96776
-5.93341
-7.54193
-8.61534
-9.025
-9.95472
-10.7013
-11.1691
-11.4432
-10.9672
-10.4882
-11.3391
-13.2756
-14.4405
-14.2638
-14.0899
-13.7938
-11.2483
-8.40098
-8.09009
-11.1335
-15.9049
-16.3503
-13.5063
-12.3912
-13.7747
-16.364
-18.363
-20.5704
-23.3046
-23.2995
-19.0344
-15.1483
-12.8548
-11.4171
-10.6539
-10.484
-10.8276
-11.7046
-13.3113
-14.5524
-14.5398
-14.1444
-13.4633
-12.5246
-11.503
-10.7498
-9.2248
-1.89883
14.8257
29.0388
37.8383
41.6687
41.4594
38.2207
36.8891
41.1956
45.7705
48.5656
49.755
50.1581
50.3614
50.254
49.4318
47.6833
44.8292
41.5368
39.5794
39.5483
39.9329
39.6797
38.1468
35.0438
30.6583
26.1776
22.2331
16.9837
9.93428
1.59362
3.13367
18.8337
32.7483
39.8974
41.9829
39.7675
33.6996
25.3769
16.7819
10.3704
11.3197
16.8798
20.6764
21.2765
19.4376
17.4231
16.6517
15.5139
12.9
8.60225
-13.1923
-15.0023
-15.3853
-15.7628
-16.9675
-17.5942
-17.9692
-20.1961
-23.7491
-23.1092
-18.4575
-15.0241
-13.2312
-11.8076
-10.5969
-10.0225
-10.308
-11.4327
-12.7372
-12.9357
-12.0921
-11.1628
-10.5968
-11.0606
-12.759
-14.434
-14.8765
-13.6342
-10.9287
-9.16247
-9.85108
-12.1865
-11.7667
-9.17937
-8.39355
-9.71227
-11.3164
-11.8827
-12.7479
-14.122
-14.6447
-11.692
-8.59622
-8.29521
-10.6098
-12.2786
-11.3777
-11.3856
-13.7421
-16.8358
-16.3504
-11.9823
-8.83869
-8.56332
-10.6538
-12.0564
-9.54108
-6.9314
-6.893
-9.50751
-12.501
-11.2768
-8.59304
-8.24315
-10.6938
-14.3463
-13.7863
0.175746
24.4508
39.8998
48.8078
52.3205
51.2031
45.7639
39.9957
42.7221
47.003
49.2141
49.6122
48.6844
47.6051
48.1102
49.0225
48.0314
44.8005
41.5162
40.5367
39.9815
38.6017
37.6747
37.1712
35.2236
30.6325
23.7501
17.0448
11.005
5.58844
-1.73792
2.88877
18.8252
31.6442
38.7063
40.9791
38.9511
32.6235
22.3441
10.7107
8.48489
16.4862
23.4704
26.8987
27.2482
25.2107
21.6424
17.3724
13.1845
10.2036
7.64937
-9.0045
-8.22755
-10.8354
-15.9378
-20.4277
-22.1701
-22.0497
-19.6093
-15.1929
-11.657
-10.16
-10.7073
-12.2826
-13.0616
-11.3261
-7.65517
-5.22742
-5.35673
-7.89873
-11.0587
-12.0545
-11.1729
-10.6017
-11.618
-13.4036
-14.092
-14.3512
-15.5998
-16.155
-14.4202
-13.4428
-13.9651
-14.2008
-13.3183
-11.8775
-9.38916
-6.7841
-5.88567
-7.12262
-9.29572
-10.4767
-10.6673
-11.0178
-11.8954
-12.5697
-12.0211
-11.1916
-11.5654
-13.1794
-14.6083
-13.7967
-11.1934
-9.79084
-10.7598
-12.8195
-12.8309
-10.3392
-8.18952
-7.52108
-8.37774
-10.423
-12.0917
-11.3413
-9.80579
-10.0585
-12.2356
-11.6628
1.60616
20.8873
36.5022
45.8699
49.7958
49.1667
44.5447
39.5466
41.1587
44.559
46.4341
46.7433
46.6524
47.4106
48.394
48.1248
46.4233
44.0221
42.3874
41.671
41.1009
40.3879
39.8178
38.8754
36.3988
31.5639
25.0101
18.3402
11.8005
5.08609
-2.27667
-1.83183
11.2513
25.7726
35.9197
40.8319
41.0698
36.6175
26.8154
13.5766
11.5887
17.072
20.1426
20.5309
19.8343
19.493
18.3346
14.9732
9.68364
5.10448
2.70004
-15.0964
-12.6378
-11.9055
-13.3067
-15.245
-15.7659
-15.5913
-14.3958
-11.5144
-9.13639
-9.23595
-11.5036
-12.9794
-10.9822
-8.42276
-6.87184
-6.19313
-6.46164
-7.68275
-8.8413
-9.25222
-10.2374
-12.7193
-15.2595
-15.055
-14.3534
-15.846
-19.7696
-21.1159
-15.7331
-10.9881
-8.87646
-8.49075
-8.94157
-10.2374
-12.7951
-15.5081
-16.5645
-15.6988
-13.5673
-11.1483
-9.8287
-10.0542
-11.1039
-11.6719
-11.8578
-12.4402
-13.7609
-15.1485
-15.8437
-16.2514
-16.8924
-16.8637
-15.8605
-15.3769
-15.9574
-16.2764
-15.1825
-13.7391
-13.6306
-15.428
-17.8009
-17.09
-14.3831
-12.9538
-12.525
-9.34299
2.46075
24.2081
39.563
48.6227
52.2539
51.2951
46.0213
38.6029
37.7948
41.8824
44.8247
45.61
45.3239
45.6555
46.3324
46.1737
44.8957
43.0132
41.5821
41.3661
41.7636
41.9487
41.6703
40.4875
37.5809
32.6066
25.8834
18.1222
9.98104
3.0486
-2.95096
3.03257
17.8939
31.5116
39.3423
42.4797
41.4619
36.2815
26.5974
12.3189
3.57593
6.66975
8.1555
7.67225
6.68093
5.85716
3.94728
-0.103711
-5.83473
-10.989
-12.9825
-15.7854
-14.1364
-13.5394
-14.6237
-16.0019
-15.93
-15.5596
-15.8669
-16.2476
-15.8915
-15.5062
-14.8459
-12.3266
-9.62115
-8.80014
-9.76742
-10.267
-9.44092
-9.22853
-10.3507
-11.9638
-13.4676
-14.5342
-14.3529
-13.5949
-13.1897
-13.1955
-13.3631
-13.5631
-11.7452
-8.20222
-5.21832
-4.24203
-5.76181
-9.52348
-13.941
-15.6761
-15.5467
-15.6942
-16.1809
-15.5702
-14.4993
-14.4986
-15.1335
-15.066
-14.8527
-15.4539
-16.6139
-17.1713
-15.4995
-13.3328
-13.0225
-14.8456
-17.1999
-18.1945
-18.1156
-17.2617
-15.2987
-13.0695
-11.664
-11.6346
-12.4754
-13.0572
-13.4676
-14.5674
-15.1729
-11.2555
1.23894
18.0202
31.5039
40.3382
44.6607
44.9168
41.3487
35.0868
33.9869
38.8086
42.3133
43.1742
42.7782
42.3984
42.1317
41.1403
39.4529
37.8818
37.3007
37.3765
37.7363
38.4273
38.8856
37.8883
34.7144
29.1842
22.9955
17.1801
10.4617
4.59315
0.936908
3.67241
16.1738
29.0642
37.3489
41.2124
40.9975
36.6813
27.9097
15.2134
6.50622
6.94579
6.32475
3.50873
-0.0306347
-2.22063
-2.75293
-2.71269
-4.06297
-7.30616
-10.4447
-15.5839
-16.4194
-16.4002
-16.1225
-15.5347
-14.6346
-14.4643
-15.1927
-15.729
-15.2715
-12.8576
-10.3096
-10.1353
-12.1275
-12.1926
-8.96536
-6.13391
-4.80894
-4.95581
-5.90709
-6.77082
-8.05425
-10.8005
-13.3472
-12.0267
-9.15164
-7.63169
-8.23864
-10.9384
-14.3072
-16.1159
-15.9159
-14.7186
-13.8903
-13.9288
-13.6675
-12.4518
-12.1718
-14.0726
-16.493
-15.4956
-12.9841
-12.3671
-13.9627
-15.3125
-14.3888
-12.8137
-11.7158
-10.835
-9.8871
-9.47031
-10.1199
-11.5304
-12.628
-12.9458
-13.1318
-13.7861
-14.7816
-14.7602
-13.9956
-14.0713
-14.6493
-14.1859
-12.7545
-11.3317
-10.7467
-10.5011
-4.62051
10.7081
23.6016
31.8067
35.1773
34.8183
31.5998
27.5959
26.8506
30.9354
34.8404
36.3344
36.0271
35.6543
35.5817
34.7714
33.1966
31.1478
29.7836
29.0973
29.0977
29.1888
28.9771
28.3348
26.983
24.4939
20.3765
14.7561
8.25159
4.3847
1.78371
1.08442
9.52968
20.0984
26.84
29.4209
28.1202
22.9988
14.4956
5.98547
4.30445
5.80025
6.54099
5.53683
3.75931
2.43603
0.849222
-1.84909
-5.41837
-10.0143
-15.2735
-15.5272
-16.3756
-14.7979
-12.2863
-9.57747
-7.9105
-8.24026
-10.0406
-10.7347
-9.08012
-6.36467
-4.2819
-4.26238
-6.77179
-10.4425
-11.9563
-10.9429
-9.11472
-7.71499
-7.6811
-9.09363
-10.9018
-12.2061
-13.6862
-16.0081
-17.4745
-16.2569
-14.8945
-14.8467
-15.3637
-15.8049
-14.2933
-9.73384
-6.15182
-4.8968
-4.32948
-3.44355
-3.56012
-5.93182
-9.39042
-10.8499
-10.1067
-8.97383
-7.56972
-5.96473
-5.30356
-6.01936
-7.76186
-9.99367
-11.5951
-11.0089
-9.39736
-8.61446
-8.36214
-8.16716
-8.35171
-8.92907
-9.59566
-9.99078
-9.14959
-8.03833
-8.78551
-11.5923
-13.2439
-11.5173
-9.94158
-10.2386
-10.16
-0.259131
12.1587
20.9497
24.9597
24.9395
21.435
16.9802
19.227
24.9639
28.9288
31.4872
35.281
39.3661
41.6736
41.5918
39.8174
37.7656
35.8658
33.289
29.8046
25.3042
20.2478
16.9097
17.5877
18.4822
16.8385
11.7292
3.15394
-4.14021
-8.49579
-7.77256
2.87367
14.1673
21.1794
23.8499
22.5395
17.4176
9.42762
2.32684
-0.724706
-2.64823
-3.76838
-2.90484
-1.04507
-0.314065
-1.18707
-2.38394
-3.28149
-5.54154
-9.88158
-17.653
-16.9016
-15.0885
-13.4624
-11.7067
-9.97817
-8.89163
-8.59838
-8.97551
-9.80371
-10.3486
-9.74163
-8.99988
-9.51207
-11.3339
-11.9481
-10.332
-9.36833
-9.93193
-10.7377
-11.496
-13.627
-17.2714
-20.1269
-20.631
-19.0578
-16.6746
-15.6888
-16.2746
-17.1127
-17.1303
-15.8441
-13.3894
-11.7344
-11.5156
-11.7249
-11.2895
-10.1908
-8.54626
-6.85787
-6.21809
-7.09061
-8.39361
-8.29126
-7.17814
-6.8988
-7.6215
-8.60541
-9.56445
-10.7549
-12.0056
-12.3943
-12.1059
-11.8682
-12.0313
-12.1425
-11.9196
-11.1946
-10.0167
-8.39719
-6.80109
-5.99582
-5.77788
-5.45267
-5.6235
-7.26457
-10.0312
-11.8273
-10.6541
-5.47219
1.48533
1.77332
3.35646
8.9877
18.8326
29.5864
38.3762
44.4705
48.5642
51.038
52.4232
52.8662
52.3876
51.548
50.8695
50.2404
48.5051
45.3955
41.2305
36.5282
32.0404
28.638
25.8405
22.5915
17.8695
11.5847
5.05334
-0.618471
-2.73316
-0.161262
8.59977
14.7698
16.8689
15.4597
11.4259
6.26459
0.801445
-3.78702
-4.21016
-1.69505
0.0898375
-0.120617
-1.26843
-1.50075
-1.42655
-2.54447
-5.508
-9.24056
-16.458
-13.8677
-11.8536
-12.1304
-13.6376
-14.2439
-13.8499
-13.4011
-12.6659
-11.4904
-10.381
-9.54222
-8.84059
-8.73017
-10.059
-12.6439
-13.6422
-11.599
-9.26555
-7.98298
-7.80146
-8.85484
-11.0129
-12.4754
-11.9467
-11.0157
-11.1034
-12.4611
-14.3197
-15.3906
-15.4511
-15.1526
-14.0518
-12.9377
-13.4558
-15.6319
-17.2855
-15.9027
-12.8637
-10.5063
-9.27861
-8.95008
-9.57292
-11.2625
-12.2786
-10.3451
-8.3971
-9.0823
-12.1633
-13.8267
-11.756
-9.28868
-7.82109
-7.68108
-9.02748
-10.5179
-9.13737
-6.94422
-6.72916
-8.48104
-10.2953
-9.836
-7.35701
-5.26749
-5.50657
-8.62053
-12.9707
-13.3417
-10.3451
-6.49621
-2.3784
-1.89235
0.330997
8.24768
19.6422
29.5145
37.2049
42.9477
46.9665
49.1339
49.7571
49.6342
49.6694
50.0483
50.2384
49.7017
48.2742
46.2179
44.2591
42.5727
41.0365
39.3411
37.0388
33.5101
28.102
21.3446
14.964
8.99493
4.19098
1.40912
5.85688
11.5623
13.6686
11.8311
6.61453
0.364466
-4.08709
-7.257
-6.55978
-3.60133
-1.92894
-1.48717
-0.867152
0.443182
1.36599
0.58714
-2.64906
-7.82469
-12.5392
-9.94802
-7.64595
-6.63849
-7.09601
-8.21196
-8.23998
-7.40871
-7.59051
-9.04021
-9.98543
-8.6998
-6.90817
-6.67228
-8.39867
-11.2205
-13.5271
-14.7432
-15.0642
-14.5914
-13.3574
-12.4591
-13.2437
-14.9733
-15.3649
-15.0637
-15.8244
-16.9857
-17.1573
-15.9211
-14.4361
-13.6122
-13.0701
-12.2563
-11.748
-12.2635
-13.5286
-14.8625
-15.1767
-13.9775
-11.8589
-9.45167
-8.19995
-9.05225
-11.0114
-10.7029
-8.94172
-8.97365
-11.1813
-13.657
-14.0941
-13.487
-12.5378
-11.7173
-11.8293
-13.3097
-15.2211
-15.6948
-14.7855
-13.8497
-13.2015
-11.5443
-9.98231
-10.4675
-12.9619
-14.5938
-13.4892
-12.3108
-9.94235
1.42127
12.0568
17.9769
20.1316
19.6679
21.0177
26.4743
31.5813
34.6516
36.4175
37.9587
40.0883
42.6549
44.4363
44.6728
43.4975
41.7167
40.0411
39.284
39.4518
40.2006
40.602
39.9595
37.9414
34.9077
31.4487
27.9242
24.676
21.079
17.8698
15.8945
14.7555
13.3042
10.7167
6.84892
2.102
-2.22304
-5.41368
-7.82608
-10.001
-11.079
-10.4949
-9.6987
-9.77901
-10.4041
-10.8234
-10.7378
-10.6035
-10.3906
-10.2597
-8.05627
-7.73359
-9.02327
-10.6891
-11.2054
-10.8169
-10.429
-10.313
-9.36475
-8.25539
-8.65098
-10.6674
-12.4047
-12.6741
-12.8177
-13.315
-14.0933
-15.3999
-16.0584
-15.2289
-14.3514
-13.5316
-11.2166
-8.62105
-7.81225
-8.73172
-8.78043
-6.10667
-3.87384
-4.27506
-7.58312
-11.9514
-12.4682
-10.0709
-8.45845
-8.93834
-11.3711
-13.731
-13.6503
-12.1008
-10.8046
-10.179
-10.6365
-11.7861
-11.5062
-9.52846
-8.21952
-9.09038
-12.1135
-15.0092
-14.4046
-12.33
-11.5912
-12.0827
-12.8791
-13.0929
-12.1074
-10.6897
-10.0182
-10.1401
-10.8775
-12.5845
-15.4979
-16.4336
-14.1617
-12.3064
-11.1514
-5.58787
7.12433
17.6107
22.9936
24.3415
23.1379
24.5555
29.029
31.678
32.4644
33.1734
35.0666
37.6565
40.1051
41.2718
40.9751
40.5832
40.9805
40.7918
39.468
38.007
37.3152
36.711
35.396
32.9105
29.5049
25.3745
20.7442
16.6679
13.4903
12.8276
13.4053
13.9287
13.7723
12.2596
8.99738
4.36245
0.739654
-0.517251
-1.44892
-3.63287
-6.97763
-10.2998
-12.1643
-12.2427
-11.5013
-11.5812
-12.7585
-14.3917
-16.1327
-12.436
-13.0572
-13.0912
-11.9517
-10.3265
-8.73868
-8.36482
-9.74944
-11.1141
-9.55644
-6.90072
-5.50523
-5.49422
-6.4847
-8.62471
-12.2499
-16.2365
-17.4028
-15.2354
-12.2327
-9.81772
-8.83632
-9.16063
-9.485
-9.35942
-10.0618
-11.203
-10.0403
-7.86765
-7.25839
-8.21386
-9.6656
-10.4851
-10.0248
-8.70177
-8.53533
-10.5014
-13.4771
-13.479
-10.8018
-9.0245
-8.62919
-8.3738
-7.91432
-8.00748
-7.7001
-6.53144
-6.10769
-7.29255
-8.38513
-8.16075
-8.36867
-10.1368
-12.8976
-15.0882
-15.1764
-14.4988
-14.4551
-14.2653
-12.4651
-10.3668
-9.96817
-11.2988
-12.8115
-12.7724
-12.1775
-10.9538
-7.47417
0.95294
11.5004
19.8745
23.6471
23.6377
21.6246
25.346
31.6233
35.3403
37.5
39.6407
41.3417
42.7387
45.0824
47.4017
48.0529
47.2258
46.0484
44.9098
43.4575
41.7754
39.7742
36.5582
31.9516
27.3042
23.3398
18.7659
12.7459
7.96869
5.14567
2.97469
2.18672
5.95509
10.5056
12.192
10.4161
5.49643
-0.820742
-5.74123
-7.67925
-6.89176
-5.97436
-6.53426
-7.79382
-8.87155
-10.3276
-11.7928
-11.3278
-10.573
-11.7202
-8.97226
-10.2819
-11.5394
-11.976
-11.7749
-12.1417
-13.5707
-15.2877
-14.8413
-10.2167
-5.275
-3.04058
-3.72776
-6.46856
-9.34497
-11.3094
-13.0589
-15.1261
-17.0714
-16.3372
-13.4198
-10.9247
-9.81992
-9.66696
-9.94349
-10.6635
-11.9154
-13.1441
-13.3409
-12.4934
-11.5794
-11.5438
-12.0584
-11.8057
-10.4525
-9.80744
-10.2012
-10.2672
-10.0689
-10.2644
-10.4778
-9.47624
-8.23117
-7.90878
-8.93321
-10.4179
-9.51517
-6.88196
-5.30953
-5.62089
-7.28511
-9.54703
-11.9183
-14.2409
-16.4832
-18.1326
-17.9108
-16.21
-14.2748
-12.4392
-10.6518
-10.0537
-11.5983
-14.8126
-15.6962
-11.6254
-7.61637
-4.77621
0.171795
6.49578
11.7283
14.1769
15.5145
19.1365
27.6225
34.0556
36.9791
37.6774
37.7823
38.0664
39.4246
42.2535
44.8637
45.7879
44.8727
42.7396
40.4246
38.5869
36.9566
35.1492
32.7291
29.4385
24.8942
19.4418
13.4684
7.72134
4.6453
1.29251
-1.41079
-0.192097
8.83529
15.1057
17.0477
14.9251
9.23369
2.36257
-1.43807
-2.23326
-2.30595
-2.61709
-3.16895
-4.10937
-6.03675
-9.06016
-12.1331
-12.4546
-9.76793
-7.57327
-8.8496
-10.8145
-12.1306
-11.4883
-10.3814
-10.1501
-10.9344
-12.3444
-13.8715
-13.8395
-12.0021
-10.8943
-11.2854
-11.4656
-10.3562
-9.24648
-9.22237
-10.3833
-11.9355
-12.2511
-10.9466
-9.63418
-8.82769
-7.86901
-6.65443
-5.57207
-5.60679
-7.22943
-9.54128
-9.84986
-7.97283
-6.47085
-5.88562
-6.47858
-8.52011
-12.1537
-16.8494
-20.6088
-19.8822
-13.6473
-7.35163
-4.19678
-4.12898
-6.18304
-8.96867
-11.7686
-12.3583
-8.47167
-5.06442
-4.57789
-6.43327
-8.53569
-9.66531
-11.089
-12.8784
-13.8364
-14.2645
-15.0101
-15.9708
-16.1257
-14.5238
-13.2891
-14.3924
-15.9868
-13.251
-9.13646
-6.84119
-5.37947
-1.15965
3.10661
5.10902
2.53027
-1.11335
0.947634
7.75634
13.0753
15.4916
16.5083
19.143
22.0964
24.8042
26.8551
27.7733
27.3394
25.6593
24.1169
22.6866
20.5142
17.4709
14.851
13.3649
12.3145
9.06837
4.63493
-1.28312
-5.99526
-6.84896
-10.8584
-9.81385
-4.63807
4.5836
12.2408
15.9055
15.3784
10.5274
1.3449
-7.72988
-9.23278
-7.09082
-5.20229
-4.73811
-5.81827
-8.08918
-11.0456
-13.8092
-14.8688
-14.7674
-14.4598
-15.7552
-14.0359
-11.0877
-8.77644
-8.20298
-9.55239
-12.4868
-15.4552
-15.9757
-14.6429
-13.859
-13.9294
-13.2365
-10.8039
-8.44293
-7.56954
-8.24623
-9.32917
-9.38729
-8.54457
-8.08773
-8.45223
-8.06122
-6.69361
-6.4574
-7.86381
-8.7526
-8.07772
-8.16446
-10.1046
-12.3071
-12.8646
-12.672
-13.0991
-14.0133
-15.1277
-17.0118
-18.3829
-16.1664
-12.4875
-9.65183
-7.98644
-7.67652
-8.88729
-11.3033
-14.2193
-16.1965
-14.3361
-10.4603
-7.6014
-6.07703
-5.82458
-7.2292
-10.3164
-13.5414
-14.433
-13.8069
-13.8437
-15.1222
-16.8152
-17.2422
-16.5783
-15.652
-14.0378
-12.6247
-12.9187
-13.7108
-8.49611
0.76146
6.1747
7.54875
3.96896
-2.54346
-5.35831
-6.81447
-7.74926
-8.4935
-7.35053
-1.41665
-0.760762
1.8122
4.99143
6.73755
7.9185
7.15832
6.57849
4.22492
3.59366
4.57073
4.24796
0.707497
-2.61818
-6.16438
-7.44295
-10.3391
-13.1079
-10.1526
-12.9809
-11.3484
-5.8967
3.68888
10.3126
12.9713
11.8813
7.32993
0.395967
-5.44519
-8.0649
-8.05455
-6.49646
-5.44324
-5.85905
-7.67443
-10.3202
-12.9042
-13.7246
-13.1258
-11.8387
-5.88685
-7.40626
-9.40893
-10.7445
-11.6077
-11.9469
-12.5297
-13.6431
-13.258
-11.2107
-9.97895
-10.4105
-11.6785
-12.7637
-14.0615
-16.071
-16.9152
-13.9387
-10.8532
-10.2364
-11.924
-13.9912
-13.3948
-11.1637
-9.68734
-9.15934
-7.89747
-6.44168
-6.47965
-7.91685
-8.99397
-9.25941
-10.3339
-12.465
-14.284
-14.4398
-13.0812
-10.6674
-9.13805
-10.0291
-12.5369
-12.7037
-10.8564
-10.8764
-13.0684
-14.4506
-13.2329
-12.1659
-11.9613
-11.9638
-12.0773
-12.5039
-13.1176
-14.2077
-15.956
-16.4269
-14.3585
-11.9415
-10.7727
-10.8394
-11.3904
-11.5341
-10.0661
-7.50669
-6.16826
-6.83987
-8.80724
-6.62104
1.85919
7.39117
8.90868
5.72462
0.360403
-1.60265
-1.71606
-1.26253
-1.90801
-3.76471
-1.83387
-3.99322
-4.9826
-5.81393
-6.84183
-4.4043
-7.25511
-4.99562
-7.84786
-9.19931
-9.24358
-8.76336
-11.8175
-11.2034
-14.1276
-13.0279
-11.8895
-10.8821
-8.70474
-12.9312
-13.1254
-10.0391
-2.8788
2.56759
4.92286
4.31169
1.30004
-2.81541
-6.48734
-9.22313
-10.0387
-7.59362
-3.74793
-0.694819
0.142561
-1.69386
-5.56942
-9.33227
-12.1046
-14.2278
-10.8622
-11.083
-11.4097
-11.4831
-10.9236
-10.0962
-10.069
-10.7163
-10.691
-10.0031
-9.0785
-8.51644
-8.79194
-9.76976
-10.8427
-11.6382
-12.0796
-11.602
-11.3478
-12.5332
-14.5
-15.5104
-15.0088
-13.1857
-10.8423
-9.26039
-7.82049
-5.84089
-4.57055
-5.32636
-8.43857
-13.2163
-16.9477
-16.5443
-14.9766
-14.2086
-13.5305
-11.6977
-9.88481
-9.32331
-9.74885
-10.2951
-10.7665
-11.1676
-10.9366
-9.68278
-7.80006
-6.73539
-7.4886
-10.0422
-13.6423
-17.3051
-18.8795
-17.0046
-15.4531
-14.8283
-13.5012
-11.632
-10.3297
-9.58926
-9.16183
-9.26903
-9.46284
-8.97806
-8.62591
-9.49784
-10.7292
-8.78438
-2.22815
2.92889
4.97523
2.18567
-2.39816
-3.56932
-3.11769
-1.53255
0.584309
2.6565
5.56379
5.31101
3.9559
1.80394
-1.30824
-2.41678
-7.7652
-7.31553
-11.6328
-12.7213
-12.7942
-10.4543
-11.0566
-7.55613
-7.6859
-6.54025
-6.57528
-7.92071
-8.53841
-13.8344
-12.6781
-9.95967
-3.08158
2.1949
3.92908
2.07211
-2.90945
-8.76142
-12.0258
-13.0818
-13.2132
-11.211
-8.47348
-7.69071
-9.17108
-10.7265
-10.3991
-9.88472
-10.2532
-10.4294
-14.2695
-12.4298
-11.6543
-12.0518
-12.2792
-11.8537
-11.6093
-11.9712
-12.5477
-12.5873
-11.9707
-11.8478
-12.5963
-12.1494
-9.95238
-8.35199
-8.85864
-11.4759
-15.5481
-19.2267
-19.8532
-17.9061
-15.2865
-13.1378
-12.4668
-13.653
-14.6856
-10.8095
-5.76196
-3.73644
-4.90123
-7.40784
-8.89822
-10.1597
-11.6545
-11.0242
-8.86153
-7.90443
-9.05054
-11.3157
-12.1892
-11.3482
-10.0963
-8.73091
-8.03764
-8.61314
-9.39096
-9.26986
-9.34152
-10.4198
-11.8422
-11.8789
-9.92113
-8.15051
-8.38992
-10.6564
-13.0098
-13.0443
-11.7917
-11.3822
-12.6288
-14.1313
-13.5259
-11.9635
-11.4003
-11.5447
-10.6046
-8.8301
-7.07589
-4.76465
-1.92119
-4.55858
-6.31688
-4.62829
-4.02579
-2.81094
-0.634582
1.3786
3.99993
4.26214
4.67632
3.8819
2.28329
2.80073
0.538555
-0.57125
-6.45566
-9.79034
-8.37966
-6.52611
-8.18569
-7.77336
-10.3457
-9.93674
-10.7631
-11.982
-10.6474
-15.312
-11.9982
-8.15239
-4.05581
-1.08377
-0.557782
-2.39538
-5.10002
-7.61956
-11.2021
-15.0378
-14.9432
-12.7414
-11.7101
-12.2598
-12.6659
-12.2099
-11.8966
-11.0885
-9.7779
-9.5129
-16.8008
-15.8987
-12.8317
-10.2514
-9.30327
-9.60376
-9.86104
-9.33244
-8.46179
-6.79913
-5.05478
-5.12428
-7.72711
-11.3377
-12.386
-11.1466
-10.4804
-11.3956
-12.9461
-13.72
-14.1027
-14.4823
-14.1997
-13.7224
-14.0938
-15.3372
-16.0117
-14.2954
-11.8659
-11.1642
-11.9098
-12.0344
-11.3648
-11.9008
-13.7586
-14.8436
-13.8579
-12.0393
-10.1097
-8.53783
-7.87318
-8.31264
-8.69536
-8.34712
-8.50338
-9.28554
-8.83991
-7.69422
-8.16803
-10.4397
-12.9125
-14.2901
-14.6742
-14.1852
-12.8655
-11.6743
-10.4749
-8.9368
-8.1829
-9.3166
-11.8348
-13.0151
-11.3627
-9.85321
-10.3658
-11.9109
-11.0872
-8.24834
-5.21832
-3.13288
-1.39476
-4.07832
-5.49887
-2.4356
0.168249
4.18918
8.73948
11.3694
11.9829
9.97993
7.99696
7.00026
5.822
4.86809
1.16511
-0.590757
-3.65468
-4.37136
-5.10559
-5.43821
-7.02766
-6.00019
-8.49855
-9.94692
-12.3728
-12.7754
-9.45967
-11.7851
-10.6822
-9.60215
-6.04109
-2.70297
-1.67365
-3.08829
-5.70307
-8.45596
-11.8663
-14.0203
-12.5316
-10.6477
-9.62658
-8.52158
-7.84924
-9.01996
-12.2546
-15.4176
-15.6525
-15.1428
-19.2784
-17.0855
-14.3761
-13.6044
-13.7967
-13.906
-14.778
-15.7939
-13.078
-9.19494
-8.05645
-10.1088
-13.7946
-15.7643
-15.5388
-14.6651
-13.031
-10.9894
-9.48163
-9.19742
-10.4842
-12.9465
-14.6531
-14.41
-13.6853
-13.7253
-14.1593
-14.4165
-14.2137
-12.9389
-11.3695
-10.7161
-11.2124
-12.0997
-12.1673
-11.2411
-10.2116
-10.1783
-11.0398
-12.0908
-13.1845
-14.3578
-15.1759
-15.1031
-14.6882
-12.9548
-9.34854
-6.26496
-5.30508
-6.69207
-10.0739
-14.4174
-16.6024
-14.5583
-11.5679
-10.0093
-9.49664
-8.67337
-7.51221
-7.63815
-10.1303
-14.2133
-15.8602
-14.8942
-14.8934
-15.958
-15.408
-10.491
-2.52833
3.05883
6.33949
7.34764
9.7845
12.414
14.9065
19.7408
25.0804
27.9383
27.8903
25.8846
24.0607
23.4095
22.6601
21.538
19.3514
17.1859
15.2204
14.1131
13.4177
12.6279
10.3867
6.33847
-0.2593
-4.92035
-8.53153
-10.4366
-8.82493
-11.3667
-10.8809
-9.95305
-6.50764
-3.02344
-1.20793
-1.86836
-4.98074
-10.1122
-15.386
-14.5847
-10.5499
-7.62108
-6.18745
-5.90229
-6.85289
-9.13073
-12.1279
-15.0292
-16.0781
-15.0193
-15.9879
-14.1761
-12.4832
-12.6441
-13.9644
-15.0732
-15.8872
-16.3474
-14.8832
-12.3243
-11.3079
-12.5027
-14.5173
-14.9004
-13.655
-12.2454
-11.5075
-11.4356
-11.1075
-10.5689
-11.2641
-13.6849
-15.8644
-15.5703
-13.6755
-11.7406
-10.9693
-11.3661
-11.5934
-9.86604
-7.57022
-6.43929
-6.82392
-8.32495
-9.71791
-10.1954
-10.2407
-10.4361
-10.0658
-9.66974
-11.0898
-14.9836
-19.9156
-20.6142
-16.1064
-11.6783
-9.20873
-8.57157
-8.87086
-9.36002
-10.5243
-12.8136
-14.1417
-12.3099
-10.483
-10.2395
-10.0506
-8.72307
-7.9126
-8.67047
-10.4645
-12.2331
-13.3448
-13.824
-13.7945
-13.2703
-11.7845
-8.09176
-1.83321
2.54568
5.10441
6.4584
10.2989
14.7272
19.998
26.298
31.1254
33.0016
32.1783
30.1122
28.8872
28.539
28.1231
27.82
27.1099
25.9432
23.9092
20.9947
17.6156
14.9313
12.5622
9.98094
7.03514
4.39873
0.5906
-4.39698
-5.43204
-7.79252
-8.51645
-9.6836
-7.32982
-3.94801
-2.81244
-4.4531
-7.63462
-10.1764
-12.1964
-14.0647
-14.8212
-13.9141
-13.3634
-13.5087
-13.4105
-12.7175
-12.2528
-12.7862
-13.8072
-14.6896
-10.4877
-10.5541
-12.3961
-14.7871
-15.8184
-15.6126
-15.7731
-15.8842
-15.3346
-14.6673
-14.1156
-13.798
-13.9326
-14.3333
-14.1439
-13.1756
-12.3442
-12.1822
-11.9935
-10.988
-9.7348
-9.17872
-10.0277
-12.0519
-13.604
-13.7188
-13.4382
-12.5449
-11.0517
-10.5141
-11.6174
-12.5953
-11.6703
-10.1179
-9.61306
-10.762
-12.7961
-13.4456
-12.1182
-11.2622
-11.751
-12.6956
-12.3895
-11.0119
-10.2564
-10.9786
-12.5616
-13.0667
-12.2729
-11.7985
-12.2121
-13.1308
-13.4371
-12.2971
-11.1474
-11.4294
-12.6718
-13.2026
-13.3909
-13.7816
-13.4652
-12.6487
-12.6842
-14.0124
-15.171
-14.5274
-12.5616
-10.9368
-9.7607
-7.58604
-3.9469
-4.5888
-3.06226
2.74453
10.4552
17.2754
21.5233
23.1252
22.8071
21.2689
20.2846
21.0689
22.6114
23.0216
21.0553
17.7886
14.1306
11.0573
7.22564
3.34677
0.0221343
-0.638205
-0.171204
1.06017
0.181885
-3.09058
-5.35226
-7.15827
-6.87797
-8.47336
-7.7708
-5.11765
-3.9476
-5.18106
-7.22322
-8.13994
-8.56664
-9.19369
-10.3602
-11.9313
-13.6104
-14.7819
-15.9689
-17.539
-18.2172
-17.7935
-17.4411
-16.5592
-13.4921
-14.1181
-14.0724
-13.8734
-14.4165
-16.0805
-17.3156
-16.2225
-15.1119
-15.9086
-17.6078
-18.3025
-18.404
-18.5017
-18.2841
-18.4913
-18.6356
-16.5871
-13.3806
-11.3528
-11.1298
-12.2636
-13.7896
-14.5757
-14.3236
-13.7573
-13.1561
-12.7398
-13.321
-15.505
-18.2499
-18.7565
-16.5722
-13.6204
-11.6999
-11.914
-13.9783
-15.8344
-15.9553
-15.155
-14.2228
-13.9414
-14.7452
-15.0203
-14.1168
-14.1477
-15.4885
-15.7523
-14.9851
-15.4035
-16.4993
-16.0564
-14.4792
-13.4992
-13.7875
-15.1131
-16.1589
-16.0908
-15.6553
-15.2351
-14.6874
-14.7237
-16.0525
-18.1531
-19.1365
-18.3908
-17.49
-17.1814
-15.6085
-11.26
-6.03564
-8.19055
-9.65727
-6.3692
-2.66614
1.46729
4.46192
6.47683
8.14298
8.48624
9.40286
11.5272
13.3572
13.4868
10.3604
6.42143
1.24833
-1.13919
-3.26868
-5.46112
-8.41074
-6.72228
-7.16779
-6.88049
-7.81034
-8.85278
-8.11635
-11.4901
-12.4266
-13.3804
-12.9441
-11.6782
-11.0561
-11.2614
-11.4125
-11.4686
-12.3799
-14.3377
-16.8402
-19.408
-21.6222
-22.7526
-22.1218
-20.5309
-19.4741
-19.0962
-19.2432
-19.93
-22.6922
-23.7442
-21.7631
-19.3339
-18.9833
-20.7616
-22.4159
-21.6428
-20.4655
-21.0497
-23.1708
-24.3961
-23.1336
-21.1029
-20.1403
-20.9299
-22.6779
-22.6308
-20.2017
-17.7761
-16.369
-15.6802
-15.5614
-16.4119
-18.2886
-19.9875
-20.3133
-20.4674
-21.6588
-24.1477
-27.3282
-29.5993
-28.6953
-24.9701
-21.496
-19.8671
-20.2698
-22.1988
-24.6808
-25.5457
-24.6043
-24.5784
-26.9029
-29.3075
-27.9146
-24.8129
-22.9375
-22.0312
-21.4145
-21.3985
-22.305
-23.2353
-23.1089
-22.9394
-23.7394
-24.7852
-23.8453
-21.0062
-18.7994
-18.2339
-18.7498
-19.8364
-20.9666
-20.4297
-18.3755
-17.4605
-18.5294
-19.7202
-18.1804
-13.4514
-8.04899
-11.7884
-13.9983
-9.80191
-7.28521
-4.35719
-3.81726
-5.20624
-4.14768
-7.13442
-8.87665
-9.76827
-8.75637
-6.11602
-12.8746
-8.7548
-16.1262
-16.1269
-16.2399
-14.2181
-16.4211
-12.6453
-14.2551
-13.5938
-15.4214
-18.3368
-15.0592
-22.2427
-18.9757
-16.9887
-14.0278
-12.1237
-12.3106
-14.6614
-17.514
-19.0036
-19.8994
-20.5433
-20.3717
-19.4176
-19.2033
-20.3637
-21.8536
-21.254
-19.3112
-18.2316
-19.2225
-22.0702
-31.0042
-31.5376
-33.4685
-34.5761
-33.4873
-32.3916
-32.1728
-31.3517
-29.1991
-27.7296
-27.5235
-27.7611
-27.9698
-27.7083
-26.9133
-26.9695
-28.5892
-30.1221
-29.3477
-27.8549
-27.6979
-29.0368
-30.3331
-30.112
-29.423
-29.2919
-29.924
-30.022
-29.4514
-29.9567
-32.1724
-32.3527
-28.6001
-25.6906
-24.9527
-25.6359
-26.4981
-26.7801
-26.9104
-27.7928
-30.1484
-33.9102
-37.0155
-34.6895
-29.7528
-26.3487
-24.6343
-24.4268
-25.437
-27.5406
-30.1205
-32.2182
-33.6094
-33.68
-32.2659
-30.7305
-30.0518
-30.2236
-30.8341
-31.8595
-32.8843
-33.2062
-31.047
-26.5697
-23.9218
-24.7605
-28.751
-31.5787
-26.8241
-19.8689
-11.1971
-17.6562
-22.6343
-16.6061
-15.6819
-11.7772
-10.8078
-12.2942
-8.74827
-12.4749
-13.8966
-14.0421
-12.8021
-9.18205
-20.6512
-12.8845
-30.4009
-31.97
-28.3026
-20.3876
-25.2428
-19.211
-27.787
-25.5601
-30.1481
-30.6964
-18.8831
-29.6856
-27.0797
-26.473
-22.6939
-20.1045
-19.5062
-21.4599
-24.9511
-26.8348
-25.3111
-22.2874
-20.0687
-19.4661
-20.6185
-23.1953
-26.8497
-31.0631
-34.0094
-33.1326
-30.7484
-29.785
-39.5579
-39.6873
-39.8639
-39.7829
-40.6627
-42.8287
-43.8786
-41.9909
-40.2444
-40.1074
-41.2498
-42.7629
-43.9858
-43.2201
-41.096
-40.0121
-40.4173
-41.0064
-41.3142
-42.1471
-43.3981
-43.5896
-42.0831
-40.9347
-41.0759
-41.6474
-41.8066
-41.9395
-42.0272
-41.8382
-42.4552
-44.2073
-44.9647
-41.8127
-38.0487
-36.307
-36.9398
-39.0483
-41.1076
-42.3594
-43.1349
-43.4272
-42.6343
-41.2875
-40.4557
-39.6534
-38.3157
-37.4381
-37.8997
-40.0729
-43.5074
-46.0035
-45.682
-43.4399
-40.9628
-38.8477
-36.9217
-36.2838
-37.6439
-40.5298
-42.7679
-43.27
-43.7894
-45.4254
-46.9277
-47.0348
-45.3278
-41.1319
-30.3433
-19.8741
-10.9246
-17.6383
-24.7747
-19.5974
-22.2694
-17.6925
-15.3295
-15.4074
-10.2727
-16.7175
-21.7647
-23.1038
-19.7906
-11.7429
-35.528
-14.7786
-42.5696
-40.448
-33.8799
-22.1944
-29.0729
-19.984
-30.7424
-27.9899
-37.249
-45.9003
-21.184
-48.9634
-37.1742
-40.8862
-34.5067
-29.9844
-27.7645
-28.4992
-31.5024
-34.738
-33.5031
-30.4676
-29.3794
-30.8151
-34.6382
-39.1699
-41.8689
-42.0503
-42.0169
-41.6988
-41.6957
-41.6242
-56.7034
-57.7171
-56.7809
-55.8267
-56.5064
-58.0884
-57.8017
-55.2714
-53.8452
-53.9475
-54.6894
-54.1547
-53.6843
-55.3165
-58.7706
-60.9601
-61.2317
-61.0132
-60.154
-58.3356
-56.2506
-55.3371
-54.8864
-56.1376
-58.8498
-59.8592
-58.7372
-57.5283
-56.9809
-56.9746
-58.4324
-60.4665
-60.4195
-57.9554
-56.7774
-56.5845
-58.0567
-58.3354
-57.8507
-57.1694
-56.157
-55.596
-54.821
-54.1664
-55.6284
-58.243
-58.4572
-57.55
-56.9637
-58.0753
-60.4217
-62.0794
-64.5907
-63.3302
-59.246
-57.7527
-56.3779
-55.7583
-55.8484
-56.6046
-57.7841
-58.251
-58.4318
-58.853
-59.0051
-58.6638
-56.3113
-47.9314
-33.6704
-21.7168
-11.6059
-19.9803
-32.9114
-23.4943
-37.3644
-29.5982
-23.878
-21.1719
-11.5167
-20.0795
-34.9866
-44.8164
-25.1878
-12.7905
-52.9633
-14.8987
-51.6388
-48.6131
-37.7747
-23.1222
-33.2243
-21.2186
-35.3235
-29.8294
-40.5213
-52.7448
-20.8191
-56.7019
-39.3515
-52.9069
-45.5048
-45.8806
-46.9599
-49.2219
-50.2603
-53.3586
-55.5287
-52.6413
-53.9197
-53.6473
-53.815
-55.0856
-56.213
-55.1086
-55.53
-55.8273
-57.3524
-58.0009
