80
5.42885
7.11696
5.81672
3.79687
-1.45507
-3.95048
-1.96093
5.20374
9.66471
10.0913
11.2938
8.74882
7.04818
1.52625
-0.553661
-5.40375
-6.90696
-1.08808
2.15242
3.28688
3.63344
6.03735
7.40245
10.2704
9.89748
9.67607
12.1016
12.7133
14.4505
13.9469
14.4223
12.4502
9.21535
6.78648
7.43711
5.33631
-2.86
-2.29059
10.7496
18.2749
21.5589
22.3382
22.5878
21.0263
20.6888
21.2436
22.2465
23.3833
27.0939
30.5299
30.3239
32.3712
34.946
38.5812
41.7264
43.6785
43.1197
41.5864
39.9701
37.9086
37.1487
42.639
46.7115
49.6805
51.8539
53.6309
54.9015
55.687
54.8291
51.8512
46.2389
38.7894
33.2616
30.9467
33.2765
38.7095
39.4701
36.417
30.0217
22.6998
18.5448
12.3915
9.13408
8.74486
9.20405
11.2659
11.7942
9.59767
3.2318
1.35594
2.82865
3.92007
2.85822
0.182219
-7.89836
-9.37971
-6.19937
-0.700147
0.917413
-1.56236
-0.186648
7.20994
11.1621
10.7223
9.6509
10.9118
13.043
13.4632
11.4704
6.20671
-4.85124
-23.164
-21.8719
-21.8719
-21.8719
-21.8719
-21.8719
-21.8719
4.98484
2.19278
-4.92579
-13.3133
-9.59238
-3.63091
3.63645
7.47756
7.15696
4.36835
1.07676
-0.998919
-5.31053
-8.01454
-8.90834
-6.65968
-4.96925
-5.00097
-9.28878
-11.6695
-10.0009
-5.80211
-1.37288
-0.463566
-3.72106
-8.13139
-8.07819
-10.2164
-18.621
-13.1358
-7.85524
-6.18653
-8.81444
-9.76209
-7.75988
-6.41894
-3.5347
0.758787
1.41187
3.21277
5.12868
8.68541
7.69558
4.41614
4.91749
12.3347
16.7549
29.2976
43.3482
53.4766
59.8279
63.2119
64.1211
63.6396
63.352
63.6806
64.1645
64.2722
63.9153
63.3087
62.8264
62.3396
61.8076
60.5499
58.6877
56.4185
53.3217
48.6374
43.395
36.9708
29.6495
15.9578
11.8113
13.3862
30.2347
41.139
46.9687
47.3939
42.3205
31.4692
18.3401
18.421
19.207
15.3648
8.02681
7.7147
11.1114
12.1526
8.81434
3.87314
0.733615
-2.67791
-0.533132
3.27825
5.39428
4.23673
0.827496
1.45774
6.82704
9.98966
9.91321
6.30516
1.91009
1.26521
3.40715
7.23161
11.7297
13.8355
13.3517
8.82653
0.17856
-18.5997
-21.8719
-21.8719
-21.8719
-21.8719
-21.8719
-21.8719
0.492953
1.93017
-1.04983
-9.13354
-18.8748
-13.1747
-4.08888
0.0483852
0.670243
-2.73542
-6.43697
-5.84183
-1.62412
-0.593499
-0.830526
-1.7737
3.68928
6.93259
7.12366
3.02268
-3.64718
-3.04998
1.46388
3.2329
0.455884
-3.91874
-9.44267
-10.8499
-7.92781
-5.70643
-5.74617
-8.64967
-13.2034
-13.2452
-13.9352
-10.633
-1.10597
7.25705
14.3612
17.1758
18.023
16.2303
14.0401
10.3751
9.79203
10.0578
13.9582
30.5532
46.6561
57.3204
62.3785
62.636
58.5661
50.2686
39.9694
41.0837
44.7583
45.9851
45.3154
43.715
42.0001
40.1577
35.8666
29.4394
21.4635
13.3434
16.4342
22.3538
31.0274
37.6057
44.0282
48.9749
53.1471
56.7867
59.9181
61.9221
61.28
57.2022
48.625
34.5643
21.8795
20.366
19.9381
17.5744
14.8695
12.322
9.51337
4.02643
1.29699
1.03909
1.06958
-2.14002
-8.35184
-12.973
-9.43414
-7.60464
-5.52906
-3.37677
0.512143
1.72602
0.357351
-0.854755
-1.6424
-2.90827
-2.24978
-1.94107
-2.59656
1.67804
2.92421
1.18588
-7.76511
-19.0159
-21.8719
-21.8719
-21.8719
-21.8719
-21.8719
-21.8719
-1.29713
4.48359
7.95543
7.96332
5.08519
-0.987356
-7.81773
-12.6194
-11.8974
-11.3355
-2.98492
5.12771
9.80883
10.1367
7.82305
4.06129
1.97108
1.20668
-0.219546
-1.7604
-5.75819
-7.03134
-5.66595
-5.37817
-7.72561
-7.61057
-4.98029
-4.3424
-5.85382
-8.61698
-10.2538
-6.2904
-1.95262
0.944388
0.86713
-1.90498
-2.51955
3.91957
7.02694
9.89489
12.2096
13.5639
13.8748
13.6108
14.1108
17.6785
25.3254
34.5053
45.3614
50.665
51.5007
48.3283
40.3084
28.6566
18.4446
12.7803
12.6846
4.6447
-0.888159
-6.68182
9.152
13.4482
19.7414
25.7398
35.0107
44.0036
52.0235
56.7736
59.7524
61.7517
62.6256
62.7162
62.2911
61.5654
60.2652
58.5283
56.5515
52.9973
46.1521
32.2478
12.6979
3.27215
-3.6683
-13.2873
-14.2142
-6.91741
-0.580876
5.44343
8.83039
11.2366
11.3255
9.72445
6.68495
1.61428
-3.88912
-7.15344
-10.1109
-17.5264
-24.697
-12.7941
-5.70901
-0.735006
2.39917
4.03415
4.18698
4.12813
3.8348
2.62516
2.51312
-0.535154
-7.15257
-24.57
-21.8719
-21.8719
-21.8719
-21.8719
-21.8719
-21.8719
-11.3206
-2.66746
1.66418
1.11804
-4.81625
-10.3378
-13.1668
-13.6255
-13.1772
-9.99616
-7.24679
-8.13801
-10.0041
-6.55837
-1.26138
3.98269
5.81201
3.92232
-1.6469
-7.07414
-4.40814
-4.18859
-9.42373
-19.6
-13.7671
-9.75654
-6.18733
-5.96188
-7.96262
-13.3081
-15.128
-18.9887
-16.9684
-8.67607
-4.38218
-2.48751
-2.65951
-3.8835
-0.646063
5.82347
9.72552
11.2816
11.8911
13.8972
14.5823
12.1973
11.9422
30.4524
41.4985
47.1531
50.5396
55.1
61.2235
65.7478
68.1247
68.3199
66.9606
64.9072
63.2457
62.2265
62.3122
63.1924
64.528
65.6263
66.2329
66.203
64.8248
62.5392
58.9006
53.6005
45.9728
36.2605
25.6605
27.589
42.2425
49.6172
53.2522
52.4247
47.0126
36.3649
23.1664
15.89
10.184
3.80775
0.887991
1.35872
-0.202963
-5.97992
-10.1153
-7.2825
-5.21689
-8.70304
-9.55656
-7.23933
-4.84504
-4.44888
-3.89193
-5.83186
-9.48922
-17.6725
-19.5389
-16.4244
-13.3562
-12.8748
-13.3696
-12.9483
-6.06082
-0.507235
0.603604
-3.17594
-12.9825
-31.0213
-21.8719
-21.8719
-21.8719
-21.8719
-21.8719
-21.8719
5.14017
2.51946
-3.7379
-12.7903
-15.9749
-21.1119
-19.5937
-16.4258
-5.36458
-1.15894
0.517441
-1.0766
-4.61627
-10.3207
-3.51655
2.86065
5.52339
4.32772
0.752326
0.589622
2.81287
4.03369
1.89387
-1.90978
-5.69671
-2.04367
2.05758
4.30082
3.57997
0.132428
-5.62299
-15.0913
-21.6711
-16.8882
-14.2348
-6.82674
1.59549
7.5154
10.0244
9.78315
6.66641
0.100473
-5.70307
-0.142637
5.78744
8.38433
10.1904
31.2217
51.771
65.6703
74.5657
79.5344
81.1801
80.1929
77.4907
74.8231
73.4419
72.8843
72.369
71.6195
70.3422
68.456
65.8858
62.7191
58.5249
52.3265
45.7127
34.8827
29.6471
31.1194
38.1163
47.0852
53.9689
59.5876
63.005
64.3023
62.2446
56.2517
45.0958
27.3237
9.68726
8.23815
8.66834
5.43198
3.52212
7.20645
9.35962
7.91633
2.46006
-5.15333
-7.9096
-5.3517
-3.14144
-4.06672
-5.95807
-1.94966
1.72706
1.61296
-2.18191
-7.1581
-11.0825
-11.4901
-8.46739
-3.76298
0.0786428
1.28195
0.0923985
-2.46575
-3.84786
-7.41609
-12.2616
-26.3816
-21.8719
-21.8719
-21.8719
-21.8719
-21.8719
-21.8719
2.32608
0.63864
-3.80573
-7.52289
-7.62664
-7.37901
-3.78913
3.1906
6.05538
4.82978
-0.882781
-8.27344
-9.99175
-11.0253
-13.6565
-13.2777
-10.615
-13.6733
-21.0567
-16.6531
-3.02517
5.44573
8.47623
6.90267
2.21216
-0.633302
-0.824481
-0.30777
1.9927
4.53145
6.64251
7.22956
4.5183
-0.609805
-6.68733
-8.60785
-6.46294
0.117366
4.96654
5.33822
1.6791
2.11232
8.35317
11.9639
12.2412
13.6569
18.1809
31.6402
51.4015
65.7141
74.2262
77.6287
76.2695
69.5378
55.649
34.5154
25.197
30.0384
32.4167
33.5652
33.9581
31.0935
25.4534
25.7281
27.7086
29.3191
44.1151
54.0567
61.7883
66.447
67.9631
67.3685
65.3859
62.9005
60.6539
57.6919
53.1633
45.6464
33.9208
17.2411
-0.39552
-3.18842
-2.01474
-3.43064
-3.40155
2.70907
6.48843
6.08367
0.869772
-5.60369
-8.5233
-3.18662
5.14021
8.86971
9.53299
6.8006
1.90953
-5.92116
-12.259
-13.4527
-6.08773
1.15319
4.76716
4.48138
1.08513
-0.903575
2.50467
6.0153
5.58505
1.76751
-8.99173
-22.8038
-21.8719
-21.8719
-21.8719
-21.8719
-21.8719
-21.8719
-16.5847
-10.7897
-4.51842
-2.4959
-4.55198
-9.05234
-6.52881
-0.530097
5.68994
7.98459
6.93436
2.96405
-0.528514
-2.26409
-4.39439
-6.18594
-3.61163
0.26053
3.38803
5.05079
7.30609
8.42975
6.88291
3.26238
2.32881
7.14064
10.4896
10.4245
8.00677
6.13814
5.7199
4.25561
0.940082
-4.12074
-6.98134
-7.46107
-6.24782
-0.0675623
6.88783
11.8412
14.5886
16.367
18.8018
19.6525
19.353
17.4937
15.7389
21.5797
34.3985
47.1682
56.5344
61.4119
62.1808
59.4411
53.583
47.0728
36.9591
26.6865
27.2237
28.2698
35.3689
44.5959
53.7867
62.6463
69.735
73.988
75.9703
76.5299
75.5614
72.5904
67.5286
59.4152
47.1931
29.4097
26.7022
26.9781
26.0313
19.1844
10.2206
1.99933
4.58808
5.65038
5.639
5.47183
6.69586
7.4196
5.08664
-1.65809
-12.0918
-22.1832
-8.98212
-1.4363
1.78885
2.25427
1.52857
0.504961
-2.75263
-8.77178
-14.137
-15.0348
-11.2337
-6.05654
-3.59336
-3.64271
-3.5125
-1.64996
2.15284
5.35479
6.729
3.50305
-4.57437
-23.1226
-21.8719
-21.8719
-21.8719
-21.8719
-21.8719
-21.8719
-27.6686
-22.0305
-17.5891
-9.94023
-4.92867
-3.32076
-5.44124
-5.73767
-4.77588
-4.29253
-4.42005
-4.0358
-5.08518
-6.7767
-6.21826
-6.06102
-7.20846
-7.89325
-5.86265
-4.37825
-8.00525
-13.0472
-8.3782
-4.41098
-3.06099
-3.11022
-3.45129
-4.18951
-5.26782
-7.82525
-11.093
-14.9575
-17.3736
-15.8717
-17.8
-11.4911
-6.03171
-4.65907
-1.84917
3.23798
4.95804
2.90058
-4.6033
-6.51374
-6.34338
-8.01395
2.08583
7.42744
17.1171
30.6209
43.3668
56.0648
65.3218
71.8307
76.3739
79.4042
81.2254
82.1593
82.3826
82.0462
81.8574
82.5521
83.6383
84.045
82.9074
80.3143
76.0268
69.8082
60.9834
49.9686
48.6525
54.049
58.8711
61.2696
60.4666
56.5405
49.2657
37.4026
19.1689
-10.3286
-9.54567
-1.45655
3.37739
3.34932
-0.39313
-5.05788
-6.69719
-9.48838
-16.0584
-16.651
-14.7083
-9.9673
-6.00828
-3.42026
-3.73465
-6.0481
-8.57071
-9.21552
-7.26758
-7.36143
-9.8933
-14.977
-16.0741
-12.0967
-10.8808
-9.8653
-1.3906
5.57544
7.2591
3.687
-6.36617
-24.2255
-21.8719
-21.8719
-21.8719
-21.8719
-21.8719
-21.8719
-9.7743
-10.3221
-9.78107
-4.64455
-0.26617
0.129454
-3.51622
-11.7068
-19.6663
-19.1591
-13.0565
-7.72809
-3.44002
-2.17688
-2.12022
-3.24032
-4.35069
-6.42485
-9.57972
-10.6081
-10.6866
-9.21464
-7.16832
-2.48369
0.19382
0.337793
-2.57822
-6.40327
-7.6542
-4.4352
-0.4331
0.517258
-1.86798
-8.4207
-15.0488
-11.4354
-8.06302
-6.1007
-2.96823
-0.0310157
0.543723
-2.16533
-6.55951
-9.57005
-6.8266
-1.92197
3.53744
12.4051
19.9901
39.8139
53.6608
63.2466
69.0417
72.0115
73.68
75.8601
78.7414
80.7533
81.3918
81.1269
80.4601
79.0388
75.9979
70.6775
63.9166
55.2314
55.6977
64.6321
73.0059
78.8689
82.165
83.2467
82.2365
78.9945
73.4374
65.371
54.1329
38.3311
18.3367
5.71286
4.96289
6.10035
6.48127
4.90657
0.889799
-5.07045
-11.7329
-10.5669
-6.15077
-0.951498
1.93453
1.71688
-0.349164
-4.8862
-8.32269
-5.82413
-1.53494
-0.803258
-4.10949
-8.50797
-11.2948
-15.5055
-22.5638
-21.9497
-15.5258
-7.9267
0.809863
6.18707
7.48446
4.10516
-4.41219
-22.0785
-21.8719
-21.8719
-21.8719
-21.8719
-21.8719
-21.8719
-3.11254
-4.29192
-7.41933
-8.02712
-6.96658
-8.02231
-10.3406
-9.47122
-4.28193
-1.15883
1.16184
0.52481
-2.46253
-5.36667
-6.27608
-7.67036
-9.18713
-11.2562
-13.3031
-12.6556
-10.2746
-9.96217
-11.51
-10.933
-11.2686
-12.5542
-14.3466
-15.934
-13.6539
-9.30669
-6.46965
-5.84089
-6.2209
-8.05827
-12.3281
-11.6453
-5.51501
-1.24304
-0.196975
0.90875
1.59036
2.36078
2.28102
1.20511
1.83039
1.6209
3.32418
6.57285
11.5304
23.9321
35.302
41.9895
43.3846
41.0089
37.2804
34.6817
33.4728
30.3965
28.1176
28.0407
32.1887
40.61
49.8733
58.597
67.5787
74.6364
79.5047
82.2455
82.6495
81.1919
78.4992
74.8928
69.5269
61.6351
52.0137
43.369
34.836
25.0535
15.2476
9.11255
3.7936
-0.0234282
-4.68197
-5.50333
-4.10017
-4.56178
-8.90755
-14.776
-17.345
-11.3949
-6.50491
-5.1424
-4.88439
-2.59342
-0.0498357
2.31513
3.01
0.622538
-4.63082
-12.3957
-19.0202
-21.9577
-19.8829
-14.6915
-9.37361
-5.85662
-2.97973
0.105992
1.27836
-1.52499
-9.84515
-23.8568
-21.8719
-21.8719
-21.8719
-21.8719
-21.8719
-21.8719
-5.89935
-6.0039
-4.05308
-2.22936
-2.85029
-6.46925
-4.51526
1.7079
4.24387
2.92489
-2.04029
-8.2546
-11.6467
-16.5779
-18.3019
-16.1303
-15.7682
-16.9216
-15.199
-12.2507
-10.8697
-12.1103
-16.4847
-21.479
-19.3104
-17.1407
-13.7181
-11.3228
-7.34588
-7.56783
-11.3787
-13.3037
-12.9132
-12.0491
-10.8702
-10.6367
-13.9215
-17.1182
-17.9487
-9.92049
-3.21837
-2.32957
-5.94567
-7.59467
-7.99669
-9.09744
-7.47434
10.4793
15.0677
26.8544
37.6285
44.6159
49.3785
53.3069
55.9161
56.8937
56.5242
56.0817
56.8758
59.2461
63.3979
68.3983
73.0604
76.5632
78.3588
78.4742
76.8117
72.7008
66.2183
56.7595
44.9584
33.4818
26.9701
21.8154
6.29035
12.4912
14.911
14.6179
13.4581
9.16561
3.60063
-4.42839
-5.80201
-8.35297
-13.6357
-19.163
-19.7907
-22.0876
-27.5583
-28.0176
-20.9084
-11.8729
-8.32291
-10.272
-13.1351
-12.1927
-4.5041
0.477719
1.98272
-0.742534
-7.13991
-12.2949
-10.0807
-9.69658
-13.5875
-14.7678
-7.92466
-3.135
-2.10258
-5.31898
-13.9268
-31.5781
-21.8719
-21.8719
-21.8719
-21.8719
-21.8719
-21.8719
-2.23986
-7.30646
-11.764
-10.2398
-9.90286
-10.0379
-5.97037
-1.84772
-0.236392
-2.75759
-8.44158
-13.8124
-14.8902
-14.7809
-8.38346
-5.7429
-5.62805
-6.70784
-6.15964
-4.67606
-4.37842
-6.28504
-8.2229
-7.65207
-4.98472
-2.18288
0.00222316
1.68828
-0.212526
-5.25506
-7.4558
-5.24292
-2.51805
-0.71983
-0.722088
-2.19155
-4.52551
-5.75847
-3.70725
1.30267
3.95701
2.998
-0.509848
-2.38285
-1.55726
-2.59311
-1.45369
3.69298
21.2588
34.9126
44.4601
49.8452
52.0018
51.9791
52.0941
53.7395
56.4359
59.4847
62.3678
64.7695
66.2504
66.6311
65.3878
61.9415
56.2833
49.1233
40.1718
33.1722
26.1766
23.1625
21.6591
20.8485
19.8401
15.8465
13.8342
11.5203
9.81833
7.98978
7.04435
7.45214
6.25684
1.6085
-4.31773
-5.31938
-6.25847
-11.0062
-16.7277
-13.5648
-9.38194
-7.1833
-7.11272
-9.02152
-9.06139
-7.75993
-7.35924
-7.51446
-2.83045
3.1108
5.51088
4.51594
0.789619
-2.91132
-5.53186
-7.41714
-8.38503
-7.68531
-4.9603
-2.17683
-1.47453
-4.9139
-13.8385
-32.7294
-21.8719
-21.8719
-21.8719
-21.8719
-21.8719
-21.8719
-10.0145
-9.32164
-4.63037
-2.29986
-2.76318
-3.08943
0.221905
2.92742
3.81993
1.69218
-1.10555
-3.81371
-5.31253
-4.68528
-3.67086
-3.71758
-7.13034
-12.0287
-14.4189
-7.40131
-1.3799
2.58036
4.38356
5.08855
3.19826
-0.526526
-1.65471
-0.0934826
-0.523763
-4.29278
-9.29363
-9.25702
-5.51965
-1.03342
1.13111
0.458457
-2.68573
-6.12819
-5.33929
-2.71944
-1.57435
-1.53942
0.233716
1.80961
1.55406
-1.53505
-7.48643
-4.31303
12.6973
20.7811
27.6999
30.014
27.8713
22.4776
15.5465
12.0693
13.8637
14.0404
17.1322
20.9962
20.9926
19.4057
24.8225
32.6391
40.5683
44.8865
46.7181
46.067
42.796
35.1252
25.9526
17.8833
12.8474
9.17992
6.93716
10.2375
10.2582
10.7467
7.81567
5.01794
0.638205
-4.17995
-8.68094
-8.95293
-9.26107
-10.4729
-12.0897
-12.4696
-12.2398
-8.73048
-5.58246
-1.28382
0.127602
-1.95323
-7.09188
-11.0646
-9.5559
-7.03388
-6.86025
-9.85874
-13.5844
-16.3669
-12.1755
-8.04226
-6.74263
-6.67732
-6.69697
-6.23684
-8.08297
-12.6309
-20.0165
-32.3546
-21.8719
-21.8719
-21.8719
-21.8719
-21.8719
-21.8719
-7.85791
-5.51875
-3.13267
-3.14331
-5.60659
-8.70277
-10.885
-11.0263
-10.0024
-8.75741
-8.00477
-6.9494
-5.28497
-7.92399
-13.5803
-18.6488
-13.4043
-11.1627
-10.8257
-10.6652
-11.6735
-11.7478
-9.91346
-7.57673
-6.60134
-8.77376
-12.8258
-13.7424
-10.8664
-11.4364
-13.4022
-13.7861
-7.97919
-3.14613
-2.70315
-5.91841
-12.5374
-15.205
-13.9045
-12.4471
-12.521
-13.6577
-13.709
-11.0972
-8.32833
-8.05498
-8.24621
-10.1046
1.9475
11.5337
22.212
31.4173
38.2182
43.3127
46.5589
48.0692
48.6615
48.7365
48.7572
49.1526
50.1102
51.7645
53.1519
54.0662
53.3217
50.7322
46.5054
40.9041
35.9493
36.6818
38.7655
40.0331
39.7775
37.6671
34.3163
28.971
22.5249
12.7008
3.03882
-0.080727
2.18965
0.634282
-3.62343
-8.93713
-12.077
-13.0269
-13.0321
-12.4537
-13.2472
-7.94937
-3.11428
-2.27935
-3.52923
-3.84139
-1.58094
-0.617304
-1.79504
-3.4478
-4.31429
-6.35796
-11.4813
-16.9749
-16.9245
-10.8619
-7.44177
-6.28887
-5.42747
-5.64428
-7.25583
-11.6726
-19.878
-37.9737
-21.8719
-21.8719
-21.8719
-21.8719
-21.8719
-21.8719
-3.71956
-3.51895
-4.15948
-4.9745
-6.76847
-9.34454
-13.0519
-11.3161
-6.68994
-5.50039
-7.60629
-11.7211
-12.7376
-8.51313
-4.78597
-2.39385
-1.76362
-3.11312
-6.39033
-12.4794
-18.582
-19.1691
-10.9513
-5.65534
-4.23898
-5.44448
-9.15457
-10.175
-9.2273
-9.02669
-9.51601
-8.03452
-5.89639
-4.92643
-7.29154
-10.6412
-12.871
-11.9344
-7.31882
-4.93523
-6.31437
-11.002
-12.1814
-11.8911
-13.7247
-15.3533
-7.63613
-1.79633
6.12564
17.6286
27.7437
34.119
37.8072
39.6075
41.2907
44.0476
47.1602
49.5499
50.6991
50.8994
50.5302
49.2821
46.7088
42.3383
36.224
30.2108
32.9253
39.9105
44.3336
46.0262
45.1165
42.1317
36.8315
30.5319
23.0569
17.017
11.2989
6.13439
0.735524
-4.50716
-6.20293
-6.67479
-7.25071
-5.14811
-4.593
-8.04501
-13.2906
-10.8838
-6.42262
-0.458145
3.57103
5.26362
4.7624
2.92672
1.63841
0.397924
-2.01936
-7.16878
-13.5489
-18.3179
-23.6458
-25.9182
-20.3215
-13.1986
-9.08461
-8.71808
-10.684
-11.6964
-11.4513
-14.3929
-22.1285
-38.5347
-21.8719
-21.8719
-21.8719
-21.8719
-21.8719
-21.8719
-12.9092
-12.9832
-11.793
-10.0346
-10.2846
-12.7485
-14.5476
-12.1142
-7.43472
-5.9236
-8.94737
-15.8159
-18.706
-18.0378
-16.3954
-16.5671
-16.6542
-15.5864
-13.7743
-10.0438
-8.62799
-7.01714
-4.8826
-1.1692
-0.226246
-2.6336
-6.24882
-4.91256
-2.02915
-2.2154
-4.23834
-4.32462
-2.73237
-2.78351
-5.29959
-8.51915
-9.24262
-8.30053
-9.09945
-10.8926
-10.6448
-9.06413
-8.17338
-10.0858
-10.7175
-11.3797
-5.39625
-0.682629
0.0509692
5.83592
9.91323
11.9284
9.77884
6.71393
9.07742
10.9609
10.9831
10.977
10.539
7.39811
7.62364
17.7408
24.2925
28.3767
30.557
33.4302
34.5758
35.5494
34.2427
30.1282
25.1024
25.3094
28.1737
29.0899
27.931
25.4439
20.5473
12.9014
4.47335
0.0994127
-0.567512
-4.32844
-7.70072
-5.95118
-4.74523
-7.37515
-12.0085
-9.31561
-6.11115
-4.42888
-5.57646
-6.16678
-5.14359
-2.90264
-1.47048
-1.6181
-3.3049
-6.01825
-7.57619
-9.69378
-11.2387
-7.31805
-1.94988
0.0798411
-1.5514
-7.02495
-15.7112
-18.2666
-16.4793
-18.2326
-25.274
-36.4288
-21.8719
-21.8719
-21.8719
-21.8719
-21.8719
-21.8719
-8.15846
-7.21287
-8.72175
-12.0129
-14.1645
-14.2837
-13.8717
-14.3473
-12.5293
-10.3545
-7.97073
-9.15577
-11.5351
-10.4616
-7.24923
-6.36615
-5.98953
-5.47121
-5.68591
-7.89307
-9.32129
-10.3059
-10.5329
-10.0801
-11.0329
-12.8065
-15.3113
-14.3428
-10.1397
-6.83592
-5.85407
-7.75387
-11.9737
-18.1917
-26.9306
-26.3464
-19.9387
-16.4104
-17.0106
-16.6976
-14.7275
-11.1933
-9.09032
-6.12644
-3.68862
-3.87524
-5.7783
-7.7699
6.09829
14.0725
20.0925
23.9936
27.7329
31.9942
36.5044
40.7132
43.8213
45.7073
46.0124
45.0015
43.4044
42.1785
40.0006
36.2554
29.8974
20.8831
19.4691
26.9783
34.3549
38.845
40.1496
38.4121
34.545
29.5707
23.5483
17.3173
13.8921
10.3698
4.25229
-2.40542
-9.25981
-7.19025
-6.3677
-8.57714
-10.4282
-8.63506
-7.97547
-9.58508
-11.5917
-12.8308
-9.27501
-8.11954
-8.83165
-11.8365
-13.4119
-12.5947
-8.95098
-5.33642
-4.8488
-6.62098
-7.81347
-7.77939
-8.07318
-9.63772
-12.5141
-12.5203
-8.13969
-5.85419
-6.1354
-10.4519
-19.2921
-38.8954
-21.8719
-21.8719
-21.8719
-21.8719
-21.8719
-21.8719
-10.5902
-14.6536
-16.5603
-14.918
-14.2801
-15.0822
-16.7589
-17.2943
-16.1009
-12.007
-7.80672
-6.80415
-8.16688
-12.0419
-13.2892
-13.2086
-11.6144
-10.2712
-8.66687
-8.47376
-9.52881
-10.8825
-12.2365
-10.2783
-3.62359
1.33898
2.84134
0.791652
-4.0449
-8.12094
-9.5334
-12.168
-16.5586
-20.7778
-16.3053
-10.9118
-8.88693
-10.2118
-13.3835
-16.2974
-17.7878
-17.8642
-11.3492
-4.71774
-0.20597
1.55623
0.0282747
-0.672623
4.93574
16.7739
24.1124
28.1807
29.5291
28.86
28.6191
30.8258
34.9642
37.7135
38.8812
38.6172
36.9966
33.4599
28.3736
25.8586
30.2582
36.5006
41.102
43.7048
43.8179
41.0379
35.6557
29.1256
27.1309
29.1832
29.6222
26.818
21.0043
12.9655
4.87706
-0.372421
-3.45686
-8.27556
-13.5041
-15.9321
-14.8881
-12.4036
-11.716
-12.3683
-13.168
-12.6031
-10.0712
-6.5114
-4.22966
-4.81016
-7.36274
-10.5649
-12.3033
-11.5351
-9.24281
-6.04425
-3.33403
-1.60481
-2.39145
-6.13471
-10.57
-10.5933
-7.0949
-5.30524
-5.30225
-9.10731
-16.9721
-32.4791
-21.8719
-21.8719
-21.8719
-21.8719
-21.8719
-21.8719
-9.85077
-6.4278
-4.71115
-6.29345
-10.0239
-12.8688
-13.4763
-12.9412
-10.6015
-9.05514
-9.0606
-10.5548
-11.6788
-10.03
-8.3064
-8.50216
-9.74108
-6.60006
-2.87061
-1.17832
-2.02063
-2.2193
-1.44969
-1.78526
-4.18757
-4.38356
-2.34882
-2.02324
-4.18519
-6.60295
-5.35577
-3.22645
-2.91974
-4.25311
-7.39171
-10.3124
-11.368
-8.48409
-6.75239
-7.30543
-7.85476
-6.44163
-4.22788
-3.25638
-2.71087
-4.18089
-4.40201
-1.84293
2.28353
9.62249
16.4735
24.2366
30.4326
35.003
37.4803
38.0652
37.0529
35.4221
34.593
35.7835
37.8237
41.0805
43.8462
46.0562
46.9716
45.8271
42.5682
37.4566
35.2739
37.6413
40.3585
41.6959
41.3218
39.1667
35.0881
29.1505
21.2174
12.0972
4.95062
2.4991
-0.768612
-6.60023
-11.1682
-10.817
-8.20577
-6.54477
-6.94528
-6.6353
-7.38491
-9.09754
-9.59537
-7.36176
-6.45263
-8.30396
-9.81029
-9.87502
-7.92715
-4.8867
-0.271151
2.45237
2.09521
-0.443819
-1.42664
-0.968278
-2.45207
-2.42136
1.25021
3.88454
2.81842
-2.15876
-12.7157
-28.4752
-21.8719
-21.8719
-21.8719
-21.8719
-21.8719
-21.8719
5.00606
4.74032
0.0566989
-8.19146
-9.53069
-3.97184
-1.02396
-1.55156
-3.8743
-6.22465
-6.38684
-3.45011
-0.196462
1.05441
2.23498
2.41088
0.636499
-2.26129
-4.04529
-6.81959
-9.36762
-6.06102
-3.27919
-3.71935
-5.95702
-5.72725
-1.99465
-0.378615
-2.07817
-6.10445
-7.89868
-7.64035
-7.26962
-4.70683
-1.23019
0.032481
0.10059
0.406858
-0.533971
-3.39465
-6.36095
-4.26348
-2.942
-2.89997
-3.4439
-4.57946
-8.29937
-7.22364
0.0865092
15.4934
28.0099
36.0793
40.8611
42.5916
42.5136
42.5177
43.7702
45.6426
47.0408
47.6342
47.2516
45.3499
42.0671
37.1909
31.3976
29.0539
32.7093
38.3457
41.1988
41.1871
37.8018
31.57
25.5797
22.7493
22.3135
20.8372
16.9873
10.0284
0.589928
-6.22259
-7.08777
-3.44409
-1.37759
-1.35145
-2.22759
-3.64883
-5.33872
-7.41021
-8.84166
-10.7646
-13.6224
-15.2063
-13.7212
-9.5093
-4.17928
-1.07534
-1.22684
-3.81388
-4.78314
-4.1405
-4.7887
-7.6394
-11.6795
-12.1357
-8.34536
-5.12531
-3.11393
-2.23524
-2.62614
-6.2944
-14.5885
-31.7509
-21.8719
-21.8719
-21.8719
-21.8719
-21.8719
-21.8719
3.87386
3.94574
0.989393
-3.41492
-5.41003
-1.82779
2.22354
4.41369
4.41629
1.99627
-1.06034
-3.00796
-3.48365
-2.50571
0.126416
1.19648
-0.258298
-4.21689
-9.15673
-11.0814
-9.58596
-7.92158
-7.78211
-8.86778
-10.5819
-7.44979
-4.01162
-2.95922
-4.7591
-7.05159
-8.05679
-9.70363
-9.39553
-6.00134
-4.52614
-3.81563
-1.66125
1.43711
2.89993
1.61339
0.745953
2.23685
3.69039
3.29243
2.50538
1.63716
-0.0533373
-1.35897
2.32684
7.91175
14.7582
18.2415
17.7755
17.6237
19.8072
21.2138
20.0238
17.1087
15.2795
14.551
12.4826
22.4323
30.3375
35.8994
38.7063
39.0112
37.385
35.2935
34.0433
35.2543
37.1509
37.188
35.7243
33.8754
30.8186
26.1912
19.4844
9.69402
-1.73883
-5.1637
-4.18562
-2.17255
-0.0280802
-0.69874
-5.37992
-11.842
-13.1729
-6.48359
-2.48981
-0.245291
0.086359
-2.76569
-7.48741
-10.8916
-10.5004
-9.486
-8.96133
-9.05254
-9.02434
-9.3917
-10.3109
-10.2205
-5.72568
-1.10539
0.618906
-1.27578
-5.47894
-7.43928
-6.4783
-8.67148
-15.9251
-31.0374
-21.8719
-21.8719
-21.8719
-21.8719
-21.8719
-21.8719
-3.73357
-1.41716
-0.903793
-0.258506
2.03279
3.18333
1.14388
-3.66743
-7.07539
-5.58404
-4.37947
-7.09071
-10.2956
-11.6017
-11.998
-12.4538
-12.7082
-15.407
-16.731
-10.4441
-5.99274
-5.11357
-6.9184
-10.0445
-14.2379
-17.992
-18.3111
-14.6733
-8.97659
-5.01894
-4.22958
-5.51667
-4.93664
-3.51877
-3.60663
-3.83285
-2.39497
0.837062
4.03458
5.64016
5.11228
4.68033
4.25916
1.6756
-2.22447
-6.90107
-6.13318
2.92071
9.65567
14.5484
19.0733
23.7304
28.9175
34.5153
39.9406
44.083
47.0284
48.5163
48.5557
47.9073
46.9456
46.0166
44.4417
41.0823
35.8831
30.5836
31.3019
36.3842
40.9302
42.5869
40.6881
34.9337
26.1862
18.5584
18.5658
18.9788
17.1425
14.0158
9.0328
3.44305
-1.03378
-2.17727
-0.433472
0.703499
-0.879237
-4.9636
-3.91128
1.63008
8.10924
11.4134
10.9225
6.75592
-1.49109
-10.2546
-12.6512
-11.1478
-8.54128
-5.73246
-1.52486
3.56414
7.37936
8.69817
6.86121
3.04388
2.18779
4.59839
6.09713
6.20142
4.34944
-0.611677
-10.0023
-27.2941
-21.8719
-21.8719
-21.8719
-21.8719
-21.8719
-21.8719
1.82933
-1.52991
-6.04836
-7.84426
-5.87022
-3.12915
-2.83381
-4.25092
-4.48454
-1.43492
0.826268
2.88345
4.71876
5.70282
4.5196
1.3655
-2.94702
-7.47791
-11.0729
-9.53582
-5.25747
-1.90336
-1.0848
-3.02632
-8.06922
-13.2629
-14.7968
-12.4234
-10.3908
-8.35262
-7.06739
-6.77348
-6.03681
-5.07234
-6.22618
-9.41458
-9.51586
-5.64078
-4.14264
-4.30165
-1.40595
1.58329
1.52649
-1.41985
-2.32334
0.892095
3.21438
2.89459
8.76468
15.9427
22.3804
26.5027
28.4595
28.3024
26.7335
27.9644
32.0345
35.4703
37.6586
38.0274
37.1468
35.3426
33.3251
35.6611
39.0709
41.5295
42.3225
41.1857
38.2335
35.0957
34.0686
35.2392
35.8972
34.8505
32.0131
28.0659
24.3475
19.9019
13.8739
5.85851
-0.43522
-2.97828
-2.7887
-1.25965
-0.678406
-1.90326
-4.48616
-6.80737
-5.65568
-0.341169
2.98086
2.34906
-1.12238
-2.87951
-1.77437
-1.71235
-2.41818
-1.4474
0.01437
2.11366
5.34556
7.41529
7.41028
5.66206
3.61951
2.12195
3.10992
5.41053
5.72572
2.04267
-7.46133
-25.1693
-21.8719
-21.8719
-21.8719
-21.8719
-21.8719
-21.8719
0.981764
-2.11178
-6.90492
-10.1608
-10.6716
-9.28575
-7.2711
-5.43991
-3.64768
-2.58749
0.149716
3.44237
5.5259
5.10046
2.12362
-2.47879
-4.10991
-2.04757
-0.0745742
0.456009
0.431564
0.674517
1.09496
1.4935
0.527895
-2.25489
-5.60732
-6.08844
-3.72002
-2.29855
-3.73277
-7.74066
-10.425
-8.06579
-7.06242
-8.44227
-8.21637
-4.01272
-1.16778
-0.164098
-0.538449
-1.41651
-1.069
3.48076
7.14767
7.66041
6.78045
5.24487
7.92096
13.3627
22.9361
31.2681
37.0899
40.0516
41.1543
41.3964
41.8658
42.4918
42.9537
43.403
43.8792
43.8206
42.7147
41.1106
39.4365
37.8163
35.6587
34.3715
34.3861
33.7342
31.8453
29.4541
27.1002
24.219
21.1869
19.2056
15.4223
11.9405
10.9775
10.6625
8.26289
5.44208
5.35915
6.68282
6.52894
3.92304
-2.09327
-9.36768
-16.1613
-13.3942
-4.50979
2.03887
5.86775
6.16342
3.44728
-0.90176
-1.91661
-1.56204
-2.74898
-5.8957
-9.07323
-12.5991
-12.9753
-7.7244
-3.98111
-2.44126
-1.62248
0.462313
0.939655
-1.98603
-10.6805
-26.5218
-21.8719
-21.8719
-21.8719
-21.8719
-21.8719
-21.8719
2.04811
-0.448056
-3.93053
-5.579
-4.63455
-3.18166
-2.3401
-2.90075
-4.81819
-6.82372
-8.4512
-8.8327
-6.42843
-3.51775
-2.27129
-4.25673
-7.03732
-6.23925
-3.31987
0.05536
2.23267
2.49658
0.538282
-2.32849
-4.01754
-5.3162
-7.76644
-11.7795
-15.4939
-16.8881
-19.9949
-17.3986
-9.33607
-5.47851
-6.22499
-9.28472
-7.10431
-2.94953
0.357118
3.58685
4.67307
2.28802
-1.93634
-1.25613
2.03125
2.22683
1.55538
5.38255
17.9756
28.3404
35.4975
39.16
39.43
36.8208
32.2436
31.0727
34.3976
37.39
39.0817
39.807
39.0055
35.7214
29.1153
26.5625
31.4851
35.0863
36.0021
35.5464
34.5821
34.8624
35.7357
35.8272
34.4896
31.6542
26.7892
19.0783
10.8855
5.12021
4.11315
4.50551
2.84289
-0.0955458
-3.06608
-6.06466
-9.24401
-9.89823
-8.68464
-10.0882
-13.7496
-11.6684
-4.956
0.0356251
0.999873
-1.57445
-7.10221
-10.2521
-8.8765
-8.83927
-11.9957
-13.5459
-8.49201
-3.83251
-2.4264
-2.84082
-3.17469
-3.63837
-4.60382
-4.21403
-3.42147
-6.274
-14.3014
-31.2662
-21.8719
-21.8719
-21.8719
-21.8719
-21.8719
-21.8719
1.11595
-0.0143568
1.27529
3.19121
2.44125
-0.917188
-4.54124
-6.61858
-7.28704
-8.5366
-9.57555
-7.6203
-5.03069
-4.8545
-7.46405
-11.9998
-12.0102
-7.03234
-4.34958
-5.30024
-9.30059
-10.2599
-6.76132
-5.09361
-7.38947
-11.8838
-12.6696
-9.41224
-8.52025
-10.7306
-13.1205
-9.74725
-4.29142
-1.4949
-2.44942
-6.91513
-13.2973
-12.6123
-4.73914
2.76825
7.12375
7.64457
4.58409
-0.371307
-1.33952
0.55248
3.22027
7.03515
15.832
22.1247
24.1014
23.5051
27.1709
33.9046
38.6644
40.7567
40.8808
40.0983
38.6287
37.2657
36.3622
35.8615
34.7238
35.0775
36.3999
37.188
38.1582
40.7972
43.3106
43.5297
41.051
37.2693
36.0941
37.2659
37.1429
34.49
29.3471
22.6285
14.4408
4.05502
-1.19031
-4.17904
-6.75884
-7.98616
-8.30125
-7.78639
-5.74035
-3.11238
-2.53948
-4.29073
-5.01945
-2.52413
-0.364628
-0.734032
-2.57729
-3.7668
-4.04355
-4.8019
-4.40644
-0.869824
2.70748
3.26002
1.44912
-0.166178
-0.366035
-0.345616
1.15679
2.76621
1.97654
-2.60094
-12.3925
-30.1714
-21.8719
-21.8719
-21.8719
-21.8719
-21.8719
-21.8719
-11.3649
-9.86064
-4.77369
-0.324363
1.10946
-0.725636
-4.68446
-8.0125
-10.1918
-13.5879
-14.5178
-9.70732
-5.8948
-5.94299
-8.73874
-12.3298
-11.4816
-5.44565
-1.67881
-0.574595
-1.34552
-3.26585
-6.37807
-8.8413
-9.08139
-7.67513
-5.78829
-3.59786
-3.00375
-4.47151
-7.42272
-8.84364
-6.35027
-3.48423
-2.40861
-3.75226
-7.52033
-10.8425
-8.93891
-3.51869
0.383539
2.05406
0.776449
-1.33196
-0.853377
0.687967
6.12771
21.6055
34.5164
42.104
44.8137
43.4035
38.9014
35.2888
36.7217
38.9587
41.0359
42.2638
42.4219
41.7273
40.44
38.6443
39.7149
45.2122
50.4143
52.8744
52.678
50.265
47.1351
45.4848
45.4292
45.745
44.9859
42.7861
40.0822
37.0856
33.1121
26.6351
17.808
9.54605
3.57977
0.010333
-1.29508
0.183306
1.95987
1.34594
-1.79549
-6.27141
-10.1936
-11.6544
-9.80609
-6.40996
-4.05852
-2.2547
-0.209493
1.59978
1.91363
0.0121083
-3.94394
-6.57674
-4.3912
-0.563096
2.03247
3.35034
4.31489
4.78299
3.641
0.701894
-3.70441
-10.4372
-20.7857
-35.6953
-21.8719
-21.8719
-21.8719
-21.8719
-21.8719
-21.8719
-10.6081
-8.35889
-1.02708
5.1382
7.21622
5.42711
2.37207
1.89985
1.46635
-0.0459595
0.547324
1.70222
-0.0664188
-5.03254
-6.08044
-2.88485
-0.147034
2.21707
6.36231
10.6818
12.4416
11.0826
6.56895
0.558057
-3.82479
-5.60661
-3.63672
0.866169
4.2831
5.32659
4.31317
2.73579
2.53382
2.29854
0.741661
-1.65506
-3.30293
-3.40265
-3.14052
-2.92161
-4.74196
-7.01951
-6.62309
-4.42086
-3.62788
-5.65914
-6.13213
16.7287
34.2415
43.3177
47.1464
47.9106
49.3591
52.6954
55.3015
56.567
57.1787
57.5233
57.3958
56.772
56.2751
56.0754
55.914
55.2226
54.0073
52.8275
51.9705
51.0136
48.4121
45.3304
46.0969
49.1797
50.9002
50.3558
48.2124
45.3352
41.0348
34.2928
25.2407
17.0138
9.95156
2.09152
-3.03228
-4.14329
-3.8647
-3.99992
-5.84949
-6.96475
-4.80984
-1.79054
-1.56379
-3.98288
-7.25545
-9.63816
-10.8467
-12.1458
-13.6706
-14.8083
-15.6874
-16.4652
-16.3408
-14.0264
-11.9684
-10.5708
-6.98623
-3.48388
-2.10413
-3.48708
-6.88749
-12.288
-21.2819
-37.4963
-21.8719
-21.8719
-21.8719
-21.8719
-21.8719
-21.8719
-3.18458
-1.4447
0.353783
3.28954
4.47525
2.80758
-0.247226
0.203177
3.1985
4.65674
5.28137
5.48004
5.48546
6.9272
9.60963
10.9453
9.14343
4.72881
1.58679
3.49171
6.5422
7.45871
6.7525
5.18464
2.96154
1.03279
0.41419
-0.436861
-1.581
-2.83649
-4.10925
-5.66907
-5.83265
-3.07173
-0.995052
-0.0692871
3.18908
7.11834
8.1054
5.2813
-0.312913
-2.78529
0.811418
3.75566
4.28964
3.47347
9.38647
26.5258
39.9546
49.1845
55.0374
58.7048
60.683
60.7795
59.008
57.143
57.6259
59.592
60.761
61.0782
60.1505
56.985
51.9279
50.6667
54.49
56.7073
56.0619
54.4269
55.9523
58.9997
60.5819
59.7573
56.5273
52.2181
49.9819
49.721
48.6871
45.3672
38.9651
28.1067
13.5833
7.03865
8.82825
9.58442
10.1204
9.75667
7.56752
3.98549
1.91949
1.74924
1.09963
-0.864625
-3.56196
-6.12596
-9.30971
-9.62644
-7.53583
-5.19161
-3.21812
-2.177
-2.76934
-4.22574
-3.5152
-1.68959
-1.40901
-2.6432
-4.55731
-5.86436
-7.64229
-12.2821
-21.0089
-35.4483
-21.8719
-21.8719
-21.8719
-21.8719
-21.8719
-21.8719
-0.277158
-1.66024
-2.30108
-0.344578
4.71122
8.62621
9.34447
6.45715
1.35264
0.873033
4.5437
5.647
3.97582
1.01856
-0.558472
-0.32558
2.72054
5.7658
7.6491
8.58641
8.5126
7.28263
6.21054
6.42252
6.72504
4.86932
0.583195
-2.43572
2.04725
8.78236
12.4602
12.6683
10.4408
8.22621
6.83931
4.25574
0.826021
-0.513958
-1.58752
-3.81374
-5.34332
-5.34334
-6.30789
-7.35882
-8.11023
-6.83473
2.60833
23.4266
42.46
55.5182
62.8641
65.1449
63.5557
62.1227
65.2126
68.0427
68.6761
67.9997
66.976
65.7399
64.6599
64.0317
63.5231
62.49
61.5272
63.0349
67.6914
70.9892
71.2446
69.5238
68.6916
69.8529
70.2732
68.9136
65.9549
61.7176
56.3466
49.9871
41.8601
28.9966
14.3828
8.12893
7.90192
7.14993
5.65058
2.42461
-2.40895
-3.84545
-2.73942
-2.84312
-3.55058
-1.30883
1.87111
2.67368
1.64876
1.27021
1.87406
1.12098
-1.62829
-4.38312
-3.58859
-1.11822
-0.289369
-1.3619
-2.61195
-2.91254
-3.13803
-3.91285
-5.70886
-10.1545
-19.1762
-35.3297
-21.8719
-21.8719
-21.8719
-21.8719
-21.8719
-21.8719
2.13001
3.07486
4.2538
4.57092
4.0314
2.66909
2.12827
2.41122
3.30539
5.53846
7.62173
8.29031
6.84707
3.15635
-0.719356
3.28378
9.31585
11.8832
12.4606
15.0679
18.0716
18.6725
16.6155
12.5977
7.93236
5.02676
4.10353
2.20973
0.370132
3.91825
8.87055
10.5514
8.3134
2.8518
-1.48908
-2.0168
-1.90582
-1.4137
-1.26605
-2.28798
-3.27803
-1.43996
1.8678
3.31781
2.70328
0.953575
4.71146
14.8684
33.0585
49.3658
60.4955
66.4259
68.1598
66.8163
64.6282
64.9264
66.5538
67.7299
67.8149
67.3902
66.47
65.2519
66.3851
72.2139
77.4031
79.7193
79.1888
76.7759
75.2081
75.7306
76.0828
74.2395
70.256
65.5378
61.8429
59.0679
55.895
50.9042
42.3636
29.7017
14.7065
9.06766
8.94298
6.29156
0.552478
-5.2196
-8.59029
-8.22624
-4.92568
-0.334485
2.45018
3.02543
2.07359
0.820817
-0.179595
-1.79817
-4.12125
-6.26235
-5.1495
-1.83069
2.13309
5.20728
5.95244
3.73997
0.384836
2.3423
6.87198
8.8556
7.07792
0.908221
-10.4739
-28.0707
-21.8719
-21.8719
-21.8719
-21.8719
-21.8719
-21.8719
6.26804
9.45879
11.2956
10.458
6.70917
3.24029
6.53966
13.1149
18.6854
22.1089
22.9443
21.6584
19.776
18.0482
15.352
11.8838
9.39265
7.75373
6.95628
7.55923
8.64547
10.421
14.0445
17.7701
19.4625
18.9454
17.2692
15.2489
12.4245
8.68819
6.70414
6.12277
3.74876
-0.249959
-4.02117
-7.82473
-9.14846
-4.63515
-1.05433
-0.719662
-1.56063
1.08391
4.88918
7.35247
8.86981
9.60486
10.0305
14.4926
24.3394
36.3485
48.8412
57.743
64.4392
69.3075
72.8682
75.1202
75.8317
75.4409
75.2494
76.0312
77.7113
79.5686
80.814
80.65
78.845
75.7008
73.4969
74.3878
74.8523
72.4877
67.0666
61.7016
60.4859
60.6184
58.784
54.7376
48.8583
41.205
31.5922
20.4418
12.9678
11.4753
12.2812
12.8778
12.5626
12.801
15.8529
19.2488
20.6235
19.5814
16.4684
11.8471
7.11936
5.68314
6.1127
4.3973
1.66782
0.71539
0.761686
-0.859521
-4.00276
-4.88519
-0.992003
2.25489
2.75978
1.93519
1.46639
0.748051
-1.61133
-7.02648
-16.3201
-34.0959
-21.8719
-21.8719
-21.8719
-21.8719
-21.8719
-21.8719
7.05183
8.82861
8.16353
5.48018
3.23241
3.79748
6.0619
7.69221
8.28634
7.74609
7.3586
7.52448
6.66033
4.09517
2.07273
1.1531
1.03425
2.1532
5.82082
9.64951
12.0626
13.0336
12.47
10.3321
6.87842
4.45007
6.21522
9.37339
10.7321
9.70126
7.424
6.56257
7.02267
6.25655
3.95699
1.98009
1.31959
0.213418
-0.957397
-0.972972
-1.71642
-3.06276
-1.10945
2.48894
4.24269
3.74432
6.32156
16.9067
29.1674
40.7775
50.087
56.4475
60.5475
63.1246
64.7798
66.3723
68.4777
70.4602
71.901
73.0009
73.1998
71.3966
66.813
60.0976
55.4773
57.2358
61.1378
63.4717
63.4556
60.8527
56.2664
51.8277
50.184
50.7347
51.1882
49.0481
43.4749
35.1423
25.8202
15.7218
8.98541
8.73643
10.6585
12.642
13.4203
13.6803
15.4055
17.9048
18.9164
17.8145
14.6327
9.31454
2.72598
-1.08343
0.161322
0.668025
-0.334751
0.61706
3.27741
4.11486
2.74404
1.6016
3.65169
6.89582
8.35671
7.8687
6.17548
3.79069
-0.63654
-8.35035
-20.0141
-36.8378
-21.8719
-21.8719
-21.8719
-21.8719
-21.8719
-21.8719
-2.04555
-2.23197
-0.898202
-0.481195
-0.476579
-0.282565
-0.0763118
-0.211897
0.917458
3.85378
7.1065
8.97826
9.59497
10.166
12.0486
15.2177
17.7663
18.8061
19.0765
19.8489
20.4098
19.2706
15.7581
10.9057
7.07898
4.50402
0.50357
-2.97262
-1.85192
-0.292656
-0.241635
0.362679
1.54081
1.52838
1.15406
2.35499
3.31131
4.05254
5.09865
4.96
1.70446
-4.12334
-4.28353
-0.499799
0.419393
-2.47728
-1.43711
11.7373
23.6016
34.5721
42.2106
46.8402
49.5481
51.3809
52.4112
52.65
51.9897
50.3262
47.8282
46.1266
46.0265
46.1424
46.2069
48.1986
53.0806
58.4499
62.0301
62.9038
60.9719
57.057
53.3675
51.0674
48.2172
43.8799
39.9549
38.1641
35.2971
29.0991
18.3475
5.1398
-0.0446531
1.28867
3.29665
4.34542
5.37403
7.75882
9.92662
10.5363
9.57557
6.74365
1.40498
-6.97689
-14.8342
-13.2061
-8.30318
-6.86283
-8.64405
-10.925
-9.99047
-8.00133
-6.98579
-5.07499
-0.296275
3.42528
3.98603
2.48195
2.08001
2.37259
0.112045
-6.59597
-18.8201
-38.753
-21.8719
-21.8719
-21.8719
-21.8719
-21.8719
-21.8719
-6.18815
-4.94976
-3.30405
-2.8425
-3.37017
-3.43004
-1.27693
3.60668
8.96949
12.4124
15.2215
18.179
19.6992
18.5782
15.2545
12.4281
12.7627
13.4355
12.5653
10.1483
8.05971
7.51305
9.14783
12.1214
13.4906
12.0394
7.92519
3.40756
0.830537
0.0236874
-0.272063
-0.194841
-0.396917
-2.14061
-4.15768
-3.0652
-0.234655
2.23978
3.51865
3.52911
2.59158
1.63632
0.832123
-1.52553
-6.25128
-11.5695
-5.0268
8.75045
18.5204
24.7863
29.7752
33.758
37.1041
38.6178
38.8793
40.9705
43.4227
43.6067
41.8603
41.0783
45.0635
50.4017
54.1735
55.8974
56.0052
54.5823
51.2216
45.5799
41.3148
41.9735
43.0436
41.8687
38.4515
34.4301
32.8991
33.0198
32.3114
29.0496
21.6631
9.0024
-3.40291
-3.24461
-0.149123
3.02295
4.62122
6.30469
7.84053
7.36562
3.61897
-1.49188
-4.1819
-6.0912
-8.0418
-5.9547
-2.32943
-1.49312
-3.59076
-6.88213
-8.40897
-10.075
-13.744
-14.2098
-6.27223
-0.212762
1.41349
-0.404622
-3.20161
-4.73311
-7.57368
-13.7722
-24.117
-41.6724
-21.8719
-21.8719
-21.8719
-21.8719
-21.8719
-21.8719
-2.55349
-3.44642
-3.40685
-1.21357
1.67685
2.96506
2.16995
0.214586
-0.858696
-0.692044
0.024128
0.0504356
-0.953918
-1.56073
2.31489
7.24562
10.3546
11.0981
9.51906
6.20503
3.16912
2.60446
2.88136
3.09837
2.47882
1.35617
0.696769
1.25255
1.95526
1.34603
-0.115224
-1.66954
-3.72738
-5.90683
-6.95595
-5.51292
-3.62843
-2.44745
-1.44649
-0.870837
-1.07525
-1.80065
-3.76453
-7.7116
-10.775
-5.97474
2.39284
13.7202
26.3255
35.7379
41.8555
44.9423
45.2055
43.2645
40.4802
39.1516
40.1789
41.4398
42.2707
43.3878
44.7815
45.3278
44.5441
42.631
39.3598
36.1352
37.1272
41.7164
44.3827
44.4858
43.4444
42.85
42.1245
41.2009
39.6258
36.694
32.095
26.0969
18.2627
7.84058
1.94837
5.05494
10.2655
12.2793
11.176
9.83655
9.88627
9.05635
6.06232
2.59583
-0.714874
-4.86785
-7.78034
-6.76337
-3.88834
-2.15948
-2.62768
-4.97217
-7.87394
-10.5579
-12.8594
-12.6911
-9.2785
-5.62126
-3.24721
-2.52874
-3.56707
-6.36688
-11.2978
-18.2626
-28.3229
-44.523
-21.8719
-21.8719
-21.8719
-21.8719
-21.8719
-21.8719
1.49415
-0.00325968
-1.33491
1.47609
4.903
5.66943
3.34791
-0.642017
-3.13893
-3.4148
-1.75611
-0.493077
-1.66373
-5.69181
-8.9267
-5.3491
-0.831236
1.29126
1.4426
0.973153
0.84652
2.09306
4.85299
6.81032
6.3938
4.0027
0.85505
-2.26799
-5.22109
-8.02562
-7.92544
-5.54156
-3.57932
-3.16236
-3.65334
-3.97887
-3.72099
-3.14277
-2.47309
-1.79854
-1.31963
-1.18978
-2.11351
-4.45908
-6.64643
-4.58342
1.24587
10.594
24.1751
33.4253
38.7162
40.4495
40.4032
41.3637
43.7191
45.4973
45.5115
43.4236
38.7606
34.4137
34.3927
35.258
34.5541
35.4334
40.7305
45.8686
48.2576
47.6871
44.6116
41.1547
39.5832
38.4763
36.8519
34.3708
32.183
29.9852
26.8405
21.8783
13.7814
5.04746
2.17538
6.3535
12.0825
15.3377
15.5311
14.1715
13.1616
11.5281
7.83466
3.74812
2.00861
0.0214795
-2.36483
-1.46227
2.36303
4.64654
4.06763
1.25327
-0.983276
-1.21387
-1.15658
-0.782043
0.0533647
0.48746
-0.0614574
-1.37734
-2.91713
-4.39867
-6.77465
-11.9626
-21.7792
-40.8483
-21.8719
-21.8719
-21.8719
-21.8719
-21.8719
-21.8719
-0.507421
-1.49782
-2.00974
1.52565
4.83729
6.27397
7.44301
8.4338
7.3953
3.02371
-3.91826
-7.47657
-7.4819
-6.64477
-4.79341
-1.20206
2.10469
3.63047
2.38743
-1.45977
-4.59131
-3.44898
-1.86668
-1.89642
-1.3575
1.71374
4.65762
5.70117
5.05861
3.2417
0.109755
-3.23655
-2.90552
-1.39164
-2.21341
-3.90044
-3.00974
-1.85506
-2.81822
-4.68426
-5.16324
-5.09488
-4.81898
-4.26898
-4.03074
-3.9209
1.22669
18.0079
32.9214
41.9542
45.8298
45.6987
43.3523
41.5263
40.8256
41.1434
42.2464
41.9897
39.6335
37.4536
39.2077
43.3213
46.9752
48.9778
49.5641
48.7861
46.0462
40.7896
35.6553
36.4272
37.9673
37.4506
36.1193
35.6228
35.714
35.0296
32.81
28.3948
20.7357
10.1122
2.23913
-1.49559
-3.92375
-2.82283
0.911681
4.40317
5.65565
4.27133
1.26179
-2.06403
-5.3378
-8.41575
-5.8635
-1.55698
1.56907
2.08874
0.323044
-1.72161
-1.7744
-1.51135
-0.884683
0.386022
0.831693
-0.590792
-3.1044
-5.11183
-6.23934
-6.80764
-8.75305
-13.4838
-23.0267
-39.1017
-21.8719
-21.8719
-21.8719
-21.8719
-21.8719
-21.8719
-3.78213
-3.26784
-3.9636
-4.23547
-4.45362
-6.01944
-6.31672
-3.89685
-2.48398
-4.29892
-8.61459
-12.3706
-11.9777
-9.51481
-7.55075
-6.91343
-8.04495
-11.0368
-13.6614
-11.0493
-5.91225
-1.70529
0.659098
1.40564
0.840565
-0.308879
-0.859558
-0.610865
-0.419193
-2.0312
-5.78166
-10.9074
-13.2924
-11.2984
-9.32252
-8.34102
-8.0846
-7.81885
-7.61945
-7.92727
-9.29704
-8.62326
-5.26706
-2.75482
-1.77608
-1.38707
5.28295
23.5356
39.1526
49.7543
56.5847
60.1686
60.6205
57.924
52.2488
45.5426
43.9553
46.3261
47.9714
47.9388
46.907
45.4308
43.5965
41.674
40.1559
39.3027
39.1338
39.3574
39.3626
38.8684
38.6547
38.6284
37.8262
36.3027
35.1943
33.9616
31.0618
25.7001
17.7786
8.0778
-0.355233
-4.76196
-6.73371
-9.1845
-13.2783
-14.9306
-10.5466
-6.82109
-5.3518
-5.22893
-5.12498
-3.52743
-0.949213
0.994738
1.54299
0.533969
-1.48346
-3.54749
-5.46224
-8.02913
-10.5994
-10.1836
-7.78599
-4.70962
-1.27369
0.862441
0.520716
-2.97528
-9.33156
-18.5256
-31.2399
-50.0528
-21.8719
-21.8719
-21.8719
-21.8719
-21.8719
-21.8719
-3.31378
-4.02319
-7.4244
-10.6534
-10.3667
-9.71211
-10.9234
-12.4737
-11.1037
-8.31556
-6.56112
-6.53051
-5.70605
-1.64597
2.40815
3.99469
3.24028
1.58745
0.823695
0.273949
0.275037
2.08289
3.95403
4.04557
2.38351
0.218257
-0.634574
-0.451529
-1.43563
-3.77897
-4.01368
-1.52947
-0.832604
-3.11845
-6.95966
-9.0009
-9.12861
-8.75075
-8.48
-9.64531
-11.3195
-9.63303
-6.78296
-5.99136
-6.47872
-6.70925
-0.635567
20.2654
38.8464
51.4444
58.6088
61.5468
60.8594
57.1125
51.8922
49.2255
50.7901
51.9612
50.8282
47.1531
41.4974
37.1174
39.1877
43.1898
46.9729
49.177
49.1074
46.7346
43.6253
41.2746
38.747
36.0763
34.963
35.687
36.96
38.2167
37.9194
34.3734
26.6651
14.9061
1.20465
-3.19122
-2.09978
-2.9477
-6.65323
-8.74407
-8.03267
-8.68199
-10.9437
-8.93993
-4.63839
-2.09365
-2.07639
-3.96222
-6.43291
-7.65687
-6.86774
-5.94513
-5.51862
-5.74469
-6.39139
-6.51135
-4.65356
-1.83799
-0.0544551
-0.571631
-3.59562
-8.65367
-14.2693
-20.7801
-31.3528
-51.1613
-21.8719
-21.8719
-21.8719
-21.8719
-21.8719
-21.8719
-3.02991
-5.52325
-6.33208
-3.89399
-0.999936
0.0227727
-1.09175
-2.96341
-3.00502
-1.26148
-0.606186
-2.95202
-7.50674
-9.42939
-5.0961
0.310958
2.72335
1.46454
-3.1537
-8.24654
-8.41237
-5.28657
-2.62477
-1.15243
-1.61349
-4.05244
-7.29993
-9.50278
-10.6591
-11.8437
-10.6455
-7.69538
-4.04598
-1.17491
-0.58988
-1.56963
-0.605735
2.27043
3.56023
2.49322
-0.900778
-5.96997
-10.6944
-12.8171
-11.6168
-7.47629
-2.71218
3.42431
21.5267
42.6032
56.0784
63.7658
67.5627
68.0857
65.6501
61.1016
57.4204
58.9795
61.5959
62.0168
60.4239
59.1709
59.8258
60.1452
58.516
55.4458
52.275
49.2656
45.9113
43.6075
45.9004
49.3605
50.6549
50.6001
50.5402
50.5913
49.1761
45.1711
37.5438
24.9115
10.1225
3.69737
4.25701
3.28994
0.602362
-2.54488
-4.65198
-5.18305
-6.39796
-8.61466
-8.41275
-5.5118
-3.84037
-5.3867
-10.3635
-16.4567
-16.8884
-12.6822
-8.92139
-6.41721
-5.7609
-5.99224
-4.57688
-2.54681
-2.43532
-4.72687
-7.86595
-9.75995
-11.8848
-16.7222
-26.2859
-42.9162
-21.8719
-21.8719
-21.8719
-21.8719
-21.8719
-21.8719
-7.34221
-4.8848
-2.53148
-0.0260731
1.62171
1.83174
0.50948
-1.86865
-3.47823
-3.10399
-0.789054
1.71913
2.837
2.12486
-0.155977
-2.73995
-3.86016
-3.6018
-2.73503
-1.48945
-0.987319
-1.83354
-3.53095
-4.70157
-6.44024
-8.55836
-7.68008
-4.03359
-0.432565
1.3944
1.24302
-0.12209
-0.31461
0.917565
1.12103
0.0815911
-0.9609
-1.25012
-1.91529
-3.3209
-5.21165
-6.44396
-5.9943
-3.83691
-1.3098
0.0594068
0.16245
8.56871
23.9057
39.9353
51.9607
60.0649
64.9356
66.9175
66.0593
63.0789
62.0533
64.8323
67.1573
67.5863
66.1882
63.251
59.7724
57.1671
54.9305
53.2727
55.1043
57.9146
59.3887
59.8691
59.2859
57.7983
56.631
56.8981
57.586
57.3281
55.0854
49.4997
39.4941
24.8511
12.5142
6.36481
2.14576
0.338616
0.177748
1.19379
3.31615
4.8518
4.2403
2.21384
0.473042
-1.21501
-4.43101
-8.87991
-12.5469
-15.3617
-15.7429
-12.1041
-6.62081
-3.17983
-1.50266
-0.612357
-0.656473
-1.96868
-3.70912
-4.91476
-5.84449
-7.58151
-10.9578
-17.4448
-28.1274
-45.6674
-21.8719
-21.8719
-21.8719
-21.8719
-21.8719
-21.8719
-6.29287
-6.81923
-9.46916
-12.8379
-12.2274
-9.51559
-8.294
-7.96812
-6.02446
-3.58148
-1.68008
-0.0195819
1.83521
2.11612
-0.148113
-3.83637
-4.41123
-1.51654
0.494193
0.281766
-2.02485
-5.37318
-7.90649
-8.54421
-9.63985
-12.1639
-13.2963
-9.6628
-5.61657
-4.11041
-4.15666
-4.41306
-4.85526
-6.86141
-10.1045
-11.4465
-9.53637
-8.77129
-10.4974
-13.6453
-14.2623
-10.1934
-6.28319
-4.26272
-3.78163
-4.67021
-5.8679
4.01335
16.8939
27.3975
34.2651
41.256
48.4335
52.6237
53.2268
52.0919
52.5388
53.5163
52.617
50.3925
50.9325
54.3383
56.8016
57.2053
56.4317
56.0322
57.2463
59.4083
60.8631
60.1373
57.1337
54.2942
54.0968
55.3618
55.8858
54.9093
51.6146
45.4212
36.715
24.126
10.2582
-2.45887
-5.46479
-7.42995
-9.38613
-10.494
-10.3497
-7.99289
-4.48181
-1.74135
-0.730999
-1.56098
-3.96195
-7.61799
-10.1316
-10.462
-9.54153
-5.23955
-1.24647
-0.587588
-3.65366
-8.13184
-9.1224
-7.91719
-7.73458
-8.02725
-7.85254
-7.9263
-9.6369
-14.6369
-24.7947
-42.0664
-21.8719
-21.8719
-21.8719
-21.8719
-21.8719
-21.8719
-5.66904
-7.06713
-8.75498
-11.7103
-13.4506
-11.704
-7.60493
-3.80648
-2.23664
-3.24464
-5.61023
-5.60544
-2.33044
0.533649
0.921681
-1.07015
-3.55436
-4.05303
-3.88516
-5.21314
-7.52918
-9.43735
-10.3961
-10.5027
-9.57245
-7.33758
-5.59388
-5.73329
-7.06461
-8.23576
-9.14846
-9.96194
-10.1735
-9.49927
-9.37613
-10.2714
-11.7274
-11.8801
-10.6012
-8.88354
-6.56939
-4.77546
-4.25629
-3.22405
-1.46952
-1.11404
-0.967627
5.54653
15.4323
26.0408
35.9537
43.2647
46.9957
47.2702
44.9928
43.3985
45.8883
50.5527
54.0442
55.4647
56.0067
57.4081
58.6219
57.8
54.5416
51.2452
52.1676
54.4443
54.6945
53.2465
52.629
53.6599
54.139
52.812
49.8377
45.4502
39.2853
30.615
19.0802
4.73219
-7.29556
-11.9507
-10.6257
-7.87749
-5.47204
-4.90574
-5.01634
-2.28052
1.42138
3.09475
1.84613
-1.19641
-3.35204
-3.45833
-3.47807
-4.659
-6.69314
-8.24294
-8.23345
-8.32564
-8.46832
-7.83262
-6.55606
-4.72696
-3.20011
-3.35085
-5.13532
-7.10537
-9.24964
-14.0165
-23.3587
-39.9962
-21.8719
-21.8719
-21.8719
-21.8719
-21.8719
-21.8719
-4.56322
-9.82957
-11.6169
-7.39837
-4.68243
-4.13609
-3.58955
-1.91542
-1.15638
-2.53847
-3.81435
-1.76987
1.12757
3.45457
5.13087
5.21399
3.16666
0.244421
-0.649985
0.318819
0.793672
-0.16254
-1.59816
-1.23684
-0.332736
-0.748327
-3.00895
-5.88792
-6.70086
-5.64243
-3.68113
-1.63298
-1.0763
-2.84036
-5.55761
-6.42568
-5.94371
-4.85177
-2.78563
0.193972
2.28445
1.74667
-2.07931
-7.62415
-8.4418
-5.77799
-1.97811
6.20441
19.6622
30.3296
38.3508
44.4935
48.4597
50.035
49.113
46.3305
44.2514
44.7222
46.3616
47.2615
46.736
45.4802
44.3115
43.5979
44.026
46.727
49.5885
50.7712
50.4626
48.9877
46.1179
42.7225
42.0079
43.7694
44.268
42.8884
39.4006
33.0654
23.1531
8.76472
-0.0996133
-2.11946
-3.06233
-3.20496
-2.25685
-2.4979
-4.44907
-7.15282
-8.30141
-5.64226
-2.6961
-2.32404
-4.28523
-6.68516
-7.78823
-9.31426
-11.6981
-15.4745
-16.5026
-10.9905
-5.1456
-2.15168
-1.65415
-2.01726
-2.26393
-2.86147
-2.88572
-1.90166
-2.33289
-6.65074
-16.254
-33.2839
-21.8719
-21.8719
-21.8719
-21.8719
-21.8719
-21.8719
-4.22527
-5.9732
-4.29332
-2.63335
-2.30121
-1.8752
-1.03273
-0.210151
0.153875
-1.00923
-3.63582
-3.23529
0.768699
3.31821
3.42417
1.33165
-2.06982
-3.9794
-1.26441
2.09913
3.23739
2.83703
2.13881
1.86105
0.662043
-1.99335
-5.24345
-5.75271
-2.06648
1.23606
2.09193
0.796882
-1.78558
-3.81346
-1.94604
3.07121
5.71129
4.95758
2.01438
1.45392
3.78224
5.0013
3.95732
1.10398
-1.34922
-2.24057
0.280812
6.88998
16.9779
25.9165
34.5296
42.17
47.0962
48.7324
47.4679
45.2833
45.433
47.3271
48.8371
49.8583
51.6598
54.6963
57.3568
57.8903
55.6891
51.101
46.5855
45.7013
46.6434
47.6235
48.4523
48.9798
48.6888
47.481
45.235
41.308
34.8708
25.4567
13.3674
-0.630665
-3.74176
1.63092
7.53395
10.3217
9.92611
7.21216
3.66301
0.945352
1.54245
5.11681
8.35052
9.41469
8.12097
5.40002
2.61656
-0.456239
-5.05249
-9.31637
-8.85185
-5.11853
-1.15789
0.532079
-0.330317
-1.63987
-1.31402
-1.26829
-2.14605
-1.93346
-1.97665
-5.43716
-14.4615
-31.601
-21.8719
-21.8719
-21.8719
-21.8719
-21.8719
-21.8719
-0.385504
-0.816209
0.758731
4.28576
7.18724
7.6043
5.3955
1.86092
-0.229129
-1.43487
-2.62454
-1.54809
1.16702
2.00753
0.282663
-1.85404
-0.594725
2.47687
4.07635
3.75948
2.43041
1.5734
1.78696
1.9602
0.645875
-1.95154
-3.4274
-1.37281
2.66139
5.36695
5.39089
3.53864
2.02467
1.70617
2.86334
5.46052
6.58666
4.53784
0.112397
-1.06211
1.47972
2.93826
2.34347
2.11744
4.00768
5.65614
6.52252
12.2839
24.6119
36.934
45.8847
51.8835
54.7495
54.7083
52.1939
48.5069
47.1726
50.1486
53.93
56.1908
57.3518
58.0666
58.107
56.7583
54.2034
52.6404
53.1112
53.5064
53.0496
52.4274
51.3539
49.3112
47.4506
46.3219
44.3564
41.1612
37.2331
31.6456
23.1734
12.1054
6.92516
8.23296
10.9212
11.7504
10.573
8.92186
7.65249
5.11334
0.867302
-0.0614101
4.08666
6.76071
6.22746
2.76695
-2.35849
-6.79631
-7.79576
-5.59578
-3.33961
-0.388084
4.06602
6.909
7.02103
4.93123
1.72022
-1.23056
-0.563404
2.10752
2.05047
-2.40158
-12.6359
-30.1132
-21.8719
-21.8719
-21.8719
-21.8719
-21.8719
-21.8719
0.935354
-0.562314
-2.83597
-2.4483
0.874889
2.82165
1.77003
-2.16873
-7.45482
-10.6654
-8.81576
-5.79792
-2.95165
-0.16713
1.19859
0.595807
1.80089
6.47335
9.40739
8.8184
4.85195
-0.183802
-1.6001
-0.972202
-1.95296
-3.16847
-2.05645
-0.26537
0.560878
1.62322
3.11022
4.49043
6.23235
7.16347
5.87206
2.38803
0.813908
3.2204
5.67322
7.09341
8.21871
8.16607
5.91894
2.06148
-0.0903077
-0.00939635
0.786152
10.3326
23.2894
34.2444
41.6515
48.0332
53.0397
55.4271
54.727
51.5668
48.3281
46.9678
46.8676
47.4731
49.4349
52.3125
54.5781
55.2346
54.3789
52.8076
50.6111
47.4507
44.6295
45.0487
47.1687
48.3903
47.9589
46.017
42.884
38.3187
31.5819
22.2511
11.275
2.24774
1.57074
0.981448
0.626338
1.96343
4.08302
4.78288
3.7875
1.33123
-1.85245
-2.77054
-1.42599
-1.01802
-2.39158
-4.40774
-5.60766
-6.13849
-6.73443
-4.75451
-1.25851
-0.176214
-1.506
-0.633868
3.03339
4.66823
3.4847
1.51321
0.660142
-0.88879
-5.48609
-13.9833
-27.4867
-48.1206
-21.8719
-21.8719
-21.8719
-21.8719
-21.8719
-21.8719
-5.47456
-2.39933
-1.15653
-1.93146
-3.05244
-3.53415
-4.94452
-7.65964
-8.41814
-5.77139
-3.5343
-3.54027
-5.14738
-5.41428
-3.85119
-3.33335
-4.95638
-7.49274
-7.92418
-6.59389
-5.59433
-4.25707
-1.58332
0.010519
-1.37244
-4.89673
-5.54447
-2.87011
-0.841842
0.50033
1.32645
0.56608
-2.27091
-5.61835
-7.1673
-6.04448
-3.59654
-1.8106
-2.76923
-5.91383
-8.29791
-6.27832
-3.70411
-3.41165
-4.93151
-6.34703
-2.10003
13.866
26.1524
35.7586
41.8232
45.3412
46.6459
46.405
45.5664
44.6667
43.9848
44.2421
45.9642
48.487
51.3097
53.6344
54.3739
53.011
49.9227
46.4363
43.8117
42.424
42.6113
43.5994
43.6998
42.2132
39.8298
37.116
33.2479
27.9304
22.8795
18.3079
11.6713
3.88802
0.118471
-3.04705
-4.53909
-3.76261
-2.05313
-1.31173
-2.15314
-4.18554
-6.00704
-4.83805
-0.818763
1.92381
1.90669
-0.95427
-5.31219
-7.7481
-7.17084
-6.01868
-5.88787
-6.76164
-8.23489
-7.54316
-4.29882
-1.81881
-1.23762
-2.12965
-3.99668
-7.77988
-14.5286
-24.6565
-37.4137
-56.8063
-21.8719
-21.8719
-21.8719
-21.8719
-21.8719
-21.8719
-13.9351
-13.6957
-12.2953
-9.95094
-8.46479
-8.61549
-9.50012
-10.3326
-10.7956
-9.8922
-7.19725
-5.78136
-6.79268
-9.58154
-10.5181
-10.0892
-10.683
-12.3137
-12.1713
-10.4727
-9.1631
-7.94811
-7.38037
-8.57448
-11.0236
-9.53895
-4.81243
-1.19928
0.663685
0.880325
-0.541258
-3.62527
-7.94356
-12.4994
-15.1033
-14.6306
-12.6738
-11.2777
-11.6692
-13.5773
-14.2551
-11.5474
-9.62173
-10.2782
-11.6233
-10.5048
-6.8417
7.43266
22.7152
35.4104
42.6442
46.8218
48.7952
48.8259
46.8288
43.0383
39.1531
37.7142
39.7695
42.705
45.4199
47.492
48.8443
48.7353
46.921
43.8838
40.7294
39.0208
38.6421
38.5039
37.5238
35.7049
33.5816
31.3702
28.359
23.7981
18.0301
11.857
3.78526
-6.01188
-10.7691
-14.4262
-13.7312
-11.2511
-9.67115
-10.2736
-13.3782
-18.0751
-19.1339
-14.9799
-10.9832
-8.62323
-8.15533
-9.58147
-12.3089
-15.2204
-16.9569
-16.1303
-14.2229
-13.5858
-14.9005
-16.9675
-18.1202
-17.2973
-14.5986
-11.821
-9.89448
-9.42417
-11.4772
-17.4547
-28.4671
-47.3554
-21.8719
-21.8719
-21.8719
-21.8719
-21.8719
-21.8719
-12.1299
-13.5577
-14.0154
-13.0097
-12.161
-11.8569
-10.4346
-8.35202
-7.17001
-5.70001
-3.82276
-3.52908
-5.61125
-8.91703
-11.5676
-14.1895
-16.7005
-16.9048
-15.6095
-13.6682
-11.6772
-10.772
-11.4589
-12.9201
-13.6356
-11.3241
-8.52771
-7.72453
-9.16765
-11.2675
-11.8152
-11.216
-11.115
-12.1735
-13.8681
-15.5797
-16.6454
-17.2148
-17.1223
-14.6805
-11.0577
-7.94652
-6.43059
-6.76345
-8.55031
-11.3856
-11.5967
-6.97341
7.80942
23.6732
34.2719
41.2806
45.4505
47.69
48.6941
48.524
47.5956
47.7987
50.4482
53.62
56.1385
57.6702
57.8969
56.7344
54.3261
51.2178
48.3784
47.1699
47.3752
47.2816
45.6186
42.4459
39.4566
37.909
35.8629
31.9287
25.8141
17.7938
7.52816
-3.6105
-7.10082
-10.3516
-13.5328
-14.9657
-14.4568
-13.8758
-13.2357
-13.2249
-15.0224
-17.0869
-15.8271
-13.9916
-14.1368
-16.6537
-18.8212
-18.8889
-18.6219
-18.1623
-16.582
-16.0525
-17.255
-17.351
-14.701
-12.1942
-11.1176
-11.3932
-12.8593
-15.4544
-19.3398
-25.9744
-36.5159
-53.812
-21.8719
-21.8719
-21.8719
-21.8719
-21.8719
-21.8719
-13.773
-15.2419
-17.2861
-18.279
-17.5663
-15.7054
-13.9457
-13.1449
-12.7398
-12.9961
-14.5526
-16.4334
-16.3507
-15.7479
-14.8575
-15.1695
-16.7621
-18.2989
-17.3882
-15.8399
-14.975
-14.5415
-14.0911
-13.5603
-12.8099
-11.0022
-9.26092
-9.14943
-11.0503
-14.2902
-17.4402
-18.5564
-15.4
-11.7458
-11.0639
-12.7515
-15.0762
-16.4931
-16.8971
-14.3323
-10.9879
-8.78732
-8.07661
-8.92187
-11.3204
-14.4716
-13.171
-5.66598
8.68267
20.046
29.163
39.3739
47.5666
52.6481
54.8817
54.9877
54.1301
53.3257
53.4024
54.621
56.3992
57.9295
58.516
58.0466
56.7886
54.8063
51.8566
49.2971
49.4086
50.9433
51.7484
51.1996
49.5897
47.8314
46.3365
44.0223
39.7595
33.0915
23.5659
11.1661
-0.703423
-8.92792
-9.84343
-8.22612
-8.24659
-9.40574
-9.7102
-9.86129
-11.9312
-15.5668
-17.4246
-15.7337
-12.6154
-10.8
-10.9292
-12.3159
-14.1494
-16.8854
-20.9974
-22.4282
-19.0396
-15.9341
-15.0398
-15.649
-15.9561
-15.2744
-14.2114
-13.9986
-15.9583
-21.7453
-32.7066
-51.3033
-21.8719
-21.8719
-21.8719
-21.8719
-21.8719
-21.8719
-8.34807
-9.58545
-11.9193
-14.022
-16.2816
-17.831
-16.4811
-13.259
-10.3634
-8.89742
-9.1308
-10.2032
-9.96221
-8.89733
-8.46983
-7.81284
-5.5872
-3.03123
-2.14491
-3.45553
-6.64517
-10.8437
-15.1611
-18.182
-17.6747
-15.9371
-14.8058
-13.9216
-13.34
-13.7094
-13.9372
-13.0497
-12.5439
-14.1683
-18.8722
-23.8797
-23.1999
-19.9026
-18.5492
-17.1079
-14.7927
-12.2515
-10.2732
-9.34885
-9.59954
-10.1586
-8.22812
-3.20453
6.53098
17.7783
28.2046
37.0018
43.2479
47.1722
49.0755
49.4609
49.6028
50.3478
51.3153
51.8764
52.5902
53.577
54.0578
53.2073
50.507
46.4015
43.7509
45.1497
48.0605
49.6694
49.1856
47.2585
46.0577
46.917
47.6749
46.5233
42.6997
35.8501
25.9549
12.6943
0.904398
-11.6237
-11.9795
-9.76065
-8.2661
-6.92943
-6.34528
-7.24555
-9.34497
-11.7893
-14.9632
-16.8307
-13.2696
-10.3574
-10.4551
-12.1502
-12.4053
-11.5207
-11.5348
-12.3532
-12.4865
-11.3989
-10.4123
-10.6213
-12.3271
-14.9231
-16.3966
-16.1982
-16.9501
-21.2487
-30.7315
-48.3934
-21.8719
-21.8719
-21.8719
-21.8719
-21.8719
-21.8719
-9.24056
-5.1782
-4.14148
-6.41804
-11.2995
-13.6443
-10.3698
-8.04948
-8.261
-10.3805
-13.0125
-15.4518
-16.449
-15.7509
-14.5374
-12.724
-9.9203
-7.50192
-6.12987
-6.08438
-7.58639
-11.1012
-15.6846
-15.9214
-13.0209
-9.6582
-6.29557
-3.49795
-2.40747
-3.59583
-6.15925
-8.2124
-8.83586
-9.94522
-12.6886
-16.4232
-19.1838
-18.4368
-16.074
-14.183
-12.5972
-11.1648
-10.0419
-9.03396
-7.6623
-6.7416
-5.67807
-3.36631
1.35427
10.2573
20.2967
29.6178
35.9713
39.4874
40.7748
40.767
40.7214
41.4457
42.7631
43.8051
44.395
45.1389
45.9664
45.8203
43.9393
40.814
38.3476
37.9265
39.1303
40.6909
41.7294
42.149
42.1081
41.921
41.2618
39.5776
36.247
30.3694
20.8149
6.99161
-3.24843
-10.0801
-12.7754
-12.8791
-10.9983
-8.82983
-7.85644
-8.59712
-9.71549
-9.96453
-10.5677
-12.7387
-15.3727
-16.4833
-15.867
-14.8517
-13.6967
-13.1571
-13.1061
-11.9489
-8.43364
-5.65372
-5.67397
-8.47123
-12.7629
-16.0626
-17.185
-17.3709
-18.905
-23.9315
-33.6757
-50.1136
-21.8719
-21.8719
-21.8719
-21.8719
-21.8719
-21.8719
-14.1624
-9.87623
-7.50569
-8.08376
-11.4811
-15.2931
-15.5573
-14.5822
-14.6087
-15.7439
-15.9777
-14.9592
-14.0689
-13.8292
-13.4283
-12.0821
-10.6343
-10.5728
-12.3034
-13.5978
-12.574
-10.8481
-10.4715
-10.4657
-10.6754
-11.5815
-11.9983
-10.888
-9.73122
-9.56872
-9.68955
-9.51886
-9.55546
-10.3346
-12.1839
-15.2508
-19.1968
-22.6096
-22.3154
-18.6924
-16.2462
-15.4533
-15.2992
-13.3794
-10.0807
-7.80109
-7.24293
-6.806
-5.19483
-0.5432
4.54344
12.2017
19.1389
24.6534
28.0845
29.4319
29.4553
29.5736
30.8144
32.6144
34.6186
36.788
38.085
37.4486
34.9738
32.5256
32.1795
33.0304
34.1434
35.6065
37.2238
38.5439
39.4236
39.414
37.9044
34.4328
28.775
20.752
10.4651
-1.88234
-9.37371
-14.918
-18.4072
-20.5678
-18.7807
-14.4305
-10.9168
-9.45945
-9.0495
-8.11445
-7.48076
-8.84694
-11.763
-13.9889
-13.2953
-11.4329
-10.3514
-10.6342
-12.3511
-15.3674
-16.6924
-13.4493
-10.9477
-11.5986
-15.1421
-18.5911
-17.5729
-15.2566
-15.5174
-20.0239
-29.8947
-46.8352
-21.8719
-21.8719
-21.8719
-21.8719
-21.8719
-21.8719
-18.6095
-18.3663
-17.266
-15.7359
-15.2402
-16.6032
-19.73
-22.9713
-22.5765
-21.1751
-19.6432
-18.9757
-17.7529
-16.2043
-14.0091
-13.1008
-14.2021
-16.8775
-18.4281
-16.4371
-12.7238
-9.77635
-9.22436
-11.5177
-15.6145
-16.4542
-13.1527
-10.9136
-10.5319
-10.4823
-10.1164
-10.6504
-13.1313
-16.4323
-19.2082
-20.6752
-20.4079
-16.8858
-12.4564
-9.65987
-9.77229
-13.0455
-18.8337
-23.1771
-19.2741
-14.1481
-11.9103
-11.2642
-10.3277
-6.21309
-4.22274
3.11725
10.3016
14.4857
15.479
14.2142
12.5637
12.8462
15.5355
19.4006
22.0678
23.0151
22.9024
21.9926
20.7648
20.1109
20.2807
20.6842
22.1097
24.6492
26.7195
27.273
26.347
25.0065
23.7628
21.465
16.578
8.60616
-1.20072
-9.4902
-13.23
-17.518
-20.4911
-19.486
-16.4474
-14.3276
-14.1555
-15.2816
-16.048
-16.7584
-18.1055
-18.8323
-17.2377
-16.3449
-17.2343
-18.7705
-18.6911
-17.2946
-16.3252
-16.3025
-16.58
-17.3101
-19.3925
-22.5621
-23.3413
-19.8401
-16.2346
-14.6575
-15.7874
-20.3429
-29.8435
-46.5658
-21.8719
-21.8719
-21.8719
-21.8719
-21.8719
-21.8719
-19.8035
-20.5181
-19.198
-18.345
-18.1666
-18.0157
-18.1006
-18.9054
-19.6368
-20.71
-22.0556
-23.5438
-23.7145
-23.2754
-20.8751
-17.2155
-13.8426
-12.2745
-12.6814
-13.8896
-14.2278
-12.4218
-10.6688
-10.8778
-13.9886
-18.9271
-23.1619
-25.1686
-25.8825
-24.1206
-19.9916
-17.2905
-17.2632
-18.3035
-17.8139
-16.4892
-16.5324
-16.5173
-14.6531
-12.6531
-13.0437
-16.4699
-22.0429
-26.0391
-25.0012
-23.7569
-24.7117
-22.9339
-21.0729
-14.0929
-19.0121
-11.1703
-3.3397
1.82053
3.28292
2.17592
0.727576
-0.286808
-2.0212
-2.43197
-0.12253
2.49458
4.91539
7.05842
8.04685
7.2976
4.77532
2.35748
3.56169
5.39294
5.51367
4.01988
2.16403
-0.54205
-3.24058
-5.4842
-7.3829
-9.35349
-11.4406
-13.2786
-13.893
-15.1482
-15.9888
-17.7086
-20.1201
-21.5622
-22.2977
-22.9741
-20.4608
-16.5333
-13.929
-12.5148
-12.0496
-13.0074
-15.745
-19.331
-20.4652
-18.3171
-16.3666
-15.5369
-15.298
-16.1362
-18.8371
-21.8509
-22.0245
-20.6527
-18.9176
-17.4132
-17.7323
-21.797
-30.6369
-47.6102
-21.8719
-21.8719
-21.8719
-21.8719
-21.8719
-21.8719
-18.625
-17.9816
-17.8631
-17.8708
-16.5417
-14.821
-14.6349
-15.5927
-15.8387
-15.7054
-16.1495
-17.4176
-18.7537
-19.7941
-18.064
-15.9142
-14.8728
-15.136
-16.2175
-17.731
-18.3294
-17.5203
-17.0322
-16.8079
-16.8224
-17.1261
-18.5888
-21.1828
-22.623
-21.761
-21.3485
-22.7723
-23.8844
-21.6398
-18.3733
-15.0893
-12.9812
-12.5173
-13.5885
-14.4995
-15.0055
-16.2976
-18.4247
-20.3681
-21.0272
-22.4898
-23.9089
-21.6065
-19.9276
-15.036
-18.3145
-15.9722
-15.5254
-13.1231
-8.85235
-4.00543
1.25498
4.72751
6.11491
5.49127
3.78776
2.40679
1.60024
0.878716
-0.722693
-3.19016
-5.04472
-6.43588
-7.25825
-8.4629
-8.01867
-7.7204
-8.15991
-9.52149
-8.30919
-8.68627
-11.412
-15.1027
-16.672
-16.2348
-15.5601
-17.4332
-18.3832
-19.0393
-20.4718
-20.4177
-17.5185
-14.8568
-14.3146
-14.655
-15.3869
-16.9581
-18.39
-18.8556
-18.9158
-19.9908
-21.4044
-22.2577
-21.2982
-19.155
-17.6169
-17.483
-18.2934
-18.1488
-16.1844
-14.0336
-13.0565
-13.6808
-16.2323
-21.7018
-31.4372
-48.3549
-21.8719
-21.8719
-21.8719
-21.8719
-21.8719
-21.8719
-18.7196
-18.0905
-18.1551
-18.4149
-18.5467
-19.3027
-21.0405
-21.2109
-18.5445
-16.5039
-16.5379
-18.8916
-22.0199
-22.6217
-20.0154
-18.0709
-17.6108
-18.4588
-20.0723
-20.8928
-20.3474
-18.8663
-17.1254
-14.9342
-14.1202
-15.7444
-19.0388
-20.3092
-17.2503
-14.2883
-13.4943
-14.7616
-16.2285
-16.4274
-16.9064
-18.2105
-19.094
-18.9829
-19.6277
-20.2151
-20.7286
-22.0701
-23.4945
-23.8531
-22.91
-22.5438
-21.5862
-17.7989
-16.2581
-12.5734
-16.0888
-14.5373
-12.1417
-8.01771
-3.5688
0.205074
3.72243
6.33594
7.60923
6.91426
4.46237
1.66715
-0.0684438
0.274034
-0.393035
-2.78544
-5.97994
-9.03737
-10.7759
-11.4661
-11.5225
-11.9682
-12.2892
-14.6659
-14.0623
-13.6339
-14.0825
-15.4746
-17.4072
-19.7218
-20.17
-18.981
-15.4165
-13.8783
-15.0901
-17.4874
-18.4087
-18.09
-18.6958
-20.2022
-21.0114
-21.1256
-19.8732
-18.6054
-17.9802
-18.4742
-19.5865
-21.4605
-23.5192
-23.895
-22.7949
-21.1277
-20.0254
-19.7753
-19.8581
-19.6455
-18.8207
-18.1138
-18.773
-22.6522
-31.535
-47.9491
-21.8719
-21.8719
-21.8719
-21.8719
-21.8719
-21.8719
-12.5665
-12.3752
-13.2454
-15.3273
-18.0716
-20.223
-22.3833
-23.9055
-23.0226
-21.6776
-20.7476
-21.4898
-23.1504
-25.1543
-24.3985
-23.8178
-23.8803
-21.6816
-19.0719
-19.1399
-22.2238
-26.0211
-26.9014
-25.0367
-23.3664
-21.4697
-20.4382
-19.9542
-18.3819
-16.0575
-14.9894
-16.4986
-18.7119
-18.2338
-17.4512
-17.9286
-18.3158
-17.7982
-18.8498
-21.1266
-22.9188
-23.5276
-23.9244
-24.0187
-22.9952
-22.2165
-21.2009
-17.459
-15.4414
-12.5359
-16.5884
-17.5825
-14.5872
-8.79984
-4.04116
-0.756988
2.49829
4.96902
6.34461
5.91003
4.05819
2.19438
1.29451
0.958796
0.14269
-1.70866
-4.1593
-6.65549
-7.8812
-9.05664
-12.2256
-15.2676
-16.9708
-22.7494
-23.4963
-22.8262
-20.4657
-18.0779
-16.6274
-16.7504
-16.8601
-17.3628
-17.2436
-17.343
-17.2746
-17.9883
-19.831
-21.1893
-20.7969
-20.2819
-21.0449
-22.7135
-22.847
-21.0904
-19.4532
-19.4235
-20.3903
-21.6498
-23.0995
-24.999
-25.3758
-23.0765
-20.1392
-18.1103
-17.4502
-17.6975
-17.5391
-16.846
-17.3266
-21.1329
-29.804
-45.8953
-21.8719
-21.8719
-21.8719
-21.8719
-21.8719
-21.8719
-10.4965
-14.858
-19.8356
-20.0135
-18.5889
-18.1638
-18.0901
-17.5609
-16.5224
-16.5748
-18.1002
-20.4931
-21.4536
-20.7829
-20.0292
-20.7163
-21.7661
-21.9978
-21.8786
-21.8216
-21.8981
-21.3253
-20.8154
-20.3552
-20.9281
-21.8125
-21.5592
-19.6075
-17.0478
-14.6072
-13.237
-14.1317
-17.3258
-21.5723
-24.8264
-24.7177
-22.8811
-21.8344
-22.6111
-22.0444
-20.3453
-18.2241
-17.0616
-17.7494
-19.5724
-20.445
-18.5825
-15.8117
-16.2281
-14.2475
-20.538
-20.5224
-18.8584
-12.1252
-5.90485
-1.83554
1.35016
3.68578
5.30957
5.62854
4.6565
3.2569
2.3544
2.57859
2.34356
1.07446
-0.474897
-1.2745
-2.06806
-4.76152
-10.4816
-15.3275
-16.5991
-18.4171
-17.3916
-16.803
-17.9745
-20.9618
-21.3432
-18.0101
-16.0796
-17.7391
-19.0676
-18.4645
-17.4762
-17.6679
-19.1882
-20.0372
-17.0869
-13.2356
-11.7421
-12.9121
-14.6445
-15.4151
-16.2984
-17.9885
-18.9687
-19.1329
-20.2395
-22.9727
-24.2067
-21.3273
-17.4387
-15.6751
-16.6727
-18.8742
-17.0371
-13.3047
-12.4201
-15.9939
-25.2197
-42.4794
-21.8719
-21.8719
-21.8719
-21.8719
-21.8719
-21.8719
-14.3115
-16.725
-18.86
-19.2002
-19.7554
-20.3794
-20.2137
-19.6809
-19.1855
-19.2828
-19.7985
-20.156
-19.2902
-17.1487
-14.3442
-13.3601
-15.053
-17.9449
-17.858
-14.6578
-12.2008
-11.6598
-13.1268
-15.0694
-16.4022
-17.5385
-19.0157
-20.274
-20.5114
-19.8836
-18.5924
-17.2733
-16.6329
-17.1268
-18.449
-19.4048
-19.4175
-19.0164
-19.3689
-20.6034
-22.483
-24.5942
-26.4084
-27.1087
-25.4629
-22.2225
-18.7932
-15.4626
-15.3952
-13.6744
-20.2718
-22.9542
-23.5788
-16.623
-9.62154
-4.28499
0.775681
4.41825
6.56586
6.6564
5.02687
2.26675
-0.0465243
0.483495
2.2546
2.70013
1.28876
-1.20414
-3.10469
-4.6247
-7.32044
-9.44682
-10.2919
-10.2909
-8.42021
-7.96937
-9.91724
-14.2432
-18.0535
-17.867
-15.6976
-15.8776
-15.306
-14.8929
-15.9832
-18.6638
-21.2091
-21.0161
-19.06
-16.1948
-13.8492
-13.5438
-15.4815
-19.3807
-22.1603
-21.6366
-20.2032
-20.0916
-19.9469
-19.1662
-18.8
-18.9029
-18.0879
-16.7312
-16.8521
-18.8977
-20.8015
-20.3933
-20.3462
-23.7908
-32.4351
-48.62
-21.8719
-21.8719
-21.8719
-21.8719
-21.8719
-21.8719
-17.4219
-17.2751
-17.3854
-17.9574
-18.5235
-18.1915
-17.5495
-17.6442
-17.9052
-17.5911
-16.9039
-17.0475
-17.3729
-16.4552
-14.997
-15.607
-17.8422
-19.614
-19.6116
-18.1081
-15.4757
-13.2328
-12.3438
-12.2656
-12.7969
-14.3313
-17.7302
-21.9408
-25.0413
-27.0433
-26.9222
-24.5124
-21.6162
-20.3932
-21.4079
-23.4709
-24.2028
-21.2491
-17.8715
-16.5766
-18.0995
-20.9163
-22.2032
-21.9294
-20.7786
-18.7761
-16.6472
-15.562
-17.0427
-16.3621
-22.6575
-20.6043
-16.4834
-10.4823
-5.34696
-1.51762
2.19036
5.05701
6.78356
6.75544
5.32584
3.41093
2.37292
2.12428
1.04583
-1.10135
-3.61643
-5.97962
-7.03505
-7.68841
-9.6633
-10.625
-9.94395
-8.18524
-5.18093
-4.71368
-7.08925
-11.8706
-16.1071
-16.8905
-16.4166
-19.642
-22.2742
-20.0845
-16.6386
-15.6175
-17.1779
-19.3544
-20.1842
-18.5755
-16.5817
-16.5698
-18.5506
-20.5507
-19.7376
-18.3183
-17.7363
-18.5913
-20.76
-23.1927
-22.609
-19.4816
-16.6193
-15.2021
-15.381
-16.503
-17.8336
-19.6426
-22.4943
-27.8358
-36.9379
-53.1112
-21.8719
-21.8719
-21.8719
-21.8719
-21.8719
-21.8719
-12.3072
-13.2111
-14.4294
-15.1192
-16.3253
-18.4152
-19.1501
-17.4088
-16.2265
-17.0665
-18.3176
-19.1158
-19.3634
-19.1426
-18.0577
-18.3657
-20.3927
-22.1307
-20.5106
-17.6377
-16.624
-18.2427
-21.1677
-21.8926
-21.1262
-20.414
-20.8278
-21.8382
-22.119
-21.5059
-20.4944
-19.3942
-18.6421
-19.066
-20.9499
-22.6046
-22.882
-21.762
-19.8032
-17.7996
-17.2199
-17.3562
-16.6908
-15.4527
-13.2558
-12.0032
-12.6976
-14.7193
-19.0628
-17.9754
-20.5393
-13.6096
-7.67477
-3.90962
-2.39866
-1.48907
1.0834
3.56571
4.70729
4.16054
2.24185
0.890633
1.88746
5.23892
7.70817
8.07621
6.58366
4.43477
2.58882
0.698188
-2.21219
-5.07224
-5.25513
-2.06614
0.775344
0.360336
-3.72192
-10.8893
-16.872
-18.2042
-17.7785
-19.4803
-17.1922
-13.3475
-11.7439
-13.1004
-16.9111
-20.0067
-19.6526
-19.2627
-21.1988
-25.3639
-28.0584
-27.5224
-24.7657
-22.3116
-20.6061
-20.2592
-21.586
-23.8853
-23.412
-19.8641
-17.3279
-16.9375
-17.8261
-18.2645
-17.7567
-17.7727
-19.724
-24.9551
-34.0296
-51.0623
-21.8719
-21.8719
-21.8719
-21.8719
-21.8719
-21.8719
-14.7159
-14.5379
-16.2546
-18.1788
-19.2667
-20.47
-20.639
-18.8448
-17.4869
-18.0383
-19.1455
-19.8195
-20.3277
-21.3567
-21.9831
-22.5885
-22.1343
-21.4712
-20.2684
-18.1072
-16.5561
-17.1001
-18.8989
-18.8134
-17.6602
-16.8722
-17.1717
-18.3624
-19.475
-19.5983
-19.3992
-20.2654
-21.4829
-21.6017
-21.0236
-19.9871
-19.716
-19.6323
-19.4991
-18.5619
-18.8594
-20.2212
-20.4699
-17.1715
-13.7416
-12.842
-14.8871
-17.4633
-20.8178
-17.3919
-15.0091
-7.85097
-3.53579
-2.0231
-2.54148
-1.55785
2.49787
5.89057
7.1194
6.40962
4.88044
4.36856
5.9612
8.13164
9.38875
9.37284
8.04206
5.41045
2.60595
1.75158
2.39407
3.34862
4.25163
4.91977
5.10613
3.44792
-0.417577
-6.05309
-11.304
-14.4126
-14.6604
-16.0143
-15.3811
-13.279
-12.2299
-13.2806
-15.865
-18.207
-19.4695
-19.2453
-19.3818
-20.7961
-22.2704
-22.2967
-21.1974
-19.9112
-17.2401
-14.5037
-13.8052
-15.8859
-18.8074
-18.9348
-17.3007
-16.9101
-18.3729
-19.3926
-16.7527
-13.8809
-14.2223
-18.935
-29.1823
-46.5181
-21.8719
-21.8719
-21.8719
-21.8719
-21.8719
-21.8719
-14.0767
-13.4353
-16.3676
-21.6996
-23.9494
-21.298
-19.1358
-19.1737
-20.5928
-22.4429
-23.4321
-23.0083
-20.6312
-19.5593
-19.9916
-20.8621
-20.9105
-21.6842
-22.9434
-21.1998
-17.9658
-15.7717
-14.845
-14.5301
-14.6537
-14.47
-14.0082
-14.2684
-16.094
-19.3374
-21.6574
-21.409
-20.674
-20.5291
-20.1172
-18.6012
-17.4514
-17.3599
-18.0596
-17.5958
-16.4961
-16.19
-17.5105
-20.3616
-21.5718
-20.4591
-19.5201
-18.0484
-20.146
-13.1672
-8.32107
-3.59814
-1.73527
-1.29114
-0.577009
2.26861
6.79679
9.53947
9.53485
7.38534
6.38549
8.55314
10.9056
12.3276
12.6244
12.148
11.4294
10.1698
8.0858
5.77475
5.3279
7.47869
9.11259
8.67729
6.72367
3.76876
-0.232595
-5.73673
-10.0848
-12.7556
-14.0678
-13.9968
-12.8589
-13.5367
-16.9089
-21.2074
-21.5465
-18.2044
-14.8602
-12.7154
-12.3913
-13.9397
-15.8556
-17.0868
-18.3663
-19.5971
-18.8165
-17.3467
-17.1433
-18.6203
-20.6606
-21.7769
-21.6339
-21.191
-21.6692
-21.7523
-19.8926
-18.3401
-19.2545
-24.0214
-33.3807
-49.7707
-21.8719
-21.8719
-21.8719
-21.8719
-21.8719
-21.8719
-20.6742
-18.4102
-17.5999
-18.3168
-18.9611
-18.3897
-17.6111
-17.7075
-18.6422
-21.2475
-24.7442
-25.145
-21.7862
-19.9682
-20.1355
-20.6085
-19.8188
-19.2342
-19.4366
-18.5721
-16.0536
-14.1238
-14.3071
-16.5277
-19.6144
-20.3948
-18.8302
-17.562
-17.4964
-18.406
-19.5596
-19.6985
-18.2709
-16.9562
-16.6061
-16.3595
-16.3285
-17.6458
-20.7064
-22.4058
-21.9095
-20.5078
-19.5688
-19.8751
-20.8258
-21.2906
-20.0954
-18.6664
-16.664
-7.90888
-1.68709
2.27711
3.58324
3.24347
2.82341
5.03352
9.32684
11.8697
11.7439
10.0287
10.2781
13.1303
15.2732
15.4482
13.8517
11.6099
10.3721
9.89556
8.7337
7.2887
8.34233
10.738
11.232
9.17381
6.22598
3.91138
1.26751
-3.4621
-10.2166
-15.6797
-15.3128
-13.7609
-14.5651
-17.5805
-19.6466
-18.7181
-17.7611
-17.5746
-17.5946
-17.2632
-17.2049
-17.3453
-15.2139
-12.5193
-11.6216
-13.0164
-15.5927
-18.0469
-20.641
-22.8668
-23.8034
-23.844
-23.902
-22.9808
-20.6727
-18.1813
-16.0849
-15.0542
-16.122
-20.7877
-30.3875
-47.5437
-21.8719
-21.8719
-21.8719
-21.8719
-21.8719
-21.8719
-21.9567
-22.5709
-19.8524
-16.3142
-14.6811
-14.9309
-15.8847
-16.9162
-18.3067
-20.9544
-23.9469
-25.9614
-25.0405
-23.7493
-23.303
-22.6602
-20.1776
-17.9862
-17.5766
-19.0196
-20.962
-21.8418
-22.4248
-22.5311
-22.208
-20.691
-19.5799
-19.2368
-19.1125
-19.2678
-19.5543
-19.8629
-19.6425
-17.9524
-16.6772
-17.4871
-20.0622
-21.7067
-21.1993
-19.979
-19.6025
-20.6377
-21.384
-20.2534
-19.4199
-20.2689
-21.033
-20.7155
-18.2925
-11.4104
-5.87033
-0.834238
3.2413
6.07499
7.20138
8.04594
10.9417
13.6504
14.0725
12.3576
11.4311
13.4678
15.8029
17.1357
17.2949
16.3941
14.9874
13.9195
13.5708
13.2598
12.8841
12.2413
10.9497
9.78927
9.2092
7.46274
3.03602
-3.43018
-8.05369
-9.52445
-10.5309
-13.2396
-17.163
-19.3467
-18.0862
-16.2268
-15.6749
-16.5763
-18.6483
-19.9181
-18.9347
-17.603
-17.1553
-17.4902
-17.8753
-18.7603
-19.7212
-20.6808
-21.8024
-23.6434
-25.2957
-24.2722
-20.5834
-18.02
-18.0933
-19.3469
-17.8259
-15.1817
-15.2309
-19.4647
-28.9898
-45.6671
-21.8719
-21.8719
-21.8719
-21.8719
-21.8719
-21.8719
-18.2052
-19.8556
-18.118
-13.9244
-12.2189
-13.9221
-17.4269
-18.7559
-17.8323
-18.0281
-19.5247
-21.3901
-20.6977
-18.4813
-17.0243
-16.937
-16.4065
-15.7306
-16.8253
-20.0772
-22.5334
-20.9813
-18.4962
-16.9249
-16.9464
-17.5124
-17.3426
-16.2688
-14.7361
-13.3593
-12.9492
-13.848
-14.8559
-14.3128
-13.2659
-13.8069
-16.544
-19.8027
-20.9422
-20.0676
-19.9569
-21.0554
-22.7239
-24.733
-26.3783
-27.5073
-24.6619
-19.5247
-17.6842
-15.586
-17.8494
-15.4586
-10.9112
-6.21118
-2.74154
0.693225
4.92816
8.18769
9.54972
8.79481
6.8702
6.08053
6.73085
7.39335
7.32961
6.72481
6.2189
6.44289
6.51766
5.57889
4.81142
5.14616
5.23194
4.24015
2.77375
0.254912
-4.42811
-11.0741
-16.0889
-17.9529
-18.3339
-19.252
-18.3242
-17.348
-16.5664
-16.1135
-16.3768
-17.5662
-19.7022
-21.545
-22.6518
-22.2464
-20.3115
-18.784
-19.2757
-22.1119
-25.4091
-25.8907
-23.3396
-20.7191
-19.5727
-18.948
-17.8605
-17.1704
-17.419
-16.5131
-13.8072
-12.1275
-13.1329
-17.8464
-27.2983
-43.8822
-21.8719
-21.8719
-21.8719
-21.8719
-21.8719
-21.8719
-19.9733
-18.4249
-16.8944
-15.6324
-15.1316
-15.2614
-15.5231
-16.1592
-17.4597
-19.328
-20.6714
-21.006
-19.542
-17.7251
-16.789
-16.9599
-16.8893
-16.5957
-17.1969
-18.7397
-19.4871
-17.2301
-14.6789
-13.9777
-15.9225
-18.8517
-20.524
-21.5097
-22.4414
-21.1985
-17.9914
-15.9355
-15.1307
-14.9358
-14.3483
-13.3244
-13.1634
-14.0333
-15.2318
-16.4089
-18.6181
-20.1747
-19.0133
-18.3046
-18.5734
-17.8932
-15.2436
-12.7493
-13.3593
-14.1141
-19.5708
-19.3673
-16.3043
-9.48938
-3.30097
0.376697
2.61199
4.09795
5.63819
6.13877
5.31647
3.84034
2.74082
2.44513
1.18365
-1.1814
-3.52898
-4.79042
-5.35771
-6.73973
-8.56857
-9.82802
-10.74
-13.7135
-15.5913
-17.9087
-20.628
-22.1847
-21.6118
-19.9667
-18.1407
-18.758
-19.737
-20.2262
-19.1154
-18.1567
-18.8577
-20.088
-20.2706
-19.2956
-17.4367
-15.2757
-13.8491
-14.5924
-16.5762
-17.4524
-17.4876
-19.081
-21.7497
-22.3688
-20.0131
-16.8362
-14.9106
-14.6985
-14.8595
-13.4306
-10.4719
-8.41357
-9.01658
-13.5254
-23.2073
-40.296
-21.8719
-21.8719
-21.8719
-21.8719
-21.8719
-21.8719
-16.2367
-16.5192
-16.3042
-14.6569
-12.8995
-12.1095
-12.4055
-14.1707
-17.1666
-19.1795
-18.0161
-16.9494
-17.1242
-17.6777
-17.3749
-17.2267
-17.9871
-19.6239
-20.8405
-19.6796
-17.4767
-16.2951
-15.9376
-14.9857
-13.9663
-13.6624
-14.5754
-16.4511
-18.0679
-17.7499
-16.5775
-16.0002
-15.7795
-15.9531
-16.6223
-16.0547
-14.0488
-12.5283
-13.0891
-15.5367
-18.7773
-20.0526
-19.8804
-20.6278
-20.7269
-17.7737
-13.7692
-11.3263
-12.4346
-13.1691
-17.8049
-16.9623
-15.2247
-11.273
-6.35392
-2.80045
-0.310683
1.37973
3.16054
4.03508
3.66683
2.43788
1.29425
0.87042
-0.135709
-2.36104
-5.05874
-6.53885
-6.19415
-5.58667
-5.85576
-6.94908
-8.96149
-12.5757
-15.3609
-17.5923
-19.2692
-19.8381
-19.7465
-20.1631
-20.1882
-20.8911
-18.3957
-16.0887
-15.862
-17.4815
-19.5112
-19.7093
-18.3684
-16.9149
-16.4309
-17.0295
-18.4344
-20.1706
-19.743
-17.1983
-15.3627
-15.438
-16.568
-16.6964
-15.5232
-15.3904
-17.4105
-20.5922
-21.7265
-19.5107
-15.8864
-13.3261
-13.5973
-17.8267
-26.9343
-43.2402
-21.8719
-21.8719
-21.8719
-21.8719
-21.8719
-21.8719
-20.5844
-20.5569
-21.564
-22.0992
-20.9108
-19.1934
-18.6813
-20.4134
-22.6172
-22.5803
-20.0347
-18.6918
-18.5461
-18.4269
-17.7089
-17.9035
-19.2385
-21.0976
-21.8703
-19.9992
-17.7953
-17.56
-19.9197
-22.8334
-22.89
-20.1084
-17.9911
-17.7645
-19.1583
-21.0324
-22.3176
-23.5807
-24.8735
-24.9981
-24.462
-23.081
-20.6524
-17.1541
-14.5116
-13.212
-12.8981
-12.8309
-13.3551
-15.4498
-18.0904
-19.2235
-18.3919
-16.1759
-14.2584
-11.5615
-12.3786
-11.8577
-11.8832
-10.9962
-9.07898
-6.63477
-3.17497
-0.303884
1.85653
2.4182
1.4725
0.282534
0.566405
3.04426
4.24673
2.98345
0.369727
-1.1518
-0.849672
-0.844445
-1.58285
-2.51912
-3.41663
-4.20423
-4.40839
-6.23912
-10.727
-15.7341
-17.2345
-17.3867
-16.9135
-17.6892
-18.6165
-20.2477
-20.8773
-20.1506
-19.7552
-19.75
-18.5373
-16.0898
-14.9068
-16.2805
-19.5552
-21.9633
-20.4306
-17.1317
-14.3762
-13.2684
-13.9576
-15.6203
-16.6881
-17.4201
-18.9566
-20.5299
-20.5227
-18.7153
-15.3131
-12.2601
-11.8686
-15.4698
-24.3214
-40.9667
-21.8719
-21.8719
-21.8719
-21.8719
-21.8719
-21.8719
-14.918
-15.0604
-17.7305
-20.117
-19.747
-19.5696
-21.1838
-23.5401
-23.622
-22.2493
-20.0031
-17.2635
-14.696
-13.6488
-13.9769
-14.5773
-15.1287
-17.1536
-21.1709
-23.4484
-20.1281
-15.5747
-13.7102
-14.7711
-17.5785
-17.8083
-15.9319
-15.7025
-17.7869
-20.7728
-22.0231
-20.8467
-19.4664
-19.2818
-19.7302
-18.8309
-18.0771
-18.4631
-19.2342
-18.1663
-17.0118
-16.4507
-16.069
-16.5253
-18.0546
-20.3153
-20.7781
-17.223
-12.2276
-8.05907
-5.29493
-2.90476
-1.90442
-1.87393
-1.62844
0.549452
4.7031
7.76447
9.15415
8.69986
6.7354
4.91145
5.68244
7.68277
7.90848
6.02729
3.7871
3.97535
5.80743
6.55375
5.46782
3.39127
0.834421
-3.47247
-8.93033
-14.1738
-18.9171
-21.5979
-21.1242
-19.5981
-17.7008
-17.7585
-18.3522
-18.5856
-18.46
-19.0729
-19.9706
-19.8024
-19.3635
-19.2812
-19.5337
-19.8209
-18.4151
-15.8139
-13.7275
-12.8926
-13.1135
-14.4375
-16.6961
-18.2339
-17.5359
-16.7282
-17.4262
-18.7076
-18.8183
-17.7417
-16.5428
-15.8958
-16.9173
-21.1728
-30.1651
-46.6145
-21.8719
-21.8719
-21.8719
-21.8719
-21.8719
-21.8719
-17.0052
-18.9953
-22.2705
-22.2905
-20.3597
-20.0168
-20.6458
-20.5298
-19.6265
-19.843
-20.5924
-20.1407
-17.3515
-14.757
-13.1124
-12.4602
-12.9149
-15.3017
-19.5768
-22.4357
-21.1433
-18.3654
-16.775
-16.861
-18.235
-18.2862
-17.133
-17.263
-18.9443
-20.2697
-19.8509
-19.1535
-18.6179
-17.9289
-17.8905
-18.8741
-20.3838
-20.5556
-19.9366
-19.1242
-17.8782
-15.939
-14.9287
-16.3597
-19.7482
-23.3148
-21.3013
-15.0575
-9.6318
-3.70562
1.32231
5.20423
7.4615
8.32316
7.82964
6.83369
7.6467
9.9959
11.7118
11.859
11.4015
11.9628
12.9978
13.2631
12.5061
11.86
12.2976
13.2713
13.8092
13.2053
11.1833
8.0471
4.14933
-0.354785
-4.52181
-8.69454
-14.1609
-19.0616
-18.9074
-17.5594
-17.0755
-18.8164
-20.2664
-21.0104
-21.5479
-22.3075
-23.0168
-23.3028
-23.8552
-23.6615
-23.5601
-22.9131
-20.2574
-16.855
-14.3728
-13.7509
-14.6821
-16.7591
-19.2523
-21.9231
-23.7878
-23.7843
-23.0895
-22.7726
-22.9169
-22.0935
-19.0299
-16.1567
-15.9906
-19.9693
-29.0561
-46.1687
-21.8719
-21.8719
-21.8719
-21.8719
-21.8719
-21.8719
-21.0055
-23.7007
-27.1378
-27.6793
-25.9321
-24.824
-24.6873
-25.5256
-25.4786
-25.1272
-24.3555
-23.5497
-22.5581
-22.2137
-22.424
-23.6756
-24.3975
-23.7543
-22.7946
-23.0742
-24.2154
-24.5632
-23.885
-23.0596
-23.5272
-25.1012
-26.4418
-25.1809
-23.3886
-22.822
-22.876
-22.8246
-22.9046
-23.319
-23.7668
-23.4805
-23.2134
-22.9836
-23.6476
-24.9739
-26.8129
-26.7564
-25.4044
-25.5683
-25.8567
-24.415
-20.4066
-14.6
-10.3107
-2.67476
4.33842
9.8487
12.6182
12.9383
11.3009
8.4152
5.6477
4.64613
5.85813
7.71321
10.943
13.9051
14.85
13.8427
12.3423
12.101
12.7298
13.1993
13.2902
12.7552
11.2429
8.47265
4.19973
-1.45878
-7.73062
-13.3626
-18.5715
-23.4909
-25.0392
-24.1221
-22.1007
-22.0482
-21.7814
-22.6112
-24.6359
-26.144
-25.8097
-24.867
-25.7449
-27.3292
-27.9506
-26.8797
-23.4389
-21.13
-20.7146
-21.8111
-22.4587
-22.7219
-23.377
-24.1849
-24.1913
-23.8618
-24.0344
-24.9597
-26.0336
-25.3112
-21.9549
-19.1148
-19.0838
-22.954
-31.8093
-48.4779
-21.8719
-21.8719
-21.8719
-21.8719
-21.8719
-21.8719
-27.5726
-28.7497
-30.0723
-30.5879
-30.7009
-31.2729
-31.9769
-32.1947
-30.4316
-29.3317
-28.0512
-27.4343
-26.6304
-26.5246
-27.1759
-28.9099
-29.2037
-28.4874
-29.1468
-31.7258
-32.3398
-28.3686
-25.1007
-24.2397
-26.3876
-29.5474
-31.2563
-30.4822
-28.4132
-26.7422
-26.1437
-27.3549
-29.5868
-31.231
-31.5274
-29.7483
-28.0392
-27.2545
-28.1891
-29.7271
-32.8371
-35.2273
-34.2741
-33.5641
-32.4063
-31.7256
-29.521
-22.4921
-19.1663
-12.035
-9.81298
-5.39209
-1.78992
0.647774
1.45641
1.02082
0.613046
1.11334
1.80041
2.17002
3.72169
6.26448
7.35584
6.42925
4.69489
4.2418
4.67599
4.79588
4.30656
3.34072
1.98274
0.395162
-1.61949
-5.28657
-10.1017
-14.8213
-18.4304
-21.7275
-24.2224
-26.2548
-25.9091
-27.7466
-25.3745
-22.3918
-21.5269
-23.1705
-26.1988
-27.8705
-29.0813
-28.9036
-27.918
-27.543
-27.4028
-28.0165
-28.1512
-28.1095
-28.4923
-30.0651
-30.0503
-27.84
-25.7106
-25.515
-26.3991
-27.0222
-26.6467
-24.8854
-22.1713
-20.0859
-20.3279
-24.2081
-32.9421
-49.1
-21.8719
-21.8719
-21.8719
-21.8719
-21.8719
-21.8719
-33.1808
-35.4474
-36.9949
-35.0985
-32.8563
-32.3581
-32.8286
-32.3964
-30.164
-29.9437
-29.9791
-30.7315
-31.665
-34.6135
-36.4056
-37.3486
-35.597
-34.1396
-34.0125
-34.1809
-33.8456
-33.5598
-35.9782
-37.6173
-36.2251
-32.8356
-31.6086
-31.3483
-30.8122
-30.9361
-32.1591
-34.8927
-37.9432
-38.2083
-38.1671
-36.8759
-36.7169
-36.2439
-37.5206
-37.7956
-41.0947
-43.7457
-40.42
-40.0965
-38.5933
-37.2155
-31.768
-24.3289
-20.845
-14.8659
-15.7428
-13.9843
-13.4537
-12.8963
-11.4428
-9.54715
-7.8011
-7.11025
-6.65421
-6.98876
-6.90391
-6.57206
-6.80021
-7.23984
-7.53895
-7.0362
-6.10552
-4.89164
-2.77281
-1.09379
-1.4896
-3.98145
-7.22131
-10.3063
-12.3678
-14.8164
-17.433
-20.3313
-23.7382
-27.5486
-27.3966
-29.1867
-30.2825
-32.8116
-34.981
-34.4518
-33.2338
-32.5676
-34.09
-35.4126
-35.7357
-36.4107
-34.2996
-32.8081
-31.9803
-32.5841
-34.1116
-36.7182
-37.9571
-38.4994
-37.7061
-37.2527
-37.4233
-37.4911
-36.5307
-31.7185
-24.1233
-18.8185
-17.4236
-20.5753
-29.1292
-45.5135
-21.8719
-21.8719
-21.8719
-21.8719
-21.8719
-21.8719
-43.1495
-46.6812
-50.6324
-52.3997
-53.4587
-51.9213
-48.9634
-49.2006
-44.8284
-46.7174
-46.3376
-49.4311
-47.019
-47.8158
-43.0331
-42.7881
-43.4198
-43.7073
-42.4146
-41.8077
-43.1591
-42.9966
-45.1681
-43.7472
-44.2054
-42.7526
-43.7876
-44.8979
-44.7243
-45.834
-45.4172
-46.8926
-49.322
-48.2915
-50.0902
-47.6541
-47.5127
-45.9917
-50.7372
-48.6098
-53.2656
-54.1928
-46.9623
-49.3283
-47.0314
-45.2642
-38.6388
-29.4972
-30.9362
-22.2391
-30.6706
-27.5177
-27.2199
-26.8872
-26.0538
-23.9936
-20.9953
-20.6652
-19.8185
-20.2237
-19.3397
-17.6113
-16.7857
-15.1287
-13.5514
-12.586
-13.2971
-16.2801
-19.0292
-21.2667
-25.347
-28.3402
-23.8301
-24.2368
-23.1285
-26.1432
-32.7995
-39.502
-41.6623
-42.0012
-36.1801
-43.2224
-43.6004
-44.3673
-46.2814
-47.6201
-47.1888
-44.1037
-45.0308
-44.2184
-42.6294
-42.6558
-41.0628
-42.2089
-43.3691
-44.8795
-44.7468
-45.8248
-45.764
-47.5815
-48.3786
-47.5515
-45.4619
-43.869
-44.1219
-39.9942
-29.3365
-22.262
-19.9214
-22.5628
-30.7353
-46.8291
-21.8719
-21.8719
-21.8719
-21.8719
-21.8719
-21.8719
-55.18
-60.245
-61.5914
-59.1681
-57.9153
-55.5355
-52.486
-58.3473
-52.3817
-61.5312
-57.4489
-63.642
-53.3975
-65.3469
-54.2267
-58.2311
-59.9895
-62.3038
-58.8975
-57.949
-63.3321
-54.6277
-62.3384
-55.2585
-61.9729
-55.1752
-59.5608
-66.3186
-61.1618
-63.774
-58.0945
-62.006
-65.1789
-56.0249
-67.2725
-64.4521
-66.1391
-53.9925
-66.5919
-55.1737
-64.1718
-68.5464
-51.6027
-58.9795
-55.4439
-59.4994
-45.4741
-31.7628
-34.1652
-23.9168
-41.06
-40.2541
-51.4916
-46.7506
-41.6881
-36.0064
-29.8846
-33.0177
-31.927
-39.6487
-43.3698
-35.3311
-38.7066
-37.6961
-37.6075
-31.1925
-28.7049
-36.2658
-35.8583
-33.2407
-39.2965
-42.3572
-30.0081
-38.3396
-36.7947
-41.6137
-49.6461
-57.4675
-61.1561
-61.5229
-40.4172
-59.0353
-61.0968
-62.7685
-64.0685
-60.3804
-59.0144
-53.3579
-63.3563
-59.3892
-53.8922
-60.8524
-55.3053
-60.0058
-57.1722
-60.6566
-57.0102
-63.7478
-60.612
-68.4321
-68.2251
-65.4309
-62.114
-59.4103
-60.4395
-47.2447
-32.5357
-24.7738
-22.1615
-24.678
-32.7073
-48.5825
-21.8719
-21.8719
-21.8719
-21.8719
-21.8719
-21.8719
