80
-0.875265
-7.00794
-10.5394
-9.80913
-7.91667
-7.61327
-8.33632
-7.09847
-4.69512
-2.81502
-3.9418
-14.0061
-22.0809
-22.1382
-16.2189
-5.3457
0.850606
3.3044
1.36211
-1.44724
-1.18016
5.35719
8.91237
10.2049
7.8831
3.55424
0.718052
3.42757
5.22135
3.46108
-4.64597
-8.4924
-12.5287
-8.65516
-10.4706
-18.6293
-21.9388
-14.4393
-9.76488
0.64068
14.5589
23.3329
28.6937
30.6172
29.933
29.207
30.0216
30.7139
29.6527
26.6215
20.7208
14.4431
22.5901
36.3334
45.0362
49.1061
50.6347
49.4799
43.7153
32.5544
12.4882
12.6517
16.869
13.0888
12.0527
-5.28957
-3.6
2.01153
7.49745
6.63503
1.77929
9.96689
24.1693
29.824
31.0627
28.5123
25.6698
24.7886
26.8006
29.4508
31.1844
31.3014
29.2112
23.9144
14.7973
0.430331
-13.2066
-12.7879
-7.58865
-1.20098
0.0041044
-7.28004
-18.739
-8.24748
2.30717
1.35684
-1.61018
-6.55736
-6.31347
-2.09253
-0.41878
-4.0431
-9.25333
-20.8704
-17.3514
-11.4059
-8.62631
-7.53039
-3.8406
4.28231
8.53934
8.49808
4.33607
0.918897
6.41012
10.5883
11.4709
9.40483
4.46447
-0.430261
-2.82976
3.68391
8.96566
10.7356
8.34033
1.64259
-6.56717
-7.61062
-6.23964
-4.98442
-5.85645
-5.50825
0.0714341
6.03593
7.74973
5.39406
1.61835
0.897358
3.92135
5.73849
5.49159
5.33692
9.10226
11.5953
10.6567
7.70735
7.73365
9.82575
10.6029
7.93082
2.41546
-2.83482
-3.47656
-2.27822
-2.65897
-3.2242
-2.4433
1.93574
7.96539
15.636
22.7557
29.777
34.5057
36.0447
34.3336
29.8444
23.7587
17.5932
12.2036
11.7474
28.9831
39.1808
43.1022
42.4984
40.2965
38.6739
37.2155
31.9133
21.1593
8.86375
24.5133
32.1049
40.2969
46.5996
49.8697
51.3542
52.7207
53.782
54.3127
54.2133
53.3572
51.0459
45.8377
36.3667
27.9367
31.2374
33.487
32.5222
33.2269
34.6483
32.5798
25.1108
12.5617
-3.13326
-2.60928
3.15145
6.78205
6.8862
4.34377
2.34268
3.22711
6.40405
5.92484
3.41907
0.649419
2.69045
4.95494
3.48866
-0.354569
-4.61713
-7.54746
-10.7132
-10.3561
-5.14597
-0.665975
1.46779
2.56107
3.28815
2.98509
0.272501
-3.72287
-1.37925
3.37011
5.20813
4.43974
5.77201
1.53937
-0.0634945
2.4945
8.77934
14.078
16.0792
14.1534
8.83245
5.37335
6.70034
7.72281
5.33804
1.69149
1.2679
1.7677
0.503675
1.03335
2.86935
2.46036
1.03886
0.74248
0.386076
-0.999418
1.57878
6.75445
8.59318
5.81079
-2.04851
-6.64691
-1.41111
1.50674
0.644331
-1.92403
-3.96993
-5.38224
-7.73609
-10.1874
-8.22519
-4.04115
1.03649
6.64673
12.4577
17.0592
19.6278
19.7055
16.7447
11.2101
5.7385
4.51369
1.96456
0.417922
6.61282
28.1041
42.573
50.0462
52.3157
52.2856
53.013
54.9094
56.3384
56.8975
57.2533
57.8621
58.8074
59.0919
57.5955
54.9777
53.0568
52.7749
52.7439
52.9702
52.566
50.7238
46.6023
40.4849
33.6335
25.1388
29.483
33.881
37.0782
37.4002
34.7784
29.3264
20.4985
6.83476
-7.49344
-10.6014
-9.31147
-3.70036
0.802659
3.95375
6.5295
9.41562
11.741
12.8981
12.1336
8.23806
1.18215
-2.27615
0.540309
0.452085
-2.42639
-4.52985
-4.96814
-5.8095
-5.33013
-2.09536
-0.259201
-1.93424
-3.73766
-1.95414
0.228189
0.536546
2.13256
4.04468
3.98005
1.38326
1.42234
7.21562
3.90275
0.800003
-0.744079
5.87455
9.43922
8.80186
5.82149
3.18138
3.89587
3.27712
2.55445
4.86175
5.16224
2.63903
-3.86135
-13.0746
-12.6784
-8.28386
-6.18722
-6.92939
-10.437
-15.2072
-11.1838
-4.09409
-0.288201
0.473432
-1.91965
-9.7155
-21.8721
-24.1067
-10.7105
-3.79543
-0.333572
0.443399
-1.61772
-1.75711
3.13539
7.46334
12.5738
17.8134
21.1836
21.2433
17.3379
8.94635
0.986274
4.86474
12.0258
16.3966
17.5519
15.8995
14.8745
17.6428
39.605
55.5364
64.8808
68.84
68.8245
65.7315
61.1229
57.8381
55.2764
51.8217
47.9683
44.4694
40.2997
32.8997
24.9789
24.4518
24.9704
36.0361
45.4414
49.7135
49.7876
45.5603
37.0825
22.883
16.9047
23.6467
26.25
25.4404
22.2845
18.8808
16.3672
12.466
9.16699
3.0079
-3.707
-4.55162
-2.15251
-2.64352
-3.54108
-1.94823
2.54013
6.87185
7.81965
4.46421
-2.58825
-8.59737
-13.1375
-10.4499
-6.01445
-2.93284
-0.4481
0.433756
-0.288512
-3.66564
-6.67107
-4.14597
-2.41395
-2.02337
-2.02255
-3.58636
-8.10104
-9.03834
-7.3446
-7.6168
-8.48147
17.5697
12.9074
11.2451
7.66669
1.33336
-2.719
-0.899878
4.16976
8.23879
9.70237
8.51485
7.17238
5.94635
3.76179
-1.25501
-8.75731
-9.19826
-4.57656
-3.3095
-3.5209
-3.53518
-4.37572
-5.10834
-2.56767
-0.556748
-1.68315
-4.78997
-6.07408
-5.3899
-3.969
-1.62132
0.397775
0.429411
-0.800277
3.55248
10.4185
13.2907
11.8375
9.80581
9.71754
8.89021
7.87339
10.7813
13.7668
16.1152
18.9063
21.1034
21.2109
19.8744
16.8835
11.7602
9.02596
17.7172
40.4839
57.3735
66.1657
69.8937
68.5257
61.7699
49.461
31.6127
18.5211
30.4031
35.7685
44.6294
50.8301
55.3988
58.6164
61.4742
64.5755
67.4193
69.3483
69.3967
66.5881
60.3412
50.0836
36.5994
24.7033
20.1045
15.4051
18.6133
23.3566
25.3654
24.6973
23.0506
20.5472
15.8878
9.78426
10.1479
12.4674
11.2467
5.67974
-0.167034
3.57119
5.81433
4.05183
-2.14453
-7.06144
-3.88365
-0.538159
-0.045654
-1.58272
-6.62636
-7.85293
-3.78842
-2.59428
-4.86907
-6.99177
-0.494951
6.61705
11.1708
13.5089
13.977
13.3535
12.2333
11.1444
8.85276
4.43127
40.8159
39.952
38.0347
35.5193
33.5723
33.4719
35.3776
38.1255
40.1007
40.315
38.3664
34.0987
28.0664
22.1466
18.3061
15.4219
11.6209
6.32043
1.48388
3.05474
5.50292
5.26064
6.14912
8.67118
9.23134
6.48682
-0.015118
-8.35375
-6.98193
-1.91719
-0.145638
-1.44515
-4.17984
-5.02917
2.35412
12.9631
19.6314
21.9521
20.2095
14.7403
6.34113
-0.275459
3.98873
10.9203
14.6757
14.7001
11.5168
7.77153
5.02783
2.72528
0.305337
5.1709
26.6192
44.9706
54.4359
59.645
63.2704
67.4309
69.6566
68.8732
66.3078
64.2159
64.219
65.0018
64.686
62.6091
58.9705
56.5416
55.8365
57.3814
59.236
59.5521
58.8081
57.8461
54.4927
45.6351
29.7143
16.6627
15.1364
15.6737
15.8588
15.0127
13.5558
15.5728
19.1463
19.6047
17.0488
14.2354
13.8544
15.0744
15.3772
13.9179
11.221
8.92422
7.3863
3.3095
-4.1531
-10.7465
-12.1793
-8.71991
-4.44181
-4.45605
-6.87665
-10.1826
-11.2369
-12.9754
-14.7034
-11.3451
-4.57402
-0.906044
-1.20438
-0.851589
3.18364
5.90014
5.13843
2.25094
1.90283
2.84423
30.4191
32.354
33.6146
34.9056
35.6666
35.4929
34.6249
33.865
33.6903
33.26
31.6775
29.1323
26.6383
24.5141
21.4621
15.8835
7.63009
1.00062
-0.293178
0.153728
0.067836
-1.1082
-0.970281
0.42535
-0.0896206
-3.56353
-5.58806
-4.22079
-4.68573
-7.82286
-12.1628
-12.716
-8.22904
0.211926
6.69403
11.1826
13.0364
13.1898
11.5974
8.07353
3.12229
-1.19919
-3.47223
-5.44825
-2.75418
0.914097
5.58025
10.8275
13.9483
13.3062
8.3564
0.187039
23.1047
32.9833
49.8698
65.6568
76.1801
81.991
83.4063
80.839
74.5493
68.2354
65.1142
61.8953
56.9012
49.6123
43.7985
45.3591
53.906
62.6393
68.7773
71.0397
69.3704
63.2567
52.4001
36.1533
24.882
21.2084
18.1903
14.7979
7.38465
3.7599
4.90211
6.68656
9.09852
14.7803
17.3198
15.0122
7.19967
-1.19723
-0.623517
5.1689
10.0696
11.3733
8.1933
0.361686
-9.28572
-10.4121
-7.22082
-2.29478
1.86042
2.97145
0.52779
-3.63488
-7.57975
-10.311
-8.84598
-4.44917
-2.31779
-2.05432
-0.716774
-0.851374
-1.46413
-2.41399
-4.09419
-5.63552
-6.64628
-7.08751
-10.4957
-4.56372
-0.0104615
-0.498097
-5.40862
-8.31964
-4.87213
-2.73877
-3.92929
-1.67007
2.86307
5.04125
7.02783
6.52348
3.63251
-1.3388
-5.41778
-9.19867
-10.3066
-9.98962
-9.70965
-12.8081
-16.8629
-16.7393
-10.0735
-5.03329
-2.94447
-1.96333
-2.14389
-2.30914
-0.51422
2.41524
3.91821
3.37273
1.39268
-1.61297
-1.64339
0.264992
-0.493481
-5.5083
-11.3031
-10.471
-9.3472
-10.5845
-15.6085
-19.2634
-6.62699
1.5153
4.24296
3.14203
-0.159885
4.87757
19.6886
42.6437
62.2329
75.3226
83.5502
86.9551
86.0746
80.5072
69.9088
57.263
51.7938
60.0568
69.0605
75.6093
79.6004
81.1791
81.8836
82.4756
82.5134
80.956
76.7285
68.9405
56.3984
38.9458
25.7912
26.8352
28.4853
27.123
24.1275
20.2805
14.6916
10.269
13.1998
16.8651
16.693
11.7671
4.42222
3.43585
8.49994
9.99816
6.92493
0.0630625
-9.42824
-11.3166
-8.3115
-3.10409
2.1523
5.05495
4.83591
0.554116
-5.25264
-5.48071
-0.130458
2.05985
0.767279
-3.54448
-7.8286
-4.69943
-1.33041
0.0850782
2.61078
7.07654
10.1314
9.90298
6.56338
-0.134829
-7.00541
-12.1509
-11.75
-12.7489
-11.985
-11.1318
-8.74371
-8.87361
-11.1637
-7.12774
-0.121402
4.91129
6.56386
7.22555
7.92804
8.5643
8.60738
8.75927
8.19636
6.77534
3.28342
-3.47239
-12.5557
-11.7772
-2.98662
2.1178
2.88258
0.54249
0.0274818
2.40019
5.93263
6.43554
4.15044
-0.577881
-3.39376
2.11125
7.91823
9.82361
7.67006
3.14313
0.0821944
1.44015
0.846208
-2.96898
-11.5289
-15.7001
-9.43941
1.58558
7.21126
8.49252
6.55176
1.98919
6.84043
38.146
55.354
66.9947
73.8256
76.0826
74.6644
73.1816
74.5711
77.6449
82.1359
85.9739
87.9336
87.5201
84.5438
79.399
71.9114
63.5741
60.6088
61.8682
60.6521
54.6701
43.3379
30.4978
24.7787
22.0432
21.6378
22.2746
19.7479
14.2212
10.1652
6.43065
4.03676
4.12578
2.20664
-2.49333
-8.14217
-1.22493
6.98393
10.8966
11.754
10.1433
8.95543
8.10622
9.28141
8.9914
5.79531
0.549561
-6.374
-10.9561
-10.7906
-5.34248
0.0795342
2.30394
-0.402169
-9.56573
-15.3685
-5.09817
-0.318072
1.50213
4.07313
7.2326
9.76599
11.2474
10.3148
5.99851
-4.36852
-4.43256
-1.84568
-0.595142
-2.68909
-4.86436
-4.35678
-3.32153
-3.43727
-2.95098
-0.788066
0.631737
-0.0405854
-2.09159
-4.65133
-7.14678
-9.47292
-9.87519
-8.14438
-6.18005
-4.02325
-2.28441
-1.2277
1.50298
5.05477
6.56008
5.74711
4.0309
4.19371
6.23757
7.42986
8.91081
9.63807
8.46714
7.03123
8.17452
9.32467
7.95869
3.61276
-3.65939
-7.54149
-4.55237
-2.2053
-3.70955
-9.39656
-17.9553
-3.77169
8.31429
13.9644
14.9406
14.5823
17.3925
21.2154
35.1901
47.6494
57.4011
67.4254
75.6563
81.2926
84.8306
86.9655
88.0216
87.4977
85.1098
80.294
72.9236
64.8502
60.8996
61.7018
61.8477
60.2061
56.5801
51.9903
47.6476
40.5254
32.2608
21.3442
15.9605
15.966
17.2615
18.6458
18.8475
16.8143
13.2926
9.12426
6.40903
3.53619
-0.418305
-7.70091
-12.6225
-5.3897
2.03064
4.35004
2.2214
-5.67305
-6.09202
-2.51755
-1.51744
-3.12804
-5.74361
-5.3503
-2.54472
1.54086
4.876
4.93897
2.11562
-1.8238
-3.22926
1.61675
7.6403
10.2333
9.47015
6.69268
3.78317
2.68561
4.78048
7.10166
6.46496
0.0534143
5.7119
8.42153
7.04764
2.18686
-1.63144
1.38181
6.39812
9.52331
9.39298
5.73078
-0.647635
-4.97791
-3.28412
-0.370294
0.395096
-1.92957
-6.03734
-7.83464
-7.29036
-4.65772
-0.53542
2.21833
3.06237
2.6711
1.38361
-2.32179
-7.94753
-8.11441
-2.4894
5.17974
11.4637
14.5037
14.0131
10.2186
4.82274
0.792936
-2.49682
-4.15207
-0.372333
6.56035
13.619
18.6086
20.6972
20.4582
19.4741
19.7446
21.6495
22.8144
22.7386
23.4435
24.8277
25.4548
27.9263
44.3466
55.8688
62.1784
64.7734
64.5204
62.062
59.1096
56.4552
55.2686
54.3175
59.2491
66.2989
70.5382
72.0494
71.5064
70.0125
68.255
65.8648
61.9438
55.7723
46.7553
36.3652
29.9824
25.4754
18.6859
9.73477
2.9089
5.49693
7.96828
7.58033
4.68457
4.39965
7.2323
8.19379
5.84874
1.36632
-0.705456
1.67273
4.15278
4.15369
1.17192
-3.18542
-3.57963
2.18183
6.63504
7.45738
4.73323
0.353531
-1.19375
-0.0610764
0.461091
1.32094
2.3034
2.97837
4.61877
5.86516
5.11604
1.88944
-2.90867
-8.40869
-12.361
-6.62511
-0.0120828
3.51778
-2.4201
-2.48155
-1.34806
-0.260926
-1.93339
-6.13663
-9.27554
-6.15737
-0.72614
2.65837
5.25845
6.92676
7.49723
5.19699
-0.944054
-6.78993
-4.79839
-2.14226
-2.77712
-6.50149
-8.13778
-3.01977
-0.503644
-2.09069
-3.93993
-2.40192
-0.240929
-0.642073
-2.61815
-5.35456
-5.84237
-6.40527
-5.53613
-1.2261
4.72883
9.37298
11.8987
11.9221
9.00594
3.78848
0.647544
7.31074
14.6352
18.3832
17.6114
13.0703
9.20984
8.93052
10.4562
12.5209
13.2727
14.1574
21.8277
33.6349
41.2208
48.4463
55.0692
60.1871
61.8509
59.3455
52.7233
43.9985
43.4886
48.6927
54.2951
56.8376
56.5731
52.5735
44.6329
30.1792
29.8651
34.8903
35.6049
31.3449
24.775
19.0705
19.6318
17.908
11.7834
5.37689
9.88032
14.1486
14.6715
10.7129
4.4494
3.95956
6.39643
5.3879
1.36863
-1.59677
-0.720577
-1.30966
-4.67327
-6.7472
-7.82213
-7.17707
-5.94426
-1.59986
0.348494
-0.349653
-1.9888
-2.82762
-4.18559
-7.89945
-13.0822
-19.3509
-25.1803
-21.8928
-15.7987
-10.9006
-8.3294
-8.08816
-10.3043
-15.7268
-21.5098
-24.6154
-19.7703
-15.3368
1.2249
-6.68125
-5.41108
-3.88687
-5.50843
-10.3
-16.0773
-15.8319
-14.444
-11.3036
-6.76423
0.0354584
2.70882
1.21531
-2.44347
-2.28868
0.507073
0.397307
-2.05836
-2.21022
-0.272972
0.266403
-0.544635
-0.72024
0.161867
0.456915
0.147277
1.0208
0.570911
-2.83128
-9.07073
-9.08908
-5.01799
-2.42297
-1.16391
0.744179
2.30974
1.98929
1.47009
1.37236
0.965739
0.0453599
4.03894
7.91313
9.30233
7.13067
2.18043
-0.217254
-1.83344
-3.84214
-5.12797
0.122405
17.4984
27.8718
38.4695
48.0545
56.0299
60.6653
61.2302
57.524
48.7028
37.2866
34.6601
39.8736
43.6653
48.8894
52.7203
54.4358
54.1536
52.0331
48.4831
43.1466
35.1154
26.6146
15.0171
7.68821
6.74976
9.38502
10.4363
11.182
12.1253
11.9956
9.88175
7.27756
5.18503
4.03786
2.06601
-2.68474
-5.63632
-2.43633
-0.239695
0.038028
-1.94869
-6.55703
-9.85188
-16.1103
-11.9732
-8.77501
-8.01517
-8.23072
-6.47567
-3.93841
-4.09576
-6.52317
-7.98845
-5.77186
-4.34884
-6.27386
-8.56341
-7.62075
-4.99698
-5.39499
-9.44489
-15.2064
-13.9779
-4.79047
3.51776
8.74202
-5.89086
-9.21142
-10.2415
-10.782
-6.29105
-0.671481
2.7085
3.44276
2.72801
1.45887
0.0469307
-3.3025
-8.93913
-11.6327
-4.96279
1.07891
3.08688
1.59315
-2.18055
-4.41414
-4.4571
-4.22195
-3.93323
-3.57966
-4.81951
-7.15875
-8.31231
-6.8831
-2.46433
1.31178
2.21511
-0.0521069
-0.949296
1.99634
3.21013
1.83659
3.77307
9.20492
11.8632
10.5572
5.43712
-0.698443
-4.57741
-4.87578
-3.44774
-0.998407
-0.484136
-2.51041
-4.47508
-4.64611
-5.14498
-2.76986
7.40052
15.541
31.3007
40.3624
45.3653
46.9542
46.3363
44.0927
42.5579
44.3547
50.0276
54.1757
56.5251
55.9901
53.5432
50.4969
47.7258
45.0971
40.7186
34.5441
27.7188
15.7506
0.767935
-7.08343
-1.42971
-1.59682
0.56921
4.39272
5.8656
3.80127
0.179907
4.43292
10.5258
12.7543
10.4697
4.09568
-4.71831
-12.8221
-17.193
-21.8444
-22.727
-15.1952
-7.69568
-3.94731
-2.72292
-3.56605
-3.72129
-0.808394
1.89355
1.87756
-1.26725
-4.65061
-2.59947
1.87494
4.56813
4.94807
3.03668
-0.472653
-5.47173
-7.68262
-2.88908
1.79193
3.32036
3.39434
9.01924
17.0072
-16.9378
-20.6365
-25.6732
-16.6953
-8.1487
-4.14026
-2.56349
-2.14373
-2.84663
-3.84676
-2.37618
0.620408
1.20994
-1.16632
-3.28186
-1.42972
0.53069
0.113773
-1.67652
-2.89889
-2.8021
-3.12851
-6.09747
-11.5896
-17.0457
-18.0907
-15.3789
-9.77695
-4.1076
-0.612936
0.996485
3.54645
5.4031
4.45668
2.11947
3.52073
8.40659
13.3684
15.5939
14.1816
9.39357
3.51128
-0.439797
-6.22107
-13.3362
-14.1256
-12.9335
-12.914
-11.3872
-8.50195
-4.93165
0.63171
10.6718
14.0707
17.0311
20.1217
27.3009
36.4445
46.8081
53.7556
57.318
57.8802
55.5252
50.6581
43.5424
40.0273
43.4071
47.0068
48.7109
48.4359
46.1924
42.3157
37.217
30.4003
21.0395
10.1888
6.90489
7.85303
6.84309
2.43352
-2.61333
-4.35475
-3.95206
-1.03902
2.30501
4.18104
4.66469
2.58585
-2.96663
-7.59435
-7.37242
-5.30843
-4.4395
-4.7168
-6.38172
-7.90414
-3.71095
0.347844
1.27261
0.600318
0.041735
-1.93418
-4.20669
-2.85745
-0.932767
0.0329846
0.268211
1.48071
3.6411
4.5773
3.67493
3.49604
5.20361
5.81452
4.00796
1.82964
2.63873
3.99917
-18.2905
-15.0073
-9.88565
-7.74669
-7.80667
-8.4085
-6.42787
-3.69345
-1.64974
0.472526
3.05976
5.12107
5.17205
2.45032
-0.876272
-0.766812
0.246567
0.258987
-0.715169
-3.00267
-5.76219
-5.93334
-3.16692
-1.45934
-2.3239
-5.95978
-11.3382
-15.6036
-13.2707
-4.30687
1.35864
4.80654
5.99244
5.56584
4.86811
4.68607
4.38468
3.83539
3.99229
4.0799
4.13432
3.57996
1.36116
-2.92455
-2.62001
2.6743
7.30209
9.49294
9.73739
8.00065
5.01385
3.57163
11.8504
17.7394
23.5752
26.1887
28.7827
33.6798
38.183
41.5218
42.3153
41.5382
42.4005
46.0967
49.7502
51.5672
51.7576
51.3283
50.7867
49.408
47.2636
44.1148
39.696
33.4808
23.8431
12.2233
6.74118
6.59606
5.43306
3.8193
0.825208
-0.275978
2.06725
4.35646
4.39294
2.3732
-0.199918
-1.21747
-3.09418
-6.48466
-5.81179
-2.97962
-2.88752
-5.71047
-8.62859
-8.95255
-6.58096
-3.16416
-0.938291
-0.0543617
-0.490579
-1.85131
-3.47164
-3.0025
-1.11962
0.0439797
1.21281
1.7521
1.0303
-1.37007
-4.02795
-6.23901
-6.79489
-5.36178
-1.3907
2.71409
4.29194
4.57816
-1.92511
-4.64962
-6.54397
-9.66198
-10.8497
-6.39361
-1.92509
-0.174618
-0.374714
-0.201863
0.787624
0.276276
-2.56712
-6.02263
-6.27254
-4.12704
-2.33474
-2.64281
-4.2355
-5.18315
-6.06014
-6.74681
-4.6644
-1.88402
-1.49563
-4.42059
-9.42153
-9.91566
-3.77976
0.917443
2.97961
3.38331
3.10445
1.74612
1.18978
4.82466
9.08156
9.93946
6.6998
0.631982
-3.31554
-1.51603
3.61457
9.27768
13.5305
16.6313
19.0603
20.9253
21.4038
19.5427
14.5147
7.05651
7.36433
14.176
18.3853
22.2985
32.6527
41.3276
46.1825
48.4531
49.6931
50.1036
49.479
47.675
44.4577
38.3089
28.9776
22.415
24.4935
24.6411
20.272
12.8127
6.06868
5.09121
6.13595
6.68696
5.15201
1.93177
-3.02051
-5.62086
-2.73702
0.696272
2.37498
3.503
4.6518
3.72295
0.469421
-3.16769
-5.2128
-5.2662
-6.06402
-6.37389
-4.3346
-1.60041
0.0660229
-0.340601
-2.58062
-1.76008
1.76153
3.27024
1.90794
-1.38129
-4.36089
-5.03655
-3.23651
-1.10801
-1.21079
-2.47359
-0.195293
2.99079
2.7173
-2.17043
-10.8286
-12.9638
-12.071
-13.1932
-5.6602
6.06898
3.0227
1.3944
-1.71277
-7.62269
-10.3632
-7.54839
-5.943
-3.46165
0.297772
3.04947
2.97558
-0.227497
-6.32405
-12.9794
-15.5272
-13.3366
-8.88583
-6.16478
-6.82655
-10.0181
-14.3421
-17.0245
-18.9303
-13.6971
-5.91193
-2.05927
-2.18364
-3.30788
-2.09089
-2.01984
-4.36034
-4.25885
-2.18684
-1.71918
-2.23367
-1.07723
3.23787
7.4096
8.74323
6.2198
0.665617
-1.65142
-0.93622
-1.76889
-4.23285
-7.5042
-9.95744
-7.48157
-1.53137
1.93714
1.68699
-1.76963
6.68811
18.1539
28.7326
36.3622
42.5087
46.8555
48.5919
47.5629
43.878
38.1683
30.508
24.4659
25.7484
28.9564
29.9497
30.5347
31.0575
31.822
31.3338
29.2256
26.5372
23.5663
17.7677
9.99978
2.42505
-2.04249
-3.90487
-7.07546
-6.83318
-2.18836
2.13599
5.11855
6.00058
4.71856
0.924461
-4.14288
-4.86692
-2.99158
-1.49219
-1.80301
-3.78374
-6.34297
-6.68846
-5.18732
-3.23593
-3.90579
-7.68652
-13.9915
-13.9771
-7.57851
-1.31351
3.12102
4.39571
1.90155
-3.15713
-3.5
1.62257
4.52292
3.94733
-0.0985783
-6.99872
-9.76194
-1.56381
4.64449
8.12786
9.27309
-3.43718
-5.99772
-11.1559
-13.2235
-7.42291
-3.14359
-2.64862
-6.05692
-12.704
-13.7399
-7.62145
-4.19663
-3.39747
-2.64918
-0.946073
0.78337
1.98891
2.04143
0.0513687
-4.6336
-11.2831
-15.2006
-12.3744
-7.73216
-4.26677
-2.55993
-2.30785
-3.33973
-5.5153
-8.0878
-10.7191
-9.20639
-2.74179
1.71705
2.72432
1.82025
1.33723
1.4221
1.6014
2.11642
1.43471
-1.28085
-2.55268
-0.875905
0.807858
0.529361
-1.40043
-3.76711
-3.56606
-2.41944
-3.14936
-1.86432
7.73873
14.6412
26.8353
36.0501
40.7995
42.44
41.9047
40.5029
38.7677
38.4817
38.7773
37.5429
34.1584
31.3651
31.2003
32.1859
32.3412
30.603
26.8853
22.4682
18.2883
14.5216
9.2441
5.5731
7.63837
8.4634
5.69973
0.854944
-1.92284
-2.28311
-4.30242
-8.80107
-12.7543
-7.77036
-1.92379
0.140029
-1.65513
-3.33158
0.0508541
4.03726
5.18927
3.57821
0.354427
-1.51568
-2.39529
-2.06611
-0.188804
1.31722
0.565951
-2.60533
-5.91785
-4.44152
-1.10245
1.09816
1.65239
1.83998
1.73376
0.275092
-3.00439
-6.10306
-5.76246
-1.98646
1.36267
2.33826
2.15581
2.76149
-15.1516
-20.1511
-23.1439
-12.2856
-2.01199
3.15498
4.30954
2.0594
-2.75744
-7.34945
-7.16209
-3.99915
-1.8777
-2.22903
-4.83318
-9.27187
-12.8345
-13.2383
-12.8072
-9.33612
-5.80355
-5.03452
-7.13618
-6.22881
-0.931106
2.81899
3.47819
1.07759
-3.82167
-10.0677
-14.6997
-11.5116
-2.64503
3.13098
4.6244
2.62198
-1.1302
-3.30486
-1.846
1.38016
2.55683
0.960489
-0.00781208
1.21127
1.64914
-0.367365
-4.22151
-6.25972
-5.06883
-4.80889
-6.72158
-6.50794
8.10614
14.9727
23.8171
29.6379
35.8116
40.1699
41.444
39.7391
36.5441
34.4027
33.016
34.3358
38.0531
41.4285
43.1424
43.0276
41.2664
38.007
34.4217
30.5774
26.0566
19.4881
10.1365
3.15228
0.940401
0.416084
0.434569
1.0188
1.59024
2.20947
2.63244
2.35491
3.08532
4.57267
5.1429
4.11106
3.86567
4.41784
3.96765
2.47481
1.07482
0.0464337
0.873623
2.88376
3.65136
2.49722
0.8474
1.2788
1.62071
0.285392
-2.21919
-4.55029
-7.92364
-11.4628
-14.0215
-15.5475
-13.9075
-7.44008
-1.81187
1.71601
3.44938
3.57465
1.92075
-1.61222
-6.35129
-8.95701
-14.4323
-18.2967
-19.5958
-16.7007
-12.2531
-6.67624
-3.04859
-2.88988
-6.85684
-15.0358
-19.3919
-18.3426
-16.7472
-13.8517
-9.85007
-8.0666
-8.65152
-10.0443
-10.5635
-8.80666
-4.63203
-2.92403
-4.96148
-8.78258
-9.76466
-8.05105
-3.96328
0.643376
3.06167
3.05799
1.36455
0.151648
1.38324
2.71721
1.35592
-3.161
-8.86471
-7.8221
-1.75795
3.68778
6.77164
6.76801
4.04062
0.463763
-2.63432
-6.25985
-10.4372
-10.7632
-7.04287
-3.53163
-3.06594
-3.7555
6.46611
13.8259
22.5365
29.8036
35.0173
36.3744
34.4864
33.3234
36.5829
40.7255
43.0838
43.5621
42.2127
38.0439
31.345
23.9046
23.53
26.1061
25.2892
21.1865
15.2623
10.0791
6.47608
3.65749
1.00323
1.38769
4.56535
10.3126
14.5986
15.5714
12.9558
7.37295
2.40287
1.38099
-0.10527
-2.41319
-3.09902
-1.87472
-1.41689
-2.13912
-3.78633
-7.56517
-14.419
-21.7086
-16.2045
-9.22035
-3.49912
-1.06701
-2.02033
-4.94441
-5.95127
-5.39599
-6.17634
-8.67399
-12.974
-17.1371
-10.6904
-1.93699
3.49785
5.3099
3.71691
-0.9895
-7.73224
-9.71976
-4.29081
0.177177
-12.3784
-8.52247
-5.88409
-5.75884
-6.54405
-5.66414
-3.02301
-2.03769
-3.66029
-6.7129
-6.71117
-1.87256
1.94007
3.0171
0.953059
-3.92871
-9.04495
-10.3529
-9.76455
-8.76298
-5.4649
-2.08074
-1.30957
-3.82377
-8.61384
-10.4756
-8.32557
-5.64845
-3.61947
-1.80944
0.964658
2.74686
2.36871
0.560085
-1.25186
-3.83726
-6.66619
-7.4119
-5.83046
-0.885437
3.51382
4.7218
2.27716
-2.68116
-4.20946
-1.2728
1.02378
0.966972
-0.0811711
-0.0705004
1.68505
4.07925
11.4328
16.1373
24.264
29.8872
34.0396
37.9641
40.5904
41.3801
40.9388
39.4577
36.49
31.9383
29.8415
31.0904
31.3514
30.9734
30.5964
31.0452
31.5112
30.7963
27.9691
22.9733
14.8333
6.08625
3.68939
7.79406
12.0481
14.9161
15.4988
12.9117
6.70019
-2.89076
-10.7155
-10.4248
-10.3198
-11.7566
-11.9919
-8.18472
-5.37239
-5.5467
-8.0913
-10.861
-12.8644
-12.4658
-8.70225
-1.88469
1.89989
1.44162
-3.33509
-10.2216
-10.2759
-3.38151
1.15346
1.76955
-0.260644
-1.23061
0.531487
0.768962
-2.48832
-7.49972
-8.69738
-5.24071
-0.832332
1.7206
2.82179
3.72605
-16.3768
-11.5531
-7.02974
-4.47491
-3.22044
-1.49482
-0.948398
-2.58404
-5.73581
-8.19516
-8.23775
-5.44029
-4.37936
-6.26859
-9.45717
-9.16221
-7.26211
-6.89915
-8.02807
-7.94853
-6.67268
-7.38918
-11.2372
-16.9542
-17.9522
-16.4075
-14.3223
-12.119
-11.0169
-10.4855
-9.818
-9.36965
-9.91307
-9.82529
-7.52979
-4.96204
-4.73196
-4.13321
-0.607421
2.31319
1.82735
-2.422
-9.44962
-12.7384
-8.41703
-5.21037
-5.5467
-8.66121
-11.6263
-10.1343
-3.5378
1.58164
8.58983
14.5498
29.419
38.6189
42.5369
42.4025
39.2222
34.8944
31.8347
32.5625
34.7426
35.2901
33.5377
30.675
31.389
33.5475
35.1578
35.0637
33.1562
29.0474
22.3143
13.9043
4.55526
-1.0824
1.57743
3.66267
4.48354
5.77358
7.68985
8.51657
7.07573
4.27627
1.87477
0.432035
-0.989351
-3.48472
-5.9284
-6.61456
-5.62296
-5.79722
-8.08381
-9.72762
-9.24735
-9.61737
-9.84576
-6.00485
-0.954485
1.9912
1.9376
-1.38528
-6.97642
-12.7415
-15.3696
-12.843
-6.90116
0.138268
3.5044
2.76452
-0.623315
-2.12176
-1.78241
-2.82776
-4.46251
-5.39436
-5.43364
-2.07896
-11.0808
-5.52075
-2.15643
-1.83426
-2.71507
-2.85535
-2.36223
-2.34827
-2.70273
-3.60523
-4.45889
-3.9254
-1.67978
-1.23948
-3.20643
-5.62962
-6.73829
-8.73195
-12.2735
-15.9935
-16.8786
-14.6786
-10.3894
-5.22474
-2.17531
-1.87519
-4.41016
-7.05939
-6.64904
-6.90584
-8.79113
-10.363
-8.53905
-6.08973
-5.49238
-6.88869
-8.76498
-9.67491
-9.80195
-8.93246
-8.50713
-10.2864
-11.7002
-7.70963
-3.44031
-2.23005
-3.6274
-6.03652
-8.82841
-10.9716
-11.0805
-9.15484
7.67895
13.6084
26.8362
35.4305
41.2406
43.8979
43.1243
39.5707
36.4051
35.4306
36.1025
38.2953
40.7244
41.8148
41.2047
39.7318
37.8487
35.8017
33.3413
29.623
23.8619
15.278
4.00577
-4.65849
-4.54495
-2.14254
-1.1155
-0.545603
3.61296
8.48144
10.2824
8.4564
3.82244
-1.2978
-4.5382
-5.09214
-5.19409
-7.29157
-9.01106
-6.20832
-3.48371
-3.74083
-5.75767
-5.55531
-4.81192
-6.89763
-11.3629
-12.3413
-10.4578
-9.60101
-10.6287
-11.6057
-12.7464
-13.0053
-7.45276
-3.3772
-3.38719
-6.85825
-11.0935
-12.647
-11.9707
-10.1454
-8.99465
-9.80284
-9.99612
-5.35294
1.55305
5.33428
7.17282
5.89018
3.69869
3.94085
4.1543
1.64852
-1.0038
0.833454
3.35975
3.41207
0.942008
-2.99204
-7.38261
-10.1406
-9.19283
-6.77292
-5.64213
-6.71017
-9.91176
-13.414
-13.612
-10.3299
-8.43564
-9.87111
-14.1754
-15.7539
-12.427
-7.47944
-1.76687
1.88949
1.96929
-1.057
-5.29236
-8.60707
-12.6239
-16.4118
-12.7639
-7.29354
-5.42085
-6.05869
-4.36751
0.124428
2.38369
2.11416
0.5865
-1.08793
-3.47028
-6.20132
-7.27273
-6.95813
4.20412
9.94752
27.2684
37.862
43.2667
44.3128
41.6886
37.6318
36.092
38.5438
40.742
41.47
40.1959
36.5778
32.8503
33.4582
36.6545
38.8212
38.9271
36.7723
31.8369
23.6963
10.8922
-2.14384
-1.1179
4.83139
7.36794
7.36375
7.13981
7.50248
6.13601
2.42834
-1.6061
-2.76194
-3.22481
-4.87519
-5.49763
-4.37587
-3.85182
-3.96395
-4.17701
-4.37092
-4.82927
-5.51654
-5.43076
-5.45124
-6.18913
-8.65449
-10.8876
-9.97681
-7.71555
-6.11693
-3.87323
-0.31447
1.93731
1.03948
-3.24708
-9.69042
-13.7836
-13.2533
-11.7378
-11.1035
-9.17815
-6.10845
-2.39322
1.94237
-6.89676
-9.15031
-8.33217
-5.40059
-3.68853
-3.79379
-6.36352
-11.2251
-14.7752
-12.538
-8.71471
-4.35525
-1.77046
-1.72999
-4.13255
-8.9086
-14.9308
-15.8691
-10.0634
-6.23196
-5.40652
-5.99318
-5.5426
-4.57223
-4.17845
-6.08148
-11.4401
-17.9656
-17.9366
-9.42897
-1.60504
2.21302
2.57761
-0.120949
-4.68176
-8.52699
-9.79524
-9.63611
-9.73945
-10.3601
-9.60659
-6.93012
-5.66168
-6.25655
-5.55407
-2.64915
-0.458312
0.210069
-0.342024
-2.49831
-6.89518
-7.46633
4.45162
11.1435
21.3634
28.0497
31.5573
33.7774
35.016
35.5333
35.2109
32.9577
28.4772
22.5162
19.3347
20.9695
23.3106
23.3981
21.406
19.1546
21.4403
23.2732
22.2697
17.679
9.47866
-0.56991
-0.607102
-0.1466
0.487251
-0.138936
-0.620319
-0.370647
-0.781298
-3.52818
-8.26294
-10.9915
-9.8286
-7.04562
-4.81036
-4.14321
-5.16833
-7.3855
-9.22395
-10.2484
-11.3624
-11.8927
-10.4506
-8.04824
-7.74694
-9.55637
-10.7705
-11.2004
-13.5365
-16.3889
-11.0268
-5.28232
-2.45336
-0.80479
-6.0524e-05
-1.12422
-4.36246
-7.19554
-6.84345
-5.57922
-3.55159
-1.7327
-0.398971
1.93811
-0.532266
2.59757
5.83119
8.32983
9.9355
9.45421
6.19846
0.690365
-3.88599
-5.51018
-6.70245
-5.20007
-0.604215
2.40476
2.28055
-0.946544
-5.85144
-7.77324
-6.12431
-5.41238
-7.62808
-9.81407
-6.51706
-2.51708
-1.83116
-3.76734
-5.54592
-5.3154
-4.37427
-4.11851
-5.21361
-7.22922
-6.64589
-4.12697
-3.55342
-5.5359
-7.68639
-9.13222
-11.9388
-12.3565
-6.28553
-0.779098
1.69037
1.17553
0.136013
2.90731
6.37983
6.79103
3.29994
-3.31423
-6.63571
-4.57304
9.74636
18.4791
33.5556
43.2819
49.0317
51.2573
50.3565
46.7419
41.6039
37.054
35.8102
35.7379
35.9867
36.9783
37.8754
38.0425
36.4696
33.805
30.6577
27.0224
21.4588
14.8689
9.14886
7.19752
5.04814
-0.0231321
-1.23488
2.72073
5.41292
4.99974
1.36054
-4.10849
-5.638
-2.69021
-1.04707
-1.91777
-4.51734
-6.15696
-5.79856
-2.89678
-1.50594
-3.02365
-5.41161
-4.50881
-3.42866
-4.37135
-6.0703
-5.93083
-3.94661
-2.21065
-2.07007
-3.39765
-4.59246
-5.34727
-6.68583
-7.85795
-8.41412
-6.82912
-3.24435
0.0663002
1.57584
1.08704
-0.858425
-2.83439
-3.677
1.39852
2.36982
2.58007
3.95753
5.14366
4.00951
0.0590001
-5.18175
-6.56101
-2.82897
1.60532
3.72917
3.45803
2.20457
1.7746
1.74303
0.555527
-0.805998
1.03983
3.64269
3.6378
0.977148
-1.6702
-2.13482
-3.32396
-5.63484
-6.69797
-5.57434
-2.65137
1.03262
3.08421
2.1172
-1.27063
-1.83403
0.854144
1.73548
-0.136171
-3.74681
-5.84799
-3.7674
-0.2472
3.10229
5.15032
5.70414
5.05093
4.1626
3.48773
2.71439
1.55506
0.0279546
-1.05113
-1.39625
-1.1519
11.6062
30.3339
45.1377
53.6931
57.8081
58.5651
56.3692
51.9483
48.0503
48.8458
50.7273
50.7357
49.0633
46.382
45.7233
47.5262
49.0546
48.991
47.8155
45.365
40.7054
33.3628
23.4903
13.5256
8.72857
8.14753
9.64573
9.95882
8.84292
6.25862
1.93256
-2.67125
-4.63903
-5.9839
-7.06903
-6.83744
-6.04427
-5.32157
-3.98299
-1.14089
2.06221
3.53605
2.78084
1.614
3.01805
5.39085
6.15145
4.71855
2.93934
2.44878
2.1087
0.401157
-1.95017
-3.09986
-2.62446
-2.10751
-3.56604
-5.65261
-5.01567
-3.72761
-2.96181
-1.01599
0.499022
-0.137002
0.52999
4.42168
-2.99949
-0.440074
2.91579
5.17802
4.14595
-0.886726
-6.79522
-5.42996
-1.42374
1.00247
1.41873
-0.570921
-4.06552
-7.2779
-9.08108
-8.94136
-5.38172
0.727915
4.96003
6.05193
5.38414
4.17967
1.81976
-3.50363
-9.66045
-7.9338
-2.63525
0.477151
2.25506
3.00342
1.58056
-2.75818
-6.42145
-4.70279
-2.94706
-3.46194
-5.49675
-6.44579
-4.61979
-1.34477
1.2499
1.97623
1.09294
0.874174
1.78986
1.8768
2.05827
3.46568
4.11339
2.70635
0.445333
-1.178
11.3497
35.0032
52.0875
62.6024
68.2557
70.0168
69.0033
67.0396
65.9915
65.1059
62.6045
57.8553
51.515
48.2026
49.2892
50.0323
49.1255
47.6581
46.8933
46.0233
43.7699
39.396
32.4738
21.9292
5.85115
-0.537189
1.98043
4.44474
4.30839
1.73155
-2.35706
-7.17001
-10.8494
-10.4679
-6.32079
-2.71308
-1.7453
-2.05674
-2.57187
-3.85702
-5.3484
-4.78346
-3.39455
-2.12799
-1.78442
-3.0364
-6.16173
-8.72219
-8.79376
-8.49399
-10.7725
-16.401
-14.6807
-5.37966
0.618776
2.3823
0.476816
-3.6412
-4.37515
-0.586497
2.03577
1.42194
-1.82882
-5.36752
-7.27409
-8.67842
-5.80171
-6.36701
-5.32787
-2.71229
-0.796114
-0.647818
-1.99978
-4.92829
-10.6071
-17.0638
-15.5912
-9.26965
-5.37864
-5.43162
-8.33235
-10.2334
-9.58056
-9.18255
-6.67239
-1.42755
2.38719
3.74041
2.28661
-1.72848
-7.47861
-8.10809
-4.70909
-2.82155
-1.84729
-0.838513
-0.248316
-0.414598
-1.0575
-1.88542
-3.24775
-4.42301
-4.77572
-4.88798
-5.61394
-6.56088
-7.02821
-7.9011
-9.50235
-8.57476
-5.09215
-1.93434
0.260885
1.66381
1.70252
0.837345
0.449019
2.11627
7.01842
22.9778
36.7549
47.0373
53.431
56.3224
56.2495
54.7293
53.6762
53.2367
52.0587
50.0903
48.0279
47.0655
47.6441
47.9846
48.4401
49.0279
48.4918
45.4954
40.2646
35.012
30.1765
24.1496
15.3041
4.51314
-1.42909
2.1546
6.60602
8.0759
6.76447
3.50541
-0.286588
-2.3531
-0.955507
1.84328
2.93456
1.58769
-1.49638
-3.93956
-5.33308
-6.01175
-7.26989
-9.48513
-12.6514
-17.0523
-14.3745
-7.64541
-3.64681
-2.60695
-3.29961
-4.37055
-5.62815
-6.85721
-6.47882
-3.14196
0.696774
3.20227
4.15894
3.75888
1.29891
-3.15349
-8.40372
-11.347
-12.6786
-12.6099
-9.48787
-6.07445
-4.96482
-6.12747
-6.11598
-1.85433
0.903688
-0.359697
-5.8777
-11.85
-6.58668
0.712427
4.26659
3.86809
0.322843
-3.65765
-5.40356
-6.98668
-5.20978
-0.754682
1.62788
2.15652
2.23527
1.88522
0.198592
-1.61509
-1.66371
-1.38055
-1.66228
-2.84033
-4.99002
-8.4774
-11.9895
-14.5043
-11.8362
-5.2614
-1.25487
-0.401501
-1.95245
-5.1368
-9.77116
-13.3917
-10.4865
-7.06301
-5.78095
-5.57832
-4.82008
-3.82301
-3.04997
-3.45783
-4.07058
-1.48884
7.85831
25.556
44.1617
55.7755
62.8828
66.3665
66.5934
63.9446
59.7863
57.4118
57.2482
57.4873
57.1132
56.0026
55.0439
55.0304
55.2421
55.2601
54.6503
52.877
49.2912
43.6913
36.2277
27.1596
18.0174
11.2991
6.96427
5.93827
6.6733
7.19849
6.31275
3.70544
1.47353
2.37088
3.91904
3.82108
2.37371
0.405667
-2.19865
-4.28683
-4.46269
-4.74814
-4.78818
-5.30612
-7.00235
-10.4408
-10.2781
-5.45071
-2.33053
-1.23969
-0.497213
0.402236
-0.250449
-3.30247
-8.26466
-11.2854
-9.18814
-7.13369
-7.19433
-7.13602
-4.05829
-0.631438
1.489
2.41636
3.5673
4.23485
-3.9215
-2.44398
-0.596753
-0.69418
-1.05673
0.402973
1.64188
0.977969
-1.65011
-5.90818
-11.0536
-11.8769
-8.94417
-7.41054
-8.40767
-11.0144
-12.1838
-10.7372
-8.61734
-6.41029
-4.65139
-4.60114
-6.54519
-8.18052
-7.06506
-5.74817
-6.04326
-6.41628
-5.31898
-4.05812
-4.53538
-7.44763
-11.3893
-12.5133
-10.2708
-8.93531
-9.17972
-8.67062
-6.31055
-5.30074
-7.37624
-10.3937
-8.14988
-3.01522
-0.540276
-1.22002
-3.23835
-4.33152
-5.73547
-8.7034
-8.99573
-4.20157
12.5541
33.2822
47.8043
56.0912
60.2679
62.5976
65.4316
69.0441
72.7158
75.5429
76.2336
73.9271
68.8888
64.2223
62.5127
60.8301
59.553
59.2071
58.8903
58.0059
56.3658
52.8002
46.0997
35.5884
24.4862
18.7767
14.6029
10.599
7.69815
8.3571
8.82372
8.31477
8.26946
8.10334
6.33459
3.53711
0.384323
-2.74328
-5.01699
-6.50407
-6.99449
-5.80286
-3.9095
-3.51
-4.8937
-6.72641
-7.34458
-7.38381
-7.91414
-7.87433
-6.8465
-5.54311
-4.35594
-3.88277
-4.70374
-6.34153
-7.77413
-9.625
-12.9633
-16.2342
-15.5621
-8.83311
-0.157363
6.30896
10.0399
11.1514
-1.09923
0.470152
0.775585
-1.42295
-4.58104
-4.75443
-3.52244
-3.75141
-4.5667
-5.27509
-6.49073
-6.4734
-3.47212
-1.1894
-1.80757
-4.69835
-6.66898
-5.57855
-4.23183
-4.2109
-6.19564
-10.7236
-15.7485
-13.7326
-7.29996
-2.21305
0.713806
1.00988
-1.08443
-4.17716
-6.78496
-8.23411
-8.60942
-7.61801
-7.92464
-8.84192
-7.535
-4.46792
-2.28994
-1.5977
-2.38766
-4.55289
-4.9946
-1.97706
0.049615
-0.99118
-3.31808
-3.31791
-2.53358
-3.86985
-5.91162
-4.02273
10.1369
28.5479
43.4604
52.586
57.9225
60.6942
63.1226
67.2181
71.0327
72.6139
71.6475
68.9792
66.1706
64.2085
63.4982
64.526
67.0105
69.5078
70.3524
68.6022
63.8842
56.2059
45.8925
35.0794
25.4359
17.5093
10.1756
3.45223
3.98907
7.80828
9.67447
11.7314
15.3705
18.1882
19.1047
18.6997
16.9659
13.5126
9.7623
7.17885
3.57898
-2.59799
-8.3408
-7.58001
-5.02395
-4.52414
-6.77095
-9.57689
-11.2407
-12.8175
-13.6048
-11.3165
-8.88081
-6.69549
-4.90088
-4.32878
-5.80364
-9.41119
-14.7171
-19.974
-18.6285
-12.5509
-8.40248
-7.4681
-7.54253
-6.66468
-0.616498
-0.671153
-2.95468
-7.85826
-12.3923
-7.59061
-1.25611
3.01414
4.78302
3.99303
0.853532
-3.46951
-6.39755
-6.99661
-6.66057
-6.62776
-6.21443
-4.75432
-3.46531
-3.63469
-4.98926
-6.00441
-5.97961
-6.77789
-9.66403
-10.7152
-6.98811
-4.5648
-5.2481
-5.79642
-3.76866
-1.91761
-0.60094
0.637906
0.744793
-1.12729
-4.69904
-9.34799
-13.9388
-15.2389
-13.636
-11.4105
-8.74128
-6.11922
-5.20153
-5.74825
-5.8724
-4.31619
-3.81544
-5.3111
-6.1972
-2.91182
7.3139
20.0163
35.0351
46.5011
53.7147
57.2226
57.8005
56.4812
54.7202
53.9127
54.6121
56.3721
57.7759
58.8403
60.3711
61.7787
61.927
60.8948
59.3774
57.4746
54.0217
48.3157
40.473
30.7404
21.34
15.1608
12.4079
10.2025
8.70545
9.8675
11.1923
11.2782
12.6029
16.2669
18.7696
18.4953
15.4777
10.6249
6.144
4.63149
4.48643
2.93807
0.0673209
-2.91295
-5.40387
-4.81701
-1.30013
0.512281
-0.663986
-3.14299
-3.41504
-2.35544
-2.28957
-3.12419
-3.33455
-2.49144
-1.53676
-2.11779
-5.07192
-10.6762
-18.4128
-21.6643
-15.8311
-8.6871
-4.14124
-2.32137
-1.84524
-3.02439
-5.70176
-9.01589
-10.0503
-5.11061
-0.647435
1.0548
0.633677
-0.89305
-2.63185
-3.81762
-4.65539
-5.75511
-7.21028
-6.87845
-4.80534
-4.01938
-5.56657
-7.52595
-6.90734
-5.85737
-6.61112
-9.04755
-11.8252
-14.4302
-12.822
-7.1512
-2.69146
-0.576946
-0.613959
-2.27835
-5.00489
-6.89312
-6.8102
-7.07047
-7.88447
-6.90588
-4.70411
-3.87216
-4.72368
-5.44583
-3.64342
0.0926881
2.81483
2.88172
0.322071
-3.1899
-4.96873
-5.68173
-6.22862
-5.5647
6.3166
19.2923
31.2761
39.0917
43.8706
46.5482
47.8477
48.3044
48.7576
49.5601
50.7904
51.0547
49.6714
49.0633
51.8926
54.7123
55.1617
53.548
50.774
46.9406
41.0759
32.3881
21.6901
13.2654
10.8072
9.81787
9.35472
7.47653
5.29832
6.23159
8.31392
9.86122
11.8013
13.354
13.2774
12.3249
11.5638
10.4715
7.77458
3.17191
-0.653109
-0.906172
-0.83244
-3.38793
-7.32746
-8.95894
-8.01391
-5.76324
-4.03102
-3.19845
-2.26755
-0.947407
-0.84867
-3.33915
-7.27649
-8.00905
-6.53953
-6.41874
-8.0179
-9.93703
-11.3636
-12.091
-9.29292
-3.68377
0.136696
0.91549
0.760535
-1.97375
-5.04819
-5.12093
-3.02605
-1.66156
-0.992712
-0.42892
-0.413951
-1.9658
-5.05844
-8.94712
-10.8857
-11.2135
-8.65355
-2.41173
2.32273
3.51165
1.09232
-4.01518
-8.57052
-10.1542
-10.4453
-10.9849
-12.1084
-13.4172
-14.1702
-14.8387
-16.7016
-18.9152
-18.4606
-15.6439
-13.3107
-10.5682
-7.20421
-3.80584
-1.07526
1.30913
3.49649
4.80712
4.42976
2.34174
-0.189955
-1.47252
-1.93752
-3.01188
-3.15382
-0.432871
3.20537
5.17276
4.85552
2.7676
6.18963
17.6696
31.122
39.1107
43.3539
44.7389
44.3358
43.4471
42.8194
41.8765
39.7616
37.1513
35.5632
34.9493
36.4055
38.3141
39.7718
40.487
39.8154
37.4173
33.4586
28.9722
24.5885
19.2243
12.2565
7.0718
4.00147
3.7135
4.46677
3.49537
0.0743559
-2.17327
1.31361
6.56848
10.7211
13.0312
12.8941
10.5707
7.46119
4.49657
1.5055
-0.726276
-2.41269
-6.10729
-8.04256
-4.66579
-0.855663
1.72186
2.75896
1.37727
-2.88034
-8.87325
-12.9348
-14.6984
-13.9465
-11.2188
-9.29857
-8.79854
-7.17251
-3.98984
-1.89554
-1.82747
-3.25822
-5.30066
-7.77288
-9.52861
-8.19768
-6.78482
-3.34893
-1.57727
-2.00147
-3.46599
-4.20103
-4.18349
-5.22712
-8.04641
-11.2814
-12.7606
-11.1748
-7.52226
-5.06078
-5.20747
-6.65786
-6.05103
-4.40235
-4.52792
-5.71361
-3.64307
1.13873
3.73443
2.81168
-1.44847
-7.34839
-11.4574
-13.0876
-12.8071
-13.1213
-15.1107
-16.9881
-17.0408
-15.5721
-11.1081
-5.19638
-0.645544
1.57698
2.82236
4.17014
4.35952
1.7081
-4.44837
-10.9333
-10.6557
-8.28306
-5.25436
-2.21019
0.0274723
0.867289
0.947328
6.5523
15.999
30.2277
40.8665
47.0417
49.4562
48.7598
46.5705
44.8927
44.0445
42.7626
41.5001
41.7077
44.8018
48.1546
49.6904
49.1984
47.3281
44.6456
40.5136
34.5362
27.4363
19.961
12.1727
6.09962
2.65794
-1.00551
-3.92239
-4.48453
-5.3805
-8.30299
-6.83083
0.973372
5.19871
5.28684
1.68834
-3.15294
-3.95558
-2.46707
-2.60485
-5.933
-12.3598
-16.7349
-16.5016
-14.0341
-12.1888
-11.2768
-10.2446
-9.49473
-9.65025
-9.40021
-6.50834
-3.78617
-3.69034
-6.2121
-8.42689
-7.64284
-6.55317
-6.42125
-5.57788
-4.22038
-3.90871
-4.88722
-6.70634
-8.79186
-10.7961
-7.95337
-8.56685
-10.0699
-12.5196
-12.1025
-8.37608
-6.00314
-5.74921
-7.11757
-9.01254
-10.8314
-12.9511
-15.2152
-15.3562
-13.0533
-11.8706
-12.2857
-11.9365
-10.3359
-9.08566
-7.75148
-4.46655
-1.38752
-1.12878
-4.44382
-10.4495
-14.1951
-14.6678
-14.8748
-12.7893
-9.49206
-7.82918
-8.02878
-9.82904
-13.0266
-15.0253
-12.8594
-7.95134
-4.31688
-3.75952
-6.57274
-11.8484
-16.2598
-18.995
-19.3911
-17.3676
-14.9035
-12.1822
-9.15781
-6.67571
-6.29741
-5.97203
6.73905
21.0561
35.1332
45.2739
51.91
55.3185
56.0625
54.889
52.9497
51.2791
50.0448
49.4934
48.9318
47.9541
47.5234
48.0014
48.7621
48.9517
47.935
45.2697
40.4813
33.5547
24.879
15.6185
7.56154
5.02826
3.51567
2.3819
1.1361
-1.31582
-3.42136
-1.9185
1.11194
3.15129
3.10896
0.553746
-4.05901
-5.46484
-3.35882
-3.38525
-6.42073
-10.8324
-13.7294
-12.4778
-8.49443
-4.89357
-3.32224
-3.61679
-4.27291
-4.47759
-5.25064
-7.24594
-9.49533
-10.462
-8.60307
-5.06252
-3.3436
-4.71817
-7.75531
-7.79487
-4.09503
-1.04128
-0.728249
-3.71087
-9.81835
-15.0246
-9.1316
-9.0323
-9.25194
-10.1371
-9.20029
-7.01643
-5.80467
-6.2843
-7.25858
-7.0283
-6.27879
-5.45408
-4.32046
-3.93259
-5.47905
-8.60047
-9.80479
-7.61611
-5.75108
-6.09265
-8.01834
-9.45661
-9.33917
-8.78041
-8.4513
-7.14744
-5.7163
-5.79293
-7.31934
-7.16929
-4.05578
-1.52008
-0.564494
-0.915344
-2.02677
-2.76678
-2.22203
-2.15256
-3.90599
-6.98778
-9.68156
-11.5846
-13.6629
-15.8015
-15.413
-10.5318
-4.45381
-0.414109
0.500908
-1.43682
-4.75847
-4.88838
8.48612
26.3001
41.5504
51.5747
57.367
59.5914
58.9645
56.8114
55.235
55.0368
54.5576
52.8977
50.255
48.6942
49.3437
50.2755
50.0441
48.9444
47.2958
44.8401
41.5172
37.1631
31.0005
22.3701
12.0111
6.76254
5.02944
4.55644
5.0352
4.79172
3.61473
2.25843
-0.0257095
-4.3119
-9.63962
-11.885
-9.89202
-6.54803
-4.24817
-2.75361
-2.3512
-4.05951
-7.53758
-10.4465
-11.0682
-10.9167
-8.64541
-5.59654
-3.44624
-1.34781
-0.0751642
-1.29478
-5.4463
-9.04591
-7.30711
-5.06597
-3.47392
-2.1403
-1.77341
-2.44501
-2.96315
-2.60967
-3.01964
-5.28348
-8.53756
-10.1479
-8.72012
-7.80964
-6.26518
-1.99705
2.30856
4.05079
2.38972
-2.35548
-6.44734
-6.01887
-5.67295
-7.63716
-10.6563
-10.407
-7.36833
-5.40537
-4.73454
-3.97265
-2.91288
-2.82914
-4.34346
-7.22622
-10.213
-12.2626
-14.8193
-17.117
-15.4187
-11.6211
-9.89318
-9.54863
-7.92583
-5.0233
-3.35998
-4.12647
-5.57674
-4.26617
-1.92047
-0.609374
0.575895
1.75499
0.906633
-2.8399
-8.95462
-15.455
-20.0582
-19.424
-14.5299
-8.79413
-4.258
-2.35512
-2.88431
-3.37621
4.85857
19.9366
37.254
48.7257
55.8093
59.3143
60.1751
59.6138
58.9175
58.1997
56.8923
54.967
52.9942
51.7767
51.668
51.8158
51.6866
51.0118
49.4051
46.235
41.4616
35.4542
28.4506
20.5292
13.2072
8.92144
2.97872
-1.48932
-0.311648
2.04619
2.28277
0.425074
-2.34098
-4.7964
-8.03712
-10.1685
-8.52071
-5.8301
-5.07048
-5.66375
-7.34455
-11.0659
-16.8493
-20.496
-20.5262
-17.997
-13.3574
-8.81878
-5.83104
-4.29424
-4.04625
-5.49574
-8.09635
-8.71053
-7.88664
-9.4498
-14.3722
-20.1997
-20.3035
-15.2571
-9.625
-5.61392
-4.41022
-5.93039
-7.60699
-6.36734
-5.17037
-4.29471
-6.1746
-9.16047
-10.2242
-9.72617
-8.84546
-8.227
-8.11228
-7.44704
-6.82009
-7.62232
-10.3689
-12.778
-10.3043
-6.37411
-4.88396
-6.23924
-9.15117
-11.8955
-14.3095
-14.7175
-13.9871
-14.5297
-15.8577
-15.6916
-13.3356
-11.629
-11.9076
-11.2195
-5.78942
-1.65622
-1.51288
-4.24462
-6.16577
-4.51899
-2.89292
-2.80525
-3.8545
-5.15504
-5.42296
-5.72178
-7.32289
-10.7115
-14.5524
-14.9156
-13.3176
-11.7278
-9.70032
-8.20079
-8.53946
-8.11338
5.07095
20.9181
35.8715
45.671
51.5953
54.4817
55.578
56.235
56.9293
57.144
56.6131
55.1024
52.8892
51.1025
50.6498
50.744
51.003
51.101
49.8082
46.1197
40.5413
34.4403
28.2815
20.5978
11.4597
7.74876
4.65827
2.55629
4.30235
5.83616
4.91833
2.09719
-1.17591
-3.57906
-5.91679
-8.22709
-8.77202
-6.11477
-3.58879
-2.01185
-1.36051
-2.33094
-5.64594
-10.4506
-13.6344
-14.1499
-12.455
-8.91727
-6.22622
-5.90532
-7.53669
-9.43575
-9.98693
-10.5082
-11.957
-14.7955
-18.1177
-20.1224
-18.9335
-14.8816
-10.5694
-8.11507
-7.6399
-8.72983
-9.02581
-6.62596
-5.35812
-7.24203
-7.00447
-7.09417
-8.76011
-9.97133
-8.18516
-6.44236
-6.28502
-5.77593
-4.25253
-3.94411
-5.64236
-7.31474
-7.13068
-6.97913
-7.62403
-8.19549
-9.02399
-11.0049
-12.0207
-8.93873
-5.189
-3.2478
-3.31192
-4.68089
-6.59626
-7.71998
-6.22556
-3.00451
0.571602
2.72584
2.29769
-0.814432
-4.91087
-6.67422
-5.79952
-3.88857
-3.16561
-4.49604
-6.34856
-6.48666
-6.39468
-8.18253
-10.3095
-9.82729
-7.46421
-6.23515
-6.878
-9.41795
-13.2306
-8.1581
11.4458
32.9333
48.8496
59.0041
64.4602
65.9728
64.4265
61.3794
59.2886
59.059
59.805
60.6152
61.5441
63.2602
64.7336
65.0934
64.9969
65.0677
64.3953
62.0537
58.4244
54.4635
49.6917
42.1027
30.1866
14.5187
4.76048
2.3591
1.33161
1.29798
1.78353
1.37877
-0.322974
-1.61439
-0.946582
-0.473165
-1.679
-3.72278
-4.26079
-3.45004
-3.80573
-6.25181
-9.49807
-10.4201
-9.50136
-7.95137
-5.7393
-3.77962
-2.86592
-2.4555
-2.3093
-3.54153
-7.05168
-11.3565
-10.8199
-7.11888
-4.6841
-4.11494
-4.89012
-5.63551
-4.20597
-2.10584
-1.45368
-1.77877
-1.92107
-2.2086
-2.50809
-5.21456
-7.80417
-10.1582
-10.3899
-6.94651
-3.09834
-0.85303
-0.833151
-2.47484
-4.88477
-7.62512
-10.4458
-10.909
-8.88775
-8.04896
-8.14163
-8.25246
-8.29468
-8.81757
-10.1344
-10.9117
-8.59099
-5.20487
-3.87004
-5.14544
-8.13788
-9.8804
-7.47032
-3.41418
-1.49642
-2.50605
-5.73932
-9.1563
-10.3449
-9.17429
-7.82351
-7.45835
-8.16151
-9.36084
-10.7121
-11.5114
-11.2604
-10.9487
-11.3201
-12.0963
-12.4586
-12.0596
-12.2147
-12.6542
-11.4381
-3.35245
10.2897
34.1159
51.3915
62.8446
69.7842
73.43
74.2527
72.6518
69.421
66.3168
64.9674
64.6317
64.0036
64.3229
66.8819
69.6433
71.2042
71.6389
70.974
68.7705
64.9063
59.7666
53.4619
45.1526
34.1784
23.609
17.125
12.4242
8.32122
6.53392
5.72008
3.38799
-0.570692
-4.60417
-7.09605
-9.404
-12.5446
-14.3726
-11.9507
-9.10596
-7.11137
-5.22681
-3.53812
-1.08505
1.75642
3.29205
2.55828
-0.102623
-2.53227
-2.97914
-2.97993
-4.2474
-5.10857
-3.76536
-2.38486
-2.34458
-2.89961
-3.20048
-3.89389
-5.52161
-6.50747
-5.38907
-4.73146
-6.01745
-8.52496
-10.123
-6.32153
-4.87877
-3.87713
-4.09384
-4.43463
-1.71136
1.77427
2.95089
2.02793
0.8181
0.201334
-0.235965
-0.74331
-1.91837
-4.25109
-6.03416
-4.81066
-2.74012
-2.83105
-6.15072
-11.708
-12.5199
-8.62948
-6.18072
-6.07851
-7.62748
-9.25388
-9.40741
-7.63058
-4.66034
-2.39087
-2.49142
-5.24067
-6.19283
-0.682321
3.83335
5.26739
4.43208
2.39894
-0.302743
-3.81195
-6.29733
-6.00175
-5.13285
-5.06091
-4.60464
-2.82658
-1.32649
-1.61534
-3.96774
-6.76461
-5.52675
5.66618
26.5178
43.9687
54.9969
62.0596
66.754
70.2055
72.4648
73.4872
73.4306
72.2514
69.5034
65.164
60.3827
57.991
60.4593
65.0902
68.8671
70.9407
71.0632
68.876
63.9972
56.0212
44.9743
31.5676
21.0332
15.4771
11.6343
9.24652
7.52101
6.74727
6.25256
5.16923
3.42152
1.37867
-1.10339
-3.97253
-6.61206
-9.3003
-11.8528
-12.9906
-10.4601
-6.75722
-3.66828
-1.19763
0.0472672
-0.677356
-2.80909
-4.09118
-3.49918
-3.4447
-5.39817
-7.11391
-3.07705
1.44403
2.5944
0.736201
-2.40569
-5.32988
-9.09872
-13.4755
-13.972
-10.3157
-7.65965
-7.70885
-10.1766
-6.44446
-5.08085
-3.8861
-2.99137
-2.9223
-3.25182
-3.8443
-5.28875
-7.10489
-8.61856
-9.20903
-8.6989
-7.5892
-7.8122
-9.60278
-10.3179
-8.50157
-6.85384
-6.74523
-7.06044
-6.04829
-4.91487
-5.0098
-4.72009
-3.44826
-3.28912
-4.66658
-5.52753
-5.38659
-5.61647
-6.38068
-7.26207
-7.10219
-3.51277
1.33384
4.96364
6.47764
5.86034
3.53795
0.538348
-2.18992
-4.38116
-5.67904
-6.03683
-6.61372
-7.97984
-7.59166
-5.07256
-4.19314
-6.32813
-10.5058
-10.3067
3.78322
20.2342
35.5067
46.0033
52.8162
57.3364
60.8029
63.8349
66.3274
67.9252
68.7953
69.0761
68.1601
65.5082
61.8607
59.8939
60.1686
60.6604
60.3497
59.0497
56.6329
52.761
46.3577
36.3125
22.1195
8.06745
2.45812
-0.664647
-2.47576
-0.465656
3.06325
4.98689
4.39265
1.61206
-1.11985
-2.11017
-3.11508
-5.33608
-8.61608
-11.3628
-12.1378
-10.4212
-8.49345
-7.39677
-5.01385
-2.09381
-1.13251
-3.04724
-6.55727
-8.22426
-8.6855
-10.4791
-11.7663
-7.13137
-1.64009
0.884502
0.499707
-2.00527
-5.21665
-7.23312
-6.83869
-5.70553
-5.32096
-5.62432
-6.94475
-9.34017
-10.3668
-9.76201
-7.09689
-4.43559
-3.62296
-3.70968
-2.63796
-2.01842
-3.96837
-7.98809
-9.69641
-8.32524
-7.88196
-7.62316
-7.12379
-8.12485
-10.7383
-10.8573
-9.02762
-9.49997
-12.1556
-13.5295
-12.2416
-11.3609
-10.9407
-9.85009
-8.21023
-7.54985
-8.09372
-9.19392
-9.87584
-9.57717
-6.864
-3.76218
-2.74464
-4.10902
-6.78992
-9.60707
-12.3528
-12.3813
-9.71318
-8.27626
-8.98305
-11.3302
-14.7515
-18.3447
-19.5952
-17.1465
-14.4476
-12.8827
-11.7741
-9.68071
2.53657
14.947
29.7416
39.4961
45.8499
49.567
51.9729
53.8043
55.7573
57.6144
58.3864
57.239
54.221
50.867
49.8078
51.6743
54.239
56.1258
57.1412
56.9801
54.8152
49.6508
40.4666
26.8119
12.096
6.77561
5.48337
3.269
-0.292048
-1.85845
1.32644
4.07614
3.58797
-0.386676
-6.45122
-9.64097
-9.40403
-8.19094
-7.16982
-7.44744
-8.55782
-7.36339
-4.11621
-2.96346
-4.45337
-7.29304
-9.15402
-9.49589
-8.48831
-7.51587
-7.971
-9.62172
-11.5673
-14.2229
-17.8405
-16.9027
-12.6932
-10.416
-10.7633
-12.8131
-15.3103
-15.8059
-12.2531
-8.29192
-6.55321
-7.14872
-4.98002
-4.36631
-0.968863
1.04794
0.0594537
-2.53908
-3.53431
-3.89524
-6.76983
-12.6481
-16.868
-14.8659
-11.8695
-10.5325
-10.2494
-10.5692
-11.3463
-10.4241
-7.68948
-6.20123
-6.91115
-8.69126
-10.3462
-12.0874
-12.0138
-8.97
-5.85845
-4.86126
-6.40577
-10.1226
-14.3495
-15.7799
-14.9185
-13.3377
-11.7966
-9.01785
-6.47495
-5.89615
-7.29606
-9.79894
-13.102
-16.3393
-16.5479
-13.9522
-10.0658
-6.86541
-6.18284
-7.92384
-10.3448
-11.3333
-11.337
-9.54471
1.05201
12.7776
27.0963
37.4297
44.2339
48.5121
51.3207
53.122
53.7016
53.205
52.3354
51.1707
48.8679
46.2296
46.6095
49.2169
51.6301
52.9188
52.6784
50.2538
45.2415
37.6587
26.9199
13.4124
3.1754
-5.1168
-4.42241
-3.67552
-5.68576
-9.34137
-10.7231
-9.95358
-9.83554
-9.25871
-7.25453
-6.43603
-8.63732
-11.7065
-8.63788
-4.33458
-2.70836
-2.91391
-3.12242
-3.13783
-4.42261
-7.83482
-11.4426
-10.8425
-8.96087
-9.20886
-11.2472
-12.7176
-13.1903
-14.0887
-15.2923
-15.1744
-13.8778
-13.695
-15.4122
-17.4479
-17.8622
-19.1223
-20.4182
-18.3092
-14.6714
-12.0477
-8.12831
-11.7956
-13.1905
-14.037
-13.4795
-11.8068
-10.14
-9.75434
-10.5937
-11.7906
-13.1134
-15.0562
-15.088
-13.3166
-12.127
-11.8819
-12.0814
-11.1853
-9.36819
-8.2866
-8.70496
-9.75114
-10.6874
-11.9794
-13.3371
-13.5093
-9.30676
-3.90508
-0.660979
-0.679869
-4.00976
-9.95172
-14.4367
-13.7087
-11.5444
-10.3231
-10.166
-10.2085
-10.1362
-10.083
-10.4655
-11.5343
-12.7993
-12.9898
-11.6224
-10.1704
-9.99931
-10.8728
-11.8376
-12.2882
-11.7873
-10.0663
0.920757
10.7372
24.7853
34.0245
39.6223
42.7164
44.2567
44.6439
44.1271
43.4396
43.0304
42.1655
39.6303
36.4999
35.2493
36.6554
39.1972
41.2221
41.3758
38.9317
33.5186
24.8648
13.1793
1.11809
-2.71422
-7.62447
-7.98218
-7.45375
-7.89632
-7.42679
-5.05726
-3.40358
-3.71478
-4.31813
-3.4596
-2.51574
-3.6016
-7.10212
-10.9709
-13.0115
-14.5535
-14.5853
-11.8545
-8.96424
-7.64836
-7.43945
-7.91426
-8.67616
-9.53903
-10.4896
-12.1824
-15.0956
-17.9377
-18.4553
-17.3655
-14.8773
-11.8752
-10.0417
-9.11705
-7.76509
-6.97706
-8.45312
-11.4783
-11.1446
-7.50769
-5.33108
-12.2716
-13.3414
-13.8794
-13.8865
-11.8498
-7.74932
-4.92938
-4.53606
-5.21992
-4.60203
-4.07355
-5.91949
-9.96612
-10.9177
-8.92783
-9.40323
-13.3487
-19.4529
-22.9307
-19.8148
-14.6483
-11.0464
-9.12182
-8.03298
-8.16198
-10.1787
-13.0454
-12.58
-9.96495
-9.1892
-10.9241
-13.6039
-15.0662
-15.5597
-15.6764
-14.0046
-11.3166
-9.77524
-9.16538
-8.43531
-8.23901
-9.25145
-10.3123
-10.0334
-9.75668
-10.3526
-10.7757
-8.73088
-6.11467
-5.23358
-6.46627
-9.00172
-1.16947
10.3048
26.2483
35.9747
41.48
44.1005
45.0785
45.0669
44.1372
42.9393
42.1174
41.4002
39.7707
37.7774
36.3979
35.4531
34.7465
34.3664
33.2593
30.2554
24.787
17.2504
9.02199
-0.416015
-6.71476
-16.1724
-13.1313
-9.13764
-7.38697
-8.38693
-11.2231
-11.6346
-9.94383
-9.70043
-10.3122
-10.3735
-10.5902
-10.5981
-9.3698
-8.53444
-9.28831
-10.7782
-11.4124
-10.1546
-7.06028
-5.13952
-5.11671
-6.19568
-7.4777
-9.18069
-11.0596
-12.3296
-13.238
-15.199
-16.9979
-14.2433
-9.15515
-6.31565
-6.6954
-9.93269
-14.3596
-17.1681
-16.9083
-13.1421
-8.54922
-5.38909
-12.4518
-11.9062
-11.48
-11.093
-11.0536
-10.0947
-7.55919
-5.97753
-6.70047
-8.45075
-8.85111
-8.69455
-9.56548
-10.3693
-9.9009
-10.1775
-12.7684
-16.7174
-16.9082
-11.7719
-7.00047
-5.41393
-6.10728
-6.13306
-5.16992
-5.61308
-8.11753
-11.0841
-12.3615
-11.8861
-11.5412
-11.9744
-11.7857
-10.8726
-10.3907
-10.8072
-11.9239
-12.1097
-9.90715
-8.09706
-8.72557
-11.7915
-15.8753
-18.0745
-16.423
-13.4265
-11.3724
-9.7201
-7.75213
-6.7733
-7.76111
-9.95246
-0.905492
14.6567
29.9802
39.075
44.074
46.3259
46.8777
46.5674
45.9292
45.723
46.0176
45.7433
43.7019
39.9092
36.1189
34.4514
34.3488
34.4342
33.3147
29.7213
23.1902
14.5409
5.95956
-2.51526
-8.28432
-10.2911
-8.04558
-6.24234
-5.56264
-6.76578
-9.72068
-11.7413
-11.1309
-10.8161
-11.9743
-12.3554
-10.7716
-9.26396
-8.36794
-7.01942
-6.34772
-7.96367
-11.5031
-13.0757
-9.5334
-6.45043
-5.76023
-6.69909
-7.02112
-6.83346
-8.28004
-11.3574
-13.3041
-12.8732
-11.2564
-8.48989
-5.72081
-4.65063
-5.46134
-7.56129
-9.75735
-11.4137
-12.8807
-14.2473
-15.1833
-15.5307
-7.64653
-7.1927
-7.55628
-7.55603
-7.73306
-8.79209
-9.64071
-10.4508
-12.8535
-16.1948
-16.2833
-13.9096
-12.8829
-13.7808
-15.0838
-14.6066
-12.3067
-10.2398
-8.78712
-7.4676
-6.75988
-7.5086
-9.76836
-11.9842
-13.2012
-14.1777
-14.1914
-11.7055
-8.81635
-8.10256
-9.97151
-13.2024
-14.6762
-13.5582
-12.169
-11.1721
-11.4684
-13.2911
-15.1543
-15.0473
-14.1259
-13.8489
-14.1998
-14.343
-13.6528
-12.5838
-11.7915
-12.0291
-13.9857
-17.383
-18.7226
-13.2462
1.33993
19.7589
35.559
45.6527
51.2896
53.4163
52.9799
51.1328
49.0569
47.3933
46.7187
46.3316
44.7226
41.6404
38.7458
38.0161
38.0247
37.2347
35.0415
31.1315
25.6881
19.3143
11.8342
2.21135
-6.76671
-13.8948
-15.5012
-13.4039
-11.6727
-12.2268
-14.9549
-15.694
-13.2405
-11.6444
-12.4454
-14.2434
-15.0332
-13.9806
-12.9585
-13.0266
-14.2061
-15.733
-16.1368
-15.0015
-12.5608
-10.2413
-8.86568
-9.02639
-9.95473
-10.517
-11.4431
-12.5274
-11.1257
-8.68676
-7.56057
-7.24644
-7.07268
-8.06369
-10.9547
-13.7801
-13.1782
-10.7099
-9.3525
-10.2688
-13.3782
-17.0251
-13.7623
-14.0623
-14.4517
-14.0393
-12.2219
-10.0606
-8.77576
-8.94451
-11.0395
-14.4708
-16.5729
-15.7455
-14.0345
-11.523
-7.85955
-5.0538
-4.47718
-5.95453
-7.42305
-6.29089
-4.89906
-5.93794
-10.0941
-15.6147
-16.7854
-14.1775
-12.5089
-11.8541
-11.7896
-12.7038
-15.1883
-18.6057
-21.0223
-22.7116
-23.462
-20.8691
-16.6832
-14.2173
-13.9224
-13.9901
-12.3734
-10.4914
-10.4664
-12.8131
-15.5285
-13.8311
-9.93125
-7.83747
-8.12769
-9.80582
-11.2887
-10.2729
5.98283
29.3807
45.1558
54.5072
59.3092
60.4559
58.5957
54.6803
50.4048
47.6375
46.5987
46.2038
44.8457
42.0696
39.2112
37.9571
37.382
36.1963
33.8393
29.9549
24.4348
17.1644
8.03401
-1.85233
-7.59033
-11.2556
-14.0263
-16.4768
-17.5282
-17.2663
-16.5764
-14.4027
-11.67
-10.4854
-11.6616
-14.2964
-15.941
-15.4852
-14.126
-13.1564
-12.6474
-12.3394
-12.4451
-13.3041
-13.4993
-11.3949
-8.7573
-7.68576
-9.10146
-13.0117
-17.4656
-17.6096
-15.0513
-12.8395
-11.7937
-11.9489
-11.4267
-9.7365
-9.62567
-12.5151
-16.71
-17.2362
-15.218
-13.7286
-13.1589
-13.4641
-12.3156
-10.9383
-9.22271
-9.02811
-11.0382
-12.193
-9.36801
-7.18714
-7.9884
-11.1023
-13.9104
-14.9357
-15.3727
-15.2547
-14.5569
-13.4294
-11.2055
-9.67152
-10.0681
-11.9009
-13.8253
-15.3895
-16.1407
-13.7252
-9.84927
-7.81786
-8.51475
-10.9078
-12.0155
-11.0814
-10.9094
-12.5981
-15.2
-15.6717
-14.4245
-13.6802
-12.7376
-10.8092
-9.37378
-9.31243
-10.2845
-10.7633
-9.6746
-8.60612
-8.29936
-7.84703
-7.51929
-7.64764
-7.28125
-6.62522
-7.21152
-8.27127
0.144228
28.6556
46.8014
58.3396
65.2281
68.4126
68.3482
65.386
60.4405
56.2894
55.4947
55.6851
54.5534
51.7687
48.6155
46.7665
45.6611
43.9073
41.2017
37.6864
33.1054
27.5859
21.1713
13.267
4.02098
-2.65856
-5.52187
-6.52149
-7.58634
-9.90475
-11.7071
-11.4452
-12.0955
-15.3495
-20.004
-21.9325
-22.0326
-19.6494
-15.4198
-12.7666
-12.6533
-13.9949
-14.6762
-13.7305
-12.3643
-10.4708
-8.49071
-7.53947
-8.52012
-11.3428
-14.5848
-16.7262
-16.8911
-15.8584
-14.4555
-12.3404
-9.17432
-7.30946
-8.34886
-11.9458
-14.1744
-11.9849
-9.54831
-8.3614
-7.91669
-7.97639
-21.7359
-20.8895
-19.3599
-17.4041
-15.3023
-13.2207
-12.2989
-13.0961
-14.738
-15.6558
-15.2519
-13.8368
-12.2987
-11.7732
-12.6896
-13.9346
-13.8767
-12.8443
-12.4139
-13.6011
-16.764
-20.504
-18.8294
-12.6355
-8.81498
-8.76287
-11.6044
-14.3257
-14.1795
-12.9514
-10.9601
-8.71403
-6.43779
-4.71233
-4.37729
-5.85804
-8.21194
-9.23056
-8.43729
-8.03038
-9.31492
-12.2155
-14.5975
-13.8981
-11.4507
-9.8487
-10.0377
-11.3303
-12.2831
-12.5812
-12.5131
-10.7469
-0.262573
25.7081
43.4956
55.0443
62.4826
66.7372
68.5281
68.543
67.5332
66.1114
64.6428
63.3359
61.7033
59.0823
55.8638
54.0443
53.5754
52.9624
51.4519
48.9027
45.1689
39.9542
32.7956
23.8023
13.5404
6.90643
5.32049
4.9401
3.43995
-0.697459
-6.69552
-10.8489
-13.1891
-14.9408
-17.0142
-18.8515
-17.1736
-13.4633
-11.3404
-11.2077
-12.2245
-13.6667
-15.3791
-17.019
-18.3817
-19.4949
-20.3986
-19.9193
-18.3064
-17.2024
-17.8044
-19.8735
-22.1505
-24.1454
-24.9435
-19.3716
-13.0337
-9.90469
-9.76164
-10.1885
-8.24297
-5.57388
-5.02457
-7.34507
-12.0743
-17.4797
-18.3741
-17.8076
-18.9276
-21.3457
-21.0908
-15.2392
-8.77078
-5.11651
-4.65924
-6.88715
-10.6422
-13.8868
-14.6229
-13.077
-11.846
-11.4494
-11.6018
-12.4843
-13.1404
-11.8974
-9.31597
-7.0427
-5.85299
-6.06079
-7.64744
-10.0898
-12.3514
-13.0126
-13.0789
-13.9143
-15.2234
-15.3267
-14.041
-13.3921
-14.3613
-15.7401
-14.9846
-14.0733
-15.0061
-16.7273
-16.1922
-13.7137
-11.6114
-11.023
-11.6081
-12.1873
-11.5623
-10.5689
-10.1288
-9.83909
-8.5531
-6.38046
0.399651
17.6007
33.9992
44.8145
51.6369
55.75
57.5921
57.6792
56.8568
56.0416
56.1294
56.8233
56.7903
55.1137
52.3367
50.6572
50.8239
51.2119
50.7713
49.5537
47.6292
44.3637
38.7536
30.0687
18.482
9.84986
7.64018
7.36862
5.9464
1.95613
-4.41245
-8.07157
-8.13774
-9.07421
-11.1951
-13.5515
-15.6377
-15.8783
-14.2324
-12.406
-11.6454
-12.0097
-12.8269
-13.6049
-13.937
-15.1434
-16.9489
-16.7307
-14.1166
-12.8792
-14.5397
-17.8535
-17.556
-15.0358
-14.6118
-16.6596
-17.1782
-13.7734
-10.0574
-6.37154
-3.34272
-2.2437
-3.66695
-7.07332
-10.4238
-10.6004
-14.5885
-12.8682
-13.4174
-14.8255
-13.2992
-9.73639
-7.63919
-7.79435
-9.69771
-12.2762
-15.0144
-17.1714
-18.0906
-18.8407
-18.3326
-14.3215
-10.4288
-9.285
-10.9979
-13.7187
-12.0242
-7.04801
-3.87932
-3.81967
-6.492
-10.7561
-15.0373
-18.2622
-18.068
-14.6436
-11.6915
-10.6396
-10.9548
-9.96351
-7.6053
-6.65922
-7.69455
-9.11311
-10.1016
-12.121
-13.9345
-11.4
-7.79414
-5.91622
-5.72544
-6.57893
-7.71001
-9.08547
-11.3398
-14.7552
-15.6242
-11.4046
-1.52923
13.5358
28.882
38.6045
44.1877
46.7088
47.194
46.4667
45.4076
44.3866
44.1748
44.4751
44.3035
42.7319
40.2242
39.5245
41.0777
42.4946
42.6593
41.8026
40.0056
36.8051
31.4029
24.0504
16.5392
11.9447
8.43165
4.12187
-1.59497
-6.89076
-9.66605
-9.24412
-7.12514
-5.72764
-5.61295
-6.13596
-6.61065
-6.89126
-6.87498
-6.82582
-7.01185
-7.11084
-7.25734
-7.61757
-8.28119
-9.32328
-10.575
-11.6573
-12.8191
-14.4693
-16.2699
-17.5765
-17.2031
-14.8209
-13.1361
-12.8318
-11.971
-9.88442
-7.99206
-6.88623
-5.32816
-3.39642
-2.6549
-4.0349
-6.93626
-8.2632
-9.66327
-7.2889
-8.62571
-12.8258
-14.6151
-10.2046
-6.57146
-6.23255
-8.91052
-13.2092
-16.2344
-15.8903
-13.5172
-11.7362
-11.7351
-13.0671
-14.0968
-13.888
-13.142
-12.6849
-13.2883
-14.7123
-14.6512
-11.7734
-8.94565
-7.60928
-8.08066
-10.4191
-13.6876
-13.824
-11.0279
-9.68651
-10.6879
-11.6239
-10.115
-8.70425
-9.44451
-11.9431
-14.6516
-16.2453
-16.5264
-15.1734
-12.9882
-11.8162
-12.6016
-15.2852
-18.4202
-19.6791
-19.153
-19.3395
-20.3006
-15.9094
-1.84186
11.8886
26.011
35.4837
40.9594
43.2154
42.778
40.5422
38.1511
37.2545
37.7996
38.6747
38.6958
37.2089
34.7534
34.5976
36.9298
38.7385
39.1177
38.1656
35.9552
32.0705
25.5986
16.5666
8.09541
4.97363
3.01538
-0.516677
-4.79123
-6.82637
-6.86918
-7.84963
-10.0169
-10.508
-8.88127
-7.92269
-8.95532
-12.0481
-16.2415
-17.9268
-15.7137
-13.2563
-11.2646
-9.16868
-7.22544
-6.43537
-6.71137
-7.69406
-9.65639
-12.2041
-12.6783
-11.5073
-11.9538
-15.0515
-17.9254
-15.4143
-12.2932
-10.4713
-8.22261
-6.00189
-5.20625
-5.7256
-7.13743
-9.66344
-12.7061
-14.0607
-12.3082
-11.4448
-13.1812
-15.6176
-13.1325
-8.86236
-6.91769
-7.05162
-7.46081
-7.3813
-7.21231
-6.71755
-6.77219
-8.94973
-13.5273
-17.8505
-17.1659
-15.1324
-14.88
-15.7385
-16.2755
-16.0291
-15.2927
-13.6067
-11.7823
-10.7268
-10.6783
-11.6051
-13.2588
-15.0765
-16.2109
-16.522
-15.6656
-13.4511
-11.8472
-12.2197
-14.6375
-16.9589
-17.1166
-16.0385
-14.2322
-10.6693
-6.88948
-5.49967
-7.39131
-11.9059
-14.6695
-13.3025
-12.7621
-15.147
-19.7523
-19.113
-4.89809
2.94788
14.6711
23.3024
28.6029
31.072
30.9545
28.8789
25.9924
23.3927
22.8856
23.9123
24.4757
23.7127
22.1535
22.6677
24.5888
25.7783
26.3594
26.1784
24.4562
20.984
16.6844
13.5464
10.6931
7.07615
4.14222
2.08768
0.366288
-1.83911
-5.65026
-11.3136
-15.5556
-14.7299
-12.7934
-10.3175
-8.70753
-9.65911
-13.1309
-15.3553
-13.6917
-12.236
-11.99
-12.7158
-13.8197
-14.045
-12.4963
-11.4537
-12.7862
-15.4879
-15.9245
-14.6942
-14.6923
-14.9875
-14.2871
-13.2265
-12.6823
-11.4906
-8.03519
-3.51474
-1.04631
-1.66894
-4.6583
-7.38615
-8.23306
-9.5834
-15.8146
-16.2594
-15.4732
-11.7147
-6.7934
-3.55706
-3.10794
-4.84502
-6.4299
-6.4491
-6.91053
-9.11682
-12.2177
-14.557
-15.2541
-15.6667
-17.0553
-17.6015
-15.3665
-13.6216
-14.4562
-17.0232
-18.7252
-18.6416
-17.7461
-14.5558
-11.5232
-10.8241
-12.6372
-15.9578
-18.9071
-19.8909
-19.1442
-17.2203
-15.5245
-15.2757
-16.3739
-16.508
-14.1008
-12.2039
-12.8136
-15.7421
-18.8692
-19.6868
-19.4793
-19.2865
-18.1181
-16.7609
-16.8388
-18.9129
-21.3175
-13.3016
4.09534
15.571
22.8801
26.3099
27.1813
26.819
25.7082
23.3987
20.0853
16.4807
14.378
13.3461
13.873
15.01
16.699
20.8104
25.2827
28.2567
29.745
29.5989
27.3788
22.7468
15.9602
10.2618
7.56281
4.75081
3.86332
4.24299
3.05232
-1.27216
-8.40419
-14.6366
-17.4774
-18.5938
-18.3542
-14.9645
-11.8847
-11.5859
-12.9886
-12.2769
-9.64968
-8.53492
-9.65279
-12.7388
-16.2071
-18.6598
-19.3025
-17.9684
-15.5446
-12.5495
-9.84087
-8.71511
-9.48691
-11.0801
-12.1638
-13.0097
-13.8399
-14.5516
-15.6702
-16.1326
-13.755
-10.6417
-8.36282
-5.83846
-4.10567
-4.77044
-15.9618
-20.1055
-20.991
-15.2141
-7.43248
-2.20684
-0.629964
-2.4162
-6.02608
-8.30685
-8.49813
-8.16627
-8.61688
-10.5566
-13.2254
-14.5049
-15.2542
-16.1443
-15.352
-13.4291
-11.9753
-11.5732
-12.1267
-13.4999
-14.4848
-13.22
-11.4455
-10.7437
-11.1972
-12.3089
-13.8584
-14.9632
-15.127
-14.5937
-14.001
-13.8949
-14.5977
-16.0761
-17.7639
-18.832
-18.9023
-18.7802
-19.1547
-19.7679
-20.3484
-21.4621
-23.6646
-25.6386
-24.6366
-21.6373
-18.8765
-11.905
3.58131
14.7289
22.3854
27.0448
29.5519
30.336
29.1736
25.9766
21.3911
17.0217
14.1669
12.7292
13.2133
14.5337
14.0706
15.9168
19.2412
21.894
23.1993
23.3243
21.928
18.3035
11.7927
4.09326
2.1394
3.17444
2.76395
1.46868
-0.208391
-2.63989
-6.35033
-11.3645
-17.734
-21.8399
-21.2997
-17.9557
-14.519
-13.0253
-13.5234
-14.1434
-13.3274
-12.0749
-10.3388
-8.35828
-7.51979
-8.92843
-12.5762
-16.6045
-17.9544
-16.6834
-15.4107
-14.9303
-15.505
-16.9401
-16.8083
-13.6902
-11.0255
-10.6715
-11.9142
-12.7833
-11.616
-9.94248
-9.46708
-9.76352
-9.64265
-9.47599
-18.0547
-19.1927
-17.9084
-16.4727
-15.1407
-13.5398
-12.7722
-13.3482
-13.3378
-11.5298
-9.60924
-8.5264
-8.7642
-10.0222
-10.8599
-10.7612
-11.6634
-14.3507
-15.3008
-12.7493
-10.4558
-10.2584
-11.4588
-12.6021
-12.7629
-12.4263
-12.8555
-14.0651
-13.9631
-11.791
-10.4598
-11.483
-14.933
-18.3428
-16.2088
-11.9604
-10.173
-11.5849
-15.6424
-19.4339
-19.5195
-18.2348
-16.9301
-15.0877
-13.8019
-13.2163
-12.5101
-11.5223
-11.0815
-10.5716
-9.4013
-8.30021
-1.55375
5.04302
11.6531
15.7073
17.5884
17.7963
15.846
12.5269
9.0872
4.7771
1.59301
-0.855675
-3.00487
-1.12069
-2.59912
-0.0497416
2.77002
4.05965
3.36654
1.78441
0.378569
-0.376162
-0.80166
-0.57715
0.4776
1.06821
0.360813
-1.56694
-4.41047
-7.38515
-9.61002
-11.8766
-14.6326
-16.1259
-16.7063
-17.0107
-16.8256
-15.9516
-13.8751
-11.5317
-10.2745
-10.543
-11.3643
-12.0264
-12.3822
-12.8968
-14.1998
-16.1663
-17.135
-15.1087
-12.7445
-12.7054
-15.0308
-16.8621
-15.7046
-13.6392
-11.9766
-11.0982
-11.3214
-11.705
-10.6089
-9.75247
-10.893
-12.9668
-12.8344
-11.6276
-20.186
-18.215
-16.096
-15.635
-14.8691
-13.059
-11.6008
-10.9395
-10.7026
-11.3113
-12.826
-14.5413
-15.46
-15.3115
-14.666
-14.4824
-14.1854
-12.3487
-10.0977
-9.33378
-10.2878
-11.7852
-12.5877
-13.1416
-13.864
-14.2311
-14.3349
-15.0709
-16.2788
-16.9661
-17.2013
-18.0809
-19.6265
-19.7556
-16.5948
-13.2136
-12.0833
-13.1355
-15.1901
-16.7633
-17.6503
-17.7528
-17.1505
-16.4343
-15.2502
-13.6846
-12.5973
-12.2932
-12.3963
-12.3432
-11.9685
-10.1269
-0.967273
6.4808
11.2067
12.208
10.92
10.8271
11.8083
12.3446
11.4643
8.6923
7.14199
5.71162
2.79292
1.06717
-2.68935
-1.59812
1.42182
2.77815
1.67642
-1.06634
-1.85691
0.381746
2.54561
3.68592
3.65403
2.05124
-1.35046
-6.24774
-11.0858
-14.4995
-16.7247
-17.4518
-16.0655
-14.1186
-13.4943
-14.188
-14.3142
-12.8872
-11.2175
-10.3958
-10.4866
-11.6192
-13.5517
-15.0161
-14.2255
-12.5281
-11.7749
-12.782
-14.7981
-15.8606
-16.0495
-16.4935
-16.7125
-16.2208
-15.7553
-15.0767
-13.2223
-11.2794
-10.4849
-10.1642
-9.18739
-8.74023
-10.1058
-11.9725
-11.3106
-9.32781
-17.169
-16.7294
-16.4237
-15.4156
-10.6946
-5.53217
-3.39008
-4.66223
-8.27287
-11.1849
-12.2761
-13.3715
-14.6629
-14.6675
-13.7868
-13.2383
-12.4033
-9.94904
-7.76891
-7.69623
-9.93168
-12.9469
-12.5681
-9.33559
-7.56695
-8.25753
-10.2885
-11.8124
-12.8167
-14.089
-15.555
-16.0017
-13.8776
-10.7501
-8.44198
-7.72044
-8.6206
-10.3461
-12.1146
-13.8945
-15.6926
-17.1732
-17.8515
-16.5804
-12.8588
-9.91087
-9.54741
-11.7674
-14.2814
-13.7174
-12.0768
-10.3449
-1.82925
5.24605
9.15014
8.66572
4.60536
0.760758
-1.74118
-2.50934
-0.633732
-1.06374
-1.45097
-3.56207
-5.81579
-3.37089
-6.95773
-6.15815
-3.81957
-2.9821
-3.18585
-4.13241
-5.06998
-4.90772
-1.52228
3.093
5.62745
5.25676
2.46196
-1.80762
-6.1609
-8.81752
-8.76647
-8.41608
-8.55578
-8.9883
-9.63094
-10.3057
-9.7637
-8.10384
-7.57503
-9.61797
-13.6194
-15.9422
-14.2392
-11.3005
-9.48535
-9.0615
-9.83834
-11.6125
-13.2365
-13.5578
-13.4756
-13.6483
-14.0157
-14.4844
-15.577
-16.8834
-16.9055
-15.704
-13.7935
-11.0186
-8.66773
-8.37585
-9.77018
-9.95086
-8.70036
-8.67122
-16.0692
-15.2268
-15.5488
-15.5966
-10.3117
-4.20839
-1.6808
-3.0976
-7.74775
-12.7254
-14.7866
-14.1632
-12.2093
-10.767
-10.0103
-9.47416
-9.08264
-8.4564
-7.60238
-7.84254
-10.0623
-13.1133
-13.3235
-10.8041
-9.49536
-10.7543
-14.1147
-17.8811
-20.6246
-20.955
-17.3859
-13.0994
-11.1005
-11.6872
-13.0102
-12.2682
-10.5187
-9.95045
-10.866
-12.493
-13.2146
-11.8087
-10.6926
-11.8538
-15.2219
-17.9778
-17.4196
-16.0617
-15.2659
-15.3826
-16.4949
-15.191
-4.27133
3.47415
7.65304
7.28091
2.72094
-2.86765
-9.46307
-10.8123
-6.27247
-7.2411
-7.82747
-11.4089
-15.9839
-8.73951
-12.9913
-9.37261
-4.72737
-1.52944
-0.304345
-1.6822
-5.55269
-10.6739
-12.7817
-8.47542
-4.87023
-4.78726
-6.74554
-6.71439
-4.58541
-4.23621
-6.40404
-9.26206
-10.0245
-9.52582
-8.79729
-7.82784
-7.27781
-7.69954
-8.93591
-10.3172
-11.2036
-10.7912
-9.91476
-10.4489
-12.7863
-14.7572
-15.2668
-15.7093
-15.3071
-13.1243
-11.6553
-12.1423
-13.8618
-14.5373
-13.6402
-13.3832
-15.0538
-18.2919
-18.9118
-15.8436
-13.1062
-11.4477
-10.6141
-10.9633
-12.5836
-14.2812
-19.4211
-15.4821
-13.4831
-12.529
-8.71085
-3.95605
-2.07354
-4.09448
-9.99144
-16.6978
-17.4815
-15.5271
-14.5112
-14.4652
-14.2853
-13.7658
-14.053
-14.898
-13.7918
-11.7704
-11.2478
-11.9874
-12.3955
-11.9786
-12.0201
-13.2059
-15.7132
-19.5558
-23.6128
-25.0306
-23.6472
-22.1086
-21.5374
-21.8239
-21.2958
-18.5612
-15.5469
-13.6704
-12.8977
-13.034
-13.943
-14.6901
-14.6058
-13.935
-13.1351
-12.5322
-12.0098
-11.7315
-12.1368
-12.2549
-10.1671
-7.03572
-1.20942
4.18814
7.54513
6.8935
2.02962
-4.07061
-10.8494
-9.23234
-6.36188
-9.70419
-12.239
-13.5083
-13.3702
-8.49047
-16.3118
-19.0221
-13.93
-10.2012
-8.71554
-9.16395
-9.78951
-8.06364
-2.83166
2.49957
5.00283
4.09488
0.484753
-3.79503
-6.34434
-7.51847
-9.39954
-11.1775
-11.6757
-12.015
-12.935
-12.8931
-11.6239
-10.6092
-10.0629
-9.58514
-9.33317
-9.7585
-11.2975
-14.2536
-17.666
-17.3127
-13.9422
-11.8906
-11.6574
-12.5519
-14.1262
-16.1297
-16.5294
-14.288
-11.7648
-10.7958
-11.6729
-13.3163
-13.8446
-12.9067
-12.0408
-11.6066
-11.6071
-11.9568
-11.6579
-10.8544
-20.1324
-19.5817
-17.7968
-16.1212
-13.4851
-10.3603
-9.11038
-11.1058
-16.3085
-21.4594
-20.6622
-17.8514
-16.2667
-15.3812
-14.9105
-15.5441
-17.2399
-17.2173
-14.4868
-12.7192
-13.4617
-16.4066
-19.0123
-18.4587
-17.1192
-16.9405
-17.3353
-17.7917
-18.6564
-19.6772
-19.8854
-18.5052
-15.4729
-11.4325
-8.57567
-8.13704
-10.2567
-13.6472
-15.7168
-16.3062
-17.4703
-19.2241
-19.5072
-16.9501
-14.0723
-12.7195
-13.3301
-15.5922
-17.9508
-18.5125
-17.7783
-15.1054
-5.68796
1.25907
5.18885
4.98198
1.30263
-1.97082
-2.47935
0.664051
4.06196
5.34452
6.18938
5.00913
1.07019
-2.01105
-7.76585
-9.38308
-9.51875
-9.10298
-8.03014
-7.19626
-6.39157
-5.7587
-4.57723
-2.42874
-1.15055
-2.46979
-5.85334
-9.23039
-11.2453
-12.8878
-13.8733
-13.662
-13.758
-13.9033
-12.947
-12.3211
-13.7501
-15.8664
-15.5681
-13.8115
-13.2125
-14.6017
-17.3161
-18.3484
-16.3699
-13.8328
-11.7549
-10.5807
-10.7565
-11.9838
-13.5195
-15.4969
-18.0734
-19.8318
-18.8252
-16.4028
-14.9994
-14.7317
-13.6398
-11.2808
-9.5201
-9.43495
-11.1352
-13.9824
-15.8098
-15.2303
-14.9093
-16.1777
-16.4253
-17.0707
-17.3145
-16.2914
-14.3737
-12.2225
-10.7641
-10.919
-12.7447
-15.5094
-17.2848
-17.5996
-17.2425
-17.1839
-17.2149
-16.2542
-14.4121
-13.6076
-14.565
-16.119
-15.8615
-13.6501
-10.6921
-8.01202
-7.17653
-8.82244
-12.0338
-14.8546
-17.2872
-20.6387
-21.4804
-18.7179
-15.906
-14.1084
-13.4003
-14.0543
-16.2216
-18.772
-19.1614
-16.3305
-13.1057
-10.6024
-9.23688
-9.35415
-11.0489
-13.954
-16.7373
-18.0834
-18.3146
-14.906
-2.11729
7.7327
12.5069
12.5183
8.24689
1.87953
-3.41035
-3.24272
-0.0770615
1.67477
1.85745
-0.34147
-4.02363
-4.11592
-8.81613
-11.2507
-12.8123
-13.7494
-12.1154
-9.6588
-8.81582
-10.0399
-12.5799
-13.7948
-12.897
-12.8371
-13.4454
-14.5976
-15.8404
-17.2356
-17.9138
-16.7441
-15.6975
-15.5686
-14.8301
-13.3716
-13.0707
-13.7663
-14.5686
-15.0556
-14.9852
-14.5405
-14.4387
-15.0339
-16.4589
-18.9362
-19.9146
-16.1823
-12.5415
-11.7838
-13.2712
-14.6227
-14.9104
-16.0533
-17.2145
-15.798
-13.8553
-13.8458
-14.8606
-14.2046
-12.5098
-11.639
-12.1141
-13.5773
-14.5917
-13.6625
-14.738
-15.8593
-17.0147
-17.3065
-13.9981
-9.86642
-7.64678
-7.13515
-7.40406
-7.75227
-8.30212
-9.96815
-13.1952
-17.6343
-19.9519
-19.0323
-17.0771
-13.7922
-10.9609
-10.5458
-13.0294
-17.4276
-19.2294
-17.3796
-14.3803
-11.9762
-11.1974
-12.749
-16.6761
-21.858
-25.8558
-25.6479
-22.5308
-18.2475
-14.6614
-12.8554
-12.8628
-14.3379
-16.8035
-18.9382
-17.9261
-14.67
-12.0168
-10.3158
-9.35462
-9.62384
-11.4624
-14.2756
-16.8912
-18.7609
-18.7789
-13.6803
-2.52826
5.81364
9.88852
9.3124
3.97402
-4.25277
-13.3979
-14.9151
-12.8538
-18.1963
-20.363
-19.6081
-17.7868
-10.0983
-13.7012
-12.3466
-9.60597
-7.6171
-6.19234
-3.91962
-1.48207
-0.461858
-1.26157
-1.84198
-0.831444
-0.632643
-2.88026
-7.16421
-9.84
-8.54108
-7.25303
-7.94284
-9.98972
-12.1054
-14.1677
-16.2043
-17.6793
-17.7965
-17.5322
-17.6888
-18.0507
-17.4196
-15.7605
-14.4538
-13.9515
-13.742
-12.9933
-12.0745
-11.8258
-12.6277
-14.2821
-14.8392
-13.2345
-12.1018
-13.0513
-14.8517
-14.2572
-12.594
-12.742
-14.3525
-15.0514
-14.4946
-14.3889
-12.742
-8.20922
-4.99251
-13.3358
-13.5379
-13.9898
-11.3571
-1.75123
5.44305
7.96429
5.97801
-0.470991
-9.87243
-16.3848
-18.3274
-16.8645
-14.5413
-14.0269
-15.2215
-15.7216
-14.0558
-12.5269
-12.9058
-15.1594
-17.339
-14.4578
-9.47801
-7.28797
-8.83021
-12.8863
-15.4454
-15.9944
-17.6133
-18.8268
-17.5021
-15.6269
-14.6881
-14.976
-15.8012
-16.1449
-15.7231
-14.6985
-13.4606
-13.1157
-14.6913
-18.0961
-20.3604
-18.2174
-15.4828
-14.2933
-14.4328
-15.7484
-18.6393
-22.2602
-19.8715
-7.25651
1.12311
5.43732
5.20067
0.73587
-4.79799
-10.46
-10.6553
-10.4096
-15.4959
-19.152
-20.1218
-18.7124
-10.9444
-14.1304
-12.8449
-10.4783
-8.58541
-5.8513
-3.27
-1.98974
-2.03736
-2.88278
-3.66944
-4.53793
-6.90497
-10.2913
-13.6371
-15.0337
-15.1192
-15.62
-16.4408
-16.5856
-16.5842
-16.4015
-15.5386
-14.3935
-14.3388
-15.6918
-17.5037
-18.27
-17.633
-16.2222
-14.9274
-14.128
-12.9342
-10.6168
-8.82728
-9.32735
-12.139
-15.2794
-16.0526
-14.9856
-13.8034
-13.409
-13.9543
-14.9112
-15.736
-16.6268
-18.0819
-19.2913
-18.3568
-16.2387
-14.2922
-12.638
-11.9014
-15.8506
-14.2228
-13.1986
-9.64725
1.06169
8.78483
11.4349
9.28752
2.09577
-9.40677
-16.2129
-15.4179
-14.356
-14.4634
-15.9687
-18.003
-18.1611
-16.68
-15.6879
-15.2047
-14.053
-11.2525
-4.45599
1.64218
3.75989
1.3716
-5.96903
-17.3571
-22.9555
-20.1194
-16.5112
-14.6134
-14.0951
-14.3636
-15.8462
-19.0312
-22.2138
-21.644
-18.6193
-14.6819
-11.6742
-11.0994
-13.4373
-17.3648
-18.5875
-16.9151
-14.5337
-12.0773
-10.7755
-11.5559
-13.1832
-11.6879
-3.64665
3.79569
7.75741
7.40903
2.84211
-3.49678
-9.03496
-9.45158
-7.77307
-9.1691
-10.1453
-11.4601
-11.7245
-7.35701
-10.0905
-10.8462
-11.9545
-14.3296
-15.3099
-13.9329
-12.1002
-9.76551
-7.28726
-5.70912
-5.85599
-8.24289
-11.038
-12.4561
-11.7241
-10.995
-11.8643
-13.7692
-14.6732
-14.1296
-13.3953
-11.9109
-10.1035
-9.45683
-10.6683
-13.4902
-16.5297
-16.7168
-13.6509
-11.3138
-10.4716
-10.5072
-10.8415
-11.8411
-13.6815
-15.6202
-16.5631
-15.9016
-14.4158
-13.6992
-14.0055
-14.7613
-15.8614
-17.226
-17.8187
-17.2148
-16.3761
-15.5323
-14.7252
-13.6912
-12.4451
-11.8343
-12.3489
-11.2899
-11.6922
-11.164
-3.03484
4.01672
6.39361
4.10857
-2.88205
-12.4453
-16.0791
-15.2854
-14.5892
-14.89
-15.8513
-16.4032
-15.3204
-13.1502
-11.7683
-11.7953
-12.7168
-11.7751
-4.85525
1.67577
4.06773
1.98356
-4.4793
-11.8697
-12.9013
-11.819
-10.5474
-9.19294
-8.93845
-10.147
-11.9696
-13.4327
-14.2829
-13.8413
-12.7697
-11.468
-9.76366
-8.25698
-7.95902
-8.59912
-9.53995
-10.7328
-12.2818
-13.3383
-13.5467
-13.4004
-12.763
-10.5954
-3.70762
3.21775
7.026
6.52538
2.14883
-1.77865
-3.04764
-3.30715
-5.44815
-11.1853
-14.4344
-15.3034
-15.2877
-10.0777
-15.0436
-15.7218
-14.6609
-14.6735
-13.344
-12.2196
-12.8188
-13.2487
-10.9225
-7.47395
-5.56615
-5.59774
-6.22272
-6.8362
-7.21214
-7.74272
-8.90294
-10.3424
-11.3021
-11.8001
-13.0166
-14.4231
-14.4234
-13.3737
-13.0233
-14.2162
-16.6254
-18.2821
-17.4229
-15.4995
-13.8592
-12.3725
-11.7776
-13.0818
-16.0025
-18.8922
-20.3116
-20.0923
-18.4775
-16.8276
-15.4078
-14.5887
-15.1738
-17.2413
-19.0625
-18.3305
-16.2977
-14.839
-14.3419
-14.0269
-13.8121
-14.6406
-12.419
-12.8581
-13.6537
-13.877
-10.5288
-6.30258
-4.67906
-6.58636
-11.6738
-17.6662
-20.1081
-18.8281
-16.0943
-14.29
-13.2471
-12.8158
-13.7152
-15.8306
-17.3953
-17.2982
-16.0969
-13.2169
-7.50087
-2.47782
-0.481312
-1.6867
-5.4559
-9.90018
-12.8387
-13.4549
-12.7206
-12.3418
-13.0055
-14.9333
-17.4565
-18.2964
-16.4546
-14.0015
-12.3644
-11.0577
-9.68101
-8.45052
-8.08098
-9.19553
-11.7956
-14.8396
-16.5044
-15.466
-13.0103
-11.2487
-10.835
-10.9907
-7.40408
-2.83523
0.564573
0.203557
-3.03455
-3.70138
-4.1704
-4.30293
-5.36389
-8.69084
-9.59844
-10.1884
-11.8097
-9.12128
-12.2875
-9.50533
-6.85585
-6.97375
-8.55177
-9.29269
-8.05833
-6.61322
-6.57782
-7.69913
-9.2692
-10.9792
-12.4774
-14.113
-14.9741
-14.0018
-11.4276
-8.91211
-8.07381
-9.38621
-12.4512
-15.4947
-17.2131
-17.4683
-16.6901
-14.385
-11.6539
-9.96386
-9.83118
-10.476
-11.299
-13.1798
-16.4161
-18.8544
-17.7672
-15.4649
-14.4695
-14.9962
-15.3532
-14.3867
-13.4527
-12.5654
-11.3522
-10.8965
-11.9868
-14.0578
-16.5314
-19.1524
-19.4233
-16.8638
-14.4523
-12.9738
-12.6083
-13.9816
-14.5547
-13.0229
-6.66201
-0.592228
1.71221
-0.0754528
-5.42489
-10.8426
-11.6873
-11.5841
-13.218
-16.7265
-20.3485
-20.9144
-18.529
-15.789
-14.5373
-15.0958
-15.5109
-13.7579
-10.5338
-8.02583
-7.21673
-8.01214
-9.91585
-12.5765
-15.6354
-17.4178
-16.258
-14.5459
-13.7922
-13.9914
-13.5056
-11.4353
-9.47321
-9.28862
-11.1222
-13.8918
-15.0279
-12.7889
-10.127
-9.22502
-9.77177
-10.3644
-10.8599
-11.7224
-12.3179
-12.2095
-12.4563
-13.2478
-10.5372
-7.80739
-4.90475
-3.95332
-3.5032
-1.05231
-0.886736
-0.25262
0.11878
-1.60219
-3.52591
-5.89637
-8.36379
-6.77684
-9.45323
-8.43646
-8.15068
-10.0468
-13.0983
-14.5552
-12.9659
-10.797
-10.8861
-11.9
-12.3047
-12.7814
-13.8889
-15.7565
-17.4326
-18.284
-17.893
-16.9452
-16.7873
-18.0885
-20.4882
-22.2424
-21.8147
-19.9226
-18.9832
-19.3062
-19.4479
-18.0394
-16.0278
-15.1597
-16.1715
-18.8296
-20.7633
-19.2467
-16.3281
-13.7075
-12.2294
-12.273
-12.7801
-12.4696
-12.2439
-12.241
-11.2923
-10.4289
-11.0749
-12.3806
-12.7341
-12.6122
-13.3395
-15.0105
-16.5603
-16.8391
-14.7351
-14.163
-14.1581
-14.2793
-12.4779
-9.29245
-7.55921
-8.42313
-11.124
-12.6874
-11.8788
-11.7154
-13.7477
-16.5881
-17.031
-15.5568
-14.7993
-14.8053
-13.8357
-12.2373
-12.044
-13.9814
-15.1259
-13.0883
-11.3221
-11.4181
-12.5796
-14.0178
-15.7604
-16.5316
-14.7053
-12.2138
-10.7887
-10.7692
-11.9627
-13.6594
-14.6499
-14.2371
-13.897
-14.8799
-17.0276
-17.5083
-15.8025
-14.0754
-13.4249
-13.8036
-14.4297
-14.6869
-15.38
-17.557
-19.4123
-16.691
-9.9052
-5.21397
-1.71268
-0.741911
-1.09052
-0.189719
-1.20565
-2.9775
-4.83387
-7.6838
-9.10906
-10.1934
-11.2602
-7.99813
-11.7496
-11.815
-11.6191
-12.4143
-13.6137
-14.3816
-14.9585
-15.3595
-15.822
-13.6472
-11.4644
-11.9599
-13.5331
-13.1678
-11.669
-11.9007
-14.1625
-16.2826
-16.6854
-17.0909
-18.632
-19.2686
-17.9274
-17.0429
-18.0856
-19.4273
-19.0122
-17.7687
-16.2908
-15.324
-15.8146
-18.3086
-20.8024
-19.5707
-16.3885
-14.3529
-14.3291
-15.802
-16.4717
-14.7504
-12.292
-10.6625
-9.8645
-9.68961
-10.3755
-11.9328
-14.0927
-16.4835
-18.056
-18.1894
-17.9764
-18.6187
-15.4993
-12.921
-12.2415
-13.3728
-14.9656
-14.8496
-13.4969
-12.7582
-12.9186
-12.6728
-11.7674
-11.4401
-12.3485
-13.8335
-14.833
-15.3183
-15.4429
-14.729
-13.0872
-11.5706
-11.4749
-12.2787
-9.723
-4.88039
-2.77927
-4.5228
-9.28674
-13.633
-15.4662
-16.1791
-15.3214
-14.1396
-13.7104
-12.705
-10.4584
-9.34378
-10.7401
-14.0183
-15.9558
-14.8366
-13.7007
-13.8847
-15.3414
-16.8463
-17.4344
-17.4749
-16.225
-13.7649
-12.4551
-13.597
-16.2155
-16.3466
-10.5717
-5.77742
-2.12428
-0.932384
-1.68002
-2.61488
-6.44383
-9.72744
-11.311
-15.0705
-16.4319
-15.8018
-13.0529
-6.66659
-8.38824
-8.93107
-9.60569
-11.4531
-13.607
-14.6671
-13.3896
-12.5183
-13.8513
-15.9817
-17.1876
-17.8176
-16.8551
-13.5575
-9.21393
-6.17584
-5.33569
-6.31457
-7.91452
-9.31149
-11.0033
-12.8774
-13.872
-14.0392
-14.9754
-16.6504
-17.4416
-16.649
-15.8769
-15.9652
-16.7857
-16.8545
-16.0275
-15.1736
-14.4526
-13.5969
-13.2691
-13.6674
-13.8435
-13.6407
-13.8714
-14.5916
-14.515
-13.7808
-13.7765
-14.6961
-15.3488
-14.602
-13.2793
-13.0731
-14.1966
-15.2197
-20.2866
-17.8438
-16.7932
-17.637
-18.4676
-17.2053
-15.7555
-15.9124
-17.4429
-18.7716
-19.1651
-18.9975
-18.1604
-16.4685
-14.4459
-13.3046
-13.5835
-14.9761
-16.9315
-18.8017
-20.0811
-17.8583
-8.88808
-1.79876
0.69947
-1.29573
-7.3596
-13.8999
-15.9988
-17.7438
-20.2424
-20.8172
-20.4275
-20.3764
-19.7471
-18.1757
-16.9116
-16.1456
-15.0996
-12.7481
-10.1042
-9.00408
-10.1684
-12.748
-14.7852
-15.7854
-16.2497
-16.1255
-16.1162
-16.7582
-16.7622
-15.3176
-11.7523
-9.50744
-6.84663
-5.53926
-6.06909
-6.31851
-9.85713
-10.6886
-9.6897
-11.7168
-12.6019
-13.2945
-13.1125
-8.25893
-12.0438
-12.9677
-12.3192
-10.3529
-7.40705
-5.27347
-5.71478
-9.02005
-14.7827
-18.8966
-19.1341
-19.0297
-17.7454
-14.1861
-9.51686
-6.1232
-4.8245
-5.22563
-6.79975
-9.18206
-12.3229
-15.2649
-16.8805
-17.4165
-18.159
-19.0915
-19.8061
-20.4134
-20.3675
-19.2426
-17.8955
-17.3977
-18.3701
-20.8472
-23.1346
-22.3995
-20.8599
-20.5791
-20.7694
-20.3813
-19.1651
-17.4724
-16.0042
-15.9815
-17.2427
-16.9037
-14.1766
-12.1971
-12.1354
-13.5135
-15.7796
-17.8983
-23.0656
-23.3608
-25.9472
-30.1047
-32.7869
-32.1356
-29.8137
-26.5417
-23.2971
-21.7134
-22.2037
-23.4545
-22.5485
-20.6737
-20.0809
-21.0415
-22.4622
-22.8921
-22.4237
-22.4177
-23.3583
-24.5554
-21.426
-15.8623
-12.9539
-13.6087
-17.0729
-20.9908
-23.2937
-25.0441
-26.0941
-24.9593
-22.7347
-21.2424
-20.7655
-20.0072
-18.9787
-18.9205
-19.6663
-19.7804
-19.5386
-20.2513
-22.1473
-24.1459
-25.3074
-25.4991
-24.4476
-22.54
-21.1619
-21.3597
-22.385
-23.2438
-20.8133
-24.7424
-24.1334
-20.1073
-16.0794
-10.4921
-13.2967
-14.1163
-12.9026
-13.8387
-13.2191
-14.4471
-16.762
-10.6799
-14.0963
-12.9008
-12.8287
-14.8
-15.6765
-15.6492
-17.0225
-19.7657
-23.4574
-24.5439
-23.8188
-25.0804
-26.3041
-25.7765
-22.1812
-18.2482
-16.7348
-17.3528
-19.0514
-20.8529
-23.3796
-24.8579
-24.693
-24.4313
-24.7355
-25.1202
-25.5886
-26.2028
-26.5743
-26.9419
-27.0374
-26.8451
-26.9609
-27.5218
-26.6989
-23.6059
-20.8326
-19.9343
-21.3703
-24.4769
-27.0248
-26.8314
-25.3559
-24.5488
-24.1778
-23.8177
-23.7178
-24.3886
-25.0923
-25.2748
-25.2552
-24.4336
-31.4546
-32.1924
-34.88
-36.4547
-31.2596
-25.5636
-23.557
-24.9374
-27.5356
-28.8389
-30.3682
-34.3992
-36.6469
-35.3441
-34.4418
-34.6182
-34.3908
-33.1692
-31.8579
-31.4286
-30.8473
-30.8146
-31.7845
-32.8113
-32.895
-32.9588
-33.2962
-33.0239
-32.0634
-31.4217
-31.8371
-33.1076
-33.8714
-33.1796
-32.1524
-31.0916
-29.3393
-28.1234
-28.2901
-28.7798
-28.6824
-28.88
-30.8825
-33.6491
-34.842
-34.0734
-33.0094
-32.4525
-31.6085
-31.0363
-30.7431
-30.2444
-23.7597
-28.7877
-28.1977
-24.1209
-17.4495
-10.3586
-12.3882
-13.9084
-14.4451
-17.0358
-15.5696
-15.2866
-17.5617
-12.6505
-19.8293
-17.6773
-14.7644
-15.3154
-17.8354
-20.6901
-23.6722
-25.8929
-29.5972
-29.7489
-28.9242
-31.3497
-33.0746
-34.3009
-34.6466
-32.9218
-31.8745
-30.2371
-28.9352
-28.7102
-29.6652
-29.1271
-27.5591
-26.1837
-25.3318
-25.3106
-26.4475
-28.6374
-31.9634
-34.3543
-32.7327
-28.4963
-26.2087
-26.733
-29.6825
-33.348
-35.0637
-33.7969
-32.1214
-32.1619
-33.2316
-33.1169
-31.3779
-30.1878
-29.9595
-30.6904
-32.4816
-34.4209
-34.743
-33.2719
-32.4849
-32.7312
-39.2286
-38.7318
-40.187
-32.3188
-19.0723
-11.0071
-8.36745
-10.6358
-18.2111
-31.1341
-39.303
-43.4919
-45.0793
-44.0869
-42.7469
-42.3792
-42.9253
-43.5439
-43.268
-43.1707
-42.4745
-41.3833
-40.2879
-39.0607
-39.1244
-41.3005
-44.337
-45.4735
-44.1815
-42.255
-41.8045
-42.2703
-43.1966
-42.6424
-41.2893
-40.1594
-39.3905
-39.2847
-40.5149
-41.9147
-42.3349
-41.4195
-41.0729
-40.6553
-39.9116
-39.6688
-40.5439
-42.9553
-44.0388
-43.6253
-42.1886
-41.0859
-27.4273
-39.6709
-40.1558
-37.8393
-34.7559
-19.6265
-35.057
-31.9086
-23.5154
-36.6373
-40.8135
-39.5912
-38.5099
-15.688
-31.8729
-35.995
-29.116
-31.0515
-35.4559
-39.9277
-41.6695
-37.7327
-45.3208
-40.9375
-35.271
-38.0545
-39.4403
-39.607
-38.6717
-36.1728
-36.9811
-39.3314
-40.9232
-40.0333
-41.4492
-41.0326
-40.7088
-40.2068
-40.3352
-41.0418
-42.1074
-42.2187
-43.0754
-46.3377
-46.6755
-43.8183
-41.4181
-39.8601
-39.3195
-39.1611
-39.6446
-39.8536
-40.0724
-41.0218
-42.568
-43.0156
-41.8717
-41.2075
-41.9
-43.9651
-46.2192
-46.1329
-43.7574
-41.8299
-41.5793
-42.2051
-55.4004
-53.4593
-54.0311
-37.2637
-21.8314
-13.3609
-10.5267
-12.6548
-20.2098
-34.2171
-45.322
-52.3598
-55.3104
-56.6222
-56.5271
-55.7048
-55.31
-56.2365
-56.7575
-59.2979
-58.5609
-56.2645
-56.4161
-54.7572
-53.7827
-55.8977
-58.3562
-59.4161
-58.7978
-58.3736
-59.7861
-58.435
-58.6874
-57.8162
-56.8515
-56.8148
-57.681
-58.3771
-62.9058
-61.5988
-62.983
-61.2808
-61.6621
-59.8722
-59.0473
-59.5371
-59.4891
-61.4328
-58.5045
-60.8739
-59.6109
-53.8593
-28.9308
-46.5002
-49.7449
-45.4902
-40.7407
-20.2197
-41.6223
-35.7612
-24.474
-43.5244
-54.0915
-53.0993
-61.3664
-16.4769
-39.0726
-55.5579
-33.5835
-37.5237
-47.4098
-58
-53.3045
-41.0277
-59.8737
-49.9633
-41.8198
-54.0022
-58.423
-55.5693
-61.5501
-54.7146
-60.1862
-59.4046
-54.2741
-49.1658
-57.1758
-57.2504
-60.1658
-60.072
-59.1858
-59.5404
-61.2125
-55.0047
-52.3544
-59.2478
-63.1053
-59.1762
-59.648
-60.3036
-60.7512
-57.4173
-59.9322
-59.5041
-58.734
-59.4087
-59.6821
-59.9243
-58.347
-58.5428
-58.7154
-59.2028
-60.8254
-61.5314
-62.7492
-62.8409
-59.8453
-55.7865
