80
-16.1224
-16.169
-20.4002
-33.3631
-32.2987
-29.936
-37.6217
-27.6508
-20.2784
-20.0517
-22.6316
-21.2649
-19.5008
-19.3338
-21.1157
-26.0086
-23.8617
-11.8217
-6.08956
-5.3089
-8.32401
-11.6193
-12.1513
-12.7608
-14.8759
-11.164
-6.53828
-7.05131
-12.8228
-19.8994
-23.6943
-30.9428
-35.7625
-35.1005
-34.8394
-30.3054
-26.7756
-24.2622
-23.385
-24.6842
-25.1753
-25.071
-26.0034
-28.7195
-32.5387
-49.185
-4.03125
40.4303
62.2345
74.085
79.526
77.7116
70.9245
73.0397
75.5413
70.4502
67.9212
72.7437
70.9458
60.3611
54.4703
62.0829
62.7453
53.751
50.4715
59.5854
65.1854
68.7894
70.2067
68.9596
65.4868
60.9918
54.2869
48.6386
53.9259
56.8009
56.1864
52.451
46.4248
40.2763
36.065
35.2702
38.3529
39.957
38.6269
35.5423
29.3728
19.9093
10.1776
1.6929
-0.305098
-0.963665
-0.818929
-0.450565
-3.59445
-9.92902
-14.1459
-14.1688
-17.1342
-24.9709
-39.8641
-58.6434
12.7133
12.7133
12.7133
12.7133
12.7133
12.7133
12.7133
12.7133
12.7133
12.7133
12.7133
12.7133
12.7133
12.7133
12.7133
12.7133
-13.1402
-11.285
-12.6403
-13.7876
-13.1084
-13.2432
-12.8076
-10.6378
-9.13664
-10.2165
-14.6877
-23.1047
-31.5767
-30.505
-21.7022
-12.497
-7.02432
-3.89386
-2.36712
-2.70605
-4.81915
-6.41615
-6.05897
-7.16756
-9.91334
-6.6418
-0.853701
1.55025
0.219446
-4.72791
-12.6599
-20.9278
-22.2392
-20.0139
-20.0893
-21.943
-18.9816
-13.641
-11.1407
-12.4942
-18.548
-26.1477
-26.8671
-24.2231
-24.1588
-22.2265
2.38995
42.9337
61.6328
71.3103
76.0799
77.729
76.456
71.2379
63.8757
59.765
58.0638
56.2846
50.6779
54.7054
63.6452
71.9338
79.7954
83.7688
85.9889
87.914
90.0757
91.7878
91.1372
87.1632
79.7498
70.9994
65.9108
61.0591
56.0622
55.5114
54.6468
51.7844
50.0005
47.1444
45.1022
45.5088
44.0623
40.0763
33.8063
27.3413
23.321
18.43
13.1389
7.45808
1.58361
-2.9036
-4.25726
-1.39037
2.33064
2.94744
-0.300771
-8.27457
-19.9421
-31.6149
-43.9549
-57.593
12.7133
12.7133
12.7133
12.7133
12.7133
12.7133
12.7133
12.7133
12.7133
12.7133
12.7133
12.7133
12.7133
12.7133
12.7133
12.7133
-14.2327
-7.10759
-2.75813
-1.94426
-4.51131
-9.70754
-15.2118
-19.035
-20.9365
-20.5144
-18.5259
-16.0452
-13.2824
-8.92075
-5.08016
-4.3634
-7.06241
-13.8427
-23.2209
-26.8596
-22.1214
-13.9898
-8.22775
-5.88143
-5.80163
-4.947
-0.209421
2.64518
1.01012
-5.83964
-17.2363
-24.8143
-25.7414
-23.3749
-22.4169
-24.4491
-24.0624
-18.0766
-14.7417
-15.9352
-21.3954
-29.4983
-31.0054
-28.3793
-25.0365
-20.2447
-2.98261
45.6274
62.4198
74.392
81.3551
87.65
92.2856
94.9218
95.4657
94.9385
93.9853
93.1764
92.4937
92.7515
93.6698
94.8513
95.7527
96.2861
96.3665
96.7516
97.8184
98.247
96.3551
91.0025
81.3326
71.8099
68.943
67.8373
66.3121
63.8191
61.0797
58.3923
55.3053
53.1222
51.3912
49.1315
46.7123
43.9896
40.9183
36.6887
29.6765
22.3677
12.2828
2.51519
-7.77299
-14.306
-11.8351
-5.52091
0.069091
4.60895
5.22475
1.82803
-6.10614
-19.252
-39.1019
-59.4595
12.7133
12.7133
12.7133
12.7133
12.7133
12.7133
12.7133
12.7133
12.7133
12.7133
12.7133
12.7133
12.7133
12.7133
12.7133
12.7133
-13.7793
-20.259
-17.268
-12.5444
-9.68644
-7.25049
-3.9529
-0.86393
0.172476
-1.63716
-6.60127
-12.819
-13.8682
-11.7827
-10.489
-10.481
-13.8266
-18.6944
-20.3379
-21.684
-24.1683
-26.15
-24.9534
-23.2962
-20.4014
-11.0906
-3.68124
-0.477785
-1.40958
-6.75689
-17.278
-29.3298
-34.4835
-31.8251
-25.2493
-20.0299
-18.2373
-19.9309
-24.4025
-30.8793
-36.8267
-39.0137
-32.996
-25.3844
-21.3482
-20.2631
-17.4549
49.9025
71.071
83.2677
89.3801
91.4548
91.9533
92.716
93.0693
91.2671
89.3093
88.319
87.9815
86.3149
83.8105
79.9153
73.8775
65.8937
60.3376
62.1139
74.7579
81.7025
82.5406
77.4496
67.8928
56.7415
51.8092
44.6375
50.4787
55.0252
57.667
58.164
55.8109
51.1498
47.9421
45.9372
43.2946
39.2986
33.9567
28.4755
23.4614
15.4725
8.67578
-0.232126
-2.70245
-5.1191
-7.54281
-11.0678
-10.6558
-7.72356
-4.50782
-5.49413
-11.2151
-21.8771
-38.5072
-61.4805
12.7133
12.7133
12.7133
12.7133
12.7133
12.7133
12.7133
12.7133
12.7133
12.7133
12.7133
12.7133
12.7133
12.7133
12.7133
12.7133
-15.5245
-22.0589
-27.7419
-26.4185
-21.376
-17.4972
-13.0378
-6.90336
-2.64214
-2.32627
-6.32561
-13.0356
-16.5572
-15.8148
-16.6828
-20.4383
-19.9877
-14.4666
-11.3279
-11.5802
-14.9786
-19.2936
-22.749
-25.3986
-27.6127
-27.3341
-25.1003
-20.8349
-18.8233
-20.0629
-23.3762
-22.8928
-20.2802
-21.0195
-25.7679
-33.0098
-34.5624
-31.4609
-30.1281
-30.4618
-31.9643
-35.0841
-34.3477
-27.9619
-24.6475
-21.8811
-12.1453
51.8114
72.5552
85.5966
92.7866
95.0058
92.2443
84.1926
73.2949
64.1426
59.374
52.6795
46.3048
57.5647
67.525
78.1063
86.0999
91.6382
95.5059
97.9923
99.033
97.3426
92.0445
82.4839
69.6551
62.3095
60.3165
57.6514
61.8062
68.143
69.9918
67.0998
59.3523
48.7448
47.5911
50.5434
52.5272
51.5215
46.4355
36.4547
20.7397
2.52482
-4.06913
-2.21381
-1.89307
-5.37864
-12.1575
-15.0256
-16.2995
-19.3464
-24.6642
-26.124
-28.4834
-37.4119
-48.1283
-63.7058
12.7133
12.7133
12.7133
12.7133
12.7133
12.7133
12.7133
12.7133
12.7133
12.7133
12.7133
12.7133
12.7133
12.7133
12.7133
12.7133
-1.52367
-4.59386
-7.71942
-9.92648
-12.6127
-17.8652
-25.1962
-25.3373
-18.2366
-14.5915
-15.5681
-20.7217
-22.5936
-19.1029
-17.1934
-18.0065
-20.7913
-21.2361
-17.9269
-17.4188
-21.4213
-23.8552
-16.7965
-11.8598
-11.0682
-13.6368
-18.4397
-24.1668
-28.0819
-26.8082
-21.8831
-19.4221
-20.9914
-25.9455
-34.3371
-41.9786
-46.5696
-44.7348
-40.5668
-38.3823
-38.0822
-35.5099
-30.0525
-28.0661
-29.9048
-27.8371
-12.2523
50.8308
64.351
77.2903
91.755
103.339
109.931
112.765
113.084
112.567
112.374
112.4
112.21
111.727
110.758
108.794
104.948
100.611
100.726
103.589
103.839
100.46
93.0558
81.2533
72.3063
71.4699
69.6495
65.4284
62.8779
65.7849
68.32
67.3377
62.2902
53.9745
49.2046
52.5388
55.8324
56.2321
52.7166
44.3155
30.737
11.9908
-5.5977
-15.3965
-11.4575
-8.69128
-3.52925
-3.07379
-5.03181
-7.35378
-10.6952
-17.2555
-28.4412
-45.2563
-60.2455
-66.2184
12.7133
12.7133
12.7133
12.7133
12.7133
12.7133
12.7133
12.7133
12.7133
12.7133
12.7133
12.7133
12.7133
12.7133
12.7133
12.7133
0.737727
0.704858
-1.82003
-7.66235
-14.1183
-16.9632
-20.113
-22.4175
-21.7496
-22.7711
-27.0797
-30.44
-30.6984
-30.4312
-30.5083
-30.4844
-27.4588
-20.1365
-15.12
-14.5309
-18.4561
-21.5333
-15.7192
-11.8495
-12.7877
-17.2876
-19.1875
-16.799
-17.0506
-20.6006
-24.8692
-27.1703
-29.5496
-35.8253
-40.3261
-40.1612
-41.9049
-48.97
-46.0971
-40.8929
-38.9763
-36.6585
-34.6775
-33.0932
-30.8929
-26.6988
-6.26609
46.5613
70.2941
87.5471
100.826
109.763
114.714
116.166
114.75
112.273
111.968
113.36
113.564
111.4
107.542
103.811
100.366
95.0362
86.7299
86.2826
91.4676
92.9927
89.6004
81.1216
72.9394
67.8412
62.7962
57.696
55.9406
53.0542
50.0965
51.4383
51.7688
50.8589
49.0366
47.324
46.0003
44.4284
41.2438
35.4058
25.4368
11.18
-2.6812
-11.9378
-25.1898
-12.3639
-6.01092
-2.28546
-1.45888
-2.21779
-4.16762
-8.18413
-16.2596
-28.6554
-46.2697
-69.1473
12.7133
12.7133
12.7133
12.7133
12.7133
12.7133
12.7133
12.7133
12.7133
12.7133
12.7133
12.7133
12.7133
12.7133
12.7133
12.7133
-9.01223
-5.13767
-5.51732
-10.721
-19.4302
-28.1597
-31.8089
-33.2757
-28.449
-23.5191
-21.6587
-23.0801
-26.6227
-27.1211
-23.6562
-22.4485
-24.929
-25.5398
-21.5364
-19.5986
-21.7074
-26.3402
-25.5862
-19.0403
-15.9964
-17.4268
-20.4721
-20.024
-19.4521
-22.4817
-25.7545
-21.8752
-18.5524
-18.3576
-19.8838
-22.0047
-25.9684
-32.5669
-37.7716
-33.5098
-31.004
-31.7218
-33.3142
-31.3837
-28.3974
-25.5916
-0.986319
45.6009
73.1012
88.7367
97.7934
100.987
99.2258
93.4525
86.918
83.4209
81.3966
82.2113
86.4021
93.275
96.0269
99.4231
106.565
111.754
113.834
113.408
111.035
106.08
97.8115
85.3432
69.5576
62.568
65.1951
67.878
68.5844
66.981
62.604
53.6619
39.6702
41.8453
49.0708
52.2978
51.6283
47.3136
40.1101
32.5883
24.4197
13.6026
1.14061
-12.539
-13.1948
-8.55472
-5.49286
-5.18472
-7.29824
-11.1428
-13.8887
-15.6066
-20.4723
-31.0229
-45.9261
-72.6913
12.7133
12.7133
12.7133
12.7133
12.7133
12.7133
12.7133
12.7133
12.7133
12.7133
12.7133
12.7133
12.7133
12.7133
12.7133
12.7133
-10.8078
-12.551
-17.0331
-18.9038
-18.4872
-19.1126
-22.3184
-25.5154
-23.7788
-21.6876
-23.345
-27.9822
-29.8684
-26.151
-21.8787
-20.443
-22.9299
-28.9622
-35.149
-37.6442
-41.5734
-39.314
-28.0208
-22.1164
-20.9268
-22.3276
-23.4682
-23.3854
-25.428
-30.3986
-33.1226
-27.7012
-22.4527
-20.9928
-22.17
-23.8447
-24.7425
-25.5594
-24.4929
-22.4367
-22.9619
-27.6483
-37.1419
-39.505
-32.2446
-26.6222
-0.243054
42.233
60.3139
75.1915
88.6352
96.125
100.307
103.037
106.685
110.751
113.436
114.814
116.37
119.551
122.908
124.758
124.517
122.086
117.672
111.943
105.413
97.4581
86.4188
75.4424
72.9155
71.8139
70.0166
68.4191
68.9836
69.5766
66.8315
59.4701
52.2315
55.4431
61.4325
63.4942
61.5885
55.4202
44.6362
29.7643
21.4518
16.8148
10.7314
5.32657
3.65943
1.78132
-1.05292
-3.56764
-5.92905
-9.84304
-16.5502
-23.2483
-30.9089
-42.8104
-57.5471
-77.171
12.7133
12.7133
12.7133
12.7133
12.7133
12.7133
12.7133
12.7133
12.7133
12.7133
12.7133
12.7133
12.7133
12.7133
12.7133
12.7133
-7.71969
-12.4436
-16.3441
-16.835
-13.9003
-12.2364
-11.3784
-9.00838
-7.24847
-8.53932
-13.5866
-21.1602
-24.5685
-25.0783
-26.8001
-29.2128
-31.6003
-34.4582
-36.5107
-36.5226
-33.2938
-28.8504
-24.8486
-23.5141
-25.7488
-27.859
-26.0963
-24.4679
-25.5041
-29.0313
-34.4809
-35.6072
-29.0545
-24.2593
-23.2806
-25.0019
-27.1484
-25.983
-23.3259
-22.9062
-24.6577
-27.3398
-30.1123
-34.9536
-41.2771
-32.1064
-4.28192
31.5342
57.3292
72.0609
83.4226
93.3666
101.627
107.797
111.765
114.329
116.411
118.284
119.585
119.852
119.179
117.374
113.636
106.791
95.9256
83.816
80.6454
80.2349
76.2656
69.2122
64.0528
63.9
66.2746
68.4636
68.972
66.8253
62.0158
54.612
49.8022
51.5258
52.2706
51.9476
50.2468
46.7443
40.9816
33.2408
24.7226
18.2885
11.9489
3.05494
-5.47681
-11.5264
-18.6224
-19.3777
-18.4757
-18.5532
-22.3536
-29.0779
-38.397
-48.725
-64.7072
-82.217
12.7133
12.7133
12.7133
12.7133
12.7133
12.7133
12.7133
12.7133
12.7133
12.7133
12.7133
12.7133
12.7133
12.7133
12.7133
12.7133
-19.7691
-20.6533
-17.1149
-13.1636
-11.6556
-12.6643
-13.2022
-10.4733
-8.10445
-9.0023
-13.7407
-21.4454
-26.5862
-28.7477
-31.2356
-34.628
-38.5115
-32.9323
-26.1892
-23.1237
-23.0353
-22.8168
-20.7569
-19.9442
-21.9755
-25.1515
-25.0421
-22.3607
-20.3494
-21.2023
-25.3737
-30.9078
-29.9417
-27.663
-29.1349
-35.7366
-41.0093
-35.8004
-32.7238
-32.6724
-33.5432
-33.7818
-34.7085
-36.7466
-38.5509
-35.4496
-23.2856
19.4472
56.4476
73.1716
84.0915
89.1188
90.0149
86.9511
81.8079
75.8752
77.0203
79.4885
81.5271
86.0506
90.7165
95.0228
99.543
102.64
103.889
102.969
100.391
95.7781
88.0958
76.4071
61.8677
51.9316
54.9585
59.5642
63.1895
64.9913
63.551
58.5815
51.9003
46.5102
44.561
43.1117
42.9583
41.907
38.775
34.1041
28.4098
20.6684
8.79375
-4.55529
-10.7658
-14.1326
-20.6237
-32.3379
-36.1909
-35.4536
-33.9279
-33.6105
-35.6683
-43.8986
-58.3088
-92.206
12.7133
12.7133
12.7133
12.7133
12.7133
12.7133
12.7133
12.7133
12.7133
12.7133
12.7133
12.7133
12.7133
12.7133
12.7133
12.7133
-14.2951
-12.8609
-9.80869
-9.6271
-13.616
-21.4907
-26.3209
-23.6256
-22.4887
-22.92
-24.0283
-23.497
-24.661
-28.5437
-33.3864
-33.6399
-30.5385
-24.1192
-19.431
-18.196
-20.319
-18.4944
-12.7335
-10.1841
-12.1508
-19.3699
-30.7868
-31.7765
-29.3475
-29.1459
-27.4813
-25.1416
-25.924
-28.9597
-30.0978
-29.4817
-31.3417
-35.48
-39.3275
-41.128
-42.9274
-40.1567
-33.3006
-28.3475
-26.4139
-26.5385
-25.0598
10.9918
34.6729
65.8618
80.1742
90.058
95.6885
98.5358
99.6056
100.611
101.396
101.505
100.911
99.8879
98.8325
97.6415
96.1359
94.5353
92.329
89.4457
84.7789
78.8667
73.6989
66.9437
56.6521
49.1129
49.3938
50.6004
55.26
57.7828
56.746
51.519
43.2955
37.5959
31.954
27.4893
28.7574
32.2574
32.3415
27.6953
18.5397
8.91461
-0.80718
-6.95141
-9.07043
-10.4462
-11.8396
-11.5063
-11.6456
-13.375
-16.097
-19.7635
-25.7198
-34.7461
-56.8659
-98.8334
12.7133
12.7133
12.7133
12.7133
12.7133
12.7133
12.7133
12.7133
12.7133
12.7133
12.7133
12.7133
12.7133
12.7133
12.7133
12.7133
-4.29056
-3.62601
-2.5136
-1.34628
-0.163465
-0.286338
-2.13768
-4.83667
-7.87188
-11.8388
-16.1682
-19.6492
-24.4678
-30.0066
-26.1813
-19.7847
-15.1546
-12.416
-11.4392
-13.1285
-16.1528
-16.581
-13.6006
-12.0668
-14.0095
-19.5114
-28.7789
-32.7666
-26.7883
-21.0116
-19.3459
-21.3511
-24.672
-24.4891
-22.8726
-23.8645
-28.8989
-38.4508
-40.4688
-32.1744
-25.403
-21.8743
-21.4047
-23.4345
-26.9441
-29.06
-26.5739
11.7823
34.5316
55.4368
66.2485
76.1501
83.5629
87.7481
88.5188
86.2321
84.2539
85.2846
85.8265
83.096
76.8964
73.7183
73.5657
73.9717
73.8507
73.9156
72.5694
69.5646
63.7248
55.9818
40.2886
38.8117
42.4306
50.6337
56.5452
58.1129
55.2482
48.4116
42.8555
43.9012
45.5532
44.1827
39.1189
30.4632
18.4419
5.87847
2.94298
0.0541161
-2.0454
-4.45647
-5.99164
-5.86841
-4.74016
-4.79466
-6.84393
-9.02637
-11.3922
-16.2288
-24.0124
-35.2316
-48.5021
-86.5577
12.7133
12.7133
12.7133
12.7133
12.7133
12.7133
12.7133
12.7133
12.7133
12.7133
12.7133
12.7133
12.7133
12.7133
12.7133
12.7133
16.7306
14.2654
8.55544
4.47183
7.94273
10.2938
8.97314
4.16981
-2.36521
-6.48346
-7.84401
-10.8839
-17.3698
-21.739
-16.9299
-13.1508
-12.1222
-12.053
-10.0206
-6.73027
-3.7577
-1.45026
-0.299185
-1.48759
-5.72264
-13.5005
-21.6902
-18.5906
-12.1157
-9.42929
-10.5555
-14.0927
-17.1171
-18.188
-18.2745
-18.5977
-20.5538
-23.805
-24.1588
-20.1795
-17.2693
-17.1969
-18.4527
-18.0599
-17.5487
-19.8377
-16.0193
0.940224
35.8557
53.739
62.8345
69.5061
71.9329
73.3653
74.742
77.4347
79.2161
80.5678
81.6901
83.1112
85.0028
86.6522
86.6524
84.8929
81.4417
79.1427
78.3799
76.5668
71.8145
62.314
52.1298
46.2899
43.5455
48.2234
53.926
55.3101
51.8667
42.839
31.6218
30.8295
33.9153
33.929
30.21
21.3409
8.08919
4.45239
4.2754
1.98667
-2.31709
-7.52942
-8.9603
-5.06046
-2.86465
-3.3672
-2.94414
-2.11799
-3.78535
-9.56255
-20.2495
-34.5748
-52.1258
-79.198
12.7133
12.7133
12.7133
12.7133
12.7133
12.7133
12.7133
12.7133
12.7133
12.7133
12.7133
12.7133
12.7133
12.7133
12.7133
12.7133
14.4556
15.4893
15.1331
11.3945
4.91334
1.31566
1.13777
-1.6891
-5.84405
-4.33902
-2.87747
-5.62608
-13.139
-20.4235
-18.2764
-11.9728
-5.08904
-1.25345
-1.22939
-4.31899
-3.90795
1.52591
4.14477
2.32772
-4.37354
-15.7853
-21.8135
-17.7586
-14.4158
-13.4467
-13.8425
-14.6608
-15.5857
-15.9226
-15.2656
-15.1821
-17.6326
-20.4972
-19.1524
-16.8238
-16.9224
-19.3612
-21.9834
-21.1704
-18.8557
-18.7745
-16.6779
-3.67858
24.4687
41.7631
57.7292
68.2177
75.6734
80.0233
82.8338
84.0575
85.4583
86.8202
87.1327
85.3806
81.8141
77.3261
72.402
65.6562
59.8548
59.681
60.571
58.9812
55.2351
50.516
44.3323
40.6066
38.6965
40.5051
45.7212
49.369
48.8445
44.0853
35.184
28.7831
26.2184
22.6286
18.4415
17.6666
18.0991
15.8638
9.54325
1.87477
-6.58531
-10.1204
-10.3355
-6.93671
-5.40232
-5.31222
-4.67299
-3.09011
-3.14544
-6.80321
-14.7959
-29.8311
-53.3118
-73.8412
12.7133
12.7133
12.7133
12.7133
12.7133
12.7133
12.7133
12.7133
12.7133
12.7133
12.7133
12.7133
12.7133
12.7133
12.7133
12.7133
7.50632
3.52048
4.56803
5.34326
3.96337
1.54196
0.0316424
-1.77762
-2.94035
-0.219647
2.5012
2.54263
0.581454
-1.01621
-1.81237
-3.3405
-5.65184
-6.98328
-6.24946
-3.32767
0.44745
2.4728
1.3328
-3.14152
-9.55541
-14.3386
-17.3262
-16.7928
-12.5926
-8.5424
-6.44993
-7.10345
-11.1084
-18.6957
-24.5783
-18.1684
-12.9326
-11.7977
-13.7417
-17.1422
-20.4463
-23.7292
-25.7506
-24.2868
-22.0176
-20.5326
-20.2216
-2.13469
23.1797
35.4284
42.9724
46.9572
49.9321
54.3842
53.1738
49.2728
47.3881
55.6951
61.7108
63.4267
64.1431
65.9585
68.8232
70.6656
71.5325
71.0305
69.3164
65.7573
59.9755
52.8569
40.8033
34.9892
28.0624
31.6569
35.4353
36.6438
35.6649
33.6085
31.2931
28.0492
22.6472
17.3228
14.2737
12.6655
13.4665
14.1477
12.922
8.95701
5.22011
2.30179
0.740084
-2.26662
-5.99025
-5.90324
-3.233
-1.29592
-1.47799
-4.33555
-10.6242
-22.1888
-42.2898
-68.9015
12.7133
12.7133
12.7133
12.7133
12.7133
12.7133
12.7133
12.7133
12.7133
12.7133
12.7133
12.7133
12.7133
12.7133
12.7133
12.7133
8.17077
6.49855
2.51658
-2.97101
-7.50555
-7.38047
-6.11432
-6.4346
-7.81234
-8.98102
-10.3492
-10.9664
-8.45791
-6.38
-6.82239
-9.11606
-10.0858
-10.2868
-9.51335
-7.46597
-6.67907
-8.30461
-11.407
-15.1254
-19.4561
-19.8572
-18.7888
-19.6758
-22.2078
-23.0756
-19.9998
-18.0947
-20.2922
-26.7591
-29.2232
-23.2885
-20.1365
-20.6297
-24.092
-27.3301
-27.8494
-27.2392
-25.8044
-24.7211
-25.5083
-28.0761
-24.9302
-15.4579
4.3964
21.5504
20.5638
28.6375
37.1999
45.2475
49.9822
50.8479
52.6587
54.9466
56.7298
58.3367
61.3694
63.3653
61.6267
56.7329
50.9455
50.8487
48.1997
45.1547
43.2704
39.5326
33.0085
23.7012
14.0268
5.00217
2.31093
5.57698
3.33903
3.38773
-0.983623
8.21299
4.77
3.9521
2.30716
-0.194269
-3.06879
-4.98802
-10.655
-13.4845
-15.2186
-13.681
-13.11
-16.035
-14.6922
-8.95813
-3.26121
-1.86762
-4.50857
-10.6697
-18.0822
-26.5047
-40.0933
-68.4326
12.7133
12.7133
12.7133
12.7133
12.7133
12.7133
12.7133
12.7133
12.7133
12.7133
12.7133
12.7133
12.7133
12.7133
12.7133
12.7133
2.44464
4.6009
5.01001
3.13306
0.181654
-3.75172
-9.45441
-15.3165
-15.8827
-14.9244
-16.2919
-19.0943
-18.1555
-14.3634
-12.6155
-11.1179
-7.99716
-4.96719
-3.6799
-4.01859
-5.37409
-7.7211
-10.3082
-11.5137
-12.7478
-15.9906
-19.5134
-20.3789
-21.8609
-24.8081
-23.6343
-20.3551
-18.9565
-19.4888
-20.2375
-21.9321
-25.8615
-31.7606
-33.2479
-28.1396
-24.309
-24.6657
-29.4834
-35.2008
-33.888
-30.2713
-26.338
-22.9563
7.53008
16.7372
22.8978
29.4628
34.7187
37.0779
33.5953
33.4172
35.3714
37.6368
43.7954
46.8873
48.7166
50.6488
51.1452
51.6106
48.6884
45.0887
42.6231
39.218
40.0022
37.4972
31.562
23.6824
16.6065
9.51511
9.86779
7.87717
3.27348
-0.601141
-6.05898
-1.06632
1.35805
0.638323
-2.81541
-6.69162
-8.85163
-13.0746
-15.8998
-14.9777
-14.9422
-14.0408
-10.5293
-7.59043
-8.36009
-11.761
-13.1688
-8.44423
-4.83886
-5.24363
-10.419
-20.9979
-39.4181
-67.3921
12.7133
12.7133
12.7133
12.7133
12.7133
12.7133
12.7133
12.7133
12.7133
12.7133
12.7133
12.7133
12.7133
12.7133
12.7133
12.7133
7.39906
1.20571
-0.615222
-1.47763
-4.88914
-11.5466
-16.8698
-14.749
-8.38321
-4.50245
-4.23111
-7.22366
-11.1729
-13.4384
-15.0811
-16.3704
-16.8289
-15.8467
-13.9962
-12.3198
-10.9059
-9.80956
-9.1883
-9.5164
-11.7644
-16.0879
-20.0906
-20.8188
-20.9612
-20.9167
-21.946
-25.1131
-30.5172
-34.4586
-31.9312
-27.5451
-25.5556
-26.2052
-28.077
-26.661
-21.4526
-18.0619
-18.1911
-21.4895
-25.4985
-25.4342
-23.0021
-13.8962
12.227
20.9611
26.0362
34.1596
38.7299
41.5728
41.8606
43.4603
45.1565
47.8847
50.9413
51.2164
50.0743
53.8275
57.2983
57.6537
53.451
44.764
37.8562
35.8201
36.1963
38.0122
38.9014
35.0256
26.3449
15.6246
12.0151
10.8948
10.2101
8.57487
6.85365
7.27
5.31054
1.98017
-1.97585
-4.25458
-4.94666
-6.08718
-6.16797
-6.74524
-7.71821
-9.60039
-4.80263
0.553336
2.6195
1.59678
-0.514897
-1.56638
-3.32344
-7.38996
-14.599
-25.7965
-42.8708
-65.5783
12.7133
12.7133
12.7133
12.7133
12.7133
12.7133
12.7133
12.7133
12.7133
12.7133
12.7133
12.7133
12.7133
12.7133
12.7133
12.7133
0.424872
0.872878
0.575048
-1.6924
-7.46195
-13.1295
-9.86989
-3.62932
-0.312038
-1.0253
-5.38752
-9.65477
-10.4081
-11.3151
-11.8375
-9.84232
-7.6311
-8.33342
-11.928
-14.433
-11.7509
-9.88692
-9.52264
-9.71652
-10.8196
-13.333
-14.2388
-11.2392
-9.48613
-10.7147
-15.1069
-22.4048
-32.0152
-36.481
-34.3762
-30.3707
-27.8784
-27.5187
-26.0003
-21.2858
-17.8094
-17.939
-21.7939
-26.8962
-24.6314
-19.4011
-17.0964
-14.0684
4.49324
18.3438
21.9653
30.6379
37.7616
42.608
42.2116
42.058
42.8461
42.9019
43.7042
42.8454
45.6861
49.6881
53.2319
54.9567
54.4939
52.8938
49.1593
45.0069
39.0005
37.136
33.9335
29.2291
20.8995
12.6154
14.79
18.3427
18.6384
16.3792
10.001
9.151
5.14638
5.62731
4.20746
-0.789925
-7.15524
-12.6101
-17.0414
-16.6157
-16.9552
-12.8021
-7.26512
-3.07049
-1.92685
-3.26469
-5.66375
-8.36282
-11.878
-16.4655
-22.916
-33.3756
-49.7015
-66.0467
12.7133
12.7133
12.7133
12.7133
12.7133
12.7133
12.7133
12.7133
12.7133
12.7133
12.7133
12.7133
12.7133
12.7133
12.7133
12.7133
8.3478
7.54968
6.37141
2.59991
-4.78491
-13.4944
-13.9403
-8.40449
-4.49458
-3.75935
-6.17258
-10.7036
-14.627
-17.0574
-17.9485
-16.3732
-15.0449
-16.1407
-19.252
-23.6494
-24.4435
-17.9777
-12.5374
-10.6089
-12.4174
-15.6691
-13.3167
-9.00209
-7.675
-9.90187
-15.6829
-22.9445
-26.1541
-28.0084
-32.5142
-39.9001
-41.5397
-34.6971
-28.9541
-27.3679
-28.8908
-29.6552
-27.7997
-24.8511
-21.7356
-20.4112
-20.9612
-16.46
-1.87036
28.3503
34.7662
43.8148
50.3569
55.7967
60.1677
62.5999
63.206
62.4573
61.4807
60.6534
59.691
59.0743
57.8485
54.8041
48.7328
42.8062
40.3326
32.5217
25.5164
22.8464
17.268
16.6675
15.8981
17.7972
20.2098
22.8472
22.8778
19.5805
12.4232
5.32025
-0.442167
-4.29067
-5.9124
-7.63144
-10.6951
-10.3872
-6.88935
-5.78345
-6.01322
-1.31046
3.56582
4.51611
1.71082
-3.44323
-5.96913
-5.11633
-5.80462
-10.4022
-20.1341
-35.5913
-52.3323
-67.1157
12.7133
12.7133
12.7133
12.7133
12.7133
12.7133
12.7133
12.7133
12.7133
12.7133
12.7133
12.7133
12.7133
12.7133
12.7133
12.7133
4.69846
5.59248
3.07817
-3.41068
-9.02543
-8.73987
-9.49265
-12.7208
-15.4584
-14.2912
-12.8113
-13.7272
-16.4928
-19.0079
-18.4118
-18.2169
-20.7095
-25.0547
-24.3074
-19.2649
-14.2501
-9.30082
-6.0344
-6.06877
-9.74149
-15.6494
-18.0663
-17.1972
-17.3534
-18.5142
-19.7174
-21.5317
-24.6414
-29.2858
-34.6083
-36.5767
-35.5107
-33.8668
-30.7577
-25.0445
-20.2449
-18.3239
-18.9982
-19.8032
-19.3642
-20.3246
-21.1714
-16.994
4.77442
19.5522
28.2792
40.8206
50.1075
54.9545
56.1906
55.6582
56.0955
57.5932
57.8396
55.7394
52.8796
54.1675
56.685
59.9816
60.9578
58.9304
53.5386
46.4598
39.7008
33.7315
28.6625
21.5873
11.9714
8.79766
14.2447
17.3131
18.0878
16.1896
10.8738
5.59458
0.742226
-5.53677
-10.7681
-13.1672
-9.86787
-4.65239
-1.39595
-1.74901
-4.38058
-5.42705
-2.249
-0.111896
0.913242
0.786437
-0.400486
-1.71649
-2.70785
-5.63821
-12.9777
-25.5416
-47.1251
-68.552
12.7133
12.7133
12.7133
12.7133
12.7133
12.7133
12.7133
12.7133
12.7133
12.7133
12.7133
12.7133
12.7133
12.7133
12.7133
12.7133
-0.518244
-2.15302
-6.04016
-10.4149
-13.6771
-15.6792
-13.8742
-8.85271
-5.27447
-4.60276
-6.6804
-10.5787
-14.1312
-15.6719
-17.9178
-22.364
-28.14
-29.1147
-24.1683
-18.4947
-15.3111
-13.924
-13.9736
-15.1988
-16.8778
-16.6541
-15.2367
-13.672
-12.7386
-12.9595
-15.0744
-19.1417
-24.0979
-27.379
-25.5073
-23.3801
-24.1653
-27.7109
-27.5628
-21.7584
-18.5967
-18.8726
-20.7183
-21.2955
-22.212
-25.1139
-27.0702
-13.4203
13.2715
26.2411
33.7074
42.7837
48.7995
53.108
56.6786
58.5245
58.1604
58.1252
60.7596
64.2598
65.9111
64.5686
61.5092
59.9128
60.0434
58.3635
52.9677
43.2891
37.6281
34.1679
29.1221
23.0769
12.3177
2.04715
6.79647
10.7968
9.27846
5.10963
-2.16421
-1.02018
-3.93439
-6.86728
-11.557
-14.0697
-9.35633
-6.21127
-5.88151
-9.58014
-12.1882
-4.61158
1.63611
4.16829
2.74956
-1.35233
-4.36307
-5.57184
-8.34802
-13.5312
-21.0404
-31.1458
-45.191
-70.1037
12.7133
12.7133
12.7133
12.7133
12.7133
12.7133
12.7133
12.7133
12.7133
12.7133
12.7133
12.7133
12.7133
12.7133
12.7133
12.7133
4.08789
-0.22685
-4.85897
-7.85841
-8.83366
-8.42437
-8.68033
-9.94479
-7.87558
-4.66669
-4.3764
-6.54953
-8.63236
-10.1852
-13.6033
-17.5715
-14.6634
-10.8808
-10.1402
-11.6736
-12.827
-12.3103
-11.2821
-11.1634
-12.2636
-13.9705
-15.3956
-16.4192
-17.132
-18.1175
-19.2436
-20.6443
-23.5499
-26.7867
-25.8571
-23.8834
-23.0944
-22.6812
-21.2526
-17.512
-13.3395
-11.7803
-13.3476
-16.9766
-20.1362
-21.7199
-20.7805
-13.8609
6.4195
20.4163
31.2018
42.2381
49.9226
54.6115
55.8122
54.9483
54.2937
54.014
54.7403
54.8148
55.5685
57.1949
57.1941
56.6973
56.4571
55.4556
52.5592
46.6749
39.3374
34.5102
30.7751
26.3036
21.2493
14.8301
8.55529
6.9534
6.34975
7.24623
5.57769
4.78869
2.2385
2.00644
0.650726
-1.70861
-2.3611
-1.5474
-0.710556
-1.72823
-2.98461
-1.57345
0.755489
0.932944
-1.1951
-4.87597
-10.4407
-15.6288
-16.8186
-17.9643
-23.3069
-33.9374
-52.1332
-70.3985
12.7133
12.7133
12.7133
12.7133
12.7133
12.7133
12.7133
12.7133
12.7133
12.7133
12.7133
12.7133
12.7133
12.7133
12.7133
12.7133
6.98198
1.75932
-6.3064
-12.2169
-11.1984
-8.60438
-8.06688
-9.70274
-11.2779
-11.8692
-12.2362
-11.6823
-11.4732
-13.527
-18.5389
-19.2784
-12.8244
-9.43953
-9.96548
-13.4465
-16.2609
-15.0411
-13.1882
-12.8496
-13.5538
-14.1071
-15.3341
-17.8196
-19.1193
-18.3608
-19.4803
-24.3271
-32.0776
-34.7863
-31.4849
-27.1605
-24.2126
-23.9348
-26.7879
-30.6514
-30.3134
-26.9107
-25.1787
-24.3929
-23.721
-23.0392
-20.7488
-14.4894
5.70187
22.6385
38.4987
48.1726
54.3551
57.3961
57.5913
56.7876
56.6851
56.7278
56.9841
57.9546
61.1058
62.9036
61.5188
57.3671
53.4877
52.0057
48.0688
42.5006
38.1123
32.8638
26.2034
18.9227
11.9977
7.22545
4.27369
4.26222
3.60494
3.64754
2.24688
2.08344
1.90013
3.67667
2.87535
0.435966
-1.63148
-3.03073
-5.29464
-6.22969
-2.51344
1.60823
2.89241
0.907969
-1.96045
-3.22821
-4.70176
-8.47459
-13.7148
-19.0512
-27.0384
-39.8691
-63.2395
-71.9856
12.7133
12.7133
12.7133
12.7133
12.7133
12.7133
12.7133
12.7133
12.7133
12.7133
12.7133
12.7133
12.7133
12.7133
12.7133
12.7133
2.16091
-6.01742
-14.7974
-19.9286
-17.1963
-12.5159
-11.3152
-13.1924
-16.8424
-19.2376
-18.0732
-15.7931
-15.8762
-19.0093
-23.2609
-22.2839
-18.4436
-16.6248
-18.3063
-22.7185
-20.3244
-13.4016
-10.6957
-12.7951
-18.7886
-22.7128
-20.6948
-19.8108
-20.6572
-23.1005
-26.5081
-29.6283
-31.9907
-33.7651
-34.8885
-32.3481
-29.7857
-29.6836
-31.359
-33.6329
-35.7457
-36.0726
-32.4032
-28.1139
-25.2579
-23.9221
-23.0605
-7.73499
13.7302
22.2084
34.0874
43.9256
49.5514
51.5086
50.1851
46.9829
44.576
44.259
49.7812
55.0236
58.9504
61.3547
63.6716
65.2172
64.3649
60.3767
53.922
49.6269
45.3485
38.5102
25.707
20.2142
16.7478
11.6531
6.74477
5.53491
5.49127
4.66919
-0.777672
-2.93078
-6.969
-9.62976
-12.6467
-13.9408
-10.8255
-10.34
-12.1899
-14.2154
-9.22176
-5.52069
-4.74494
-5.29701
-4.46246
-3.61352
-5.40142
-9.5681
-13.2747
-16.8207
-22.9987
-33.9426
-50.9486
-75.1311
12.7133
12.7133
12.7133
12.7133
12.7133
12.7133
12.7133
12.7133
12.7133
12.7133
12.7133
12.7133
12.7133
12.7133
12.7133
12.7133
-0.875438
-5.95559
-8.07721
-7.31397
-6.16047
-6.80397
-10.0304
-13.4095
-13.9406
-14.1904
-15.5693
-17.5821
-19.2701
-18.2913
-16.6026
-16.3806
-16.2686
-14.3127
-11.4271
-9.22939
-7.66785
-6.28178
-5.38923
-5.8146
-8.23078
-12.4666
-18.1108
-20.5848
-17.8749
-14.9797
-14.8297
-18.0375
-23.7419
-28.2572
-29.7269
-30.829
-29.6189
-26.8264
-24.8398
-24.869
-26.8513
-29.9774
-32.7286
-35.1802
-33.5502
-28.3499
-24.1463
-2.39421
31.0314
47.2454
56.9359
63.7081
68.3311
71.7594
74.3154
75.7288
76.9517
78.0523
78.4222
77.2222
74.5004
71.6483
70.8154
70.9577
69.8346
67.5641
64.521
59.8315
53.4796
46.0281
38.4962
32.8582
31.9628
33.8095
35.4368
35.5782
32.7648
27.1026
18.1236
9.40386
5.36226
5.1771
3.02295
-0.837147
-5.10361
-9.18695
-10.5729
-13.6334
-19.526
-25.1352
-25.4197
-20.187
-14.6557
-12.2893
-13.4494
-16.022
-16.552
-16.5241
-19.7763
-28.1834
-43.9678
-76.0607
12.7133
12.7133
12.7133
12.7133
12.7133
12.7133
12.7133
12.7133
12.7133
12.7133
12.7133
12.7133
12.7133
12.7133
12.7133
12.7133
-4.49162
-5.851
-4.78158
-1.64053
0.585368
-0.126033
-4.35728
-10.7413
-14.6543
-14.2286
-11.7727
-9.67833
-9.23488
-9.90291
-10.9752
-12.5464
-13.3755
-12.4007
-10.5882
-9.71464
-9.05431
-8.05749
-6.80235
-7.01401
-9.67946
-14.2495
-18.6685
-21.8191
-24.1553
-23.5233
-21.6739
-22.4485
-26.5903
-32.9935
-36.9998
-34.5828
-27.3958
-21.5466
-18.703
-18.0187
-17.8182
-16.9749
-16.8228
-18.5474
-22.7046
-27.5019
-25.1536
4.54859
27.2916
50.2042
61.2391
68.3544
72.2883
74.5546
76.0916
77.2903
77.5913
77.2257
76.9199
76.5967
75.6176
73.9926
73.0739
72.7787
71.7599
69.9344
68.3343
66.0378
61.3419
53.1984
44.4563
40.7619
41.7465
44.4173
48.4491
49.9631
47.4012
39.7061
25.9603
8.06775
6.93025
9.89032
11.049
9.21575
4.75506
-0.605837
-4.141
-4.89028
-3.7323
-3.56495
-5.55616
-8.67623
-10.0689
-9.6155
-7.60556
-4.6667
-3.09797
-4.65856
-10.2749
-21.2625
-40.4853
-77.433
12.7133
12.7133
12.7133
12.7133
12.7133
12.7133
12.7133
12.7133
12.7133
12.7133
12.7133
12.7133
12.7133
12.7133
12.7133
12.7133
-8.00527
-5.37179
-2.08236
-2.03447
-5.77659
-8.34859
-3.95412
-0.786116
-1.75614
-6.49526
-9.90572
-7.82933
-6.53101
-7.70151
-9.89731
-12.4008
-16.0121
-18.5243
-18.5939
-18.3732
-18.1526
-17.1093
-16.5758
-16.1181
-15.4506
-15.0116
-15.7839
-17.8245
-20.8175
-23.3659
-24.407
-25.8081
-28.5682
-31.6182
-33.8276
-33.608
-29.9889
-27.0487
-25.9737
-26.9355
-28.1216
-24.6952
-20.6642
-19.6169
-21.1358
-23.5402
-21.9318
3.96834
36.3237
52.6462
62.5582
71.4022
79.1431
84.285
86.2698
85.3856
82.9811
81.3491
81.3049
80.2562
78.0863
78.1123
81.4795
83.8544
83.7955
82.649
81.6745
80.1394
76.1321
68.1447
55.2923
45.2557
44.6505
45.1341
46.5922
47.4892
44.7027
36.8727
23.276
14.0919
12.0706
7.54109
2.3428
3.19232
6.37212
8.03563
7.13681
4.12036
-0.117661
-5.05239
-9.53809
-10.865
-9.47409
-9.0646
-10.4762
-12.2462
-12.8497
-13.9343
-18.301
-27.8412
-43.4924
-79.2345
12.7133
12.7133
12.7133
12.7133
12.7133
12.7133
12.7133
12.7133
12.7133
12.7133
12.7133
12.7133
12.7133
12.7133
12.7133
12.7133
-5.74084
-7.64795
-8.89303
-9.0811
-7.7913
-5.13415
-2.7343
-2.71598
-5.62259
-10.4859
-12.1886
-8.54976
-5.26371
-4.88526
-7.59275
-12.1655
-14.4781
-11.9587
-9.63504
-9.00749
-8.32158
-5.54168
-2.03673
-0.146027
-0.69409
-3.79648
-8.7004
-14.204
-20.2638
-25.5806
-24.591
-19.4161
-16.3832
-16.4781
-17.9202
-17.252
-15.0237
-13.7584
-14.1263
-16.3577
-20.8027
-26.3293
-28.3413
-26.9227
-25.4155
-22.9797
-17.3159
11.6146
37.246
57.616
71.4108
80.7103
85.981
88.8137
89.9984
90.1139
89.588
89.2625
89.6749
90.5842
91.0191
90.1537
87.6664
84.704
83.4394
83.1494
82.3476
80.1978
76.1761
69.2473
58.642
49.3647
47.4581
47.8788
48.0422
46.9163
43.1795
36.0085
27.698
24.9347
24.2764
22.043
18.9666
14.1394
7.95233
4.02103
3.49572
0.874637
-4.52515
-8.72602
-8.09395
-3.11744
1.30006
2.49515
-0.205762
-6.59861
-13.8303
-18.8287
-24.6367
-34.8605
-54.3762
-76.5005
12.7133
12.7133
12.7133
12.7133
12.7133
12.7133
12.7133
12.7133
12.7133
12.7133
12.7133
12.7133
12.7133
12.7133
12.7133
12.7133
0.108394
-4.79292
-9.95461
-10.1176
-5.39185
-2.49823
-2.79782
-4.30823
-4.25247
-3.42861
-4.11078
-5.94292
-8.17171
-11.4891
-15.3482
-17.5639
-15.6842
-10.5982
-6.63098
-4.44536
-2.34002
0.0364861
0.601581
-1.99667
-8.0366
-16.4362
-21.6442
-19.9134
-19.1112
-21.3195
-25.4465
-26.4466
-24.3677
-24.0213
-24.7639
-22.5649
-18.9082
-17.456
-18.45
-20.2007
-20.6671
-20.5391
-20.676
-20.3827
-18.7922
-17.052
-6.83905
26.1752
49.0777
63.9033
75.348
84.1882
90.624
94.0803
94.7777
93.5079
91.6027
90.7963
91.6878
93.259
94.2091
94.6587
94.5255
93.1949
90.9132
89.5312
89.0605
87.4108
83.0751
75.6936
66.6687
61.6044
57.8146
53.4087
51.0123
49.2974
45.5133
39.4189
31.8629
24.5764
18.2607
14.9922
14.127
11.9335
8.84586
4.22573
0.255534
-2.18926
-4.23271
-4.32789
-1.94629
-0.810391
-1.15673
-2.4833
-4.0308
-5.86884
-8.9403
-15.7381
-27.7011
-43.9314
-61.6805
-71.5962
12.7133
12.7133
12.7133
12.7133
12.7133
12.7133
12.7133
12.7133
12.7133
12.7133
12.7133
12.7133
12.7133
12.7133
12.7133
12.7133
1.92983
-0.881727
-3.38454
-3.24738
0.859949
5.67753
8.54118
9.34844
8.39224
5.84076
1.65701
-2.94874
-6.38735
-9.18763
-12.6621
-15.0996
-12.2418
-9.24377
-8.45888
-9.18068
-10.046
-9.5084
-6.96944
-5.18817
-6.51119
-11.5965
-18.6234
-20.3562
-17.8854
-15.3212
-14.068
-15.3013
-18.9629
-20.5251
-17.6423
-16.1909
-18.4578
-24.2544
-30.0048
-31.6661
-31.8159
-30.1106
-23.6352
-17.5306
-14.9072
-15.7135
-6.01322
24.7027
47.2262
65.3022
79.3478
89.357
95.7662
99.8618
102.729
104.422
104.818
104.167
103.041
101.24
98.9892
98.0312
99.1237
100.761
101.698
101.115
98.5844
94.4901
89.6594
83.772
76.7853
71.0622
66.1532
58.636
49.5058
44.4799
43.9467
44.6868
43.5758
39.6148
33.5175
27.8191
22.024
16.8111
14.6083
13.4643
10.3034
4.23751
-4.47357
-10.1125
-8.40801
-6.10902
-5.39279
-4.31707
-1.86947
-0.660366
-2.54591
-8.14722
-18.1494
-32.7436
-51.8461
-68.6677
12.7133
12.7133
12.7133
12.7133
12.7133
12.7133
12.7133
12.7133
12.7133
12.7133
12.7133
12.7133
12.7133
12.7133
12.7133
12.7133
0.547112
0.733043
-1.15198
-3.36688
-3.30408
-2.2904
-0.870299
0.239678
0.0650665
-0.275084
0.858775
1.67805
0.241517
-2.88973
-4.99167
-5.67478
-7.04029
-8.38695
-7.92699
-6.9926
-8.1096
-11.7645
-13.6728
-12.5487
-13.3006
-16.8175
-19.0586
-17.1007
-14.4103
-13.8018
-15.8626
-19.9887
-22.2693
-20.9677
-18.4444
-17.5483
-19.6384
-23.2097
-23.8216
-21.6332
-20.694
-21.0825
-21.2322
-20.6185
-19.658
-18.3246
-12.9019
24.4447
48.6577
64.8433
76.3906
84.4923
90.1572
93.8257
96.8563
99.6869
101.318
101.181
100.341
100.998
102.164
102.258
100.812
99.176
98.3032
97.0362
93.5772
87.305
80.5509
74.9991
70.834
70.3527
69.6475
65.6897
59.087
53.9118
52.6245
51.4445
46.6573
37.1177
24.3849
18.1074
19.2817
21.8434
23.7762
24.2866
22.2741
16.627
7.0918
-2.13822
-4.29451
-4.80396
-6.17917
-5.7826
-3.56617
-3.09121
-5.84029
-12.0358
-20.4923
-30.8575
-45.8594
-67.5635
12.7133
12.7133
12.7133
12.7133
12.7133
12.7133
12.7133
12.7133
12.7133
12.7133
12.7133
12.7133
12.7133
12.7133
12.7133
12.7133
-2.02345
0.0564545
-1.18267
-1.89698
2.11901
5.42327
5.1884
1.7387
-2.45124
-3.99377
-4.4436
-5.81003
-8.8534
-12.9924
-15.3015
-14.2244
-12.6649
-12.0618
-11.7669
-10.4069
-7.71561
-4.4713
-2.47386
-2.41799
-4.06794
-5.8783
-7.56177
-10.2413
-14.8361
-18.9764
-18.5031
-16.5381
-15.1447
-14.2336
-13.7937
-14.3963
-16.7969
-21.616
-26.6216
-23.9594
-20.0466
-19.2936
-21.703
-24.238
-23.3545
-22.5323
-21.6895
8.75112
25.1176
44.1184
61.4964
76.4233
85.9898
92.1349
96.0103
98.5772
100.245
100.843
100.077
97.4433
92.9782
87.8181
85.3727
85.015
84.7271
84.1124
82.7573
79.2236
72.9268
64.7366
58.9201
59.4605
59.4677
56.7572
51.8476
48.1058
47.8342
46.7279
42.2249
35.3911
31.1678
27.7289
23.5559
20.4111
19.2812
18.7821
17.0289
13.1114
7.05772
0.444739
-1.47218
1.2208
3.99056
4.79525
3.43574
1.05277
-1.77626
-6.027
-12.8538
-23.5416
-40.6571
-67.7316
12.7133
12.7133
12.7133
12.7133
12.7133
12.7133
12.7133
12.7133
12.7133
12.7133
12.7133
12.7133
12.7133
12.7133
12.7133
12.7133
9.66545
12.2775
12.2646
11.026
11.0992
10.8933
8.25379
4.51637
5.91861
9.29268
9.54686
5.96955
-0.0902993
-2.43245
-0.578358
-0.429152
-2.6137
-5.17467
-5.91351
-4.68553
-1.95748
0.791859
2.83649
3.36319
1.53648
-3.00197
-8.3204
-11.0713
-11.8771
-11.4459
-10.5954
-11.6675
-15.6372
-20.9462
-20.9811
-16.6271
-14.2407
-15.1166
-18.8798
-21.9473
-21.0088
-20.1799
-22.0073
-25.9906
-28.6043
-26.608
-22.7688
-6.79702
9.93769
30.845
40.832
55.6913
65.8581
71.727
73.8849
73.4461
71.7774
70.1357
69.6057
72.1075
75.5767
76.6782
75.665
73.9312
71.934
68.6232
63.9689
60.3687
58.5951
56.7971
54.4368
52.9576
52.2291
50.0826
45.9728
43.3388
44.4788
44.5395
40.9113
33.833
25.5583
19.9003
18.2389
17.8422
16.524
13.5415
8.3545
2.20196
-2.26001
-3.57782
-1.85798
1.06293
3.26857
3.52884
1.17174
-4.24125
-11.554
-16.7703
-21.3424
-30.0099
-45.4433
-71.8711
12.7133
12.7133
12.7133
12.7133
12.7133
12.7133
12.7133
12.7133
12.7133
12.7133
12.7133
12.7133
12.7133
12.7133
12.7133
12.7133
5.18828
5.66507
4.92015
1.9331
-2.39563
-3.46673
-2.94988
-2.4013
-1.5562
-0.832487
-1.16845
-2.57847
-4.46522
-5.52367
-5.6545
-6.54883
-8.50333
-9.68916
-10.2603
-10.5925
-7.74813
-4.14152
-2.62149
-3.30223
-5.06169
-7.24175
-10.7188
-15.4172
-20.0803
-19.5842
-17.4855
-17.9759
-21.4722
-24.9999
-24.4559
-21.8515
-21.4048
-24.1406
-29.1808
-30.82
-29.4628
-28.8196
-28.6864
-28.7241
-29.746
-29.7265
-24.1389
-6.11891
11.3293
26.8211
40.0119
52.1057
61.0438
67.4165
71.2129
72.7773
72.1674
69.6049
65.7138
62.4157
61.0091
61.1607
63.0886
66.1526
67.6413
66.6338
64.45
61.9357
58.9408
54.0632
48.6553
45.2346
41.6055
37.8397
36.2504
35.1231
31.8956
26.1213
18.7624
12.7544
6.60062
3.10876
0.562894
0.57498
2.00078
1.22938
-0.830029
-4.04338
-8.06991
-7.88892
-4.73604
-1.7439
-0.70643
-1.14725
-2.67471
-6.08548
-12.3249
-21.5839
-31.4209
-42.6129
-58.5393
-81.6374
12.7133
12.7133
12.7133
12.7133
12.7133
12.7133
12.7133
12.7133
12.7133
12.7133
12.7133
12.7133
12.7133
12.7133
12.7133
12.7133
-0.718701
-3.69469
-3.62387
-1.77286
-2.36769
-6.59153
-12.795
-16.119
-18.0022
-21.1298
-22.3883
-19.3316
-15.4449
-13.1953
-13.3994
-15.3039
-17.4972
-19.5889
-21.8342
-22.3728
-20.0377
-18.3239
-17.5663
-16.4293
-14.6957
-13.9257
-14.9098
-16.9588
-17.6061
-16.8619
-17.0074
-18.7963
-20.4147
-19.2311
-17.5883
-18.1347
-20.7172
-23.1733
-23.7331
-24.1871
-25.7747
-27.2471
-26.3639
-25.744
-27.5151
-30.5451
-28.0384
-7.72335
8.25458
19.6605
34.7934
48.7961
58.6148
64.7271
68.167
69.196
68.4607
66.5546
64.8736
63.9125
64.5495
64.9056
64.4068
64.4504
64.3224
62.3196
58.0987
53.1896
49.7927
45.6477
39.5789
35.2334
32.1832
29.3261
25.3069
19.182
13.6877
9.9741
4.39164
3.88537
3.51697
2.66878
-0.643525
-5.63404
-7.89501
-8.48543
-8.85776
-10.8578
-11.8015
-8.73055
-5.29978
-4.83755
-7.00768
-10.5307
-13.5067
-14.8809
-15.2159
-16.8005
-21.9727
-32.6408
-50.5657
-97.1823
12.7133
12.7133
12.7133
12.7133
12.7133
12.7133
12.7133
12.7133
12.7133
12.7133
12.7133
12.7133
12.7133
12.7133
12.7133
12.7133
-3.57133
-2.93318
-3.00757
-4.33088
-5.3357
-5.69846
-6.35197
-8.07111
-10.9229
-14.234
-17.3234
-18.3733
-17.4826
-17.3945
-20.0415
-24.034
-24.2593
-21.807
-20.3561
-20.4447
-21.3429
-23.5866
-25.1711
-21.2348
-16.9864
-15.5075
-15.7672
-16.0388
-14.4135
-12.5297
-12.6003
-15.7354
-20.5948
-21.242
-19.0414
-18.2946
-19.6623
-21.8915
-22.9095
-23.381
-25.229
-28.7023
-30.564
-30.3872
-31.6508
-34.6261
-33.649
-9.68691
9.13304
22.833
36.2065
48.8581
57.5982
62.9902
65.1882
65.1703
65.0647
66.263
67.0338
65.7187
62.6638
59.6122
57.8967
56.8799
55.1583
52.4323
48.6982
45.1508
41.7886
37.6619
31.8566
26.5517
23.4588
21.8015
18.9594
14.0351
9.70833
6.74319
4.2597
2.83137
1.46919
1.89846
1.38943
-0.0370986
-2.31294
-5.61712
-9.19594
-11.1441
-11.1005
-8.61851
-6.76073
-6.77389
-9.25308
-13.5547
-16.8976
-15.6557
-13.5958
-14.4114
-19.5505
-30.0364
-48.8375
-84.0186
12.7133
12.7133
12.7133
12.7133
12.7133
12.7133
12.7133
12.7133
12.7133
12.7133
12.7133
12.7133
12.7133
12.7133
12.7133
12.7133
1.43713
2.60053
1.80651
-2.17455
-6.73065
-6.8305
-5.85112
-6.29389
-8.5352
-11.982
-15.6365
-17.5955
-17.9405
-17.9779
-18.0802
-18.0784
-18.0576
-17.767
-16.9063
-16.4819
-17.6002
-19.5399
-20.0401
-18.8483
-18.2536
-18.9544
-20.5544
-21.9059
-22.2889
-22.8258
-24.8584
-26.0048
-23.8603
-21.2259
-19.929
-19.7425
-21.0875
-24.3301
-28.6768
-31.4851
-31.929
-30.0227
-27.6218
-27.1408
-28.0414
-27.9931
-25.6247
-5.40648
11.4233
25.8545
37.2298
47.2764
53.9346
57.4609
58.7245
59.9715
61.3963
61.6725
60.8907
59.5541
59.0307
58.8887
59.2139
59.1697
57.2971
52.5924
46.6798
40.3136
36.593
33.6285
31.1742
29.6521
29.0907
28.1881
26.2322
23.1835
18.5306
10.7679
1.51404
-0.0663859
1.69534
4.23986
5.95013
6.0365
4.01669
0.730439
-1.12966
-1.83501
-3.54002
-7.42165
-9.69605
-8.42655
-6.74893
-6.61479
-8.7067
-13.4524
-19.9873
-27.4432
-35.7362
-46.5283
-60.6158
-74.5711
12.7133
12.7133
12.7133
12.7133
12.7133
12.7133
12.7133
12.7133
12.7133
12.7133
12.7133
12.7133
12.7133
12.7133
12.7133
12.7133
-4.78902
-5.96382
-6.67698
-8.07409
-10.9852
-14.9632
-17.0414
-15.6026
-13.5872
-13.1291
-14.1256
-15.5038
-15.3236
-14.5225
-14.768
-15.2348
-14.3228
-13.957
-15.7766
-18.6755
-19.767
-18.6904
-17.2317
-17.2414
-19.3213
-21.6966
-21.2634
-19.5096
-19.4983
-21.9008
-26.1689
-30.4527
-33.1904
-32.4058
-27.6808
-23.4658
-21.8198
-22.6021
-24.9951
-27.6409
-28.3417
-27.1081
-26.9688
-29.5167
-33.0395
-33.1393
-27.8732
-5.1652
17.763
31.1185
40.1585
46.0126
49.9545
52.4165
53.7181
54.4279
54.7528
54.2768
52.5507
50.1166
48.4977
48.5941
48.4155
49.393
50.381
50.0812
48.3093
44.698
40.4919
36.6896
34.0633
32.8954
33.1087
32.7894
30.3405
27.2951
27.1923
27.1564
24.417
19.1148
16.7328
20.1655
22.2842
21.3028
17.8861
13.0621
7.41338
-0.0439684
-7.56461
-10.1693
-8.62339
-7.12403
-7.42848
-9.6739
-12.8339
-16.4938
-20.8847
-26.9023
-35.8876
-47.8213
-63.9462
-72.0058
12.7133
12.7133
12.7133
12.7133
12.7133
12.7133
12.7133
12.7133
12.7133
12.7133
12.7133
12.7133
12.7133
12.7133
12.7133
12.7133
-19.3989
-16.2583
-11.2964
-8.25071
-7.38011
-7.15588
-6.60221
-6.78314
-9.30408
-14.6219
-19.1881
-18.4366
-16.5657
-16.7373
-18.8021
-20.8613
-20.5368
-19.2712
-18.537
-18.4783
-19.0216
-18.9158
-17.4668
-16.8218
-18.3854
-21.1092
-23.0544
-25.2253
-28.6745
-30.191
-28.8562
-27.5965
-27.0688
-27.2765
-28.7306
-31.6152
-34.2269
-34.0603
-32.166
-31.0116
-30.6299
-29.9702
-28.0866
-26.5233
-26.6762
-28.5396
-27.4767
-9.38118
0.862324
20.2224
32.2335
41.4274
46.5095
48.1768
48.4558
49.3563
51.3837
51.8918
50.8294
48.749
48.6893
48.7368
47.4549
45.8554
46.4051
47.8129
47.702
43.5793
36.2451
31.9501
34.2521
36.3645
34.7115
30.0866
26.4459
27.8434
30.3544
30.2387
26.7327
22.8073
21.8578
21.3431
20.1488
20.0704
19.9126
17.0347
10.1971
-0.254211
-8.24587
-10.7125
-12.8266
-14.632
-14.5935
-13.7714
-13.7058
-15.3974
-19.0863
-24.2997
-30.595
-39.5098
-54.308
-74.1436
12.7133
12.7133
12.7133
12.7133
12.7133
12.7133
12.7133
12.7133
12.7133
12.7133
12.7133
12.7133
12.7133
12.7133
12.7133
12.7133
-13.7119
-15.3284
-13.8
-11.6794
-10.9136
-10.5096
-10.2945
-11.629
-15.2367
-18.9831
-17.87
-14.8574
-13.9349
-16.0402
-20.2005
-22.1874
-21.2187
-20.7801
-21.3656
-21.7121
-21.5245
-22.0684
-23.4085
-23.7371
-23.0659
-23.9059
-27.5037
-31.8944
-32.6512
-30.978
-29.62
-27.5684
-24.454
-23.0516
-24.7529
-27.929
-27.291
-24.2999
-23.5477
-25.8878
-30.5176
-33.6553
-31.6227
-28.258
-27.0418
-28.8035
-27.918
12.3738
32.3799
45.9039
53.556
59.5393
64.6854
68.3701
69.8309
69.5218
68.7927
68.2878
67.5704
66.7536
65.6967
64.3199
62.6948
60.9655
58.3694
54.9004
52.0382
49.0574
45.0702
40.4821
38.2594
38.0815
36.381
32.54
29.4114
30.023
31.1143
29.3678
23.7445
16.3147
14.0893
14.3334
12.1721
7.68978
3.65856
0.343086
-4.64143
-11.329
-13.81
-12.778
-12.6873
-13.6318
-14.6203
-14.7095
-14.2644
-14.2533
-15.9165
-19.7077
-25.9262
-35.9965
-52.0151
-81.3624
12.7133
12.7133
12.7133
12.7133
12.7133
12.7133
12.7133
12.7133
12.7133
12.7133
12.7133
12.7133
12.7133
12.7133
12.7133
12.7133
-7.69452
-8.47746
-9.07047
-8.65318
-7.26766
-6.46815
-7.6594
-11.3958
-16.7317
-19.2183
-17.7604
-17.5583
-19.9495
-22.6615
-22.5187
-21.8676
-23.0746
-25.3533
-25.5786
-24.3049
-24.1392
-25.0387
-26.0796
-27.0224
-26.9586
-25.4777
-25.0328
-26.8518
-29.3544
-29.5658
-28.0811
-27.5142
-28.458
-30.7174
-33.2025
-32.5929
-28.6712
-25.4419
-24.1893
-24.6171
-26.1557
-28.4506
-30.6377
-31.1722
-30.2791
-29.1996
-22.409
21.6371
42.7572
56.0403
64.8607
72.8604
79.2371
83.1908
84.8782
85.0649
84.2426
82.5858
80.49
78.8109
78.8668
80.1781
80.3954
78.3864
74.4523
71.2847
71.1678
70.5152
66.7465
58.9766
48.7946
41.8895
37.645
31.5532
28.4557
31.9891
34.9562
34.5273
31.0463
25.6521
19.4905
13.9525
11.0086
7.6676
3.38601
-2.96103
-11.4977
-16.8328
-13.4622
-10.5946
-10.4081
-11.8786
-13.9672
-16.1969
-17.2089
-16.9717
-18.2357
-22.9817
-31.7615
-43.1811
-61.174
-94.9461
12.7133
12.7133
12.7133
12.7133
12.7133
12.7133
12.7133
12.7133
12.7133
12.7133
12.7133
12.7133
12.7133
12.7133
12.7133
12.7133
2.71589
1.75146
0.731044
1.09377
1.3313
-0.956706
-7.02992
-16.962
-25.6019
-24.5913
-20.1823
-18.1403
-19.0249
-20.6381
-20.7168
-21.3809
-23.6216
-23.0105
-19.4889
-17.6776
-18.1309
-19.2548
-19.7945
-20.39
-21.4032
-21.5139
-20.1936
-19.4567
-20.8115
-24.1159
-26.4634
-25.8126
-25.6954
-28.0772
-32.4476
-34.8611
-32.7689
-30.0134
-28.4247
-27.7924
-28.2615
-30.2384
-32.79
-33.2188
-31.4773
-29.1319
-20.4907
13.9539
32.5998
47.3548
63.5638
79.2577
90.1087
96.6825
99.5251
99.2263
96.9188
94.78
94.476
94.6053
94.0404
92.8469
91.2805
88.8529
85.3929
83.04
82.3401
80.7855
76.6263
69.5523
60.6817
53.1573
46.1462
36.9587
31.9075
34.7649
37.4335
38.1566
36.759
33.0636
27.3704
21.0456
15.8461
10.4601
4.23094
-2.80053
-8.82728
-9.55846
-6.20347
-4.40366
-5.0657
-7.28114
-10.3176
-14.3111
-19.013
-19.0742
-17.0555
-17.8916
-23.1168
-33.8837
-51.6734
-84.6251
12.7133
12.7133
12.7133
12.7133
12.7133
12.7133
12.7133
12.7133
12.7133
12.7133
12.7133
12.7133
12.7133
12.7133
12.7133
12.7133
-9.42201
-9.26997
-7.14941
-4.55584
-3.34417
-3.96325
-5.81332
-8.41356
-12.2902
-16.2448
-17.5383
-18.0118
-19.7192
-21.6642
-22.271
-21.68
-20.1994
-19.2954
-20.216
-23.4291
-28.152
-31.8954
-33.1559
-32.3845
-30.2748
-28.1953
-26.2879
-24.8031
-25.0532
-27.6322
-31.2213
-33.0343
-33.4768
-34.3209
-35.2485
-35.061
-33.1124
-30.9974
-30.7336
-32.786
-36.5465
-40.6341
-43.6102
-43.0473
-41.688
-39.17
-30.5187
-4.76879
15.0261
36.7501
54.1687
71.0831
82.6575
90.0972
94.3269
96.9139
98.952
100.397
100.468
98.5883
94.9227
90.8226
88.4818
87.0314
84.811
82.9344
81.8346
79.4815
74.0411
64.8147
53.3569
42.9209
36.7728
39.2457
46.1329
49.9948
51.0048
50.5078
48.7535
44.4908
36.3186
25.6392
16.9595
9.98425
2.75037
-4.23616
-5.2091
-3.09946
-3.05533
-5.77048
-9.85349
-13.0962
-14.6409
-16.235
-17.9205
-18.7337
-18.6405
-19.5466
-23.5384
-32.4209
-49.0613
-77.28
12.7133
12.7133
12.7133
12.7133
12.7133
12.7133
12.7133
12.7133
12.7133
12.7133
12.7133
12.7133
12.7133
12.7133
12.7133
12.7133
-12.6548
-11.9035
-10.1821
-9.91363
-10.4394
-11.105
-11.7684
-12.0503
-12.2711
-12.8264
-13.4723
-14.668
-17.0262
-17.7199
-15.9425
-15.7485
-19.1371
-25.6062
-28.8332
-27.3533
-26.8123
-26.8347
-26.5644
-27.0138
-29.1988
-32.3399
-32.6024
-29.6384
-27.523
-27.6854
-28.6705
-29.1034
-29.8361
-30.6747
-30.6287
-30.8489
-33.209
-36.5516
-35.1004
-31.0249
-29.0364
-29.7607
-32.6968
-35.7656
-37.0428
-35.622
-29.0076
-10.6929
6.25451
31.8887
44.6351
59.7824
70.0185
76.7161
80.4679
81.6853
80.4802
77.1858
74.0752
73.8398
75.5429
76.1147
74.9667
73.125
71.5165
70.4544
69.6868
68.0805
64.1783
56.7815
45.1214
29.6863
22.0343
30.5477
38.5716
42.1197
42.0819
39.5748
36.0141
31.9763
26.5658
20.1265
12.9023
3.92945
-5.43242
-8.86338
-8.38894
-8.55736
-9.2234
-10.3303
-12.491
-14.8444
-15.3137
-15.6866
-18.2046
-22.0052
-25.2193
-28.5955
-34.1941
-43.3576
-59.1942
-78.1657
12.7133
12.7133
12.7133
12.7133
12.7133
12.7133
12.7133
12.7133
12.7133
12.7133
12.7133
12.7133
12.7133
12.7133
12.7133
12.7133
-16.0622
-17.2934
-16.8815
-16.0914
-14.4767
-13.1345
-13.7028
-16.2316
-19.3811
-21.5845
-20.4164
-17.3356
-15.6367
-15.5361
-16.0867
-16.7223
-17.5756
-18.7643
-20.9332
-24.7455
-27.7219
-27.027
-25.7478
-26.0221
-26.985
-26.3817
-25.3427
-25.7285
-27.1241
-28.6685
-29.3146
-28.4582
-26.6785
-25.2576
-25.082
-26.6879
-29.7596
-31.9974
-32.4885
-32.8671
-31.7622
-28.9536
-27.6485
-29.0289
-31.9879
-33.8233
-31.0512
-9.10265
9.36791
30.8066
45.857
59.3789
68.1959
73.7174
77.0436
79.1355
80.2456
80.455
79.654
77.8722
75.9948
74.7865
73.7802
72.0745
70.0014
67.9919
66.0151
63.3738
58.948
51.3575
39.5425
24.0017
17.0568
24.1412
30.7966
32.7493
29.9973
22.1822
10.6619
3.85829
-0.491366
-3.8759
-5.97251
-7.99089
-10.5372
-11.0839
-10.0443
-9.97027
-10.9293
-13.0196
-16.7076
-20.5059
-21.971
-23.3054
-26.2436
-28.7519
-29.0125
-30.3942
-35.6078
-46.3449
-64.0607
-84.4956
12.7133
12.7133
12.7133
12.7133
12.7133
12.7133
12.7133
12.7133
12.7133
12.7133
12.7133
12.7133
12.7133
12.7133
12.7133
12.7133
-14.2824
-12.592
-12.4652
-13.6221
-14.7803
-15.3641
-15.7867
-16.5067
-18.4951
-22.363
-25.7401
-24.1691
-21.5078
-20.8592
-21.8922
-22.5443
-21.9758
-22.1063
-24.4997
-29.819
-37.4757
-42.4467
-41.6681
-39.4773
-36.9962
-34.402
-33.5096
-35.5183
-39.1925
-38.9799
-35.5734
-33.1721
-32.5509
-33.6763
-35.6982
-37.1624
-37.5396
-37.3951
-36.8116
-36.2754
-35.3311
-33.9276
-33.5578
-35.2746
-38.0905
-38.3128
-30.1814
-6.74657
10.9961
24.5745
40.7842
56.7919
67.3871
73.9473
77.6913
79.4728
80.1531
80.0121
78.9813
77.2102
74.8495
71.8479
68.1083
64.4157
62.8637
62.8245
61.5706
57.948
51.6887
42.9986
32.7443
23.0168
16.6415
25.3755
32.8795
35.401
33.1091
25.6618
12.7835
0.510492
-5.71811
-10.6116
-12.4912
-11.2686
-10.5959
-11.7422
-14.1056
-16.5748
-17.864
-19.3621
-21.3208
-21.7728
-20.1527
-18.9224
-18.9386
-19.5218
-20.6178
-23.4
-29.6787
-41.4915
-59.2664
-100.141
12.7133
12.7133
12.7133
12.7133
12.7133
12.7133
12.7133
12.7133
12.7133
12.7133
12.7133
12.7133
12.7133
12.7133
12.7133
12.7133
-11.1244
-12.7414
-12.8324
-12.2896
-13.007
-15.7999
-20.6087
-25.1682
-26.8104
-27.1333
-28.0692
-28.1313
-27.4335
-27.6111
-28.194
-28.3268
-29.0696
-31.3573
-33.9009
-35.3996
-37.0335
-37.9402
-37.2897
-36.5711
-36.4857
-36.5887
-36.784
-36.6533
-35.4607
-33.2922
-31.4798
-30.3161
-29.555
-30.1349
-32.5586
-34.637
-33.169
-31.15
-30.9659
-31.1486
-30.2817
-30.0393
-32.0762
-36.0478
-39.7075
-41.1922
-35.4811
-7.15552
13.5927
29.4177
43.8237
54.6939
62.1364
66.5445
68.4668
68.4342
66.9698
64.5379
62.15
60.8957
60.8173
60.8255
59.6952
57.5819
55.5498
53.5905
50.1215
44.2009
36.935
30.1887
25.9258
20.4867
16.9518
22.308
28.5993
30.5307
27.9646
20.6086
9.50876
2.13108
-4.91797
-8.81465
-11.0694
-11.8705
-13.1583
-16.0339
-18.3174
-21.1686
-24.7575
-25.2193
-22.2219
-19.7394
-19.9724
-22.6504
-25.7204
-25.2204
-24.462
-26.7213
-33.2086
-45.183
-64.7182
-92.0879
12.7133
12.7133
12.7133
12.7133
12.7133
12.7133
12.7133
12.7133
12.7133
12.7133
12.7133
12.7133
12.7133
12.7133
12.7133
12.7133
-12.9701
-14.7316
-16.9103
-17.2942
-15.4869
-14.3639
-15.2893
-18.0463
-21.5341
-23.8993
-23.0104
-20.4674
-19.3829
-21.0187
-25.0529
-29.8016
-33.1014
-34.9292
-33.4648
-30.3752
-28.3734
-27.211
-26.3453
-26.3505
-27.793
-30.3668
-31.5283
-28.7225
-23.9565
-21.3913
-22.3972
-26.9212
-32.5466
-34.6658
-36.2983
-38.2855
-37.4146
-34.6878
-33.6991
-35.1852
-38.5542
-41.3696
-41.6086
-40.8492
-40.3712
-41.3155
-35.3079
-5.62824
12.76
27.5948
38.0756
49.3094
57.606
62.6003
64.5825
64.5755
63.7731
62.4802
60.9868
59.5231
58.1862
56.0517
53.3082
50.559
47.8171
44.4635
39.3706
33.3175
28.9486
27.0978
25.633
23.2132
21.5355
27.593
34.1763
36.4074
33.9985
26.8292
16.1599
8.71093
4.77914
3.52564
3.22169
0.359982
-6.14767
-14.262
-16.1576
-15.3803
-16.2167
-19.6517
-24.885
-30.0619
-34.6362
-39.972
-40.1773
-37.9807
-37.3852
-39.4165
-44.6587
-53.8203
-69.3839
-83.7573
12.7133
12.7133
12.7133
12.7133
12.7133
12.7133
12.7133
12.7133
12.7133
12.7133
12.7133
12.7133
12.7133
12.7133
12.7133
12.7133
-13.6883
-16.2013
-16.5177
-14.5907
-13.3657
-14.6131
-17.9584
-20.4387
-19.7897
-18.4547
-18.4696
-20.107
-22.8456
-26.0878
-29.7052
-32.4028
-33.3408
-33.4505
-33.4344
-33.5935
-32.0849
-27.0772
-22.5429
-20.6262
-21.2182
-23.4833
-26.1466
-27.4205
-26.6244
-26.2674
-27.9316
-30.6152
-31.773
-32.4749
-34.8867
-37.0057
-34.666
-31.878
-31.9215
-33.6948
-33.8954
-32.4519
-32.2046
-33.8823
-36.3849
-37.9703
-35.1211
-1.75992
15.9707
29.0387
37.787
47.432
55.4033
60.3499
62.5281
62.8122
62.2404
61.1471
59.418
57.0773
55.1758
53.9336
52.2389
50.9054
49.7653
47.5526
42.1707
34.4835
31.7307
31.9359
29.993
26.0849
22.6907
29.1071
36.5657
39.6632
38.2715
32.4624
23.2946
14.8125
9.21057
4.97601
2.21065
-1.96523
-8.15631
-14.9819
-18.5165
-18.7789
-19.4544
-18.8379
-15.6763
-12.6019
-11.803
-13.6931
-17.6848
-22.1028
-25.2868
-28.563
-34.1044
-43.8285
-59.1573
-83.0476
12.7133
12.7133
12.7133
12.7133
12.7133
12.7133
12.7133
12.7133
12.7133
12.7133
12.7133
12.7133
12.7133
12.7133
12.7133
12.7133
-10.2247
-11.1861
-13.8478
-16.866
-18.1261
-17.8238
-15.9138
-12.9956
-11.2908
-11.9742
-14.9004
-18.3901
-20.3537
-21.1747
-20.9344
-20.2503
-20.6649
-22.999
-25.428
-24.9003
-23.946
-24.5983
-25.4563
-25.2638
-25.3774
-27.0548
-29.3991
-30.1691
-30.508
-31.5937
-32.2616
-30.9223
-29.5827
-29.2992
-28.1245
-25.6818
-23.9236
-24.1211
-26.3193
-28.7798
-29.3953
-29.4469
-30.9346
-33.169
-33.4301
-32.559
-33.1278
-24.1469
-6.53384
11.0275
24.7786
38.8274
49.3669
56.1301
59.5643
61.0702
61.2023
59.759
56.963
55.123
56.1105
55.8715
53.2176
49.7186
47.854
45.9549
41.6457
34.7455
28.0144
21.778
17.8782
15.4253
13.4093
15.3926
19.3292
20.7117
18.497
13.1074
7.41289
6.39657
4.37723
1.57559
-2.35457
-6.23711
-9.2919
-10.4666
-10.2622
-9.8597
-10.4921
-12.7582
-15.9497
-19.0758
-22.1031
-24.8451
-26.8947
-28.5374
-30.6581
-33.918
-39.0042
-47.7248
-61.9523
-86.2363
12.7133
12.7133
12.7133
12.7133
12.7133
12.7133
12.7133
12.7133
12.7133
12.7133
12.7133
12.7133
12.7133
12.7133
12.7133
12.7133
-10.7973
-12.2236
-15.0265
-17.2385
-16.853
-14.8583
-13.0042
-12.7428
-14.5202
-17.5225
-19.6783
-20.2816
-21.274
-23.3336
-25.0648
-25.5602
-26.5549
-28.4507
-29.0024
-27.7462
-26.3851
-25.839
-26.0075
-26.7871
-28.0942
-29.3019
-28.4308
-25.8542
-24.4319
-25.3583
-27.6444
-29.3571
-30.9271
-33.1887
-33.7256
-30.845
-28.5608
-28.6492
-30.3074
-30.8464
-30.0494
-30.9723
-34.3998
-37.9818
-38.2914
-37.7686
-37.157
-28.4464
-12.87
-4.51472
17.9757
38.1893
52.033
60.5079
64.4025
64.7453
62.1368
57.8936
56.7875
60.6837
64.1269
64.4402
61.7609
57.7402
54.1357
50.1435
44.65
37.5341
30.3658
24.3983
19.9658
15.217
9.49982
6.18182
9.63933
12.2315
11.7658
8.30752
2.60187
-2.15449
-9.29307
-13.667
-17.5575
-20.4001
-18.5268
-17.0781
-16.3823
-15.5604
-13.2561
-11.6029
-12.5028
-16.06
-20.5466
-23.9665
-26.9961
-29.2821
-30.115
-32.3491
-38.3298
-49.25
-66.795
-86.9613
12.7133
12.7133
12.7133
12.7133
12.7133
12.7133
12.7133
12.7133
12.7133
12.7133
12.7133
12.7133
12.7133
12.7133
12.7133
12.7133
-16.9435
-16.9312
-18.6203
-21.0091
-21.6191
-20.3044
-19.9727
-21.5756
-24.1671
-25.3475
-23.1855
-20.3932
-19.8526
-21.6759
-23.8984
-24.0496
-23.5797
-23.8289
-25.4619
-28.2666
-31.3194
-33.5471
-33.636
-32.1875
-29.9353
-26.994
-24.4152
-23.3353
-24.0949
-26.1538
-27.9014
-28.3101
-28.4808
-29.2021
-29.7957
-30.5155
-31.6485
-32.2455
-32.0882
-31.7337
-32.0726
-34.0153
-37.864
-41.8331
-42.3355
-38.6846
-33.9246
-26.3562
-15.0974
-1.85428
14.8834
29.4678
42.2842
50.6343
55.2275
56.8278
56.2404
54.522
53.4936
54.6002
56.7691
58.8205
60.3661
61.0713
60.1534
56.7881
50.218
40.6517
31.8819
27.3504
23.9143
19.3872
12.7812
7.96574
10.251
14.4027
16.42
15.3606
11.1521
4.63736
-2.52396
-6.41038
-9.06051
-12.3788
-14.4195
-17.0796
-21.6023
-26.4071
-25.1256
-20.9588
-18.2143
-17.416
-17.6739
-17.6065
-17.6472
-19.2683
-23.6266
-30.6291
-39.0502
-49.6514
-65.4843
-86.7741
12.7133
12.7133
12.7133
12.7133
12.7133
12.7133
12.7133
12.7133
12.7133
12.7133
12.7133
12.7133
12.7133
12.7133
12.7133
12.7133
-13.0935
-13.6275
-14.3327
-16.3228
-18.5037
-18.5488
-17.6089
-18.2644
-21.0247
-23.2245
-22.8226
-22.8174
-24.5053
-26.5794
-25.7052
-23.4665
-22.9648
-24.2756
-24.5801
-22.8968
-22.4319
-24.1596
-26.61
-28.052
-29.4655
-31.0802
-31.8784
-33.0282
-35.8705
-37.2146
-34.0627
-30.9038
-29.4522
-29.4396
-30.3905
-31.4821
-31.8392
-31.699
-31.3744
-30.703
-30.6304
-32.4689
-35.735
-37.8711
-37.9079
-36.4889
-30.6874
-21.8873
-10.9319
0.511592
12.6541
25.3798
36.6478
44.3146
48.7634
51.3488
52.7489
53.6378
54.4606
55.6034
56.8605
57.9649
59.0019
59.8031
59.7257
58.0231
54.3736
48.5806
40.5465
30.1405
19.1419
9.12005
4.45123
5.43957
14.7048
21.7775
24.3476
22.4955
16.3485
8.70707
5.593
3.88952
-0.00574226
-4.16843
-6.32333
-9.14866
-14.1534
-18.8363
-19.2974
-18.9855
-20.1852
-22.319
-22.3599
-19.749
-17.8926
-18.6679
-22.2313
-27.978
-35.8537
-47.4196
-64.6882
-88.5501
12.7133
12.7133
12.7133
12.7133
12.7133
12.7133
12.7133
12.7133
12.7133
12.7133
12.7133
12.7133
12.7133
12.7133
12.7133
12.7133
-15.6839
-18.4327
-21.2701
-24.4376
-26.417
-24.0295
-18.3423
-14.4232
-14.1779
-17.5971
-22.9806
-25.012
-24.1023
-23.5586
-23.9154
-24.6285
-24.8871
-25.1929
-26.5762
-29.1164
-31.1581
-30.2476
-27.0938
-24.9631
-25.685
-29.667
-34.3878
-35.0516
-33.4323
-30.7991
-28.5079
-28.1077
-29.3351
-30.7605
-32.2219
-33.9938
-35.1266
-35.7028
-36.1799
-34.1068
-31.4781
-31.5152
-35.1487
-40.7558
-42.4116
-39.4646
-33.238
-23.2539
-13.0975
-3.21508
10.3596
20.1979
31.1324
39.523
44.8948
49.192
51.9464
53.1495
53.1384
52.4387
52.2403
52.105
51.2111
49.6971
47.6347
44.7767
40.4948
35.1358
28.7812
20.5151
10.3265
0.51188
-5.45373
-1.61089
7.26747
11.9591
12.7259
9.5679
2.23502
-3.93751
-8.92749
-11.2357
-14.3095
-16.5361
-15.6745
-15.4178
-17.4745
-19.6096
-19.4
-18.7228
-19.3838
-21.2857
-23.1702
-23.2471
-22.9322
-24.7388
-28.6689
-33.1408
-37.7981
-46.2807
-61.13
-89.6201
12.7133
12.7133
12.7133
12.7133
12.7133
12.7133
12.7133
12.7133
12.7133
12.7133
12.7133
12.7133
12.7133
12.7133
12.7133
12.7133
-10.8253
-12.9652
-15.3984
-17.8837
-20.7113
-19.7059
-11.782
-6.14249
-4.80196
-7.56016
-13.6346
-19.0419
-20.6657
-21.2967
-22.1149
-22.3778
-22.4062
-23.9008
-27.6582
-32.8129
-33.5991
-29.4039
-25.5278
-23.7757
-24.562
-27.4975
-30.0084
-29.3997
-28.3868
-28.93
-30.6136
-32.4413
-33.9145
-34.8837
-35.4871
-36.7449
-38.8247
-38.3999
-34.6086
-32.0394
-32.0771
-33.4399
-33.8795
-33.2068
-32.7809
-32.9727
-32.1366
-29.0223
-18.4539
-14.1614
6.22768
15.5277
27.278
35.7727
41.7921
45.782
48.2122
49.7795
50.7613
51.0832
50.4284
48.861
46.6651
44.4169
41.2934
36.313
28.6447
17.9024
6.51558
1.38572
-2.05091
-4.74188
-13.6925
-13.0671
-9.90157
-9.65733
-8.33235
-9.20855
-11.3484
-9.73725
-11.2376
-10.4668
-8.95188
-8.18772
-9.36314
-13.0615
-16.335
-15.6172
-14.9648
-17.3809
-21.489
-22.8994
-21.2326
-20.8288
-23.1699
-28.2428
-34.7159
-40.6637
-47.3997
-56.943
-71.1386
-88.1818
12.7133
12.7133
12.7133
12.7133
12.7133
12.7133
12.7133
12.7133
12.7133
12.7133
12.7133
12.7133
12.7133
12.7133
12.7133
12.7133
-16.2606
-17.8424
-18.819
-21.2181
-25.0515
-24.5393
-17.5734
-12.3301
-10.5691
-11.8873
-15.6156
-20.91
-26.9952
-30.3246
-29.1719
-29.2139
-31.8757
-35.2202
-36.6539
-35.1141
-31.3495
-28.2077
-26.3625
-24.9167
-24.4927
-26.3117
-29.4902
-30.1065
-29.2565
-30.3905
-33.8849
-37.2094
-35.8395
-31.053
-27.7352
-27.5085
-30.4361
-34.6094
-36.3464
-35.8299
-35.2643
-35.1418
-35.8927
-37.9235
-40.4118
-39.5522
-33.3758
-26.1407
-16.3762
-13.638
4.39588
4.7373
15.9422
25.4125
30.2105
33.8525
36.4289
38.4846
41.0739
42.463
43.538
43.3266
41.3536
38.2387
34.9635
31.7122
27.3444
19.7917
11.1837
2.59752
-5.70066
-6.71525
-23.5412
-22.2231
-13.699
-12.1297
-10.3219
-11.3741
-15.891
-13.2322
-14.1033
-11.5748
-10.2093
-10.5726
-12.5102
-16.4017
-20.3386
-21.5037
-21.4872
-22.2909
-22.8452
-23.7627
-25.987
-29.6822
-33.1401
-34.493
-35.1539
-37.2694
-42.1176
-50.9275
-65.6487
-89.3988
12.7133
12.7133
12.7133
12.7133
12.7133
12.7133
12.7133
12.7133
12.7133
12.7133
12.7133
12.7133
12.7133
12.7133
12.7133
12.7133
-16.7169
-18.655
-19.7092
-20.2501
-21.7078
-23.485
-22.9828
-20.2225
-18.6695
-20.158
-24.54
-29.2218
-30.876
-31.5581
-33.1767
-34.0277
-30.4347
-27.1772
-27.359
-30.4834
-32.1541
-29.697
-27.724
-27.736
-28.9937
-30.007
-30.3602
-30.9389
-32.4365
-34.8742
-37.0027
-35.492
-31.8886
-29.8936
-29.9044
-31.1429
-32.6852
-33.9433
-34.3352
-34.3345
-34.1696
-34.194
-35.0856
-36.6346
-37.1227
-35.6124
-31.9646
-25.6182
-15.4145
-13.1568
2.96348
-8.82735
3.36565
17.5103
21.4621
24.8018
26.4409
28.182
30.5742
30.4526
30.912
32.4732
34.4061
36.6031
38.0345
37.9291
35.818
30.9493
23.9536
15.1355
2.3881
-7.04939
-17.9312
-16.8476
-10.484
-9.82678
-10.4242
-13.7419
-22.3437
-13.6338
-13.9665
-13.1724
-15.0633
-19.1528
-23.0326
-25.712
-25.026
-25.118
-26.0073
-26.8511
-26.9565
-28.4013
-30.5182
-30.8069
-27.3953
-24.6429
-24.606
-27.7311
-34.0928
-44.1327
-60.0518
-84.6216
12.7133
12.7133
12.7133
12.7133
12.7133
12.7133
12.7133
12.7133
12.7133
12.7133
12.7133
12.7133
12.7133
12.7133
12.7133
12.7133
-21.7676
-22.7416
-22.846
-23.6299
-25.3575
-26.7735
-25.5457
-22.6134
-20.9862
-21.9025
-24.5099
-26.1182
-25.8227
-25.6531
-27.1514
-29.8141
-30.8632
-30.1081
-30.411
-32.1587
-32.2016
-29.8854
-28.2105
-27.8906
-28.2504
-28.8762
-30.194
-32.3154
-34.4013
-36.1252
-37.0867
-36.0565
-33.5405
-31.1342
-29.5953
-29.2178
-29.8125
-30.3287
-30.0816
-29.4343
-29.5723
-31.4312
-34.8393
-37.6773
-38.2605
-37.8574
-36.2744
-32.0833
-18.778
-16.414
2.20842
-16.1921
-11.6142
7.89234
6.97801
10.0357
13.8169
17.6603
21.8052
22.0229
25.3933
29.9369
31.6234
33.7507
35.4182
36.2943
35.6097
32.9855
28.2097
20.7083
7.81619
-8.22345
-18.7718
-18.1056
-12.3619
-12.9633
-12.2931
-14.4055
-19.3534
-12.4687
-11.5652
-11.2936
-14.1525
-19.0365
-22.8688
-25.5301
-27.7577
-30.2566
-30.3948
-28.7517
-28.9462
-31.0926
-31.0797
-27.9116
-25.2531
-25.1693
-26.8991
-29.5681
-33.8515
-42.1561
-56.898
-74.2227
12.7133
12.7133
12.7133
12.7133
12.7133
12.7133
12.7133
12.7133
12.7133
12.7133
12.7133
12.7133
12.7133
12.7133
12.7133
12.7133
-22.0213
-22.9019
-22.7857
-22.1419
-22.4053
-22.17
-18.5883
-15.2819
-14.9744
-17.4556
-20.4448
-21.9202
-23.3875
-24.8929
-25.5994
-26.9375
-29.8746
-32.7465
-32.2423
-30.4026
-29.6183
-30.7287
-32.0952
-31.0192
-29.4117
-29.5057
-31.1794
-33.081
-34.0379
-34.3308
-34.8121
-35.0534
-34.2495
-33.5554
-33.9348
-34.7723
-34.9067
-34.3317
-33.706
-33.1276
-32.9675
-33.9415
-36.0472
-38.4382
-38.9352
-36.8351
-33.7401
-30.8862
-17.7113
-12.2599
2.99095
-6.77404
-7.42399
6.66816
-2.10575
-4.63536
2.15559
10.7553
15.7852
10.4429
10.6609
16.8705
14.4256
15.8373
16.3922
17.0431
16.6228
12.29
7.89719
5.10351
-1.90403
-4.06101
-9.3027
-6.47731
-1.06363
2.5273
5.56234
6.73279
5.62287
3.85491
2.93095
4.45845
5.90643
5.72815
4.12916
2.3155
1.31365
0.142024
-2.24919
-5.43362
-7.98439
-9.84839
-11.1373
-10.8854
-9.15834
-7.83475
-8.44686
-11.8741
-18.8973
-30.4632
-47.9405
-68.9612
12.7133
12.7133
12.7133
12.7133
12.7133
12.7133
12.7133
12.7133
12.7133
12.7133
12.7133
12.7133
12.7133
12.7133
12.7133
12.7133
-14.6692
-15.3549
-16.9531
-18.3815
-19.1455
-17.4317
-13.0556
-9.48151
-8.46843
-10.1163
-13.9993
-19.2156
-23.2463
-24.227
-24.2332
-25.2971
-27.6554
-30.3531
-32.0794
-32.6801
-33.6318
-35.1153
-36.026
-34.3327
-31.0932
-28.549
-27.5481
-28.0666
-29.5853
-31.1446
-32.1138
-32.5261
-32.2325
-31.7817
-32.3828
-34.0209
-35.2034
-35.1435
-34.9
-34.9975
-35.0901
-35.5382
-37.0922
-39.7959
-41.2257
-39.0724
-35.6936
-29.4853
-15.2633
-6.91308
5.82887
1.60349
0.84465
8.61281
0.0615524
-1.94959
3.42842
10.936
15.8074
8.37748
6.56899
13.236
6.62236
8.43217
11.1818
14.7923
15.4992
11.6796
8.12793
5.29168
1.33118
-0.92275
-5.16864
-2.55411
1.75117
5.45815
8.50804
9.83799
9.17466
7.53788
6.11405
7.62755
9.47459
9.72727
8.36447
6.72656
5.89289
5.17212
3.73533
1.8949
0.369936
-1.01671
-2.15863
-1.94671
-1.00581
-1.11277
-3.36261
-8.15388
-15.8485
-27.3763
-44.3449
-69.2373
12.7133
12.7133
12.7133
12.7133
12.7133
12.7133
12.7133
12.7133
12.7133
12.7133
12.7133
12.7133
12.7133
12.7133
12.7133
12.7133
-18.526
-19.5034
-19.5308
-19.3074
-20.0487
-19.8137
-17.0736
-14.5532
-13.8854
-14.8995
-16.8829
-18.9087
-21.0437
-23.8111
-26.9735
-28.7853
-29.4201
-30.6086
-31.7376
-32.0483
-32.1938
-32.4178
-31.9822
-30.2235
-28.318
-27.9033
-29.7235
-33.0775
-34.6292
-33.0157
-31.3038
-31.2484
-32.773
-34.3608
-33.9116
-32.4826
-31.9741
-33.0261
-35.231
-37.3315
-37.8695
-37.2881
-36.5888
-35.9679
-36.1958
-38.0303
-39.87
-37.3543
-21.1925
-20.8031
1.02809
-15.0464
-12.2971
6.54121
-5.37788
-11.6793
-6.65335
4.81205
11.6815
-17.3567
-17.7457
10.3696
-3.05388
-10.8602
-17.0953
0.596645
3.23358
-14.1698
-13.0306
-4.10913
-8.16537
-10.1484
-21.2165
-20.9331
-15.5381
-16.5315
-15.3968
-17.4296
-20.2163
-14.0786
-16.088
-16.0327
-16.7339
-17.3865
-18.1216
-20.3607
-23.5605
-25.5853
-24.9719
-23.552
-23.3998
-25.6927
-29.8243
-31.7307
-30.1919
-27.7337
-26.6505
-28.0362
-32.6446
-41.6417
-55.9445
-76.8658
12.7133
12.7133
12.7133
12.7133
12.7133
12.7133
12.7133
12.7133
12.7133
12.7133
12.7133
12.7133
12.7133
12.7133
12.7133
12.7133
-14.4018
-16.9863
-17.1834
-17.8795
-20.0843
-21.2614
-19.9719
-17.6778
-14.6444
-12.5524
-12.9805
-16.2375
-20.9902
-24.3594
-25.7058
-26.0457
-26.6049
-28.0096
-29.6469
-30.3545
-29.7584
-28.7756
-28.4607
-28.5901
-28.7701
-29.5276
-31.1542
-32.1094
-31.6244
-30.1858
-28.5417
-27.8855
-29.4516
-32.9447
-34.5706
-32.7147
-31.6133
-32.7827
-35.333
-37.5672
-38.2605
-37.1997
-36.2579
-37.3861
-40.6549
-42.9319
-38.8158
-32.0002
-19.5209
-17.4902
0.754588
-13.3865
-10.0033
6.42715
-5.13899
-12.463
-6.54928
4.86917
12.3595
-1.0564
-1.19946
11.5252
1.59722
1.02042
3.57567
8.95783
9.95549
2.61817
-2.33864
-2.19508
-6.89391
-9.80868
-18.0033
-11.6888
-3.87162
-1.52387
-2.56111
-7.70548
-13.9766
-6.90577
-3.97398
-3.10716
-5.75593
-10.9947
-16.0457
-20.0676
-22.7127
-24.6993
-24.6875
-23.9396
-23.8893
-25.6728
-28.5921
-29.457
-27.4772
-25.4741
-25.6124
-28.9646
-36.789
-50.6939
-67.6732
-95.5791
12.7133
12.7133
12.7133
12.7133
12.7133
12.7133
12.7133
12.7133
12.7133
12.7133
12.7133
12.7133
12.7133
12.7133
12.7133
12.7133
-13.3338
-16.7289
-18.8136
-20.5493
-19.1858
-15.0069
-11.3773
-9.05046
-8.64852
-10.7362
-15.1662
-19.6673
-21.3582
-22.008
-23.6635
-26.6113
-29.8345
-32.3575
-34.2821
-33.9551
-32.1227
-30.9165
-29.5688
-27.6289
-26.3014
-26.3253
-27.5475
-29.5524
-31.6188
-32.6081
-32.2993
-31.7605
-32.2843
-33.5274
-34.1448
-34.1442
-34.4995
-34.659
-34.2843
-34.4268
-35.5209
-36.8709
-37.3862
-37.1982
-37.3754
-38.1771
-35.6637
-28.7451
-16.9743
-13.3383
1.77288
-5.08263
-1.97063
7.7571
0.52734
-0.287087
2.86835
9.57851
15.0063
9.40926
11.5998
17.4497
15.5239
16.4181
15.8813
15.6958
14.5746
9.52301
4.18302
0.63462
-8.20765
-10.7212
-16.8579
-10.8565
-4.26145
-2.58725
-3.92125
-8.55033
-13.1561
-5.68925
-2.59183
-2.02035
-4.87904
-10.036
-15.2435
-19.8779
-22.5325
-23.7266
-24.5536
-26.3407
-28.247
-30.0842
-31.4671
-31.3477
-29.2898
-27.6251
-28.3688
-32.4706
-40.6994
-54.0114
-71.8706
-95.4047
12.7133
12.7133
12.7133
12.7133
12.7133
12.7133
12.7133
12.7133
12.7133
12.7133
12.7133
12.7133
12.7133
12.7133
12.7133
12.7133
-12.221
-14.5107
-15.0279
-15.4551
-17.1185
-19.451
-18.0452
-14.1735
-12.5215
-14.2001
-18.5623
-22.9132
-25.2263
-26.7976
-28.4759
-30.527
-33.8164
-37.337
-37.6986
-35.7362
-33.9875
-32.5081
-30.8927
-29.1231
-27.7669
-27.2899
-28.026
-29.4733
-30.635
-30.8976
-30.4826
-29.6023
-29.0656
-29.5655
-30.847
-32.5145
-34.3876
-35.841
-36.011
-36.5129
-38.2535
-39.2502
-37.7969
-36.3819
-36.4715
-36.9281
-34.5372
-30.3275
-18.4679
-17.0765
0.705115
-8.93184
-4.59632
8.02891
0.461182
-0.0659601
3.5703
9.69675
16.0272
9.91087
11.5201
16.9416
15.45
16.5767
16.9485
17.7397
17.4585
13.7893
9.42759
3.98761
-6.12806
-6.96252
-13.2907
-11.2559
-7.60484
-7.3179
-7.71534
-8.38341
-8.65424
-7.00998
-10.4196
-13.371
-16.3196
-19.3203
-20.4014
-20.7806
-21.1949
-22.0684
-22.5827
-23.0895
-23.5263
-24.3296
-26.1723
-28.9676
-30.7817
-31.4512
-33.3867
-38.1838
-46.7743
-60.1018
-76.4637
-99.0611
12.7133
12.7133
12.7133
12.7133
12.7133
12.7133
12.7133
12.7133
12.7133
12.7133
12.7133
12.7133
12.7133
12.7133
12.7133
12.7133
-14.9266
-16.5743
-18.0136
-18.8672
-20.4033
-21.5501
-20.0435
-17.3542
-16.0145
-17.0633
-20.5155
-24.8007
-27.4648
-28.7257
-30.7565
-34.1068
-37.7675
-39.9038
-38.1119
-34.1684
-30.3737
-27.9855
-27.0331
-27.1829
-27.8799
-28.6695
-29.4133
-30.6519
-32.6999
-34.3075
-34.0823
-32.8875
-31.8984
-31.1608
-31.1495
-32.6529
-35.3054
-35.9174
-34.0888
-33.3027
-34.5284
-36.1609
-36.4807
-36.836
-37.9377
-36.4997
-31.9779
-28.3531
-17.9235
-16.0791
1.06801
-7.6708
-3.12282
8.03053
0.08935
-1.40077
3.74852
10.8254
15.5763
7.84832
8.43069
16.3685
15.5124
17.5518
18.5822
20.4747
22.186
21.0325
17.4922
10.7174
-1.25367
-7.13514
-14.49
-15.1723
-13.1976
-14.9509
-13.7356
-13.4308
-15.321
-12.4845
-15.3494
-14.1252
-13.491
-15.5475
-20.4402
-26.2917
-28.0161
-26.2916
-23.5083
-22.6435
-24.0325
-26.7496
-28.9246
-29.5069
-28.8083
-27.4269
-26.8746
-28.8396
-34.5752
-45.7006
-63.939
-101.989
12.7133
12.7133
12.7133
12.7133
12.7133
12.7133
12.7133
12.7133
12.7133
12.7133
12.7133
12.7133
12.7133
12.7133
12.7133
12.7133
-12.3069
-14.6868
-16.9676
-18.8586
-20.7564
-21.5966
-20.5762
-18.7642
-16.9274
-15.627
-15.7192
-17.644
-21.0477
-24.8404
-28.2517
-30.9886
-32.6321
-33.4526
-33.3699
-31.8364
-28.9859
-27.0191
-27.2956
-29.6012
-30.8704
-29.6243
-28.5476
-28.6163
-29.134
-28.8487
-27.8036
-27.2252
-27.7877
-29.1424
-31.1463
-34.4105
-37.4653
-36.4127
-33.841
-33.2715
-35.2467
-38.4519
-40.0115
-38.4609
-36.1689
-34.3908
-31.6347
-27.9608
-17.3834
-15.2254
1.23696
-3.09094
0.738414
9.51554
3.92562
6.15924
10.4382
14.7761
17.3872
10.4727
8.94269
15.2273
12.6062
14.5183
16.8484
20.3621
22.3292
20.7776
16.7437
10.1488
-0.0719854
-4.9891
-11.3946
-12.9141
-12.0816
-12.8599
-12.1735
-13.8629
-19.746
-16.8436
-19.9135
-18.0288
-16.8478
-17.952
-20.9926
-24.7794
-25.8531
-24.4847
-22.5987
-22.4555
-24.1107
-27.0048
-29.4546
-30.4576
-30.8959
-31.1054
-31.4804
-33.5159
-38.5526
-48.2826
-65.1059
-89.997
12.7133
12.7133
12.7133
12.7133
12.7133
12.7133
12.7133
12.7133
12.7133
12.7133
12.7133
12.7133
12.7133
12.7133
12.7133
12.7133
-13.2845
-17.9522
-20.3064
-19.9492
-20.0823
-22.0973
-25.1609
-26.1085
-23.9316
-21.4361
-20.3741
-21.0993
-22.9622
-25.0021
-27.1285
-29.7084
-31.0294
-31.3007
-32.2296
-32.696
-30.1799
-27.1521
-26.218
-27.2413
-28.8067
-29.833
-30.2186
-30.2722
-30.5842
-31.0879
-31.0947
-30.6614
-30.0183
-29.1919
-28.8085
-29.6651
-31.3562
-32.5244
-33.2951
-35.2408
-38.2506
-39.8259
-39.0383
-37.2587
-35.0777
-33.0471
-31.5025
-30.2791
-18.697
-13.9826
1.47692
-5.43155
-2.55545
8.50736
6.22068
9.85041
13.0246
16.0837
18.7031
12.9125
12.8528
18.0059
16.4153
16.6449
15.9724
16.3571
16.1168
12.9574
9.25642
4.58133
-4.2222
-7.07802
-13.9051
-14.8881
-12.9142
-14.1257
-12.6428
-13.416
-16.5222
-14.4038
-19.027
-21.1673
-23.3518
-24.7278
-24.4008
-24.8956
-26.2211
-27.5394
-26.4069
-23.4788
-21.7009
-22.321
-24.6948
-26.2547
-26.0393
-25.9081
-27.4104
-31.0867
-37.3864
-47.9959
-65.5174
-86.0123
12.7133
12.7133
12.7133
12.7133
12.7133
12.7133
12.7133
12.7133
12.7133
12.7133
12.7133
12.7133
12.7133
12.7133
12.7133
12.7133
-16.0223
-17.7334
-17.9375
-18.127
-19.3843
-20.8394
-21.5027
-20.9965
-19.8516
-19.5398
-20.7357
-22.5303
-23.4943
-23.6961
-24.1967
-25.1901
-26.0935
-27.0307
-28.3911
-29.1991
-27.333
-23.5985
-21.0571
-21.0946
-23.8245
-28.1002
-31.277
-32.6413
-33.9375
-35.7232
-36.9362
-37.1175
-36.196
-33.0578
-29.486
-28.0798
-29.4518
-32.6172
-35.2818
-36.9158
-37.7132
-35.8589
-32.7067
-31.3073
-32.0918
-33.9211
-34.8715
-33.565
-20.3109
-18.8315
-0.000511266
-10.6069
-4.03711
8.57297
3.52788
5.82603
8.97321
13.3208
18.2548
16.1011
19.6231
24.3114
24.6718
23.7492
20.4231
17.0104
14.6708
10.1537
6.0635
1.79699
-7.05818
-10.4972
-17.47
-14.7994
-10.4317
-10.9254
-11.5202
-13.9073
-17.0159
-12.9014
-14.3081
-14.5867
-16.3541
-19.2329
-21.4619
-23.6859
-24.384
-24.7272
-24.5252
-22.4279
-19.7768
-19.0824
-20.6504
-23.1006
-24.697
-25.7112
-26.9436
-29.5377
-35.1198
-45.5772
-63.1527
-85.8277
12.7133
12.7133
12.7133
12.7133
12.7133
12.7133
12.7133
12.7133
12.7133
12.7133
12.7133
12.7133
12.7133
12.7133
12.7133
12.7133
-17.7231
-14.1929
-12.0544
-12.4921
-14.5689
-16.8797
-19.6451
-22.8755
-22.4451
-19.3232
-17.8657
-19.0503
-22.5706
-26.3799
-26.6899
-24.8679
-23.9471
-24.7918
-26.5699
-27.6338
-27.2075
-26.0373
-25.5406
-26.2398
-27.641
-28.7686
-29.2543
-29.3127
-29.1259
-29.4133
-30.1502
-30.7196
-31.4273
-32.6457
-33.1273
-31.8387
-30.761
-31.3173
-33.2525
-35.0781
-36.1683
-37.0375
-37.9239
-38.9966
-40.02
-39.7543
-35.8374
-30.7226
-18.0971
-17.5764
-0.0992713
-8.62907
-2.32647
8.51771
4.04556
6.97525
12.2075
17.3177
21.016
19.746
21.0059
23.1213
20.9306
18.3069
15.4477
14.5354
13.5888
7.91154
3.01372
-0.0197439
-9.63368
-11.21
-21.3214
-17.3872
-10.6203
-10.1941
-11.0031
-14.4924
-20.8324
-16.3838
-18.1316
-16.9832
-17.3681
-18.9177
-20.0193
-21.1665
-21.5619
-21.8713
-22.3036
-23.4132
-24.1731
-24.3109
-24.0603
-23.7403
-23.6537
-24.4103
-26.4167
-30.1912
-36.2615
-46.3189
-62.5778
-91.0879
12.7133
12.7133
12.7133
12.7133
12.7133
12.7133
12.7133
12.7133
12.7133
12.7133
12.7133
12.7133
12.7133
12.7133
12.7133
12.7133
-20.4335
-19.4224
-19.3227
-20.4067
-22.148
-23.5028
-23.7899
-23.6861
-24.0442
-25.4246
-26.4644
-25.1592
-23.196
-22.8267
-24.4703
-27.0967
-28.9217
-29.895
-30.2815
-29.6397
-28.2707
-26.7824
-25.83
-25.9253
-27.2214
-29.0353
-30.2823
-30.4643
-29.9609
-29.5235
-29.2024
-29.0241
-29.6095
-31.3869
-33.7512
-34.7614
-33.8869
-33.0384
-33.5612
-34.9035
-35.4425
-35.1187
-35.2471
-36.1105
-36.7716
-36.4376
-34.2848
-30.2716
-18.5959
-16.0812
0.50212
-6.0661
-0.806983
9.23036
3.3651
4.16739
7.71689
12.9375
17.6962
15.3859
16.4298
19.2321
15.5067
12.98
10.7842
12.1929
12.0665
5.98612
0.741832
-1.05677
-7.36429
-8.55761
-19.2502
-18.7592
-12.8964
-12.3974
-11.6729
-13.3591
-18.7967
-16.805
-21.4938
-19.7061
-18.3146
-18.0638
-18.5198
-20.1176
-22.4206
-25.1912
-27.4991
-27.9813
-26.2137
-24.5935
-24.6479
-26.279
-27.0796
-26.7027
-27.7023
-31.6403
-39.1403
-50.8896
-66.7704
-90.9356
12.7133
12.7133
12.7133
12.7133
12.7133
12.7133
12.7133
12.7133
12.7133
12.7133
12.7133
12.7133
12.7133
12.7133
12.7133
12.7133
-15.8589
-17.1039
-17.9318
-17.965
-17.6506
-17.999
-19.9397
-23.1143
-26.2922
-29.1759
-30.1626
-28.2339
-26.0329
-25.4772
-26.8542
-28.7941
-28.5066
-26.4615
-24.9156
-24.53
-24.555
-24.6037
-25.3735
-27.3148
-29.1747
-28.9371
-28.081
-28.0149
-28.099
-26.9758
-25.4326
-25.1734
-26.7019
-29.7399
-33.0177
-35.0119
-35.5202
-35.8102
-37.2011
-39.0607
-37.9141
-34.1684
-32.3954
-33.6999
-37.2258
-40.1988
-38.3034
-32.9603
-18.9505
-16.7215
0.592076
-3.5254
1.41168
10.1904
5.46553
5.88572
7.86476
11.929
16.3025
11.1346
11.6618
15.7573
10.5635
9.05371
8.39651
10.5235
10.7291
4.68264
-0.0376241
-1.02621
-8.38512
-10.0655
-18.2297
-20.103
-16.8043
-18.1957
-15.7751
-15.9435
-20.7549
-17.7237
-25.1214
-25.1947
-22.9654
-20.2887
-18.9011
-19.8939
-21.5301
-22.5064
-23.2048
-24.8908
-26.0309
-25.9845
-25.9735
-27.0951
-28.224
-28.4068
-29.2701
-32.5244
-39.2505
-50.5654
-65.5804
-88.1259
12.7133
12.7133
12.7133
12.7133
12.7133
12.7133
12.7133
12.7133
12.7133
12.7133
12.7133
12.7133
12.7133
12.7133
12.7133
12.7133
-20.0303
-20.375
-19.1674
-18.4145
-18.696
-19.8403
-22.1282
-25.3032
-27.7782
-27.3748
-24.6844
-22.9985
-23.6888
-26.3348
-29.2167
-30.4757
-29.8782
-27.4582
-25.0423
-24.4094
-25.8685
-28.3763
-29.6416
-28.7893
-27.4971
-27.1634
-28.3797
-30.5895
-32.6543
-33.6353
-33.3046
-32.9387
-33.561
-35.2357
-36.7483
-37.7091
-38.1301
-37.6795
-37.1984
-37.8719
-38.7861
-37.7645
-35.2227
-33.0805
-32.5225
-33.7601
-34.3954
-33.0405
-21.5535
-25.2752
-1.32189
-6.07639
2.31036
11.4305
9.03536
9.71596
11.5463
15.4087
19.2103
16.2205
16.9205
19.157
15.7173
13.7847
11.8243
11.9506
11.3173
4.8771
-0.657295
-2.87195
-11.2289
-10.3943
-17.9106
-16.9978
-11.1797
-9.26654
-8.06226
-10.0888
-15.3547
-15.4354
-20.2567
-21.0515
-20.9497
-21.5341
-22.9626
-24.8947
-24.2338
-23.7435
-24.9319
-27.4701
-29.5481
-30.7571
-31.414
-31.2278
-30.1296
-28.4296
-27.7383
-29.7126
-35.6286
-46.9777
-65.5436
-93.9356
12.7133
12.7133
12.7133
12.7133
12.7133
12.7133
12.7133
12.7133
12.7133
12.7133
12.7133
12.7133
12.7133
12.7133
12.7133
12.7133
-24.1596
-26.7711
-26.9573
-25.9724
-25.7166
-26.4002
-27.4858
-28.49
-28.9509
-27.4772
-24.3092
-22.2107
-22.7514
-25.79
-29.2611
-30.6741
-31.7043
-33.114
-32.0252
-28.9156
-27.7491
-29.6007
-33.1322
-35.1856
-35.7866
-36.5199
-37.33
-38.4209
-39.6619
-39.2591
-37.5036
-36.7903
-37.9093
-39.6112
-38.4906
-35.2684
-33.5919
-34.5189
-37.4399
-40.6181
-43.1486
-45.385
-44.881
-40.1167
-35.5254
-33.8272
-34.1709
-36.1992
-22.4651
-25.27
-1.42793
-15.9921
-10.0727
5.69356
-5.77539
-6.06309
-2.35047
6.05997
13.1572
3.56764
4.52421
12.09
1.64697
-2.63637
-5.12505
2.94949
4.8716
-6.32036
-8.37753
-4.89635
-13.4001
-11.8001
-19.7742
-19.5982
-15.4515
-15.5882
-13.717
-14.3869
-19.8077
-16.1962
-19.5856
-20.2839
-23.3454
-28.4366
-31.0856
-31.8097
-30.9181
-30.1792
-29.0203
-28.1475
-27.5827
-27.316
-26.5774
-26.4381
-27.4934
-29.2433
-31.4859
-35.2407
-42.4736
-54.9558
-75.3855
-110.76
12.7133
12.7133
12.7133
12.7133
12.7133
12.7133
12.7133
12.7133
12.7133
12.7133
12.7133
12.7133
12.7133
12.7133
12.7133
12.7133
-26.5384
-27.5374
-29.8461
-32.9769
-35.1083
-34.8473
-33.4364
-32.1299
-31.7487
-32.5387
-33.0385
-31.6957
-29.6096
-28.5871
-28.7086
-29.4379
-31.0139
-33.4732
-34.9662
-34.3582
-34.0246
-34.994
-35.2132
-34.1251
-33.6311
-33.6556
-33.1289
-32.8901
-33.8889
-35.1912
-36.0815
-37.1413
-37.8345
-38.012
-38.8136
-40.0296
-40.4752
-40.5794
-41.3667
-41.4304
-40.023
-39.0186
-38.9944
-38.8161
-37.766
-37.3131
-37.7747
-38.853
-21.5142
-25.3679
-0.9604
-18.6357
-13.5857
5.56005
-8.75375
-8.3356
-4.78972
4.37248
11.795
-11.8206
-12.4405
9.17925
-5.75851
-9.69007
-11.1407
1.90165
4.36632
-8.99524
-9.79218
-4.68168
-14.0221
-13.0998
-27.3174
-28.7879
-20.3059
-21.5799
-17.5338
-17.4303
-24.2616
-17.6089
-21.2579
-21.9423
-25.3588
-29.6639
-30.7551
-32.9685
-34.5607
-35.4134
-35.0618
-34.4912
-34.2139
-34.3641
-34.2548
-33.0887
-31.3248
-30.2335
-31.3541
-35.7177
-44.0722
-56.7697
-76.1219
-120.304
12.7133
12.7133
12.7133
12.7133
12.7133
12.7133
12.7133
12.7133
12.7133
12.7133
12.7133
12.7133
12.7133
12.7133
12.7133
12.7133
-31.8188
-34.2444
-35.7613
-36.5025
-37.9487
-39.9421
-40.0258
-37.9341
-36.9874
-38.2961
-40.2617
-39.1743
-36.4126
-34.7866
-34.7995
-35.8898
-37.3278
-38.4182
-38.6329
-38.9214
-39.9462
-41.4762
-42.3611
-41.103
-38.3963
-36.8972
-37.6365
-39.4699
-39.3313
-37.352
-36.3985
-37.3474
-38.8912
-39.1756
-38.6689
-38.667
-39.3885
-40.8542
-43.1243
-43.7561
-41.4412
-39.7378
-40.5643
-42.8483
-43.5975
-42.5819
-40.3792
-38.5591
-21.7358
-26.9236
-1.51264
-31.2907
-24.6413
4.50225
-19.0839
-19.9293
-10.1017
2.79688
11.2429
-18.5491
-16.8086
9.04086
-5.72058
-10.6065
-12.8559
1.39538
4.05163
-9.71306
-11.3653
-6.04515
-15.3734
-14.2342
-29.6939
-29.271
-20.902
-26.7165
-22.7374
-22.8842
-34.1266
-20.2562
-24.8812
-25.3043
-28.5298
-33.5202
-35.0791
-38.113
-38.4642
-36.5528
-33.8687
-33.0576
-34.442
-37.2116
-38.0807
-36.7449
-36.7858
-38.8535
-42.0008
-45.8524
-52.0669
-62.8964
-80.3841
-107.357
12.7133
12.7133
12.7133
12.7133
12.7133
12.7133
12.7133
12.7133
12.7133
12.7133
12.7133
12.7133
12.7133
12.7133
12.7133
12.7133
-40.2363
-40.8796
-39.5225
-38.8837
-39.4479
-39.4189
-38.5338
-38.4953
-39.9357
-41.5891
-42.4228
-43.0556
-43.4148
-42.1469
-39.7878
-37.6608
-36.5311
-36.7012
-38.1993
-40.5474
-42.8004
-43.9662
-43.0282
-41.1925
-40.6406
-41.3849
-42.2612
-43.1032
-44.6327
-45.7567
-45.6005
-45.0146
-44.6152
-44.7044
-45.2472
-45.2797
-44.5975
-44.3672
-45.2073
-46.0542
-45.4839
-44.6186
-44.9895
-46.0851
-45.6179
-43.4393
-40.5325
-40.0421
-22.6628
-30.1802
-1.73823
-39.4795
-29.2287
4.21559
-25.1896
-26.2233
-11.7752
2.12513
10.7741
-28.1924
-24.2132
8.53659
-8.37403
-16.3787
-22.2605
-0.220762
2.7226
-20.7845
-21.1785
-7.92265
-17.6071
-15.0688
-34.8701
-38.9516
-24.3941
-33.767
-25.097
-24.2798
-41.3401
-23.0957
-36.7265
-37.468
-38.4323
-41.8727
-39.7184
-41.9425
-42.6858
-43.5115
-42.4428
-41.9561
-42.6897
-44.1971
-44.1578
-42.3904
-41.802
-42.8938
-44.7993
-47.3713
-52.151
-61.2397
-75.7635
-101.859
12.7133
12.7133
12.7133
12.7133
12.7133
12.7133
12.7133
12.7133
12.7133
12.7133
12.7133
12.7133
12.7133
12.7133
12.7133
12.7133
-42.6155
-41.0185
-42.1043
-44.126
-45.3756
-44.7004
-43.647
-42.7129
-42.3891
-42.8283
-43.3355
-43.8516
-44.7145
-45.3167
-44.0737
-42.3697
-41.6588
-41.4556
-41.5316
-42.4589
-44.1519
-45.4361
-45.6935
-45.1705
-43.8727
-41.5765
-39.8368
-40.0162
-41.9137
-43.8379
-44.8517
-45.7783
-46.4743
-46.4923
-45.8602
-44.5249
-43.1626
-42.275
-42.0956
-42.3794
-42.7076
-42.9897
-43.0676
-42.3103
-41.0714
-40.6243
-39.8436
-39.5379
-22.43
-30.1578
-1.59431
-42.5347
-29.9142
4.36744
-26.8772
-28.7956
-12.177
2.34385
10.9803
-30.1981
-25.3812
8.74361
-8.59399
-16.6995
-23.5985
-0.152218
2.84679
-22.2128
-22.7517
-7.98377
-18.6544
-15.1873
-37.1241
-38.4598
-23.8438
-32.7132
-24.7874
-24.0603
-43.4755
-23.2988
-41.3379
-41.7601
-41.4051
-43.9462
-41.3151
-43.3012
-43.4488
-43.744
-42.3626
-41.8832
-42.8876
-44.6677
-46.2339
-46.0553
-44.7353
-43.0754
-42.6876
-44.8348
-50.1844
-59.9585
-75.761
-99.9696
12.7133
12.7133
12.7133
12.7133
12.7133
12.7133
12.7133
12.7133
12.7133
12.7133
12.7133
12.7133
12.7133
12.7133
12.7133
12.7133
-50.9811
-49.6491
-47.0391
-45.3972
-45.3912
-45.1536
-44.5824
-42.5271
-39.5916
-37.8569
-37.9439
-39.0677
-40.649
-43.0928
-45.4282
-45.5902
-44.7594
-44.801
-45.5168
-45.8388
-44.2416
-41.878
-41.2798
-43.3271
-46.8467
-47.8415
-46.442
-45.1973
-44.7005
-44.4897
-44.6028
-45.2499
-45.7942
-45.0065
-42.7621
-40.0344
-38.1269
-38.0383
-40.1108
-43.6508
-46.2246
-45.4539
-43.275
-42.3047
-42.8127
-43.9197
-43.5071
-44.9536
-22.6219
-31.1722
-1.44533
-46.7302
-29.8935
4.61803
-27.3096
-28.7154
-11.8977
2.58244
11.2063
-30.4212
-25.1597
8.98165
-8.41385
-16.4717
-23.7666
0.0819323
3.08349
-22.693
-23.3642
-7.82461
-18.3521
-15.0121
-38.8392
-44.683
-24.6968
-34.6422
-24.7497
-23.73
-40.3851
-23.1246
-42.6841
-45.0003
-43.6497
-45.0073
-40.3572
-41.8411
-41.9247
-42.6091
-41.6767
-40.9579
-40.8899
-42.1628
-43.5494
-43.6223
-42.7272
-42.3273
-43.9436
-48.2261
-55.3557
-66.3504
-81.4428
-107.459
12.7133
12.7133
12.7133
12.7133
12.7133
12.7133
12.7133
12.7133
12.7133
12.7133
12.7133
12.7133
12.7133
12.7133
12.7133
12.7133
