80
-0.280919
-3.92266
-13.2747
-9.95777
-5.74634
-10.1374
-19.7025
-8.22463
-1.41382
0.784166
1.56201
1.27094
-2.24624
-11.5448
-18.801
-15.7273
-11.3389
-7.28723
-3.88803
-2.76956
-7.07352
-21.5953
-25.2125
-11.8822
-4.37456
-0.492196
0.398628
0.834683
2.50407
3.57049
2.85098
0.33655
-3.20091
-4.95142
-1.55985
1.57061
2.23004
1.81466
0.827879
-2.08277
-4.19121
-2.4449
-1.28324
-2.17671
-3.86136
-2.01504
0.800489
0.729077
-2.25476
-7.78456
-18.0893
-13.5217
6.93953
25.2997
33.0196
36.8651
35.7683
32.7093
32.0604
36.9638
41.7419
44.7546
46.5096
48.8873
48.1714
38.2595
26.8038
17.8553
18.6571
23.9604
33.1413
33.226
31.4325
29.886
15.6814
18.2722
22.3823
18.2553
22.1315
4.92965
10.4982
24.0595
39.6933
48.4631
52.4436
51.8197
44.944
36.1732
18.6982
14.377
17.0649
21.9048
21.9549
20.8309
23.864
30.2195
34.3494
36.0337
36.7318
37.9099
38.5991
37.3925
33.7453
28.4988
21.5344
12.6558
5.77472
10.5232
14.7774
16.0322
15.0218
11.0714
4.40481
-0.286619
-2.24684
-4.35611
-3.51032
-0.844376
-6.02321
-8.22896
-4.10592
0.162629
1.00041
-1.64976
-6.19625
-8.13979
-5.84244
-0.330753
4.50671
5.80791
2.95811
-3.28147
-6.85915
-2.91212
-1.554
-3.82602
-6.46929
-7.29361
-7.2816
-10.8978
-18.6309
-22.9611
-20.5576
-16.4357
-11.1846
-8.25219
-9.58141
-15.3381
-24.3205
-18.9841
-9.34798
-4.54783
-4.89796
-10.2761
-20.425
-26.5097
-15.0796
-9.11786
-8.83177
-13.633
-17.1224
-11.8081
-4.75424
-2.98869
-6.70235
-15.7223
-26.4095
-26.9618
-24.4036
-12.9757
7.31478
20.2505
28.6231
30.323
30.6055
35.22
41.7987
46.2442
48.0752
50.028
52.7232
52.8651
50.0261
44.7477
34.5301
37.5079
41.32
41.7337
37.8287
37.2819
35.6758
27.8437
21.0602
19.3587
16.7282
18.9751
7.49929
26.3412
36.6373
48.3996
57.8307
62.7263
62.8499
58.3055
48.9451
32.9795
15.0114
17.4272
26.8765
32.6421
34.963
33.4069
30.0908
29.5811
30.4445
27.827
22.2987
22.9274
28.2277
30.5588
30.1359
26.6427
20.8156
15.1748
12.4068
8.52246
2.97078
0.807624
1.73284
2.218
4.52951
7.69416
8.86155
7.75054
3.83531
-2.52301
1.83699
3.61932
3.24485
-0.335365
-3.33299
-2.39651
-3.29722
-7.89448
-11.1567
-8.23705
-5.41548
-4.74364
-5.28755
-5.09066
-2.17827
0.0804909
-0.75918
-5.4334
-14.2517
-14.3411
-8.24333
-4.70332
-3.23867
-4.19123
-7.20943
-10.2491
-11.9832
-14.234
-14.8901
-11.1875
-8.24107
-7.11292
-6.72992
-7.06795
-7.47682
-6.40345
-5.17009
-5.29342
-5.35322
-4.09455
-3.57567
-5.80507
-8.86636
-6.28993
-1.91863
-0.550105
-2.52111
-5.58148
-5.25548
-2.83556
-1.63815
-1.36307
9.71142
24.8695
35.2129
41.6531
45.2539
46.3169
44.8628
42.7168
44.9386
52.635
56.3066
56.1485
54.5339
53.6668
56.9458
63.0768
68.8826
70.844
69.3303
64.5701
58.9139
55.659
55.0145
55.4954
58.4907
62.1295
65.6321
68.5714
71.5444
73.8741
74.6174
72.7602
67.5379
57.7625
41.2502
12.1403
-12.6232
13.226
20.5879
23.8573
27.0472
30.403
31.822
29.5855
24.7815
18.2745
13.0852
9.39305
2.38237
2.83716
8.03677
9.86872
7.98498
3.93228
2.52345
3.52293
3.47636
0.925508
-5.11234
-11.317
-5.0542
0.557039
1.92094
0.66424
0.444703
0.681423
2.04042
1.55155
-2.32639
-6.6456
-7.21421
-4.28165
-1.9509
-1.42921
-2.72805
-4.64889
-7.30153
-9.45613
-9.83344
-10.0466
-9.62765
-7.1667
-4.79239
-5.17249
-8.64699
-12.9837
-15.4303
-8.14026
-0.48681
3.66034
3.98379
0.767465
-6.04251
-14.7856
-14.6796
-7.03577
-1.18433
1.4859
0.820262
-1.10235
0.674653
4.06957
4.94964
2.99318
-1.43919
-6.87454
-9.92718
-6.72882
-3.62835
-2.85504
-4.60626
-5.20436
-1.79092
0.973333
0.701266
-2.26267
-4.06005
0.437258
5.72008
20.0016
31.8451
38.1045
39.6256
36.8906
29.3913
24.2563
50.2402
66.7198
76.7634
82.7967
85.6649
86.1649
85.3231
84.1801
82.2596
79.427
75.9479
73.0951
71.8958
72.3663
73.482
74.2254
74.2128
73.9126
73.3254
72.2971
70.314
66.8989
62.8115
59.6415
56.5756
50.7567
38.7315
18.8803
2.80804
9.94274
22.6089
30.6762
34.593
34.9599
31.5512
26.4405
22.2075
21.7387
18.9064
11.6737
8.49286
11.3105
12.4766
10.1064
6.46621
5.72161
8.838
9.86566
8.31361
4.00148
-3.2763
-9.35096
-9.78658
-4.03122
0.302605
1.96762
1.67351
-0.517609
-8.41065
-6.69117
-6.62119
-7.54049
-5.77381
-3.94372
-3.73721
-5.20508
-7.15371
-7.5845
-6.98142
-6.43656
-7.02708
-8.22443
-6.95753
-3.75996
-2.78088
-6.1022
-14.2936
-27.6009
-26.1896
-18.5948
-14.1153
-12.5373
-12.8735
-15.1744
-19.1086
-21.5353
-21.0923
-21.9035
-20.5821
-14.4395
-7.97124
-5.0894
-5.80237
-9.1075
-13.5571
-18.6257
-19.1668
-16.0768
-15.0195
-18.229
-19.1868
-13.1995
-7.90997
-6.92302
-10.1678
-15.6174
-14.7114
-8.9814
-6.12093
-5.7952
-1.87902
11.2124
18.7441
20.8028
18.202
12.4794
14.1187
21.4438
49.8591
67.8445
77.9496
82.536
82.5208
78.5536
71.9746
65.011
60.4848
53.8527
41.7444
32.7409
39.4224
45.1133
48.2645
50.3541
49.8507
45.3475
40.3174
38.3525
35.9309
33.7415
46.2456
52.9815
55.3887
52.9032
44.8997
29.2123
8.12562
4.56134
13.4496
19.8768
25.4297
28.3169
29.3735
31.0004
33.1006
32.3807
28.1133
23.458
19.534
12.9808
6.32657
2.21435
2.6622
6.21469
6.54366
3.17105
-0.926098
-2.37215
-5.60033
-9.87921
-7.96
-7.2715
-9.47237
-9.90843
-5.56391
-1.7654
-23.551
-22.6044
-22.8317
-15.319
-8.46377
-5.4872
-4.45816
-3.30027
-2.64095
-3.1979
-2.04101
1.68383
4.49404
4.98479
3.93769
2.52011
0.355981
-3.55234
-9.09139
-10.9097
-8.56412
-7.14515
-7.58264
-9.55679
-12.966
-17.2782
-16.7727
-10.9825
-7.59049
-6.8205
-9.47963
-14.4159
-16.4598
-14.1968
-12.3092
-12.0764
-13.201
-16.7278
-21.926
-26.1397
-28.2522
-30.9587
-27.9333
-18.0357
-13.6593
-13.4763
-17.2631
-23.908
-25.2926
-22.4611
-20.1788
-14.4509
-19.4111
-9.30018
-2.67867
1.63373
9.59298
17.6655
22.1072
27.4916
49.1751
63.8938
71.8035
73.636
70.4418
61.7687
48.7183
44.3094
44.7068
44.2446
37.6731
34.9274
31.2236
29.5247
34.3568
33.554
29.5539
24.4649
19.698
29.8707
43.6237
56.3493
63.7128
66.8923
65.2861
58.5696
45.2796
23.5359
6.27084
12.2345
22.0794
30.2408
35.817
37.7352
37.5073
39.2289
43.3908
45.6035
44.7272
41.1258
36.7105
32.0278
27.4274
23.8424
23.8649
23.7064
20.5572
13.5595
4.99718
2.664
2.28197
-0.111915
0.0104091
3.58989
6.19508
6.22675
4.62011
1.90542
-5.2026
-9.13563
-7.26709
1.92204
8.10369
9.77382
7.17467
0.71233
-8.95568
-17.8194
-21.1008
-16.2736
-13.1862
-13.3108
-17.1115
-21.7598
-16.1112
-10.8942
-6.41023
-3.58214
-3.10701
-5.77312
-10.2167
-11.5714
-10.8192
-13.4082
-20.2197
-26.1169
-17.3978
-11.5053
-10.4742
-14.3523
-23.4726
-19.3641
-8.69472
-2.98613
-1.5414
-3.4008
-8.02919
-14.5771
-21.1762
-17.2744
-11.5661
-9.80197
-11.9177
-16.8021
-18.2271
-16.1318
-16.0926
-17.0096
-16.4948
-13.8126
-15.1192
-3.51674
12.4383
23.1039
29.0816
30.7835
27.976
24.1755
45.5373
59.474
65.7011
67.699
65.5234
58.9258
50.9131
50.8367
51.7235
53.1892
57.5324
60.4381
61.656
59.214
51.315
37.4046
47.3915
59.5634
66.8476
71.6484
74.3156
75.8867
75.6828
72.7959
66.8021
57.3889
44.2504
28.9657
14.721
9.62561
14.586
24.3069
31.5058
34.7819
34.4267
34.1292
36.1332
36.8305
33.6159
27.143
22.3157
23.3647
22.1421
20.0288
20.2591
20.3565
17.2784
12.129
5.90518
-1.55004
-5.54053
-2.56782
-1.95265
-1.95067
-1.3424
-2.16825
-5.49808
-7.65165
-5.83701
-3.33059
0.488587
4.20401
7.48485
8.61026
6.62119
2.62381
2.87591
5.60326
6.96164
5.37895
1.07051
-5.84397
-14.5918
-19.3508
-17.2205
-15.1391
-16.3433
-19.1367
-20.9322
-20.8966
-17.4019
-12.7683
-10.9711
-10.4699
-10.5848
-9.98696
-9.15782
-9.27619
-12.1103
-18.168
-21.9265
-16.7042
-11.8468
-10.9725
-13.9758
-18.0853
-17.2345
-15.6404
-16.2921
-17.2331
-17.1131
-18.5358
-22.6305
-26.3912
-24.833
-22.7131
-21.5463
-18.5379
-13.5231
-11.0972
-11.3162
5.41495
18.9167
27.265
31.1833
31.1366
28.288
27.3138
41.3883
58.2742
67.9024
74.0036
78.6205
81.7181
82.6102
81.0323
78.0662
77.6108
80.3121
83.2843
85.114
85.5359
85.0321
84.3891
84.2911
84.1035
83.201
81.0132
77.2651
71.2226
62.5876
53.0147
44.4109
34.2876
22.4165
12.3331
4.57063
8.03318
16.5912
24.6809
29.4223
30.2749
27.9682
26.6125
26.3076
23.5766
16.4108
8.10158
8.25904
12.0574
13.7569
12.3352
6.71393
-1.45368
-8.63822
-12.7215
-14.298
-16.1812
-10.8934
-5.12092
-2.57287
-3.64947
-8.70968
-13.5548
-10.8234
-8.21151
-5.44799
-6.53758
-6.30318
-4.33803
-2.49418
-1.83043
-2.19031
-0.90898
1.52449
2.99276
2.85692
3.70959
3.68036
0.367189
-6.33373
-12.3013
-15.6169
-17.0221
-14.501
-9.50932
-5.6406
-3.57622
-2.53964
-2.81203
-4.93247
-7.15754
-5.52249
-3.6824
-5.57995
-11.3894
-17.9111
-18.937
-18.5137
-19.4473
-22.7688
-27.2577
-31.1294
-32.7168
-26.3149
-20.5863
-18.7687
-21.1683
-27.8894
-37.4389
-45.6861
-37.6924
-31.0345
-28.2204
-28.8012
-28.814
-25.0027
-19.486
-11.1313
0.952306
11.3134
16.8177
16.8848
13.0084
11.0626
19.0372
44.229
65.9867
79.7889
88.5581
93.1171
93.9531
91.2734
85.3223
77.7977
70.3406
65.7333
67.1321
70.2721
72.719
74.842
76.0908
74.8033
70.6629
63.9211
56.8659
53.0703
48.2827
40.8656
35.779
35.9369
30.4789
24.7768
14.6601
-3.6709
6.30785
20.3866
28.9297
33.0998
33.4797
31.1686
27.709
25.1368
22.6449
18.123
12.0633
5.84912
-0.464924
-2.7461
-6.0609
-6.95098
-5.61295
-3.78444
-3.42154
-6.0404
-8.36693
-5.03974
0.03647
2.02348
-0.122603
-6.16391
-12.9964
-14.9727
-15.4177
-3.08955
-4.29787
-7.33164
-5.53106
-1.02353
2.26415
3.79012
3.19414
0.0788419
-4.95228
-4.54504
-0.515288
1.01517
-1.36071
-7.03325
-12.9275
-15.6572
-12.5628
-6.63001
-3.46504
-4.0169
-5.80783
-5.03447
-4.40282
-6.51163
-8.14668
-4.36511
-0.544723
-0.0137941
-3.68909
-11.2595
-18.4527
-20.4429
-18.8537
-15.5472
-14.362
-15.7981
-19.1297
-20.8116
-20.1885
-20.812
-23.9157
-28.7421
-35.1857
-40.6933
-40.4749
-39.2102
-39.2989
-41.0822
-40.67
-38.4769
-28.0878
-20.5363
-13.231
-3.36021
3.24635
10.3282
15.4902
18.8091
25.4941
46.7943
62.1182
73.1491
79.7178
82.1617
80.7942
76.161
70.1128
63.276
59.4068
63.3298
65.9536
64.2783
57.1399
45.739
36.1113
34.4693
40.4114
45.839
55.4462
63.5356
70.0251
72.6937
71.2955
65.4295
54.683
37.5014
7.75949
-1.49589
6.39624
14.456
19.9895
24.4925
26.3009
24.2073
17.5726
9.28551
7.43131
10.3602
11.6573
9.90243
6.24437
3.04238
5.14738
6.36529
4.74164
0.543849
-1.27812
1.9756
5.03661
5.38531
3.61334
2.61984
3.29189
2.47579
-0.217248
-3.7043
-7.47042
-9.04125
-5.19841
-3.07097
-2.79556
-3.20256
-0.993568
2.79675
4.75814
3.87686
0.135624
-5.79365
-10.5317
-11.1163
-11.3459
-11.051
-9.13351
-7.05452
-6.1707
-4.32927
-1.98072
-1.46467
-3.6491
-7.26535
-9.06478
-8.55362
-6.21205
-3.76862
-3.63694
-6.99188
-12.5155
-16.987
-18.2989
-19.3568
-21.9419
-24.4668
-24.7074
-24.379
-22.6525
-21.5129
-21.6906
-22.9199
-25.733
-28.6075
-30.0554
-30.109
-29.5747
-29.1962
-30.4028
-29.9306
-27.1626
-25.6857
-22.926
-21.6547
-14.7078
-0.259649
11.9809
19.3466
22.4037
21.2211
23.7623
31.1505
39.6027
44.5442
52.05
58.4823
61.8594
65.2135
73.7684
82.7336
89.0607
92.0149
91.5583
87.7973
81.5855
75.6856
73.3587
77.9571
84.1779
88.6709
90.9988
91.444
89.8061
85.9045
79.5054
70.0952
56.3677
36.2632
13.7058
12.4405
11.3684
17.8456
25.5753
29.8476
30.2274
26.672
18.8611
9.23195
12.0272
15.1812
14.7516
11.1887
6.9724
4.84321
3.43281
2.6879
2.02761
0.0112507
-1.63681
0.710179
2.54397
1.00864
-3.46442
-8.15877
-8.63804
-5.9594
-3.73729
-4.14988
-5.95905
-14.7693
-10.1308
-7.69379
-9.29666
-13.6121
-15.3351
-11.135
-4.25971
-0.735918
-1.91846
-8.159
-18.2358
-23.1182
-17.7291
-12.4475
-9.97158
-10.6098
-13.9562
-18.2393
-19.9086
-19.9238
-19.6466
-19.2532
-19.7874
-19.4437
-17.6242
-17.2313
-20.5167
-29.2821
-38.7403
-30.4082
-22.1137
-19.1767
-20.889
-26.6632
-29.2783
-23.034
-19.3849
-19.2412
-21.1107
-21.5874
-20.8574
-22.7997
-28.2589
-30.7911
-24.8695
-19.9235
-18.7139
-21.6772
-27.8758
-27.9187
-21.6402
-20.1753
-19.3013
-4.07144
3.85851
6.614
5.60621
5.46022
8.28469
13.5884
22.1892
32.4289
38.168
40.9142
45.0966
56.9009
70.6253
81.4831
88.8473
93.5662
96.1031
97.0831
97.3818
97.7112
98.0715
97.7454
96.4983
94.3447
91.1896
86.2619
78.7126
67.9298
54.8935
44.3753
37.2117
27.7271
14.9354
10.2473
13.0469
17.3272
20.2434
22.0854
22.4683
19.714
11.6498
1.70035
3.22279
3.63873
0.272566
-0.329392
2.81738
3.60453
0.072744
-6.33521
-12.7731
-14.9349
-14.1383
-9.88669
-5.37959
-2.18478
-1.09605
-1.38981
-4.64177
-10.6648
-16.6078
-19.1295
-18.3965
-5.10083
-5.10343
-5.37223
-1.76916
2.04824
3.0351
1.86143
0.620705
-0.735517
-4.80297
-12.0641
-14.8738
-13.9581
-15.3946
-18.6922
-18.1602
-13.7529
-10.4076
-9.37373
-10.0258
-9.1108
-6.23966
-4.04635
-2.98967
-2.82475
-4.21912
-8.6157
-15.73
-19.0291
-17.062
-14.2179
-13.5661
-16.0114
-22.4841
-28.8126
-26.7956
-24.1076
-20.1622
-15.8068
-12.6457
-11.7782
-13.5636
-17.3328
-20.6157
-21.2114
-19.396
-18.1002
-19.9842
-26.3262
-36.3891
-36.8859
-26.996
-19.3434
-10.8528
-3.71391
0.471094
0.303548
-2.31831
-4.3767
13.0298
20.0958
22.9118
27.2301
29.1233
32.5157
38.9448
44.7428
51.054
56.1245
60.058
64.2513
67.7692
69.153
72.6807
78.5322
81.8274
80.8456
75.2868
64.6249
51.8449
47.4352
44.7379
40.0115
38.3539
36.3862
31.2139
21.2692
5.76075
-11.1105
8.43079
20.9398
28.7966
32.8331
33.1345
29.5578
21.8819
10.9044
3.77925
0.954573
-0.806617
0.169117
-0.155268
-1.08116
-1.63609
-0.510985
1.57167
1.6665
-1.67923
-6.85381
-9.53004
-8.07099
-2.09005
1.29812
0.814481
-4.57115
-14.7583
-21.6698
-19.4412
-0.908997
-1.89958
-2.8647
1.99381
7.71599
10.1808
9.34797
5.99947
1.61012
-2.18337
-2.29268
0.133113
0.977787
-0.814881
-4.14168
-8.38089
-12.7851
-13.8953
-13.3938
-14.0538
-14.038
-11.7745
-10.0453
-7.81971
-5.44804
-4.9317
-7.13866
-9.88945
-12.5891
-17.0982
-22.3514
-21.4308
-20.5229
-23.6208
-28.8073
-29.6359
-27.3798
-25.8521
-24.146
-20.9
-18.6746
-17.6193
-17.4922
-18.9021
-21.9767
-26.0508
-26.7917
-27.836
-30.7085
-32.0663
-33.6424
-31.3004
-32.9729
-14.2899
-5.79482
-3.17886
-4.21903
-6.51711
-4.83524
14.9026
23.4091
38.8236
45.4924
48.9361
50.8614
54.6934
58.6328
64.3956
69.7591
71.6467
69.9047
65.6831
63.6721
62.8695
62.5943
59.8447
57.148
55.9049
53.0517
48.6335
51.9837
55.6127
56.5335
54.4034
48.3902
38.2465
23.0416
1.42935
-2.93203
10.1384
20.0658
25.339
28.2821
28.8522
26.2777
19.5254
9.316
3.71596
3.20833
3.6381
3.86248
3.66403
2.97851
5.8204
9.83374
11.9013
10.4973
5.51004
-2.39373
-7.19122
-6.92414
-6.32517
-6.14548
-6.89032
-8.99238
-11.7607
-10.2598
-8.12677
-18.4136
-22.14
-21.8187
-16.1524
-12.5066
-9.73972
-6.06694
-0.629621
3.96203
6.39616
6.59715
4.73878
1.21152
-1.79108
-2.08407
-2.96305
-6.47598
-8.1446
-5.69553
-4.29344
-4.98862
-7.10486
-9.96204
-10.1175
-5.26379
-1.26143
0.291885
-0.996165
-3.74733
-5.70198
-6.81951
-9.17019
-13.0251
-17.5268
-23.2475
-26.0285
-22.9445
-20.5662
-19.4424
-16.9049
-13.8835
-11.5612
-9.76289
-9.27403
-11.0312
-12.7632
-10.7031
-7.84043
-7.07349
-9.03078
-13.3028
-17.6394
-14.8278
-8.41782
-3.18841
-0.965127
-2.02671
-6.26668
-10.9092
6.74501
28.6831
38.0574
48.2145
57.6447
64.2811
68.8254
74.5615
80.9626
85.6045
87.1416
85.8206
83.9341
84.8488
86.2418
85.3233
82.2181
78.9743
77.3666
76.2501
73.5746
67.9852
59.5663
50.8263
44.1288
36.1809
23.743
7.65652
-1.33332
2.61587
14.7205
23.9931
28.9301
30.2391
28.3247
23.4421
16.9944
16.0942
20.8834
23.3881
23.0832
20.3717
16.5448
12.8942
8.44161
4.18156
1.32489
-2.57503
-6.61196
-5.65793
-3.09373
-0.333057
0.388092
-1.74946
-4.91865
-5.10725
-3.25359
-2.49398
-3.32016
-1.97447
-7.06454
-14.0049
-17.3797
-14.6639
-11.139
-6.5495
0.680306
5.7194
6.69642
3.57502
-2.49517
-4.31626
-1.07459
0.744803
-0.375439
-4.20731
-9.46423
-12.5497
-15.8075
-20.3613
-17.1908
-11.0811
-7.84836
-6.85908
-5.47502
-0.965394
4.184
6.58393
5.56919
1.66662
-3.82993
-10.1082
-17.6633
-25.6852
-31.7146
-30.1946
-25.9193
-21.9408
-19.1835
-16.5369
-14.0588
-13.064
-13.4932
-13.6004
-12.818
-12.6552
-13.786
-15.9428
-18.0311
-18.4836
-17.1715
-15.7698
-15.4097
-14.0942
-13.2013
-15.0091
-17.4667
-11.651
5.77882
29.7887
50.03
63.2579
72.0711
77.5548
80.9604
83.5382
85.1958
85.2134
83.9158
83.2847
84.4764
85.8665
86.3783
85.8371
84.3619
81.8184
77.9175
72.2904
65.3277
57.9359
49.5202
40.349
36.0781
33.033
25.513
13.2713
0.871179
2.36691
18.1968
27.9568
32.6927
33.4854
30.7872
24.8283
15.8566
6.22825
8.16567
11.1879
11.9781
12.6036
13.4394
12.5015
9.26984
5.21291
3.08473
1.58474
2.02053
5.0638
6.18802
4.12642
1.32138
1.60882
2.95231
4.19187
4.96855
3.32515
-2.29311
-8.02521
-9.08641
-8.01033
-6.01737
-5.777
-6.20148
-5.67688
-3.42137
-2.27421
-1.05331
-0.302318
-0.530547
-3.08408
-6.18239
-8.78635
-11.6956
-13.4374
-8.7588
-4.85886
-5.23439
-8.33733
-8.97671
-5.91963
-3.38539
-2.54119
-2.78572
-3.18573
-3.66974
-3.46485
-2.69992
-3.35812
-6.90403
-13.0423
-21.5072
-28.745
-29.4083
-27.8928
-26.0851
-22.6323
-18.9503
-18.3556
-21.1765
-25.7721
-27.2622
-23.7098
-20.7875
-20.3031
-20.1949
-18.28
-17.1738
-19.2949
-20.3355
-23.6675
-21.3978
-18.2875
-15.9583
-14.6295
-16.3225
-16.0802
0.897429
24.4464
42.5453
52.4674
57.0163
56.8738
53.96
57.6431
63.0533
64.0776
61.6862
60.5925
61.7607
59.4818
52.0785
41.8071
39.0483
39.1565
36.2668
40.1639
46.8059
51.0986
54.9499
56.0617
53.5817
46.8296
34.386
14.9159
-10.3735
1.23661
17.327
26.1515
29.2241
27.8543
22.8753
15.8707
7.84949
0.57875
0.112974
0.744799
3.47671
5.90019
8.0473
9.20227
8.50934
5.60753
2.86939
2.9707
2.8429
2.38763
3.21308
4.12319
4.18707
4.74658
6.0294
5.25633
1.44881
-4.57693
-8.78546
-2.99962
-3.51331
-0.0809289
2.55749
2.18911
-0.99397
-5.20267
-8.55309
-8.25731
-5.44601
-3.15281
-3.86388
-4.4317
0.640894
5.95642
7.36941
5.27217
1.93342
1.38769
1.42205
-1.12886
-5.30295
-7.6203
-5.62478
-0.84848
2.48528
1.98871
-2.01749
-4.66846
-4.15822
-5.86346
-11.907
-23.1448
-33.1408
-33.2807
-29.851
-24.1082
-19.0113
-17.0059
-16.66
-15.2343
-13.5485
-13.0366
-13.6595
-15.1275
-17.4712
-18.8328
-17.0014
-14.7304
-14.7146
-16.9823
-19.9098
-19.3764
-19.811
-22.6342
-25.6343
-24.5165
-23.8596
-17.0526
-11.4297
5.69638
12.5634
24.8786
35.1206
44.708
50.9302
55.1701
63.7895
72.8778
78.4196
80.1114
78.0253
72.1363
63.5858
59.3362
61.6723
64.5775
66.53
67.8658
68.842
68.9814
66.9802
62.1629
54.2759
43.2559
30.1853
15.7018
1.02751
1.94087
18.4725
28.6004
33.2567
33.6176
30.1722
23.6713
15.9835
6.75211
4.92403
9.83604
12.3553
11.7262
8.12682
3.63839
0.0256676
-4.31951
-10.7886
-12.2524
-2.79995
4.61273
7.19525
5.80758
1.98544
-0.32376
-0.452183
-1.56215
-5.25952
-11.4145
-14.9149
9.5091
8.74532
7.27927
4.2754
-0.163863
-3.27228
-3.31207
-2.44566
-2.99893
-5.70113
-5.44079
-2.27622
-0.212011
2.39619
5.90838
7.77686
6.9762
4.86864
4.49218
6.42477
7.45561
5.8737
1.52707
-4.04909
-5.88973
-4.75818
-5.13553
-7.98966
-12.385
-16.4323
-19.8997
-23.4652
-27.3487
-29.207
-28.9801
-28.0308
-27.9869
-28.4426
-27.4479
-25.123
-22.9003
-21.5093
-20.2237
-20.069
-21.5508
-23.4485
-24.1372
-23.8982
-22.8709
-21.3824
-21.5385
-21.4586
-22.8511
-20.5052
-17.2596
-14.8126
-12.813
-12.9654
-10.6756
6.07649
22.7865
37.2008
47.1735
54.8537
60.2325
63.1226
63.5114
63.0625
64.989
67.9426
69.0381
67.4585
64.1889
64.6911
69.1007
72.4206
73.1021
71.6752
68.6366
64.4689
58.6654
50.6711
40.7995
34.133
30.8027
26.4476
17.1798
1.85206
7.58982
23.1633
32.5476
36.1459
35.1471
30.0526
22.1025
14.4732
9.51189
8.64587
8.66975
10.6316
11.748
10.9105
7.88169
4.05621
2.47972
3.20871
4.76582
5.75162
5.7104
4.73552
2.8393
0.627779
-1.06577
-3.41366
-9.04216
-17.5462
-22.8151
-20.6265
-0.772795
-5.7605
-6.29676
-2.07683
1.56385
3.52963
4.35526
3.93306
0.938065
-4.28341
-3.74428
1.0243
2.57988
0.268713
-5.3323
-11.4035
-9.19193
-4.24931
-2.54198
-3.71975
-5.2784
-6.21685
-8.9701
-10.8841
-9.5892
-9.43517
-12.3641
-16.5814
-18.4075
-17.3415
-15.809
-16.035
-18.4543
-23.6603
-31.1891
-33.978
-29.1782
-25.3968
-23.8222
-23.9548
-23.1623
-20.2372
-18.5485
-19.1287
-19.9963
-18.4507
-15.6689
-14.0777
-13.8244
-15.5193
-19.0424
-21.2928
-21.8126
-21.9961
-20.5946
-13.8641
-7.30714
-3.11514
-0.961513
10.5184
29.887
40.6784
48.3573
51.915
52.0699
50.2235
50.6797
53.7645
55.9925
55.1981
51.1836
45.1567
44.4028
50.4426
52.9577
50.6984
44.9862
35.7846
32.7716
36.1852
44.0001
48.3941
49.6648
47.5971
41.9
31.7691
15.5977
-6.44477
5.66635
24.8333
34.5191
38.287
37.1212
30.9143
19.7739
11.0319
5.94424
2.83442
2.43218
2.2448
-0.405469
-5.57842
-11.7916
-16.846
-13.4213
-6.57846
-3.93545
-5.0898
-5.65
0.282224
5.16078
6.49886
4.34898
-1.31283
-9.28126
-16.3795
-17.6453
-17.6558
-3.82324
-6.79927
-7.61346
-6.55549
-5.14383
-5.59341
-4.54933
-1.75339
-0.325172
-1.31399
-3.46051
-5.71391
-8.45357
-9.39622
-9.67737
-11.1653
-12.6944
-10.6641
-8.27228
-6.61517
-4.48467
-3.50114
-5.35128
-9.14236
-11.1444
-11.5921
-10.736
-7.03631
-4.50998
-5.49046
-10.1541
-17.1731
-22.9426
-24.0481
-24.2829
-25.0372
-26.7541
-27.4421
-23.4037
-18.7913
-17.3619
-19.5932
-24.0668
-27.981
-30.6971
-33.7099
-35.7646
-34.1842
-31.2487
-28.2524
-28.0581
-28.2441
-29.5616
-24.3951
-20.1982
-17.2341
-14.6322
-13.4217
-8.07538
5.67557
18.5987
24.508
28.1456
31.6233
35.0972
38.0381
45.0914
56.1073
63.2687
66.7668
67.7763
67.8212
67.8895
66.9325
63.9865
59.8183
57.5628
58.1204
58.514
57.2607
54.2703
50.528
46.3097
41.0794
34.4773
26.6102
15.4345
-0.818874
8.02744
24.6587
34.456
38.3865
37.4479
31.7344
21.4112
11.3861
2.94787
-3.653
-10.4869
-11.4988
-11.9364
-13.8734
-18.4644
-20.4008
-12.4507
-6.96179
-5.20754
-6.74329
-7.84149
-5.28184
-3.13976
-3.8974
-7.25437
-10.5945
-11.8444
-9.99548
-8.54236
-7.81463
-0.0660713
-1.20311
-5.51185
-11.6853
-12.3562
-10.6568
-9.91426
-6.47411
-1.96716
0.712239
0.273719
-3.33772
-7.90985
-9.74469
-10.9146
-13.0333
-15.3522
-16.453
-12.1183
-5.55964
-1.70865
-1.6255
-5.53324
-12.7068
-18.3724
-18.2833
-14.3765
-11.0424
-11.2178
-15.3708
-22.2848
-27.7045
-30.3991
-32.094
-28.1513
-23.4145
-20.2745
-18.4312
-18.1714
-19.3767
-20.9355
-21.6494
-23.0174
-26.3424
-30.6705
-29.9192
-27.4885
-27.0691
-27.5176
-27.3133
-25.7567
-24.2306
-25.2315
-29.3512
-31.8624
-28.5093
-25.1231
-21.7139
-14.5251
-0.376536
18.23
29.6781
42.7657
51.5415
56.3038
58.6248
59.9387
60.8944
61.3046
61.159
61.6603
63.5549
65.1631
65.679
65.3273
64.1171
62.1919
59.5158
55.2663
48.4617
38.5685
28.9918
28.7563
30.2465
28.374
22.122
10.5361
-3.7462
7.56085
24.5588
33.8865
37.2339
35.6084
28.7457
15.8989
3.86312
-0.460571
0.29279
-2.33116
-6.27413
-9.42856
-13.3117
-16.9597
-19.8839
-19.6526
-17.5518
-14.5599
-11.7137
-10.2696
-9.95307
-8.59593
-5.44133
-3.68252
-5.22053
-9.7093
-12.581
-8.61687
-4.07759
0.295019
2.62248
1.41119
-2.43032
-4.97528
-3.99557
-3.97453
-6.00922
-5.60046
-3.39269
-3.15465
-5.08252
-7.54117
-7.98152
-6.97599
-7.29498
-10.3846
-16.3898
-23.6719
-23.9747
-19.3591
-17.4002
-19.2576
-24.6132
-26.3944
-21.9081
-19.5745
-19.891
-23.2369
-28.0105
-29.3104
-27.5459
-27.3889
-26.213
-24.6487
-25.8844
-30.0574
-31.9946
-30.0719
-29.2108
-28.852
-28.5083
-29.4913
-31.8119
-32.7034
-32.7518
-30.8098
-29.2529
-29.3556
-31.0821
-32.8028
-32.9994
-34.007
-35.535
-33.868
-29.1299
-23.2259
-20.4415
-15.707
6.1296
23.0327
36.9228
45.2053
49.6566
50.3864
47.4688
41.6253
38.3475
42.4161
47.5599
50.4329
48.8696
42.9676
33.0762
29.0622
31.7117
34.8582
36.7882
38.7268
43.3008
47.1408
48.6077
46.9684
42.2113
34.4387
23.2266
8.43005
-7.5225
6.02797
23.8483
33.1766
36.6022
35.0276
28.2403
15.5264
3.07852
-2.865
-3.50802
-5.33164
-5.65803
-5.67081
-6.86045
-9.75093
-14.548
-18.3598
-18.8105
-17.6693
-19.5063
-22.4889
-21.2137
-17.4523
-14.0633
-12.7799
-13.6137
-14.5207
-12.0354
-8.90038
-8.62637
-4.43772
-3.69993
-1.40519
1.73741
3.144
1.53361
-3.75003
-10.6545
-11.7326
-9.36307
-8.398
-8.6863
-9.01181
-10.0924
-13.0244
-18.6004
-23.4955
-22.5654
-18.0477
-15.8013
-16.7685
-19.5064
-20.6685
-17.3089
-12.8557
-10.8077
-11.6262
-14.1104
-17.1962
-20.2935
-22.7797
-24.2705
-25.9459
-26.6551
-26.1575
-26.5649
-25.8301
-23.0588
-22.0278
-24.3874
-29.5339
-32.5699
-30.2806
-28.7683
-27.7103
-23.9859
-19.5433
-16.4762
-15.7667
-17.5745
-21.0412
-22.9909
-21.7987
-19.0983
-17.4399
-17.4818
-19.576
-23.8743
-18.9815
-0.917553
12.1555
21.6295
30.6061
38.1562
43.7699
47.164
48.9913
50.2034
52.9431
57.9052
61.6013
62.5262
60.9135
58.6375
57.9399
58.2847
59.2255
60.0999
60.2435
58.6971
55.0581
49.3372
41.4657
32.167
22.3251
14.8072
4.20864
-7.08434
6.28124
24.1577
33.7263
37.4436
36.245
29.9632
17.9289
4.08949
-7.40421
-7.1006
-7.41593
-7.34815
-7.50792
-6.7033
-4.9357
-3.69349
-3.53657
-4.73599
-7.64145
-12.4223
-18.0167
-19.0663
-15.8117
-12.9441
-11.6532
-12.6954
-16.459
-21.8283
-23.7029
-24.0555
-12.7136
-15.8402
-17.4085
-13.7205
-8.68559
-6.38945
-6.61772
-8.35435
-10.0207
-11.6521
-12.5779
-12.1275
-11.5983
-12.4892
-16.2414
-22.0897
-26.7212
-23.0215
-17.8064
-15.6038
-16.9781
-20.8085
-23.6107
-23.3708
-22.8852
-21.4589
-19.0552
-16.4935
-15.8252
-16.6076
-16.3534
-15.6927
-16.769
-19.1738
-21.0363
-22.0717
-23.0259
-23.0579
-23.4064
-25.5694
-29.3778
-30.449
-27.5994
-24.7156
-23.1551
-23.0803
-23.8229
-25.3957
-26.5426
-27.1941
-25.5509
-21.3518
-19.2799
-16.9015
-15.7256
-15.2411
-15.4752
-15.599
-13.2037
1.32907
16.7107
34.6546
45.2603
51.5248
54.1722
54.6833
54.3935
53.3602
51.4044
48.73
47.6181
47.9122
49.7188
52.7587
55.5461
56.6096
55.3277
52.0194
46.8439
40.7951
37.4106
39.2938
41.3379
40.4254
35.4257
26.2202
11.5445
-8.37678
6.40936
22.5618
31.8503
35.2685
33.6715
26.7659
13.5789
1.82827
-2.1007
-4.07776
-8.66128
-10.9176
-10.7615
-10.5355
-11.447
-13.2014
-14.1018
-13.2101
-12.6861
-15.2188
-20.3676
-24.63
-23.6086
-18.1688
-14.0926
-13.4076
-16.162
-21.605
-27.9499
-31.3209
-8.312
-7.53449
-6.28103
-5.68407
-6.89027
-10.3316
-11.1229
-7.20458
-4.7486
-6.07835
-11.2303
-18.007
-20.7643
-20.0717
-19.2706
-19.4163
-20.3597
-21.3475
-19.2754
-16.5624
-15.0642
-13.5406
-12.2645
-12.8639
-15.5733
-19.1193
-20.8726
-22.8174
-25.8908
-26.6815
-23.1674
-20.1251
-19.8927
-22.3069
-25.727
-27.3865
-24.8425
-22.1729
-21.4827
-20.7662
-17.7103
-14.9923
-15.0229
-18.1791
-22.9522
-23.5351
-21.5282
-20.7363
-20.4528
-20.0656
-20.3717
-19.2643
-18.7558
-16.85
-16.1427
-16.9659
-18.989
-21.9087
-20.616
-2.597
18.6907
31.5876
39.9889
42.767
40.9929
34.6616
30.728
40.5326
48.201
52.3691
53.9399
53.8281
51.9346
47.4922
40.0765
33.1644
35.5367
42.146
45.14
46.1073
46.3319
45.3374
42.1667
36.4619
28.6164
19.1701
6.86801
-9.84076
1.21215
19.5244
28.7209
31.9177
30.0871
22.7786
8.6959
-6.22169
-12.7006
-12.9525
-17.3066
-19.0701
-17.5077
-15.5941
-14.8473
-15.1787
-15.3997
-15.1766
-15.1182
-14.7766
-13.9393
-13.3039
-14.9903
-18.2374
-20.0657
-17.422
-13.8034
-11.323
-10.4276
-11.3667
-9.87938
-7.74184
-5.17973
-4.72868
-7.09884
-10.0139
-10.7448
-9.68542
-10.2814
-12.8922
-17.3693
-22.2016
-22.1732
-17.2491
-13.9141
-12.7682
-13.8342
-17.1711
-21.9659
-25.2095
-27.2318
-30.0952
-29.4786
-25.7785
-24.4445
-25.3258
-27.294
-28.3709
-28.7957
-26.4234
-24.9105
-25.3787
-25.5272
-23.6695
-22.8136
-23.0056
-23.3876
-24.0192
-24.9916
-25.1948
-23.4169
-21.5154
-21.3844
-23.3579
-25.2653
-25.2067
-25.5554
-26.8793
-25.8916
-21.8861
-17.5113
-15.2459
-16.1496
-17.9479
-18.4595
-18.1001
-17.5237
-15.3052
-12.7566
-4.8619
9.17693
20.1365
32.5556
41.5895
47.1949
49.8754
49.6079
47.5972
48.1078
52.8862
57.5334
60.7506
62.0197
61.5212
60.2968
59.0427
57.6465
54.8334
50.5607
44.2355
36.1789
30.9365
31.319
30.8494
26.9237
18.7263
4.86582
-14.2599
3.24084
19.4018
28.4731
31.8142
30.1639
23.2211
10.0999
-0.224231
-1.27801
-1.00049
-3.88544
-7.34066
-10.0743
-12.767
-11.7725
-8.01957
-6.07164
-6.06616
-6.03795
-5.4178
-6.73206
-11.2936
-18.88
-23.8343
-21.2098
-20.1958
-20.8809
-19.612
-16.1039
-14.3707
-2.83522
-2.53505
-3.25793
-3.23711
-2.73475
-3.38398
-5.54014
-8.69445
-10.8538
-10.208
-7.86293
-6.52851
-6.22912
-7.31801
-9.87328
-14.3428
-19.2975
-17.8184
-12.5584
-8.59938
-7.4175
-8.51225
-10.7453
-12.2997
-13.6766
-16.6219
-21.0542
-25.1233
-26.3299
-24.1383
-21.4996
-20.7425
-20.2414
-17.8227
-15.0137
-13.0974
-12.2562
-12.6397
-14.3312
-15.6068
-14.8036
-12.7987
-11.3701
-11.0432
-11.6684
-13.3915
-16.7484
-21.1158
-22.5107
-21.1036
-19.691
-19.3263
-18.6466
-17.0122
-15.2294
-11.1456
-6.8221
-4.90732
-4.80548
4.14537
23.3828
34.973
42.3818
45.6182
46.0551
45.5214
45.4157
45.3243
45.2909
46.1707
47.7413
47.4757
44.1303
39.8802
40.1809
41.8882
42.2202
43.5999
45.9267
48.2008
49.0418
48.4345
45.5477
40.1676
32.9261
23.7236
11.4635
-4.07692
2.47077
19.301
28.7892
32.5724
31.4994
25.5366
14.4786
4.02555
-0.83963
-0.273646
0.195644
1.18347
2.54123
2.74954
1.07312
-1.40056
-2.00631
-3.20662
-5.47074
-6.66236
-5.44159
-4.35145
-3.82287
-4.53031
-7.2618
-9.97365
-8.94202
-6.37567
-3.78004
-2.45928
-6.96382
-3.43278
-1.11614
-0.765439
-1.62367
-1.58558
-1.32112
-3.00677
-5.42012
-4.02499
-1.49292
-1.49708
-3.75225
-5.12669
-5.04049
-6.33692
-10.9058
-17.7361
-20.9309
-19.3902
-18.3279
-18.0997
-16.4483
-14.1407
-13.8594
-15.8953
-17.7002
-18.3821
-20.537
-24.8609
-24.0595
-20.0919
-18.1327
-18.2931
-19.7269
-20.9136
-20.96
-20.4426
-21.1105
-22.1597
-21.3717
-19.8262
-19.2435
-19.4052
-19.1993
-18.4942
-17.4756
-16.6092
-16.3454
-16.9837
-16.5623
-13.949
-12.8225
-13.6347
-11.7783
-7.33725
-4.08444
-2.07776
-0.82767
1.73322
10.187
22.2208
30.8824
36.9571
40.7849
41.9875
41.8278
44.6977
49.4226
53.5848
56.8506
58.8291
59.3796
59.1668
59.6774
60.7824
61.7937
61.8515
60.2757
56.3634
50.3789
42.4108
34.7725
30.2422
25.2415
17.6962
6.33412
-5.00656
-2.33055
14.925
24.2007
27.8203
26.7781
21.2551
12.0289
3.81378
0.0254381
-0.318934
-1.87924
-4.5451
-5.89901
-5.96822
-7.15016
-10.5721
-14.6745
-15.6757
-14.3863
-12.2924
-8.94079
-4.90218
-0.809641
2.65242
4.52485
4.46117
2.16106
-2.27972
-7.58132
-9.94394
-5.66348
-3.94417
-2.57377
-3.54561
-5.44679
-5.13364
-4.12197
-3.47694
-1.07005
1.88588
2.71655
0.69109
-4.28249
-11.9921
-17.0347
-15.257
-13.8358
-15.0152
-18.1272
-21.0721
-23.3628
-24.0905
-20.7934
-14.5677
-10.0646
-8.79256
-10.7334
-14.3158
-18.0439
-20.8879
-20.9795
-17.8508
-16.0069
-16.3069
-17.6176
-18.1986
-17.1717
-14.9901
-13.6231
-13.8512
-14.6147
-14.0581
-12.3261
-11.1533
-11.1851
-11.8135
-12.7905
-14.3817
-16.3783
-18.0258
-19.8562
-21.8849
-20.3082
-15.9694
-9.52468
-4.23396
-1.1866
0.0507279
0.464775
3.98997
16.7293
30.5859
40.1267
46.1615
48.6899
48.4711
46.5754
44.5901
43.8262
42.8295
42.671
43.4686
45.4608
50.0097
54.2567
56.2139
55.1188
51.1896
45.457
43.019
44.9923
47.1954
46.767
43.3295
36.477
25.6991
11.0126
-3.19046
-1.2364
10.1583
18.7625
22.2604
21.5361
17.111
10.0026
3.07523
-1.33127
-3.26104
-5.83079
-6.53114
-7.05968
-8.64727
-7.74942
-5.36923
-5.41737
-8.56284
-11.2928
-9.50621
-6.52493
-5.26253
-5.4273
-5.69159
-3.5993
0.32059
3.3693
3.67998
0.738212
-5.33817
-5.27079
-3.19283
-1.82599
0.506033
3.07138
3.43345
0.532967
-5.28419
-6.54564
-1.66643
2.47254
3.78452
1.66344
-4.71613
-15.9851
-24.1505
-21.3089
-17.3971
-15.613
-16.4435
-19.7621
-23.7544
-24.4115
-20.344
-17.0946
-17
-19.0886
-19.0978
-16.6033
-14.4632
-13.1065
-12.8706
-14.0961
-16.2576
-18.3471
-19.113
-17.6029
-15.9719
-16.1956
-18.3337
-20.7156
-20.9485
-20.4839
-20.397
-20.057
-18.9965
-17.4156
-15.9538
-15.3422
-16.2175
-18.2601
-19.0058
-17.5811
-14.3848
-6.34303
0.412552
3.47781
4.49874
5.84259
9.93048
19.5103
32.1169
40.2397
43.7494
43.431
40.3676
38.3791
43.8001
52.5136
59.1729
62.8242
64.3217
63.7777
61.4674
58.0018
54.937
53.6923
54.0577
54.5596
54.3495
52.4306
48.6723
43.1168
36.2858
28.8757
20.0729
7.77997
-6.30425
-4.4432
9.5153
18.3179
21.9987
21.5618
17.6458
11.3249
3.97765
-2.71379
-3.70953
-1.74836
0.6735
1.86407
1.00505
-0.319809
-1.36268
-2.22499
-3.59644
-6.26718
-10.4019
-14.5948
-15.1702
-7.91522
-0.855048
2.05404
2.27737
2.44654
3.40453
2.58593
-1.34167
-2.18415
-3.53939
-2.14524
-1.21341
-1.55181
-3.22924
-7.19634
-12.4243
-13.4806
-10.0846
-7.38754
-5.67701
-5.56903
-8.0962
-13.3963
-16.5383
-13.2535
-10.2364
-9.80321
-11.7911
-15.4348
-18.7438
-17.6655
-14.8472
-13.7199
-13.9543
-12.4076
-8.97861
-6.20537
-5.79725
-7.74956
-11.1326
-14.3704
-17.6397
-20.4494
-20.6465
-19.1679
-17.5157
-16.5689
-17.0271
-18.219
-19.2331
-19.9708
-20.3315
-20.3259
-20.6424
-21.7664
-23.3854
-23.534
-21.6135
-19.8178
-19.5885
-19.9727
-12.9041
0.17948
9.93385
15.2771
16.814
15.2623
18.8724
32.1513
44.494
51.5014
54.9754
56.2647
56.7357
56.8693
56.1994
54.3909
53.3575
56.6314
60.367
61.427
60.8861
60.8559
61.0186
59.1595
54.9151
49.1939
46.0755
49.2562
52.2729
52.1104
48.4446
41.4758
31.416
17.1486
-1.7344
-9.10333
0.841093
9.15694
13.898
16.0029
15.7876
12.7878
6.15524
-4.17127
-9.39654
-5.1473
-1.82611
-0.410907
0.226645
0.827423
0.598086
-1.46495
-5.79554
-10.9168
-11.4939
-9.45612
-6.17521
0.0961038
5.52316
7.30457
4.79
-2.54013
-13.9933
-17.9668
-14.7647
-0.290894
-0.817902
-3.19106
-6.29186
-7.19275
-6.74669
-7.22221
-8.86694
-11.0034
-12.4057
-10.5244
-6.90737
-4.27884
-3.59905
-5.48589
-9.60075
-12.0019
-9.16329
-6.55734
-6.98798
-11.205
-18.3024
-19.1716
-13.5024
-10.0846
-10.1374
-12.9581
-16.0353
-15.9213
-11.8875
-8.98208
-9.64182
-14.4441
-21.3846
-22.542
-19.5092
-17.965
-18.18
-19.5841
-20.1597
-19.6703
-19.9456
-21.4088
-23.5511
-26.6665
-29.6566
-27.6169
-23.2746
-21.0921
-20.7094
-20.333
-19.6398
-21.0922
-22.9685
-18.8454
-9.28308
-2.47357
0.120019
-0.366252
14.4042
33.7035
46.5232
54.3877
57.1987
55.7221
50.4264
45.7787
51.4862
60.0346
65.5375
68.0113
68.3871
67.7538
66.3639
63.6887
60.9919
61.5765
63.92
65.0482
63.7256
59.7458
53.8307
47.6744
42.119
36.2141
28.413
16.2343
-0.281823
-14.3764
-7.09099
1.9132
9.90263
14.8462
15.9493
13.1956
7.11255
2.14829
2.93284
3.22349
0.944669
-2.94129
-2.56173
1.41182
3.40341
2.2542
-1.49585
-4.16105
-0.930156
2.30958
2.38375
0.669759
0.175968
-0.226819
-3.08735
-8.50956
-13.0354
-15.1429
-17.4574
6.98136
9.49112
9.54187
5.95029
0.86465
1.67833
4.625
4.70567
2.05158
1.48561
5.09522
6.61703
5.0436
1.80862
-0.585337
-3.05794
-6.28958
-7.45767
-6.90384
-5.86756
-4.31334
-1.59154
2.07808
4.48098
3.89989
-0.324853
-6.74932
-6.59672
-1.37598
2.6325
4.556
3.87887
0.0551731
-7.24082
-16.836
-25.9193
-33.6862
-37.0239
-30.9848
-23.858
-20.4072
-20.5392
-23.2726
-26.7641
-29.6209
-31.9213
-31.7751
-30.7768
-29.859
-28.5888
-27.5725
-26.7443
-25.6097
-20.2636
-14.445
-9.70327
-7.17173
-7.29925
-6.34893
7.89443
24.5952
39.6726
50.3558
58.1965
63.2938
66.2216
67.5734
67.5572
66.1951
65.3478
67.4004
69.9275
71.2942
72.6774
74.708
75.6623
74.2416
70.3044
64.4994
59.7689
59.4035
60.3859
59.6637
56.2933
49.8128
39.7728
26.9479
13.0274
-2.39618
-8.43684
-2.41591
6.19171
11.6816
13.3325
11.5258
7.62497
5.34244
5.37219
5.70563
4.32171
1.31482
-1.9174
-2.37685
1.33936
5.31709
7.60487
8.9274
11.3501
13.8122
13.8842
10.4112
2.8152
-7.23093
-14.862
-16.7292
-17.2645
-18.7837
-21.7551
14.0397
15.7358
13.9451
9.17292
4.83325
5.80977
7.51398
7.75871
9.08104
12.3261
14.2785
13.8382
11.9323
9.74534
6.74592
1.91724
-4.07639
-6.7496
-4.78213
-2.44109
-1.77579
-3.00131
-3.1541
-1.1276
-0.446034
-2.80965
-5.64532
-4.25109
-1.98816
-1.06618
0.0758681
0.778273
-1.06478
-7.00592
-16.6375
-23.5049
-26.1231
-27.8228
-29.4523
-29.4952
-29.3309
-30.38
-30.9112
-29.6032
-28.4554
-28.7485
-28.6025
-28.1829
-28.1618
-27.6466
-26.2104
-25.3276
-23.6875
-18.2588
-13.1821
-10.925
-11.7534
-15.1103
-10.4954
13.6656
38.658
54.5271
63.9896
68.3466
68.7714
66.141
63.1782
67.7943
76.0308
81.7596
84.4757
84.9776
84.0551
82.1097
79.1039
75.7288
74.1664
74.738
75.3653
74.8013
72.3163
67.8734
63.0429
59.9105
56.2194
49.0849
37.1816
20.7618
7.33784
3.76788
5.17715
6.99168
7.04961
5.11559
2.73059
2.0888
2.64655
3.27336
4.55298
12.1122
19.964
24.1417
24.5266
21.9567
19.7477
21.6301
23.6923
22.747
18.1847
10.4341
1.90308
-6.10794
-13.3094
-14.9721
-13.0103
-11.0586
-11.0795
-13.8172
0.86215
3.97166
8.14103
11.0052
10.9224
7.88137
3.82576
1.49614
0.881823
1.85707
4.0896
6.66076
7.98733
6.82364
2.64385
-4.12837
-10.2539
-12.7935
-12.2304
-12.5344
-14.2073
-16.3412
-15.7849
-11.107
-7.14491
-5.39416
-3.25984
-0.045625
1.67694
1.26765
0.297862
-0.578033
-3.18027
-9.27627
-18.2977
-24.4772
-25.7392
-25.2215
-25.148
-25.7159
-25.7348
-25.1229
-23.8565
-22.4786
-22.8586
-25.8288
-29.6201
-30.17
-29.2961
-29.8664
-29.0617
-25.7608
-24.0921
-24.6309
-24.2268
-18.6621
-13.5039
-12.061
-8.37767
21.9971
40.2048
53.5437
63.212
71.7513
77.6455
79.9494
78.7802
75.83
75.8221
77.745
78.9648
79.7142
80.2923
80.3465
80.1772
80.5107
80.2921
78.3616
74.5963
71.0966
71.8559
74.0321
74.1236
71.0071
64.0188
52.6333
36.3528
17.1248
9.10458
14.8121
24.0148
30.0152
32.3854
31.4162
27.2591
20.5864
15.0988
16.2168
19.3109
22.4034
25.0972
26.2952
25.2282
21.8352
17.2145
14.4351
13.5097
11.8374
7.08556
-1.86885
-11.7354
-17.8248
-18.7599
-18.759
-18.3496
-17.5985
-17.9932
-20.7573
-2.28911
-0.415323
2.03781
3.56722
2.49879
-1.47901
-5.91546
-6.78661
-6.23164
-5.98781
-5.03694
-3.40424
-2.73617
-3.59711
-5.81366
-8.80085
-12.7008
-15.49
-16.0947
-17.4915
-20.5097
-21.7993
-19.02
-15.7544
-13.7594
-13.8139
-16.0861
-18.3584
-18.01
-16.5611
-14.867
-13.7591
-13.9128
-15.3726
-17.8269
-20.5929
-21.9028
-20.4251
-19.7353
-21.9586
-25.6594
-26.7174
-25.4952
-24.4563
-23.2155
-22.3466
-23.0792
-25.7891
-29.5742
-32.3603
-30.8962
-26.0067
-23.495
-22.5689
-22.278
-18.814
-13.1708
-9.4174
-5.79431
13.1423
29.7247
41.725
51.0942
58.4729
62.9822
64.4717
63.4794
64.6809
72.3206
79.2652
82.7123
82.6998
79.9088
75.8852
72.8203
71.0424
70.8547
72.3068
74.1256
74.6283
73.3874
70.3907
65.4448
57.8222
46.8345
33.5979
19.4248
3.36368
4.05907
18.7383
28.5819
33.1299
34.0951
32.4345
28.7154
22.8447
17.8417
20.2464
23.9775
26.7579
28.8654
29.3469
27.1309
21.6802
14.3019
8.24562
2.86094
-3.67766
-10.4329
-13.113
-11.0818
-9.34781
-8.91011
-10.4953
-14.0133
-17.3647
-19.0875
-20.9663
-6.55773
-9.01542
-10.9643
-11.7403
-13.8157
-16.7015
-14.6804
-10.4342
-7.40243
-6.1819
-6.58074
-7.87247
-9.3673
-11.5748
-15.702
-20.3995
-20.6107
-18.5588
-18.2944
-20.6596
-24.1912
-24.4996
-20.1886
-15.8557
-13.5398
-13.4305
-14.7595
-15.9829
-16.2683
-16.0755
-15.6015
-14.0724
-12.6968
-12.9513
-15.2612
-18.3835
-19.2933
-18.2358
-17.8338
-18.7721
-19.8522
-20.2737
-21.4258
-23.642
-23.8421
-21.4379
-20.1856
-21.1833
-23.8339
-25.9775
-26.3671
-24.3465
-20.0374
-16.1436
-13.3829
-11.9258
-11.669
-12.584
-8.19063
13.2795
26.583
37.6659
46.1369
53.9365
59.6281
63.4379
66.004
67.5161
68.002
68.2014
68.4643
68.3372
67.8797
68.685
70.175
70.4634
68.6883
65.3992
61.2903
57.9192
56.3629
55.1844
52.2695
46.789
38.0104
24.5059
7.06549
-2.16317
2.63514
17.5907
27.0248
31.2147
31.5935
29.193
25.5574
24.1161
26.1702
28.4198
27.7109
23.7726
18.8581
16.5472
14.1716
8.02632
-1.26863
-5.78756
-6.34264
-8.75675
-13.9613
-20.1482
-22.7447
-21.5945
-21.2628
-23.1866
-25.9358
-26.6408
-25.6188
-25.0862
-9.87072
-7.01818
-6.35643
-7.2438
-8.3602
-6.26749
-2.49748
-0.937369
-2.83625
-8.14281
-15.2029
-18.3346
-16.1625
-14.4899
-14.0041
-14.1333
-15.086
-17.8665
-19.6685
-18.0302
-16.2765
-15.8524
-15.8961
-16.3001
-17.6302
-18.9479
-19.1654
-18.9585
-18.7013
-17.4487
-15.5225
-13.5069
-11.3219
-10.2391
-11.2841
-13.6529
-15.0904
-15.1252
-15.7255
-17.8766
-20.8871
-22.3356
-20.8057
-18.8231
-16.9355
-15.4094
-14.7955
-14.7527
-14.8336
-14.8629
-13.5649
-12.3266
-13.6003
-14.1096
-9.71211
-5.32965
-4.49279
-7.49691
-8.87514
6.51942
20.4716
33.4503
43.3344
50.5746
54.8334
56.8365
58.1756
60.5248
64.0934
67.7158
69.9292
70.4562
69.4286
67.2953
64.8178
62.9246
62.2187
61.8099
61.4173
60.1683
57.2633
52.5764
47.4016
43.0376
36.9863
26.6504
11.5411
-3.53432
5.02213
20.8224
30.1306
34.1618
34.1951
30.8351
24.8078
17.1045
10.7723
11.3068
12.5352
11.285
8.18748
5.94157
4.98237
2.76237
0.0836494
-1.397
-3.53839
-7.7647
-13.7885
-20.0158
-21.9351
-19.7969
-17.8724
-17.9462
-19.2784
-19.3586
-18.9698
-19.6615
-2.26212
-2.24151
-3.87444
-5.56093
-6.78664
-8.28648
-9.10715
-9.18574
-10.0352
-10.7155
-8.35713
-4.19854
-1.86005
-2.2918
-4.89937
-7.55727
-9.72707
-13.1712
-17.6528
-20.3752
-18.4054
-15.0482
-12.7767
-11.7375
-11.1019
-10.8651
-11.903
-13.7696
-15.0169
-15.6795
-17.0434
-17.4056
-16.2721
-16.0256
-16.636
-16.7662
-16.3462
-15.673
-15.1941
-15.7748
-17.4921
-18.1217
-17.1302
-16.6966
-17.2732
-18.235
-18.6718
-17.0868
-14.4756
-13.2686
-13.9447
-14.9797
-14.341
-10.4407
-4.87567
-1.20931
-0.881618
-3.87593
-6.09723
3.46662
18.4256
31.1984
39.9288
46.9023
51.4874
54.1551
54.9829
54.0991
53.2069
54.3896
57.0067
58.7974
59.4143
59.8199
60.6233
61.0219
60.0376
57.634
54.8038
53.0409
51.7751
49.6957
46.0209
40.2747
31.4456
19.9088
5.63032
-5.2431
5.5514
22.1542
31.5416
35.3823
34.9029
30.7344
24.0372
17.2363
14.0795
16.3118
17.3931
15.4495
11.0867
7.05267
3.98479
-0.595665
-5.39252
-6.11256
-5.50818
-5.49973
-6.39481
-8.57283
-12.1876
-16.9448
-19.0918
-15.0354
-11.5307
-11.2053
-13.5155
-16.7121
-2.12772
-3.52785
-5.70549
-5.5567
-4.25042
-5.1345
-8.21556
-8.408
-4.46268
-2.26173
-2.15098
-2.33569
-2.68476
-5.06922
-9.02501
-9.73473
-8.54975
-8.65679
-9.99807
-12.2929
-15.7631
-18.352
-17.6883
-16.3909
-16.1131
-16.5574
-16.5433
-15.9997
-15.817
-16.9043
-18.8769
-19.5653
-18.5651
-17.9758
-18.6974
-20.4759
-22.5203
-23.4341
-22.3943
-20.7143
-19.4255
-19.1698
-20.0982
-21.2715
-21.3489
-20.7595
-20.3687
-20.6542
-21.4724
-21.4833
-19.8968
-17.6139
-14.1668
-8.03558
0.267013
5.57437
7.07285
4.91904
0.692587
3.76806
21.6859
34.9714
43.771
50.2782
54.885
56.6756
55.349
52.7914
53.8717
56.9132
58.2823
57.7832
56.8993
56.7285
57.8362
59.2337
59.3165
57.5219
54.612
51.6817
50.0958
49.4453
47.5231
42.4618
33.62
21.82
6.42434
-10.7475
5.55584
22.5256
31.9813
35.6585
34.56
28.8023
18.9417
11.9017
11.4938
15.125
16.709
14.9571
9.27851
0.918368
-3.26803
-4.404
-4.19466
-2.27678
-1.30733
-2.77382
-6.18061
-10.0829
-14.7014
-19.8579
-16.7133
-10.1075
-7.0687
-7.60264
-10.1614
-12.3408
-9.67199
-9.56736
-6.02163
-2.13148
-0.543776
-1.76668
-4.81692
-6.04564
-4.24523
-3.53027
-5.47633
-9.01289
-9.36128
-6.73283
-5.70651
-6.88995
-8.52136
-9.36702
-10.5996
-12.9953
-16.7838
-22.0717
-26.3672
-24.8873
-20.5658
-16.3811
-12.9459
-11.062
-11.4213
-14.2135
-18.529
-21.2848
-21.602
-20.4523
-17.5251
-14.6395
-13.7342
-14.861
-16.4384
-17.0598
-17.7605
-19.4966
-20.9456
-20.3421
-19.4583
-19.8159
-20.679
-20.8642
-21.1853
-22.5803
-23.8137
-22.3171
-18.4712
-9.89986
-0.551693
5.2524
7.22741
5.90954
2.59641
3.33378
15.9982
27.5027
35.2799
40.9882
45.2883
47.4551
47.5108
47.9074
50.9952
54.5064
56.9923
57.9132
56.947
54.7392
53.8252
55.2111
56.6119
56.8511
55.4655
52.7736
49.9124
47.8174
44.7907
38.6902
28.3639
15.3215
3.89329
-7.60813
4.66717
21.3996
30.5676
33.8762
32.1616
25.0488
11.6826
2.56975
4.23364
7.41252
8.80478
7.82925
4.20273
-1.03222
-5.46708
-8.86679
-11.8059
-14.8133
-17.9193
-19.6523
-17.6605
-15.4821
-14.3588
-13.4101
-12.4691
-11.688
-11.2845
-11.3114
-11.6034
-12.0673
-11.362
-5.10714
0.069272
3.94754
5.75055
4.88292
1.27824
-3.57035
-5.53656
-4.86242
-5.30273
-7.47028
-8.21544
-6.95631
-6.85524
-8.72758
-11.7963
-14.9026
-16.6079
-16.4958
-17.0081
-18.5168
-18.8673
-17.053
-14.8637
-13.1421
-11.0984
-9.37676
-9.82572
-13.9093
-21.7016
-28.1072
-27.646
-24.5084
-20.476
-17.4724
-16.5798
-17.3524
-17.8396
-16.7665
-16.2343
-17.9525
-21.4494
-23.4908
-22.7449
-22.2961
-22.9173
-24.6155
-27.1322
-27.7346
-25.1626
-22.435
-20.332
-9.29733
2.53248
9.80431
12.4623
11.0643
6.42328
7.84396
21.3564
33.5048
41.4291
46.8275
49.7121
50.2806
49.1539
49.0326
52.2292
56.2225
58.728
59.0553
57.9215
57.5978
59.2973
61.2634
61.9312
60.9192
58.7362
56.4359
54.4121
51.5135
46.787
39.363
28.1802
15.4613
3.12519
-8.21585
3.99841
20.7629
29.8869
33.1843
31.5269
24.7612
13.3922
7.39665
7.63308
9.27366
9.61612
7.54107
3.38961
0.593826
1.79268
3.42647
3.32124
0.802188
-4.3862
-10.8336
-14.067
-12.6284
-12.1924
-13.6034
-11.6161
-6.76981
-4.51181
-5.91079
-9.9571
-12.5852
-12.5846
-10.2401
-8.48438
-4.94186
0.137424
2.64342
1.37157
-2.88957
-6.29877
-6.54105
-6.58517
-7.3918
-9.32808
-12.2431
-14.3266
-13.6978
-12.7727
-13.7376
-16.8593
-20.9322
-23.9222
-23.7685
-20.3379
-17.7362
-17.8127
-20.3363
-22.222
-21.0598
-20.1192
-21.2543
-24.0353
-26.9702
-27.4241
-24.7012
-21.9842
-21.4311
-23.1436
-26.04
-27.0976
-24.3114
-22.2748
-23.2511
-27.3543
-31.5127
-28.6326
-23.8526
-21.5998
-22.1968
-23.9484
-23.1946
-21.5257
-21.6507
-22.9563
-17.1871
-6.40503
1.15134
5.69518
7.71389
7.681
11.4872
23.6755
36.8863
45.8871
52.0594
55.998
57.7666
58.0835
58.7659
61.1969
64.0663
65.843
65.7883
64.1907
62.3096
61.5359
61.6048
62.2039
63.172
63.1484
61.2381
57.8309
54.2429
50.483
44.5605
35.8124
26.2604
15.4621
1.44418
3.40163
19.8254
29.1784
32.773
31.5921
25.8769
16.774
10.0144
6.44097
6.2985
6.47259
4.60381
1.31141
0.277711
1.33787
0.814015
-2.05827
-6.39266
-11.0801
-15.2587
-18.1822
-20.0618
-20.2767
-17.886
-13.5675
-10.0498
-9.10565
-11.4671
-16.7004
-21.6867
-5.89883
-7.24215
-7.07616
-7.24135
-9.48869
-11.7263
-11.5604
-10.6327
-9.75317
-9.29687
-9.39568
-9.63975
-9.43589
-8.57424
-8.21267
-9.8039
-13.8965
-18.9801
-21.9964
-22.6574
-22.1506
-21.6744
-22.3072
-24.0881
-25.232
-24.1367
-22.3898
-21.7552
-20.4883
-17.7532
-16.3977
-18.1227
-21.8943
-23.4451
-22.906
-23.4918
-25.2363
-26.57
-27.2932
-27.6863
-28.4668
-30.1976
-32.762
-34.1621
-34.3082
-34.3839
-32.4405
-28.207
-24.8536
-23.3463
-23.5097
-24.6493
-26.2215
-25.9319
-17.5519
-9.3879
-5.18444
-4.67968
-5.65652
7.76741
27.9738
45.5812
57.4235
64.3077
66.718
65.3744
62.6508
63.3078
66.7691
70.281
72.7242
73.2888
71.8173
69.1209
66.6249
65.5228
65.4918
65.2211
63.8966
61.5736
59.0727
57.2356
55.2567
51.3357
44.4972
34.6896
21.1915
3.82156
0.621735
15.5578
24.8991
29.1381
29.3178
25.9379
19.6155
11.7952
5.35178
3.12904
2.82033
3.41843
3.73009
2.97816
1.1726
-2.02211
-7.38742
-13.7616
-18.9445
-21.4608
-21.0752
-19.5212
-18.7055
-18.4993
-16.1668
-12.7824
-11.162
-11.9322
-14.5698
-17.8061
-5.24588
-4.70795
-3.17279
-3.04777
-5.78906
-11.0567
-15.5757
-15.469
-12.9838
-10.6803
-9.25361
-8.86857
-9.26546
-10.349
-12.7305
-16.6725
-21.7816
-24.179
-19.3709
-13.7134
-11.2149
-12.1682
-15.7867
-18.8066
-18.4521
-17.9927
-18.9114
-19.9672
-18.5749
-15.2945
-12.6734
-12.5279
-15.039
-18.4735
-20.2259
-21.4847
-24.4511
-28.2152
-30.9845
-32.6246
-32.1856
-29.2246
-25.2289
-22.1734
-21.4913
-23.8501
-28.1759
-30.1214
-28.8147
-28.5038
-29.3024
-28.4364
-26.5952
-24.0252
-20.6028
-16.0366
-13.2686
-13.531
-13.8082
5.69355
28.0819
43.6803
53.3649
58.3277
59.9782
59.1794
57.0267
56.6485
62.677
69.9711
74.0717
74.6516
72.4674
69.7608
69.9495
71.9044
72.5723
70.9415
67.5057
64.531
63.3363
61.9522
58.8786
54.1102
47.6219
38.5653
24.8921
6.28126
-0.547932
12.2254
20.9674
24.8036
24.8093
21.6644
16.1277
9.01902
2.84787
2.49888
4.44323
5.83869
5.75734
4.08859
1.24302
-2.55191
-8.24506
-15.4457
-21.1796
-25.4043
-27.2709
-26.4779
-24.732
-23.4237
-20.3359
-16.8936
-16.0146
-18.393
-22.6446
-24.4741
-10.7736
-9.80238
-6.75478
-3.08941
0.974756
3.99862
4.56175
2.03338
-3.02084
-6.8848
-7.55834
-8.40575
-10.1079
-11.2476
-12.5592
-15.8326
-19.7781
-18.8108
-14.9193
-11.3876
-10.0293
-11.8534
-16.8766
-21.0108
-18.7047
-15.7669
-15.0083
-15.9369
-17.3992
-18.7397
-19.7237
-20.2259
-20.9705
-22.9344
-26.3426
-30.7804
-34.6935
-33.2617
-29.4539
-26.7071
-25.023
-24.0896
-24.5638
-27.1729
-31.3188
-32.4351
-28.4462
-24.8189
-24.598
-27.3459
-28.47
-24.7172
-22.1132
-21.5567
-21.8137
-21.8127
-22.7345
-24.8138
-19.0261
8.23663
26.0357
39.3569
47.3933
50.9735
51.1907
49.3186
49.4159
56.9838
66.568
73.2712
76.4262
76.3232
73.7084
70.1332
67.7033
67.8079
70.4789
72.5807
72.1166
69.1055
65.6154
64.108
62.6318
58.6189
50.9531
39.4015
24.3688
9.10737
2.00445
10.0452
18.1667
22.5489
23.611
21.9032
18.0557
13.3276
10.0676
8.82392
8.54476
8.9551
9.06173
7.9494
5.15203
0.379892
-6.65113
-13.5405
-17.0934
-19.7215
-20.8681
-20.6797
-21.4016
-23.8165
-25.6683
-24.4095
-22.1092
-20.2739
-18.9622
-19.3528
3.69834
3.3266
3.55899
5.33895
7.57889
8.48138
6.78034
2.097
-3.74277
-6.13876
-5.78577
-5.75682
-7.43001
-10.6219
-14.1968
-16.8635
-17.4209
-15.4185
-14.4044
-15.3253
-16.7018
-17.6729
-19.3228
-21.1839
-20.4885
-18.0668
-15.129
-12.7307
-12.195
-14.2492
-18.8252
-24.5253
-29.5004
-32.0276
-31.6493
-30.495
-30.296
-31.3711
-33.1343
-32.897
-28.7541
-25.3949
-24.6023
-25.4144
-26.6219
-27.7745
-28.1737
-27.6093
-27.4687
-28.0558
-28.7168
-28.5933
-26.4808
-23.7484
-21.8972
-21.9717
-23.7243
-26.2961
-19.4363
3.83252
18.468
32.6828
42.397
47.4355
49.0499
49.8361
52.1017
54.8042
57.6161
60.6119
63.4845
65.2696
65.4843
64.5342
63.7237
64.3984
65.3869
64.937
63.1963
62.2672
63.8115
65.7056
65.6336
62.4808
55.4156
43.9313
27.3987
8.17868
1.24995
14.4135
24.6632
29.5639
30.3477
27.6839
22.9189
20.7636
22.5659
23.0629
20.3526
16.9031
16.6764
16.8413
15.0852
11.4675
6.15664
-0.714245
-5.91897
-8.53714
-12.5576
-18.8191
-23.0334
-23.3424
-24.0612
-26.1948
-26.9238
-25.7844
-25.1732
-25.9732
-2.33476
1.0228
3.89094
4.74077
2.89773
-1.42009
-6.05152
-7.7173
-8.00765
-7.75693
-7.5907
-8.12249
-9.33974
-11.0652
-13.4216
-15.4437
-15.5373
-15.4537
-17.8169
-22.6393
-26.4726
-26.4229
-25.0557
-23.9644
-22.849
-21.6807
-19.8533
-18.2418
-18.3729
-20.8937
-25.34
-29.4586
-30.2629
-27.7215
-24.8031
-22.8509
-22.314
-23.4447
-26.5762
-31.2783
-33.6373
-30.2652
-27.3428
-26.5784
-26.3014
-24.8191
-23.2585
-23.3232
-25.0483
-26.2097
-25.7081
-25.0538
-25.1
-22.4725
-17.6301
-14.4398
-14.3922
-17.3257
-17.1368
-3.75517
13.5922
31.9183
43.8034
50.5824
53.5194
53.9481
54.165
55.9025
57.7125
58.5322
58.668
58.6056
57.9877
56.8722
56.6943
58.0061
58.5748
57.518
55.7619
55.5147
56.7831
57.2143
55.0399
49.1765
38.8211
24.1675
9.23146
-7.45876
-8.38062
6.60958
16.5095
21.6765
23.6243
24.2091
26.1599
29.9075
33.2499
34.9646
34.9443
33.5701
31.0638
27.205
21.7997
15.6099
10.7778
7.79381
4.81551
-0.302369
-8.50564
-17.6471
-22.5589
-23.5035
-24.3816
-25.5823
-26.052
-23.4909
-21.4449
-21.6951
-11.2747
-7.67747
-6.15529
-6.7023
-8.22004
-10.6836
-14.9888
-19.711
-16.8356
-9.55938
-4.49019
-2.58086
-3.73114
-7.56837
-12.958
-16.7335
-17.4794
-18.6274
-22.1658
-26.6333
-26.8912
-24.6405
-23.9641
-25.3765
-28.0001
-29.1321
-25.402
-21.1075
-19.0092
-19.1999
-21.0512
-23.4765
-24.8168
-23.181
-19.863
-17.6708
-18.0818
-21.4796
-26.8725
-30.761
-30.4478
-28.027
-26.0358
-25.0867
-24.786
-25.0235
-25.9062
-26.9313
-27.5831
-27.7682
-27.3045
-25.5897
-23.5188
-21.8223
-19.5114
-17.5792
-17.4384
-18.9229
-15.3966
-4.47082
15.2213
28.5566
38.6549
44.8237
47.7635
47.7729
46.0831
45.0765
45.7667
46.0368
44.9948
43.9073
44.6092
46.9502
50.0199
52.0457
52.7435
52.3013
51.1465
49.5375
47.9469
46.3819
43.6278
38.3346
29.1881
16.7201
2.46458
-12.3985
-16.8111
-4.60773
6.75732
14.1812
18.1498
18.9636
17.1429
15.1672
19.7848
26.1329
29.7735
30.4792
28.5573
24.3378
18.2896
12.9711
10.1027
7.81715
4.91823
0.927377
-4.15868
-8.54474
-9.10138
-7.59956
-7.89175
-11.253
-16.4291
-18.6445
-18.0045
-19.5031
-14.767
-11.6487
-9.42537
-8.49273
-8.84664
-10.2479
-11.7472
-12.6246
-13.44
-13.7154
-12.5557
-11.8219
-13.2614
-16.741
-20.0927
-20.8231
-20.0599
-19.7078
-20.2588
-21.601
-23.0212
-23.6216
-23.108
-22.4277
-22.4172
-22.8424
-21.6526
-18.6166
-16.2811
-16.0387
-17.5898
-20.2077
-23.5072
-25.744
-23.6552
-20.2816
-19.2474
-20.9853
-24.1418
-25.4202
-24.8404
-25.1482
-26.5548
-26.7169
-24.9166
-23.9519
-24.2403
-23.6623
-21.2861
-19.6133
-19.7822
-20.6096
-21.1674
-19.4591
-17.1694
-15.7619
-16.3188
-17.8699
-15.0137
-1.32321
14.8697
25.4377
33.3485
39.1054
43.0569
44.7631
44.5184
44.0858
45.1967
46.7271
47.4835
47.4557
46.632
45.2
44.8588
45.8166
46.1566
45.5372
44.7797
44.0996
42.5979
40.1695
37.0121
31.9413
23.3749
11.2705
-3.35735
-15.8915
-13.1342
2.979
13.2389
18.1944
18.8139
15.6567
9.80454
6.56464
9.58586
13.4068
15.5578
16.7415
16.656
14.5344
10.4454
6.50053
4.36046
2.37392
-0.470777
-4.45652
-9.7312
-15.2673
-17.9201
-17.5467
-18.2153
-20.6542
-23.3496
-21.6507
-18.4453
-17.9232
-11.0872
-11.0282
-10.5904
-8.86628
-7.74617
-8.38073
-9.84406
-10.4073
-10.6843
-11.3937
-11.4694
-11.5712
-13.0809
-15.534
-17.1984
-18.6258
-20.3755
-21.6156
-21.2607
-19.2711
-17.0738
-16.1376
-16.8685
-18.9275
-21.7192
-23.6758
-23.6133
-22.1592
-19.9177
-18.2602
-17.976
-19.0228
-20.828
-21.9621
-21.083
-19.8913
-20.4079
-22.7611
-25.2794
-25.5435
-23.3197
-20.6106
-18.8735
-18.6793
-19.8067
-20.4925
-19.6425
-18.5883
-18.2794
-18.1577
-17.0703
-15.2569
-13.7105
-12.1667
-9.45413
-7.66383
-8.41409
-11.85
-12.7278
-1.49826
13.2197
25.0281
32.4736
37.8912
42.0225
44.261
45.1123
45.8928
47.3743
48.6789
49.242
48.7531
47.2364
45.993
45.4739
44.6257
42.7481
41.0741
39.7893
37.6802
34.1478
30.4258
27.2414
23.0272
17.2148
10.2464
-0.0915275
-11.3014
-3.72248
11.7004
21.3264
25.567
25.1914
20.2906
10.8416
2.11433
3.82718
7.76959
8.5658
6.49506
2.42406
-2.02556
-6.41009
-9.30534
-10.1688
-11.2363
-13.5515
-16.4663
-18.8362
-20.6607
-22.371
-24.7957
-27.5277
-28.3949
-26.9115
-25.5474
-25.4804
-25.6021
-8.73756
-10.8718
-9.76712
-7.57108
-7.74391
-10.9661
-15.3755
-15.3417
-11.813
-8.70856
-7.5291
-8.83269
-12.9147
-19.127
-22.4895
-20.1611
-17.6908
-17.4605
-19.1016
-20.8029
-20.0924
-17.5001
-15.1733
-13.8803
-14.0092
-15.4006
-17.6007
-18.5516
-17.7648
-17.356
-17.6405
-17.062
-16.0286
-16.272
-16.8906
-16.322
-15.4935
-16.0061
-17.7269
-19.0408
-19.0768
-19.3355
-21.1762
-24.0487
-25.3888
-23.7243
-21.5305
-20.1749
-19.3678
-19.4331
-20.7541
-22.6268
-23.2118
-18.986
-11.578
-6.40302
-4.68508
-5.96479
-7.82084
0.508164
12.6594
22.6231
28.7675
32.845
37.0808
40.7489
42.7124
42.5321
41.0973
40.7602
42.3959
43.6759
44.0844
44.4913
44.8875
44.1253
42.2678
39.8338
37.1057
34.0247
31.1027
28.7195
25.8734
20.4923
11.1717
0.65476
-10.3011
-15.0156
1.11828
17.3382
26.8987
30.8623
30.1967
25.0773
15.686
4.70455
-4.05878
-5.90974
-5.90366
-5.51037
-5.04385
-4.93291
-5.63661
-7.43849
-10.5658
-13.8464
-16.1222
-16.6188
-15.5941
-13.8213
-12.883
-13.6874
-15.7835
-16.6482
-15.459
-14.8212
-16.6446
-20.3689
-13.4212
-11.2559
-9.02722
-8.07904
-9.11046
-11.6075
-13.7622
-13.7974
-13.075
-13.0186
-13.6812
-15.2322
-18.1281
-21.4784
-23.0667
-22.7033
-20.5561
-17.0359
-14.4951
-14.0836
-15.3702
-16.8757
-17.1435
-16.7367
-17.0053
-18.5607
-21.1349
-22.876
-22.2726
-20.9385
-20.668
-20.6462
-19.2514
-17.637
-17.0683
-16.9539
-16.3327
-15.8492
-16.7453
-19.1143
-21.3635
-20.7879
-18.8028
-17.839
-18.0631
-18.65
-19.0434
-18.6958
-17.345
-16.3943
-16.6638
-17.3277
-17.9553
-16.3859
-10.7199
-5.99923
-4.86379
-6.92721
-8.3586
7.74729
23.9064
34.5849
41.3331
46.2672
50.0617
52.047
51.5637
49.5157
48.8334
49.6546
49.1894
47.1462
45.5155
45.0699
44.0677
41.642
39.1402
37.8368
35.9936
33.3059
31.1052
30.0985
28.8071
25.4094
19.2277
10.176
-1.09944
-12.1718
1.27482
17.5222
26.5764
30.1085
29.1082
23.8787
15.1886
6.36597
0.055241
-1.13803
-3.95162
-8.32761
-12.8089
-16.6709
-18.1048
-16.6835
-15.4236
-15.5508
-15.7671
-15.4186
-15.6835
-16.484
-16.2778
-15.1022
-14.0449
-13.4358
-13.8601
-16.5176
-22.5266
-31.3478
-10.3947
-10.1581
-10.5556
-11.0205
-10.6009
-9.8854
-9.58886
-9.52255
-9.6164
-10.3991
-12.0744
-14.3034
-17.0342
-19.3082
-19.6023
-19.1893
-18.4109
-17.1944
-16.6036
-17.4442
-19.1469
-19.7184
-17.9904
-16.4393
-16.4669
-17.6269
-19.5435
-22.5513
-25.4411
-25.4788
-23.2562
-20.6086
-18.9762
-19.2162
-20.622
-21.6397
-21.6279
-21.3122
-21.344
-22.2029
-23.6549
-23.0753
-20.1795
-17.9483
-17.5049
-17.7209
-16.9185
-15.5337
-14.8236
-15.0417
-15.7054
-16.306
-17.1095
-17.431
-14.8577
-11.6479
-11.0524
-13.5749
-13.2353
2.42183
17.6746
28.93
39.0074
47.6924
53.2357
55.4289
54.9382
52.9902
51.3159
50.2502
49.3939
48.4418
48.3987
49.4447
49.546
47.5179
44.5367
42.952
42.0577
39.9052
36.0253
30.9739
25.9095
21.9379
17.9865
11.6272
1.32701
-13.4661
3.23185
20.4912
29.8893
33.5401
32.4761
26.8707
17.2258
7.40057
-0.793951
-5.36226
-8.2104
-9.87916
-11.3114
-12.936
-13.4397
-12.191
-11.1399
-11.8523
-14.2713
-16.2763
-16.1538
-16.1641
-17.2298
-17.1985
-12.0897
-5.83814
-2.75985
-3.62912
-8.48528
-16.2146
-19.5528
-16.4485
-13.8878
-12.563
-12.5641
-13.0938
-12.4716
-10.5368
-9.28187
-10.1409
-13.2381
-16.9915
-19.1638
-19.4203
-19.999
-21.8878
-23.5296
-22.6354
-21.3332
-21.7726
-23.6064
-25.1243
-25.1565
-24.1947
-23.9511
-25.1463
-26.8291
-26.638
-24.674
-23.4173
-23.7603
-24.7949
-25.3082
-25.5244
-26.0875
-26.2274
-25.0392
-24.0307
-24.3568
-25.1643
-24.7233
-23.2897
-22.0828
-20.8905
-19.9091
-19.5877
-20.2127
-21.6961
-23.1543
-23.8178
-24.1536
-24.2416
-24.0638
-22.5902
-19.12
-16.0264
-14.9749
-15.7949
-12.4467
-2.31681
11.3547
22.533
33.6004
42.0574
47.396
49.8332
49.9706
48.7386
47.5058
47.2735
47.5494
47.5561
47.4768
47.7976
47.7121
46.4318
44.9359
44.5421
44.2116
42.5228
39.2088
35.5349
32.7843
29.0184
22.5152
12.0985
-1.55462
-13.144
3.63507
21.121
31.182
35.6408
35.5544
31.1656
22.4648
10.5226
-2.99866
-4.31964
-0.23086
2.93485
3.36578
1.84126
-0.235584
-2.1241
-4.68665
-7.2216
-8.54142
-8.71795
-8.17014
-8.23779
-10.5003
-15.6066
-17.7348
-13.157
-10.0664
-10.5484
-14.19
-19.1146
-8.5363
-9.26445
-10.6953
-11.3309
-10.784
-9.32693
-8.06845
-7.44783
-6.5758
-5.88551
-7.09732
-11.2279
-16.1165
-16.9163
-16.646
-18.2027
-20.5386
-21.6095
-21.6592
-22.4355
-23.9728
-25.6822
-27.4672
-28.6328
-28.6843
-28.4156
-29.2428
-29.3249
-27.2293
-24.4675
-22.3771
-21.8666
-23.0823
-24.9774
-26.1118
-26.5379
-25.9457
-24.1674
-23.1394
-23.9666
-26.3852
-28.1708
-26.4095
-23.5354
-21.3372
-19.8029
-19.5622
-21.5256
-25.3372
-28.3741
-28.4601
-28.1934
-29.4532
-29.0672
-24.5064
-19.8278
-17.8996
-18.6821
-14.6207
0.0265998
14.3346
22.8983
28.0529
31.7114
33.8626
35.0911
37.3755
40.755
42.8969
42.9545
41.6063
40.0505
39.367
39.4588
40.2932
41.8737
43.5926
44.7444
45.1984
45.6738
46.0444
45.5077
43.4162
39.5476
33.4012
23.9598
11.5338
-1.91377
-1.46727
13.2726
24.3849
32.6052
37.4868
38.5366
35.4219
27.415
14.2463
5.51394
3.84931
3.08056
3.24836
3.18337
2.07193
0.718383
0.10335
-0.818708
-3.24661
-7.08831
-10.5569
-12.4576
-14.0895
-17.1255
-21.6957
-25.3204
-24.2654
-22.9645
-23.7625
-26.3705
-14.2859
-14.6609
-13.4892
-10.5908
-8.54797
-8.89867
-11.4956
-14.7122
-16.2123
-16.3716
-16.819
-18.5203
-20.9129
-23.1425
-25.2082
-25.183
-22.9406
-21.3652
-21.2576
-21.8464
-22.7222
-24.2806
-25.7066
-25.1468
-23.4438
-22.6443
-23.5635
-25.4829
-26.4361
-25.5621
-23.4962
-21.8304
-21.5294
-22.1166
-22.3914
-22.3248
-23.0334
-24.3464
-26.1657
-27.2373
-26.8119
-25.5522
-24.1403
-22.6441
-22.1241
-23.1445
-24.6905
-25.2205
-25.6476
-27.0534
-28.2386
-28.2125
-28.1592
-28.2709
-28.0381
-27.3764
-26.8919
-26.733
-16.9916
-1.11707
12.4623
19.4052
21.2527
19.2549
18.7792
23.9652
29.3036
31.9293
31.8936
29.7474
27.1128
24.722
24.1792
27.6101
32.5121
35.4371
36.3655
37.2164
38.9706
40.9453
42.7636
43.7039
42.7456
39.3675
33.7543
26.0924
15.8585
3.10126
5.55817
23.6174
36.0376
43.7426
47.6165
47.7597
43.9727
35.5645
21.4326
8.32055
6.56202
5.99748
5.39433
3.57309
-0.030251
-3.6558
-4.81309
-5.83872
-8.90939
-14.733
-20.7054
-22.1453
-21.7958
-22.1522
-22.8576
-23.1436
-23.0954
-23.0779
-22.7822
-22.678
-13.8599
-12.429
-13.6223
-15.8415
-17.5151
-19.1997
-20.8912
-21.4391
-20.9269
-20.7376
-20.871
-21.4548
-23.3744
-27.534
-32.1845
-32.3384
-28.6824
-25.4028
-23.8068
-23.9594
-24.6818
-24.0698
-21.6539
-19.3887
-18.9064
-20.9002
-24.7009
-25.3499
-22.1145
-19.9588
-19.4494
-19.8962
-21.353
-23.6545
-23.9747
-22.4431
-21.9489
-23.2486
-25.5817
-27.1625
-25.5728
-22.3048
-20.235
-19.8427
-20.8747
-22.6967
-24.5869
-25.7943
-25.9679
-25.2627
-24.792
-24.6977
-24.2273
-23.8779
-23.7491
-23.3957
-21.3635
-18.9882
-13.9766
-0.922196
12.2141
19.2035
21.2139
18.8353
13.7683
14.6104
21.1624
25.3838
27.3744
28.119
28.3524
27.0388
24.5953
23.8071
26.0919
28.3896
28.932
28.513
28.7595
30.4387
32.043
32.2575
30.8968
28.9916
26.8452
22.9489
15.0464
1.74022
10.1389
29.2381
41.4327
48.2029
50.4829
48.5869
42.2473
30.5925
13.226
1.87329
1.82003
1.46762
-0.281887
-3.02061
-6.13407
-8.90941
-11.3969
-14.6536
-19.061
-23.2258
-25.056
-25.7116
-26.7716
-29.1284
-29.6265
-26.9565
-24.178
-21.8483
-19.8575
-19.2971
-19.9658
-19.8964
-20.8118
-20.246
-18.8525
-18.6912
-19.0873
-18.3282
-17.6301
-18.061
-18.7728
-19.7118
-22.0613
-25.654
-27.6297
-27.4268
-26.2098
-23.3527
-20.7311
-20.1992
-22.152
-24.868
-25.0914
-23.0154
-20.7351
-19.6071
-20.5753
-23.1888
-23.8359
-21.3509
-19.3402
-19.1692
-20.6337
-23.0913
-24.6263
-23.1629
-21.1873
-20.9236
-22.2162
-22.8718
-21.2863
-19.0656
-18.1034
-19.2301
-21.7868
-22.3312
-20.1529
-18.7408
-18.8254
-19.7755
-21.2549
-22.9515
-23.6145
-22.2691
-19.6871
-17.8792
-17.6481
-18.8856
-15.9484
-0.113534
13.7052
21.2133
23.9756
23.0651
19.9931
18.6456
21.8212
25.8769
29.2806
31.84
32.9696
31.4824
27.5571
24.5435
25.9784
27.9307
28.7798
28.8277
27.7183
25.5713
24.6938
25.6562
25.754
24.2069
21.2938
16.6736
9.0417
-2.77685
-3.32657
16.5682
30.6555
38.89
42.1408
40.8813
34.8521
22.9599
3.89554
-14.3947
-16.0908
-15.4838
-14.9884
-14.9171
-15.1676
-15.803
-16.54
-17.0431
-17.1086
-17.4313
-19.1743
-21.6401
-22.7749
-22.4123
-22.6135
-23.937
-24.3236
-22.7242
-21.2308
-20.9331
-21.1324
-20.7184
-20.6284
-19.3348
-17.1016
-15.0815
-14.1737
-14.9881
-17.4157
-19.2434
-19.119
-18.3418
-17.0184
-16.006
-16.881
-20.2711
-24.2271
-24.1228
-20.9477
-18.6145
-18.2939
-19.6255
-21.2614
-22.2622
-23.1663
-24.6169
-26.8693
-29.8366
-30.7923
-27.9791
-25.3341
-24.2315
-23.9858
-23.2841
-21.7223
-20.6126
-20.8528
-21.5598
-21.1083
-19.1331
-17.0958
-15.8878
-15.7266
-16.6296
-18.7142
-21.7133
-23.9768
-24.4756
-23.4372
-21.8379
-21.0392
-21.0384
-21.7689
-22.0073
-21.6367
-20.8235
-20.0733
-19.5106
-14.6926
-1.67595
12.0554
19.9347
23.8636
24.6024
23.69
23.5779
26.3291
30.0316
32.6355
33.9446
34.4716
34.1878
32.2436
29.1789
27.5374
28.3653
30.1277
30.872
29.0758
24.6031
19.9453
18.6314
18.4919
17.8035
16.0631
12.2353
4.45526
-7.56814
-4.08721
13.1824
26.042
34.4867
38.4338
38.0956
33.2506
22.9239
6.044
-11.0514
-13.1227
-14.5172
-16.541
-18.9887
-20.021
-19.5935
-20.2743
-22.1336
-21.9793
-20.1765
-19.2659
-19.7634
-21.0701
-22.119
-22.1749
-21.8375
-22.3852
-23.8465
-24.8049
-24.7499
-19.7654
-21.6379
-23.2299
-22.4293
-20.5295
-18.8268
-17.959
-18.4472
-20.3031
-21.156
-19.0557
-17.0727
-16.6027
-17.141
-18.398
-21.0303
-24.1401
-24.3814
-22.3727
-21.0405
-20.5045
-20.3039
-20.0884
-19.8951
-20.437
-21.9609
-23.9735
-26.1606
-28.072
-27.7902
-26.8244
-27.4513
-29.1502
-29.1508
-26.5121
-24.3278
-24.2007
-25.3116
-25.7317
-25.0359
-24.0446
-22.5607
-20.4842
-18.7642
-18.5412
-19.6139
-20.2672
-19.3678
-18.2444
-18.3222
-19.2229
-19.6064
-19.1467
-19.4553
-20.0654
-18.9244
-16.2462
-14.8405
-12.2138
-2.26027
11.486
20.743
27.0458
31.1065
33.3476
35.038
38.2657
42.106
44.2777
43.7516
40.6869
36.2993
32.7843
30.8996
29.7708
31.1269
34.7228
36.8441
35.7756
31.3524
25.376
22.4259
20.9628
18.5629
14.7568
9.42944
0.526191
-11.373
11.7159
30.1797
40.7833
45.6225
45.9517
42.1519
34.3742
23.2711
7.05991
-8.97415
-11.7853
-11.9022
-13.1157
-16.361
-19.7974
-19.4983
-16.0118
-13.8606
-14.0954
-16.6027
-20.469
-23.4652
-23.1273
-21.3758
-20.5186
-20.8257
-21.6071
-22.1936
-22.5303
-22.9854
-23.0152
-20.6175
-17.7684
-15.7461
-15.2727
-15.7634
-15.4829
-14.5187
-14.9385
-16.8605
-18.3897
-19.5672
-21.9627
-24.8457
-26.0536
-26.7351
-28.1213
-29.8736
-31.9167
-33.5521
-33.1085
-30.3761
-26.4639
-23.7462
-22.166
-20.372
-19.4031
-20.8561
-24.9047
-28.9051
-30.0867
-29.6233
-28.1919
-26.4613
-25.289
-25.3931
-26.7108
-28.0209
-28.7266
-29.5419
-29.726
-27.9432
-25.4933
-23.636
-23.078
-24.0172
-25.9011
-27.26
-27.3823
-27.29
-26.9912
-24.925
-21.9055
-20.5053
-21.4043
-22.4153
-20.1445
-17.3312
-11.5254
5.16252
21.335
31.5661
38.5386
42.2257
43.4412
44.1705
45.3807
46.1937
46.1098
45.3223
44.0889
42.5781
41.7514
41.0382
39.3568
36.6049
34.942
34.9826
34.4209
32.1955
29.0695
26.2218
24.1275
22.4983
19.3682
13.3491
3.34755
-9.73938
15.4753
33.7879
44.0149
48.3981
48.0533
43.1216
33.3563
20.1099
4.6223
-3.14004
-7.3008
-10.4024
-13.3023
-15.6255
-16.7874
-16.9824
-16.2183
-15.7168
-16.5132
-18.695
-20.8137
-20.2491
-18.6177
-18.3991
-19.1264
-19.1548
-18.279
-17.654
-17.4694
-17.8127
-19.6366
-22.1601
-22.2908
-20.1925
-19.1767
-18.8564
-18.8788
-20.363
-24.1513
-28.3312
-29.0925
-28.0896
-27.4571
-27.6026
-29.1417
-31.5615
-32.8438
-33.3509
-34.4852
-33.1663
-28.2627
-24.856
-24.4708
-26.5934
-29.3271
-30.7949
-31.9572
-33.8289
-34.9895
-33.9583
-32.4814
-32.2454
-32.6181
-32.6357
-32.4537
-32.9644
-34.5463
-35.1084
-33.5225
-31.5382
-29.7367
-28.439
-28.3603
-28.8688
-28.1673
-27.2969
-28.5551
-31.8883
-33.4891
-31.9025
-30.8179
-30.7418
-31.1587
-29.2541
-26.702
-25.8261
-25.4514
-23.2043
-13.5379
0.836269
17.6127
28.2819
35.2773
38.6345
39.4837
40.3281
42.2389
44.0326
45.2685
45.833
45.309
43.5869
41.8153
40.9405
40.0559
38.9728
38.6929
38.5587
36.956
33.8552
30.9906
28.8029
25.6047
21.1371
15.597
9.11114
-0.229537
-12.6994
11.5077
29.623
39.9229
44.5479
44.6998
40.7503
32.8867
21.826
6.76856
-2.50051
-3.50688
-5.87492
-10.7256
-14.8252
-17.0503
-19.9169
-20.7561
-18.1096
-16.5098
-17.6089
-20.6737
-21.6333
-19.4115
-18.3143
-18.7928
-19.2305
-18.9091
-19.1867
-20.3579
-21.7933
-18.4879
-19.2133
-17.7467
-15.4569
-14.8499
-15.8898
-17.4542
-18.6564
-20.0056
-22.2319
-25.0217
-27.2835
-26.7907
-25.2873
-25.1837
-26.9592
-29.8692
-32.8265
-33.9594
-30.6203
-25.819
-23.0441
-23.1765
-26.0011
-30.5112
-34.6288
-37.1303
-35.728
-32.3474
-29.649
-29.0661
-30.5667
-32.8168
-33.5794
-31.8764
-29.0217
-27.3366
-27.6606
-27.9646
-25.4916
-22.9888
-22.7856
-24.7541
-27.2213
-27.6505
-25.8151
-24.145
-24.0557
-25.0925
-26.1241
-26.5708
-26.3598
-26.0968
-25.9203
-25.6107
-26.1822
-27.1052
-25.6811
-14.7871
-0.02042
13.876
21.8587
26.2547
28.672
31.2641
35.4601
38.988
40.5106
40.8846
41.7327
43.3712
45.2729
47.048
48.3058
48.9154
48.6621
47.1906
44.1333
40.0085
35.9768
32.828
29.7705
25.5252
20.0365
13.4285
5.30504
-3.80096
-14.7162
-0.871493
16.5287
27.1868
33.5399
36.715
36.6449
32.9332
24.6546
10.2309
-3.92702
-7.95143
-10.9436
-14.9261
-17.5469
-18.3087
-18.1059
-16.3142
-14.7208
-15.0584
-17.4966
-19.8495
-20.5116
-20.7361
-20.5267
-19.8541
-19.7271
-20.5051
-21.6006
-22.9572
-25.114
-19.8026
-22.5306
-24.0358
-22.168
-20.612
-21.2124
-23.186
-24.3702
-24.6623
-24.5987
-24.0522
-24.0012
-25.2156
-26.6784
-26.9273
-26.976
-27.9675
-29.4943
-30.7642
-30.9296
-29.97
-28.7656
-28.3464
-28.8623
-30.3305
-32.6784
-34.8027
-34.57
-31.7236
-28.3105
-26.0342
-25.5817
-26.3043
-27.5261
-28.9125
-29.6665
-29.2246
-28.0943
-27.7036
-27.9027
-28.1044
-27.9722
-28.2475
-29.59
-30.9019
-30.1788
-28.8159
-28.4665
-28.3136
-27.288
-26.5441
-26.5325
-26.6081
-25.6638
-24.4441
-24.6219
-26.4883
-27.5611
-16.0447
3.12627
17.8831
25.6587
28.6257
27.8513
25.3128
25.7106
29.0252
31.698
33.3104
34.3223
35.8123
38.0928
40.1685
41.1939
41.6066
42.0861
42.3892
41.1406
37.66
32.5353
28.7886
27.6732
25.8414
21.7251
15.4167
7.42773
-2.63495
-15.4977
-7.23491
10.1474
22.3135
29.03
31.2741
29.416
23.3105
12.4617
-4.38039
-17.3433
-22.3231
-20.7442
-20.2654
-20.3116
-20.1788
-19.5311
-18.081
-16.3804
-15.5062
-16.1298
-18.1742
-20.3257
-20.612
-18.8366
-17.8144
-18.6186
-20.1688
-19.7736
-18.2305
-18.2028
-26.7975
-28.493
-27.7135
-23.6414
-20.7805
-20.8519
-23.5887
-27.0404
-28.8035
-28.9676
-28.1997
-26.9802
-26.0717
-26.3083
-27.7286
-29.8539
-31.1749
-29.9321
-27.6053
-26.6713
-27.6723
-29.5636
-30.6243
-30.6144
-30.454
-30.4504
-31.1594
-32.2791
-32.2541
-29.8873
-27.044
-25.5555
-25.3519
-26.1385
-27.3777
-27.9544
-27.314
-26.4662
-26.1869
-26.0058
-25.8986
-26.7399
-28.7568
-30.0382
-29.0669
-28.1438
-28.2048
-27.8198
-26.4238
-25.7008
-26.5342
-28.203
-28.9702
-28.1172
-28.0137
-28.3739
-27.89
-26.2763
-17.1023
-0.882431
12.8323
20.2218
22.5092
20.4223
15.4938
13.9743
17.4511
21.5233
25.7937
29.1476
30.9121
30.7997
29.2453
27.6857
28.1401
30.0433
31.3545
30.7161
28.3139
27.2393
29.1442
30.3889
28.5327
22.8217
13.3712
2.96467
-6.85638
-15.8568
-9.59184
6.67521
20.515
27.9898
30.5366
28.7114
22.4252
11.406
-4.44782
-15.7255
-21.7668
-22.6672
-20.3289
-15.9323
-13.6597
-14.4034
-16.7645
-18.4099
-19.2697
-21.2722
-24.2442
-26.9878
-28.2033
-27.3352
-25.4566
-24.0092
-23.1677
-22.4967
-21.8315
-21.576
-22.6703
-26.174
-27.6015
-26.6846
-25.524
-25.148
-25.4995
-25.9496
-26.48
-26.6752
-25.7906
-24.9488
-24.8182
-24.914
-24.5993
-24.4977
-25.3407
-26.863
-27.3212
-25.9719
-24.4345
-23.2635
-22.5597
-22.9181
-24.6163
-27.3757
-29.8947
-30.5667
-28.041
-24.888
-23.4478
-24.0588
-25.9681
-27.891
-28.5403
-27.9
-27.281
-26.1415
-23.8342
-21.7589
-21.539
-23.6027
-27.0049
-28.7293
-27.7816
-26.8288
-26.6188
-26.8129
-26.9561
-26.4594
-25.4769
-24.8281
-25.499
-26.3727
-26.3935
-25.4689
-25.331
-26.184
-18.3565
-2.69757
11.1891
18.2192
20.0982
17.1913
10.3703
7.28946
10.6335
11.7244
12.8593
13.5423
14.8801
16.0216
17.471
18.4463
17.8081
15.0949
13.3716
13.0607
12.6714
12.7158
15.2687
17.6523
17.1352
13.4032
7.46181
1.78213
-5.04832
-13.7257
-11.5429
4.58319
17.7853
25.0415
27.5929
25.9487
20.0736
9.73157
-5.03686
-15.0979
-18.8623
-20.2093
-18.7406
-16.6235
-16.3754
-17.4694
-18.1015
-18.3001
-19.3875
-21.351
-23.6439
-25.6841
-26.6915
-25.5882
-23.2141
-21.6152
-21.5938
-22.4613
-22.5323
-21.5181
-22.5647
-25.3772
-25.8254
-24.0662
-23.5347
-24.8315
-26.1629
-24.9029
-22.9595
-21.9985
-21.257
-20.1688
-18.9302
-17.9294
-17.4536
-18.0453
-20.161
-23.2071
-24.7013
-23.3366
-21.6134
-20.7531
-21.0479
-22.397
-23.8041
-24.0044
-23.4855
-23.3244
-23.7181
-24.1852
-24.5694
-25.3951
-26.74
-26.721
-24.5813
-22.0266
-20.4962
-20.4646
-21.8592
-23.8871
-24.9656
-24.4136
-23.063
-22.0344
-21.9547
-22.7549
-23.7695
-24.3747
-24.7433
-25.6011
-26.9509
-27.8557
-28.3415
-27.0499
-23.7633
-21.1232
-20.6443
-21.1186
-15.5219
-1.52553
11.5783
18.5091
20.3861
17.4776
9.90468
0.608892
-1.64798
-2.71939
2.23715
3.78956
6.63631
7.58765
8.49657
8.80025
8.59087
5.3794
2.09504
-2.97086
-5.92879
-6.32882
-2.28813
1.50508
2.39422
2.10863
1.39756
-0.884105
-6.81016
-16.3749
-18.5122
-7.67818
3.84612
10.9227
14.147
13.7374
9.61535
1.46737
-9.9683
-14.7648
-12.5957
-9.36284
-8.16023
-9.67653
-12.4848
-14.393
-15.6854
-17.7213
-20.6941
-23.1777
-22.7444
-20.3261
-18.9802
-19.7283
-21.9452
-23.555
-23.6281
-22.9604
-21.5476
-20.0235
-15.3674
-16.8643
-18.0124
-18.3214
-19.6034
-22.6554
-25.5546
-24.4213
-22.5605
-22.9406
-25.1592
-26.0766
-24.3848
-23.1497
-23.1374
-23.1606
-22.6485
-22.4405
-22.7803
-23.0049
-22.7876
-22.3119
-21.956
-21.8586
-21.6629
-21.4737
-21.7596
-22.4418
-21.7495
-19.44
-18.0095
-18.5802
-20.7014
-22.7928
-22.5066
-19.5448
-17.061
-16.395
-17.0604
-18.4315
-19.955
-20.3736
-19.6234
-19.3941
-19.951
-19.9939
-19.2929
-18.7044
-18.6156
-18.7369
-18.6086
-18.513
-18.9975
-19.4744
-18.9107
-17.6625
-17.1763
-17.3481
-13.9305
-1.34275
13.0013
20.7975
23.7704
22.6183
18.4049
13.5606
9.82455
4.49759
1.88991
-1.43815
-0.694692
-1.08799
-1.31665
-2.56142
-2.01608
-6.19744
-6.30314
-9.72696
-12.5314
-12.9532
-14.35
-14.7749
-15.0593
-10.1885
-7.35474
-7.34272
-10.0124
-14.2765
-15.5245
-7.49426
3.21373
11.0223
14.8936
14.7769
10.4972
1.52133
-11.4343
-17.5115
-12.8026
-8.06205
-6.45878
-7.83792
-11.0856
-14.247
-15.6416
-14.7148
-13.5888
-14.3531
-17.3093
-20.8469
-22.9437
-24.2247
-25.7652
-24.9568
-22.0452
-20.1365
-19.9453
-20.7889
-20.5957
-20.2023
-19.332
-19.3429
-20.193
-20.91
-20.9166
-19.9686
-18.1725
-17.0315
-17.5962
-19.9678
-23.1282
-25.1655
-23.4269
-19.5629
-16.7819
-16.0192
-16.8944
-18.5611
-20.2379
-21.5729
-22.8502
-23.3162
-22.7781
-22.6865
-23.8952
-23.5806
-20.6974
-18.217
-17.4377
-17.9427
-19.2311
-20.717
-21.2329
-20.7048
-19.6824
-18.0544
-16.3363
-15.9304
-16.7099
-17.0504
-16.7589
-17.3183
-18.9715
-20.4482
-20.5618
-19.8049
-19.6005
-20.4621
-20.4793
-19.1764
-18.6832
-19.0432
-18.5172
-16.6597
-15.3417
-15.199
-13.017
-2.66531
11.582
20.3516
25.1789
26.4277
24.7895
21.3897
18.1067
15.5333
13.9186
10.9729
7.84008
4.27571
1.27558
-2.2121
-2.62317
-5.80389
-3.73784
-5.34464
-7.33125
-7.69354
-8.26742
-9.48637
-12.3976
-12.4797
-12.5372
-13.0474
-14.7034
-18.2074
-16.3499
-3.31539
8.40561
15.411
18.0167
16.4892
10.6679
0.218329
-13.0761
-20.2699
-17.7957
-13.8174
-12.2599
-13.8558
-17.3857
-19.902
-19.6202
-18.5521
-17.8488
-17.9511
-18.8237
-20.2027
-21.9193
-23.599
-23.6199
-21.7216
-20.0395
-20.2095
-22.7456
-26.675
-25.1437
-21.9587
-20.9438
-21.5568
-21.2911
-19.7189
-18.7484
-18.7449
-18.897
-19.146
-19.8868
-20.7158
-21.0484
-21.1263
-20.88
-19.4984
-17.4743
-16.5485
-17.6066
-19.7507
-20.4728
-20.3632
-21.8942
-24.0299
-23.4492
-21.8097
-21.3963
-21.2009
-20.1557
-19.2234
-19.1988
-19.5591
-20.0062
-20.8194
-21.8145
-22.4258
-22.9905
-23.4191
-22.4271
-20.5266
-19.4996
-19.5517
-19.5598
-18.9004
-18.2587
-18.3177
-19.3156
-21.3512
-24.2713
-26.6622
-25.3461
-22.4331
-20.9023
-19.8132
-18.2352
-17.4749
-18.3993
-19.7976
-15.9343
-1.29542
12.803
20.246
22.9665
21.8215
18.5521
16.3243
15.6055
13.9056
11.8918
8.37355
5.71114
4.93073
5.1499
3.82172
2.73251
-0.74951
-1.06787
-1.56733
-0.985396
0.249761
-0.237619
-2.7702
-7.20819
-8.01448
-5.50361
-3.96345
-5.53219
-10.2458
-12.8759
-2.46137
8.95122
15.3199
17.0214
14.3308
6.97926
-5.16497
-18.7323
-22.3367
-18.5257
-14.811
-13.248
-13.6326
-15.0319
-16.0871
-16.3212
-16.8547
-18.9977
-22.0403
-23.2345
-22.9073
-23.369
-24.2995
-23.7897
-22.0565
-21.4652
-22.8442
-25.8513
-28.7299
-26.5525
-25.6808
-24.5608
-24.6614
-25.8631
-26.5153
-25.9691
-25.177
-25.1052
-25.4491
-23.8633
-20.5941
-18.9783
-19.907
-21.651
-21.7082
-21.1617
-21.8288
-23.1811
-23.8839
-24.0316
-24.3585
-24.5387
-24.3826
-24.5453
-24.9225
-24.1427
-21.8017
-19.8076
-19.3753
-19.4793
-19.4463
-20.4025
-23.1683
-26.2108
-27.0643
-25.7861
-24.1481
-23.1821
-22.7948
-22.967
-23.3907
-23.5288
-23.9844
-25.6404
-27.6601
-28.2908
-28.5054
-28.9718
-28.9096
-27.9067
-26.6416
-26.089
-24.5543
-22.0801
-20.8619
-21.6229
-22.8757
-18.0589
-5.23122
7.92945
14.9559
17.1738
15.2463
11.1162
8.98693
8.8777
6.9472
5.4249
1.12845
-2.97894
-5.95502
-6.5744
-8.36014
-6.84917
-10.4038
-7.67642
-9.26381
-10.5957
-10.0725
-10.9323
-12.5885
-14.2184
-9.01315
-5.6507
-5.80718
-9.31032
-14.8903
-17.5908
-9.6024
1.34727
8.65675
11.9154
11.2772
6.606
-2.52954
-14.8963
-19.3602
-18.3664
-17.8827
-18.488
-19.2516
-19.4574
-19.6554
-20.3353
-21.7008
-23.6855
-25.4357
-26.3732
-27.5327
-29.1179
-29.778
-28.3442
-25.3367
-22.1247
-19.7721
-19.4704
-21.3581
-22.5314
-23.8115
-23.9278
-24.6812
-25.8034
-25.1721
-23.724
-22.9628
-23.121
-24.4155
-26.1194
-26.4357
-25.8446
-25.5456
-24.7216
-23.6509
-23.5859
-24.1438
-24.0565
-23.8449
-24.4553
-25.1416
-25.1906
-25.3896
-25.8698
-25.9292
-25.5913
-24.5857
-22.781
-21.5995
-21.7708
-22.512
-23.1059
-24.1682
-25.589
-25.1971
-22.7986
-21.1118
-21.448
-23.4324
-25.2394
-24.9692
-24.0008
-24.3951
-26.4467
-28.0131
-26.319
-23.7633
-22.5578
-22.3604
-22.5294
-22.875
-23.1363
-21.3628
-18.772
-17.2469
-17.3038
-17.9408
-15.3784
-7.82104
2.00009
7.74536
9.40255
6.95587
3.93009
5.46075
7.27479
5.30015
4.15689
2.13275
4.22382
5.8728
5.54386
2.51704
-0.772018
-6.09235
-4.78732
-4.60613
-5.15294
-6.11772
-8.10221
-9.41858
-10.343
-7.29472
-4.56236
-3.81329
-5.98473
-11.1021
-16.7246
-17.2768
-12.2758
-3.83731
2.16695
4.11988
1.90885
-4.32476
-12.4332
-17.316
-21.6988
-24.8445
-23.8586
-21.5823
-20.2955
-20.4979
-22.0338
-24.1161
-25.0835
-24.3184
-23.4315
-23.7151
-25.3477
-26.9916
-26.1752
-23.8108
-22.6002
-23.213
-24.8174
-25.8929
-23.1164
-20.0202
-17.3356
-16.1547
-16.4182
-17.4811
-18.4073
-18.4625
-18.5442
-19.7453
-21.9837
-23.8695
-23.6885
-21.3339
-18.698
-17.6602
-18.6734
-20.1546
-19.5708
-18.3563
-18.9507
-21.6049
-24.4076
-24.3531
-22.3967
-21.1541
-21.1181
-21.0498
-20.431
-20.3237
-21.2683
-21.9438
-21.7306
-21.7169
-22.0154
-21.6068
-20.7092
-20.2277
-20.2372
-20.5278
-20.7353
-20.7054
-21.0416
-21.9177
-21.6558
-19.3646
-17.5929
-18.0572
-20.6483
-23.2573
-22.6114
-20.0807
-18.665
-18.2653
-17.7193
-17.1443
-17.493
-18.5639
-18.405
-9.65885
1.46884
7.76406
9.59653
6.90774
1.21602
-1.64498
0.360042
0.0720068
3.54724
3.59714
3.29243
1.34032
-0.942019
-3.609
-3.8493
-6.81388
-3.56879
-2.76333
-3.56368
-5.17792
-5.7457
-3.33602
-1.71059
-1.13213
-2.74948
-5.87569
-10.2735
-16.0033
-19.1497
-13.8539
-5.83768
0.0295511
3.42424
3.94925
1.25057
-4.93805
-13.4675
-18.9832
-21.0909
-22.1437
-22.7979
-23.1444
-21.5856
-20.2636
-20.8079
-22.9357
-24.7212
-24.0929
-22.1371
-20.8594
-20.983
-21.8997
-22.7981
-23.8219
-25.0206
-26.3874
-27.3163
-27.205
-24.581
-22.3641
-20.8051
-20.2848
-20.2816
-20.1868
-19.7576
-18.9266
-18.4671
-19.0868
-20.6605
-21.8734
-21.1922
-19.607
-18.5556
-18.2157
-18.6304
-19.8895
-21.2817
-21.8295
-22.2848
-23.3065
-23.7425
-22.8227
-22.067
-22.6177
-24.1179
-24.923
-23.7693
-22.0162
-21.4349
-22.4025
-24.2473
-25.3889
-24.3237
-22.5321
-22.0278
-22.7512
-23.5058
-23.7492
-23.9161
-24.3418
-25.1421
-25.478
-24.2823
-22.6948
-22.2191
-23.2611
-25.1885
-26.0689
-24.0152
-21.248
-20.3706
-21.2065
-21.996
-22.2194
-22.8589
-24.2307
-24.0219
-15.9353
-5.61614
-0.74463
0.953075
-1.71482
-6.72049
-6.77179
-0.234557
3.05993
7.44003
7.5614
6.56737
3.76833
1.49303
0.401114
1.46705
-0.141928
0.826146
1.09094
0.0704027
-2.14326
-5.11135
-6.01679
-5.93678
-5.04112
-6.5418
-10.3699
-15.8448
-20.4797
-19.4853
-10.7376
-1.84468
2.98556
3.81483
0.886948
-5.43769
-13.1263
-17.6027
-18.4512
-20.4836
-23.4761
-25.036
-24.4461
-22.5479
-21.6012
-21.7852
-21.5697
-20.8916
-21.2762
-22.8729
-23.6575
-23.0424
-22.6385
-22.6447
-22.707
-23.0948
-24.6188
-26.8275
-27.7733
-30.6165
-30.3952
-29.7108
-28.1419
-26.7888
-26.3208
-26.2559
-25.6966
-25.0036
-25.0072
-25.4799
-25.5756
-25.3549
-25.7247
-26.257
-25.8064
-24.4076
-23.7443
-24.8413
-27.0866
-28.8729
-29.5702
-30.1097
-30.8774
-31.156
-30.1921
-29.3047
-29.1605
-29.3881
-29.6894
-30.2716
-30.7146
-30.989
-31.8281
-32.7585
-33.0925
-33.5781
-34.6076
-35.5173
-35.8818
-35.3363
-33.9845
-32.1784
-30.7946
-30.1409
-29.5661
-28.9182
-29.0298
-30.3204
-31.2975
-30.2799
-28.6
-27.7251
-27.0059
-26.1062
-26.3673
-28.0317
-30.1397
-29.9884
-21.6926
-12.7681
-9.4854
-7.25573
-9.52438
-14.7831
-15.0074
-4.86472
-0.821991
4.31209
3.22138
2.03904
1.14593
1.8568
1.23282
0.421893
-3.8579
-4.52642
-5.57109
-8.17773
-10.3107
-11.9902
-10.6751
-8.58735
-6.67712
-8.59073
-14.1254
-21.7892
-23.8784
-19.3685
-12.819
-5.31122
0.398888
3.0733
2.30826
-2.14455
-10.3278
-19.2856
-22.2047
-23.9955
-26.9413
-29.6152
-30.7896
-28.959
-26.9573
-26.886
-29.1456
-31.1054
-31.1141
-30.6091
-30.1506
-29.6145
-29.4362
-29.8681
-30.3762
-30.8592
-31.3631
-31.2144
-30.352
-38.5177
-40.0523
-41.4344
-40.7422
-39.0615
-38.4537
-39.0673
-39.4496
-38.5763
-37.9514
-38.627
-39.7703
-39.2935
-37.8469
-37.0514
-36.6578
-35.6806
-35.2535
-37.0053
-40.7889
-43.0407
-41.1049
-38.8672
-38.1022
-38.6672
-39.4809
-40.0106
-40.564
-40.4027
-39.0992
-38.4187
-39.4046
-41.7245
-43.4336
-42.2693
-39.5269
-37.9646
-38.2941
-40.3045
-43.1298
-44.2402
-43.0196
-42.2786
-42.9603
-42.6319
-41.1529
-40.2406
-40.1841
-40.5808
-41.0743
-40.6422
-38.7687
-38.4862
-38.852
-38.5148
-37.7857
-37.1756
-36.9136
-35.9509
-24.7357
-16.3323
-16.2493
-13.5744
-15.968
-20.5666
-18.7216
-8.2932
-7.71571
-1.33394
-2.84513
-3.65454
-6.03165
-7.60761
-9.61732
-7.24963
-12.1671
-10.074
-12.3242
-16.0815
-17.5209
-17.5979
-15.6315
-17.5285
-18.1484
-22.5113
-28.7476
-32.9126
-27.1628
-20.6964
-15.4994
-9.7573
-5.73031
-4.91001
-7.75115
-14.2808
-23.0928
-29.0385
-30.0033
-31.9008
-34.7615
-37.605
-40.4235
-39.7463
-38.1373
-37.3829
-39.391
-42.2069
-43.9917
-43.3183
-41.3703
-40.0683
-39.8955
-39.9668
-39.813
-39.6047
-39.0551
-38.5024
-38.2015
-52.0672
-52.6017
-51.2444
-49.7817
-49.834
-50.6471
-51.0086
-51.6085
-53.5968
-54.6823
-52.9503
-49.814
-47.6145
-47.3746
-49.0497
-50.7968
-49.8658
-48.4384
-48.7413
-50.2501
-50.4937
-48.852
-47.7141
-47.7119
-48.9415
-49.5118
-48.2723
-47.3385
-47.7499
-48.7978
-49.7264
-50.5976
-51.4133
-50.6678
-48.2423
-46.2586
-45.9935
-47.6381
-50.5304
-53.3732
-53.8839
-53.833
-54.1882
-54.717
-53.5325
-51.7617
-50.3425
-48.7973
-47.5618
-47.9968
-48.1538
-45.4032
-45.2247
-46.0194
-47.2107
-48.894
-50.6451
-52.3161
-49.362
-28.7129
-20.3446
-27.8587
-22.9323
-25.2788
-29.9009
-27.8328
-13.5058
-22.2067
-7.63717
-12.6087
-14.524
-21.6984
-24.2857
-25.9397
-11.8638
-20.1084
-14.5468
-18.1429
-25.6897
-28.5357
-29.4856
-23.6264
-27.68
-25.34
-30.8453
-39.9051
-43.8004
-38.118
-32.7567
-30.2917
-26.2333
-22.1175
-20.7611
-23.1059
-29.1878
-35.8069
-36.396
-35.6531
-37.8678
-40.1506
-41.8072
-43.3409
-44.1094
-45.9364
-48.1501
-53.4975
-55.7117
-55.246
-54.6847
-54.0286
-54.6553
-55.8038
-55.035
-53.0289
-51.8819
-50.9834
-50.3824
-50.229
-60.0264
-61.1756
-60.4085
-58.9329
-57.9522
-56.7095
-54.8694
-53.7077
-54.2582
-54.7914
-55.5581
-56.8836
-58.6143
-60.0681
-60.7039
-60.122
-59.2959
-58.9874
-59.3805
-60.0523
-61.6756
-62.072
-60.9763
-59.5578
-58.4707
-56.143
-54.4201
-54.3809
-55.8792
-57.4545
-59.1329
-61.1951
-62.8806
-61.1867
-57.1029
-54.844
-55.3683
-57.4162
-58.5539
-59.6988
-61.6629
-64.7874
-65.1478
-64.025
-61.9709
-59.8385
-58.4595
-57.4202
-56.2949
-56.626
-57.4224
-52.0026
-51.7622
-51.601
-52.0429
-53.5997
-53.7019
-56.3756
-56.6445
-29.7003
-21.8143
-53.1647
-33.9008
-38.9329
-48.2094
-38.8613
-15.3788
-44.1567
-9.24346
-17.4251
-19.9045
-41.1685
-43.4129
-43.0933
-13.4523
-22.7639
-15.5252
-19.8547
-32.5621
-39.45
-45.1024
-29.8276
-46.9108
-31.4104
-36.9952
-48.1611
-55.0067
-53.804
-50.6937
-53.1649
-46.9825
-41.3
-38.944
-39.8143
-44.4904
-49.8138
-49.3983
-45.9206
-50.4699
-51.2792
-50.3782
-54.3513
-55.2373
-54.8947
-53.5881
-58.3024
-59.0032
-56.7841
-55.4264
-54.7836
-55.8834
-58.6845
-61.6499
-62.0071
-61.5197
-60.3171
-59.7822
-59.0057
