80
-16.3355
-18.9758
-14.8482
-11.5379
-10.4
-11.6734
-15.6107
-21.253
-23.8516
-26.3977
-26.1678
-22.5503
-20.323
-23.303
-29.8954
-27.3854
-17.6543
-13.7933
-17.6051
-28.8453
-38.6454
-31.3608
-30.802
-26.2553
-22.2922
-22.6962
-22.5153
-27.7017
-33.3426
-41.7457
-39.7633
-35.7934
-29.0595
-22.8483
-17.7308
-12.1999
-7.95098
-4.9134
-2.90482
-0.0950686
1.85335
0.728067
-3.79947
-15.6716
-34.0718
-24.4895
-20.3376
-21.5345
-25.2064
-31.9977
-32.5329
-22.8195
-16.0527
-14.6307
-18.215
-22.7642
-12.7274
-2.66149
2.51334
4.98291
7.81017
19.962
30.755
39.4308
41.8911
42.3536
37.2256
30.0496
23.9841
24.0553
19.7452
19.1368
18.6431
21.5578
30.2588
17.1017
23.7815
17.2996
27.4747
17.0204
22.7278
10.3308
17.9432
8.52215
13.5311
-5.87964
7.82762
10.6837
16.1482
17.572
12.7855
19.7442
36.1601
47.9485
54.4707
56.03
53.8712
48.4612
43.4179
34.8242
26.189
14.1231
15.0505
18.4348
19.4957
25.3754
31.3513
35.1214
35.9403
33.6458
28.5414
19.1704
9.29925
-4.89778
-4.14338
-0.111794
-0.706718
-4.5992
-4.6236
-13.1524
-17.8749
-14.4869
-13.0227
-13.2724
-11.778
-9.15098
-8.24532
-10.2791
-15.0386
-21.5991
-28.4171
-32.9401
-31.3782
-24.5353
-17.8357
-15.026
-16.4552
-21.687
-27.6644
-29.107
-28.2783
-26.0364
-24.8963
-23.6261
-20.8646
-17.3973
-15.7245
-15.1787
-15.7631
-18.3585
-20.9521
-20.6878
-16.9752
-9.36879
-3.11864
-0.642379
-0.0428043
1.63801
2.58136
0.46827
-6.05307
-12.6902
-13.6494
-9.5781
-8.56699
-9.77087
-12.4841
-14.9907
-17.4441
-15.1681
-8.28271
-4.17693
-5.39468
-10.5238
-18.7474
-7.63275
4.29964
11.9518
17.2786
23.189
32.8155
47.0103
55.6333
57.7419
56.8021
55.6532
57.6278
60.1491
61.0587
61.0152
59.0938
59.6448
55.8566
57.8818
56.0033
56.6951
53.1549
55.5063
56.9011
59.9317
60.2314
61.5382
62.0706
63.8342
64.4347
65.21
65.1322
64.9165
62.2313
56.4902
58.6339
67.7439
73.2479
73.3957
68.7004
58.6588
55.0487
56.937
56.4443
53.5331
47.2287
43.735
46.2809
47.6437
46.8572
44.398
39.0537
29.5833
18.8424
19.2028
14.5672
7.98914
-1.14534
-9.16403
-12.8104
-14.9402
-13.9637
-20.3085
-24.0178
-27.1387
-25.0091
-14.9759
-6.23196
-1.29168
-0.441158
-3.56182
-10.9004
-20.7577
-26.0366
-27.8176
-30.6597
-28.4478
-26.9675
-27.4696
-27.6162
-26.6463
-26.2826
-24.845
-22.6813
-21.6614
-22.2417
-23.744
-23.5817
-22.648
-22.0027
-21.9378
-20.7486
-16.4553
-12.9114
-12.1002
-14.6243
-16.2645
-13.9943
-10.429
-6.64885
-4.90728
-5.51487
-8.64872
-8.46443
-3.03024
1.07861
2.67961
3.75298
2.53672
-2.21039
-10.5942
-18.6058
-12.3081
-5.51052
-2.2742
-0.400627
0.0489657
4.34165
8.41328
9.53463
7.73315
3.23035
22.099
43.7277
63.9538
75.8914
83.7888
88.5323
90.9373
91.8478
91.8884
91.7394
91.6736
91.9455
91.8698
92.006
91.5427
91.3045
90.6628
90.4722
90.2374
90.4214
90.4251
90.4394
90.1683
90.0073
89.8568
90.0003
90.0938
90.3187
90.4541
90.7673
91.3528
92.1563
92.5454
90.8827
86.2652
77.4249
65.4586
57.1505
58.2398
58.8923
56.3195
53.8728
59.6722
66.8948
70.7442
70.6662
66.544
57.9832
45.2753
27.0211
15.1286
14.3909
11.9402
4.6338
-3.0314
-5.14773
-5.40637
-8.23313
-9.61253
-13.1133
-19.0945
-21.2931
-19.9858
-19.1673
-18.0594
-16.2085
-16.661
-20.2078
-24.6521
-26.7842
-29.872
-31.0354
-28.7078
-25.7815
-25.6213
-25.7377
-25.1097
-23.8522
-23.6277
-23.9882
-24.2933
-24.7476
-24.3815
-21.6021
-19.6917
-19.5635
-20.0606
-17.7194
-14.3291
-11.5225
-11.209
-12.2411
-16.6617
-22.3575
-30.279
-16.2647
-8.91774
-7.28188
-7.20381
-2.16119
1.04634
0.87745
3.37643
11.9831
18.0494
19.8138
17.8007
12.3632
3.21749
-10.5425
-15.3316
-5.91577
0.074794
1.8172
0.56955
2.46119
6.78514
8.51664
24.7839
48.5938
65.015
75.149
81.0227
83.5196
83.606
81.6135
78.7181
76.2656
76.3614
77.1577
78.8784
78.8582
79.2447
77.9441
77.6081
76.6276
76.9113
76.2834
75.9034
74.7344
73.7426
71.9063
70.7928
70.0367
70.4627
70.652
71.8096
73.737
77.097
80.7872
82.7374
82.6323
79.7137
73.8267
64.2336
50.2125
43.0973
39.7477
34.306
46.9732
61.8542
69.8624
72.3813
70.4303
64.5131
56.2422
46.5323
36.3406
24.0726
13.7908
6.87432
2.67376
-3.8954
-5.78462
-5.75046
-8.52641
-1.69039
1.65428
1.12487
-2.22598
-6.29925
-10.7113
-15.4607
-19.9267
-22.1135
-24.2909
-26.2639
-27.977
-28.6877
-32.6726
-36.1415
-32.6909
-25.9818
-22.667
-22.213
-23.9061
-27.3873
-29.7475
-31.3042
-26.0081
-20.2603
-17.9773
-19.4827
-20.5185
-19.5922
-20.2403
-23.641
-27.1204
-19.6361
-13.2492
-10.3612
-5.34677
6.03075
16.4286
23.5573
27.2204
28.0901
28.075
29.2096
30.7262
31.3738
31.338
31.4692
31.5682
30.3655
26.7721
20.3367
13.1228
12.6148
15.6021
16.151
13.2086
8.17478
6.52345
8.39662
9.2687
28.7415
48.1397
57.7625
61.8949
60.3602
53.157
40.947
38.1993
36.2758
36.3
35.4481
31.8613
35.5503
32.0785
31.4308
24.7318
27.4818
25.5967
31.3771
27.631
30.8696
29.0455
24.3306
18.9417
17.0835
24.4774
23.2978
20.5804
17.645
12.2617
25.4203
33.4625
36.4628
46.1489
51.0105
51.4627
46.6506
36.4657
24.0565
13.7456
27.2375
48.1682
61.6175
68.4625
70.1207
67.1799
59.6196
49.4463
41.2001
35.6377
29.8483
20.0186
6.27158
-4.236
-10.4567
-10.1899
-6.58007
16.5263
16.9386
15.0971
9.92289
0.84704
-10.1973
-15.0628
-16.2894
-20.1752
-22.0711
-19.9845
-19.5359
-21.2022
-25.308
-29.3841
-27.0541
-20.416
-15.2267
-11.2073
-8.16042
-6.95251
-8.554
-13.3754
-15.9261
-10.5419
-3.2096
3.02048
8.32186
12.8504
15.9389
17.2347
17.0422
15.9298
13.5279
9.50326
9.73463
17.8594
25.4545
30.2646
32.135
31.1361
27.8243
24.5833
24.8938
25.8286
23.4826
16.3675
6.77878
10.4734
14.9626
14.5841
10.3661
8.32357
11.5255
13.5554
12.5942
9.47397
4.91057
-1.02955
-2.90986
1.86722
24.287
40.6311
55.756
61.9089
62.2061
57.7983
51.2536
44.0365
43.7996
32.6912
31.3646
27.0874
36.3159
35.1926
39.8567
31.4607
34.0347
25.3012
31.9447
27.5638
28.1431
28.9706
27.8465
26.2137
26.0077
27.8381
25.7745
21.2967
30.4316
26.6003
27.8118
35.9185
50.1534
57.4674
59.226
55.9722
47.2029
36.3219
21.0478
4.43141
20.7288
42.0502
57.0822
64.3691
66.2461
63.3086
55.6225
45.1532
38.4861
34.7872
31.9456
26.4547
18.8688
8.33373
-3.11222
-14.152
-10.6902
10.761
11.6328
9.42829
2.65229
-9.84603
-21.5897
-23.1735
-21.1219
-20.4036
-23.0055
-24.9581
-22.8731
-23.2435
-27.9811
-36.356
-35.5953
-28.4625
-24.3841
-19.2939
-12.3627
-8.19039
-8.09035
-11.5445
-15.0144
-11.9147
-5.62138
0.792149
6.76807
11.8019
15.6732
18.071
18.77
17.6184
14.9166
11.8265
11.2446
14.5486
17.7428
17.8373
14.0875
7.20281
0.364903
-0.894713
1.92219
4.94032
6.08037
3.8373
0.804676
0.695749
-0.326497
-3.81834
-5.79348
-4.91256
-4.62263
-9.24848
-12.912
-12.7197
-7.93762
-4.37966
-4.16578
-1.01124
21.2558
46.3643
60.5257
66.9659
69.0192
66.0289
57.414
43.8002
32.8873
36.0736
38.7895
31.6291
38.8587
33.418
35.3671
31.8273
33.8429
31.769
31.8584
23.7396
33.8053
28.8071
29.1326
27.4346
24.8643
24.7226
18.5992
24.7565
27.9172
30.4705
44.1103
57.5001
68.3227
73.5198
74.0272
69.4737
58.7869
43.1222
27.7993
23.9168
21.6739
32.4801
47.1189
56.1408
60.1191
59.9308
55.9875
49.2009
41.8268
34.2574
29.7005
28.4232
25.1636
23.4592
24.5749
25.3742
24.0874
2.89477
1.83548
2.76156
-0.541165
-9.51988
-20.3486
-28.5807
-30.5066
-33.2849
-30.6355
-25.3255
-21.7727
-20.1039
-22.0704
-27.8147
-33.6325
-34.5529
-32.1553
-26.0453
-20.9922
-19.1787
-21.2871
-28.0577
-39.5027
-47.0016
-44.1988
-41.2162
-35.7102
-30.0782
-23.2285
-21.0673
-20.3997
-20.3955
-21.078
-22.9325
-23.6559
-19.9992
-16.7906
-13.746
-14.1808
-19.8486
-25.4364
-28.5415
-26.3598
-21.2683
-21.8465
-23.1098
-26.6977
-30.4545
-35.0537
-33.6389
-33.1176
-34.7032
-38.4957
-20.1153
-15.9623
-14.4947
-13.8886
-12.9178
-8.56342
-6.43614
12.5432
49.2228
62.3547
70.8365
72.3677
70.4909
69.9716
72.4882
73.391
74.9017
75.4491
74.8027
70.8242
66.1306
66.0151
68.4408
68.0773
65.6064
62.8208
63.854
65.427
67.9754
71.9444
75.6028
78.2118
79.7405
81.1982
82.6024
83.8758
84.9665
88.3261
93.6007
97.0242
96.9604
92.5154
82.6192
65.9606
48.8637
49.3025
45.2194
38.0853
32.2389
36.1806
44.6348
48.6107
48.3017
44.9203
42.1679
41.8808
40.1882
36.3411
31.5267
29.0318
29.5636
32.1737
33.3244
32.2968
9.47423
10.7461
9.51548
4.83314
-1.66935
-7.87468
-15.7949
-25.7188
-28.5407
-29.4731
-33.0589
-34.3799
-32.0203
-28.2687
-27.4083
-27.5842
-26.9077
-25.7177
-27.3107
-29.4548
-30.6822
-32.3792
-32.8334
-35.3832
-38.1343
-39.3452
-34.3734
-33.1697
-30.8578
-27.6845
-25.1649
-24.6993
-22.9148
-21.6229
-22.019
-24.9036
-28.7522
-30.4162
-32.3013
-35.2521
-34.7499
-32.282
-23.3466
-19.3
-19.5357
-22.4651
-27.0238
-31.7684
-35.2407
-35.9809
-41.6667
-50.8589
-45.9741
-34.6021
-31.0567
-25.849
-14.502
-6.12512
-2.79771
-2.15857
-1.69658
13.6618
50.9831
72.3991
85.6091
94.4137
100.725
105.522
108.787
110.594
111.43
111.985
112.332
112.447
112.34
112.148
111.856
111.47
110.912
110.216
109.381
108.506
107.669
106.966
106.476
106.235
106.314
106.671
107.378
108.472
110.051
111.776
112.802
112.066
108.666
101.976
91.479
78.3036
67.3636
61.1505
55.064
47.322
37.7243
36.5717
43.9126
47.4093
47.5432
45.7428
42.9504
38.6879
34.5117
27.9554
22.1486
16.179
11.4439
11.2503
10.0607
3.3896
12.3235
13.7877
13.0479
8.6596
-0.0271647
-11.363
-17.2267
-17.8463
-20.4179
-25.1192
-27.4037
-26.7523
-27.3683
-28.254
-26.3604
-22.8386
-18.9579
-15.0871
-11.3416
-9.74219
-10.7235
-10.9143
-7.99317
-5.45286
-5.74582
-9.21107
-15.9309
-24.9645
-26.304
-20.0174
-15.8509
-13.1338
-9.09094
-5.62424
-4.57359
-5.25111
-6.88478
-9.12651
-10.4649
-9.40763
-8.47266
-10.5949
-15.119
-17.8322
-16.4267
-16.0082
-16.9909
-16.9127
-15.2131
-14.6853
-15.5641
-16.4311
-16.2737
-14.8527
-13.4926
-12.7385
-8.15309
-0.0626797
4.71957
5.40637
3.44247
12.1895
49.4687
74.2624
90.1724
100.698
106.93
109.397
108.488
105.038
101.559
100.799
101.924
103.108
103.815
103.663
103.1
102.8
102.791
102.233
100.855
98.825
96.4475
93.7456
90.7905
88.2508
86.7362
86.4129
86.3292
86.9966
89.485
93.2281
95.9912
96.4415
93.9953
87.8995
77.4559
62.522
50.1383
40.6144
33.7669
32.3802
35.0394
44.8364
52.7901
56.8305
56.7902
52.5199
43.5697
30.6791
20.7452
20.6674
17.0867
10.9102
5.64687
4.71727
3.67175
2.54773
1.25062
-5.03743
-7.89171
-9.10746
-11.3497
-11.4022
-9.17555
-9.06193
-12.3494
-18.163
-21.2583
-19.0753
-16.6097
-14.9147
-12.5854
-8.47562
-4.4244
-2.14428
-2.64737
-5.94335
-9.71925
-10.9198
-8.95355
-6.00363
-3.19886
-1.23261
-1.17568
-2.27512
-1.40422
1.86236
3.9642
4.69317
6.00726
7.59634
7.71635
5.81971
2.76868
-1.01175
-5.02794
-7.37182
-8.8465
-12.4933
-19.0705
-26.819
-29.1871
-29.189
-28.7666
-27.2901
-22.9474
-16.7928
-11.3787
-9.02617
-10.4464
-14.8462
-19.3932
-16.4643
-5.3128
4.54804
10.6783
13.4076
14.9544
24.2953
42.3868
58.6701
70.7561
78.4767
82.1356
82.2643
79.5005
73.3439
63.0482
52.7183
49.9234
48.5776
43.8871
43.6819
43.9959
42.4227
42.4594
38.401
37.2524
28.2899
30.9977
28.6504
32.3009
32.5439
28.7254
30.5791
31.953
36.1577
36.0918
38.2577
41.3536
45.2918
47.9513
49.2223
46.7422
39.1248
35.2699
23.0609
18.8988
19.242
21.3665
30.4354
37.6547
40.4725
39.629
35.9652
30.5018
25.0932
16.9358
8.82122
5.62594
5.91565
3.62993
-3.59469
-7.63904
-6.66838
1.6344
-10.3989
-13.5376
-15.733
-21.3908
-22.8455
-18.27
-16.9197
-20.6712
-30.7439
-38.9035
-35.1976
-35.0394
-38.9917
-43.3213
-41.7179
-29.2391
-19.3901
-15.1272
-14.4381
-17.3279
-20.0521
-17.5781
-13.5778
-9.29907
-7.17277
-7.63558
-10.6138
-12.3202
-10.2055
-9.38735
-11.1814
-9.76733
-5.65401
-4.07564
-5.08675
-6.46031
-8.27329
-13.6681
-25.1445
-40.3838
-36.6665
-33.0305
-31.575
-34.5416
-43.402
-39.4723
-33.8427
-31.1399
-29.8151
-27.6015
-22.7072
-19.5559
-18.0645
-16.5371
-13.8704
-10.0643
-6.82236
-6.113
-4.69029
-0.817172
14.779
14.335
23.0488
35.7126
37.6276
38.8492
37.3946
35.0466
30.5508
35.1313
35.2089
36.2656
23.8688
28.534
30.8164
35.952
32.2884
32.3574
30.0354
30.6011
28.1554
20.1835
26.2407
25.9765
25.9262
19.3686
18.739
18.068
17.5182
15.4358
17.824
22.3169
27.6993
33.3891
34.4855
31.3198
29.5586
22.777
7.59579
1.82319
0.948949
-2.07645
2.96036
6.88401
6.5116
5.5438
7.31137
9.22527
10.8561
10.9111
9.30939
6.57842
3.01348
-2.70289
-9.68396
-16.4201
-20.2823
-0.269451
-3.83676
-1.15876
-2.68899
-8.29028
-14.2856
-14.053
-13.2315
-16.0047
-21.8755
-27.6063
-28.4149
-27.3294
-27.207
-28.7577
-30.9826
-31.1538
-32.8705
-37.9546
-45.3499
-41.5922
-30.8506
-19.2466
-12.4314
-11.214
-14.4685
-19.2259
-19.4943
-19.9893
-23.5303
-26.1676
-25.1517
-23.4685
-21.013
-18.9123
-15.6083
-13.0674
-12.961
-15.926
-18.7995
-18.7005
-17.7888
-16.5386
-16.5101
-18.1275
-18.5628
-16.8553
-16.8939
-20.343
-22.5602
-20.2222
-18.6435
-16.5055
-11.9655
-8.26047
-5.51013
-3.05336
-2.33525
-2.55309
-2.92781
0.814047
16.3624
26.3314
33.8886
36.7635
36.0801
36.0303
36.9584
39.2399
37.3648
38.4434
41.8239
38.7588
36.1604
24.704
23.9526
29.4232
26.4741
32.7151
27.0982
32.9855
30.8774
41.3776
46.0093
51.7752
53.4449
54.1781
54.3802
55.1741
54.3449
53.3793
50.3709
46.59
46.1952
46.0751
45.8906
42.4756
37.6976
35.7911
34.0291
32.7756
29.7068
24.0596
17.9807
13.347
10.372
4.89271
-2.78479
-11.2754
-4.90948
-7.80245
-6.19895
-8.45092
-12.6372
-20.6811
-23.6007
-27.2142
-30.6104
2.2058
-2.17134
-3.52278
-6.4197
-13.1325
-18.6744
-19.6
-18.8316
-18.136
-20.4097
-21.7921
-17.0536
-11.749
-8.63106
-7.38679
-7.30258
-8.49489
-11.6792
-16.5715
-20.9487
-22.5688
-22.1898
-20.9038
-20.0438
-19.2811
-17.8343
-16.4902
-16.9737
-20.4116
-27.7163
-34.459
-33.0228
-30.2984
-27.4424
-23.8832
-22.7017
-24.1244
-25.2078
-21.7554
-16.5049
-13.2929
-13.1431
-15.6004
-16.2931
-13.7441
-10.4392
-9.19368
-10.2764
-13.317
-16.7822
-17.8699
-14.4622
-11.0336
-9.87292
-9.20099
-8.02772
-5.34125
-3.22877
-2.3851
-2.19259
-1.97436
10.6239
17.572
32.8414
43.6482
51.3941
60.264
66.9789
72.0085
75.3191
77.4812
78.4778
78.7896
77.8834
76.9755
76.3336
76.6643
77.2687
78.0757
79.0059
79.9804
81.198
82.2355
83.4859
84.2624
84.6304
84.4076
83.8129
82.9346
81.8951
79.9307
76.7763
71.6872
63.9688
53.128
42.3582
37.9917
38.6916
37.349
33.2014
28.8372
25.0878
20.8888
13.7374
7.78043
1.98193
-2.73075
-0.317867
3.19079
4.84257
0.639406
-6.47787
-15.6536
-25.5558
-24.3862
-26.7854
-26.2236
-25.8209
16.4554
10.4282
8.64207
8.03317
6.95637
5.12748
2.53278
-0.618067
-5.22526
-12.3449
-19.8279
-21.5541
-20.84
-19.9308
-19.1299
-18.1802
-19.0307
-21.9595
-24.9242
-26.3108
-27.5224
-28.7364
-26.5133
-22.8634
-20.4594
-19.6142
-20.2788
-23.2608
-28.9922
-33.3138
-31.6925
-29.3776
-26.6078
-23.968
-23.2205
-25.1781
-29.6553
-35.3068
-33.1958
-27.4757
-23.9086
-22.3029
-22.2546
-25.3103
-28.2047
-28.8682
-28.6041
-32.7287
-31.8386
-13.655
-2.65878
3.25149
5.15773
4.08235
3.04832
4.73249
5.91372
5.26345
4.67854
5.26396
4.38825
6.85569
-1.94322
30.0389
37.2125
49.8953
56.6098
62.2089
65.4842
67.5454
68.4996
70.0856
70.9466
72.1334
72.0538
71.7696
71.2471
71.8962
72.8817
73.7971
74.2715
73.8958
73.2491
71.7441
70.6939
69.0686
66.9838
64.9274
64.001
63.3604
64.3958
64.8609
64.0964
61.0338
55.6578
45.6562
35.479
23.2018
19.271
18.0411
14.5716
8.93139
-2.90224
-1.90781
-0.465648
0.38274
1.09084
2.01656
0.933049
-1.98482
-10.3996
-12.8019
-13.5578
-15.8548
-20.2914
-22.1486
-23.9081
-25.405
0.333208
1.47923
5.94586
7.66063
6.83172
4.23588
1.04873
-2.02599
-5.90849
-12.307
-20.3367
-23.0309
-21.9333
-19.6057
-19.0449
-21.3484
-26.6743
-33.2461
-37.6682
-40.7937
-37.9874
-30.4982
-24.9484
-22.4633
-23.234
-26.5337
-29.7401
-29.6525
-27.6234
-26.2277
-26.2906
-26.8341
-25.4951
-24.0754
-24.7572
-27.4806
-27.1744
-23.6221
-20.8106
-19.2939
-18.7245
-18.4626
-18.6666
-20.1764
-23.9534
-29.1161
-33.5014
-33.2659
-20.3209
-7.01037
1.44301
4.8984
4.61431
2.96908
3.29097
4.83308
5.98944
6.66276
7.11133
6.70348
4.20813
6.67107
5.95097
16.8744
17.5772
15.4577
4.58171
10.9746
7.70492
13.0332
22.0257
22.8848
19.8987
19.8613
14.4684
16.9374
23.0657
21.5229
22.1496
20.5223
21.9546
9.4119
21.0493
18.6743
14.1236
12.9836
10.5624
17.6495
23.3102
23.9779
21.7001
20.4163
27.3906
28.6116
30.8488
27.9521
24.0471
10.7376
9.80572
5.36631
2.56712
-1.50582
-3.0113
-4.54726
-2.18235
-0.600058
-2.49545
-7.55249
-14.4214
-9.91182
-15.7699
-14.8654
-15.9769
-17.004
-20.3672
-22.2759
-26.2895
-33.589
-5.24633
-5.91001
-3.47761
-2.92952
-5.65527
-11.8772
-17.9562
-19.5481
-19.6713
-21.8867
-24.9382
-27.4013
-29.8078
-30.5464
-28.3372
-27.2502
-29.1126
-33.2195
-37.1553
-37.0821
-36.5688
-39.1148
-40.6905
-36.6692
-33.7445
-33.9056
-35.0187
-36.185
-36.0026
-37.6347
-36.1421
-31.3621
-28.9794
-29.7234
-33.3527
-35.1615
-30.3661
-26.6483
-27.1062
-30.5992
-33.7701
-29.7205
-27.6685
-28.3914
-31.9716
-35.1813
-35.982
-34.5401
-29.5528
-22.9298
-14.3584
-8.31472
-5.17106
-4.89125
-7.75007
-13.5038
-20.1256
-21.858
-18.0055
-12.2827
-9.04166
-0.747725
-2.53886
12.5152
6.12035
8.52082
-7.53395
1.93345
-0.823252
7.45186
14.0522
19.2214
16.5171
14.1905
8.37783
14.7383
14.3951
14.2538
19.1919
15.9588
17.2429
2.19542
16.477
9.20549
9.64854
7.67698
9.11791
16.9164
22.6216
18.5951
16.4147
11.7536
14.0145
8.47763
12.4017
2.84642
10.6306
-0.0272252
10.8416
8.0448
8.6389
6.8639
3.71036
0.238135
-1.25193
-2.51451
-3.64584
-7.02534
-11.0367
-10.9635
-16.1683
-16.1755
-15.6295
-16.7114
-21.7774
-29.3167
-27.1704
-27.9353
4.78008
0.447085
-4.38951
-8.06234
-12.2869
-18.0796
-24.5243
-28.5392
-32.9594
-34.3231
-33.5848
-30.4965
-27.2158
-26.4593
-27.9071
-27.6151
-26.2704
-26.8255
-27.3835
-24.0953
-20.3496
-19.5675
-21.3874
-21.6316
-17.6268
-14.9684
-15.3262
-18.2775
-23.4648
-29.9365
-38.0207
-39.6579
-35.8843
-33.2612
-31.6784
-30.8787
-32.2601
-35.5737
-38.201
-37.2786
-32.2626
-29.6572
-29.8879
-32.0825
-31.5256
-31.477
-31.6947
-30.3464
-27.7479
-26.1018
-26.8784
-30.3117
-34.5366
-34.3957
-32.2591
-32.5132
-33.3732
-33.9145
-26.8964
-19.6931
-15.6953
-2.97488
-1.99835
11.2766
11.283
16.162
14.8327
19.0828
20.7217
22.0883
22.7111
22.1528
18.986
23.079
28.8485
29.4922
29.735
26.2888
25.1591
21.9318
25.9547
25.5023
29.2744
27.4068
29.6296
31.2406
32.5418
33.1343
34.525
34.7868
33.9817
31.2397
28.4097
25.9974
28.4622
28.382
27.5133
23.5994
22.9109
24.1513
23.4056
20.4447
16.5117
14.2998
12.3951
9.47508
2.94802
-7.00475
-16.0431
-12.6288
-13.0126
-11.1214
-10.6369
-11.8674
-15.0326
-17.4785
-20.3017
-22.2433
-5.17476
-9.47735
-16.1167
-23.2944
-25.4449
-25.6354
-27.1322
-27.7909
-27.9163
-28.9968
-32.2824
-35.6019
-35.051
-33.3338
-28.6759
-24.6238
-23.277
-24.9604
-28.5751
-27.2762
-22.4332
-20.1223
-21.0312
-22.3861
-20.367
-17.8068
-18.0464
-20.9255
-23.3955
-24.5108
-26.4754
-30.8704
-36.5109
-38.5431
-35.5153
-33.729
-33.9153
-34.7477
-34.5888
-33.3863
-31.006
-29.0979
-29.3747
-31.4323
-32.7138
-32.2306
-32.9786
-35.7998
-38.0755
-35.761
-33.0919
-29.6791
-26.5467
-25.8892
-28.4365
-32.9093
-34.531
-31.3256
-27.8389
-28.216
-31.0112
-6.80139
-3.13544
17.5774
28.3189
36.6488
41.5082
43.3477
43.3687
42.5665
42.4154
42.6449
42.9586
44.2793
45.2413
46.5049
45.9599
45.0209
43.8677
42.3444
41.3269
41.7243
40.9135
39.1131
37.3591
37.1853
38.1319
39.5001
41.6403
43.3907
43.9229
42.1951
39.3924
38.7528
40.1831
39.865
38.7352
34.7529
29.2939
22.8874
21.5289
21.7406
21.4503
20.9722
20.7433
18.6522
13.0932
4.70789
-0.78905
-0.187772
-0.676005
-4.32182
-13.674
-20.502
-21.765
-20.7043
-17.9829
-18.2519
10.1601
8.18576
3.31257
-5.39428
-15.0889
-18.5956
-19.1986
-20.6424
-23.6598
-27.602
-31.9094
-33.0447
-31.0997
-29.0867
-29.4368
-32.251
-35.474
-34.9829
-33.6586
-35.1804
-39.6031
-42.2289
-41.2458
-37.5928
-34.4632
-33.6763
-35.5971
-39.2185
-41.9079
-39.9002
-37.3485
-35.4821
-35.3817
-35.3147
-33.7067
-32.1665
-32.6427
-33.3895
-31.9324
-29.2859
-26.9409
-26.0013
-26.4717
-27.3338
-28.2501
-30.0617
-31.7173
-33.5027
-35.4952
-36.178
-33.2143
-29.997
-28.8376
-30.0336
-33.2081
-36.6043
-36.7276
-36.4069
-33.8929
-31.8117
-28.6753
-3.85235
-2.13796
16.4709
19.7962
26.7778
29.2141
29.0249
23.4186
13.0344
12.0095
16.9533
15.36
15.7869
17.5918
12.1623
17.7505
16.8599
20.7655
16.5048
18.8234
16.5817
19.7184
18.1638
14.8851
15.457
15.9428
7.16661
9.07626
8.8267
17.8138
22.0467
25.3135
23.1684
18.3707
14.3889
14.3717
17.506
19.8452
26.2821
32.1919
35.7304
36.9767
35.9612
33.0512
29.2035
27.0983
28.3587
29.8366
29.3176
26.8079
23.3883
22.2311
24.2203
26.4143
26.8715
24.5279
19.3079
10.0681
7.46467
3.22019
-4.81674
-11.1537
-11.3077
-12.1728
-14.2859
-16.1745
-19.9361
-28.0099
-40.411
-55.7944
-49.9805
-48.3541
-47.2963
-42.6532
-38.723
-38.4773
-42.0267
-43.5358
-40.32
-38.3643
-37.7422
-37.5506
-38.1297
-39.9556
-42.1186
-43.3699
-41.3244
-37.0677
-34.3705
-34.8926
-39.3226
-45.8526
-47.1832
-42.2015
-36.657
-33.5188
-31.8575
-31.1705
-29.9777
-27.7321
-25.3476
-24.6366
-25.9826
-29.0019
-32.5351
-35.486
-34.9876
-32.3745
-32.1224
-35.187
-35.8281
-30.1391
-24.9222
-21.639
-19.9689
-18.6102
-16.9512
-15.9274
-0.882157
-0.31051
13.3739
15.6344
19.607
16.7947
13.8169
10.2474
7.71508
14.1913
15.0562
9.70902
7.75669
4.8045
5.75454
11.202
8.73525
18.7578
10.5407
7.72091
-5.93469
7.89796
2.16536
3.7889
4.18874
10.2353
-0.280979
5.0959
-6.75946
0.783784
-11.3286
3.19184
-8.37984
6.16133
-4.14498
8.80915
3.84186
7.82377
8.00584
13.5792
19.84
23.0446
22.6425
19.9064
21.2328
27.7903
32.4194
33.8216
32.368
29.4601
30.529
35.1539
38.4851
39.0989
36.7094
31.5142
25.0111
4.76711
-2.60068
-10.5486
-13.7304
-15.3166
-17.4709
-18.2707
-16.7828
-15.6862
-17.1491
-21.5467
-27.6485
-29.0569
-26.7335
-25.6332
-26.1765
-27.1139
-28.5327
-32.6296
-38.3769
-38.1537
-34.3714
-33.4407
-36.175
-41.8344
-48.209
-48.3585
-41.5319
-37.2306
-36.137
-37.0594
-39.4773
-43.1243
-45.9071
-46.4657
-43.5265
-37.9162
-34.553
-34.0431
-32.5886
-29.0969
-27.6673
-29.1453
-33.2942
-38.8632
-40.1365
-40.3523
-42.2391
-43.3675
-43.6697
-38.3336
-34.7897
-32.8803
-32.6607
-32.5767
-31.0444
-26.6272
-24.2332
-24.6228
-25.1217
-23.5036
0.21578
4.57537
18.0674
20.5816
22.7656
24.2369
28.1198
32.883
38.0606
40.4161
42.2619
39.3937
35.4395
31.9972
32.104
34.7538
33.2153
36.3608
32.9552
37.0404
39.9904
42.8305
45.1209
46.6915
47.4773
48.6022
48.9155
48.9176
48.0959
45.3333
40.6679
34.0855
28.5091
24.4058
20.8459
17.8781
12.2429
9.43808
-1.05486
-8.1086
-10.5776
-14.2871
-15.6353
-11.7767
-7.59811
-3.87055
-3.76587
-5.62916
-3.29322
1.57605
6.21705
9.39198
11.88
12.941
12.2715
9.92121
7.74944
4.87391
1.96443
0.789308
0.41376
-0.498746
-2.67418
-7.01157
-12.9813
-17.5111
-19.4158
-18.2695
-14.9964
-13.03
-13.5524
-16.7449
-22.6894
-30.8389
-36.9687
-39.0175
-38.7928
-38.3585
-40.0037
-42.4516
-41.8403
-39.2401
-38.7571
-39.6455
-38.4724
-33.8266
-31.7498
-33.8188
-39.5208
-43.904
-42.5284
-41.7003
-43.4666
-45.2919
-43.4326
-39.355
-32.9926
-27.3807
-24.4429
-24.4693
-26.3969
-28.7515
-31.8886
-34.0511
-36.2821
-39.8276
-44.6713
-40.1126
-32.0452
-25.5545
-21.2681
-19.2456
-18.9802
-20.6179
-23.9369
-30.038
-35.737
-35.6982
-2.78995
-1.21669
24.6347
35.3268
45.1718
51.5514
55.8233
58.2983
59.355
60.0845
59.7564
59.8234
59.664
59.7416
59.9586
59.7595
59.8579
59.37
59.8481
59.7037
59.6592
59.0589
57.9059
57.3594
57.7814
58.2356
58.427
58.4196
58.1562
58.0206
57.6122
56.2434
52.8331
46.6883
37.262
24.1276
16.3437
9.60156
-2.80863
-6.3516
-10.432
-13.0847
-20.6641
-22.7643
-26.147
-28.3693
-30.418
-32.0771
-19.3355
-32.1422
-32.0253
-29.6701
-26.5003
-23.4299
-23.7881
-26.2134
-29.0455
7.32266
7.1096
4.84456
-0.0506601
-5.22013
-7.36304
-9.13488
-10.9452
-9.69882
-7.12596
-5.19815
-4.1447
-4.63832
-7.70154
-14.0923
-24.2635
-37.0478
-40.7771
-35.3577
-32.4188
-33.0755
-35.7221
-37.9123
-37.649
-35.4464
-34.302
-35.0503
-33.832
-28.9611
-26.1554
-27.156
-31.9529
-38.8698
-42.3414
-41.6635
-42.0148
-43.9274
-41.7423
-38.2024
-35.1105
-33.3398
-33.7067
-36.188
-39.3133
-39.591
-36.3943
-34.2039
-34.9725
-37.1976
-37.1794
-34.0398
-30.5126
-27.4542
-26.0272
-26.8691
-29.8566
-33.573
-39.3185
-39.7024
-37.8792
-36.0263
-2.95412
-0.785263
13.5905
29.585
37.2
41.5811
42.2483
39.7695
35.7365
27.3449
28.7322
30.2714
36.664
39.0833
38.0803
36.9456
33.0573
36.1066
31.7646
31.8825
30.4859
27.6866
21.8238
15.2407
18.0968
18.2362
8.2911
13.8951
10.3966
19.3728
31.8508
38.1581
39.6131
37.6036
30.0875
22.926
7.59843
3.5992
-4.37512
-8.70965
-15.2743
-22.444
-23.6617
-20.1212
-23.0701
-24.3181
-27.1719
-28.0573
-17.1124
-22.4095
-19.8344
-20.0457
-23.7864
-28.4248
-35.0948
-42.2505
-46.2433
7.4697
2.65303
-0.0497902
-1.82435
-3.20154
-4.67334
-6.94743
-8.19492
-9.44595
-11.9509
-16.184
-20.9093
-23.9045
-26.1448
-27.845
-31.0468
-34.8148
-32.4941
-28.4106
-27.0648
-28.1292
-30.5829
-33.4939
-36.9659
-40.579
-42.1181
-39.5869
-35.3136
-32.0406
-30.8472
-32.241
-36.1083
-41.0795
-42.266
-40.4232
-39.6097
-38.6372
-37.1676
-36.1802
-35.6093
-36.2989
-38.4208
-40.7878
-40.7623
-39.7111
-40.7674
-40.0441
-38.4592
-37.9043
-34.4762
-30.5795
-29.5613
-31.3013
-32.5341
-32.1168
-33.2289
-34.7633
-32.702
-29.8055
-27.5987
-26.3627
-2.94834
4.56589
16.4254
23.6279
27.6116
26.8996
23.1754
16.8306
15.2665
17.4558
12.6719
2.5711
5.92736
9.07882
3.62651
10.4009
2.68462
18.3706
9.40723
-11.7146
-3.5354
12.0453
9.69797
-1.20422
8.16634
13.8684
5.40086
15.7379
11.308
12.0432
11.5488
18.0689
18.3883
21.2904
18.7578
17.9279
7.61836
2.67027
-5.15021
-5.80127
-8.90133
-4.60101
0.107464
2.15865
0.0823707
-5.11668
-10.8123
-14.9118
-14.2937
-18.9233
-23.4834
-27.3786
-31.0531
-32.9843
-31.89
-32.8912
-34.3414
22.6134
22.9008
20.9491
16.0603
8.70754
0.717906
-6.14574
-9.87156
-10.5419
-11.3577
-14.0826
-18.5999
-22.492
-25.9868
-31.3447
-36.309
-37.2935
-38.1777
-33.7439
-27.9627
-25.97
-28.566
-35.6587
-43.1454
-47.7652
-47.4424
-44.6202
-42.3945
-42.4499
-44.5965
-45.5852
-43.0877
-40.8319
-40.0924
-39.9288
-37.1533
-33.2726
-31.6952
-33.543
-39.2605
-44.8183
-46.6178
-45.2828
-42.2266
-38.7496
-35.7576
-34.5161
-33.7538
-33.4237
-33.6379
-34.2765
-34.6139
-34.0093
-34.4801
-37.448
-40.6568
-38.5096
-33.5764
-25.916
-20.2674
-17.9877
-10.1839
10.5561
23.8476
30.7489
34.2943
39.1758
43.9688
48.3578
50.6917
51.868
51.6923
49.868
46.1075
42.5808
42.0039
43.5703
44.2165
44.203
44.4255
46.1359
48.8396
51.7295
54.2972
56.7423
58.6342
59.6542
59.7215
59.6013
59.0718
57.41
53.3947
46.2053
36.325
31.2769
28.5199
25.4163
17.3946
10.0702
-1.27572
-4.86641
-6.91997
-1.61847
4.90686
7.28928
4.92834
-1.70017
-6.30256
-3.88244
-2.86011
-7.16492
-13.4065
-21.0629
-25.6592
-26.3359
-22.9251
-19.2241
-18.2846
25.7591
24.1078
20.4421
13.0865
1.69869
-10.7352
-16.9742
-18.5375
-17.8647
-17.3463
-18.5831
-20.675
-21.1564
-22.0039
-25.624
-32.2887
-38.6304
-36.2231
-29.117
-23.8551
-22.5649
-25.1186
-30.8318
-37.3926
-39.409
-37.0668
-33.7938
-32.6331
-34.0639
-37.4267
-40.597
-41.7195
-41.7436
-42.2655
-43.5988
-40.792
-34.2363
-30.7952
-31.2664
-34.7407
-37.9538
-37.737
-35.6686
-31.6157
-27.2344
-24.0899
-21.6586
-20.8357
-22.3086
-24.9891
-24.4521
-21.9961
-22.1776
-25.9867
-32.1034
-35.0013
-30.6564
-28.6655
-26.1446
-19.9576
-11.1082
-4.22622
12.0341
32.2049
43.4011
51.1183
55.107
56.7152
56.4435
55.6423
55.1218
54.499
54.3118
54.2228
53.856
53.0369
52.2453
51.7501
51.7992
51.8368
52.296
52.8813
53.5131
54.0834
55.266
56.4955
57.1876
57.2178
56.6855
56.222
56.1327
55.6727
54.0378
51.2858
47.5237
42.8653
36.2711
28.898
21.5825
15.5468
7.80027
2.76284
6.88028
11.7756
12.797
9.11946
0.877382
-8.31733
-10.2755
-8.98728
-10.5074
-13.1001
-15.956
-19.046
-17.9521
-14.6817
-12.6733
-14.0159
6.68652
4.0243
3.82129
0.391512
-7.41101
-16.9367
-17.1302
-10.1339
-6.47899
-6.8399
-10.4194
-12.9618
-12.0376
-12.7956
-16.9535
-23.0275
-27.2554
-29.5625
-31.5855
-34.0293
-34.0317
-31.1581
-29.2157
-29.7831
-30.7591
-27.907
-24.6261
-24.6087
-27.7675
-28.7794
-22.8562
-17.9606
-16.9482
-20.056
-27.0997
-33.6549
-31.5729
-27.3739
-24.5163
-21.4798
-18.116
-16.4697
-17.8345
-21.4416
-23.2123
-21.7276
-21.4935
-22.6546
-21.8527
-19.9943
-19.6006
-20.5381
-21.4535
-23.138
-26.0634
-27.0553
-25.5357
-23.1535
-22.3512
-22.045
-20.4781
-6.5402
9.31357
23.8068
31.3039
36.6629
37.5675
34.4263
27.8127
16.0855
17.7849
17.129
16.5743
18.9266
21.3532
14.0394
19.4283
10.1891
24.1178
9.54422
8.50713
12.3436
20.8162
15.992
9.14127
12.3593
12.2139
8.35555
12.9556
14.0379
17.3754
20.5486
28.0288
32.7278
33.9402
29.78
23.1782
10.7717
7.86661
-2.6253
-4.73807
-4.8381
2.74893
8.92988
10.8321
8.44225
1.51712
-6.99491
-10.0061
-8.19713
-9.24584
-11.3431
-15.8498
-21.8704
-26.2967
-30.7516
-30.2408
-28.8652
2.06851
0.811857
-0.529754
-4.7408
-12.2101
-17.8076
-17.688
-12.8773
-10.3854
-11.9364
-17.11
-21.3122
-19.4856
-16.4678
-15.0519
-16.1936
-20.5613
-28.6284
-36.0641
-37.2726
-38.2393
-40.5108
-42.84
-41.9882
-34.4172
-26.1415
-21.234
-20.1712
-22.9492
-28.8127
-29.6747
-24.3784
-21.3842
-22.0317
-25.8249
-28.3685
-24.5474
-20.6945
-18.848
-17.2545
-16.2378
-17.6961
-22.5515
-29.3947
-29.4385
-23.196
-18.6323
-15.8094
-13.6937
-12.7462
-13.5174
-14.8712
-14.2171
-12.3843
-12.0236
-13.8146
-16.8187
-20.5103
-23.0409
-24.2129
-24.3411
1.91464
17.8677
30.0002
35.5416
37.1973
38.8629
43.4319
48.8923
51.8609
53.4197
53.4576
50.4067
43.0958
31.9512
38.7918
44.0766
43.106
37.5811
39.8137
46.3315
51.5967
55.7556
58.8904
61.8676
64.0064
65.0044
65.8023
65.8491
64.8269
61.894
57.028
49.5874
41.3829
35.9186
34.46
31.0435
20.807
12.9216
-2.40776
-2.02585
-2.3554
1.44982
3.6772
2.3599
-2.94087
-12.4079
-21.0795
-13.4986
-7.54835
-4.82174
-5.05065
-9.15182
-15.3423
-16.9854
-20.2562
-22.8678
-26.5715
13.9107
11.0865
5.61552
-1.99841
-8.60087
-12.8857
-10.3232
-6.59889
-6.20771
-9.8947
-17.2428
-22.6532
-22.9853
-23.4254
-24.3671
-25.2544
-28.1784
-34.5412
-40.0443
-40.7672
-41.5436
-43.8006
-45.7636
-46.2786
-47.2256
-48.9577
-45.3321
-39.1173
-36.5983
-38.0943
-43.0843
-45.6212
-45.1301
-44.665
-42.1641
-33.4392
-24.8088
-20.4533
-20.1143
-21.9327
-21.5809
-19.3153
-19.0956
-21.8266
-25.9932
-28.4357
-26.5212
-23.1349
-20.1427
-18.5733
-19.388
-23.5232
-29.6865
-31.5292
-27.9047
-25.8449
-25.9156
-24.0868
-17.9236
-11.3812
-6.31512
8.99454
24.1782
44.0938
55.9914
64.3041
70.1256
74.4451
77.2535
78.6819
79.1446
79.0808
78.9641
78.7727
78.6573
78.5769
78.4828
78.195
78.0641
78.1969
78.6295
78.7606
78.2958
77.4164
76.2293
75.2688
75.0337
75.1353
75.378
75.6524
75.9892
75.5515
73.7102
69.8566
64.0818
55.9984
45.9908
32.6739
20.8041
14.5196
14.83
16.259
16.9955
17.4197
17.3627
15.1236
9.63549
3.42687
4.73455
9.79512
12.3269
13.7001
13.7609
11.5609
7.25336
2.45474
-4.21881
-14.9841
18.4646
17.3749
13.0748
5.19356
-5.58325
-14.7175
-16.3084
-11.9166
-8.35185
-7.57734
-10.2556
-16.5677
-24.4002
-29.0232
-30.5609
-31.6975
-33.3171
-35.4031
-36.0048
-35.6725
-36.9505
-39.627
-43.3832
-47.0603
-49.5424
-51.5093
-49.9917
-46.0391
-42.8987
-41.3524
-40.0755
-38.3145
-37.0188
-37.526
-39.6924
-37.866
-29.6939
-24.2993
-22.8353
-24.0444
-23.5281
-18.9354
-15.0663
-13.5502
-13.737
-14.1248
-14.5272
-16.2593
-20.3535
-26.1362
-30.3522
-30.5313
-28.8636
-22.8521
-14.0132
-6.85588
-2.59871
-0.472106
0.495638
1.02705
1.43249
16.0311
24.7032
40.1194
52.069
59.5773
63.5045
64.1381
62.1086
58.3042
52.8018
52.0611
56.0721
59.8608
61.1314
60.3993
58.6457
57.7369
58.2316
58.5011
57.0573
54.0282
50.2643
44.4721
38.6182
27.0932
28.335
19.1921
27.065
31.7007
44.8244
54.7728
59.5568
60.3523
57.4008
50.8402
41.2813
29.013
18.3687
10.4229
7.3663
10.0796
14.6616
17.9084
18.1119
15.428
11.8359
11.4333
15.6933
22.4636
27.3096
28.7126
28.0395
28.4454
30.0058
31.029
32.2614
33.7759
7.89576
8.00384
5.3817
0.340861
-6.70605
-13.2583
-15.195
-12.3092
-9.25268
-9.22117
-12.7746
-19.3905
-25.7785
-30.7075
-34.0593
-33.6217
-32.2179
-32.4175
-34.5049
-36.8113
-36.4808
-34.1498
-32.7498
-32.2958
-32.7762
-34.5022
-36.4981
-36.3908
-34.8778
-33.9727
-32.5142
-30.5149
-29.6376
-31.3906
-36.3999
-42.7938
-43.5527
-38.325
-35.196
-35.1017
-34.4194
-30.513
-27.3549
-25.6084
-24.2308
-23.7217
-25.5501
-29.9526
-33.3232
-33.183
-34.126
-37.6212
-42.0722
-40.9486
-32.0568
-21.6794
-13.5513
-6.8627
-1.93598
0.729952
0.37864
18.6362
31.1596
45.1687
53.1475
56.4019
55.8624
52.4775
49.5384
48.3638
49.0731
49.1753
46.1132
39.3669
32.1042
37.4419
40.3436
37.7243
32.7543
29.1429
36.8109
45.7409
52.4916
58.4781
61.8863
62.9212
63.0201
62.213
61.4953
60.164
56.6552
50.5093
43.623
43.0094
47.5385
48.2212
44.9023
34.8601
17.2776
3.72571
-6.06354
-8.78618
-2.71167
2.51
4.25125
4.44577
5.91471
7.99578
10.0856
13.2746
15.3259
16.5825
19.7409
23.7558
25.9486
27.0097
28.5564
30.4998
7.83756
5.68882
4.63756
3.46067
-0.287295
-6.49816
-12.4427
-11.3062
-7.71436
-7.13818
-10.6022
-17.1498
-21.3296
-21.9753
-23.1084
-23.5201
-22.9769
-24.3439
-28.9821
-34.8274
-35.7388
-34.2581
-33.3397
-32.5982
-31.0107
-26.2766
-21.5469
-19.6081
-21.0141
-24.873
-28.0935
-28.8831
-30.6803
-35.3952
-41.7397
-47.0242
-47.4878
-43.8069
-37.4301
-32.1538
-29.2718
-29.2259
-31.3764
-32.9511
-28.4161
-22.1832
-18.8774
-19.3045
-23.4612
-30.7703
-37.3377
-41.5143
-43.1289
-31.9744
-20.7695
-14.306
-11.7497
-11.5995
-11.8376
-11.5837
-8.83389
22.6213
41.7935
58.3946
68.6288
75.417
79.6273
81.8316
82.4032
82.0032
81.3978
81.0098
80.9602
80.996
81.1283
81.0747
80.965
80.6472
80.3658
79.9998
79.9847
80.0071
80.0169
79.4507
78.4188
77.1447
75.927
75.0706
74.7925
74.7244
74.6033
74.1155
73.35
72.1365
69.0997
63.0932
52.7937
38.6902
25.1164
17.0207
15.0575
13.7215
12.9648
13.341
13.7239
12.7229
10.0387
6.20614
1.31037
-3.78422
-10.7262
-15.5096
-18.0363
-13.3132
-6.62633
-2.35081
-0.929099
-1.76526
7.64638
3.32807
-4.25547
-13.1254
-19.7773
-21.6549
-19.3545
-16.4698
-15.197
-16.9204
-21.1735
-23.6633
-22.4019
-22.7147
-25.531
-27.4554
-26.7836
-27.6094
-31.6539
-37.0222
-39.9087
-40.2918
-38.0464
-33.1169
-27.3565
-22.2103
-19.4627
-20.0129
-23.7953
-29.1955
-31.2034
-28.4306
-24.3757
-22.6706
-23.5275
-24.3905
-23.077
-21.8772
-22.8529
-25.8789
-29.6619
-32.5675
-34.6142
-34.5578
-30.9007
-25.0594
-21.4085
-21.1919
-24.5227
-30.7792
-37.0882
-41.1894
-40.5096
-30.2421
-20.1426
-14.4517
-13
-15.4512
-21.5809
-26.1133
-15.5245
18.532
37.6043
56.1097
68.1814
75.6046
78.7445
78.0766
73.9098
66.929
59.9044
58.987
62.7071
66.2788
66.8288
65.5663
63.4738
63.4979
63.6747
63.2616
61.1156
58.1023
54.1946
49.9765
45.7087
36.9787
41.4693
29.2087
37.1523
41.2626
53.1303
61.0318
66.1872
67.4963
65.7416
60.3374
51.7603
39.8391
26.8544
18.9268
16.1952
12.5592
10.9666
13.3032
13.9357
11.6105
7.76231
4.43822
1.7769
-2.79053
-9.73436
-18.3926
-26.2755
-29.8156
-39.6665
-39.6938
-36.1854
-26.3296
-3.20045
-10.8027
-15.363
-16.9334
-14.9501
-13.2524
-12.3643
-11.4269
-11.8337
-15.0415
-20.5768
-23.3876
-22.1935
-22.9691
-26.8545
-32.8854
-37.4806
-40.0493
-41.3623
-41.1867
-39.2067
-36.7932
-36.2062
-35.3109
-31.9237
-27.8893
-26.9653
-30.0226
-36.9064
-41.7659
-40.4257
-37.8708
-34.2716
-31.3363
-29.5986
-29.839
-31.3089
-32.1517
-31.781
-31.5909
-31.3958
-29.6304
-28.7858
-30.881
-35.2346
-37.0826
-32.2785
-29.0604
-29.2334
-32.8733
-37.2103
-36.7827
-33.8836
-33.7201
-37.0773
-42.9567
-45.2008
-42.434
-40.6212
-38.3765
-34.0232
18.6417
49.1026
65.4965
74.9505
79.6442
81.3069
82.5444
85.2508
88.5027
90.7714
91.4855
90.0553
86.1323
80.5148
77.7466
79.6674
81.2109
81.8961
82.4914
84.6622
87.3508
90.4744
93.2686
95.3827
96.456
96.6198
96.0215
95.1342
93.8066
91.7749
88.1811
82.3709
74.1095
66.4804
61.3187
57.262
48.0819
35.4437
22.3213
11.0503
4.20277
-0.3628
-0.109561
0.682537
-0.864135
-5.78983
-8.63333
-6.59826
-7.86269
-14.5953
-24.3885
-31.5825
-32.6855
-39.206
-37.5844
-39.2933
-40.1168
10.2184
7.61367
3.77623
-0.308601
-4.18971
-7.34306
-6.61372
-4.7814
-5.16283
-8.5481
-13.8731
-17.1339
-17.0016
-17.4739
-20.5322
-26.5993
-34.8701
-41.8745
-43.8498
-41.4811
-39.7994
-39.4923
-38.8886
-34.112
-26.0063
-16.9945
-8.49221
-2.28316
1.13608
1.79656
-0.124804
-4.17655
-8.34195
-8.03111
-4.74567
-2.99049
-4.07252
-8.14115
-14.867
-22.6062
-25.3697
-20.5157
-16.2005
-15.2374
-17.52
-20.2491
-18.9366
-16.0113
-14.9365
-16.0737
-18.4044
-19.974
-20.6861
-21.105
-21.6647
-23.0916
-25.4976
-27.0178
-25.5898
-24.1957
-23.7992
21.366
59.3296
78.5411
91.2324
99.4971
104.524
106.905
106.985
105.591
104.382
104.521
104.932
104.509
103.256
101.799
100.788
100.614
100.966
101.405
101.51
101.56
101.704
101.875
101.763
101.286
100.457
99.6475
98.6945
97.9736
97.9966
98.5585
98.1716
95.7348
90.8222
83.8079
75.0859
65.2079
52.7517
40.2174
33.3072
29.7672
24.962
18.7142
15.6668
18.0672
20.2035
21.5672
22.2101
20.7064
16.1802
9.06952
1.33411
-6.41678
-15.0307
-23.578
-25.8117
-26.1859
8.2336
7.4335
5.89556
2.52421
-2.72115
-8.7741
-12.1837
-9.97675
-7.51186
-8.40459
-13.5463
-22.837
-31.6004
-33.3783
-32.9552
-32.4838
-33.5387
-35.4824
-37.3263
-37.7801
-37.9914
-39.374
-40.573
-35.6931
-27.2217
-19.3526
-12.0842
-6.21734
-2.4579
-1.04246
-1.8078
-4.08549
-6.21529
-5.98152
-3.90206
-2.66718
-3.8112
-7.91002
-14.8995
-22.5202
-23.6139
-19.6399
-16.6826
-16.6092
-19.5885
-24.0345
-25.5922
-24.9144
-25.1791
-24.3317
-20.3466
-17.0776
-15.86
-14.4066
-11.7007
-10.5643
-12.809
-18.4282
-21.4273
-18.392
-16.3934
19.9568
48.6044
72.4646
87.3369
96.1108
100.007
99.5565
94.7788
85.3014
72.4586
65.3257
66.2725
70.1051
71.4974
68.5541
60.82
55.2078
59.3359
61.4785
58.1401
54.3789
51.9649
57.2857
58.7043
57.349
53.7806
53.3797
54.7086
56.3663
61.7686
70.6578
77.6958
81.8418
82.5041
80.0357
74.2803
64.7798
49.5694
35.4894
31.0685
28.064
26.6118
26.2057
27.3987
28.3307
28.3431
28.2224
27.8335
25.6572
20.6865
12.8381
5.21848
-2.13986
-10.1126
-17.0138
-18.1405
-19.0597
1.1699
-6.90329
-13.0943
-14.9576
-13.267
-11.5088
-9.30033
-5.16152
-2.13775
-2.55196
-7.05495
-15.3378
-23.7945
-29.7959
-34.1775
-38.2733
-40.0954
-38.1975
-36.0862
-35.8765
-36.8199
-36.8735
-37.4993
-38.9328
-39.2516
-35.3585
-30.6107
-28.0011
-28.7322
-32.2569
-36.4145
-36.3451
-35.6525
-36.5173
-39.5285
-43.1849
-42.7848
-42.2537
-41.7861
-40.2926
-37.2102
-35.0874
-34.8532
-36.817
-39.3936
-39.8532
-38.7252
-37.8722
-37.0484
-33.5045
-26.5858
-20.6019
-17.4036
-17.1895
-19.7206
-24.1292
-28.2403
-29.7286
-30.8077
-30.0125
-26.7485
17.1531
37.713
52.5004
64.8851
74.1989
83.7019
91.9889
98.4279
103.205
106.49
108.391
108.915
108.577
108.475
109.296
110.361
110.887
110.881
110.822
111.054
111.407
111.479
111.457
111.841
112.611
113.266
113.54
113.455
113.012
111.807
109.268
105.074
99.9186
95.6251
91.9236
86.0745
76.0585
63.3429
55.353
51.5387
46.2448
44.7468
48.8132
51.0197
49.2618
43.4146
35.7964
32.8417
32.077
29.5397
23.9632
14.6606
0.869854
-12.3428
-16.5529
-18.4091
-20.3702
11.5567
3.68037
-4.14405
-4.77731
-5.47878
-9.67441
-15.6804
-17.7107
-16.8004
-17.8005
-22.2039
-29.5312
-35.807
-37.646
-36.3467
-35.2124
-35.3132
-36.2104
-37.3354
-38.8449
-41.0188
-43.6624
-45.7172
-47.0381
-48.2102
-46.8468
-40.9295
-33.8048
-30.1482
-30.3467
-33.1778
-34.6549
-33.6247
-34.1714
-37.0982
-40.6493
-42.9147
-43.4073
-41.8458
-38.8858
-36.2349
-35.4045
-35.8487
-37.0345
-38.3192
-38.3633
-34.8076
-29.2837
-25.799
-24.7633
-25.706
-26.2734
-24.7083
-22.89
-23.0592
-26.1442
-30.6467
-31.851
-26.814
-23.7221
-20.2955
13.7615
31.1161
53.3858
67.6462
79.648
88.5146
95.2609
100.213
103.939
106.715
108.801
110.533
111.914
112.774
113.067
113.135
113.236
113.26
112.937
112.265
111.252
109.757
107.765
105.876
104.995
105.224
105.761
106.058
106.279
106.974
108.002
108.423
107.248
103.655
97.0177
86.7924
74.0218
63.0441
57.1611
51.4944
45.6213
45.3601
50.445
53.7845
54.7381
55.4435
56.9407
57.0836
54.2692
48.3044
40.0543
31.8108
23.4369
14.9587
7.55332
7.71893
11.7169
1.64219
-4.38721
-10.2822
-12.5974
-15.3253
-20.4731
-24.8981
-23.3147
-20.3274
-19.411
-21.5197
-26.5925
-32.35
-35.7083
-35.5275
-34.8657
-35.2714
-36.6954
-39.0772
-41.8936
-44.9242
-47.2721
-49.3359
-49.5353
-49.9996
-50.136
-48.4733
-45.6766
-44.0533
-43.1447
-41.6309
-39.8761
-39.6292
-38.5409
-36.8882
-37.2124
-40.6584
-45.9696
-46.8256
-44.2995
-42.0345
-40.6217
-39.5978
-39.8994
-41.7697
-45.4673
-47.0246
-44.9846
-43.0095
-43.8174
-44.7263
-42.5963
-38.5526
-35.778
-35.0003
-36.7108
-39.6723
-37.9997
-31.2878
-26.3116
-25.218
6.27162
24.7754
42.3756
52.994
58.6986
61.33
63.1346
65.1013
68.5232
70.6983
71.5301
69.5325
64.318
56.3057
57.6051
60.4778
59.8758
57.864
60.0184
64.0416
68.4866
72.526
76.2868
79.0598
80.4693
80.8516
80.9335
80.9156
80.3224
78.2529
74.457
71.2723
70.6647
70.3741
66.5953
58.834
47.4533
37.8651
31.5002
26.4951
21.7589
28.0953
36.9019
41.7985
44.901
48.7072
52.238
53.3995
51.3374
46.0428
38.2351
30.3831
23.4512
15.9191
7.11373
3.61682
5.49991
-21.1252
-24.7567
-26.6381
-26.2767
-26.4058
-28.721
-30.4939
-26.0433
-21.3988
-20.2875
-22.6169
-27.3477
-32.4671
-36.6002
-37.1535
-33.9109
-31.1311
-31.0942
-34.1331
-39.19
-42.1953
-41.3981
-39.9461
-38.2364
-38.749
-42.0005
-45.7945
-46.1181
-43.7619
-41.5637
-41.6466
-44.6558
-48.743
-47.9664
-44.7849
-44.3595
-46.8305
-50.1931
-49.1564
-46.5899
-45.9173
-46.4613
-45.6925
-43.949
-43.7257
-44.1222
-43.2127
-41.5496
-41.3371
-42.7623
-41.8078
-37.2634
-33.3643
-32.3564
-34.284
-38.7034
-42.1262
-36.2364
-27.9511
-22.3606
-18.6978
3.90369
29.8421
46.0988
57.9366
68.0809
75.8773
81.5691
85.3355
87.6252
88.9503
89.4967
89.4543
88.8187
88.2358
87.8629
87.843
87.6419
87.4302
87.275
87.5325
87.5565
87.4386
87.3
87.3095
87.3876
87.4971
87.3754
87.2124
86.9554
86.493
85.1939
82.5192
78.4865
73.0992
65.9244
55.7753
46.0457
38.9538
36.789
34.2864
30.3997
23.5879
16.3216
17.1397
20.5935
21.9872
21.1441
18.7788
15.3617
10.3535
4.21285
0.683291
0.487179
-0.423214
-3.01744
-5.02484
-6.69325
-6.98767
-5.74666
-7.06212
-11.2825
-17.5179
-23.6884
-29.2733
-32.2288
-31.5542
-30.893
-32.6153
-36.2882
-39.6076
-42.5425
-43.305
-37.6481
-31.7681
-29.3831
-30.2974
-33.668
-38.0311
-41.6838
-43.7736
-42.7527
-40.0601
-35.3609
-29.7336
-24.8875
-21.7674
-20.5293
-20.5678
-20.0341
-18.4918
-17.9235
-19.6105
-23.361
-27.3597
-30.2639
-32.387
-34.9762
-38.6572
-43.9644
-45.798
-41.9705
-39.5522
-39.1723
-36.091
-29.8418
-25.9359
-25.7024
-28.353
-30.9601
-31.4688
-31.4967
-31.7499
-32.2169
-32.6263
-32.3397
-31.5165
-29.7877
-25.9685
7.62534
26.3876
44.4359
56.2911
63.6474
67.3549
67.4699
64.1401
57.6044
49.2434
51.6147
59.683
63.9225
64.184
61.4636
57.5576
57.4331
57.952
56.8095
54.2255
48.8205
50.9766
55.6831
61.0509
63.5231
64.8082
64.5015
64.7198
63.7685
63.454
65.0252
68.5953
69.7253
67.3195
60.8331
50.721
39.352
26.8775
20.6727
15.1722
8.53691
-0.934952
-1.42317
2.42084
6.9654
11.727
15.5162
16.354
13.4838
7.08665
0.817871
-1.04732
-2.5314
-5.20725
-7.76631
-7.9008
-7.36281
-6.13825
-6.88197
-8.72942
-11.441
-12.7989
-13.8986
-17.74
-25.5415
-35.7157
-41.2229
-40.7331
-39.791
-40.2147
-40.5925
-40.2144
-35.5971
-30.7224
-28.2298
-28.2317
-29.6246
-31.3834
-33.9096
-37.9438
-39.1811
-34.5879
-27.4921
-20.915
-15.8082
-12.5285
-10.7882
-9.5123
-7.28871
-4.71483
-3.57279
-4.76831
-8.4875
-14.3672
-21.4324
-27.8754
-32.6853
-36.6664
-39.8789
-40.9754
-40.7021
-40.2429
-39.2964
-37.7109
-34.5327
-31.3489
-30.6587
-33.4027
-38.6196
-41.9021
-40.1447
-35.4195
-30.5368
-27.1882
-26.4091
-27.9658
-31.562
-33.1604
7.58858
35.4665
51.4116
61.4985
68.694
74.7037
79.7991
83.502
85.9081
87.3463
87.9906
87.901
87.1096
86.2295
85.5968
85.3723
85.3192
85.4344
85.7219
86.1612
86.5784
86.9093
86.8872
86.2725
85.1128
83.9034
83.5365
83.8173
84.0837
83.7013
82.5208
80.0411
75.8752
69.6565
61.2172
50.7495
37.9427
25.4231
15.6564
3.03143
-4.35586
-4.82796
-2.8657
-1.75142
-2.7159
1.2498
7.91739
11.3467
10.8629
6.58178
0.545678
-3.75437
-10.0342
-19.2434
-29.5629
-35.7906
-38.5663
-6.70229
-10.6402
-17.3221
-23.2021
-25.3983
-27.0657
-29.8005
-30.0735
-27.8692
-26.4636
-26.8147
-28.2291
-30.3033
-33.1066
-36.2257
-35.4219
-32.3978
-31.9691
-34.2901
-37.2552
-39.1204
-40.9108
-42.4666
-41.117
-39.5574
-34.4283
-27.545
-23.6939
-23.9907
-28.4379
-35.8572
-39.8704
-40.7047
-42.4495
-45.3134
-47.3586
-46.8274
-45.8899
-47.1103
-51.1893
-54.3769
-53.3198
-52.5434
-52.9789
-52.8633
-51.5815
-49.7227
-47.975
-47.2225
-47.8902
-48.3236
-45.0565
-39.5684
-34.1349
-30.2165
-28.7518
-30.2871
-34.9328
-40.2958
-38.2611
-32.0324
13.1889
33.7508
52.0956
63.681
71.2913
75.356
76.5272
75.5066
73.4283
71.8167
72.3036
74.8504
77.1131
77.8469
76.855
75.1764
74.5277
74.9507
75.1679
74.4321
72.6201
69.628
65.2708
59.2595
50.225
41.6995
38.5094
43.3662
51.8618
62.4789
69.7843
73.6128
73.9095
70.6821
63.8734
53.5224
40.4263
26.741
16.5962
7.65863
-4.12928
-10.8975
-1.82146
5.80002
9.49577
10.1452
9.06173
7.14509
3.88563
-0.183076
-3.73775
-7.55835
-14.3697
-23.6343
-26.4629
-26.783
-28.9715
3.37762
-0.662993
-6.25362
-11.507
-13.9393
-16.5181
-19.1357
-18.5493
-16.5775
-17.1632
-20.8816
-25.9999
-30.054
-34.7019
-40.1616
-42.1179
-41.4724
-40.7442
-41.2183
-43.2143
-46.3264
-46.2097
-46.0494
-44.3565
-44.4054
-43.7724
-38.4832
-34.465
-33.9907
-36.8406
-41.3103
-44.5613
-47.4484
-49.1703
-50.3378
-52.0209
-53.4213
-53.1205
-52.8034
-53.4674
-54.5694
-52.4815
-46.9261
-42.9834
-42.3275
-44.4147
-46.9747
-46.7767
-44.6384
-44.0852
-44.5406
-42.975
-39.709
-37.7284
-38.1402
-41.2006
-45.1541
-46.5087
-43.6726
-41.6623
-38.7632
14.2902
40.5998
57.216
66.7776
72.2607
75.5333
77.8364
78.8615
78.3078
76.998
76.2411
75.9128
75.0692
73.9561
72.579
71.2737
70.7121
70.8317
71.3049
71.8687
72.8125
74.1801
75.4873
76.3284
76.7775
77.0935
77.5642
78.0503
77.7799
75.9216
72.0138
67.1892
64.3639
63.1318
59.9449
52.8434
41.2482
25.7386
12.748
1.88122
-7.55188
-10.7447
-9.56451
-5.23506
-3.35942
-4.60863
-7.82915
-10.596
-10.4824
-8.96019
-7.84327
-9.24194
-14.5789
-22.4802
-27.4709
-29.9723
-32.9629
4.81199
5.5067
5.52519
3.09315
-0.528304
-3.80579
-6.20196
-7.94531
-9.09492
-11.6609
-17.6203
-26.376
-32.1793
-34.7931
-37.753
-39.4022
-39.6953
-40.3558
-42.6562
-46.2295
-49.8039
-48.147
-48.9478
-45.8075
-41.1587
-37.507
-36.3136
-37.553
-39.0416
-38.3896
-37.8108
-39.8816
-45.3841
-50.2952
-48.8524
-47.6687
-48.448
-48.1016
-46.7415
-47.1511
-50.2925
-52.7616
-49.8587
-45.7961
-43.8879
-45.0217
-48.8578
-52.0768
-50.7677
-48.1105
-44.4499
-41.3461
-39.8134
-40.3476
-42.5
-45.2342
-46.8406
-47.8811
-48.2547
-47.8919
-43.9948
10.176
35.382
55.7432
69.1754
77.4698
81.7461
82.487
80.1263
75.3393
70.3772
69.0793
71.2708
73.023
72.8356
70.51
67.6566
66.7951
67.311
67.1549
66.0426
64.9418
64.4208
63.4728
61.1618
57.6088
55.887
56.7762
58.4118
59.7733
62.0494
64.3471
66.5435
67.6366
66.6883
62.749
55.18
43.0558
27.1446
10.2367
-0.724481
-8.46975
-11.851
-13.3162
-16.2618
-21.4799
-23.4738
-22.3557
-20.7575
-19.9849
-21.1704
-23.0576
-24.8169
-31.3065
-38.6506
-40.1885
-33.3163
-23.6762
-0.383949
-4.2116
-6.76283
-7.08831
-5.99458
-5.7962
-7.30153
-9.21424
-10.4157
-12.2138
-16.4338
-23.065
-30.2515
-36.6015
-38.4583
-33.191
-28.8107
-27.9668
-30.3678
-34.7902
-39.0464
-40.6446
-42.1052
-40.4239
-38.542
-36.3003
-35.1149
-36.2166
-39.4711
-42.6585
-43.635
-43.7342
-45.1131
-46.5891
-46.9359
-47.0606
-46.685
-44.8484
-42.5349
-40.695
-40.292
-41.7958
-44.4243
-44.2341
-41.2185
-40.1594
-41.755
-44.784
-46.8898
-48.218
-47.9326
-45.4098
-42.7279
-41.2946
-41.3539
-43.1825
-46.2212
-48.3083
-49.3218
-48.2751
-42.5111
3.18023
17.0524
40.297
54.1831
63.995
71.8493
78.237
82.7124
85.3865
86.3995
86.068
84.4953
81.8336
79.3127
78.6641
79.0312
78.4831
77.3404
77.1435
78.4068
80.0706
82.1173
84.4325
86.4059
87.4316
87.6504
87.5716
87.5732
87.5473
86.9105
84.8502
80.7257
74.7675
68.8396
64.1563
58.6225
52.0417
46.3851
40.7244
34.6874
28.9067
24.109
20.4769
17.3503
15.5959
13.5929
10.4166
7.18006
5.16713
2.50124
-2.09556
-9.70544
-21.7674
-34.0134
-41.6502
-45.4436
-39.1328
-5.78969
-7.39097
-8.97452
-10.3796
-13.2682
-17.9784
-18.2241
-11.9384
-7.63221
-7.10106
-10.4858
-17.835
-27.1363
-30.492
-28.1561
-21.6603
-17.0082
-16.0792
-19.0021
-25.3701
-33.6951
-38.346
-39.8451
-34.8476
-30.9945
-29.2127
-29.0816
-30.3322
-32.8408
-36.3904
-40.5113
-42.872
-41.2746
-39.2228
-39.7121
-43.1748
-47.2804
-48.1389
-46.6025
-45.2332
-45.2775
-45.9905
-45.0459
-43.156
-41.34
-40.3435
-40.3844
-40.0555
-36.7306
-32.8435
-31.4465
-32.9994
-36.4447
-38.9301
-38.9627
-39.2263
-40.4215
-42.326
-43.3763
-43.9585
-40.1147
-9.01988
6.99052
34.0872
52.2557
65.5096
74.4448
80.0228
83.1263
84.5271
84.6918
84.147
83.3822
82.3621
80.8454
79.4605
78.7704
78.1221
77.355
77.0442
77.0731
77.0707
77.3629
78.1664
78.6675
78.2498
77.3053
76.9377
77.2732
78.0977
79.4953
80.797
81.2441
80.3062
77.4496
72.3849
65.7651
60.0562
54.0584
45.7332
36.4555
29.599
25.0494
21.6525
18.2066
15.3038
13.7318
13.687
13.6987
12.2919
8.85329
3.31174
-4.1112
-14.4744
-25.895
-34.7886
-42.6513
-47.2588
6.44591
4.41312
-0.408165
-7.41206
-15.2287
-20.6784
-20.648
-18.4327
-17.8671
-20.2598
-26.2832
-34.7468
-39.0842
-26.7115
-12.2602
2.05456
9.94329
12.6995
10.9791
4.86645
-5.05359
-16.6785
-26.322
-30.6224
-32.0135
-33.7802
-33.984
-33.7299
-35.7508
-40.3529
-45.5189
-48.9646
-49.8396
-48.979
-48.8386
-50.0392
-51.2305
-51.978
-52.2829
-50.8414
-48.5917
-47.8137
-46.0042
-41.1552
-35.988
-32.98
-32.9742
-35.9236
-39.0878
-38.3082
-36.0907
-36.1314
-37.382
-36.4336
-34.8632
-35.6594
-39.2623
-42.6758
-41.7219
-40.6655
-40.2618
-16.2325
11.2742
30.1777
41.8124
54.501
65.1383
73.3978
79.0265
82.8302
85.3907
86.9065
87.1095
86.4357
86.4333
87.827
89.1167
89.3248
88.7703
88.3507
88.5672
89.1459
90.0118
91.321
92.8716
94.0082
94.4068
94.0923
93.1686
91.6721
89.5335
86.521
82.0115
76.2712
71.0368
66.8942
60.0858
48.9023
36.8335
29.3925
23.6786
16.1963
7.44728
4.88687
8.8171
11.9374
13.7036
14.8074
14.6815
12.6999
8.77048
3.52746
-3.54578
-13.9685
-28.1662
-42.3495
-48.1732
-47.6636
-3.93775
-7.04317
-11.2265
-17.9376
-25.5189
-27.6118
-23.0151
-17.1484
-13.4631
-13.0644
-16.3405
-23.4957
-32.7503
-18.7738
-0.83832
13.9627
21.5416
23.873
21.7387
15.3907
6.02964
-4.17187
-13.8268
-21.9516
-28.3915
-29.3126
-25.3011
-22.7763
-23.4774
-27.6124
-34.3699
-38.1958
-35.4753
-32.8346
-32.9974
-35.9656
-40.1244
-43.2405
-45.9046
-48.7446
-48.7053
-45.3704
-43.2188
-44.0378
-47.5126
-49.8504
-45.5999
-39.9487
-36.0207
-34.1388
-34.562
-37.2063
-40.3003
-39.5073
-37.0598
-37.3109
-40.1639
-42.7672
-42.4279
-41.0723
-40.6812
-9.18906
2.01415
26.403
43.6395
56.9568
66.2672
72.4835
76.1556
78.1377
79.5534
81.1705
83.139
85.0158
86.3277
86.8924
86.9001
86.7321
86.6309
86.3644
85.6286
84.3871
82.8629
81.1727
79.4355
77.9514
76.9924
76.2015
75.1518
74.3099
75.2492
76.9196
77.3867
75.888
72.4387
66.8739
58.4649
46.3296
32.9066
21.3288
15.0449
8.38161
2.78932
3.40973
4.58704
2.51327
-3.03021
-10.8464
-18.3254
-20.3202
-25.3302
-28.7031
-30.8312
-30.9327
-33.6346
-37.2276
-38.5426
-38.4368
-3.02329
-9.46059
-13.7486
-19.1232
-27.0622
-32.8061
-25.3549
-14.7117
-8.89807
-7.73509
-10.9631
-18.582
-27.9093
-12.7215
4.7024
19.0355
26.2391
28.0567
25.0024
16.7628
4.67881
-3.4036
-7.25872
-10.9586
-14.8798
-19.8042
-22.9528
-24.0366
-25.7971
-29.1597
-32.9542
-35.6513
-36.8641
-36.6296
-36.6295
-38.9317
-42.4623
-44.3121
-44.2861
-43.7151
-41.8558
-40.8392
-42.5534
-47.0529
-50.0229
-47.0107
-40.1429
-34.1053
-30.6973
-30.0906
-31.902
-35.6064
-39.7868
-42.0626
-42.7962
-43.4622
-42.5001
-41.0774
-41.5303
-44.0926
-45.3719
-4.44808
10.123
27.8333
41.288
52.7709
62.2192
69.5328
74.6787
78.0431
79.8759
80.4415
80.0751
79.4287
79.3206
79.9297
80.4089
80.0917
79.3962
78.9826
79.0279
79.0688
79.1586
79.6254
80.4164
80.9596
81.0075
80.6479
80.0383
79.3567
78.381
76.5437
73.0345
67.7815
61.0481
53.7529
44.7397
34.2663
25.9959
21.3657
16.1631
9.22437
4.0435
3.92623
3.56986
-0.344932
-8.13553
-16.7214
-20.4218
-21.5613
-27.2624
-33.6896
-38.1163
-37.5519
-36.7973
-32.5185
-21.7213
-8.85047
-8.18709
-14.129
-19.2581
-21.7951
-24.3201
-27.0914
-24.4696
-16.1243
-11.2002
-10.8042
-14.9537
-23.7513
-33.7903
-10.2468
8.98586
23.745
31.1708
33.1566
30.2695
22.2573
10.5685
3.17529
-0.339215
-5.45081
-12.3344
-21.6372
-29.3743
-31.9201
-33.6821
-35.777
-38.1202
-41.6336
-44.741
-43.5054
-39.8388
-36.7378
-34.8473
-34.885
-36.82
-39.1723
-39.5065
-39.1013
-39.7569
-41.7095
-43.7984
-44.4782
-44.1018
-42.0855
-38.4907
-35.4275
-34.2431
-35.4083
-37.937
-39.2132
-38.906
-39.6226
-40.8357
-41.9278
-42.7109
-43.7825
-42.5534
-6.33215
13.5382
33.3451
46.3807
55.6389
62.1364
66.5144
69.5934
71.9245
73.4901
74.2215
74.214
73.8519
73.3704
73.0133
72.7627
72.3877
71.8405
71.3334
71.3646
71.7666
72.4873
73.6632
74.9612
75.8706
76.1969
76.1145
75.9178
75.3822
74.0818
71.9545
69.5185
66.6284
62.1662
55.0544
44.8389
34.4386
25.8938
21.3946
17.0698
11.2867
6.15659
5.91766
6.41034
4.28744
-0.433561
-6.30676
-11.7973
-15.7171
-19.7515
-20.9654
-20.6144
-21.3452
-24.4217
-26.6045
-16.1998
-1.89332
-15.6821
-17.7828
-19.9032
-23.1864
-27.4255
-32.1801
-36.0413
-36.1315
-34.325
-34.3174
-37.2534
-42.9622
-48.02
-10.1503
10.1151
25.1027
32.6799
34.7693
31.9099
23.4899
8.30049
-11.9881
-18.7257
-24.8249
-31.2084
-36.2709
-36.3086
-34.3007
-33.4953
-33.9446
-35.3815
-38.5998
-44.3087
-46.548
-42.068
-37.5686
-35.1009
-35.1721
-37.7811
-40.777
-38.9127
-36.0415
-36.1081
-39.3625
-43.6129
-45.0219
-44.0969
-42.2463
-40.2537
-39.2587
-39.7108
-41.852
-45.6367
-49.8384
-51.5127
-50.8465
-47.5687
-44.156
-41.9618
-41.47
-42.2363
-12.2954
18.1273
36.6662
50.1957
62.1433
71.406
78.3413
82.9733
85.7604
87.3037
88.1106
88.5607
88.6167
88.3573
87.9163
87.7009
87.6697
87.6492
87.4587
87.0567
86.4671
85.5573
84.3166
83.0157
82.2044
81.9785
81.9165
81.6898
81.5691
81.6908
81.3291
79.5679
75.9109
70.265
62.6916
52.6634
39.4507
23.3754
9.60783
-0.357132
-7.541
-4.07435
1.33372
3.77269
2.85153
-0.558335
-4.9366
-9.73478
-14.4677
-21.2072
-26.4253
-29.9859
-31.975
-35.557
-40.3586
-41.8205
-43.039
-8.09464
-11.0778
-15.7255
-21.4797
-26.605
-28.7292
-27.1291
-22.5426
-19.0985
-18.6914
-21.697
-28.1722
-37.1682
-10.4028
8.47457
23.0719
30.3374
32.2359
29.2823
20.9728
6.56178
-11.1807
-22.2344
-28.3625
-33.2564
-33.7071
-31.5844
-29.1531
-28.7256
-30.6074
-33.8456
-36.6407
-38.8536
-41.3016
-43.5061
-44.8495
-45.9883
-48.5787
-51.9113
-55.2401
-57.3581
-56.6707
-52.2442
-47.7919
-46.199
-47.2681
-49.3156
-49.4195
-47.903
-47.2005
-47.73
-48.1342
-47.5864
-47.302
-48.2928
-50.3191
-50.4061
-47.8396
-45.7551
-44.8999
-44.2498
-0.48132
23.1749
41.8313
53.539
61.4097
67.056
71.506
75.1106
78.1144
80.2723
81.2592
80.6773
78.6904
76.4809
75.6757
76.0674
76.3519
76.1174
75.9544
76.4895
77.5755
78.8465
80.1369
81.2683
81.8137
81.6525
81.0335
80.2723
79.2845
77.7084
75.4537
72.7333
69.6447
65.6732
59.784
50.6773
37.4451
20.0237
6.73663
1.37543
2.41545
11.6831
17.9372
19.7752
17.4067
11.3376
4.26956
0.0133214
-2.89731
-6.02999
-9.98351
-15.289
-21.7136
-28.2271
-35.1076
-42.2687
-49.2245
-4.60903
-7.85068
-12.6783
-18.4166
-23.554
-26.997
-27.6049
-20.9639
-14.4211
-11.8858
-13.5837
-19.6345
-29.5125
-9.30142
10.79
25.5437
32.9544
34.9323
32.0305
23.8236
10.384
-2.92915
-10.2903
-19.0339
-26.7965
-27.3637
-24.9418
-23.5295
-23.8316
-25.5585
-28.0157
-30.1893
-32.0468
-34.484
-37.1937
-39.0052
-40.4639
-42.6025
-45.6215
-49.506
-53.6479
-55.1674
-52.1791
-47.723
-44.0646
-41.2538
-38.8454
-37.9656
-39.4785
-42.7866
-44.7235
-44.1371
-43.3478
-42.5019
-41.1032
-40.072
-40.0047
-40.6939
-41.8925
-42.54
-39.6189
7.12839
25.8744
43.9367
57.2251
67.2841
74.1806
78.6318
81.427
83.3067
84.7208
85.6582
85.9634
85.5504
84.7359
84.0405
83.9039
84.0713
84.125
83.9293
83.5549
83.0095
82.2509
81.3218
80.2777
79.2994
78.3825
77.5195
76.7155
76.3278
76.5968
77.0138
76.4648
74.3531
70.339
64.1299
54.5341
40.3075
18.647
2.89811
1.33675
6.44628
17.2867
23.9411
25.9371
23.7021
17.6372
10.0363
5.05139
2.65759
-0.38214
-4.65331
-9.51706
-13.3874
-16.7238
-20.4343
-24.1288
-26.7174
8.40569
1.82124
-4.38007
-6.59602
-8.31185
-11.2175
-13.1038
-11.5162
-9.29604
-9.55776
-13.3991
-20.6995
-27.6934
-11.5582
7.66033
22.2977
29.6148
31.495
28.4437
19.9739
6.70335
-1.59195
-2.98811
-5.08171
-7.98883
-12.4847
-18.5287
-23.6979
-26.3107
-27.9814
-30.266
-34.3189
-38.978
-41.6521
-41.7055
-41.7253
-42.4144
-43.8502
-46.4898
-48.9206
-48.3155
-45.1792
-41.5406
-38.9428
-38.4508
-40.3971
-42.8582
-42.2439
-41.0575
-41.8803
-44.1849
-45.765
-46.48
-46.6676
-44.6611
-42.3095
-41.4765
-43.1837
-46.005
-45.8945
-40.5017
9.22646
33.5175
50.8532
61.2085
67.4991
72.2072
76.7325
80.4986
83.0773
84.4881
84.8506
84.1509
82.5734
80.778
79.5259
79.134
79.2272
79.3099
79.4765
79.9261
80.4623
80.807
80.6764
80.2315
79.906
79.9943
80.0832
79.8021
79.028
77.4276
74.597
70.6679
66.6664
62.5403
56.7924
47.6531
33.7735
16.5076
3.68075
-2.00815
-0.47222
7.78255
13.4311
14.8368
12.26
6.89331
3.11085
2.69864
1.91285
-1.17338
-5.76688
-11.2709
-16.3718
-19.9277
-21.9527
-23.7903
-25.2741
5.01727
1.43367
-1.2842
-3.71452
-5.70552
-6.63733
-3.98167
0.398365
2.35179
0.708067
-4.59501
-12.2943
-18.5848
-9.84255
4.68497
18.5779
25.4184
26.9893
23.8367
16.0257
6.83434
4.07148
4.05296
2.71754
-0.588399
-4.95031
-8.09434
-9.23397
-9.84582
-10.7062
-12.2757
-14.9866
-17.9627
-20.4794
-21.4311
-19.9803
-18.0253
-16.1031
-13.7369
-11.4904
-10.4837
-11.2126
-13.0971
-15.3276
-18.0844
-22.4029
-26.2225
-25.5672
-23.4383
-22.4534
-22.6438
-23.287
-23.9973
-25.2726
-27.7304
-30.9142
-34.2538
-37.7336
-40.4378
-42.5568
-41.0796
7.90498
28.0543
46.059
58.0843
66.2996
71.475
74.7653
76.6753
77.5588
77.796
77.9289
78.1396
78.0511
77.152
75.6332
74.3273
74.0327
74.2053
74.1909
73.7018
72.6854
71.2796
69.66
68.1609
67.4797
67.9448
68.8718
69.2428
68.7818
67.9693
67.1276
65.8039
63.0331
58.2686
51.2282
42.0735
31.3949
23.2304
19.8582
15.6947
9.82237
4.02325
0.871025
-1.53503
-5.98988
-13.433
-22.6607
-24.5337
-21.604
-24.526
-25.958
-25.0385
-23.1912
-22.8609
-25.2054
-30.3936
-37.3819
0.230905
-0.992425
-1.79745
-4.24346
-9.09347
-12.8947
-7.93409
-0.0735461
4.50929
5.11459
1.67519
-5.97356
-16.9941
-12.2136
7.48006
22.1809
29.5711
31.51
28.5625
20.428
8.71434
3.04525
2.73175
1.83859
0.539475
0.701754
1.43061
0.510499
-2.77082
-6.8923
-10.3575
-14.1838
-19.2199
-25.115
-28.044
-26.1224
-22.4401
-19.382
-18.002
-18.1788
-19.0268
-19.5611
-18.6279
-17.1783
-17.4517
-20.0945
-22.1876
-19.9569
-17.1802
-16.1673
-16.5999
-17.1747
-17.3721
-18.0991
-19.8289
-22.0826
-24.7676
-28.7831
-33.3866
-37.2788
-37.9945
1.39029
20.1611
40.6697
54.5311
64.929
73.1347
79.068
82.2958
83.0303
82.4069
82.068
82.2371
81.7333
80.1209
78.06
76.5717
75.9194
75.8423
75.4672
74.2487
72.4824
71.2534
70.9252
70.9461
70.9759
71.4957
72.4945
72.8784
71.9906
70.2042
68.0619
65.4399
62.4232
58.9274
54.1541
46.9859
38.3078
33.3805
30.58
26.1927
20.6876
16.6692
14.0023
11.2785
7.81801
3.70935
0.42068
0.271083
1.75593
0.946669
-3.1402
-9.42562
-12.5807
-12.5058
-14.1027
-18.8033
-27.0029
-3.28068
-7.1905
-7.81267
-8.83851
-12.9255
-17.969
-13.8278
-4.75906
0.44086
1.17953
-2.5348
-11.1373
-24.0633
-15.803
5.12237
19.8922
27.4292
29.5783
26.9171
19.1046
6.39998
-3.89098
-4.98072
-5.62347
-7.39691
-9.39149
-10.666
-11.3688
-12.6416
-15.1101
-18.3695
-21.2364
-24.2424
-28.0447
-31.6598
-34.5987
-35.392
-33.3196
-31.0484
-30.0897
-29.6368
-26.8289
-20.9358
-16.6469
-16.0541
-19.139
-24.0743
-26.1748
-26.4721
-28.3854
-31.4036
-32.5856
-31.2669
-30.8123
-32.6263
-36.2784
-39.0142
-40.087
-41.9656
-43.603
-43.4726
-8.83917
-3.60167
15.9257
35.4797
49.673
59.315
63.9903
65.6367
66.3552
68.3108
70.58
71.4249
70.4359
68.5061
66.9659
66.212
65.5918
65.454
66.5169
68.6404
70.6604
72.1194
72.6655
72.2672
71.2088
69.8659
68.5277
67.3548
66.1835
64.4915
61.8138
58.6217
56.0272
53.6622
49.8397
43.4818
36.2214
30.3393
24.7748
19.6092
17.4928
15.9046
13.7105
12.2813
11.0205
8.37937
5.32997
6.70803
10.1078
11.0074
8.69759
3.86998
-1.1747
-4.84037
-8.84174
-14.9992
-22.7439
-16.3448
-18.3476
-19.3012
-19.9187
-21.2147
-22.554
-18.3054
-10.7558
-6.42927
-6.36486
-10.8227
-20.3397
-32.6894
-21.5036
-3.1961
12.0306
20.2121
23.1753
21.6161
15.5243
5.04156
-7.14316
-14.2354
-17.4906
-18.9983
-21.1046
-25.2299
-30.4253
-34.5079
-37.7848
-40.658
-43.449
-45.07
-46.6259
-48.4287
-48.1968
-47.0892
-46.5607
-46.0831
-45.1594
-43.0943
-37.7368
-30.1678
-25.5354
-24.9664
-28.4306
-35.2427
-41.2543
-44.3496
-47.7512
-51.7479
-53.1291
-51.9444
-49.7931
-47.7054
-46.7005
-47.0876
-49.6141
-51.9863
-52.1829
-51.0782
-16.9677
-22.8899
-4.73325
7.2449
21.529
34.8094
44.5141
52.3528
58.7168
63.5933
66.9268
68.4478
68.3614
67.5011
67.0413
67.1421
67.1535
67.0937
67.3724
68.2732
69.3718
69.9015
69.389
67.8831
66.382
65.9187
66.1406
66.3485
66.2633
65.5308
63.5757
60.689
57.9381
55.4291
51.3633
44.423
35.3494
27.3675
20.103
14.7606
12.5489
9.96183
7.93367
8.07353
7.54044
4.30438
-1.55823
-7.29778
-10.3783
-13.7389
-18.0134
-24.6688
-32.9575
-40.5344
-43.4942
-45.0648
-43.8358
1.3123
-2.13121
-5.81791
-11.6392
-19.6803
-24.3595
-18.1802
-10.0952
-5.84635
-5.96907
-10.6524
-20.3655
-32.2329
-32.4297
-21.0853
-7.29702
0.194755
2.67499
0.898583
-4.49056
-10.9449
-15.2264
-20.0175
-27.0614
-32.4303
-31.6219
-30.3181
-31.0439
-34.1146
-39.2964
-44.9076
-46.9658
-45.3597
-43.8607
-42.9582
-42.399
-43.015
-44.5622
-45.6178
-45.5053
-44.8624
-44.512
-43.9581
-43.2025
-42.781
-42.6867
-42.4823
-41.5793
-40.7134
-41.4312
-43.0796
-42.4581
-39.2925
-37.378
-38.0574
-40.4443
-42.4308
-43.1595
-41.3146
-37.645
-34.4765
-19.3404
-23.3514
-7.69645
0.558949
20.5661
35.3982
46.2964
53.8685
59.1534
63.3942
67.0768
70.5986
73.2861
74.9503
75.5331
75.5597
75.6434
75.8774
75.7418
74.9889
73.7836
72.4321
70.4391
67.6839
65.3215
64.8215
65.2528
65.6379
66.4066
67.7472
68.7637
68.536
66.7296
63.6306
59.3983
53.6745
45.1954
35.4263
27.964
22.4734
18.3123
14.5266
9.85199
5.82667
3.78224
1.06603
-2.97762
-7.71924
-13.727
-22.2635
-30.0408
-35.5954
-37.945
-40.1274
-41.3236
-41.2091
-40.6592
4.97589
2.82709
-0.158242
-4.37471
-7.54733
-8.38448
-8.10916
-8.3289
-10.0233
-13.7002
-19.6033
-26.9001
-30.7051
-27.7045
-13.6937
-0.691307
6.51414
8.59751
5.95935
-1.70805
-13.7586
-22.5767
-26.0498
-29.7349
-33.9318
-36.6763
-37.4604
-37.7752
-39.2253
-42.07
-43.3787
-42.0127
-40.4058
-40.5827
-42.451
-44.504
-45.0436
-44.4685
-44.7664
-46.2015
-47.5845
-46.8824
-44.6607
-43.6931
-44.9518
-47.5319
-49.2127
-48.4538
-46.85
-46.6475
-47.1763
-46.7271
-45.2746
-44.8404
-45.7638
-47.1664
-46.9023
-44.0968
-39.7653
-34.8082
-30.7272
-21.3035
-11.7902
2.72007
18.4184
31.2727
40.499
47.2087
52.4333
56.5125
59.9868
62.9385
65.4254
67.1246
68.6083
70.2257
71.7893
72.7255
73.1124
73.4178
74.1314
74.861
75.127
74.2087
71.7462
68.0922
64.7466
62.9112
62.5464
64.176
67.9393
71.0621
71.6998
69.4258
64.2703
56.8354
48.0896
38.8383
30.3927
23.9779
20.2913
17.6115
15.4441
15.3555
16.1384
15.4423
12.9567
10.023
7.56417
4.94763
0.748691
-4.17397
-8.85301
-14.3285
-21.5258
-29.3985
-33.234
-33.2131
7.28078
5.00979
1.90768
-1.30735
-4.30765
-6.88185
-7.79409
-5.56982
-3.1586
-3.47972
-7.52605
-15.557
-25.4426
-20.5054
-4.64978
9.32928
16.5709
18.5119
15.6065
7.32159
-6.95569
-22.3132
-27.2918
-32.0053
-37.1314
-40.4968
-41.0263
-40.8357
-41.8457
-43.9264
-44.7831
-43.6479
-42.5743
-42.9455
-44.8095
-47.155
-49.0479
-49.6155
-49.3217
-48.6229
-47.2065
-46.5522
-46.4282
-46.1307
-46.1702
-47.058
-47.2064
-43.6114
-39.241
-37.4195
-38.4724
-41.053
-42.1819
-40.5418
-37.8504
-36.5566
-37.6466
-40.8127
-43.7953
-42.2897
-35.6196
-18.8476
13.7683
32.0776
43.4191
52.2356
59.724
65.8776
70.4682
74.1171
77.2323
79.5439
80.7978
81.4336
82.4657
84.0858
85.6997
86.9053
87.7403
88.2845
88.5434
88.5774
88.5227
88.4075
88.1327
87.7754
87.5274
87.3829
87.2715
87.2032
87.1906
86.6307
84.7519
81.2338
76.1736
69.5279
60.0016
46.7575
31.5294
23.6
20.1232
17.5482
17.1401
19.9113
23.6487
25.6174
25.15
22.0532
16.6094
10.5054
5.41412
0.55917
-5.87348
-15.0244
-20.1999
-16.8726
-13.8813
-13.7354
1.68748
-1.22525
-5.55892
-9.41797
-12.8115
-15.6738
-17.6441
-18.6907
-19.5303
-21.7616
-26.3548
-32.2901
-37.1864
-23.3297
-7.74987
6.73055
14.093
16.0877
13.2304
5.07479
-8.38137
-19.9843
-23.5
-27.4291
-32.0489
-34.5757
-35.8024
-35.4513
-29.2657
-21.3868
-16.1165
-13.7292
-13.5516
-14.4307
-15.3323
-16.6644
-19.714
-25.4575
-34.0071
-43.6023
-49.6476
-52.6656
-51.2778
-45.8841
-41.2197
-39.5354
-40.9966
-43.1834
-41.5422
-38.8572
-38.6426
-40.9266
-44.3832
-47.2668
-47.7487
-45.4799
-42.0086
-40.0773
-40.2912
-41.1391
-38.8569
-14.3472
19.0743
38.6209
51.8737
60.8624
66.9649
71.4086
74.7236
77.3363
79.3978
81.1652
82.8363
84.5045
86.097
87.3512
88.2829
89.2043
90.1178
90.702
90.6622
90.1096
89.4141
88.9675
88.8387
88.8897
88.9883
89.0626
89.0384
88.925
88.7716
88.5361
87.6735
85.2816
80.4934
72.7368
61.609
47.1793
29.6265
20.0673
16.219
14.0358
18.3703
27.8692
36.1141
41.0729
42.3248
39.6914
32.7296
21.0129
6.66069
-3.31917
-10.8054
-19.8564
-25.4326
-24.6936
-22.9346
-22.8111
-3.19757
-5.35721
-9.77007
-16.3776
-23.094
-28.2239
-30.6925
-28.3696
-26.1972
-26.7839
-29.7448
-33.6167
-37.4654
-28.9049
-13.9072
0.335829
7.74823
9.83982
7.13671
-0.723294
-13.4854
-23.615
-25.6754
-26.8808
-27.0294
-24.6683
-22.5789
-22.997
-25.5782
-25.5504
-21.4325
-18.5058
-17.9886
-18.9154
-20.0114
-21.2739
-23.7789
-28.4248
-35.4698
-43.3757
-47.2869
-46.4213
-43.6685
-39.9465
-37.289
-37.1706
-39.842
-43.3435
-43.0671
-41.0242
-41.037
-43.366
-46.8974
-50.0515
-51.1746
-49.7245
-46.8525
-45.1396
-45.2763
-46.3184
-45.618
-8.86783
19.1624
39.7643
54.1256
64.5654
72.0264
77.1273
79.9908
80.9427
80.8679
81.3049
83.3081
85.9491
87.8409
88.5804
88.7407
89.1613
89.9488
90.4816
90.3209
89.5193
88.5032
87.8437
87.825
88.0846
88.3436
88.5232
88.5093
88.2903
88.0027
87.7945
87.2269
85.2853
80.8491
73.0242
60.8301
44.3833
23.1953
15.1558
11.9046
8.34554
9.84199
19.3601
27.9901
32.4655
32.9265
29.7013
23.6897
17.435
11.9919
4.88637
-5.68015
-18.1297
-28.2304
-32.6869
-35.5466
-38.9083
0.941131
-2.81898
-7.47773
-11.7417
-15.0169
-17.6529
-15.5007
-8.8232
-4.20091
-3.26517
-6.17768
-12.9765
-22.289
-27.7979
-18.0629
-4.95555
2.79887
5.49406
3.5941
-3.07875
-14.6142
-27.1489
-34.4137
-33.5779
-24.8469
-14.7267
-8.6314
-7.10064
-10.0636
-17.7127
-28.3296
-34.572
-37.5267
-41.4575
-46.2982
-49.0715
-47.5721
-45.4694
-45.3523
-46.5165
-47.3112
-46.2385
-42.8389
-38.7701
-36.9244
-38.0494
-41.0908
-42.6068
-42.3142
-43.3258
-45.4097
-46.1782
-46.2483
-47.9204
-51.1407
-54.1536
-53.8763
-51.3504
-49.1299
-47.5278
-46.8164
-10.7837
-7.54004
15.7268
32.4392
46.6077
56.5804
63.2331
67.939
71.924
75.1703
77.2898
78.0522
78.0842
78.6448
80.2952
82.046
83.1914
83.946
84.7594
85.6813
86.3604
86.5792
86.4221
86.2047
86.1025
86.2404
86.5981
86.7033
86.2901
85.4431
84.0734
81.6024
77.6097
71.8185
63.7118
51.7645
35.6256
14.6716
2.3732
-4.53333
-9.49303
-7.5715
-1.20935
4.91546
9.71356
12.3896
14.3327
17.056
18.8984
18.0627
13.9707
6.97918
-2.23137
-14.7099
-25.8567
-31.6049
-36.0735
-0.705809
-3.83177
-4.74551
-5.00335
-7.57875
-12.7609
-15.2219
-10.7121
-7.38806
-7.85969
-12.1986
-19.5372
-25.2435
-25.7384
-21.9167
-14.338
-8.28005
-6.1146
-8.055
-14.205
-24.0321
-34.307
-39.4019
-37.0181
-28.0737
-19.8588
-16.1429
-16.9512
-22.3016
-31.1643
-35.6567
-35.2104
-35.7831
-38.6937
-43.4973
-47.6958
-48.6595
-47.7557
-47.1055
-47.0676
-46.7293
-43.913
-37.7105
-32.4797
-30.6703
-32.3552
-36.4777
-40.0565
-42.1143
-44.201
-45.2291
-45.06
-45.6647
-46.2068
-44.1383
-41.7693
-41.6997
-44.2778
-46.4214
-44.6303
-42.6331
-14.0588
-24.9175
-8.80876
-5.64553
13.6224
25.8619
34.7131
40.5582
43.6597
47.4
51.8308
56.9532
61.1112
63.4907
64.13
64.2798
64.7911
66.0487
66.7282
66.9223
67.4459
68.9856
71.1241
73.0031
74.2975
75.1614
75.8007
76.2322
76.1329
75.007
72.6657
69.3545
64.9092
58.3235
48.3773
34.1874
18.895
5.87103
-3.96824
-11.5855
-14.1014
-10.7411
-5.62072
-2.52978
-1.74696
-1.0937
2.09137
6.32519
10.2298
12.9651
13.3786
10.5338
3.62539
-8.00163
-19.4973
-22.4824
-23.4199
4.16138
-0.0621961
-0.232257
-0.0879657
-2.58482
-8.14156
-12.9364
-10.9196
-8.02503
-7.96985
-10.8589
-15.96
-21.4805
-25.0685
-25.0846
-20.3911
-15.9278
-14.7397
-17.4164
-23.8873
-32.2774
-38.8028
-42.7782
-40.7167
-31.8831
-23.5475
-19.4734
-19.5233
-23.2997
-29.4909
-34.0907
-35.4215
-35.9071
-37.5881
-40.1868
-42.5473
-44.2433
-45.3221
-45.5086
-43.888
-40.1456
-36.0446
-31.8307
-28.4257
-27.2527
-29.03
-33.3766
-38.2389
-41.9543
-44.7926
-44.5442
-42.1421
-40.4566
-40.1648
-40.6016
-41.3703
-42.405
-44.7111
-46.568
-45.2397
-44.1452
-16.3553
-27.4619
-12.9709
-20.474
-11.2235
0.276614
7.8292
20.8391
23.6972
29.1937
33.5452
37.8664
40.9703
43.7022
45.739
48.3051
49.8531
51.819
52.7747
53.1905
52.856
51.8661
50.3125
48.6746
48.0753
48.6166
48.6019
49.0983
50.0057
51.6682
52.9162
52.0072
47.6938
39.4612
25.8722
9.06328
-3.31856
-10.8558
-15.2609
-22.8383
-18.134
-8.23186
-1.35635
1.2852
-0.122756
-5.07398
-11.1712
-14.9505
-17.1758
-21.03
-25.0779
-28.36
-29.5093
-30.378
-28.5836
-27.0959
-26.8792
-0.523206
-2.25095
-2.82779
-4.62129
-9.11465
-14.6174
-10.3193
-1.86609
2.58681
2.93093
-0.317973
-6.19371
-12.9906
-20.9029
-29.1338
-32.6854
-32.8702
-33.8194
-36.1577
-38.342
-39.3478
-40.5159
-43.6211
-44.7689
-42.316
-36.9802
-31.8412
-29.4035
-30.1975
-33.9685
-39.4664
-43.6766
-44.5283
-43.6961
-43.46
-44.6126
-46.057
-46.2416
-46.2864
-47.5073
-47.7231
-44.5545
-39.9793
-35.1361
-29.6772
-25.5639
-23.8101
-23.8542
-24.7017
-26.335
-29.5473
-33.55
-34.4314
-32.3052
-31.1991
-32.7664
-36.7016
-41.2276
-44.7732
-47.7839
-50.0343
-17.9585
-30.2039
-13.7838
-17.8145
-12.3365
-2.64079
-5.79119
13.7834
2.15656
7.45373
7.65933
12.6955
11.4432
14.947
17.0591
25.4495
23.0548
26.6209
26.497
28.0096
28.4636
27.7704
25.7874
22.7541
19.6151
19.6985
18.0708
20.8789
23.1513
25.9684
25.6999
23.9409
17.307
10.6485
-0.428186
-2.77583
-20.3097
-25.8719
-25.8962
-30.1108
-22.7574
-10.777
-3.92136
-1.46175
-3.21541
-8.82683
-16.757
-22.4505
-22.5917
-24.5352
-28.0417
-32.932
-36.0507
-39.9827
-42.8024
-44.3994
-44.9701
2.05873
-1.97174
-7.83877
-14.7627
-22.2689
-26.3439
-22.2172
-15.3784
-11.4909
-10.9242
-12.7296
-15.5288
-18.9175
-24.2432
-31.3796
-37.222
-40.1548
-41.9978
-43.6284
-44.4769
-44.5881
-44.3762
-44.8263
-44.1861
-42.2686
-40.1283
-38.3068
-37.2994
-37.7197
-39.8718
-43.0221
-45.0704
-45.2047
-45.2891
-45.6646
-45.74
-44.8403
-43.5292
-43.2523
-44.9423
-47.0757
-45.5952
-42.2522
-40.899
-41.2367
-40.8302
-38.9222
-37.8934
-38.7119
-40.8527
-42.3789
-42.9874
-43.6914
-45.2737
-47.5397
-49.0243
-47.2341
-45.7591
-46.3874
-48.9189
-51.4983
-18.6286
-30.3479
-13.7295
-15.4927
-7.44244
2.09859
4.25142
16.7442
14.2745
18.2851
19.8981
20.7512
18.5322
16.9671
16.2836
22.1303
16.8737
18.886
15.4472
15.7427
13.7203
11.4128
8.70368
6.80487
4.00256
9.9457
4.08916
5.08325
3.81638
5.94548
2.33363
6.51223
-1.81861
0.487219
-7.7145
-6.89781
-22.9696
-34.1444
-28.2368
-35.9845
-34.244
-27.6442
-24.5139
-22.7857
-25.2236
-30.2731
-33.5452
-32.0063
-29.2319
-31.1316
-33.9613
-37.9021
-39.96
-43.2609
-43.7999
-44.2163
-45.8035
-1.73924
-5.4839
-11.2179
-18.6622
-26.5807
-28.5343
-24.4009
-17.7321
-12.9964
-11.601
-13.5245
-17.909
-22.3627
-25.4469
-29.1371
-34.0184
-38.8864
-42.5575
-46.1232
-49.0861
-49.7477
-47.95
-47.4415
-47.1677
-46.4407
-40.7385
-33.2487
-29.0034
-28.7263
-32.3231
-38.853
-44.1137
-45.7228
-46.9008
-49.1768
-51.8
-53.2908
-53.34
-52.9878
-52.7765
-51.9351
-48.3261
-43.1566
-39.6231
-38.6694
-39.9288
-42.4421
-45.2461
-47.538
-49.6032
-49.6526
-47.8191
-45.8648
-45.2258
-45.7426
-46.4031
-46.6177
-47.0782
-46.7514
-44.3037
-42.6799
-18.8201
-30.565
-14.5501
-20.4589
-13.5897
-1.9519
-0.037745
15.9641
14.5468
20.1296
23.5214
25.2271
24.1919
23.2825
24.2214
28.3363
27.7175
28.9324
28.6327
28.8776
27.5789
25.2836
22.1197
19.0195
16.0579
16.7988
15.4001
16.0377
16.6856
17.685
17.3039
17.3712
13.7622
10.0536
1.24633
-5.36945
-19.8784
-28.658
-24.5541
-31.1335
-29.4994
-24.1126
-20.3576
-17.8939
-19.1507
-23.8621
-30.7847
-35.5129
-35.0655
-42.3347
-45.3723
-45.8855
-43.7241
-46.4214
-48.9086
-50.9296
-52.3887
-10.7709
-15.5389
-21.8644
-28.5969
-32.2784
-30.8858
-24.4074
-15.3796
-9.00597
-6.77485
-8.69406
-14.7344
-23.6932
-30.3995
-32.226
-29.1645
-26.6955
-27.4383
-31.9629
-40.0044
-48.0094
-49.5256
-48.5138
-46.646
-40.6854
-30.1383
-22.3732
-19.18
-20.3683
-25.9834
-35.6472
-44.5087
-47.6895
-48.1275
-48.4546
-49.8876
-52.7443
-55.0212
-55.0765
-54.8342
-54.7284
-52.8319
-48.3558
-43.9183
-41.0315
-40.0577
-40.9573
-42.9888
-44.8976
-45.8836
-45.1517
-43.1589
-41.1442
-40.0976
-40.2822
-41.6867
-43.6524
-45.7428
-48.3872
-49.8137
-50.3096
-19.4926
-32.0831
-15.0966
-19.6567
-17.0474
-4.69514
-18.6158
12.6805
1.55768
11.583
17.918
22.3154
23.3625
24.538
26.8299
31.1126
31.3401
32.5874
32.7256
32.5428
30.486
27.0856
22.4721
17.6054
13.0026
12.2884
10.5766
11.0455
12.5988
15.7638
17.4708
18.6066
16.0334
11.6876
2.45299
-5.9515
-20.4077
-29.1016
-25.1417
-35.0348
-36.4292
-34.0399
-36.4518
-35.2738
-39.1897
-43.4854
-46.2086
-52.6291
-41.7011
-50.8371
-50.1826
-49.7532
-46.5153
-46.7592
-43.9438
-42.2887
-43.1483
-13.5448
-19.0138
-25.8451
-31.4249
-32.4885
-31.2834
-28.2914
-22.5857
-17.68
-15.601
-16.4072
-19.2704
-22.7183
-25.9923
-29.2267
-31.8495
-33.7389
-36.6198
-40.9565
-45.1688
-46.9516
-47.6315
-49.9085
-53.0678
-48.8147
-37.117
-28.3762
-24.2634
-24.3217
-28.1975
-35.065
-42.1709
-47.5821
-51.3371
-54.6947
-57.9779
-60.4426
-60.3661
-58.1421
-56.541
-56.0003
-56.3933
-56.0371
-55.3967
-54.4536
-53.3349
-52.5813
-52.4546
-52.5589
-52.2442
-51.0452
-50.6224
-51.2021
-52.0067
-52.866
-53.5217
-52.5359
-52.6902
-55.121
-57.1162
-59.4987
-20.0255
-32.6837
-15.352
-18.6324
-15.576
-3.25451
-12.7588
11.7704
-11.0089
-8.02702
-9.74255
2.58889
-9.37851
-15.5612
-24.1459
14.1074
-11.0498
1.00167
-26.4391
2.45978
-10.3027
-20.2419
-25.5621
-11.9249
-18.7435
-2.61509
-12.6883
-10.335
-8.3022
-1.88504
-7.65327
-1.80178
-24.7755
-14.3265
-32.8568
-16.6737
-33.1728
-50.4896
-29.418
-41.5368
-42.7804
-40.1684
-53.3982
-45.5492
-46.8994
-45.3658
-44.8137
-48.5759
-41.2594
-49.6829
-50.1603
-50.501
-48.7985
-52.1068
-51.7996
-51.7286
-53.2184
-27.3654
-35.8129
-44.1295
-46.4302
-45.2301
-42.5245
-34.9617
-25.8674
-20.751
-19.7326
-21.9262
-25.2858
-27.6022
-30.1803
-34.2795
-37.647
-38.5501
-39.7006
-42.7207
-45.839
-47.1027
-48.0314
-51.3137
-53.8713
-53.1884
-48.8285
-44.2146
-41.7831
-42.1083
-44.6892
-48.3285
-51.9901
-55.3481
-58.0517
-59.4546
-60.6948
-62.8537
-65.4399
-65.7793
-62.9079
-59.4597
-58.2686
-58.0234
-57.4395
-56.0805
-54.8268
-53.296
-52.3423
-52.9825
-54.4757
-54.2108
-53.0209
-52.397
-52.5326
-52.955
-53.0226
-51.4026
-50.9814
-52.8111
-54.875
-57.1127
-20.6049
-33.0695
-15.4346
-20.2125
-18.3435
-4.91439
-22.7453
10.7541
-18.943
-12.0908
-11.4244
1.90287
-10.3814
-19.131
-25.2862
13.0022
-11.7427
-0.526003
-28.2954
2.50288
-11.2787
-21.6719
-26.154
-12.1772
-21.2307
-5.42602
-15.9859
-15.0084
-12.2018
-3.30088
-8.21027
-2.57983
-21.7473
-15.6319
-31.0015
-18.5377
-35.3217
-53.8938
-29.825
-42.2501
-43.3459
-40.7052
-58.119
-48.223
-55.6561
-53.7015
-51.8273
-56.0179
-42.5898
-53.5103
-54.6499
-53.9602
-50.4007
-55.0065
-56.3203
-55.3315
-54.1709
-43.605
-45.5607
-47.1344
-49.1716
-51.9333
-54.0396
-50.8355
-43.8885
-39.7372
-39.3472
-42.363
-47.5757
-52.0656
-53.6859
-57.319
-59.8351
-59.4246
-57.5634
-56.7195
-55.8582
-55.5935
-56.3718
-59.3244
-59.6731
-57.7384
-55.0672
-52.4095
-50.5104
-50.7952
-53.8941
-59.0687
-62.6307
-62.355
-61.1732
-60.3495
-59.865
-59.2763
-58.4574
-57.1732
-55.3497
-54.4082
-55.564
-57.7552
-59.429
-59.7803
-59.7086
-59.5131
-59.6958
-59.3964
-59.6554
-59.665
-59.8788
-59.4608
-58.2408
-57.1623
-57.664
-57.571
-58.3561
-59.7945
-59.5675
-62.6363
-20.7907
-33.4299
-15.548
-19.7835
-18.9365
-5.05273
-32.1877
10.4391
-32.9188
-17.0332
-13.8518
1.74148
-11.2929
-21.5886
-23.4422
12.6459
-11.2082
-1.38465
-25.3773
3.06321
-12.1452
-28.0471
-37.6538
-13.2086
-29.6691
-8.56445
-23.3085
-27.8683
-23.492
-5.87678
-12.464
-4.1324
-31.7757
-17.9437
-33.6885
-19.6772
-35.163
-54.3875
-29.7308
-42.1217
-43.2694
-40.0919
-55.2038
-46.8459
-53.4367
-53.843
-52.4818
-56.9536
-42.3412
-52.6306
-54.7499
-55.6007
-51.7657
-54.8732
-55.3148
-56.1059
-57.4754
-46.6458
-47.8919
-51.3456
-55.4732
-58.4121
-59.807
-58.509
-54.4866
-50.9057
-49.9734
-51.9944
-56.0227
-58.6791
-56.9721
-57.8543
-58.5487
-59.4581
-61.1576
-63.7109
-64.9603
-64.2154
-60.7496
-60.768
-60.7713
-61.6914
-61.7748
-60.6143
-59.1947
-59.5287
-61.6286
-63.7607
-64.4252
-64.4656
-64.4353
-64.3168
-64.9199
-66.383
-66.7313
-65.1534
-62.4243
-60.6055
-61.0313
-62.2907
-63.3854
-63.6779
-63.7877
-64.7393
-64.2985
-60.2375
-58.1227
-58.3004
-61.4216
-65.4881
-66.0812
-63.7915
-62.8103
-60.0729
-57.9895
-57.3625
-57.2992
-60.7624
-20.4708
-33.1106
-15.1054
-19.1059
-18.5843
-4.53828
-32.6988
10.6902
-34.4523
-17.6733
-12.9215
2.44905
-10.4602
-20.9909
-19.7958
12.7301
-9.16674
-1.30133
-19.7408
3.94243
-11.0725
-25.9066
-30.8575
-11.6584
-26.4685
-9.42906
-22.0282
-28.6999
-27.1791
-6.40294
-13.9943
-4.49476
-42.679
-19.5189
-35.8316
-20.2732
-35.4746
-57.347
-29.5949
-41.8516
-43.2281
-40.1958
-59.6387
-47.9357
-55.4302
-55.4461
-53.5231
-60.0847
-41.8204
-54.6404
-58.5949
-58.9727
-53.7005
-59.104
-59.2262
-57.6932
-56.1499
-62.3836
-61.6094
-62.551
-63.2023
-63.4216
-63.9828
-64.3885
-62.0934
-59.1489
-58.0869
-59.1552
-61.3968
-62.9229
-61.0681
-63.7173
-65.9195
-67.6944
-68.2838
-68.1959
-66.3239
-64.5184
-61.3772
-62.3572
-62.9882
-64.9278
-67.3544
-68.2729
-66.1803
-64.6578
-64.5683
-65.0494
-65.1292
-64.4391
-64.2148
-65.48
-67.5602
-68.418
-67.7507
-67.6966
-67.5956
-66.5297
-65.9189
-65.1211
-65.6329
-67.1577
-67.872
-66.9101
-65.3395
-63.4972
-64.5553
-65.1384
-64.2689
-62.8461
-62.7392
-63.343
-64.2464
-61.371
-59.8937
-60.2103
-60.8741
-65.4211
-20.8599
-33.5705
-15.2504
-19.2179
-18.8531
-4.69387
-32.8964
10.3781
-33.1394
-17.7993
-12.2324
2.5056
-10.211
-22.0563
-19.1735
12.278
-9.4891
-2.24628
-21.0094
3.97889
-10.8699
-25.1881
-26.9389
-11.208
-24.2884
-10.8891
-21.0105
-25.4908
-24.6873
-6.43355
-13.9318
-4.98947
-42.3714
-20.7146
-36.745
-21.3399
-35.6958
-60.2946
-29.808
-42.0554
-43.5006
-40.4877
-64.2216
-49.5529
-61.0477
-60.1307
-55.8021
-63.4014
-42.4506
-56.7308
-62.0391
-62.2861
-55.563
-63.8946
-64.5302
-62.2103
-62.0118
-69.836
-67.663
-68.0173
-69.3803
-70.9058
-72.1561
-73.4266
-73.5557
-72.7234
-72.0563
-71.7376
-72.0818
-72.7565
-67.3922
-72.4699
-75.3617
-75.8465
-74.4694
-73.5528
-71.3438
-70.2615
-66.8313
-70.0475
-71.7419
-72.6609
-72.8706
-72.5448
-69.5267
-67.2563
-67.9311
-71.3496
-75.659
-77.3644
-76.5053
-74.0469
-70.9398
-68.3357
-67.3298
-68.0136
-69.1069
-69.4143
-70.0438
-69.1739
-68.4986
-69.4253
-71.1088
-71.8493
-71.2876
-69.5613
-70.3053
-68.8876
-67.2916
-67.0238
-68.4133
-70.2208
-72.6512
-66.5872
-65.1054
-66.8121
-66.5031
-72.4422
-21.0823
-33.824
-15.4453
-19.3208
-19.132
-4.84426
-33.8155
10.1432
-34.55
-19.2086
-12.9617
2.19039
-11.1636
-29.7458
-25.4279
11.7417
-11.6778
-3.7931
-27.3818
3.92111
-12.1427
-33.3712
-37.3072
-12.2338
-31.1956
-13.4945
-24.2439
-30.9422
-29.4527
-7.01861
-14.3682
-5.5075
-47.4276
-21.7469
-37.8414
-22.1317
-35.923
-62.944
-29.9891
-42.864
-43.8885
-40.8253
-69.939
-50.1895
-62.7742
-62.1891
-57.9711
-70.9542
-42.9035
-58.2964
-63.5079
-62.1466
-56.0617
-66.728
-71.7253
-69.193
-68.2209
-74.0255
-72.5113
-74.4492
-75.7223
-74.4813
-73.6457
-73.9339
-73.0662
-71.0863
-70.3142
-71.7344
-74.3093
-74.3561
-67.3529
-70.8013
-75.5031
-76.9277
-74.8584
-74.6999
-73.6905
-72.5821
-67.2949
-69.7273
-71.769
-74.0876
-74.8193
-75.6876
-76.3602
-76.8327
-76.8136
-76.7726
-76.6984
-75.8171
-74.7524
-74.8179
-75.9401
-76.4911
-75.5093
-73.6298
-71.7421
-69.7523
-69.4339
-68.0563
-68.0549
-70.7293
-74.5506
-74.9186
-72.9183
-69.7225
-70.0992
-69.5017
-70.3392
-72.3805
-73.8544
-74.2657
-77.2364
-69.1431
-66.8728
-67.8933
-66.9671
-72.4622
-20.925
-33.7119
-15.2531
-19.0177
-18.899
-4.64044
-33.8812
10.294
-36.9836
-20.0242
-13.1528
2.26981
-11.5056
-36.632
-28.1788
11.7456
-12.1082
-4.28609
-30.8282
4.18672
-12.4385
-45.2322
-56.9041
-12.1618
-35.0519
-14.7532
-25.1469
-33.226
-31.9986
-6.93362
-14.5375
-5.54491
-52.114
-22.3085
-37.7172
-22.3419
-35.7517
-67.6922
-29.8242
-42.7058
-43.7794
-40.8174
-73.784
-50.1861
-61.5955
-60.2407
-57.4393
-73.7463
-42.9022
-59.9433
-65.9748
-63.3153
-56.2696
-67.2897
-72.6539
-69.7139
-68.4923
-72.4453
-72.4404
-75.9542
-78.6805
-75.3384
-71.8198
-70.6914
-71.2227
-72.496
-72.9392
-72.4825
-72.6469
-73.1255
-67.2683
-69.4988
-70.9595
-71.5465
-72.795
-75.8064
-77.5162
-76.1664
-68.6318
-70.5933
-72.9593
-75.2416
-75.4607
-76.9488
-78.7919
-78.348
-75.3201
-73.4611
-73.7009
-74.8947
-74.8543
-74.2609
-74.6322
-75.3426
-73.9433
-71.7053
-70.5555
-70.8585
-73.5293
-73.0512
-72.6969
-73.8791
-75.3032
-74.1542
-72.2899
-70.315
-73.1972
-74.6075
-76.5744
-78.2748
-77.0192
-74.5397
-75.4704
-67.7562
-64.6994
-65.9275
-65.8557
-74.4612
-20.6863
-33.5422
-15.0205
-18.758
-18.6868
-4.40462
-33.7317
10.493
-37.1402
-20.0738
-12.8618
2.53346
-11.2453
-38.9784
-28.0367
11.8786
-11.8898
-4.3577
-30.9119
4.49574
-12.2662
-50.5406
-63.4441
-11.8543
-35.5
-15.3629
-24.9938
-32.7793
-31.9624
-6.72713
-14.3157
-5.42849
-52.7789
-22.4824
-37.6008
-22.4098
-35.5533
-68.9394
-29.6113
-42.5981
-43.5959
-40.6219
-82.6943
-50.3114
-64.3431
-61.8948
-58.1272
-75.4106
-42.617
-59.692
-66.3483
-63.5905
-56.2583
-68.0757
-74.4648
-71.3614
-69.3469
