80
4.54968
9.11224
13.6786
16.6621
17.7849
17.6093
15.5739
13.7387
13.3728
16.0344
18.5907
18.7073
15.5787
7.50144
-4.04284
-8.08922
-2.65603
-1.29711
-1.249
-0.0736278
2.15837
3.77177
6.43861
8.03906
5.76907
1.25111
2.36226
6.62324
9.41151
10.6731
13.4114
16.8489
19.6392
20.1221
18.8435
16.1666
13.2457
13.1693
14.6235
13.5435
11.2667
12.7846
11.9139
6.71561
-1.5799
34.7328
66.2717
80.6836
86.3651
86.5282
81.629
69.5219
52.2761
40.2487
49.7533
55.3157
50.0801
44.965
51.9021
56.1847
53.2982
40.2843
45.1168
47.0585
37.0831
56.3269
52.2367
38.6444
43.7958
46.9844
38.1729
38.025
46.661
55.1705
67.549
79.4166
86.4372
90.1918
90.2149
86.0508
77.8955
67.3556
54.9433
42.1536
34.9692
41.5913
47.1021
49.384
49.828
50.1173
50.3305
46.514
38.3515
24.7622
16.201
12.5033
9.51103
3.9459
-0.594384
0.987365
-0.645756
0.952089
3.16462
9.32248
16.8398
21.1107
21.0737
17.6552
13.1392
14.8086
19.0312
23.1351
24.2905
21.7103
16.7404
12.028
12.2714
13.7777
9.19013
3.53005
3.03057
6.09825
7.02966
3.36961
-3.1967
-7.02976
4.73256
14.4907
18.4819
17.3843
11.2005
1.41663
-3.41142
-8.53023
-15.2295
-11.4563
-5.10255
-2.45839
-3.0503
-2.18548
4.00198
9.06653
10.6217
9.21709
7.09518
5.16582
1.13432
-4.0954
-2.19863
2.27571
3.52708
3.06107
6.07699
10.8387
13.895
15.6315
16.4983
17.1771
19.7465
22.0288
21.8773
18.183
10.5107
38.5315
69.5791
83.6123
91.5114
93.5954
90.8574
83.0359
70.2563
56.3539
55.2354
49.0857
54.8596
54.9426
49.65
50.8686
48.6343
45.4561
44.6282
46.7634
53.563
57.7807
60.2348
68.63
78.2231
85.1261
92.3904
99.5967
105.409
109.727
112.553
114.159
114.252
112.126
107.117
98.5081
85.1649
70.0105
71.9912
75.7722
76.5115
75.2765
71.9994
65.6453
55.1871
44.2206
42.1384
41.8499
38.3437
30.9583
24.0815
18.5981
11.9812
7.44398
8.31943
8.25399
9.2666
10.4999
11.7845
14.3189
18.1119
19.9714
18.2527
12.2348
2.28935
-4.95665
3.27116
12.2991
16.5946
16.7337
13.5239
9.00189
7.79138
12.3958
1.92853
-1.29194
0.484214
0.602929
-1.32504
-2.73598
-4.43576
-6.58261
-0.55998
8.98153
14.2213
14.3459
9.59519
1.1207
-1.90871
-1.90959
-3.90274
-4.61382
-0.958626
3.11499
5.08825
4.61403
3.36216
5.97268
9.40831
10.9083
10.8498
9.62071
6.52633
2.04739
0.743832
4.03585
7.37261
8.74073
7.28148
5.066
5.56099
5.94791
3.23703
0.187123
2.93251
8.87702
11.7682
10.5783
5.20168
38.0394
66.7758
85.8622
95.869
100.312
99.9251
95.2922
88.3902
87.2655
89.3068
89.3496
87.7757
85.0843
83.3054
78.9023
77.0469
84.9898
93.6465
101.741
108.62
113.617
116.749
118.513
119.665
120.422
120.482
119.741
118.431
116.963
115.513
113.171
108.981
103.007
96.8495
91.1857
86.1497
83.7728
82.6478
80.3711
76.7309
73.1535
70.5989
66.9442
60.3781
53.0361
48.5387
45.1959
40.0918
33.2753
27.608
23.7869
21.6428
19.2125
13.4589
8.7138
9.09123
11.7826
12.9822
11.7283
8.23312
4.11041
2.47295
2.59568
1.10409
-2.40655
-3.15721
-4.19521
-6.25375
-7.21567
-3.63082
2.26938
8.21706
11.3874
-9.49069
-12.3803
-7.22383
0.351509
5.5913
6.54423
3.41371
-2.67927
-2.75785
4.60062
8.5393
8.04057
2.97229
-2.6865
0.926025
6.1253
7.85146
6.47846
2.61442
-2.63515
-3.0529
1.97297
6.00299
6.27136
3.46192
0.0799517
0.270359
1.22161
0.252216
-0.645276
2.34934
5.92156
6.87536
4.73561
1.00733
-2.44231
-4.71967
-5.51547
-3.56698
-4.35947
-8.08888
-8.57955
-6.86587
-8.61725
-9.96899
40.0843
58.6761
76.2015
91.7541
103.026
110.413
114.939
117.541
119.064
120.108
121.052
121.921
122.937
124.027
125.218
126.441
127.65
128.669
129.164
128.666
126.699
123.054
118.542
115.223
113.224
109.751
102.929
93.1529
86.9775
87.7775
89.5592
88.8654
84.3225
78.6219
75.0015
73.3636
69.7445
63.4308
57.6796
56.375
55.2061
53.9881
50.764
44.4491
39.3947
40.2368
39.3155
36.2111
33.5207
30.7079
25.5327
16.346
6.57175
1.1153
2.93946
7.8609
10.7951
10.0234
7.65073
7.154
7.07336
3.31152
-4.16642
-11.8598
-9.1805
-5.88958
-4.55437
-5.56682
-7.12564
-9.62936
-10.8556
-7.38828
-0.32343
0.863688
-3.08984
-3.44052
0.041747
4.26022
6.487
5.56666
1.31695
-4.05049
-7.07018
-5.96323
-1.04496
1.87413
1.51028
-0.230606
-1.94427
-3.84806
-7.22148
-12.805
-18.399
-21.0557
-17.6719
-13.0571
-10.4769
-9.00024
-6.44838
-0.421889
5.21014
7.60943
5.89479
-0.0586774
-8.65593
-8.46925
-2.97707
-0.441336
-0.356785
-2.01789
-4.52388
-8.65882
-10.7366
-5.69197
-0.847208
0.710648
-0.597184
-1.54574
38.4245
41.6749
55.5173
74.6216
88.782
97.8067
102.664
104.619
104.975
105.407
106.48
108.553
111.267
114.362
116.872
118.471
118.948
118.136
115.859
112.074
106.769
100.107
91.727
82.4595
76.7512
77.7467
78.2885
75.947
74.8091
74.3799
73.6663
69.7573
64.9788
65.3775
67.071
65.0264
62.2186
57.8973
52.7709
45.7378
42.649
44.5409
48.2057
48.3447
47.3343
48.0768
48.7884
47.0322
41.2544
32.9233
22.9066
19.5501
15.4423
8.49244
-0.0719785
-1.20172
2.89344
5.53355
7.04965
8.13696
7.20105
3.55642
1.05238
2.00114
3.9633
5.05635
4.18469
0.815246
-1.51504
2.11323
5.46098
6.00173
5.10987
2.35313
0.68499
-4.65643
-14.1749
-19.3239
-12.9051
-8.17896
-6.98634
-7.77338
-8.70102
-9.73593
-7.72175
-2.17064
2.37121
3.50312
1.73605
-1.62742
-3.43202
-3.95318
-7.48015
-16.3994
-31.3196
-29.6778
-24.4792
-19.0243
-13.1326
-8.61418
-5.16352
-3.01766
-2.09456
-4.536
-9.90923
-7.04315
0.192602
3.38832
2.31159
-2.05467
-8.16248
-10.2754
-9.62507
-10.8227
-13.6051
-12.8333
-10.1859
-8.36535
34.2926
55.0158
68.1297
79.1576
86.1602
89.9701
89.3731
84.8448
73.7167
62.5872
58.9562
60.6583
64.8552
57.5775
61.1765
58.6427
59.1904
57.5784
52.846
51.824
43.7066
47.9024
44.4273
47.0954
53.9206
67.4573
77.7921
85.6975
90.9734
93.8082
93.886
91.1156
85.9578
80.2771
74.7713
70.0091
66.5361
64.2446
60.0956
52.9163
44.9821
42.3847
43.4278
44.284
43.7603
43.6692
43.2867
39.6426
32.7275
22.366
16.2008
13.9357
8.3893
3.52759
3.40245
3.65809
5.89576
5.65557
3.0287
1.82554
4.69889
5.7062
3.03663
-0.243186
-2.63894
-5.58318
-10.4024
-10.8483
-5.06237
1.96955
6.37208
7.09752
4.62725
-8.64516
-7.3119
-7.20914
-9.28848
-8.55426
-4.38211
-2.84484
-4.4351
-9.26899
-11.1172
-3.14649
1.72398
2.01557
-0.588178
-1.99208
-1.9896
-2.86036
-1.93304
0.409024
-0.190105
-5.31989
-13.4449
-12.3086
-8.40286
-4.63113
-0.869892
1.35684
1.75438
0.499672
0.742732
3.95512
5.03788
2.61605
1.37044
5.43064
8.58486
8.50523
5.59602
-0.739477
-9.56191
-19.3162
-22.9535
-20.9875
-19.9561
-11.7173
30.9355
58.5592
74.5409
84.5792
92.5434
98.2329
100.575
99.1326
95.4716
91.7396
86.7865
81.472
77.3077
78.5698
76.5969
73.5807
71.7739
67.1193
60.1932
60.0339
59.5254
61.0791
66.2348
79.6474
89.0537
96.4907
102.23
106.243
108.097
107.432
103.959
97.2325
86.6535
71.4602
61.0653
58.6053
57.0006
58.4287
59.0943
56.4845
50.3266
42.9844
41.7205
43.801
43.3394
39.3679
32.0318
21.5262
8.05346
4.59207
8.71048
12.5588
13.3731
9.90576
4.26985
1.33857
0.959345
0.0111343
-2.73873
-0.129788
7.41063
11.8772
12.0846
8.41045
4.22797
5.28016
7.78399
8.05126
5.92496
3.48204
3.71069
4.30197
3.10038
2.39405
2.19313
4.46378
5.79864
4.3021
3.74307
6.87379
9.22078
8.83641
7.74782
8.18046
8.18953
5.36447
0.376361
-1.04805
-0.157588
-0.224516
0.89016
2.53548
2.21167
0.391741
-0.119895
1.80836
4.73575
6.05737
7.1749
10.2695
12.9614
13.256
10.8009
8.16253
9.95891
13.3079
14.2783
12.5838
10.6243
9.85255
7.93228
2.89187
-3.87336
-4.02456
0.539562
3.82459
4.37797
1.74708
25.1217
54.2267
72.0023
82.8962
93.3757
103.435
110.388
114.394
117.019
119.151
120.283
119.859
118.227
115.767
112.642
109.258
105.863
102.361
98.6865
94.7513
90.1156
88.038
90.8032
93.1689
93.3098
91.611
91.5055
92.5887
92.2287
89.5299
85.1157
79.3762
71.1615
62.8619
58.9426
54.0651
50.2999
47.2289
43.622
40.9008
38.8453
34.722
33.2383
33.3419
32.2472
31.39
30.2543
25.2612
17.1829
9.59558
8.42276
9.78883
9.43713
7.7747
3.96416
1.00436
2.57972
7.17157
11.3544
13.7014
13.8918
12.0933
9.25863
6.80688
4.45505
4.76096
9.5314
11.9367
10.3344
6.41121
2.7904
-0.403544
-5.52464
6.92423
7.59833
11.4967
14.0879
13.1557
8.4445
1.04455
-2.17719
1.24956
2.94566
4.42652
7.85183
9.65741
7.33333
1.37769
-0.348274
3.26349
5.70364
4.85571
1.28387
-4.21524
-9.38432
-12.3963
-13.9681
-8.99601
-1.70708
3.8245
5.43516
3.13391
-0.114401
1.95012
4.23969
4.01279
3.97412
6.76087
10.3102
12.7963
13.5744
11.9463
7.86129
3.00862
1.96387
5.51814
6.88564
4.21065
17.7939
41.5521
62.358
79.1594
91.7453
101.887
109.339
114.605
117.887
119.369
119.469
118.793
117.931
117.232
116.526
115.337
113.373
110.397
106.03
99.62
91.6882
86.6178
86.7514
86.7452
83.8111
78.4062
69.98
59.6688
54.9369
51.4854
53.9196
55.4474
57.5953
57.0736
54.9054
50.1533
41.4781
40.6273
36.1985
34.6596
34.4303
34.6054
32.2715
28.7802
25.322
23.6781
20.5827
15.5682
3.59167
-8.54119
-22.6362
-12.8811
-16.5793
-21.4905
-12.5354
-7.30191
0.0534475
4.75701
5.04137
2.38741
0.820448
1.75721
0.488545
-3.68105
-7.03771
-3.49258
3.86718
9.20655
11.4122
10.464
7.48175
2.8802
-4.19053
13.5421
9.50385
6.20729
9.05172
11.5177
10.2599
4.9354
-2.04679
-1.80499
1.92621
6.24589
9.42999
9.8779
7.53856
3.65471
0.359901
0.888226
5.97708
10.626
11.7159
9.49123
5.20564
0.763912
-2.32192
-2.25019
-0.705212
-0.642544
-1.30002
0.568597
3.16081
3.54639
2.24399
1.17285
0.194123
-1.60605
-4.60066
-6.17261
0.898457
8.33045
11.6739
11.3215
8.74714
5.15057
1.16329
-3.77501
6.90762
21.7786
40.2506
49.6422
54.6163
60.2126
66.6559
70.2336
70.5971
68.3773
64.5129
58.8372
60.6242
65.8904
68.1687
72.4474
75.0036
75.0298
73.3766
71.8367
67.7323
63.242
59.3394
58.4814
60.895
63.8873
66.9704
70.6126
72.8599
73.0678
71.3769
69.2502
67.3436
64.111
58.8605
50.47
39.0992
30.3262
23.3619
19.5347
19.4628
25.6283
30.783
32.3009
30.06
24.3138
16.6567
10.697
4.1605
-5.48043
-6.08948
-1.40921
1.70549
2.85054
0.232583
-1.8099
-0.894396
0.868986
1.25773
-0.39638
-3.07465
-3.47654
-0.795812
5.04586
9.49585
11.3597
10.7991
9.65379
9.2101
8.5577
6.37953
3.26229
0.82223
8.15056
7.80685
6.36791
7.3069
9.84395
10.8276
9.01092
3.80576
0.369889
3.22783
6.60836
8.53332
9.58319
9.03474
6.365
3.44653
3.46773
7.03798
11.1189
13.5069
13.0232
9.27289
3.28966
-0.349671
-1.27124
-2.49905
-2.53927
-1.72312
-0.681917
2.32613
5.11426
5.17677
2.85839
-0.200457
-2.71294
-2.36274
0.259015
3.08481
4.48332
5.22733
4.84303
2.68542
-0.761046
-3.58598
-5.20282
-1.18779
29.9129
47.9683
56.911
59.8031
60.8311
57.9664
54.0907
51.2872
48.1306
45.9367
51.1166
48.0787
53.3963
48.3297
43.5884
38.0915
47.9303
57.4918
66.3641
75.3372
81.1669
83.9244
83.7172
80.5376
75.4281
71.9922
73.1519
74.4608
73.1467
68.9136
63.3832
59.5935
56.528
53.7622
51.168
47.2728
43.349
34.8005
27.5741
22.4277
20.4798
24.5676
27.8412
27.0456
21.7855
11.4198
-0.867992
1.29906
3.41432
2.57974
3.2166
7.28239
10.0757
10.8642
9.40059
5.62236
-0.403523
-7.56219
-12.0042
-13.3998
-13.0537
-6.39415
2.05636
8.90743
14.1037
18.055
19.9102
18.8488
14.6985
9.05802
6.6891
7.43777
7.78342
6.72818
2.2895
-4.91229
-9.45624
-5.54855
-2.22825
-2.89674
-4.55183
-3.64355
-3.90026
-7.55488
-13.4047
-15.673
-13.3671
-11.8332
-12.6148
-13.7072
-12.7304
-11.1561
-11.5105
-12.5525
-14.2594
-17.1747
-13.9472
-5.17427
0.873153
2.6208
0.280482
-5.46128
-10.6196
-12.15
-12.8134
-11.0788
-6.80657
-5.50339
-4.78257
-1.17747
2.94952
5.51856
7.72549
8.96921
7.31984
2.10111
-1.95614
8.55388
31.4868
50.8712
63.7437
72.622
76.8588
77.6026
76.1306
75.4774
77.5136
80.276
82.6363
83.8565
83.8518
84.0551
84.9788
85.7748
85.7268
84.103
82.1627
82.7051
85.4239
85.8423
81.9351
73.0333
63.2712
61.2731
61.6947
62.4182
60.1669
56.33
50.1872
49.3997
50.9286
50.2134
46.4955
39.9393
34.0414
29.9466
23.0751
17.2913
14.1346
8.31913
5.66725
4.32824
-0.855515
-5.52517
-5.43197
-3.6375
-1.03942
2.12238
4.33069
1.74484
-2.70477
-5.5983
-1.40151
-0.184793
-4.10341
-11.1203
-11.2063
-8.16679
-7.3825
-9.21417
-13.7933
-18.2116
-10.2015
-0.817909
4.52396
5.54849
2.44521
-4.36711
-8.47463
-4.72529
3.04081
9.13169
11.1449
8.71681
2.31469
-3.86141
-3.80911
-2.55927
-3.48178
-7.09648
-11.006
-9.49008
-7.09894
-6.6473
-5.86421
-5.22408
-5.14863
-5.35211
-5.48857
-7.21096
-9.48539
-11.9324
-15.5156
-18.0046
-12.4215
-4.4844
-0.0402432
0.417888
-2.4133
-5.13971
-2.57264
0.948062
2.08861
1.60068
0.263004
2.61717
8.29978
11.6989
11.3172
7.41564
3.55365
4.76376
5.77635
3.23867
0.442017
7.39601
26.4953
42.9799
56.5836
63.319
68.8343
71.716
73.019
73.3128
74.5699
78.6468
83.4369
87.3642
90.251
91.5794
91.8583
91.3541
89.524
85.8632
79.9263
74.7593
72.8716
71.192
68.4366
64.3018
60.5738
60.161
59.9485
59.3793
58.846
56.6372
53.4988
49.5787
48.3427
47.9192
44.8333
40.8053
34.8578
27.2049
14.4222
-0.42356
-5.77211
-6.06808
-12.5289
-8.29678
-4.21101
-2.17256
-2.59374
-5.97981
-9.99738
-5.69955
-1.23366
1.57225
1.61328
0.289565
-3.53394
-9.20383
-14.6301
-13.4904
-10.4611
-9.67555
-11.3492
-12.2396
-8.49451
-3.91812
-2.00778
-1.99818
-3.55681
-5.87658
-7.9937
-11.1916
-14.557
-17.0894
-6.08784
0.75822
4.5673
5.19178
3.46064
1.22306
-0.243697
-2.26533
-5.6326
-9.31844
-11.126
-6.08613
0.362329
3.92209
3.74964
-0.0559321
-7.44877
-16.9666
-19.0696
-16.0004
-12.5926
-8.4791
-6.02785
-7.31226
-12.2172
-11.1695
-6.51277
-2.96867
-0.0720813
2.26799
2.27558
-0.705647
-5.01269
-7.6589
-6.78215
-3.57263
3.36516
8.53723
9.92323
7.32744
1.72573
-1.75571
-0.825747
0.182156
0.759031
10.295
17.4872
27.9874
40.4999
45.0677
48.6245
46.8674
43.9066
40.3792
40.8182
42.9268
45.2808
47.2746
50.7995
50.6209
50.3618
47.406
47.4677
45.676
44.2606
43.1522
45.9403
48.7013
53.9705
57.6436
59.7487
60.9867
60.2904
57.5908
52.0798
45.6032
40.6703
40.5561
39.8089
35.4202
24.2336
19.1305
19.2818
12.7571
3.05447
-3.18575
-2.48985
-5.43047
-10.1511
-15.7068
-15.6379
-10.7761
-5.24281
-3.49957
-3.16731
-3.71465
-4.46796
-4.65796
-2.35349
-3.67108
-8.00401
-13.5159
-14.2472
-12.2596
-11.707
-11.8149
-9.06241
-4.95274
-2.42016
-0.586581
1.18907
1.24191
-1.02799
-4.4176
-5.74637
-5.04129
-5.49309
-8.10506
-7.15364
-2.65959
1.13368
2.50823
0.971394
-2.88985
-7.32756
-9.14189
-7.48407
-6.41515
-6.14704
-4.33227
-2.4298
-2.71685
-3.37232
-2.46783
-1.72958
-2.52009
-3.86665
-5.17379
-6.66141
-6.54757
-4.18138
-1.37371
0.171959
0.401384
-0.78271
-4.19879
-8.95172
-9.69079
-7.38138
-6.84019
-7.24137
-6.70605
-7.06432
-9.36529
-8.59722
-5.31976
-4.38976
-8.32631
-18.8832
-27.9332
-13.3497
-5.87003
-3.78264
4.43355
27.9788
48.6322
59.5785
66.6231
71.3688
73.7408
74.3957
73.8139
71.9584
68.1801
61.2107
54.8454
58.8215
62.0703
65.0442
65.3438
64.251
62.9216
62.7786
63.6915
64.4346
63.4636
62.1659
59.9899
54.9131
47.9811
44.1907
43.0887
41.452
40.2712
41.025
41.2616
39.3144
35.8886
28.3496
19.1387
21.3856
13.0303
7.01047
1.43274
2.92143
-4.47998
-7.35083
-4.16654
-2.32087
-1.34614
-0.79595
1.79342
4.64722
7.29417
9.40046
9.78288
6.85965
0.694868
-8.31347
-10.9681
-8.76419
-8.43543
-7.62031
-5.95644
-6.3928
-7.56799
-2.18486
3.75201
5.65054
3.62225
-1.56783
-7.60103
-11.4647
-12.7776
-6.29296
0.58829
-6.57766
-5.2887
-1.58012
-0.658583
-3.61102
-8.71605
-9.6704
-7.3662
-4.00668
0.894942
4.52784
5.59934
3.81423
-0.42641
-4.80981
-6.6547
-7.31378
-9.14325
-10.0177
-9.20198
-7.98287
-7.64551
-7.74453
-7.37411
-5.82309
-4.3097
-3.49817
-3.89991
-5.47981
-6.91431
-7.38005
-8.35125
-10.3022
-11.7062
-11.4996
-12.0558
-11.0466
-7.94781
-5.9792
-6.44954
-9.17978
-13.127
-16.3471
-14.3109
-9.02724
1.02112
37.9318
55.6634
67.0878
74.2737
79.0117
82.2025
84.326
84.7738
83.2731
79.9488
75.6891
72.525
76.2582
81.2078
83.2613
82.6686
79.4274
74.5533
69.4473
65.3086
59.7167
49.0619
43.8258
49.1238
52.9001
56.5167
59.7687
61.1159
61.5331
61.5833
60.0772
55.45
47.8446
40.1185
34.0899
28.7889
21.5727
8.66373
1.96413
1.73227
3.39074
3.79102
3.29569
3.53181
3.42309
1.31669
-1.31657
-3.64713
-3.67354
-0.769291
1.51139
0.538096
-1.75321
-4.89006
-3.16306
-0.788288
0.141263
-0.314914
-1.03094
-1.38073
-2.34738
-4.49684
-6.63163
-7.3017
-7.77695
-9.33597
-12.6145
-17.6521
-21.2096
-16.9745
-12.5883
-10.5273
-17.084
-10.7239
-5.77248
-3.67998
-3.95354
-5.62856
-6.57313
-7.66279
-9.26387
-11.5242
-11.4068
-10.3345
-10.0643
-11.4425
-15.4963
-22.8435
-26.0087
-20.6832
-15.133
-12.1474
-12.7469
-15.1675
-13.1139
-9.02308
-7.34259
-7.79566
-9.44085
-9.13467
-7.0261
-4.85114
-3.49038
-3.25108
-4.8937
-8.45955
-12.6439
-15.5527
-18.885
-22.2906
-24.0806
-23.5657
-21.316
-20.8618
-21.8422
-16.4148
-7.91553
1.73341
36.0301
49.5732
57.3996
57.9651
54.6329
49.9578
49.2596
49.3559
46.4711
45.667
50.1351
57.7837
62.6218
62.191
62.6401
59.8165
54.5947
44.1887
34.7586
34.0946
46.1932
49.9894
54.9298
59.8445
63.6762
65.8592
66.189
64.8014
61.4943
57.0101
51.8086
45.5494
38.1617
30.2341
24.868
19.2015
12.9158
13.1855
11.4666
8.41754
4.9829
3.08808
1.78351
1.83931
1.29982
-1.18015
-6.90462
-11.0364
-10.2271
-10.188
-15.1918
-25.2458
-20.7211
-15.4283
-11.3987
-5.58352
-0.837561
1.80218
1.89005
-0.512654
-5.10348
-10.9749
-17.0466
-21.1039
-19.2097
-17.6491
-19.4421
-23.7553
-21.6514
-16.4326
-12.4954
-11.9523
-18.4064
-15.339
-17.2233
-23.035
-25.5621
-16.3174
-11.6005
-11.6556
-16.3724
-19.1036
-18.1141
-19.378
-22.123
-21.979
-19.8511
-17.3409
-13.8228
-8.21788
-4.38123
-3.89522
-6.55134
-10.5858
-11.8195
-8.25185
-4.94832
-4.4747
-6.76852
-10.5303
-13.6039
-14.4541
-11.8934
-7.64115
-5.84811
-7.47377
-11.6701
-13.7691
-12.0836
-9.79085
-8.99033
-8.82813
-9.52357
-11.694
-14.4382
-18.0042
-19.476
5.64135
25.3964
49.1097
61.2498
67.2071
69.0069
69.0085
70.8347
74.2502
76.4184
75.3975
70.6025
62.2819
53.0869
37.0168
40.1306
40.8179
46.4076
56.4356
63.7037
67.6586
68.8879
68.2822
65.7347
61.7711
57.828
54.1629
48.7275
41.5389
36.909
38.4411
40.5075
40.3421
37.5085
31.7578
25.097
13.3489
11.5593
-2.14291
-4.06919
-0.36416
6.81075
9.11617
10.1266
9.72016
8.31801
5.57734
1.76163
-1.11816
-1.69334
-3.49714
-9.32328
-17.805
-29.4069
-26.7201
-22.2781
-15.6424
-11.2311
-10.1423
-10.2135
-9.91722
-10.5285
-13.8855
-19.1755
-24.3631
-25.6219
-22.5522
-18.4749
-15.5278
-13.4959
-11.5713
-8.63646
-6.71455
-8.62484
-6.01923
-7.69998
-12.5659
-13.2423
-7.41257
-2.63969
-0.791131
-1.52853
-3.90674
-6.72321
-10.2888
-13.4865
-10.7665
-6.31869
-4.78348
-6.40698
-9.42082
-11.1049
-10.4139
-8.23497
-6.73729
-7.38019
-9.06919
-8.39666
-7.08345
-7.95335
-10.6205
-12.8442
-15.6033
-13.8352
-8.3192
-5.71618
-7.38017
-12.9646
-18.9203
-20.2021
-21.1745
-22.0903
-20.7421
-15.8071
-11.8864
-11.2875
-13.9853
-17.0961
13.6118
33.7836
55.692
70.158
81.1147
88.9205
94.5153
98.5163
100.976
101.806
101.081
98.9107
95.7199
92.5002
89.6447
87.1733
85.6614
85.7129
86.1663
85.1422
81.5182
75.0468
66.2215
60.2135
55.0473
53.3587
54.0731
54.4034
54.7959
56.3711
57.8459
57.4376
53.969
46.9389
37.9168
22.5059
10.5776
10.0656
-0.207631
3.22417
7.59091
9.58545
8.68086
5.56352
2.10291
-2.89495
-5.37364
-5.07597
-6.04704
-9.6467
-14.1424
-17.2119
-20.2324
-15.1864
-10.1886
-7.44884
-6.8833
-7.94517
-9.01469
-6.82054
-3.16925
-1.96247
-3.47124
-5.40225
-6.27498
-8.34837
-12.2135
-15.5361
-16.9676
-15.3948
-9.50456
-5.47388
-4.61039
-9.92355
-8.09641
-7.56168
-9.05803
-12.3222
-14.6949
-12.4832
-9.83528
-10.0847
-13.0502
-14.4383
-11.9137
-10.7692
-11.4917
-13.1055
-14.7803
-15.3956
-13.1476
-10.2764
-10.4072
-14.2608
-17.3324
-14.2044
-11.2573
-10.5896
-10.4859
-10.419
-11.3557
-12.9427
-11.5917
-6.67545
-3.20209
-2.89431
-5.3706
-9.27993
-14.4433
-22.1222
-29.2893
-27.1845
-22.475
-16.3463
-9.34615
-5.85884
-6.58835
-11.6066
14.7377
44.8477
59.6162
68.5927
73.0746
76.117
78.8329
80.494
81.0364
81.2567
81.7057
82.8424
83.7983
83.5451
82.7766
81.2894
79.5003
77.3415
74.9088
71.5295
67.3168
64.2865
65.28
68.0891
70.5833
71.6231
71.0146
68.0354
62.1281
54.7042
48.2989
44.7694
41.1246
35.7647
29.8787
21.0253
12.939
10.9348
5.73567
6.75668
7.21863
6.63363
6.09086
5.2638
2.15951
-2.84339
-7.70213
-11.7757
-15.3275
-16.663
-15.7481
-13.4499
-13.693
-9.34232
-6.06647
-5.85084
-8.9818
-11.943
-11.6401
-10.601
-9.28369
-6.30953
-3.80293
-3.73178
-6.37083
-9.21363
-8.74827
-7.4683
-7.52148
-8.85678
-11.5672
-13.7123
-12.1847
-12.7101
-11.3112
-7.47392
-5.74018
-6.91584
-10.0119
-11.3098
-9.61294
-9.32892
-11.9861
-14.5914
-12.6857
-8.99824
-5.54306
-3.58858
-4.35612
-7.8171
-11.1312
-11.6738
-12.5991
-14.1665
-14.3835
-13.0821
-12.0103
-10.3156
-8.87379
-9.13243
-10.9611
-13.7916
-14.4524
-10.1293
-5.33989
-3.67074
-6.21284
-13.2899
-22.657
-26.1739
-22.7193
-16.5948
-11.607
-8.01788
-6.72523
-7.88998
-12.0649
-18.9624
13.4413
43.0202
61.478
71.551
75.6369
75.2781
70.9201
64.3516
59.5288
57.362
57.0989
57.6268
57.1606
54.3233
51.7964
48.1627
48.114
55.0699
61.952
67.2806
69.7369
70.9467
72.4465
73.703
73.2212
69.8119
63.293
54.6648
48.6944
47.1707
48.6916
48.4657
44.5458
37.1241
26.0497
21.2792
13.2043
11.8822
0.99643
2.21763
3.93117
4.31147
2.94899
0.0583534
-2.81713
-5.86927
-7.18757
-6.49244
-7.92778
-9.40201
-9.25767
-9.06434
-6.88923
-6.16104
-7.39213
-10.4407
-12.9919
-13.8763
-10.7973
-8.31551
-8.84843
-11.4528
-12.6644
-10.8456
-8.72323
-8.58648
-10.3044
-11.2267
-9.51729
-8.14557
-8.56119
-9.92942
-12.0382
-9.45281
-8.24013
-8.98116
-11.8567
-11.9638
-7.60837
-5.37821
-7.03149
-12.0244
-16.7045
-14.6209
-8.33039
-3.08118
-0.645717
-1.44411
-4.87221
-8.53131
-10.3899
-12.8983
-16.4727
-17.0242
-13.8297
-9.40868
-6.83491
-7.39926
-10.2024
-11.5048
-10.8033
-11.8389
-14.9549
-15.9565
-12.1654
-9.79788
-9.28993
-8.48204
-6.06206
-4.74576
-6.25746
-10.9212
-17.3945
-20.7351
-20.124
-19.0484
-19.9658
-22.72
14.4219
30.6169
52.6064
66.2072
75.1591
80.4311
83.2547
84.4318
84.8135
85.2054
86.0214
86.8994
86.8027
85.4939
83.3502
82.1308
82.4043
82.9584
82.3741
79.6089
74.0202
66.2499
57.3729
54.9879
53.4785
49.2517
48.0399
52.2164
56.0743
57.5447
56.3127
52.5713
46.9107
39.4967
32.1951
21.5149
11.3531
12.0379
6.28885
6.15092
4.21025
2.68707
0.207617
0.646885
1.13319
-3.18668
-10.4915
-13.8758
-9.20634
-5.79509
-6.30985
-9.13413
-12.6775
-10.2095
-9.02859
-10.5185
-15.1681
-21.2213
-23.4271
-19.1558
-13.252
-8.59066
-5.7516
-5.13738
-6.46659
-9.0105
-11.4563
-12.1536
-11.1019
-11.5369
-13.6715
-13.4815
-10.9378
-18.3934
-13.9532
-11.8203
-12.2715
-14.0675
-15.4816
-16.302
-15.6013
-13.898
-13.7335
-16.3561
-20.2005
-18.3102
-13.3305
-11.871
-13.5759
-12.999
-9.75126
-9.31484
-12.3894
-16.4923
-18.1535
-17.8016
-16.5976
-17.0454
-20.2055
-25.7023
-31.8613
-29.5251
-20.478
-13.8146
-10.8525
-10.3791
-10.2176
-8.48323
-7.28184
-8.54878
-13.2473
-20.4921
-26.1481
-27.4011
-27.3001
-26.4121
-23.2766
-21.8278
14.3818
42.3606
58.0176
67.8318
72.0213
72.5311
69.7495
64.2336
60.6668
61.5564
67.0495
72.0748
75.3615
76.6855
77.2973
76.7412
75.0626
71.7775
66.9151
61.6781
59.0068
62.041
65.8392
68.628
68.5987
65.9142
60.3681
52.5251
45.9374
40.2838
36.1081
38.0807
39.8456
37.1761
30.4584
18.4966
10.9427
8.81849
1.0742
-0.881567
-4.1307
-7.1973
-8.6086
-9.8424
-11.4042
-14.2092
-15.2279
-13.4398
-9.97262
-8.99121
-10.5144
-15.1283
-21.6244
-21.9967
-21.679
-21.0552
-19.1331
-17.391
-16.9146
-17.5629
-19.3488
-23.2205
-26.9405
-20.7474
-14.2407
-12.1914
-14.4723
-19.2717
-20.1301
-15.1739
-11.9487
-11.7952
-14.2081
-12.3196
-9.51666
-6.80955
-5.20398
-6.02367
-10.1324
-16.3764
-18.5078
-15.9946
-15.577
-17.1913
-17.7179
-15.9716
-14.1681
-13.7054
-14.8062
-13.9487
-10.7809
-8.8931
-9.7065
-12.4793
-15.1321
-16.9467
-19.6367
-24.5511
-29.1117
-26.8308
-22.577
-20.2561
-18.0606
-15.994
-14.9512
-15.5248
-17.7833
-20.4104
-18.4915
-13.9504
-12.073
-13.5732
-17.0345
-20.153
-23.4498
-24.6255
-20.9975
-17.281
15.7317
54.4361
73.3341
84.6109
90.6216
93.1824
93.7709
93.7898
93.6231
92.9268
90.9903
87.2457
82.5151
80.8539
80.7153
78.6581
73.7473
67.9215
68.102
71.4164
74.1411
74.7615
73.5396
70.7286
66.7694
61.2632
59.5265
64.0016
67.1582
67.4823
64.9914
60.0934
53.932
46.6722
39.8018
29.9677
19.1552
16.3239
13.869
13.3482
10.5016
6.43297
-0.730389
-10.1173
-9.68089
-15.5074
-19.4361
-19.1965
-13.1991
-8.87795
-7.52885
-9.95038
-14.9674
-18.8234
-21.6209
-19.4531
-18.0417
-17.251
-17.1964
-16.7727
-15.3399
-13.0689
-11.3515
-11.5544
-14.2578
-18.0765
-19.9753
-19.1562
-16.1519
-14.1509
-14.1972
-16.1439
-17.0834
-3.10316
-4.06556
-7.83138
-12.4908
-15.9787
-18.4512
-20.9656
-23.3977
-26.2697
-25.2667
-19.7456
-15.3861
-13.6902
-14.0802
-15.5197
-17.323
-19.5234
-20.2663
-17.7555
-16.1091
-17.2262
-19.1576
-14.8755
-10.9594
-10.928
-13.4641
-12.9473
-10.0927
-9.40241
-10.4054
-10.1863
-8.8756
-8.81521
-10.5065
-13.4088
-13.9444
-11.902
-10.7996
-11.1627
-11.5792
-12.0013
-13.0295
-13.5354
-13.2071
-14.6755
17.0692
50.0049
67.644
79.8678
88.4319
94.4569
98.3451
100.196
100.455
99.7902
98.8874
98.2582
98.3373
98.7715
98.4393
96.2851
91.8983
85.7353
78.8869
73.1047
68.6727
68.2448
68.7263
69.2247
69.6612
71.7116
74.2513
75.7595
74.8372
70.8021
63.2001
53.7763
49.6977
49.0656
45.1759
36.9943
25.667
21.885
21.5811
20.7967
19.3023
16.9996
12.4104
6.70881
-0.875014
-4.52237
-3.4617
-0.798899
0.305838
-1.42514
-6.54768
-15.073
-22.9871
-23.1471
-19.9145
-19.8194
-22.8002
-28.4072
-27.7355
-23.4082
-20.6291
-16.9016
-13.2157
-11.4507
-10.287
-8.00282
-5.6626
-5.86281
-9.43208
-15.823
-21.461
-20.4405
-16.836
-17.547
-15.0886
-13.2428
-14.187
-17.5617
-19.2785
-17.175
-14.8469
-14.2886
-14.7456
-14.3748
-13.7079
-14.3971
-16.5147
-19.5845
-25.6384
-33.4433
-35.1019
-28.912
-23.0711
-16.6403
-9.97997
-5.68016
-4.88688
-8.20272
-15.7147
-25.3626
-26.2966
-23.8016
-19.8237
-14.8195
-11.9256
-11.1369
-11.6766
-12.4034
-14.0309
-16.092
-17.8725
-21.472
-27.0664
-29.2562
-24.6374
-18.1051
-13.1576
-9.74679
14.1266
35.4906
54.4049
68.2525
75.3254
77.7619
75.6746
68.7657
60.3217
58.3833
63.8385
67.026
66.9294
66.7759
67.9009
67.8891
65.2246
60.7305
64.1204
74.0389
81.3603
85.3876
86.0386
83.4757
77.9309
69.4075
61.1522
57.9335
60.2984
63.1875
64.1485
63.4011
61.2374
57.4742
50.7483
39.0907
26.6068
23.5245
23.9986
25.3253
23.4001
17.0458
8.1427
1.54284
-0.709261
-5.05895
-7.22158
-6.55927
-6.49195
-9.70715
-13.3527
-14.6829
-16.1346
-16.6926
-18.1969
-18.9329
-21.8321
-25.7144
-22.7053
-15.5937
-12.3927
-13.322
-17.9521
-22.3886
-18.4029
-12.9842
-11.6182
-13.9243
-16.9759
-16.4702
-16.0542
-18.4396
-22.5414
-12.5149
-11.2623
-9.28768
-7.20175
-5.71031
-5.85888
-7.90123
-10.9623
-13.204
-13.7117
-13.0938
-11.896
-10.9794
-11.873
-15.5191
-22.387
-31.3663
-36.3677
-31.7319
-23.806
-17.2826
-13.3091
-12.6022
-15.0445
-19.6921
-24.2218
-26.3428
-24.4756
-19.9429
-15.4192
-13.3351
-13.9943
-17.3254
-21.5209
-21.5528
-17.9052
-16.1359
-18.0978
-23.697
-31.0183
-33.3056
-29.9953
-25.1144
-19.1944
-13.6803
13.3193
42.1288
63.2447
76.1261
83.758
88.0222
90.4677
92.8208
96.2361
100.056
102.794
103.881
103.968
104.113
104.568
104.776
104.483
103.624
102.085
99.5544
95.8449
90.9653
84.9017
78.6265
76.1786
77.5876
78.0903
76.2263
73.3066
70.6002
67.3023
62.1713
56.83
52.3588
50.5083
47.3099
42.837
37.7389
32.8056
29.2548
25.1767
22.3044
19.043
14.9717
11.4781
11.0953
11.1732
9.46843
6.25311
1.81778
-4.22751
-10.1586
-14.3493
-16.6503
-19.3402
-20.9622
-18.7411
-16.216
-14.3122
-11.4531
-8.45218
-7.65759
-10.0564
-15.2624
-20.4988
-21.314
-18.3087
-14.852
-13.055
-13.6215
-16.2404
-20.0336
-21.1677
-26.1277
-24.04
-19.9305
-16.8482
-16.2091
-18.4095
-23.5579
-31.5908
-32.5775
-24.0233
-17.8412
-14.438
-12.8192
-13.074
-15.5841
-19.989
-21.2929
-17.7759
-16.0792
-17.5332
-19.4498
-17.4509
-14.4054
-12.8218
-11.9719
-12.0457
-13.4387
-14.3967
-13.165
-12.1025
-12.1829
-12.5943
-12.9412
-13.3088
-13.5233
-13.6437
-13.7254
-14.0552
-14.4367
-14.8236
-15.6165
-17.8475
-22.8467
-29.2774
-26.3891
9.82633
33.6248
50.1273
62.0265
71.7305
79.6874
85.632
89.7966
93.284
96.9625
100.946
104.866
108.331
111.143
113.059
113.737
112.792
109.911
104.771
97.0261
87.9485
86.5294
90.9203
92.6307
91.7419
90.0681
88.3003
85.5173
82.3056
79.4371
75.214
70.5468
68.413
66.8736
63.729
59.2902
54.3067
49.715
47.4622
47.78
46.8117
43.2506
37.5448
31.0349
25.7781
22.6277
20.3087
17.475
14.8069
10.9838
3.74944
-5.87558
-9.38865
-6.38566
-3.83323
-4.69738
-7.87338
-9.42375
-9.57341
-11.3151
-13.2773
-13.3233
-13.7925
-15.4845
-15.8142
-14.5462
-13.5893
-11.5932
-8.66343
-7.93033
-10.9009
-16.86
-21.4158
-21.3919
-18.4834
-15.8818
-14.4639
-15.799
-20.6933
-26.908
-26.0103
-21.3655
-17.4828
-15.881
-16.9718
-20.5429
-24.7295
-24.8498
-20.9386
-17.0343
-15.1266
-15.9498
-18.0942
-18.8702
-17.9114
-16.5364
-14.8529
-13.8003
-14.723
-17.7582
-20.3717
-20.0495
-19.541
-20.5356
-20.2389
-18.4206
-18.4058
-21.0329
-23.4836
-22.3607
-20.008
-18.3048
-17.2955
-17.2934
-18.6877
-21.3613
-24.1719
-25.2856
-7.05341
6.45054
27.1364
40.8523
50.0485
58.2672
63.7418
67.0247
69.776
71.1991
70.966
68.1443
62.0913
53.7198
55.8478
59.4873
66.4345
75.6068
81.9717
85.2351
86.7404
89.8444
92.9361
93.7354
92.4544
90.8195
90.0888
89.7598
88.4241
85.4983
81.5622
79.8006
79.4453
77.729
73.6927
67.8849
62.1692
56.9661
51.822
48.4048
47.2231
44.7026
39.8588
37.3588
40.0989
42.0667
41.1027
36.9911
30.1936
20.7433
8.39519
-1.95803
-3.85542
-4.29978
-5.80683
-8.38835
-12.0163
-13.7198
-11.5471
-10.4266
-11.5878
-13.9708
-15.7567
-17.1095
-19.6997
-23.2689
-23.6814
-19.4952
-16.6791
-17.0938
-19.6987
-19.7802
-15.8289
-29.9038
-27.3388
-27.0781
-28.6564
-29.3014
-28.4942
-28.5001
-29.3135
-28.5919
-27.3186
-25.8346
-24.9095
-24.2487
-21.2885
-17.9551
-16.8765
-16.9494
-17.2889
-17.937
-20.4311
-23.7607
-27.0004
-29.1985
-30.0035
-29.4457
-28.2541
-27.1204
-25.4737
-23.6515
-22.1026
-20.8193
-20.0768
-18.6737
-16.9592
-17.024
-19.9447
-24.1882
-25.816
-22.9093
-19.1023
-16.7365
-16.4906
-18.1003
-21.6874
-25.5454
-6.57445
19.9238
34.5676
44.6382
54.2219
62.0737
68.5558
73.2469
76.1671
77.7201
78.4557
78.8361
79.2851
79.8309
80.5599
82.2957
85.1075
88.7749
91.5454
92.383
90.8748
88.1977
87.1099
87.8552
88.4344
90.5245
93.9128
95.6238
94.5683
90.8369
85.421
79.9634
75.906
72.6602
70.1472
69.1553
67.5473
63.1701
56.8344
53.9075
53.1206
49.8054
45.2652
45.3782
47.0217
46.6943
43.8223
38.2465
30.0465
23.3322
18.3122
10.3521
-1.11734
-5.40358
-4.36488
-4.90446
-7.40239
-11.3296
-13.5536
-12.6223
-12.3759
-13.2347
-12.4763
-11.1833
-12.5423
-17.464
-22.2151
-20.3469
-17.0164
-15.8811
-17.6153
-19.9041
-18.4933
-24.4643
-26.3892
-28.2855
-26.6939
-24.5021
-23.6495
-23.8272
-23.998
-22.6649
-18.6881
-13.3199
-9.13887
-8.00174
-10.4088
-16.4534
-23.9026
-26.6841
-22.4742
-17.981
-15.71
-16.3391
-19.5702
-23.4093
-23.7532
-21.4541
-19.9497
-20.244
-20.1603
-17.0166
-13.5751
-12.8069
-15.0034
-18.9753
-22.337
-23.4509
-21.6289
-18.6645
-17.0236
-17.2963
-18.2389
-19.1263
-20.7494
-23.8396
-26.2774
-25.6318
1.50464
20.0045
40.7474
53.301
60.4089
62.6995
61.6346
58.6899
58.5323
61.6875
65.1102
67.3033
67.4772
67.1198
68.0133
67.9919
66.7489
69.8387
79.8097
88.9705
94.9178
97.4363
96.7152
93.3371
88.5222
84.0723
82.4438
84.4612
87.8736
90.5707
90.9185
88.2603
83.1713
77.7864
73.3917
68.8683
63.1577
56.1651
53.171
54.8899
55.1391
53.252
51.3448
49.3868
45.9795
41.7537
38.6227
34.6917
27.9534
19.6862
11.8325
3.67455
-5.28534
-13.9268
-19.0105
-18.8595
-14.7713
-12.1938
-12.4397
-14.0722
-14.5549
-12.942
-10.2224
-9.23587
-11.5827
-17.0004
-21.088
-19.8266
-18.8259
-19.509
-21.1382
-21.8356
-22.0954
-21.501
-23.4094
-27.2295
-30.5639
-29.7395
-27.9992
-25.7416
-23.2419
-19.9646
-16.188
-12.5385
-10.3526
-10.143
-12.4421
-17.2735
-23.4883
-25.1488
-23.3277
-21.8373
-21.5045
-22.7631
-25.5029
-26.6908
-24.3943
-22.1647
-20.7369
-19.1831
-16.4772
-14.9475
-15.932
-19.0909
-21.9382
-22.5364
-22.1943
-21.5282
-21.7626
-23.5049
-24.9836
-23.6268
-21.7647
-21.2509
-21.7959
-23.278
-25.799
-28.149
-0.0802542
15.2503
34.52
49.2542
58.683
63.6501
64.9663
64.468
65.8698
70.0172
73.7934
78.6173
85.5709
92.3257
97.3096
100.441
101.733
101.179
98.7497
95.8476
94.6316
93.8055
92.3801
92.8681
94.7049
94.5071
91.6618
87.8737
85.87
85.3405
83.7567
80.0039
73.2831
66.9973
69.1939
72.2186
71.9241
69.0312
66.2624
65.1383
62.641
57.2011
50.1803
45.3807
43.6815
43.5766
41.5707
35.9441
27.0966
19.117
15.0892
9.98716
1.25215
-9.23418
-13.8743
-13.5998
-12.4048
-11.7
-11.8128
-12.0691
-10.9905
-9.74007
-10.3769
-13.2246
-15.8651
-16.321
-17.3953
-20.5974
-23.2384
-22.8849
-21.7273
-20.8059
-19.5255
-13.2166
-13.9245
-14.9821
-16.0133
-18.1482
-20.388
-19.1568
-15.7486
-14.0868
-14.7431
-16.7212
-17.6039
-17.6964
-19.3799
-22.6161
-23.8546
-21.7997
-20.0556
-19.3397
-19.0403
-19.2716
-20.5966
-22.9791
-23.3229
-20.3873
-17.6336
-16.6198
-17.5138
-19.7119
-22.3876
-23.9604
-22.201
-19.6212
-18.5828
-19.4305
-21.2672
-23.0911
-24.4824
-24.2511
-24.201
-26.4197
-30.2489
-31.4507
-30.5746
-29.6131
-4.95137
18.819
38.297
50.2098
57.3681
59.7448
59.475
57.3712
54.8144
55.0907
61.8806
70.6339
78.9928
86.0514
91.278
94.2299
94.963
93.4399
89.9149
85.3885
82.5964
83.7364
86.6411
88.4756
88.6416
87.2686
85.0079
82.8747
82.725
83.7015
82.7823
78.6122
71.6976
65.7349
62.137
58.5748
54.6328
53.3154
55.2479
56.5758
55.2761
51.4741
47.3053
44.7427
42.7656
40.1586
36.3413
31.7021
28.8062
26.9777
22.4826
13.5694
0.203389
-12.8959
-16.0393
-14.048
-13.2888
-13.1619
-11.4987
-9.42026
-8.985
-10.1484
-11.9757
-13.438
-14.388
-15.107
-15.5766
-16.5666
-18.8017
-21.3816
-21.4339
-18.7918
-17.2755
-29.384
-27.8381
-27.0765
-26.9817
-25.7936
-22.7256
-18.8048
-16.1242
-15.6439
-17.6135
-21.1385
-21.6353
-18.0563
-15.8793
-16.3921
-18.1102
-18.9403
-18.2623
-16.1828
-14.2403
-14.11
-16.6432
-20.5634
-23.0121
-23.7938
-25.2802
-25.1782
-22.3783
-20.2082
-19.6767
-19.5292
-19.1831
-19.1914
-19.4587
-19.1506
-19.0766
-20.7344
-23.0658
-22.773
-21.6559
-23.0945
-28.183
-32.434
-31.0151
-30.0696
-13.79
8.57703
30.446
44.6365
52.741
58.6689
61.9132
62.1292
59.7673
58.1418
62.3087
67.4082
70.1638
69.9118
66.9407
61.3621
55.6556
53.1445
56.7951
61.0831
64.6868
65.9535
64.8504
62.2074
60.9892
62.8035
65.6962
67.9318
70.0636
71.0403
70.0347
66.7998
62.6798
61.0343
60.5548
58.7233
54.4101
49.8012
48.5132
47.9985
45.9878
44.4333
44.321
43.4838
40.5097
35.4094
28.9955
24.4048
21.9215
20.2257
16.1457
8.99455
0.00865757
-6.63205
-9.54482
-12.0922
-12.0348
-8.66818
-5.80203
-5.60307
-8.29509
-12.767
-17.0485
-20.0391
-20.5206
-19.0265
-17.6699
-17.8913
-20.2499
-24.2288
-25.2817
-20.1636
-16.6024
-19.4059
-20.4613
-22.4088
-20.6235
-18.2965
-19.0322
-23.2539
-29.1558
-31.9121
-30.4752
-27.4629
-24.6648
-22.5828
-21.7162
-22.2607
-24.0861
-26.0296
-26.435
-25.032
-24.9022
-28.0273
-33.68
-35.162
-29.1956
-22.2044
-17.01
-14.5612
-14.3773
-15.8144
-18.617
-20.8719
-18.9953
-16.4279
-16.5599
-19.4702
-23.689
-26.8129
-27.0198
-23.8423
-20.1738
-18.6965
-19.8262
-22.1829
-23.4747
-23.7364
-11.0011
10.8919
29.8284
41.3442
47.6658
49.6359
49.2983
47.3602
46.1152
46.3387
49.7764
55.3482
59.2023
60.1661
58.1362
52.4206
42.8153
38.0872
42.1012
48.498
52.7317
54.3996
53.4088
50.9887
48.6452
50.2535
54.9315
59.1642
61.551
61.7023
59.7595
55.924
52.3116
50.2954
48.9344
45.2824
39.9109
36.6105
36.8011
37.1174
36.2275
34.7401
35.4496
39.4898
43.6313
45.1685
43.2934
37.7434
28.6817
17.7432
7.34851
-2.67145
-11.8385
-13.8137
-14.8013
-16.6903
-18.8458
-18.8641
-17.9369
-17.5518
-17.9548
-19.0428
-20.8326
-21.9199
-20.749
-19.0439
-18.7576
-20.077
-22.236
-24.0606
-25.0265
-26.1929
-27.1698
-21.5577
-20.59
-21.4273
-21.5756
-20.1151
-19.5899
-21.0648
-23.7087
-25.9342
-27.6721
-29.5655
-30.1889
-29.3753
-28.871
-27.6022
-25.2827
-23.9327
-24.3824
-25.6585
-26.9393
-27.9643
-27.8567
-26.5955
-25.1367
-20.5074
-15.3097
-13.2473
-14.5951
-17.9619
-19.7837
-18.8624
-17.3859
-17.431
-19.2633
-22.4272
-25.2185
-23.5868
-18.831
-15.7056
-15.7149
-18.5322
-22.6421
-24.054
-22.5099
-21.0478
-8.31727
6.92132
26.3265
39.1227
45.2766
49.4855
52.7628
56.8637
60.0131
61.0693
60.55
58.9861
56.9792
54.603
54.3127
54.7684
55.1009
54.4997
53.8604
52.5756
50.3128
48.9487
50.1188
52.0446
53.3656
54.0106
53.3415
51.617
51.678
54.4999
56.7931
56.2992
52.8013
47.9571
43.6555
39.7919
33.9841
27.0328
22.3672
21.7673
22.9686
24.1689
25.1987
27.5023
29.3459
28.8236
25.5625
20.2586
15.0101
8.76137
-0.262466
-10.8724
-17.445
-19.7552
-20.8986
-24.8733
-28.4771
-26.3784
-23.7302
-22.0369
-20.0083
-19.1171
-21.1419
-25.8543
-29.8242
-32.1538
-33.832
-30.1801
-23.4679
-19.1206
-18.196
-20.282
-24.1663
-24.9006
-22.2342
-20.3284
-19.845
-21.5325
-26.077
-31.03
-30.0571
-26.4773
-24.7396
-25.7878
-29.4272
-33.9731
-37.1442
-35.011
-30.3095
-27.2584
-26.9842
-29.054
-32.6238
-36.0569
-35.6615
-32.4975
-29.3539
-26.0998
-23.2586
-21.883
-21.5512
-20.9735
-19.1339
-17.5249
-18.0638
-20.9365
-24.6085
-26.3924
-26.4765
-24.965
-22.2748
-20.0721
-19.5925
-20.6306
-22.3778
-23.4139
-22.7325
-20.8643
-8.28673
0.934375
20.2498
31.8354
38.2586
39.2916
38.8372
36.9286
36.096
38.5598
42.9287
46.4376
48.006
49.1733
50.4992
51.363
50.2907
47.5293
44.4882
46.0015
49.6808
52.0747
52.1153
49.731
45.2474
43.0547
44.5075
46.5937
47.4528
46.6656
44.7176
41.7283
38.6616
36.2611
34.7189
32.0343
26.8805
18.5671
13.9468
21.3183
27.211
29.66
29.4951
27.9867
25.6785
21.4404
14.5738
4.74267
-4.79107
-8.81849
-13.7065
-16.8418
-24.7026
-31.5764
-33.6635
-29.1639
-26.6801
-26.752
-28.8805
-30.0675
-28.641
-26.9909
-27.0601
-28.6206
-29.5055
-29.3072
-29.1747
-28.8783
-27.7905
-26.2105
-25.4192
-24.9739
-24.0976
-26.8748
-23.5551
-22.0544
-23.7705
-27.2172
-28.3511
-26.4782
-23.4062
-19.9445
-17.8935
-18.3839
-21.5622
-25.0566
-24.8405
-23.5044
-24.1164
-26.0937
-27.1737
-27.5934
-28.7045
-30.638
-32.6379
-34.2112
-37.1587
-39.9816
-36.4601
-28.8842
-22.5954
-19.3261
-19.4667
-22.4743
-24.8074
-23.902
-23.5614
-25.3155
-26.522
-25.1183
-23.5536
-22.5055
-20.5059
-17.7907
-16.9099
-19.2622
-23.799
-26.3899
-12.1683
-2.64032
15.197
27.8773
34.8777
39.2779
41.0445
41.0046
41.2089
44.041
46.3992
47.1282
46.1191
44.7473
44.3886
44.9311
46.3134
48.4422
49.5125
48.5829
45.2143
40.2416
37.6482
38.9856
41.21
40.9553
38.229
34.7778
35.2908
37.8454
38.4559
36.2111
31.1842
24.8622
18.9418
16.0576
13.6432
9.04201
14.8369
23.4376
28.1792
29.0461
27.1375
24.0363
19.7317
13.1834
4.7691
-3.99719
-13.6357
-20.8609
-25.827
-27.3315
-30.7682
-26.0064
-22.9599
-21.3927
-20.35
-19.566
-20.6238
-23.4258
-26.3742
-27.2813
-26.0207
-24.6356
-25.6142
-29.6939
-36.172
-40.4497
-36.0057
-29.1856
-24.7738
-23.4555
-24.2713
-21.6071
-20.2139
-20.8127
-22.4496
-22.7323
-22.2638
-23.1867
-24.4352
-23.071
-21.2767
-21.7401
-23.2753
-22.5667
-20.914
-20.571
-20.5634
-19.771
-19.3579
-19.6962
-18.5832
-16.3635
-16.0111
-19.0475
-25.1891
-30.5894
-29.9341
-25.1171
-19.5056
-15.5776
-14.4796
-16.5366
-20.3834
-21.9495
-21.4001
-22.5807
-24.9616
-25.4375
-23.9455
-22.7982
-22.3226
-20.2484
-17.6342
-17.2871
-19.5129
-21.5987
-9.45733
-9.35797
7.024
20.9454
26.0447
27.0512
28.4374
28.4208
30.6706
31.7626
33.4163
36.1988
38.3024
41.0856
42.7374
42.1353
41.1038
38.4198
34.4098
30.3564
31.2937
32.5998
31.7267
32.0581
30.788
32.2983
33.6769
33.1915
31.8919
29.3749
27.44
26.1533
24.4633
21.9535
17.4252
15.8101
14.5379
14.281
14.4316
17.9363
20.7598
21.2888
20.744
20.9862
21.3511
19.4274
14.0046
5.66618
-3.15538
-10.5677
-17.0436
-19.1853
-21.3494
-22.378
-23.8896
-25.8817
-26.5293
-24.7085
-22.656
-22.3195
-23.9804
-25.6873
-23.5826
-19.2988
-17.2462
-18.4265
-21.9258
-25.2037
-27.5357
-30.9425
-34.6204
-33.0209
-26.9435
-26.9265
-29.3926
-32.7595
-35.3624
-35.4869
-34.7017
-33.7896
-32.6899
-30.6244
-27.8962
-25.3808
-24.2982
-24.3195
-24.3234
-24.3928
-26.5538
-31.2251
-34.4192
-31.206
-25.3614
-21.4248
-20.3401
-22.0627
-26.0182
-30.2666
-29.2064
-24.5349
-22.4722
-23.8917
-28.2605
-33.4014
-36.8006
-37.6605
-35.9938
-31.9575
-28.485
-26.4525
-26.0523
-26.6301
-27.8733
-28.5405
-27.9465
-27.5965
-28.3406
-27.8552
-12.3344
-17.4234
-3.95684
13.5318
19.3764
22.2656
26.9144
30.2648
34.6419
36.2707
35.3947
32.3628
27.513
25.0142
26.3733
21.7855
12.5219
14.4757
20.6234
22.4699
22.1816
23.4204
22.9684
25.488
24.7983
23.6815
20.0522
15.48
14.3226
15.2205
15.3488
13.2265
10.9737
8.20334
3.21558
3.93902
2.91211
4.88706
6.44942
9.27225
10.6959
10.5003
11.5299
15.2952
17.6232
16.8377
12.15
3.34969
-6.81037
-14.0755
-19.4856
-22.3878
-25.0039
-26.9792
-28.1227
-26.4637
-22.0519
-19.2507
-19.7796
-24.0031
-28.4119
-24.809
-20.1727
-18.8061
-20.6989
-24.2709
-26.7038
-27.3796
-26.7099
-24.2769
-22.5497
-23.2031
-25.9921
-25.7766
-26.6524
-29.997
-35.3492
-37.2287
-34.6329
-31.4069
-28.918
-27.6112
-27.466
-27.361
-27.6097
-29.2502
-31.3382
-31.9565
-32.531
-34.1269
-34.0316
-31.6811
-30.6468
-31.3629
-32.9705
-34.5233
-36.1532
-37.2669
-35.5245
-32.8288
-32.1353
-33.6719
-35.6449
-36.3963
-36.5225
-36.3682
-35.7633
-33.0526
-28.8983
-25.7541
-24.3871
-24.8542
-27.1623
-31.3248
-36.0703
-39.373
-40.3887
-38.5836
-14.0377
-26.711
-16.4401
9.22358
12.179
4.97594
8.5371
2.69746
13.8247
17.8464
19.6065
20.9367
16.7077
22.2354
25.6907
19.5202
10.4725
5.36976
11.4718
12.7799
12.55
17.406
15.6293
16.8006
4.2153
-1.62038
-1.10838
0.689004
5.341
2.17897
-2.95877
-4.82964
-1.74135
2.5919
-4.49038
-2.33601
-5.65167
-5.26149
-4.30989
-1.54031
0.00490044
-0.0631214
-2.15652
-2.23664
-0.971158
-0.951911
-3.47861
-7.3246
-11.081
-14.4666
-19.487
-23.1826
-28.7479
-31.3336
-29.8365
-25.8272
-23.5532
-23.3826
-25.1905
-26.8171
-24.9951
-21.211
-18.9229
-19.5105
-22.8925
-27.8657
-32.6164
-34.9261
-32.774
-30.3673
-30.3339
-30.3115
-28.537
-33.8198
-32.8185
-33.1956
-34.0659
-34.705
-34.6229
-33.6327
-33.0975
-32.5676
-31.3559
-30.869
-30.5893
-28.9242
-27.7037
-27.8303
-28.3411
-28.5534
-29.4554
-30.7008
-30.7857
-30.0237
-29.8209
-30.9256
-32.6708
-33.2439
-31.3768
-29.7338
-30.0381
-32.2939
-34.5262
-35.8495
-36.653
-35.2929
-32.6487
-31.5393
-31.1772
-30.0958
-29.1597
-29.6621
-32.2286
-36.6646
-41.1598
-40.4683
-34.4372
-29.3365
-13.0015
-27.2576
-18.3585
8.87334
12.0795
4.64111
8.59191
3.21597
9.69094
11.0063
16.5312
21.2379
22.5003
27.6978
29.3627
26.2315
18.425
10.8072
11.8537
12.6209
12.5776
18.8161
16.731
17.4575
4.64292
1.40208
0.953442
-0.0306508
3.17875
-2.14898
-6.07987
-5.22913
-2.19348
0.538168
-5.87053
-2.7456
-5.42932
-6.26817
-6.56299
-0.727179
3.93344
5.17355
3.84789
3.26329
3.61258
2.27813
-2.38812
-9.55898
-16.5525
-20.0533
-21.4027
-22.7315
-26.1304
-27.4033
-29.0357
-32.0792
-35.0512
-34.7623
-33.0447
-30.8388
-26.5713
-22.0345
-19.8729
-20.4781
-23.2463
-27.2344
-30.58
-31.4199
-30.8115
-31.2496
-32.5246
-33.421
-33.6258
-32.657
-33.9928
-35.0975
-34.4458
-31.0487
-28.6643
-29.1646
-31.7805
-32.4808
-29.5383
-26.9334
-25.5926
-25.9864
-27.9682
-29.7408
-29.3073
-28.3955
-28.7096
-29.5923
-28.5516
-25.7431
-24.5266
-26.5216
-31.687
-37.7299
-41.204
-42.7425
-40.5858
-35.1685
-31.8323
-31.6661
-33.3863
-33.7268
-32.4683
-32.1383
-32.1146
-30.2985
-26.9524
-24.8046
-25.2288
-28.3918
-33.2227
-36.0661
-32.9479
-29.2582
-13.9849
-27.5173
-19.8157
8.43396
10.2554
2.10503
6.93834
-4.94289
4.19416
1.15758
7.63481
14.6611
10.2513
19.5432
22.6986
18.6778
7.55135
4.55245
8.30784
6.06706
-0.110967
13.985
11.608
14.3397
-2.5244
-7.49551
-12.7979
-15.5734
-3.18076
-10.9983
-15.048
-13.1269
-8.55528
-3.50851
-13.1282
-8.10891
-16.0063
-15.2667
-16.6507
-7.07776
0.32255
4.82512
6.55403
6.85815
5.90427
3.29527
-1.64376
-9.03321
-18.2354
-25.5546
-29.3266
-25.6574
-25.0939
-25.1848
-27.2307
-30.9055
-35.4642
-37.0595
-34.1127
-27.0819
-18.3826
-11.8116
-8.75195
-9.14425
-12.5183
-16.7882
-18.6085
-19.3194
-21.5444
-25.2319
-27.7602
-27.5102
-26.6983
-34.98
-31.0537
-27.8736
-26.6795
-26.8822
-27.0125
-27.2034
-27.5828
-27.4237
-28.0374
-30.8957
-34.6673
-34.5311
-32.6386
-31.0399
-30.5829
-31.613
-32.5398
-30.5027
-27.0939
-25.3358
-26.4105
-30.4267
-36.8225
-41.85
-42.0463
-40.9812
-40.8817
-40.6595
-37.4233
-33.0813
-30.364
-29.7598
-30.8071
-32.8916
-32.916
-29.5226
-26.1444
-25.1083
-26.925
-31.5762
-37.9572
-42.507
-41.1835
-34.9889
-14.5879
-25.6163
-19.0014
7.57944
9.38018
2.38548
7.22672
-1.40238
7.88515
10.5067
14.1374
18.4708
14.868
19.6491
22.459
18.1618
8.7401
6.55246
9.41109
7.50089
3.53916
13.985
10.9389
13.4398
-5.44445
-9.23842
-12.5209
-13.0383
-4.1236
-11.6458
-18.6516
-16.6756
-11.5837
-4.36031
-12.8818
-8.26045
-16.4552
-8.99287
-0.388336
7.83718
12.3911
15.3606
17.3123
17.5861
15.1801
10.0908
3.55633
-2.96203
-11.8434
-22.607
-30.0066
-27.2391
-29.5343
-30.6528
-31.7871
-33.1176
-35.5511
-36.7934
-33.5576
-25.1738
-18.2402
-13.8672
-11.5114
-11.0785
-12.7381
-16.4069
-20.4359
-23.0546
-24.4749
-26.087
-27.7767
-27.3216
-23.9418
-32.5147
-30.7211
-30.4919
-31.05
-30.464
-28.6553
-27.0916
-25.6838
-24.2851
-24.6581
-27.9251
-33.6037
-36.8631
-34.7905
-31.5087
-30.8077
-33.0885
-35.2019
-32.6078
-29.4036
-29.0109
-31.7393
-36.1329
-36.7389
-33.532
-31.0521
-30.4738
-30.7482
-30.1137
-28.8096
-27.367
-26.1561
-26.3466
-29.0305
-33.6975
-36.9317
-37.748
-37.4298
-35.2744
-33.2706
-33.7471
-36.9153
-39.1246
-35.4124
-30.04
-13.3921
-22.0292
-17.7317
7.76611
9.35714
4.17395
8.14945
4.15189
12.7038
15.3286
18.6799
22.4597
22.0076
25.4051
25.4716
22.6163
17.1886
13.9427
14.0113
14.1859
13.035
17.9923
15.0958
15.8097
2.70605
-1.39881
-5.36341
-7.98943
-2.57281
-7.36415
-9.70214
-9.283
-8.57545
-3.93441
-11.7513
-7.94824
-13.1211
-5.17967
6.65436
16.1035
20.8968
22.9656
23.482
22.9903
20.7981
16.367
9.78509
1.27391
-8.88688
-20.4385
-24.1177
-22.2738
-22.1386
-23.1176
-26.0619
-30.2916
-32.9116
-31.2824
-25.3202
-17.0918
-12.2008
-11.3304
-13.7216
-17.1548
-18.8117
-20.1705
-23.0448
-27.4524
-31.7375
-31.4282
-27.8896
-25.1904
-24.5484
-29.0648
-31.0917
-34.9275
-36.4857
-35.3932
-33.8153
-31.2904
-27.1631
-24.4366
-24.9085
-28.9389
-35.0421
-36.9449
-34.8034
-34.0734
-36.2119
-39.0347
-37.8907
-34.6543
-32.1418
-29.8958
-28.1539
-27.7492
-28.2365
-27.5883
-26.2835
-26.3305
-27.0223
-26.3988
-26.0242
-28.4261
-32.6812
-33.4778
-31.1003
-30.2739
-30.8522
-31.1067
-31.7924
-33.0849
-32.672
-31.1346
-31.7749
-35.2561
-37.4585
-34.5895
-15.4711
-25.6587
-19.4002
6.34045
9.35206
6.80424
13.0396
15.4497
19.5094
21.3821
23.1057
24.8406
23.066
24.6738
24.839
21.8597
19.9806
21.3393
21.8008
19.8246
15.8962
16.8859
13.9069
14.0298
3.2424
2.10466
0.745883
-0.209411
1.00395
-1.37672
-1.74305
-1.68701
-3.2939
-1.79625
-8.90897
-9.31298
-13.0782
-8.98409
0.462784
12.1612
19.245
22.5527
24.3486
25.7991
25.8356
22.6424
15.0994
3.00562
-9.31359
-18.2978
-22.5987
-22.9586
-24.5094
-27.0352
-30.0971
-32.0424
-32.4287
-31.1795
-27.437
-19.9513
-14.3882
-12.1581
-13.0859
-16.2229
-18.5722
-17.9501
-17.1985
-19.1302
-23.3536
-26.6408
-27.3903
-27.2089
-27.3581
-33.5267
-36.4693
-38.9805
-39.1593
-38.096
-36.7496
-34.3057
-31.7023
-30.6961
-32.0256
-34.12
-33.7214
-31.8047
-31.1263
-31.8407
-34.7009
-40.0137
-45.0643
-42.0953
-37.3606
-34.4235
-32.6799
-31.5061
-31.5947
-34.0128
-37.0422
-36.5785
-33.6918
-32.0194
-32.2793
-33.0568
-32.7384
-31.764
-31.2644
-31.6572
-33.2477
-34.9734
-35.485
-34.4362
-33.2169
-32.5269
-33.098
-35.042
-36.5251
-35.1003
-16.203
-29.6982
-21.9692
7.35087
8.20879
4.88298
9.68904
9.44136
13.5951
13.2829
15.8957
21.3989
22.3039
26.2905
26.3952
23.9845
21.0664
20.0347
18.2198
14.5472
11.3079
15.939
13.6713
15.0472
4.29528
1.99795
-0.599544
-0.519992
2.45769
0.842397
0.0605644
-0.309581
-1.01988
-1.0792
-7.98666
-7.42473
-14.9622
-8.35862
4.2423
14.5147
20.9833
25.7455
29.9026
32.5023
32.3783
29.1131
22.6751
14.0318
3.26925
-9.5429
-20.2487
-22.8416
-27.3865
-31.8244
-34.8572
-34.998
-34.8604
-35.2907
-34.1413
-30.9424
-27.4232
-24.8802
-23.799
-23.9388
-25.0593
-26.3454
-27.2305
-28.6235
-31.9398
-35.6311
-34.9853
-32.3714
-31.1477
-32.0161
-29.0919
-27.0258
-26.5334
-28.1815
-32.1818
-36.1908
-36.6329
-34.1526
-30.9525
-29.2039
-29.066
-29.3734
-29.9959
-31.7654
-34.1073
-35.1092
-35.2118
-36.1764
-38.1208
-39.5486
-39.0866
-37.1202
-36.3706
-38.5656
-42.0708
-42.6238
-41.3749
-41.7602
-41.7984
-38.7901
-35.4544
-34.1744
-34.5873
-35.7812
-37.7646
-39.3251
-37.6354
-32.6794
-29.194
-28.0924
-28.4366
-29.6077
-31.8688
-35.5499
-16.3942
-37.8646
-22.9834
7.29134
8.38911
5.52461
8.40139
4.45814
8.75077
7.94521
8.62362
14.0631
8.33904
19.6927
20.5999
17.7047
10.1132
8.94036
10.7498
8.9834
6.45756
14.5876
11.4816
12.7198
-0.74457
-2.4103
-4.17861
-3.75041
-0.261672
-3.87925
-6.37884
-6.28744
-5.48456
-3.05376
-9.325
-8.77306
-18.1364
-8.16637
2.80978
14.5373
20.4947
23.0183
24.6625
26.3069
26.5577
24.0723
18.657
10.6603
0.303192
-11.1851
-20.9993
-23.7992
-28.3545
-27.5668
-25.7511
-25.5424
-27.8524
-31.7398
-34.1819
-33.3387
-31.0977
-27.9318
-24.4143
-22.2135
-22.4952
-25.4871
-30.0031
-32.504
-33.377
-34.46
-34.485
-32.805
-31.8707
-37.4249
-33.7017
-32.667
-33.5671
-33.545
-32.3989
-32.0976
-31.7375
-30.7669
-30.6532
-32.1725
-33.8243
-34.0474
-34.1984
-35.5686
-37.8849
-39.0501
-38.2795
-36.9755
-34.5581
-31.6197
-30.5141
-32.4157
-37.2928
-42.5787
-43.8843
-42.8769
-42.2573
-42.3924
-43.3453
-43.922
-42.1731
-40.5295
-40.1752
-37.8453
-33.9978
-31.4398
-30.2311
-29.7051
-30.6111
-33.0432
-34.7668
-34.6042
-34.9111
-36.5411
-17.7932
-36.3502
-25.2493
5.6099
6.39774
0.373317
4.05716
-2.53187
5.15453
3.35741
4.95935
12.422
7.04845
17.5705
19.5236
14.6748
4.99552
3.37875
8.14088
8.91574
5.00504
13.1883
8.79105
11.826
0.854144
0.136358
-4.03477
-5.31163
-0.384008
-3.67337
-5.22398
-4.22695
-3.25537
-0.963248
-6.13534
-7.25043
-16.2865
-15.9339
-7.98606
1.77578
7.32747
11.3043
15.1874
17.4986
16.7946
12.6989
6.25972
-0.476727
-8.26241
-19.8966
-31.4392
-31.9968
-35.7084
-34.588
-33.9267
-32.422
-31.6626
-31.8753
-32.6277
-32.3548
-30.4145
-27.2266
-24.8773
-25.1665
-28.3882
-32.053
-31.6659
-30.5516
-31.7879
-34.4013
-34.5771
-33.6532
-34.8791
-41.3688
-36.1255
-32.9445
-32.4319
-33.9402
-36.5715
-38.3641
-38.2774
-35.9639
-34.2618
-34.8769
-38.2165
-39.5106
-37.5685
-36.5312
-38.4399
-41.914
-42.5019
-40.4357
-37.4614
-34.3942
-32.6977
-33.2193
-35.762
-38.8057
-38.5592
-35.5167
-33.9034
-35.0876
-38.4665
-42.6628
-43.5629
-41.6976
-39.4548
-37.1132
-34.8301
-33.307
-33.1859
-33.5866
-33.3516
-32.6817
-32.6357
-33.1575
-33.8351
-34.6324
-17.1105
-29.4508
-22.3312
6.17769
6.88947
4.52143
11.4589
12.8411
17.9927
20.6368
21.944
22.0972
18.1371
21.628
21.2147
18.0783
10.9468
10.9911
14.1076
14.2117
12.5393
16.3603
12.5303
13.6402
5.01759
4.02986
4.85927
7.35675
8.91344
7.91226
7.02404
5.76156
3.032
0.387397
-6.573
-8.97469
-17.8547
-21.4821
-2.27812
10.6232
17.226
19.0866
16.747
11.556
7.03453
4.39745
-0.114109
-8.07435
-17.237
-24.7798
-31.9068
-33.1414
-33.6539
-31.1346
-31.185
-33.0901
-36.0201
-35.9292
-32.9326
-31.1165
-30.4788
-26.7232
-22.732
-21.8554
-24.0933
-27.6745
-30.021
-32.5817
-36.3742
-38.0688
-36.546
-36.0674
-37.6235
-41.2024
-35.2526
-31.6877
-31.5459
-33.4588
-34.3669
-33.4296
-33.3503
-32.9922
-31.8906
-30.9564
-30.8483
-31.4258
-32.2666
-32.4605
-32.8715
-35.1977
-38.1824
-38.041
-36.5072
-35.4765
-34.0525
-31.5375
-29.9877
-30.7192
-32.8772
-34.4216
-34.4933
-33.5834
-32.6685
-33.2671
-35.8472
-38.2314
-38.0638
-37.6414
-38.2663
-39.2952
-40.3751
-40.3373
-38.013
-35.0796
-33.3235
-32.8981
-33.6023
-35.1232
-17.1496
-30.8236
-15.5262
7.39177
12.5182
16.8109
22.5399
24.9362
27.8293
30.0288
30.8809
30.4642
27.6378
28.534
29.0935
27.1151
22.9598
20.1832
19.6798
20.2325
19.5002
22.5739
21.6589
22.216
19.4076
17.4909
16.841
17.6606
18.0283
16.6674
14.8503
12.3654
8.03867
3.9026
-4.13608
-7.6423
-16.7388
-10.1656
0.027492
11.6796
17.1462
17.9429
15.025
10.5743
7.91556
5.53764
1.6768
-3.64577
-10.5731
-18.8922
-27.4428
-28.3894
-29.439
-29.5589
-30.0075
-31.0501
-32.6484
-33.5215
-33.0897
-32.5802
-33.3778
-34.8818
-34.7194
-32.8332
-31.3068
-30.9816
-31.1638
-32.1831
-34.3146
-36.6357
-37.9888
-38.7161
-39.8201
-36.063
-30.2635
-26.2712
-25.8056
-28.153
-31.0256
-32.6192
-34.1554
-35.4428
-34.2654
-31.1148
-28.8347
-28.5814
-29.4822
-30.0333
-31.0908
-34.3667
-38.5499
-38.3684
-34.2417
-31.0542
-30.3413
-32.111
-35.0512
-37.0825
-37.6469
-38.5042
-39.2604
-39.0121
-38.3015
-38.1914
-38.4255
-38.8245
-39.4557
-39.2126
-37.0829
-34.8204
-33.3137
-31.7443
-30.178
-29.3842
-30.3046
-33.0631
-36.2071
-35.2369
-16.8373
-24.8911
-14.6004
9.085
16.6616
22.7584
27.4417
29.9192
32.3207
33.9025
34.8914
35.7184
35.1678
35.8135
35.3642
34.4224
31.5573
28.3969
26.6637
27.6196
29.0933
30.967
30.3027
28.1956
22.5463
19.1775
19.3925
20.7534
21.746
21.8838
21.2166
18.6959
14.1116
9.65188
2.79999
-3.49413
-12.6047
-9.67046
-1.23621
9.06297
13.7283
14.1799
12.2798
11.3317
10.8653
8.20491
3.35144
-2.16864
-7.80655
-15.1047
-23.4249
-29.5494
-32.9129
-31.932
-29.6764
-29.2833
-31.7204
-34.0118
-30.1231
-25.7543
-24.6117
-26.2412
-29.0873
-31.7096
-34.5223
-37.8743
-39.1501
-37.3912
-36.0059
-36.9705
-39.9064
-42.3806
-43.1415
-31.3977
-25.7984
-21.294
-19.3188
-19.893
-22.7003
-27.143
-32.5443
-35.7097
-35.6098
-33.9055
-33.1382
-33.7198
-33.3332
-31.8235
-31.7113
-33.466
-34.6853
-33.7444
-32.0474
-31.0139
-31.8006
-34.7364
-37.5237
-37.5585
-37.4085
-39.4514
-42.1539
-40.2769
-35.9321
-33.7894
-34.1855
-36.0679
-37.0331
-36.4285
-34.798
-33.5914
-33.2949
-33.7966
-35.1306
-37.0409
-38.8427
-40.3608
-40.1952
-35.8613
-17.1347
-26.6723
-17.5142
6.87852
8.71603
9.69078
11.4086
7.17975
9.45187
10.182
14.3288
17.6392
18.8694
25.3562
27.7612
28.0928
28.3665
29.6881
30.751
32.6364
35.1671
36.9799
36.709
35.1897
31.6125
27.5884
24.8033
25.6099
27.0444
26.4209
23.4697
18.0107
11.7199
6.40725
-1.00476
-6.27988
-14.252
-14.0249
-4.78888
6.43215
12.097
14.3904
15.1729
15.6256
14.9536
11.7372
5.34448
-4.27247
-16.4893
-24.2472
-27.1168
-28.4131
-33.474
-34.5284
-33.5591
-32.7609
-33.4114
-32.5919
-26.9189
-21.832
-19.8951
-20.9676
-23.9251
-26.6328
-28.2446
-29.2534
-30.2643
-31.5182
-32.9495
-34.6631
-35.8985
-36.0432
-36.0605
-33.7855
-30.8865
-26.952
-25.4912
-27.0774
-30.613
-33.5757
-35.8629
-39.1916
-42.5784
-43.8392
-41.2101
-37.5608
-34.7086
-33.2107
-34.1005
-37.5182
-42.6179
-45.2073
-43.9922
-41.3473
-38.9789
-38.0186
-38.4896
-39.3723
-39.5939
-39.1719
-38.7388
-38.6681
-39.5534
-40.325
-39.9077
-39.0594
-38.9999
-39.3844
-38.3581
-36.4296
-35.2645
-35.004
-35.4284
-36.225
-37.003
-36.5458
-35.4367
-34.5297
-17.8385
-30.3799
-23.2074
4.54603
3.73384
-1.04781
1.77784
-10.9271
-1.53073
-6.16485
0.408077
10.7153
7.2509
19.0351
20.8908
20.1324
19.7361
20.3767
23.018
26.8922
30.823
34.7117
37.1391
37.7064
35.3377
30.9668
27.3839
25.8468
24.5024
21.6416
17.3992
10.8899
3.47125
-0.0469165
-7.83305
-8.599
-18.2193
-18.4612
8.64525
22.641
29.9164
32.2118
30.2667
24.7242
17.6822
11.447
4.54419
-5.70495
-17.2855
-25.0288
-30.3539
-33.8208
-35.0616
-34.3274
-35.3147
-37.97
-39.1841
-37.2037
-32.8247
-27.8162
-24.4722
-24.0119
-26.6976
-31.6541
-35.0931
-35.2022
-35.6199
-36.5875
-36.3416
-35.375
-35.9231
-37.071
-37.0874
-34.8691
-35.8039
-36.4024
-35.2654
-33.7161
-33.4252
-33.8004
-34.8191
-36.03
-34.7388
-31.9187
-30.7005
-31.2783
-32.8268
-34.9089
-37.6295
-39.3747
-38.1804
-35.0969
-33.3352
-34.5062
-38.5471
-42.6503
-41.9003
-37.9393
-34.6007
-33.5814
-34.578
-36.1361
-37.6429
-39.5214
-40.5143
-39.7819
-39.5646
-39.9461
-38.3925
-35.9441
-35.3225
-36.3474
-37.965
-39.073
-38.9082
-36.8837
-34.7014
-33.9526
-17.9319
-32.4741
-24.9378
4.60875
3.58507
-1.82516
1.59507
-10.81
-0.735279
-7.2548
-1.87006
9.58405
2.0994
15.9343
16.596
11.2869
-4.09857
-6.1832
1.99336
4.62321
4.98737
14.5534
11.3071
12.4582
4.33421
4.28689
4.9941
6.85758
8.37415
6.5364
2.95375
-2.17124
-8.06691
-6.92341
-12.1758
-11.2366
-19.0148
-6.90827
7.33652
20.864
28.7406
32.086
31.8052
28.9802
25.4177
21.8615
16.4147
7.57883
-5.42337
-19.7413
-28.7134
-30.8949
-33.6852
-32.524
-33.1065
-36.2493
-38.5674
-35.9217
-29.7616
-22.9601
-18.9425
-18.6746
-22.1859
-28.4836
-33.8712
-36.2566
-37.3187
-37.1924
-35.838
-34.8931
-35.3263
-35.9207
-36.0907
-32.6475
-36.2742
-34.7847
-32.8372
-32.6831
-34.0811
-35.2
-35.3505
-35.7199
-36.6348
-35.9527
-34.6363
-33.7714
-33.7993
-34.7331
-37.0856
-40.1226
-39.9315
-36.8557
-34.7317
-34.2589
-35.1789
-37.1061
-38.4309
-36.8107
-33.7737
-32.7571
-34.485
-37.0072
-37.2535
-35.4895
-33.6163
-32.5104
-33.1463
-35.764
-39.0322
-40.389
-39.4972
-38.3584
-38.5898
-40.6414
-41.9287
-39.8339
-37.6918
-37.5468
-19.2012
-36.8183
-26.6893
4.17868
3.11302
-1.46107
0.865306
-13.715
-2.3117
-8.97737
-3.85912
8.50968
0.456391
15.4683
16.1157
10.7016
-5.07835
-8.42293
-0.271906
-0.17688
-3.41814
11.3764
7.41453
8.86503
-9.62887
-13.3406
-15.6256
-12.7961
-6.40145
-11.1136
-13.4284
-15.456
-19.6935
-10.364
-15.9323
-12.8847
-20.6185
-14.775
0.577317
14.7834
23.8928
28.5072
29.8613
28.791
25.9673
21.491
14.7643
5.8736
-6.39021
-19.2528
-29.3441
-32.3229
-34.1809
-31.6782
-31.2479
-32.4762
-32.9651
-30.8036
-26.3345
-22.1374
-20.1611
-20.7736
-23.5968
-27.7412
-31.9175
-34.4761
-35.4399
-35.7588
-36.3362
-37.4307
-38.797
-39.7297
-40.6118
-31.3278
-32.4998
-32.1647
-30.8425
-29.8972
-30.3433
-31.2113
-31.565
-33.1393
-36.9238
-40.6749
-39.8997
-37.1694
-35.6476
-35.9711
-38.1755
-41.0171
-41.6896
-39.5803
-37.5397
-36.3412
-35.9839
-36.2519
-36.9255
-37.486
-36.542
-35.2385
-35.2296
-35.9676
-36.1947
-36.5237
-36.9893
-34.8713
-32.4887
-32.9573
-36.0141
-39.1461
-40.0503
-39.6549
-39.3226
-39.7931
-39.9804
-38.0638
-35.3866
-34.2751
-19.1934
-36.401
-28.0893
3.62212
2.79526
-2.55837
-0.0235109
-22.3987
-4.80732
-13.4952
-5.84376
7.86409
-2.05834
14.6385
15.306
9.36469
-11.9337
-18.6095
-3.83828
-0.835394
-2.12973
11.4766
7.76464
8.52639
-9.59623
-11.7661
-17.3434
-15.7218
-8.91226
-17.3566
-22.4278
-23.4473
-25.7763
-11.109
-15.8009
-12.9731
-21.0385
-20.4599
-4.0207
8.91012
16.1039
18.9544
18.5218
16.1785
13.3137
9.81027
4.59109
-2.32887
-11.6223
-22.8123
-32.989
-35.7969
-39.6014
-39.344
-39.7719
-41.1749
-41.6851
-36.8396
-27.5553
-18.8117
-13.9484
-13.2967
-16.7823
-24.1878
-32.2967
-35.3114
-33.4305
-32.3221
-33.2976
-35.9443
-39.3926
-43.006
-44.3541
-28.1907
-19.8415
-13.6796
-11.5041
-12.6371
-14.9389
-15.8409
-17.0272
-20.8444
-27.5001
-34.6047
-37.9558
-37.3326
-37.1139
-38.9804
-42.1324
-41.5142
-38.3407
-36.6704
-36.4929
-36.024
-35.5566
-35.2478
-34.4797
-34.0834
-35.5191
-38.3183
-39.816
-38.6091
-37.2383
-37.0255
-36.8931
-35.7443
-35.5376
-37.9461
-42.0209
-42.9347
-41.0402
-39.3564
-38.6049
-38.5494
-37.1491
-33.1723
-29.7993
-29.2437
-18.6178
-35.2931
-28.3382
3.70674
2.80695
-2.39079
0.0659331
-21.7096
-4.6779
-14.3196
-6.54359
7.81869
-2.1882
14.7439
15.3957
9.40991
-12.2639
-19.7933
-3.05718
-1.0866
-3.48886
10.9259
7.30534
8.29553
-12.6983
-14.1503
-16.9534
-14.1465
-7.83678
-15.9143
-22.9546
-26.5248
-27.0105
-10.8548
-15.381
-12.9741
-21.4987
-13.8299
-5.34134
6.08478
11.3937
12.2083
9.92352
7.29271
5.65893
2.54289
-2.78025
-8.68884
-15.7006
-24.2507
-33.1253
-34.9094
-39.2785
-40.4376
-40.4936
-36.6989
-30.7548
-23.0252
-15.4948
-9.87949
-7.23954
-7.9352
-12.166
-19.6994
-27.1599
-30.095
-31.2684
-33.491
-35.9989
-38.364
-39.4194
-38.0836
-36.7505
-31.4736
-20.1333
-10.5865
-4.92949
-3.07113
-4.34524
-7.77605
-12.2588
-17.9795
-25.5745
-31.5772
-32.8865
-31.9004
-31.6478
-33.0029
-35.0727
-34.067
-31.2374
-30.3409
-31.9219
-34.3171
-36.0783
-38.4205
-41.4566
-42.9279
-41.397
-37.8453
-34.2274
-32.6857
-33.5733
-34.7772
-33.4907
-32.1581
-33.5301
-38.0038
-43.1443
-42.3517
-39.6958
-39.0355
-38.7511
-37.0623
-33.9843
-31.1536
-29.4956
-29.7233
-18.1784
-32.4511
-27.2539
3.65906
2.99976
-2.09299
0.101988
-21.2613
-4.65585
-14.2775
-6.4788
7.94198
-1.91984
14.9974
15.5723
9.7174
-10.1118
-12.748
-1.98649
-1.12808
-3.67567
11.6624
8.43758
9.94108
-2.083
-3.14861
-5.88264
-8.39746
-7.21699
-16.4674
-21.6955
-22.6544
-24.4753
-10.7748
-15.0592
-12.642
-21.7955
-16.7704
-12.7212
0.873942
8.91241
13.9514
17.1242
18.3086
16.8821
12.4431
5.37803
-3.08359
-12.5888
-20.9862
-28.3655
-31.6378
-35.4533
-35.0957
-35.1544
-35.1276
-30.7741
-20.3231
-10.1301
-4.72379
-3.97571
-7.69997
-15.7291
-24.3724
-28.2433
-29.9573
-31.7537
-32.8946
-33.4802
-33.6724
-32.978
-31.4768
-30.4552
-37.9249
-28.2081
-16.4231
-8.76144
-5.51702
-5.92369
-8.95673
-13.0208
-17.4041
-22.9087
-28.6197
-33.1097
-35.6915
-35.6114
-34.3826
-34.6036
-36.076
-36.6884
-36.4358
-37.0847
-37.8999
-37.6176
-37.281
-38.1212
-38.7215
-37.2476
-34.6046
-32.1212
-30.4874
-30.2318
-31.1186
-31.8401
-32.2816
-34.0355
-37.5868
-40.0505
-38.2942
-36.5222
-36.4356
-37.4025
-37.9392
-37.4656
-36.7735
-36.9682
-36.7944
-19.1083
-32.9145
-27.1222
3.38455
2.42503
-2.34787
-0.266128
-19.647
-4.56484
-13.7041
-6.25517
7.60447
-1.93403
14.7434
15.1142
9.42478
-9.5219
-13.8143
-3.58204
-1.11572
-3.13609
10.9701
7.41369
8.79814
-5.01308
-3.88929
-5.97497
-8.92465
-8.81918
-19.0689
-25.0595
-26.3242
-28.3815
-11.868
-15.8214
-13.524
-22.8177
-25.2526
-9.9562
5.24385
15.4338
23.4196
30.1438
34.4228
35.3147
32.3501
24.9299
12.3664
-5.02436
-18.4566
-28.5716
-33.846
-36.7502
-35.1692
-34.4261
-33.1883
-28.7931
-20.3953
-12.9523
-9.26642
-9.34781
-12.8763
-18.8939
-25.1402
-29.6198
-32.4038
-34.7049
-36.1196
-36.4074
-36.6478
-37.801
-39.4024
-39.9177
-33.6427
-29.4563
-23.2132
-18.2904
-16.2885
-17.091
-19.5552
-22.1269
-24.7293
-27.9879
-31.7286
-35.7767
-39.3387
-40.6453
-39.9513
-39.6439
-40.4637
-42.0497
-42.9922
-42.6645
-41.7853
-41.7817
-42.5566
-43.6176
-44.5905
-43.2957
-39.2967
-36.1585
-35.5524
-37.2447
-39.5874
-40.8718
-40.1353
-38.7965
-39.0789
-41.8257
-44.2224
-43.1467
-40.7325
-39.1994
-37.9364
-36.6569
-36.1799
-37.0633
-38.2794
-20.4274
-32.6375
-25.2298
3.02682
2.81067
-1.6075
-0.0731397
-12.6453
-2.93416
-9.78647
-5.40561
7.68522
-1.10277
14.5925
15.0057
9.51965
-5.09483
-8.56177
-2.23774
-1.72619
-6.04432
10.0082
6.13056
7.69429
-6.52667
-7.14608
-10.2634
-11.4482
-8.71643
-16.3992
-20.5306
-22.3952
-27.2676
-12.1597
-15.5765
-13.6436
-22.6456
-18.0174
-9.38757
4.36088
13.9237
22.3398
30.5248
36.1353
38.1486
36.2705
30.0966
18.8466
2.65141
-13.9651
-23.5489
-29.4068
-31.4028
-33.7218
-34.7348
-33.3698
-29.0318
-21.1886
-14.7367
-10.7939
-9.22056
-10.0222
-13.4218
-19.5912
-26.5728
-30.7199
-32.7831
-34.9369
-37.4716
-39.7188
-40.8608
-41.0147
-41.7568
-31.2916
-26.1605
-20.9095
-17.1788
-15.8723
-17.1351
-20.2948
-23.655
-26.4327
-29.4599
-31.8731
-33.3825
-35.6114
-40.0626
-44.644
-44.7411
-43.4064
-43.4967
-44.4065
-44.168
-41.8575
-39.5369
-38.6227
-40.1148
-43.2024
-43.799
-40.4312
-37.7621
-37.0697
-38.0548
-40.0409
-42.4516
-43.2144
-41.2818
-39.8922
-40.7435
-42.0329
-41.5371
-40.1758
-39.4187
-38.7221
-36.9438
-34.8876
-33.6519
-32.4372
-18.4267
-26.5768
-22.9784
3.21827
2.58944
-1.55725
0.442017
-9.48882
-1.06218
-5.76532
-3.02376
8.28775
-0.986515
14.9915
15.3133
9.86458
-4.09407
-5.82832
-1.30043
-0.437357
-5.70741
9.61714
5.90777
7.54886
-5.24408
-3.50291
-5.43394
-8.1406
-7.89632
-17.6533
-22.7577
-23.5368
-26.6086
-11.3779
-14.5461
-13.1997
-21.1573
-16.86
-23.5337
-10.0833
0.448035
11.0509
20.5652
27.5665
30.6387
29.6574
24.3624
14.2236
-0.901301
-17.2566
-27.8554
-29.3016
-31.2036
-31.193
-31.0852
-30.3441
-28.6578
-25.4663
-19.5579
-11.1326
-5.40272
-3.89543
-6.76227
-14.2913
-24.6529
-28.2712
-27.0097
-27.8827
-30.6828
-32.4725
-32.6106
-33.4657
-34.5204
-30.1603
-20.2892
-13.7777
-10.7694
-10.5518
-12.1826
-14.4506
-17.0046
-20.6368
-26.3809
-33.7799
-38.9603
-40.6851
-41.0298
-39.5532
-37.0625
-35.0105
-34.1209
-34.0648
-34.2314
-34.335
-34.9586
-36.7679
-39.0783
-40.2105
-39.2297
-37.4111
-35.8795
-35.2146
-35.8101
-37.7123
-40.6647
-43.2463
-40.5139
-34.937
-31.8419
-31.5462
-33.2394
-35.6726
-38.5252
-41.0679
-40.6387
-38.1677
-36.3831
-35.8768
-19.9105
-35.9468
-28.3669
3.2663
3.48491
-0.224791
3.07937
-0.89004
4.81417
3.07996
3.44752
9.98642
1.98226
15.3985
15.9038
10.0667
-3.59364
-6.31102
-0.211375
0.23805
-4.58261
9.73175
6.12472
7.65028
-8.67749
-5.80665
-7.74193
-9.16036
-8.17449
-17.1742
-24.0994
-25.2885
-29.8214
-12.2881
-15.759
-13.5369
-22.3225
-17.2823
-24.352
-15.1145
-7.65871
0.0723137
8.03926
13.6218
15.6296
13.8209
7.91639
-2.51856
-16.3529
-27.4209
-32.06
-31.0136
-33.1996
-34.2256
-34.0162
-29.9627
-25.2628
-22.666
-22.3591
-22.3239
-20.5868
-18.4612
-18.2948
-20.989
-26.1375
-31.0213
-32.9394
-33.4056
-33.6133
-33.7105
-34.1199
-35.0616
-37.001
-36.6251
-25.2411
-14.6781
-7.71588
-4.20101
-3.65674
-5.47415
-9.11723
-14.6781
-22.5012
-31.0664
-35.8626
-36.9921
-36.4887
-34.8025
-33.4778
-33.5343
-35.3084
-37.731
-38.9385
-38.6519
-38.2816
-37.2084
-35.7085
-35.8972
-38.4991
-41.9541
-42.0697
-40.123
-39.0006
-38.9986
-39.7669
-40.037
-38.831
-37.4524
-36.7973
-35.9634
-35.4822
-36.5505
-39.6868
-43.0752
-43.6037
-41.5661
-38.8761
-36.9336
-20.2415
-33.937
-25.2991
3.1961
7.40779
12.7079
21.14
25.2351
26.84
25.8123
24.5939
25.1344
23.7011
25.7832
25.7385
22.871
19.1575
19.1215
21.3921
22.8806
22.958
23.8918
22.2143
21.8062
18.5185
15.9687
12.2156
7.85138
2.3893
-8.60391
-19.1814
-24.1594
-28.5561
-12.2034
-16.193
-13.9592
-23.1287
-19.0291
-16.1864
-5.33756
0.305627
2.76033
4.07574
6.97826
9.16519
8.30196
3.41684
-6.24382
-20.3254
-32.0174
-31.4551
-30.3001
-32.0887
-33.3736
-33.9313
-33.7697
-32.1362
-30.6484
-30.1831
-28.951
-26.1421
-23.7983
-23.6166
-25.7726
-29.0675
-31.6393
-33.1858
-34.9988
-35.9145
-34.1756
-31.1446
-29.913
-31.6091
-10.0742
4.07984
11.5256
13.8461
11.8934
6.55401
0.427224
-4.99216
-12.9497
-24.4744
-31.4622
-34.5271
-37.7627
-39.8195
-38.1523
-36.2125
-35.6038
-36.6291
-39.2495
-42.7428
-44.2738
-42.5964
-39.8573
-37.7511
-36.9477
-37.3284
-38.0145
-38.4639
-39.0177
-40.0822
-41.2502
-41.2297
-39.4472
-36.6252
-34.5958
-34.1752
-34.8548
-35.7051
-36.675
-38.1107
-39.3996
-39.1882
-37.167
-35.3703
-35.4603
-20.1488
-35.1028
-22.2783
3.76997
11.6824
19.3972
27.4967
32.3088
34.1198
33.382
31.8126
31.03
30.0036
31.0829
31.6366
31.2257
30.7763
32.3104
34.5109
35.9961
36.4898
35.8184
33.1087
29.5369
25.5788
22.1568
17.1227
10.0882
2.84325
-9.14262
-20.9709
-27.9531
-32.0119
-12.5719
-15.9466
-14.1933
-22.4837
-18.5175
-20.6937
-10.2608
-4.89364
-2.7814
-2.35552
-0.734861
0.425476
-1.10927
-6.43388
-15.7425
-28.6513
-34.1358
-31.5756
-29.2095
-31.4741
-34.5307
-38.4649
-40.6979
-37.6895
-30.3221
-24.78
-22.1609
-21.9087
-23.1593
-25.4613
-29.0685
-33.1937
-35.8748
-37.5303
-40.1778
-43.6687
-43.9345
-40.4527
-37.6986
-37.3137
-6.02338
7.82174
15.472
18.7015
18.3438
14.9779
9.2497
1.45344
-8.14449
-19.1149
-26.1344
-29.8975
-33.7007
-34.6161
-32.8719
-32.3023
-33.5415
-35.8521
-38.4275
-41.0481
-41.3081
-39.0815
-37.5386
-36.9477
-35.9246
-34.7682
-34.9952
-36.4259
-37.8205
-39.0628
-40.814
-41.9206
-41.0453
-39.4001
-39.1634
-40.637
-42.0188
-41.9542
-40.9374
-40.0491
-38.7969
-37.535
-37.0761
-37.6265
-38.8774
-21.058
-35.9297
-23.0082
4.9399
9.13307
16.9903
24.6492
28.3885
29.1664
27.1253
24.6826
24.3091
24.7562
28.3937
30.1204
30.8837
32.0434
32.8084
32.3704
30.2228
26.5042
23.5159
19.6421
17.3055
11.7533
8.52041
3.46945
-1.31399
-4.69973
-12.8486
-22.4638
-25.4193
-27.0903
-11.7204
-15.1362
-13.7546
-22.1773
-18.2065
-24.098
-14.2246
-7.95907
-4.34419
-3.75514
-4.11156
-5.35104
-7.89222
-12.3069
-18.6116
-27.3855
-33.9218
-35.9338
-34.3501
-37.5127
-40.102
-39.7015
-36.4961
-34.2301
-32.5252
-30.7505
-28.9141
-26.2582
-21.9596
-19.025
-19.334
-23.177
-29.477
-34.5116
-37.7915
-40.366
-40.3664
-38.2121
-36.2088
-35.775
-16.5087
-3.27105
6.24944
11.8148
13.4802
11.3517
5.44853
-3.54294
-12.4162
-20.9188
-27.5566
-30.66
-31.6081
-31.6885
-32.5241
-35.258
-39.1512
-41.6915
-41.0356
-38.9486
-38.2583
-39.8112
-41.6147
-41.1896
-39.5815
-38.0942
-37.2029
-36.9604
-37.2045
-38.0203
-39.9294
-42.2664
-44.2132
-44.829
-43.8777
-42.5196
-41.427
-40.5081
-39.1498
-38.6881
-39.996
-42.7468
-45.3258
-44.5297
-41.3901
-20.544
-35.4839
-25.3459
3.70804
5.82111
9.46884
14.418
16.2899
17.4974
16.5229
17.6201
20.8469
22.4473
26.5003
26.3609
23.2232
21.8271
22.8573
23.574
22.8459
22.2365
23.4135
21.4799
18.1489
12.0367
7.56985
0.777076
-7.36178
-11.0629
-18.9579
-22.3885
-21.774
-23.8114
-11.2291
-14.1459
-12.0944
-20.5852
-18.5527
-26.2283
-18.6945
-13.4276
-10.1244
-9.93258
-10.227
-10.418
-11.5633
-14.9751
-20.83
-29.5594
-35.2109
-37.1713
-36.9293
-40.9207
-39.916
-35.299
-30.8611
-28.7319
-28.4022
-27.2183
-24.758
-22.9123
-21.6919
-21.2861
-22.8618
-27.0018
-31.6424
-33.2593
-34.7026
-37.5111
-39.3217
-38.487
-36.2676
-35.0338
-17.6048
-5.19533
1.76777
4.30173
3.30844
-0.242489
-5.00297
-10.6097
-17.408
-26.4603
-34.0409
-36.9047
-38.0921
-39.9292
-41.9099
-42.9478
-43.065
-42.8956
-42.5149
-41.7262
-41.5541
-43.1372
-45.3323
-45.2619
-44.7119
-44.3678
-42.5738
-40.0958
-39.2745
-40.2955
-41.6398
-41.4135
-40.0305
-37.8487
-35.4861
-34.1782
-34.5804
-35.9758
-36.5303
-36.6354
-37.5301
-38.7763
-39.5854
-39.8891
-38.6221
-20.5694
-34.2643
-22.1295
4.29336
8.75446
12.5075
15.3527
20.6602
29.7165
37.3459
42.9187
46.2119
47.423
47.5832
47.3931
47.4938
47.3693
46.3563
44.6266
42.6437
40.5859
38.5739
36.4869
34.1179
30.8644
27.2296
23.569
19.0249
12.4001
3.70324
-4.66788
-10.3938
-15.1635
-9.75225
-12.9722
-11.2092
-17.4843
-16
-20.7488
-11.53
-6.0389
-4.31376
-5.7431
-8.09157
-10.3262
-13.6756
-19.0468
-24.5353
-31.0536
-31.987
-29.783
-27.9871
-30.7259
-35.3627
-40.4848
-40.335
-34.3025
-27.9981
-23.7762
-21.6453
-20.7914
-20.0837
-19.9266
-21.6733
-26.085
-32.0149
-35.1955
-35.8505
-36.9169
-38.3192
-39.1109
-39.5845
-40.4526
-18.3172
-6.97655
-1.37055
-0.583569
-3.8856
-9.76834
-14.6442
-19.1768
-25.3543
-31.6041
-34.8817
-35.2626
-34.2844
-35.2578
-39.0205
-43.9647
-44.7523
-43.2113
-42.7513
-42.5537
-40.9865
-38.4637
-36.7409
-36.7728
-39.0056
-42.1413
-43.5233
-42.6956
-42.0903
-42.3248
-41.721
-39.8441
-38.8968
-39.3336
-39.1674
-37.4845
-36.6422
-37.9494
-40.0977
-41.0317
-41.0425
-41.6706
-43.6814
-46.6298
-48.5747
-21.3071
-36.498
-13.5501
9.74687
18.489
25.3993
30.1959
37.7785
45.9012
51.7487
54.5989
54.902
53.7213
53.2676
54.2875
54.9414
53.9458
51.3915
49.293
50.0344
52.4034
54.3315
54.4363
52.7635
49.6421
45.2437
38.9524
31.4304
24.768
19.061
13.5725
8.45286
4.08198
1.561
-3.37087
-5.42927
-11.529
-12.4276
-12.3064
-2.67572
2.7584
4.60242
3.71454
1.05821
-3.58362
-11.2025
-20.343
-26.1809
-32.6517
-32.738
-29.3445
-27.0364
-29.101
-32.2273
-33.7359
-31.8848
-28.7517
-25.3455
-22.5891
-21.477
-21.7418
-21.8373
-21.6324
-23.0389
-27.0074
-32.2177
-34.6594
-35.4573
-35.7793
-34.7688
-33.8298
-35.0042
-38.4846
-19.6306
-8.49899
-2.63963
-1.04769
-2.95127
-7.40089
-12.9893
-19.4177
-26.4743
-32.4244
-35.8954
-39.0091
-41.6629
-43.4135
-42.9323
-40.5011
-38.7488
-39.6706
-43.1247
-46.1914
-44.823
-42.4872
-41.4926
-41.4579
-41.9955
-42.2289
-42.3579
-43.4266
-43.9804
-40.6704
-36.1872
-33.8625
-33.9379
-35.7701
-38.0204
-38.4484
-37.0073
-36.6711
-38.1077
-40.5181
-42.4403
-43.3133
-43.7025
-44.0937
-42.6575
-20.8118
-21.6557
-2.49082
14.9549
25.3707
34.4896
42.6089
49.3851
54.2975
56.9268
57.457
56.6819
55.8073
55.7851
56.3683
56.9299
56.8492
56.413
56.2013
55.979
55.6036
55.5229
55.6713
55.3927
54.3816
53.2017
52.3259
51.0092
48.0209
42.6704
35.0388
27.2746
21.0424
15.4325
8.63356
2.15392
-6.45135
-10.817
-14.0686
-5.97528
-1.06575
0.0525032
-2.50797
-7.17376
-12.4525
-18.4487
-24.6988
-29.4461
-35.1011
-35.3226
-34.2834
-32.8968
-36.7741
-37.5299
-34.9674
-30.428
-25.8354
-20.885
-16.9892
-15.7536
-17.6316
-22.0664
-26.5787
-29.0878
-31.0746
-34.2705
-38.5582
-42.2523
-41.8875
-39.0952
-37.645
-38.7904
-42.1754
-11.0724
0.728506
6.56445
7.78757
4.97489
-1.30091
-9.10273
-16.5087
-23.4154
-30.9827
-37.5601
-39.7274
-40.0676
-41.0727
-42.3225
-43.6216
-44.4108
-43.781
-42.2384
-40.7939
-39.4342
-38.2833
-36.4051
-34.3769
-33.94
-35.4126
-37.6371
-38.6798
-38.9265
-38.836
-38.306
-38.2102
-39.0113
-40.6957
-42.0281
-42.2128
-40.8834
-40.0135
-40.4373
-42.0097
-43.7618
-44.9113
-45.3279
-44.7224
-42.152
-21.069
-13.3066
5.96125
21.6065
33.1377
42.8371
50.2219
55.2666
58.5556
60.471
61.4698
61.7625
61.4663
61.0398
61.0533
61.4847
61.6059
61.3122
60.836
60.2902
59.4829
58.7432
58.1285
57.5661
56.6437
55.593
54.7166
53.6867
51.2558
46.3211
39.0567
31.8693
27.1379
22.9236
17.1266
10.1143
2.16265
-3.96295
-10.5068
-11.6107
-9.36988
-8.23462
-11.071
-16.1364
-22.0039
-26.9255
-31.9165
-33.692
-38.6537
-38.5575
-37.9087
-35.8414
-37.8858
-37.3428
-36.0701
-32.5946
-28.5989
-23.1324
-17.3087
-13.8072
-13.5675
-16.599
-22.2102
-28.6054
-34.3023
-38.3713
-39.8852
-39.6272
-39.0245
-38.235
-37.7044
-38.9241
-42.9482
-4.5137
7.57739
13.3229
14.4883
11.9554
6.74992
0.453343
-7.45546
-16.5468
-26.0049
-33.5436
-37.014
-38.4393
-38.8432
-38.6016
-38.7335
-38.8449
-38.6334
-38.6274
-38.9356
-38.8602
-38.1472
-36.0959
-34.0342
-33.7478
-34.587
-34.2788
-33.4702
-34.5078
-37.3654
-39.657
-40.0693
-40.1676
-40.2477
-39.8534
-39.8688
-40.9045
-42.4365
-42.3635
-41.0454
-39.8641
-39.1471
-39.1052
-40.1551
-41.8291
-21.0803
-21.8183
-0.587562
17.079
29.383
39.3869
46.8792
51.8573
55.7223
58.4559
59.8244
59.8749
59.1658
59.4862
61.8562
64.4604
65.9705
66.8293
67.0869
65.9466
62.9538
59.3997
57.0881
55.8352
54.2687
52.6811
51.4376
49.6478
46.2106
41.1239
35.66
30.9135
27.2872
24.5817
20.766
14.093
4.78126
-3.16389
-11.7273
-13.7719
-10.8914
-9.53936
-12.5566
-17.921
-24.7421
-31.9936
-37.9251
-37.4502
-41.4026
-40.5556
-41.2557
-38.406
-40.0692
-38.2013
-37.8144
-35.7342
-32.9341
-28.99
-22.1487
-16.13
-13.7062
-15.2554
-20.7626
-29.3205
-37.3779
-42.749
-43.3696
-41.3066
-38.5033
-36.7241
-37.0867
-39.4762
-41.7824
-4.75603
8.54091
15.0915
16.5393
13.4441
6.01231
-3.30574
-9.94322
-14.3431
-19.6023
-26.9233
-33.1412
-35.8269
-36.7043
-37.3935
-38.6761
-39.6009
-39.7509
-40.5571
-42.5927
-43.4892
-43.1475
-43.5821
-44.4807
-44.4032
-43.8024
-43.7281
-43.6173
-43.0766
-42.6315
-42.8136
-43.3406
-42.5513
-39.1333
-35.8532
-35.0417
-36.7174
-39.8972
-42.2173
-42.7783
-41.9529
-40.5779
-39.1328
-38.3061
-38.5782
-21.2707
-18.7392
1.40361
18.0339
29.4662
39.0006
45.9516
50.3863
53.5542
56.01
57.5603
57.68
56.3419
54.9699
55.0853
56.2552
57.4986
58.1985
57.9518
56.4142
54.2348
52.9687
52.7583
52.39
50.8484
48.1194
44.5015
41.4191
39.2038
36.4492
31.9881
25.7693
18.7111
12.5129
6.9609
1.64892
-5.46294
-8.65414
-18.7478
-18.9328
-15.6935
-13.2539
-15.2644
-19.2623
-25.7853
-31.7474
-34.3918
-33.2238
-35.9247
-35.786
-35.173
-33.6799
-36.93
-38.641
-36.6439
-31.9013
-29.1546
-28.7577
-26.8426
-22.8949
-20.7572
-21.6111
-25.0388
-30.0249
-35.5448
-39.0772
-38.9936
-38.2003
-37.9873
-38.3896
-39.3502
-40.6814
-41.5977
-3.03144
8.63246
14.0371
14.5582
10.6293
2.77178
-5.45672
-11.4611
-17.3977
-24.7663
-31.8889
-37.0004
-40.4846
-41.6172
-40.8987
-41.1794
-42.1624
-41.5009
-40.0347
-39.9554
-41.3088
-42.7259
-43.0227
-41.8426
-39.4014
-37.3389
-37.0042
-38.1425
-39.2364
-39.2886
-39.3511
-40.6358
-43.0688
-43.3017
-40.4239
-39.0552
-40.7288
-44.8679
-46.2494
-43.3762
-41.0841
-40.7653
-42.0699
-43.3699
-42.073
-22.3386
-17.9365
0.71712
16.4133
25.8798
33.7585
39.1371
42.6019
45.5628
48.6733
51.4603
53.2688
53.7409
53.5986
54.4678
56.8945
59.3447
60.457
59.8094
57.4895
54.2548
51.7838
50.9981
50.9312
49.9302
47.6136
45.1667
44.1549
43.3136
41.0312
36.9549
31.7211
26.2553
20.4657
13.556
5.47327
-4.71561
-10.9959
-21.7903
-19.1487
-12.9855
-9.15068
-9.81697
-13.482
-20.319
-28.5214
-33.6025
-33.6087
-38.4257
-38.3455
-36.2214
-34.1271
-37.5492
-40.142
-38.6412
-33.6766
-30.1207
-27.4301
-23.5391
-19.4297
-17.4882
-18.463
-21.7735
-25.6054
-28.4346
-31.2531
-33.8419
-35.4796
-36.6703
-38.3678
-40.3084
-41.7089
-42.1163
3.77752
15.1541
20.2631
20.3944
15.816
6.92189
-1.17125
-5.58004
-11.4376
-20.7289
-29.3421
-35.2283
-39.0489
-40.8961
-40.692
-40.5155
-40.3992
-39.8927
-39.7708
-40.8879
-42.6021
-44.1529
-45.3782
-45.2834
-43.4222
-41.2686
-40.1061
-39.81
-39.7155
-39.843
-40.0605
-40.3018
-39.9507
-38.9597
-38.9312
-40.5902
-42.7994
-43.627
-42.6337
-41.313
-39.9164
-39.1348
-40.2237
-42.8007
-42.4685
-21.6609
-25.5401
-8.31072
10.295
18.7932
27.4805
33.4269
36.7316
39.0075
40.8918
42.0606
42.0382
41.3441
42.456
45.8926
49.8024
53.2635
55.7201
56.8047
56.518
55.4555
54.372
53.6873
53.1067
51.9409
50.1345
48.3866
47.6622
46.8919
44.7576
40.7184
35.2812
29.4289
23.4072
16.7958
8.50529
-3.26821
-12.8185
-22.5781
-19.2156
-14.1505
-11.1718
-12.6276
-16.634
-23.7915
-32.9998
-38.6532
-35.324
-37.7076
-37.4256
-37.6248
-36.3567
-39.7698
-39.2326
-36.3327
-32.5736
-23.4039
-11.4247
-3.23054
0.520228
0.230925
-3.69595
-10.2263
-16.8826
-22.7489
-29.1157
-34.3611
-38.8955
-42.9887
-45.4344
-45.4495
-44.5118
-43.3673
4.19651
15.6352
20.7509
20.8432
16.1315
6.71155
-2.68452
-8.02171
-14.5686
-24.4511
-33.5823
-37.8281
-40.581
-43.8412
-45.4705
-46.0026
-46.4308
-46.0182
-45.2069
-44.9236
-44.504
-43.5956
-42.6163
-42.191
-43.4435
-46.6439
-50.0602
-49.4759
-45.4552
-42.0619
-40.1611
-39.05
-38.2109
-37.9597
-38.7907
-40.4347
-42.1235
-43.2816
-43.3201
-43.5131
-44.1494
-44.0811
-43.4966
-43.3766
-42.8823
-20.9284
-33.8829
-17.6886
5.31941
8.87461
17.3754
25.7573
31.2699
36.2271
39.8448
42.1114
43.3785
43.6248
43.5671
43.2081
45.5643
49.9575
53.434
54.3728
52.9113
50.3784
48.8083
48.3077
48.1138
47.2126
45.4786
43.5923
43.0523
42.9789
41.4876
37.713
31.6081
23.9656
16.1763
8.70555
0.973284
-10.5854
-16.553
-24.0442
-18.0391
-13.7752
-12.181
-15.3365
-20.6637
-27.8393
-35.7123
-41.0351
-37.1592
-38.1588
-36.0908
-34.8144
-33.404
-37.3826
-40.5068
-41.6481
-37.5982
-29.063
-17.3227
-7.82382
-2.14136
-0.351646
-2.32826
-8.00786
-16.6848
-25.6553
-32.5963
-36.2524
-38.815
-41.9051
-44.6898
-45.0729
-44.715
-45.1714
-7.79983
2.93445
7.76877
7.90858
3.90059
-2.88353
-8.24935
-12.3412
-17.6833
-25.0554
-31.7266
-37.8341
-43.3948
-45.9676
-46.1409
-47.0034
-48.6171
-49.8567
-49.7004
-49.4121
-48.9153
-47.7256
-46.3739
-46.1213
-47.2781
-48.5762
-49.9797
-51.1299
-50.555
-49.0874
-48.2212
-47.1668
-44.9652
-42.722
-41.9955
-43.2258
-45.8104
-49.3821
-52.0872
-52.8711
-51.2866
-48.8574
-47.0978
-45.4243
-43.098
-20.8604
-39.8356
-29.0004
2.48126
0.540159
7.76976
14.9855
19.1744
22.5815
24.3159
25.7057
27.3395
27.9644
29.4881
29.5196
30.0537
30.78
33.2714
36.0509
37.4836
36.9476
34.8017
30.8667
28.926
27.1775
25.5659
23.2526
21.3785
19.8143
16.4108
11.5838
6.4686
0.986303
-2.1807
-8.04596
-12.9888
-21.8355
-20.1543
-37.2427
-34.8794
-31.4704
-24.6917
-27.5926
-30.8471
-37.6022
-45.688
-50.4926
-41.6591
-47.6829
-45.8249
-44.0215
-39.7681
-43.9073
-43.1341
-42.8174
-40.8128
-36.2624
-25.9439
-16.3811
-10.7747
-9.15447
-11.2539
-16.7787
-24.6392
-32.4265
-37.1605
-39.0016
-40.7607
-43.6864
-46.6401
-47.915
-47.9799
-49.3104
-10.3197
1.01867
6.58624
7.77721
5.40113
0.545519
-5.01501
-10.9717
-17.2379
-24.3402
-31.446
-38.3569
-44.1739
-46.4769
-48.2522
-51.4248
-53.6315
-52.7159
-50.8957
-50.137
-50.1802
-50.0809
-49.4166
-49.2347
-50.304
-51.2382
-51.5725
-52.5963
-54.082
-54.3721
-53.7808
-53.1616
-52.3267
-50.8843
-50.3288
-51.852
-54.7817
-57.9525
-55.7411
-51.7176
-49.8415
-50.5798
-52.6353
-53.8303
-53.3558
-21.5479
-47.6255
-30.9919
2.85414
-1.13728
5.5921
13.1621
16.12
18.7093
19.1202
20.0565
22.7953
23.8071
26.4858
25.5395
24.6264
22.4761
22.3173
22.9334
23.717
24.7671
25.9166
23.1044
21.0513
15.5364
12.2379
8.92814
6.62997
5.584
2.54322
-1.73855
-7.43857
-14.7618
-10.4475
-14.8433
-14.658
-25.2914
-20.5334
-43.834
-44.2758
-40.3628
-28.6147
-33.345
-37.3588
-44.2812
-45.8577
-47.1059
-41.7326
-51.2979
-50.0249
-48.6427
-43.44
-52.0219
-52.0896
-51.4372
-49.6488
-46.7126
-37.7335
-27.7491
-21.7621
-20.1946
-22.8082
-29.2298
-37.0212
-43.0174
-48.1175
-51.0875
-52.1243
-53.5328
-55.047
-54.6118
-52.3457
-51.2128
-6.10405
5.43216
10.6051
10.7857
6.24707
-3.00249
-13.56
-21.2574
-26.1118
-30.8267
-37.073
-45.5785
-51.6754
-53.6594
-53.8581
-53.5831
-52.4391
-51.5257
-51.2724
-51.8975
-52.936
-54.5625
-56.3002
-56.27
-53.8613
-50.6986
-49.5708
-51.1098
-54.8278
-58.3636
-58.7263
-57.3056
-56.0028
-54.7966
-54.3352
-54.6624
-55.203
-57.2556
-57.3511
-55.3941
-54.5448
-54.9414
-54.8818
-53.9077
-53.4865
-21.5028
-50.7772
-31.7518
2.55274
-2.74435
-4.51778
2.37479
-3.51253
1.19742
-0.818023
1.16903
8.95526
0.867707
13.8668
12.7499
12.1152
4.1173
5.67728
11.7096
15.0938
15.7211
17.732
12.3541
12.9343
5.49338
2.14294
-1.79495
-4.239
-3.26387
-7.58687
-11.0772
-16.5514
-26.2476
-12.9121
-15.7841
-15.4211
-25.8548
-20.4755
-45.8403
-46.7557
-42.3329
-28.7929
-33.9481
-38.6164
-49.576
-54.8716
-54.7001
-43.1354
-53.3043
-51.5989
-49.5848
-44.1165
-55.1315
-56.0044
-55.9494
-53.513
-52.9839
-46.2326
-37.5754
-32.258
-30.9454
-33.3537
-38.9983
-45.9196
-51.2641
-54.42
-55.1897
-55.4333
-55.5338
-55.4679
-54.5797
-52.868
-52.5648
-20.6882
-9.32327
-4.2799
-4.25949
-9.11418
-19.2978
-32.4062
-42.3329
-46.6752
-49.3161
-52.504
-55.901
-57.9849
-59.9462
-59.2432
-58.133
-56.9078
-56.5133
-56.7129
-57.3211
-57.6412
-58.6149
-60.0353
-60.153
-59.5364
-57.6015
-55.8059
-55.195
-56.4312
-58.8864
-60.1584
-59.8466
-60.0119
-59.9799
-57.4399
-53.8934
-51.911
-53.5791
-56.5598
-57.9665
-57.4015
-57.2158
-57.6409
-57.7547
-57.502
-21.3792
-52.5348
-32.4385
2.58442
-3.16877
-7.3673
-0.640152
-27.6528
-8.71979
-18.2198
-8.34431
6.27392
-9.7762
12.315
10.1553
8.05258
-19.753
-21.2366
-3.75438
-3.93429
-9.25644
9.0791
-3.07622
5.94181
-18.3015
-15.7094
-20.3728
-20.2596
-11.9725
-23.9309
-29.9841
-32.238
-46.5247
-13.031
-16.3391
-15.1308
-25.726
-20.2898
-48.681
-56.549
-52.664
-30.1381
-36.0412
-40.1171
-50.4901
-55.6465
-55.2839
-43.328
-52.862
-52.2268
-51.2498
-44.3934
-55.068
-53.9129
-53.7686
-52.682
-54.1424
-52.7109
-49.3335
-46.1498
-45.9235
-48.7464
-53.3625
-55.338
-55.9042
-57.1862
-58.4164
-59.6985
-60.0813
-59.9793
-58.7722
-55.7673
-54.1387
