80
9.72385
13.0428
20.1418
25.624
28.3923
28.1892
25.7609
25.4107
27.5171
28.0864
25.135
18.0366
7.59536
0.0205548
-1.98862
-3.26529
-1.28085
2.05144
4.66249
4.17061
0.107166
-5.24457
-2.1932
-2.41988
-0.930615
5.27708
9.62433
10.4713
9.05996
4.74618
3.78632
6.81398
8.30851
5.58792
-1.78557
-7.01632
-1.7973
-0.748689
-4.11796
-4.36695
-0.615053
5.94256
10.966
12.681
10.1892
-0.291207
-1.71115
12.5418
18.4636
19.2933
18.5839
16.7981
14.4174
9.13854
-0.461951
-11.0088
-11.2548
-8.27183
-5.90544
-4.38124
-2.30565
-2.18237
-5.52808
-12.7849
-12.715
-4.04734
4.38776
8.21989
21.7921
32.9975
33.4433
35.2298
22.5415
28.0425
36.9655
39.544
41.041
37.5683
49.9446
66.4779
72.8579
73.1042
67.0925
60.052
58.6435
57.9924
52.5377
50.3997
34.9191
39.9831
40.3632
41.6272
31.1656
32.6618
32.1606
35.842
36.6899
34.7453
28.9139
31.1462
31.3958
30.4203
29.849
27.1846
28.9667
36.8196
37.0789
24.2511
24.4798
28.1875
24.8141
23.7822
16.2213
14.9815
32.0181
41.9741
47.7203
49.2872
9.80167
7.60526
13.1932
17.7722
19.6909
18.704
16.7288
18.2907
22.5973
24.1596
21.5539
14.2676
3.42329
-2.9672
-2.19305
-0.88711
3.69888
7.3401
8.86717
9.21973
10.8848
12.944
17.2655
20.2864
20.571
18.4636
16.9464
15.0416
9.12811
2.57907
2.60714
3.32276
3.4445
6.09147
8.87767
9.71098
8.06967
6.88158
7.47759
6.28982
1.41477
-1.71141
3.67532
6.14514
4.8782
3.03165
2.85074
6.21101
9.5892
10.9448
11.7528
14.1271
14.8483
12.0033
6.10426
-0.709808
-6.51767
-6.65505
-2.75446
0.972375
3.52404
5.02586
5.1324
4.61074
4.27634
4.50156
7.78592
11.8679
27.3002
37.1399
41.1986
42.5788
43.928
46.1079
50.2748
51.7207
49.3358
44.968
51.4604
68.2125
79.9361
86.4419
88.91
88.7688
88.5897
89.6715
90.5449
90.5606
90.4894
90.3929
89.5293
87.8224
86.0556
85.2139
85.1688
85.0512
83.745
80.5603
75.2305
67.9879
59.502
52.7734
50.1364
49.9857
52.7201
54.3006
52.2911
46.8198
40.9686
35.8515
29.3492
25.8488
28.7121
38.1696
43.3423
46.0503
47.0129
46.2705
2.24366
-1.98919
2.96937
9.27153
14.0085
15.3741
14.5413
11.4894
9.55402
10.2834
8.21888
4.6374
2.47503
6.15488
8.64165
8.3227
5.28662
2.94568
6.74649
15.7096
23.0733
29.5693
34.9363
38.8203
40.2474
39.03
34.7389
26.6975
15.1435
7.72952
12.2842
15.0867
16.5111
18.2561
20.3107
20.4229
18.6741
18.3383
19.8547
20.2262
18.5717
16.0339
13.2943
10.4667
8.42287
8.39359
9.97025
11.4094
11.7739
9.60799
7.85275
7.82537
6.43834
3.1282
2.36669
5.13676
6.81835
6.19889
3.43025
-2.17257
-8.69178
-9.25095
-2.36119
-0.719506
-3.98795
-5.87153
0.969973
11.5719
24.9209
33.8865
37.8435
37.1325
38.3394
46.9388
53.8987
56.6854
56.1755
54.4131
50.1214
63.4713
79.6247
89.0755
93.928
95.4999
95.1084
94.6206
94.9067
95.2853
95.1991
94.7826
94.3332
93.7648
93.0465
92.5583
92.7253
93.4548
94.385
95.0687
95.0505
94.1008
92.5064
90.7774
88.9827
87.1265
85.2046
82.5248
77.9563
71.0874
62.1898
52.23
42.0732
38.8241
45.4453
50.8696
53.1052
52.2016
48.9835
44.1876
21.6634
18.8805
21.2171
22.4494
21.3307
20.4821
18.8741
15.243
10.8368
12.5761
11.1841
8.23176
7.06552
8.11496
9.67337
10.9173
12.9248
17.4844
22.5014
23.9387
21.8281
18.5755
19.1205
24.933
29.9501
31.107
28.3866
23.3508
19.9135
18.9096
16.3894
11.3299
4.93924
3.23068
7.35808
11.9075
14.9019
17.7801
20.0568
19.7774
16.9838
13.4116
9.50278
3.46131
0.757068
1.71688
3.26374
6.90777
9.61738
10.2137
7.30308
6.03597
9.61336
11.5168
10.9798
8.70301
5.90691
5.74521
7.94843
10.0669
10.9646
10.3782
9.11523
11.8523
16.2795
18.5529
18.2181
14.8139
20.5182
29.1327
34.0704
37.3107
36.5827
39.4892
43.1268
44.5025
42.2581
40.6705
56.8019
71.9022
80.2398
83.6922
81.8836
73.7479
59.2426
47.2646
49.677
51.6689
48.2274
42.56
48.8098
50.69
46.1978
31.4533
43.8811
48.4648
61.1664
70.4121
77.0074
81.4538
84.117
85.456
86.2858
86.2862
84.3042
79.3317
71.3721
62.5852
58.7044
56.8626
53.3588
47.8056
42.3129
42.0107
42.5647
43.7943
46.1976
46.3428
32.8036
32.2233
38.2122
45.7584
50.078
50.6534
47.622
40.9299
32.1979
29.9728
33.2568
35.6792
37.0004
37.0721
35.4621
32.5341
31.5882
33.6063
34.9864
33.5655
28.542
19.3967
12.2365
14.1012
14.1848
10.1611
5.39981
5.02629
5.88653
6.78637
8.36327
8.80502
6.39528
1.10651
2.25428
10.9068
15.9753
17.0023
19.0891
23.966
26.4729
24.65
18.422
9.77487
4.26634
1.63316
3.63937
7.61174
8.86628
7.48897
7.00544
8.07732
11.9433
16.7379
19.1932
18.5012
15.019
9.39598
3.90593
2.79995
6.63957
13.0845
19.6298
25.0447
27.3919
26.1677
21.5231
17.4743
15.5219
18.226
28.5684
32.9158
39.0319
41.9706
44.0268
43.2618
41.1807
42.0491
55.2378
66.7172
75.0955
77.1791
76.6057
74.3367
68.4952
62.1651
50.3369
51.6303
51.6628
50.6203
49.0153
46.9827
48.0212
45.383
44.1134
44.372
44.6399
47.3831
46.4083
42.765
36.6457
38.909
46.8774
49.1556
50.9834
59.3642
63.6277
65.615
65.7005
64.7848
63.3412
59.3216
53.922
48.5588
43.3949
38.5363
35.294
33.6749
29.1556
36.509
44.6798
50.374
53.4106
53.5643
50.4554
43.8411
33.653
25.8745
32.4369
39.9398
43.9208
43.9063
39.667
31.1265
22.4891
23.9961
25.0138
21.2191
13.6907
9.28424
8.07916
5.40079
2.90955
4.18383
6.69027
6.3228
1.63766
-7.58759
-13.7853
-7.68363
-3.48999
-4.00938
-6.48557
-1.73333
6.94317
14.7192
20.0069
22.1689
21.1178
17.2382
11.5609
6.35303
1.11598
-6.05117
-6.06781
0.623809
7.74049
11.9734
11.9409
7.84445
0.0430006
-4.52881
-0.327748
3.08561
3.45913
3.30033
3.47901
0.864329
-5.93517
-6.20315
5.72151
13.0947
16.5653
16.3599
13.2812
7.84207
10.5954
13.1509
10.443
13.6212
13.3235
18.5053
19.8336
23.2653
23.7285
33.2353
56.0311
73.8568
85.9016
94.0473
99.476
102.671
104.028
104.269
104.397
104.859
105.211
105
103.951
102.052
99.5893
97.296
95.9058
95.0461
93.5414
90.5729
85.7655
79.2846
72.1325
66.4172
61.2636
55.669
52.6342
51.0733
53.6577
57.4579
59.2193
57.652
51.9658
46.2623
42.9739
44.7871
45.8139
43.1281
36.3711
26.4545
33.4201
34.9334
31.8283
25.5045
23.2721
25.6514
25.8225
22.0603
18.3275
23.8961
28.2523
29.6204
30.4164
33.4399
35.8693
35.6509
33.0774
28.4851
21.0263
10.8608
3.38639
1.63293
-1.76324
-3.75119
3.24278
10.0933
12.8052
10.7981
4.03853
-4.34132
-2.57918
0.595306
-0.370763
-4.67586
-8.14677
-7.10532
-5.85274
-4.89492
-1.9396
-0.42345
-2.16682
-4.71685
-1.77324
0.685002
0.321376
-1.47542
-1.98997
1.45315
9.24369
14.2891
15.3777
11.4163
1.53023
-12.8457
-21.2793
-11.0649
-5.03945
-3.05418
-2.70745
-1.94633
-0.634262
-2.23989
-5.23148
-6.89059
-3.59693
-0.0794934
1.95899
-1.44697
-1.28199
2.12015
5.92569
6.97008
10.9206
11.9829
15.5226
19.9653
25.7349
32.6793
50.3545
72.4697
87.4723
97.0343
102.564
105.098
105.824
106.118
106.655
107.15
107.252
106.663
105.27
103.546
102.399
101.927
101.629
101.71
102.428
103.142
103.031
101.665
98.9135
94.6665
88.8615
82.2758
76.8712
72.1427
66.2962
59.8562
54.3238
48.7979
40.2917
32.6402
38.015
42.09
41.7044
37.9604
30.4554
19.4502
39.7351
37.4083
35.2227
34.6302
34.1785
34.0412
33.4166
32.5164
35.3465
40.06
43.0268
42.3186
37.6572
31.543
31.9309
33.7329
31.3723
24.0761
13.2769
7.83456
4.31184
6.99798
13.9394
18.2566
19.4789
17.5577
12.5785
6.27391
2.55017
1.37388
-0.42743
-2.89939
-5.50177
-7.6708
-3.00208
3.24423
5.50937
3.54724
-2.87717
-13.9627
-17.8207
-9.78771
-6.48367
-7.72986
-10.7728
-6.47587
-5.78707
-0.599054
11.8101
19.818
22.0338
18.9987
11.058
1.86108
1.37367
2.56198
3.50792
1.77797
-2.31301
-5.11342
-5.27355
-6.34817
-6.71984
0.252961
6.34976
8.07808
5.28176
1.28101
-2.22449
-2.67335
4.89088
5.46582
6.17785
3.45426
3.26622
3.49815
-10.4656
9.88447
41.7575
60.1911
70.9688
76.4742
76.5637
71.3503
60.6695
45.7932
50.3565
53.158
56.6849
62.192
63.3309
59.0256
57.9876
59.246
54.6787
50.3717
66.6519
76.8258
83.2729
87.3404
89.1541
88.96
87.2386
83.9817
78.4896
70.3973
61.1625
54.999
50.3268
44.1895
36.1833
27.5925
25.9761
25.3028
20.5449
12.5702
11.1158
10.1122
33.9461
30.5168
28.722
30.0647
34.0442
37.1816
37.7157
35.3449
32.2026
32.6312
35.876
38.4398
38.0443
33.3509
24.9808
21.4309
22.0547
19.1164
10.812
-1.12324
-2.47515
5.32677
10.4955
12.3069
10.4525
5.74453
0.0993816
-5.03339
-9.37314
-11.7608
-13.4939
-17.8571
-17.292
-10.7077
-5.58145
-0.90598
2.05001
1.55891
-2.34379
-6.12153
-4.76207
-3.69259
-4.68858
-0.684965
9.45718
18.2669
24.1505
27.1585
28.2927
27.881
26.4801
24.2257
20.2167
13.1869
1.44492
-4.79057
-2.01889
1.10921
4.0212
8.10326
10.8348
11.6366
12.4205
15.2224
17.5481
17.0662
14.0685
11.4773
12.0367
13.328
11.5391
9.1651
4.30559
3.76355
6.10086
1.26587
2.02989
1.00233
27.4426
40.2462
47.9532
50.2607
51.4597
52.0421
49.1864
45.2565
40.0094
48.6209
54.1363
54.2957
53.3058
52.9423
50.1672
49.7213
45.8094
40.955
38.9071
40.5647
44.3178
44.8718
40.4038
41.846
47.5978
53.4588
56.1655
53.9141
49.1489
43.9099
40.2293
36.7553
31.6538
20.7786
16.6471
16.0164
14.4232
13.6067
13.8833
14.8829
10.954
15.849
15.5099
12.0796
14.6484
20.6811
25.1748
28.4156
29.6128
29.9677
31.2855
32.1107
30.1614
25.3437
19.511
16.6662
16.9789
16.5982
13.5207
7.95339
0.502656
-5.23949
-9.08786
-14.423
-12.7736
-3.87373
2.85341
5.41273
3.97419
-1.5674
-9.91074
-10.912
-5.83033
-2.90482
-1.71705
0.6568
3.14633
3.22761
0.570122
-3.29158
-3.06173
0.769913
6.62639
11.2098
16.9785
25.0043
31.527
35.3012
36.062
34.5929
32.4203
30.5066
27.5391
21.546
12.6566
3.22127
4.49417
7.72496
10.6004
10.6779
8.19014
6.67639
10.8975
15.5525
17.1272
15.7893
12.8111
7.99726
8.3196
11.5116
13.2938
12.5318
12.628
9.38851
4.6936
6.28612
5.71857
5.53085
23.6817
47.5306
61.8827
72.7009
80.4019
85.6014
88.7808
90.4452
91.1929
91.4634
91.1503
89.8903
87.442
83.9223
79.6558
74.9796
70.5346
67.3027
65.1843
63.1267
60.2599
55.562
47.4771
36.7946
29.6786
31.2575
32.9216
35.2534
32.4066
28.6214
27.3766
27.1803
21.8528
16.8258
11.4674
13.8169
14.7151
14.1058
10.5388
8.25076
0.586305
2.89301
2.60303
5.25365
16.6469
26.2305
32.0446
34.6043
35.3501
35.7857
35.0035
31.2574
23.5357
14.3299
11.6687
10.3705
8.63389
9.4194
9.41847
6.48436
0.173851
-8.88507
-15.4827
-17.9896
-16.3842
-8.35599
-2.44089
-0.777868
-3.55887
-10.6875
-12.8206
-5.40073
-0.383545
1.79342
2.69764
3.69824
6.19796
9.88087
12.0424
11.0323
6.05776
-2.00305
-6.78637
0.436947
7.00274
11.1176
12.6771
12.5777
15.1949
20.4748
23.281
22.377
17.2891
9.09717
0.767354
-3.7952
-1.15385
4.35607
6.09228
5.56709
2.36167
-0.536029
-1.37067
-2.79802
-6.91465
-10.2769
-6.7477
-3.78457
-1.75603
-2.90325
0.116938
2.52833
3.30915
0.179796
5.60668
5.87842
2.32122
1.94345
15.6251
35.9502
50.7697
61.2749
68.9952
75.339
80.4095
83.6618
84.9468
84.5401
83.1192
81.2225
79.0958
76.811
74.3188
71.4588
68.2494
65.3776
64.3046
64.4751
64.4645
63.8479
62.189
59.075
55.2056
51.6094
49.644
47.3585
41.8143
34.664
30.77
30.2275
27.3477
21.8948
16.604
13.558
15.8021
17.49
16.7222
15.1113
-14.5649
-14.0215
-9.07802
-0.00188197
10.4425
17.2909
19.2338
16.2924
10.1546
13.1626
21.6465
25.7924
25.9457
22.5118
16.3141
9.13123
5.34395
1.98622
-2.33419
-6.61697
-10.0678
-13.0149
-17.6458
-22.224
-23.8916
-21.2986
-20.7849
-18.4965
-18.5053
-16.3331
-11.7371
-9.19235
-9.85659
-12.6766
-8.86864
-2.92468
0.665483
1.74506
0.909797
-1.01956
-4.60475
-10.5397
-12.5953
-10.8463
-5.65782
3.80887
15.3809
24.1141
28.4813
29.1522
27.2137
27.528
31.0895
32.0732
28.4956
20.9992
15.7107
15.5559
12.3061
2.3932
-9.99997
-16.7533
-9.86129
-8.96224
-11.6454
-19.6797
-27.9835
-17.8364
-11.1396
-12.2975
3.14679
6.4131
8.77944
8.58817
-1.19924
3.16935
-0.495368
-1.22116
8.60383
20.6986
29.6602
38.6196
44.191
46.6652
44.7295
38.5266
34.4701
30.7574
30.0685
27.5391
26.9637
25.4375
25.4566
23.6844
23.61
17.5984
20.4539
22.3679
31.0249
38.1266
45.9734
51.9886
54.6648
55.2559
53.4484
49.3053
44.1552
39.1885
35.162
31.3087
28.0445
24.7708
19.4444
19.158
18.5094
17.8479
16.2769
14.784
0.597934
3.02061
4.68495
3.07074
-0.588939
-1.9105
-0.888512
-0.775065
-2.15759
2.28988
11.6876
17.5145
18.5317
15.1887
8.41659
3.08367
-0.843376
-4.47969
-8.96771
-9.54271
-9.02179
-8.21442
-7.9782
-9.78631
-11.7339
-10.1707
-5.49207
0.402167
2.95344
1.52509
-3.50197
-9.24778
-11.2736
-11.2791
-12.718
-11.8371
-12.3503
-14.6027
-12.1816
-6.13743
-1.37259
-0.611657
0.751731
11.1069
19.572
24.2104
26.1747
29.9028
36.0256
40.198
42.099
43.1999
44.9039
46.3862
46.1732
43.4839
38.248
30.3906
19.7749
8.52038
0.0456789
0.811968
4.12616
5.86336
3.38113
-2.56071
-10.6285
-15.3364
-12.1736
1.69665
7.38879
13.4463
14.1854
11.1167
9.22589
0.0373981
2.47516
2.8638
9.7508
23.4935
34.6246
39.6737
44.8941
50.3764
53.6578
54.1702
53.0386
53.0361
54.1879
56.1121
56.9363
55.9941
53.7782
51.6246
50.2656
49.2939
46.9492
43.0887
39.4768
36.7469
32.2052
24.8888
29.5965
31.8762
30.6063
25.1243
16.0619
10.675
3.86905
5.23694
4.60897
11.5475
20.0607
24.0906
22.774
17.2767
6.29657
-2.25699
2.40022
2.95498
3.49659
4.76641
5.25753
3.7382
1.03932
0.584081
3.67353
5.37639
7.00388
10.2585
13.2711
13.862
11.5598
6.33015
-3.27873
-14.0592
-17.4819
-17.1614
-15.1215
-8.24576
-1.82627
0.969657
1.66434
3.61464
9.16745
13.277
14.6228
12.4914
7.09512
-0.175834
-5.68262
-8.09561
-9.50253
-11.3058
-14.6988
-18.3157
-17.9269
-15.2746
-9.71018
1.29669
16.3389
26.7136
31.5547
31.9641
29.5147
26.7819
24.9713
25.3184
27.0285
27.2671
28.1074
31.0554
33.4474
33.6672
31.8004
28.1409
21.7813
13.5442
7.34777
9.03998
10.7952
11.572
12.8789
14.0442
12.5232
4.97426
-6.16605
0.892909
12.1551
15.354
12.8852
6.03091
4.86705
5.0123
-1.55163
-4.34072
7.28562
25.5391
35.6497
40.9093
43.7278
47.1265
51.0305
53.6261
54.4252
54.8883
56.541
59.0013
60.6329
60.331
58.4727
56.6601
56.4064
57.4191
58.7151
59.461
58.7096
55.6656
50.2438
43.5458
37.3932
30.0302
21.7774
18.1247
14.7508
6.21192
-2.13696
-0.72962
2.77863
7.07921
9.77435
12.6499
11.154
6.98078
4.38773
6.05357
1.56058
0.753862
-0.458569
-1.41596
-0.964288
-1.06502
-3.60825
-5.57552
-6.87413
-6.31639
-8.48719
-11.1331
-7.48554
-3.23595
-2.4071
-5.6587
-10.7143
-15.9041
-15.9055
-15.245
-14.4429
-12.4923
-7.3345
1.1418
8.7302
13.2088
13.8181
14.9808
20.2052
23.8808
23.1631
17.2774
5.38493
-5.67849
-4.31542
-3.48667
-5.64028
-9.06371
-13.6851
-16.3738
-2.51935
16.924
29.5894
37.2024
40.9641
42.2737
42.5552
41.6886
38.4222
31.3408
19.8451
10.6515
8.56162
11.545
13.313
18.282
23.4351
27.0853
29.0937
29.5389
28.4787
25.3095
20.8964
18.77
21.598
25.8877
29.4581
33.1872
37.3551
41.3241
43.7376
44.0812
42.2
38.2429
31.588
23.7688
17.455
12.5447
18.0686
27.9394
34.12
36.4491
37.0681
38.6178
38.7493
37.0786
33.7762
30.06
29.2197
26.4068
24.8519
27.2399
28.9278
26.4943
25.8075
27.7752
32.5721
39.7705
45.5559
50.3203
52.924
53.285
51.1888
46.6594
39.634
30.9282
20.919
11.0608
2.87075
-0.086483
-11.3033
-0.833361
6.56892
9.91693
8.23713
4.50117
0.750678
-0.821527
-18.8939
-14.5634
-9.77538
-7.30877
-7.97425
-11.9061
-17.9117
-17.0843
-15.376
-15.9288
-19.6795
-24.2779
-26.3792
-23.9319
-20.7374
-17.3571
-10.6144
-6.51458
-6.41104
-10.0495
-14.8609
-15.2649
-9.39976
1.80308
12.5041
19.5355
25.0769
30.572
34.8597
36.1612
33.6755
26.7789
14.6607
-0.756972
-6.73185
-6.73201
-7.02976
-6.83251
-6.01315
-4.81096
5.49523
17.0091
23.9873
26.5823
26.0115
28.8022
35.8219
39.8432
39.5542
35.8877
33.5147
35.7295
38.3077
40.0625
40.8209
39.7882
36.4262
31.3092
26.6639
24.1906
21.4814
16.6813
11.9482
10.6326
9.1987
6.90735
12.3768
21.1846
29.5021
34.7569
36.9717
36.5739
35.7851
34.8236
33.0211
28.2406
20.5585
12.3783
25.1706
37.7034
44.7956
48.8362
51.0887
51.7224
50.7105
47.9584
44.9211
43.0882
41.8364
42.0186
42.8451
44.8828
47.8842
50.3773
50.7246
48.7569
45.2857
41.5427
38.4182
35.0661
33.4418
33.8864
33.5261
32.2381
29.8365
24.6129
14.7964
4.43606
-1.18951
-1.1657
-5.90517
4.53125
9.10313
13.1761
10.9897
6.70782
0.479099
-5.63817
-20.7364
-22.0853
-21.285
-13.5366
-5.77496
0.307955
3.42154
3.81266
2.28737
0.609061
-2.4269
-7.51151
-15.7688
-21.9912
-14.1379
-7.06922
-3.66382
0.309179
2.75893
2.7035
-0.348649
-1.78765
2.87578
6.88036
7.30708
4.8937
4.99178
11.5581
17.6168
20.8345
20.7911
17.3781
10.7963
3.18236
-2.08241
-4.78796
-7.16714
-8.9505
-9.01645
-7.53146
-4.66596
1.65723
6.13585
7.20914
5.6799
9.95263
21.6224
29.8371
33.6607
35.3399
36.788
37.279
35.2058
32.1569
33.8439
37.2716
40.2838
42.1642
41.3813
37.2673
31.1652
27.9016
25.3052
20.1642
13.6693
6.12416
-1.66145
-1.66625
-1.48192
1.52506
8.29496
12.2588
10.2295
7.13566
9.14785
8.43744
7.18908
7.97091
20.1896
36.9766
47.3879
53.1281
55.3631
54.7725
51.8328
47.5607
42.213
38.517
39.4024
39.4131
39.4981
41.6996
45.2356
48.5703
50.9466
52.4305
53.3561
53.5089
51.7295
47.2227
40.2067
32.1331
27.1608
27.5332
28.6039
27.86
24.5511
18.63
9.9924
1.00893
-4.81109
0.624407
5.97248
10.3355
10.5012
7.53335
2.03927
-3.18398
-2.46333
-0.578557
1.94666
3.96785
6.1621
7.24416
5.42385
0.00918676
-6.21603
-8.17535
-2.98906
0.791318
1.60882
0.23586
-0.435084
2.89979
8.03726
11.2133
11.9652
10.3463
7.30951
4.69044
3.96651
3.42009
0.567203
-4.22714
-7.14587
-7.97248
-8.90583
-10.6303
-12.1734
-13.0937
-14.7009
-18.01
-22.2344
-17.2557
-14.1586
-15.4297
-19.9389
-26.5224
-21.6945
-12.3483
-6.62551
-4.21632
-3.78724
-2.47904
3.15073
12.8396
21.4801
29.3271
35.7014
38.5278
37.472
33.0987
28.5061
29.4589
36.9019
44.0679
47.6351
47.277
43.5964
38.495
34.7584
31.9001
27.2858
20.9142
17.3155
14.7808
10.0506
0.0644276
-5.68467
2.63166
9.75647
11.7777
10.2998
4.11751
-4.13628
-0.614219
10.2854
24.8989
35.2268
41.6981
48.0455
52.3906
53.1756
49.337
39.9881
31.4575
24.1706
20.2747
16.9909
16.6608
15.5122
15.9269
13.0117
11.7818
21.536
29.1602
35.4417
40.3472
43.2602
44.4247
43.587
40.8964
36.4651
31.1656
25.4471
17.8442
7.12828
0.949809
-8.68242
-3.84094
-2.23517
1.77442
-3.27356
-7.7187
-11.3054
-13.0221
-4.58824
-5.72982
-3.22451
0.544706
2.57282
1.98824
-0.526849
-4.02233
-8.85742
-11.9379
-11.1223
-6.02304
-0.78781
1.56446
0.906985
-1.94834
-4.8159
-6.3807
-8.7758
-13.0486
-15.3744
-12.3372
-9.18379
-7.48261
-5.33025
-1.74699
1.23447
2.45343
1.86529
0.369633
-1.24688
-3.28096
-7.29849
-13.4907
-22.0299
-24.9842
-23.7698
-23.7322
-25.8468
-27.2352
-27.1815
-20.6734
-15.371
-13.7422
-14.9285
-16.6811
-12.8904
-0.258714
14.0653
25.8539
32.4482
35.2339
34.4175
30.2031
24.44
25.5336
32.7419
37.3723
37.9308
35.5116
32.7019
32.1008
32.3175
30.6113
26.0436
19.3902
18.7254
19.8379
16.8188
8.03009
-12.7818
-4.33392
1.32305
3.52511
5.01625
4.84001
7.22278
11.5768
11.3918
17.5187
27.1114
40.0046
48.8005
52.8069
52.521
49.4946
48.2134
50.1539
51.3065
49.5593
45.2762
39.1525
33.6752
35.2847
39.4361
41.7119
40.8825
37.2676
31.4929
25.1063
21.9361
24.2275
29.4223
31.46
29.8894
24.8927
17.5066
8.60014
-2.88842
-0.991266
-11.7438
-4.81885
-4.18965
0.413166
-5.28183
-9.89691
-11.9941
-8.93643
-28.6923
-23.5053
-18.1909
-15.1509
-16.0126
-20.8364
-28.8604
-26.2892
-24.0265
-22.4137
-24.0907
-24.6086
-16.854
-11.4959
-9.2898
-9.31167
-11.2202
-14.1179
-18.1963
-13.6536
-2.83216
5.31848
9.43447
10.3758
10.4111
11.8233
12.7902
11.0559
7.13279
4.16664
2.98548
0.518042
-5.12634
-12.4174
-16.238
-15.7258
-15.7604
-17.1373
-19.2174
-22.2819
-24.9464
-22.2725
-14.9349
-9.02689
-7.43053
-8.32113
-3.89105
12.0007
24.2798
32.4406
36.7544
38.374
38.0992
36.0577
31.7318
24.6925
19.37
18.2914
18.5227
22.3838
26.2172
28.4528
31.0138
34.5005
36.891
37.5341
36.6742
33.9982
28.3333
18.8738
8.46117
2.99914
7.1045
10.1789
13.5877
16.1454
17.7614
18.4812
15.5633
13.1238
17.326
28.3277
37.2357
42.7667
46.9021
50.2698
51.6333
50.5153
47.121
43.4721
40.4861
37.0483
33.4586
33.5408
38.7373
43.8058
46.7395
47.2011
45.5244
42.4516
38.4859
33.7006
27.2598
16.9414
10.7191
10.2192
7.56997
0.244012
-9.24226
-6.84785
-15.8303
-8.74487
-11.9149
-6.75653
-15.1208
-20.2345
-23.0353
-22.5747
-22.0225
-25.105
-23.7472
-23.4233
-25.9614
-30.4965
-29.9669
-27.3578
-28.6007
-31.3717
-38.0337
-44.0504
-33.8865
-25.9812
-22.6308
-19.5483
-17.8887
-17.0742
-13.7635
-0.203615
11.9648
19.0976
21.4388
19.3788
12.851
4.49807
4.23637
6.67034
7.07815
4.90276
0.876093
-6.03403
-12.5627
-14.3884
-14.4677
-12.6041
-10.3978
-10.385
-13.8466
-20.3554
-28.0417
-24.0038
-16.4486
-11.1381
-9.31501
-9.57298
-10.9557
3.14244
17.435
25.9925
29.1525
28.0571
25.6354
26.5794
28.1784
26.9002
23.193
20.9339
23.5144
28.6
31.8563
32.0228
29.8574
27.5089
26.0835
23.8698
20.6776
17.2936
12.2205
5.25902
2.20738
0.7518
-2.8961
-4.09577
-1.58854
-2.85371
-5.05281
-3.68086
0.368579
11.9716
22.525
33.8759
42.3785
46.3373
45.7325
40.6316
38.0275
40.8867
45.1635
45.4701
41.9495
35
27.7622
23.2553
22.3056
24.5348
22.721
23.1183
30.6648
37.5404
40.7049
41.1009
39.2465
36.443
32.0727
26.2209
18.0142
7.8798
-1.33925
-3.13886
-9.30985
-6.94148
-6.48733
-3.62292
-11.0061
-12.3364
-10.2194
-9.88295
-17.405
-20.1471
-20.2269
-19.9222
-19.9361
-20.3831
-21.8519
-22.9977
-23.9902
-22.3221
-20.3664
-18.2597
-15.9897
-15.7653
-17.3596
-20.702
-22.1875
-22.682
-20.579
-9.98772
3.32109
11.2848
14.7587
14.6602
11.7328
6.58052
0.201302
-4.27213
-7.29151
-11.8726
-15.7798
-14.7449
-13.9153
-11.2938
-8.98524
-6.97413
-5.52733
-5.46502
-7.17408
-10.6599
-13.2822
-12.6362
-6.83213
-1.92735
0.380524
-1.11056
-6.00366
-12.7833
-3.08042
7.85131
14.8016
17.6483
17.0608
14.3019
12.3293
13.9814
15.3096
15.6945
20.3654
27.2146
32.3127
34.211
32.8198
28.3877
22.0332
15.9293
9.21688
0.527917
-7.1122
-8.45539
-5.58985
-5.72239
-4.4291
-7.25607
-7.49786
-7.45876
-5.71506
-2.15867
-1.22191
12.453
28.5262
40.0588
47.2837
50.5966
51.1675
51.2534
52.2773
54.9651
56.4236
55.5985
52.1903
46.4162
39.088
32.4251
34.0006
38.2059
39.8022
38.0608
33.6224
27.5472
22.4645
17.521
16.4773
17.3401
17.0675
11.8696
-0.527908
-12.9068
-9.34787
-3.51913
-4.99987
-2.38458
-1.70548
2.06748
0.0835925
-2.24232
-2.64089
-1.86907
-27.6348
-21.0442
-16.9443
-14.7298
-12.2478
-10.5061
-10.6717
-12.692
-16.6921
-19.7628
-23.1676
-22.3606
-19.6428
-17.5165
-15.2883
-11.4671
-7.32985
-2.3336
0.416357
-0.684572
-3.60546
2.83528
12.2661
17.6156
18.2266
14.7545
9.1472
6.79724
6.87058
5.06979
0.0952875
-8.19548
-15.0256
-11.8683
-2.04382
4.25161
6.06379
4.06132
-0.200381
-3.51102
-8.98326
-17.2603
-19.8278
-10.3999
-4.29798
-2.47643
-5.09744
-8.33519
-5.0232
-2.00388
-2.79647
-4.80773
-4.54159
-2.04981
2.67512
7.52299
10.4556
10.9071
9.70864
8.21603
9.60051
14.5592
18.5001
19.5417
17.8542
14.389
10.7855
6.18618
1.92134
-0.547262
1.73438
3.96204
3.81641
3.24736
-1.21971
-4.16512
-11.4036
-2.89813
-8.81054
-2.29623
10.5145
23.2241
30.6494
32.4982
31.3609
32.9553
36.4892
37.8461
35.9243
32.1751
29.2068
27.2211
23.7623
23.3709
25.728
31.1139
35.9812
39.3469
40.6317
39.8818
37.5843
34.4073
29.9029
22.8023
11.4272
-1.19163
-13.4242
-22.5032
-18.0659
-10.9401
-17.9584
-9.35909
-8.62331
-3.87198
-8.48876
-14.7414
-22.7226
-22.1604
-16.8455
-19.2485
-22.1864
-21.6822
-18.9425
-16.4528
-15.3605
-16.4562
-20.21
-26.3347
-30.1354
-27.0558
-23.1691
-20.8943
-12.2946
-0.908994
7.49352
11.3829
11.8169
10.6081
9.19718
8.18212
15.5979
26.3501
33.522
36.6079
36.1424
32.539
26.1762
17.0893
5.94748
1.40311
7.15598
16.0184
21.5738
23.5806
22.6974
19.9974
16.3587
11.0576
3.52075
-0.688512
3.72
6.36729
5.58219
1.79167
-3.58693
-5.95559
-3.94743
-1.85019
-2.7369
-3.8844
-1.53982
2.95597
5.46129
5.29498
4.54517
5.60661
8.42042
9.87271
9.95151
10.1057
11.914
13.4829
13.5119
12.5432
11.9724
11.2547
10.3614
13.8523
19.9465
22.612
22.2578
17.6792
12.0677
1.61562
-4.84152
-4.40968
6.47015
18.9845
25.2138
30.0764
37.3712
44.5363
49.6557
52.8746
54.5301
55.0372
54.5689
52.7202
48.992
42.7369
34.925
32.304
33.8623
35.1568
34.6561
33.5391
32.1152
31.4462
31.8402
32.0932
31.5086
29.718
26.0244
19.5393
10.7428
3.25741
-3.50578
-6.35765
-13.3917
-5.82134
-4.53549
-1.36201
-6.42164
-13.5985
-23.7383
-25.1604
-14.9214
-16.52
-19.0808
-19.5245
-19.5197
-20.9231
-22.4493
-23.0823
-23.5429
-17.8721
-12.5932
-10.5439
-11.5153
-13.3963
-13.7661
-9.34851
-0.554202
7.41732
11.3785
11.7238
9.78985
9.28959
13.0755
21.5686
31.2507
38.3597
41.7335
41.26
36.8514
28.5244
16.8659
6.80569
11.3491
20.0941
24.8049
25.2398
21.7644
16.5352
13.979
11.8206
6.34228
-1.74382
-1.97716
1.88425
2.81054
0.303178
-4.25131
-7.53387
-7.63525
-6.72821
-6.63592
-3.24231
3.12812
7.75822
8.49121
7.0087
7.22124
10.5905
13.0828
13.6512
13.0185
12.2668
12.2493
12.4341
11.6587
9.68277
7.01861
4.14647
3.5911
6.13075
8.32844
10.0111
8.21006
4.32498
-1.81462
-11.7452
-20.673
-15.683
17.7679
34.4136
44.436
49.5375
50.6707
49.1765
48.5827
51.5538
54.394
54.7833
52.7306
48.9525
44.116
38.5282
34.1917
33.8468
36.0788
39.3013
42.8288
44.9816
44.638
41.573
36.1773
30.4525
26.5633
25.0603
22.5701
16.7842
8.74918
1.6999
-4.35155
-9.48123
-14.7689
-7.40819
-5.52612
-1.34069
-4.38364
-10.5647
-18.1909
-17.3597
-8.90083
-9.93765
-9.63234
-3.41417
1.7456
3.04679
0.532728
-4.90714
-9.54596
-10.2492
-11.6238
-15.7768
-17.3485
-14.4631
-12.9581
-14.4042
-13.2928
-2.67493
7.28946
13.2105
15.4067
14.294
11.017
8.9702
12.3016
15.66
16.8796
17.5702
18.1676
16.8325
13.2217
7.85486
2.9597
1.98164
3.26059
3.65698
3.81305
3.81679
2.37247
-1.03782
-5.71955
-9.67818
-14.1094
-18.3658
-21.6158
-21.0967
-19.6784
-18.5268
-16.9218
-14.829
-13.771
-15.6442
-13.3241
-6.57721
-1.29974
1.14767
4.86058
9.25892
11.813
10.8537
6.01562
-1.67276
-6.02312
-2.98892
0.510742
0.766864
-0.783172
-2.58138
-1.81738
-3.26628
-0.628656
1.81641
3.74513
2.88455
0.238766
-5.0458
-10.9629
-13.2445
11.4329
31.3965
43.4807
48.9893
49.9294
47.7518
44.3092
41.1404
38.3547
42.3396
47.3289
49.4119
47.9193
43.0827
36.9484
33.378
32.5704
32.2977
30.6059
31.4714
35.0413
37.8176
38.1657
36.9149
36.1475
34.9142
31.8989
26.6362
18.7637
8.37647
-2.72778
-16.795
-26.1732
-14.5081
-13.1438
-5.28605
-5.44927
-2.44016
-1.76297
-2.93762
-3.94633
0.984687
3.30026
3.3677
3.11054
5.35559
7.71926
7.67964
4.88349
0.259924
-6.34203
-14.2951
-20.6577
-21.9777
-23.2395
-23.3363
-18.8103
-12.8347
-8.09465
-4.72831
-2.62243
-2.15321
-2.33584
-2.00398
-1.48554
0.424367
2.00176
1.42988
-1.76383
-7.0109
-11.7427
-16.1581
-16.3023
-12.9342
-9.27802
-7.29237
-7.39189
-8.82213
-10.848
-13.392
-16.6938
-20.6679
-21.0396
-18.6997
-16.6144
-15.4533
-11.1849
-4.51385
-0.494158
0.193186
-2.18326
-4.70121
-5.19826
-4.17586
-3.13881
-2.22691
-2.32024
-3.7195
-4.18954
0.798325
7.55866
12.6744
15.2649
15.7153
15.8842
18.4915
21.1795
21.5176
18.7936
14.2994
12.0394
13.5686
14.2521
12.0766
7.50789
2.21018
0.809381
0.14531
5.71591
27.6988
42.6018
50.7216
53.7225
53.1973
51.1939
50.4985
51.6446
54.3626
57.1953
57.7758
55.1193
48.9035
41.7525
42.7308
48.0488
51.9683
53.9788
53.9017
51.7708
47.127
39.8776
33.6301
34.7884
36.3994
35.0285
30.1931
22.4038
10.7277
-0.529585
-1.10282
0.251591
-0.0598896
-2.0088
-2.64174
-6.2934
-10.6584
-12.0101
-10.2805
-10.5023
-12.1954
-11.8896
-11.1591
-8.73378
-5.17462
-3.91341
-6.00688
-11.3172
-16.5234
-14.7237
-13.1782
-13.6741
-16.6754
-20.9357
-25.8465
-28.9814
-23.5909
-15.6562
-10.7116
-8.57091
-7.98727
-6.70589
-4.28609
-2.17335
-1.58805
-1.48753
0.477553
3.36796
5.94379
7.03766
5.70984
2.41632
0.89449
3.39956
4.91388
3.48177
-1.08867
-7.41977
-12.3122
-15.317
-17.1014
-16.0379
-14.4832
-15.1093
-15.8464
-13.4631
-4.41301
4.52429
10.0929
12.153
12.2435
14.2949
19.2409
24.2381
27.2264
28.5087
29.7141
31.9751
33.6924
33.0601
29.7625
24.9841
21.4802
20.1021
20.4402
21.8538
21.6567
19.0775
15.2325
14.4784
16.666
16.8805
13.5982
7.15435
-0.77979
-8.15789
-6.6916
2.94413
19.5067
36.0892
46.1445
51.5414
53.9767
54.0385
51.8801
47.5407
43.7844
44.7036
47.0567
47.4381
45.1944
41.6813
43.8224
48.5059
51.3045
51.9185
53.753
56.1322
56.9713
55.8858
54.0713
52.8549
52.0604
49.9246
45.0676
36.5079
24.387
11.9506
8.20685
6.66757
6.98834
9.27283
11.0465
10.7187
8.04996
2.91502
-2.80478
-1.24238
-2.70121
-5.01809
-3.19952
1.10199
3.2757
2.25425
-1.76556
-7.1434
-11.8954
-15.5378
-17.3443
-17.0667
-17.6869
-19.9112
-22.0895
-21.0216
-17.4018
-14.256
-12.13
-10.051
-8.91326
-9.59202
-12.1612
-13.4074
-10.2439
-4.28397
-0.220909
1.5457
2.46107
3.74639
4.30548
3.04622
0.910184
-0.364493
-1.29338
-2.72215
-4.38482
-6.2905
-9.85959
-15.9846
-20.168
-19.6172
-18.55
-18.6198
-17.5206
-16.2087
-13.4984
-8.35633
-1.07227
4.47455
10.3815
16.2586
21.3691
25.3751
28.2826
30.3995
32.6456
35.2222
36.8017
36.0102
32.0787
24.7474
15.0483
6.48456
0.162972
-2.21256
-3.3713
-5.01084
-5.00392
-1.01751
0.250085
0.177647
-0.182499
-0.651161
-7.21901
-16.3501
-9.2597
-9.23799
5.89585
26.2029
39.8572
47.988
51.8303
51.9048
49.5284
48.8878
50.6684
51.5695
49.8532
48.134
50.2895
56.8567
64.0266
69.495
72.5459
73.1825
71.2196
66.4969
58.9129
50.7704
52.0577
57.2736
59.203
57.2995
51.4987
41.8081
30.0091
21.1241
17.8909
14.0251
15.7277
18.8004
21.8169
21.2332
17.6391
10.5295
2.1696
3.71676
4.86616
6.10524
7.82448
9.51543
9.01816
5.2988
-1.1925
-5.7014
-5.16763
-4.22877
-4.15497
-4.61802
-5.49313
-6.87709
-8.08331
-9.40302
-11.5041
-15.223
-17.1446
-15.7419
-14.5989
-15.6636
-18.0778
-17.887
-14.7634
-12.2258
-10.7696
-7.0108
-2.19151
0.704684
1.04679
-0.979399
-5.07304
-11.1413
-16.7547
-18.611
-17.3814
-16.5661
-17.89
-21.2783
-22.144
-20.4928
-20.7801
-23.6203
-24.1284
-18.9297
-10.8273
-4.68124
-1.55243
0.992272
6.11111
10.949
13.4073
13.6576
13.0672
12.7008
11.3205
8.64228
5.80597
5.53343
7.4208
7.4768
4.63688
0.282804
-5.19221
-10.949
-11.0762
-8.0835
-9.49836
-13.0638
-13.6669
-9.65962
-5.59
-2.90635
-4.09548
-8.23961
-9.61168
-6.44558
5.06027
16.09
24.5236
30.0019
34.5737
37.6468
39.4813
42.0126
43.2316
42.7319
40.5458
38.4827
39.3195
42.1486
44.794
48.5239
55.2774
62.0838
66.7507
68.7788
68.2167
65.3492
60.8628
55.6737
50.5341
45.6235
41.3985
36.3075
28.7694
24.656
25.3846
28.7054
32.5248
35.3348
35.798
33.3639
27.7016
19.309
14.0223
18.5292
15.7801
11.9545
7.09983
2.59455
1.18528
2.00857
2.49024
0.999093
-2.50397
-4.09107
-1.4954
-0.0803091
-2.32747
-8.2041
-15.6041
-19.3197
-18.5347
-17.5998
-17.3344
-16.7372
-16.7521
-19.079
-23.6251
-26.2386
-25.6373
-23.5884
-20.4146
-14.9425
-10.2506
-8.08707
-7.19134
-5.59302
-4.63713
-6.36769
-10.8154
-15.0534
-15.6658
-15.655
-17.059
-19.4724
-19.8074
-18.2505
-17.5645
-18.9568
-21.8062
-23.8133
-18.7322
-10.5687
-2.87521
5.17867
12.6486
17.5755
19.6623
19.782
18.6904
17.0488
14.9729
12.259
7.97907
4.27718
4.04163
4.05585
2.29012
-1.12525
-4.64301
-7.52687
-10.9401
-10.6204
-10.1134
-8.71614
-10.2283
-10.3865
-9.4943
-6.59662
-7.0165
-8.01089
-7.02808
-6.91003
1.80558
19.0349
31.2921
39.7172
45.5685
49.7463
53.2444
56.2246
58.7873
59.4111
57.1747
51.6645
43.758
40.6326
43.5368
45.181
44.4721
42.6019
43.4494
47.8819
52.6765
57.709
62.526
65.4598
66.1751
64.8725
61.728
56.4366
48.6184
38.9883
28.5447
23.8361
30.3154
37.0006
39.7504
38.2088
32.4206
24.0951
19.9523
17.5812
14.5574
9.12397
3.93146
2.40585
2.38882
2.72251
2.87308
1.17484
-3.16897
-8.65306
-12.285
-14.9442
-15.3533
-11.5502
-9.53126
-10.9382
-14.3327
-16.7815
-16.6483
-15.2473
-14.1494
-15.4286
-18.4162
-18.5803
-14.637
-11.9517
-11.8933
-13.0103
-12.6713
-10.0724
-7.52661
-5.39461
-2.77056
0.229773
1.78058
0.827404
-2.83547
-8.62572
-13.8861
-15.6023
-14.7953
-13.1155
-11.5044
-10.2086
-9.29416
-8.98179
-7.67609
-6.33717
-7.18146
-10.2285
-6.14262
1.54165
8.8711
12.9062
13.4781
10.6898
5.30306
0.152614
-3.25654
-6.77808
-7.66061
-6.12459
-5.75147
-6.4128
-7.24861
-8.64413
-12.4836
-16.2089
-16.9571
-11.2378
-8.69813
-6.7701
-7.26229
-6.72582
-3.34461
1.24601
10.2748
16.1432
20.8949
23.6343
24.528
24.7114
27.6978
33.1451
37.6155
39.9091
40.4222
40.6301
39.6492
36.4225
33.0887
33.8324
34.8549
33.7434
31.2647
32.4249
37.338
40.5892
40.8381
40.2926
42.5266
45.7478
47.1138
46.2933
43.5595
38.7799
30.9223
22.1551
15.1417
15.2992
28.439
38.2378
42.5384
42.1209
37.7084
32.0186
30.7396
17.9977
12.9868
5.0468
-4.19095
-2.86428
4.71741
10.3584
12.8322
12.2488
8.82926
3.17792
-3.70697
-10.9474
-16.0926
-16.4404
-15.7115
-16.1829
-17.5693
-18.2933
-17.0497
-15.3493
-14.9199
-16.0023
-18.6316
-20.8914
-19.1981
-14.5679
-10.9024
-9.44691
-9.25628
-9.02721
-9.43168
-9.9952
-7.65213
-3.70781
-1.42455
-1.28192
-2.74895
-5.68701
-9.67439
-12.3293
-11.5482
-9.92389
-8.41098
-7.32161
-7.49261
-8.30139
-6.08249
-2.50912
-1.37222
-3.11372
-6.04129
-6.32173
-5.23402
-6.18571
-8.60411
-7.6959
-3.51659
-1.31793
-1.21705
-1.15483
0.661564
2.73939
2.44663
-1.04768
-7.83191
-14.4329
-19.8637
-16.5705
-9.35087
-5.77055
-5.38831
-5.49854
-9.14434
-4.26976
-2.85414
6.18867
14.9749
21.418
24.9123
25.8322
25.5017
26.4547
31.0133
37.5665
43.5176
48.0215
49.9109
49.0963
45.4516
38.9188
31.7955
29.9352
32.2041
35.5711
38.3228
38.8549
36.5989
33.1098
33.9617
39.1964
44.0015
46.8308
47.4229
45.8442
42.4747
37.7727
32.0246
24.7831
16.8909
22.1985
35.6073
45.0294
49.3537
49.2677
45.4098
40.9994
40.4668
6.78983
-0.224932
-5.21439
-6.88596
-5.73544
-3.57645
-2.64959
-4.22377
-8.41191
-12.4615
-12.4544
-11.7526
-12.5646
-15.4329
-19.4775
-23.2135
-25.2668
-25.5669
-25.01
-23.305
-20.9958
-19.7239
-20.1959
-21.4528
-19.8552
-15.4056
-10.8667
-7.47608
-6.45298
-7.90575
-10.3448
-11.5778
-12.7168
-14.1836
-13.4104
-12.305
-12.5722
-14.0804
-15.1837
-14.1784
-12.3644
-12.5101
-15.8899
-21.3027
-23.8536
-19.9798
-15.9957
-13.4561
-10.8916
-8.42457
-6.54858
-4.5646
-2.3036
0.40021
1.68799
1.24827
-0.298709
-3.79168
-9.38735
-11.7206
-6.00801
-0.106528
2.66498
3.71861
3.58716
1.46809
-3.48424
-10.372
-10.173
-8.39653
-6.94355
-8.08857
-8.65475
-9.93774
-6.25879
-7.72879
-7.66547
-5.39462
-2.28913
1.69964
7.354
12.0403
16.5234
21.6461
27.2278
32.5314
34.9826
36.1185
36.1037
35.0188
32.7776
29.1743
25.6697
24.6039
26.3779
29.1885
31.5043
32.4381
32.3752
31.4016
29.4689
28.0213
30.3713
35.3554
38.4858
38.8617
37.1923
34.5024
31.0236
26.2534
25.5643
34.1191
40.2969
41.7522
39.1045
36.0227
37.7834
39.4548
0.948793
2.46637
3.55352
2.25771
-1.08729
-4.02307
-4.73648
-5.52546
-8.6258
-12.8939
-15.5605
-16.207
-16.8474
-16.8092
-16.6911
-17.6202
-17.9626
-16.9538
-16.5791
-17.0464
-17.3034
-17.6184
-17.4857
-16.8754
-17.3011
-19.6786
-22.4848
-20.724
-17.7345
-17.5682
-20.0003
-21.5944
-19.6869
-17.8573
-17.6012
-18.4565
-19.9394
-22.3146
-23.7054
-21.5551
-19.5494
-20.5197
-24.1981
-27.6139
-26.3696
-23.4634
-21.765
-21.7805
-21.0226
-18.7447
-15.4458
-12.0896
-9.48402
-8.73858
-8.57893
-4.84549
1.26983
5.54409
7.11225
7.02205
6.41811
5.01192
2.53703
0.213852
-1.70761
-5.48116
-11.5101
-16.2764
-15.1592
-11.7498
-7.46381
-4.98698
-2.89049
-3.80927
-2.49758
-2.99655
-1.89173
1.06357
3.42921
5.23675
5.26536
6.70638
13.5848
21.738
28.9641
35.0304
38.5837
39.7244
39.0301
36.8827
33.3867
28.4521
23.917
22.9556
24.3881
24.5724
23.0371
21.0809
21.6755
24.3062
28.1147
32.472
36.2329
38.294
38.304
36.1054
31.1663
23.7704
17.8307
16.2797
19.0989
26.5213
32.7946
35.0631
33.2744
28.6657
25.9843
27.5196
5.8012
4.60251
1.31299
-4.73232
-12.3064
-16.6396
-15.5788
-14.9414
-16.0204
-18.0875
-19.9921
-21.3224
-22.9734
-26.1002
-29.2076
-29.0318
-27.9343
-25.0041
-22.8928
-22.3841
-22.9339
-23.2725
-21.6777
-18.9836
-16.5463
-16.1366
-17.2924
-17.3908
-15.6134
-14.8679
-16.5249
-19.2973
-19.4655
-18.2966
-19.6584
-23.8259
-26.9167
-23.1884
-19.3856
-18.8122
-20.3955
-21.9519
-23.9209
-28.4686
-33.7831
-32.8135
-31.6517
-32.1761
-30.5711
-26.8605
-19.1664
-10.4135
-4.53076
-1.91891
-1.97544
-0.911353
4.09134
11.3916
17.9077
21.57
21.6805
18.3322
12.1497
4.85768
-3.15573
-12.4254
-13.3762
-10.4042
-8.52872
-9.33407
-11.4047
-11.5129
-9.44762
-10.5651
-7.61641
-9.17212
-4.06358
0.235732
-0.0568863
-1.62334
1.06676
8.85623
16.7197
22.2584
25.4448
27.4671
28.2238
27.2596
25.4498
23.0184
22.6839
22.9535
21.6995
19.3061
17.1703
16.5605
16.6912
18.2774
22.7744
27.0356
28.0871
26.2465
24.2687
24.7199
24.4463
20.5617
12.7892
1.96855
-4.71736
-2.56078
1.77533
10.4433
18.3636
23.2584
26.4578
28.4662
28.7733
26.7519
5.83347
1.69934
-3.6351
-7.14791
-5.72188
0.402213
5.13689
7.33003
6.92363
4.46809
0.743708
-3.27274
-8.12333
-15.6099
-21.5639
-21.3137
-22.287
-25.4349
-26.6691
-23.6215
-20.0207
-18.4823
-18.631
-19.8137
-20.4628
-20.4782
-20.4327
-20.4882
-20.4742
-20.9734
-23.3297
-27.1407
-28.0239
-24.2977
-21.1865
-19.7055
-18.3767
-17.3957
-17.8216
-19.991
-23.3717
-26.5504
-29.5397
-32.764
-34.0083
-30.8315
-26.4556
-21.5696
-16.6573
-10.8844
-3.03991
5.05725
10.1503
11.897
10.4665
6.46321
5.11245
10.6304
15.1824
16.0807
13.5185
8.52009
3.43425
-0.682932
-4.99533
-10.1868
-11.1687
-10.0375
-8.78668
-9.22719
-9.65675
-10.4987
-11.3199
-15.1186
-13.0705
-16.4958
-18.4126
-14.523
-12.6212
-5.98093
2.43822
10.0725
18.3122
24.6777
27.8997
28.9836
28.7164
27.3934
24.8443
21.0258
19.3065
19.9436
20.5884
21.1407
21.9798
23.8778
25.7412
26.7804
26.4793
23.9768
20.4144
21.7257
28.601
33.351
33.9795
30.3419
21.9776
9.35924
0.995564
-0.156868
3.75173
11.6538
18.7223
22.8792
24.7396
26.2036
26.8446
25.8359
-14.9489
-16.1408
-14.0636
-11.4456
-8.84932
-6.00992
-3.69127
-2.06256
-0.322044
1.19556
1.56288
-0.125285
-4.25364
-9.82543
-13.0739
-13.9397
-16.0801
-19.8375
-22.4888
-21.1578
-17.1541
-14.2522
-13.7591
-15.8561
-19.8645
-21.6348
-18.4889
-13.1341
-9.08308
-7.85857
-9.92847
-15.3176
-20.6515
-18.2871
-14.1802
-13.4538
-16.6356
-22.4023
-25.664
-24.4456
-23.4769
-24.6104
-27.8833
-28.3418
-22.7484
-11.8396
-3.76167
0.430572
3.79854
8.31275
12.4657
15.7529
19.3341
21.6975
21.1617
17.3994
12.2109
10.5033
11.3243
10.8634
7.78415
1.67667
-5.69427
-8.25538
-4.61202
-1.93579
-0.941382
-2.18532
-5.70535
-10.4481
-10.3321
-8.09855
-5.51772
-6.75027
-9.24958
-13.8197
-18.3279
-16.6958
-19.7988
-14.3205
-3.71715
6.44879
14.9252
21.9507
26.7548
28.6608
27.0947
23.933
24.1271
29.4895
33.565
34.7891
33.0263
29.0316
25.1406
21.3248
18.4637
17.5419
18.1965
18.3716
18.41
19.4453
22.005
25.9836
29.1281
29.3624
25.7968
18.0943
7.83439
-1.62382
4.63641
17.5827
25.6894
29.1471
30.0767
31.986
33.9444
33.192
-14.5503
-13.1518
-13.7291
-17.2697
-20.9812
-18.8053
-11.2073
-3.08848
2.79907
5.77485
6.41333
5.11451
1.71373
-4.76862
-15.1461
-23.4282
-22.5403
-19.5148
-17.4139
-15.5315
-11.2787
-6.28694
-4.07034
-5.47958
-10.0329
-14.4755
-14.1102
-11.3829
-9.78622
-10.6877
-14.0779
-18.0297
-19.2534
-18.5919
-18.1503
-19.286
-22.7944
-26.7505
-25.5887
-22.4249
-21.0334
-20.4364
-18.7175
-15.0836
-5.46159
5.06578
12.2904
16.4319
19.1963
22.0409
23.8779
23.8714
23.7246
25.3238
26.1817
24.2881
19.7637
14.324
9.30154
5.24612
1.91089
-3.19961
-9.70036
-12.7873
-14.3322
-16.6527
-17.7726
-19.4019
-19.0382
-19.3387
-16.1213
-16.1957
-13.155
-13.1722
-9.45784
-11.6028
-14.3105
-12.501
-13.1268
-6.00899
1.12276
7.15836
13.0998
18.9571
23.5282
25.9707
25.8868
23.3007
20.9928
23.8719
28.2749
30.1658
28.9037
25.5003
21.9298
19.2064
16.2593
13.2953
12.44
12.5849
15.1238
21.3839
26.5784
29.7585
31.0296
30.6093
28.1852
23.2833
16.1104
8.74311
13.6001
28.0082
37.1585
40.9896
40.4356
36.5991
32.2292
29.5697
-16.9714
-18.396
-20.0476
-20.9049
-19.8531
-18.0152
-16.5346
-15.1656
-14.1165
-14.2141
-14.8984
-15.5725
-17.7676
-22.3321
-26.466
-26.0501
-24.5861
-22.1756
-19.6364
-18.6948
-19.6449
-20.1311
-19.4406
-18.9605
-20.303
-23.0164
-24.7538
-23.4793
-22.3837
-23.8673
-26.9717
-27.9339
-26.1242
-24.7197
-25.1937
-27.5435
-29.5727
-27.883
-25.2942
-24.5217
-26.1858
-28.6559
-25.2362
-14.8847
-6.10482
-1.51848
-0.760816
-3.26345
-4.81002
1.03255
7.32157
10.5151
11.272
10.6475
9.79165
8.77295
6.90092
3.67793
-0.351251
-5.41956
-9.98079
-11.1786
-7.96803
-6.2855
-7.7643
-12.5873
-17.724
-21.7934
-22.5878
-20.917
-17.8645
-17.2374
-15.3281
-16.5031
-13.4856
-17.9884
-19.4725
-15.5813
-16.8562
-8.77253
4.21958
13.9868
20.791
26.5791
31.806
35.0062
34.8787
30.8866
26.2039
26.6454
30.2215
31.7233
30.8673
28.6502
26.4724
24.8735
23.3778
21.8671
20.0076
17.4646
14.8607
14.9307
16.9284
18.3415
18.0268
18.4604
19.3137
18.6817
15.6763
10.7109
11.8514
22.429
31.385
35.427
35.2254
32.1314
30.7317
32.9445
-13.5145
-14.9235
-15.7688
-16.5004
-18.1981
-20.3342
-22.3058
-22.5644
-21.5583
-21.5516
-23.5716
-25.6356
-23.4196
-20.029
-19.3743
-21.1661
-23.3073
-24.4498
-25.3033
-24.3498
-21.8501
-20.4217
-20.2619
-20.0005
-19.2527
-19.0757
-19.8807
-21.5472
-24.3901
-28.4527
-32.0751
-32.6594
-29.3463
-24.2387
-20.4026
-19.3573
-21.2748
-25.3724
-29.1094
-30.6994
-32.0063
-31.2878
-24.5354
-14.4459
-6.42493
-1.75615
-0.513616
-2.07666
-2.78841
1.37498
5.83889
7.99681
7.57826
4.46543
-1.43383
-8.35874
-11.0814
-11.4546
-13.9616
-16.8996
-18.2335
-18.8081
-19.4909
-20.9831
-25.0813
-28.3466
-25.3264
-25.3838
-23.9364
-25.0096
-20.6479
-17.5684
-14.8872
-18.0963
-15.4771
-20.7068
-17.0327
-10.1488
-6.41611
1.18174
10.7281
18.2517
22.2335
23.833
25.5245
26.9939
26.2055
22.7884
20.6116
24.0408
28.0004
29.0277
26.8909
22.7178
18.6155
16.3039
17.6156
20.4271
22.0171
20.4166
16.132
11.8568
14.9349
21.7639
27.0549
28.8296
26.4925
19.3579
7.46416
-2.26435
-1.42479
2.73666
8.96536
14.5436
16.8712
18.1851
20.5299
23.6295
-8.14795
-9.08096
-11.7904
-14.3123
-14.7422
-14.0993
-14.1856
-15.4908
-17.3618
-19.0608
-20.4234
-21.3931
-21.8827
-21.8456
-22.3254
-23.8004
-25.6557
-27.0407
-29.2196
-30.5183
-30.9527
-30.7165
-30.5176
-30.0918
-31.2179
-33.7459
-33.9737
-30.5615
-27.9181
-27.4485
-27.8113
-27.2448
-26.3783
-25.8788
-25.4281
-24.3249
-23.1321
-22.87
-24.3028
-27.861
-32.5122
-32.3351
-26.0832
-22.0486
-21.8103
-24.7416
-30.0041
-33.891
-30.7071
-24.1182
-17.8267
-13.1076
-11.7323
-13.0908
-14.844
-14.0969
-13.2357
-12.565
-11.0454
-10.1209
-12.06
-17.1075
-22.2851
-23.4951
-24.6816
-25.5538
-21.7153
-20.0878
-18.8014
-18.8904
-17.1364
-15.6084
-14.7166
-17.0124
-13.9255
-16.6646
-15.437
-8.44804
-5.9483
0.822543
10.2266
17.6725
21.5464
23.0716
24.9623
28.224
29.2215
26.7408
20.9166
19.859
24.4551
26.9095
26.3456
24.2961
22.8287
21.1536
17.744
12.5777
8.68243
9.92785
13.2538
16.4526
18.7964
22.4395
25.2621
25.3214
21.6659
14.2735
5.51353
1.67748
2.93519
6.8078
12.6169
17.2728
19.3327
19.4872
19.3742
19.5743
-4.37137
-7.19659
-12.3376
-17.835
-16.7352
-12.6892
-11.2869
-13.474
-19.1882
-25.2102
-24.9213
-22.9915
-23.2245
-24.6394
-23.8869
-21.8765
-21.8515
-23.8751
-26.2123
-26.8018
-26.7731
-27.2405
-28.2662
-29.2043
-29.7046
-28.1652
-25.0679
-23.4362
-24.0694
-25.2173
-24.8626
-24.6128
-26.2283
-29.2878
-29.3153
-26.2632
-24.0138
-24.2006
-27.1719
-32.5674
-39.4076
-38.4124
-31.644
-27.5718
-27.3545
-28.8541
-30.0417
-28.9629
-27.7966
-25.7273
-22.35
-19.0435
-16.5805
-15.4875
-16.2381
-18.735
-21.4735
-22.379
-22.1404
-21.8451
-21.666
-21.3123
-21.3159
-22.2978
-24.891
-27.6619
-25.1293
-25.0909
-23.2616
-23.492
-18.0227
-16.0767
-14.1219
-16.4926
-14.7397
-15.2511
-15.1347
-12.8879
-12.5687
-4.5404
5.03843
12.2918
16.5961
19.8799
23.6148
26.7386
27.8738
27.1721
27.6199
29.4647
31.1453
30.7696
27.914
24.7128
26.1864
29.3762
30.5152
28.8557
24.4818
17.9564
14.2062
17.2979
24.8747
31.0567
33.2638
31.1452
24.3231
13.5139
6.66896
4.93054
3.04274
4.45928
9.14868
13.3992
15.1457
14.8079
13.2267
11.6678
-11.9266
-12.5504
-14.292
-17.0172
-20.1443
-21.8223
-21.9705
-20.3913
-17.514
-16.0905
-16.8159
-18.8893
-21.1888
-24.2555
-27.5442
-28.5389
-28.3966
-29.1083
-30.3834
-29.9736
-30.0087
-32.2249
-34.6664
-33.1293
-30.3386
-29.0654
-29.0941
-28.4645
-24.3796
-18.9168
-15.9053
-16.1217
-18.5205
-18.7615
-15.1443
-12.3184
-12.6062
-16.6459
-24.9377
-35.4917
-37.6447
-34.7104
-31.3242
-28.1362
-26.0402
-24.799
-23.0821
-20.9611
-18.5352
-13.908
-8.54288
-5.26999
-4.66877
-5.72047
-8.32356
-13.3824
-21.9528
-30.5657
-29.3521
-26.3464
-23.7273
-20.4977
-17.4386
-16.5437
-18.3187
-22.9252
-26.3543
-28.5898
-25.8654
-23.2646
-18.1531
-16.7478
-14.9558
-14.7843
-10.3491
-8.84106
-5.26876
-1.08387
0.659122
6.91862
14.3208
20.6359
24.051
24.3444
23.8084
27.1299
31.4551
33.1924
32.3149
29.9551
27.5814
26.9083
29.408
34.1638
37.3337
37.6656
35.2509
31.2159
27.2227
22.8648
19.5973
22.0659
26.4651
29.0046
29.0979
26.9273
22.0883
13.5922
4.6221
-1.31916
-6.43078
-2.34839
5.00743
10.0153
11.4023
12.6344
14.4383
14.8893
-10.7475
-7.94008
-6.50442
-7.09642
-10.0913
-14.5571
-17.667
-17.1026
-14.9911
-14.4351
-16.0426
-18.5954
-20.5693
-21.4453
-21.2706
-20.146
-19.7654
-21.3788
-25.0718
-28.1263
-29.2823
-30.4553
-31.7764
-31.7167
-30.3215
-30.1518
-32.0142
-34.7596
-33.4821
-29.6398
-27.5292
-26.872
-26.2463
-23.8754
-20.4153
-18.3053
-18.6929
-21.7083
-26.4308
-30.9947
-31.4514
-28.6943
-27.2106
-28.1333
-31.3919
-33.7893
-32.7342
-29.0038
-24.5978
-19.288
-13.4433
-9.02176
-7.22031
-8.62051
-13.3626
-21.3564
-29.357
-32.0062
-28.122
-24.9434
-24.0483
-25.3241
-26.3184
-23.8153
-21.2699
-21.4308
-22.6138
-25.9741
-24.9254
-25.1075
-20.5876
-18.3773
-15.4232
-16.8519
-14.2506
-15.0733
-15.4502
-11.8815
-10.769
-0.208221
14.0043
25.9542
34.4556
39.9695
43.9747
47.6437
50.3224
51.3686
50.4846
47.7491
43.5226
38.7081
36.6426
39.0225
41.7018
41.9447
39.3719
34.6222
31.0117
34.9745
41.9935
46.1164
46.3994
42.8169
35.3991
25.0962
15.2081
10.1401
8.5738
6.78359
4.17403
6.19184
11.009
14.5042
16.4502
19.6142
22.8342
23.7953
-19.7356
-17.2391
-16.628
-17.9398
-18.5939
-17.2082
-16.1221
-17.0442
-19.5381
-21.7707
-22.5502
-23.4644
-25.4709
-27.4535
-27.2187
-26.6542
-27.8966
-29.1875
-28.0431
-26.4546
-27.466
-31.6641
-36.8877
-38.5821
-38.8559
-40.7855
-43.3038
-45.5442
-46.8193
-47.4857
-41.766
-32.218
-25.4277
-21.3108
-19.0485
-18.0737
-18.4866
-20.4823
-23.6414
-26.8663
-28.1681
-27.741
-27.8762
-29.6992
-32.8192
-34.1511
-31.8582
-29.4242
-28.0296
-24.9543
-20.4834
-17.8963
-18.4615
-20.514
-19.7332
-15.1201
-10.4413
-7.20178
-5.99871
-7.18312
-11.0937
-17.5758
-25.1952
-29.9257
-29.1139
-28.3019
-26.8514
-29.8342
-29.3296
-28.379
-23.6602
-21.5427
-18.5434
-19.4036
-17.351
-22.4906
-24.9027
-17.7536
-19.3293
-9.28979
12.5862
28.1314
37.4848
42.5319
45.688
49.0817
52.3703
53.8859
52.8458
49.1711
43.5774
38.2013
35.4509
35.0972
35.9242
37.7438
39.1415
38.6599
36.0718
33.6863
34.2746
35.0649
33.6185
29.7911
24.2956
18.3146
10.3615
-0.261827
-10.1627
-7.96978
-8.27926
-4.82426
-2.75553
3.14792
11.5531
19.3256
23.1099
23.3671
-27.8031
-22.4349
-17.3504
-13.1075
-9.36634
-6.34406
-4.927
-5.5259
-8.26013
-12.5391
-16.0795
-17.0187
-18.2889
-22.3796
-28.132
-31.3208
-33.2503
-35.9211
-36.4771
-32.3681
-29.8175
-30.6398
-34.4416
-38.5873
-39.9935
-39.183
-37.9095
-37.6165
-38.4955
-40.3947
-40.7059
-35.3963
-30.4785
-27.3684
-24.6943
-23.0239
-23.2845
-24.533
-23.9086
-22.4258
-21.9487
-22.5123
-23.3195
-24.383
-25.6764
-26.9633
-28.0454
-26.9214
-26.0875
-25.3125
-21.3664
-15.0967
-10.0529
-6.20584
-2.66945
0.03132
1.37434
1.99516
1.76824
-0.301492
-4.81041
-9.49178
-11.9424
-15.3114
-21.626
-30.7392
-30.9186
-34.1092
-31.9608
-29.2229
-22.4149
-19.4102
-16.4718
-18.2317
-17.2398
-22.657
-29.319
-19.0447
-19.9289
-9.83108
3.92411
16.9563
25.153
30.4495
34.1409
36.0495
35.7739
35.5249
38.499
41.5667
41.484
37.7725
31.3431
26.1361
25.178
27.1154
30.4793
32.661
32.6936
30.7285
27.7581
25.3185
24.7075
24.8595
23.219
18.5846
12.2705
9.4763
9.2209
7.76237
3.77098
0.368485
0.889201
6.7999
11.6235
14.006
13.7711
12.9155
-25.6725
-23.6592
-21.5051
-21.1152
-23.0294
-25.2508
-25.1311
-23.7373
-23.2022
-23.0087
-22.4235
-21.17
-21.2436
-23.9062
-27.8099
-29.3615
-30.0922
-32.5428
-36.4471
-36.763
-34.2127
-32.8113
-32.2176
-29.7832
-26.9795
-26.3418
-28.3789
-31.5997
-32.9784
-31.8984
-30.1139
-27.051
-23.6878
-20.1177
-14.7485
-8.58433
-4.01411
-2.09581
-2.88225
-5.82939
-9.90558
-14.4385
-20.0332
-25.6808
-29.2032
-30.1531
-28.9068
-24.7335
-21.7838
-21.1467
-22.3356
-22.7756
-20.6767
-16.8825
-12.0385
-7.77233
-5.34395
-4.84267
-5.37431
-6.033
-7.67764
-11.1828
-15.881
-20.7006
-24.668
-29.3623
-30.4252
-34.5023
-34.0897
-34.0958
-25.9394
-21.8822
-18.8202
-20.171
-18.1924
-24.8533
-29.6192
-20.8315
-22.699
-14.0474
-8.33516
4.78123
16.1654
24.4433
29.6329
32.0601
31.8634
28.9839
25.2362
23.896
26.2421
28.9563
29.9861
28.8946
26.0439
23.1835
21.3927
20.1462
19.7853
21.0958
23.5497
25.5362
26.7046
26.8659
25.2731
21.647
17.7496
16.9544
16.4626
13.8681
8.34971
4.31195
6.0616
9.51227
10.1456
7.63262
2.83418
0.467181
-18.0014
-16.4299
-15.7572
-15.8224
-17.0508
-19.5751
-22.1608
-22.9387
-21.7346
-21.7159
-24.6788
-30.5859
-35.1583
-34.565
-33.217
-32.5876
-31.9552
-31.5757
-32.8185
-35.1746
-36.5837
-37.1871
-36.061
-33.651
-31.7186
-31.3742
-32.6698
-35.3431
-38.495
-40.2772
-38.2417
-32.7083
-25.8079
-19.9146
-14.8417
-10.2649
-7.21159
-5.97136
-6.74826
-9.57929
-14.4509
-20.825
-26.5415
-29.9639
-30.0741
-26.6078
-22.7484
-17.0156
-12.0894
-9.50037
-8.82354
-8.54501
-8.14878
-6.9714
-4.97933
-3.05408
-2.14786
-2.17777
-2.55647
-3.45374
-5.29577
-7.83055
-10.127
-12.4597
-16.357
-22.9464
-27.7597
-31.5432
-28.8088
-28.3114
-24.4577
-21.4223
-18.5413
-20.345
-19.123
-26.3366
-31.0995
-21.536
-25.0745
-17.3181
-6.70156
4.62623
11.3061
14.2315
16.7207
19.1891
20.3523
18.7279
18.9838
21.2188
22.6419
22.5354
21.391
19.4078
16.9992
15.1765
14.5989
14.1227
15.7062
18.8634
21.8825
23.8761
24.559
23.6917
20.8811
17.0708
13.4765
10.6965
6.61628
0.832458
-5.43529
-3.51214
5.13758
10.9807
13.2697
12.7478
9.3904
4.02632
-26.5051
-26.1035
-27.3752
-28.116
-26.2322
-23.5749
-22.7844
-23.464
-24.6186
-25.8064
-29.0079
-34.636
-41.5918
-42.5752
-35.4844
-28.615
-25.0226
-24.5834
-26.926
-30.7185
-34.4038
-39.1049
-41.8174
-41.0503
-40.9996
-42.8347
-44.4133
-45.1188
-45.6334
-44.3105
-41.5844
-39.6464
-35.0953
-30.1912
-27.3336
-27.3671
-28.6953
-29.3432
-29.7799
-30.9858
-31.2881
-29.8041
-29.2955
-30.4652
-32.8933
-34.3598
-33.116
-26.2335
-19.9505
-16.7225
-16.2109
-15.5291
-12.2536
-7.45119
-3.18338
-0.577341
0.151021
-0.809081
-2.85111
-5.16813
-6.86076
-7.83292
-8.74976
-9.31067
-8.60684
-8.1074
-9.43859
-13.4969
-18.2601
-21.0863
-19.8262
-18.9089
-17.3632
-19.7723
-18.6308
-25.893
-32.5355
-22.1877
-27.9373
-17.0215
-3.15306
8.66756
16.6488
21.1759
22.8252
22.2883
20.018
17.2956
16.4947
16.4253
16.7007
17.7884
18.9809
19.7838
20.6854
21.7366
22.49
22.344
21.7953
22.0685
23.4905
26.2256
30.8543
34.2062
34.0956
29.6672
20.6397
11.5544
8.8754
6.49283
1.46354
-0.390377
2.52946
7.54775
9.39668
8.27915
4.61381
2.35317
-14.3083
-6.45121
-1.34277
1.08305
1.27319
0.168508
-0.963841
-2.45513
-6.04558
-13.1064
-21.9754
-23.9158
-22.2543
-21.2102
-20.9278
-21.916
-24.878
-29.869
-35.7619
-38.9093
-40.2849
-43.5344
-45.2507
-41.6694
-32.966
-24.1436
-18.6197
-16.8121
-18.6447
-23.8295
-30.2148
-32.7903
-32.0608
-29.9718
-27.6015
-25.2221
-23.7172
-23.2234
-23.9243
-26.3279
-31.0557
-37.4689
-41.5843
-39.9739
-39.1987
-38.1941
-37.2008
-35.7396
-36.0321
-35.8378
-30.9765
-22.9756
-15.8761
-9.9485
-5.83505
-4.17753
-5.46456
-10.0933
-17.4857
-23.0563
-23.5004
-23.7427
-21.3819
-14.3673
-8.76962
-6.86871
-8.06495
-11.6706
-14.9288
-19.0028
-20.2898
-19.5264
-17.5984
-18.0131
-16.1515
-19.9684
-23.4153
-19.8468
-23.5705
-12.3739
2.07403
13.148
19.3672
22.5704
24.5518
25.8258
26.0502
25.4379
25.9299
26.9869
27.0959
25.7516
23.9467
24.2569
25.9923
26.4738
26.2647
27.181
29.2193
31.5434
33.533
35.0607
36.7351
37.7058
36.1818
30.9429
21.401
11.0088
6.83961
6.38028
5.07085
11.3854
18.0142
20.7751
19.4119
14.2332
6.37699
1.17892
-11.9163
-6.00351
-1.82781
0.298434
0.883719
0.650107
-0.296732
-2.69542
-7.41831
-14.2446
-19.5586
-19.4347
-18.4277
-18.5775
-20.3728
-23.8936
-28.9219
-33.6902
-37.8056
-39.9712
-39.9759
-39.7597
-37.5244
-34.5603
-31.3812
-27.5249
-24.2004
-22.8893
-24.1538
-27.3314
-29.7464
-27.268
-23.5567
-21.9487
-21.4615
-21.1138
-21.0553
-21.6347
-22.6123
-24.5663
-28.4247
-33.8554
-38.2656
-39.1154
-36.964
-33.4546
-29.465
-25.2982
-22.7121
-21.1588
-18.7189
-14.8868
-11.886
-8.93894
-6.0599
-4.48858
-5.51997
-9.64573
-16.5526
-22.992
-23.4758
-20.2467
-17.7559
-17.9228
-21.5341
-28.0774
-30.0042
-28.5841
-25.541
-26.0837
-24.2257
-22.4415
-19.8593
-20.1713
-17.0298
-18.2829
-19.7763
-17.8033
-21.0107
-3.66504
12.5133
23.4072
28.8027
29.8375
27.2561
23.1499
22.6155
23.6765
26.3895
29.0887
30.6126
31.1698
31.7942
32.8234
34.0038
35.9124
38.0585
39.4434
40.3492
42.0674
43.6364
43.5033
41.1149
36.7235
30.6753
21.5852
10.0921
3.50957
3.09776
3.64104
9.54973
21.1875
28.8335
31.4603
29.328
22.1032
9.83332
0.722344
-13.8259
-14.612
-11.8565
-8.51647
-6.98012
-7.72068
-10.6814
-15.4294
-20.974
-25.4429
-27.1411
-27.0084
-27.3783
-29.4157
-31.847
-33.4306
-35.2068
-38.014
-41.6538
-40.8632
-37.4089
-35.6313
-35.6993
-36.5844
-35.9289
-35.0161
-35.5669
-36.853
-36.9223
-36.1934
-37.2258
-38.9325
-37.5599
-34.212
-31.47
-29.0357
-25.7339
-23.1971
-23.1254
-25.6865
-29.5338
-32.7457
-36.31
-39.2469
-39.4313
-38.0272
-37.6091
-36.7591
-34.5033
-30.3868
-25.5214
-22.275
-21.1358
-19.1677
-16.7991
-16.0145
-17.0153
-18.3602
-19.2101
-20.5694
-23.0282
-24.3825
-23.1106
-21.8071
-22.2028
-24.0334
-25.3897
-28.1924
-27.5735
-26.7139
-22.7909
-19.7043
-15.4802
-14.6341
-12.8161
-14.7887
-16.479
-15.3659
-13.4341
3.37006
20.1613
31.8566
37.5868
38.63
36.6831
36.6202
39.4415
40.6356
39.3791
36.7854
35.5561
36.9662
39.0431
40.357
41.7821
44.6967
47.2783
47.9183
47.3906
48.3594
49.8727
48.956
44.2882
35.4776
23.7667
13.0495
5.7504
1.94943
0.909138
0.504557
3.5301
13.3979
20.9155
23.7565
21.9689
15.7243
6.71762
2.05061
-33.9661
-32.5804
-27.758
-23.4262
-20.2338
-18.3304
-18.0445
-19.8523
-23.81
-28.4042
-29.8198
-27.8314
-26.132
-25.294
-24.9372
-25.8261
-29.0963
-33.9582
-36.2119
-33.9294
-33.0491
-34.6483
-36.659
-35.1834
-30.0593
-25.9916
-24.7523
-26.6163
-30.7711
-34.443
-36.0227
-38.1118
-42.3632
-46.097
-38.7365
-29.6233
-23.5017
-20.8552
-21.4683
-24.5653
-27.8404
-29.4834
-31.426
-33.8674
-34.4572
-32.9473
-32.82
-34.4643
-35.9545
-33.6118
-28.318
-22.5318
-18.8328
-15.8084
-11.5377
-6.16558
-2.86058
-3.04858
-6.93632
-13.6916
-18.3542
-18.9945
-18.6658
-17.4356
-14.8108
-12.6375
-12.0025
-13.4077
-15.8821
-19.1037
-18.0276
-15.6085
-12.7434
-13.0597
-13.124
-15.2633
-15.1453
-12.0792
-13.6392
-7.47587
7.22945
18.4208
24.9264
27.8134
29.5291
32.9635
36.6578
38.7695
38.9096
38.0086
37.9165
38.5951
38.1838
36.0637
34.7556
36.811
39.59
40.9639
40.7482
39.3183
37.1608
34.178
29.1154
20.7939
11.5799
6.85841
3.68485
0.672177
0.515472
2.75775
6.14532
13.3846
19.8599
22.5135
21.0733
16.0674
10.0427
6.84488
-28.5136
-26.5768
-26.4027
-27.5429
-27.4598
-26.2695
-26.1784
-27.8479
-31.1532
-34.0341
-32.5737
-28.8857
-25.5874
-23.9612
-24.298
-26.8703
-30.8799
-33.8259
-33.8957
-32.9564
-33.3824
-34.0252
-33.12
-31.8866
-30.6637
-28.3655
-26.4243
-26.7959
-29.9997
-34.6061
-36.1125
-31.286
-24.278
-19.0817
-16.4653
-16.1651
-17.3275
-19.2845
-22.3992
-27.5158
-34.1118
-38.8005
-40.4498
-40.286
-36.7359
-31.6759
-28.3618
-26.7153
-26.639
-27.2211
-27.5336
-25.5876
-23.1119
-20.8059
-16.581
-10.9979
-7.56045
-7.52161
-10.934
-16.8662
-21.6859
-23.2001
-22.1837
-19.2105
-15.0879
-11.7703
-10.073
-10.3413
-10.7403
-10.3558
-9.28421
-8.85125
-8.15176
-9.1692
-10.9223
-16.1238
-21.5314
-19.1037
-24.6511
-15.0283
-3.17657
5.02717
8.66069
8.78818
9.18779
14.329
19.6189
24.3556
28.6959
30.5277
28.9997
24.8459
23.6671
26.5346
28.716
30.0842
30.723
29.9362
27.3827
24.0913
21.4943
19.5322
16.4107
10.9927
5.19187
3.16754
1.87759
-0.728115
-4.27402
-4.52553
4.38105
17.2064
25.3282
28.4505
27.0996
22.2402
18.1801
18.9332
-21.5162
-21.3926
-22.1999
-22.5157
-20.7188
-18.9293
-18.7023
-20.407
-23.8419
-28.3974
-32.3399
-33.5889
-32.8557
-31.8534
-32.0847
-34.0513
-36.4319
-36.4132
-35.8314
-34.9102
-35.1095
-35.1785
-33.4036
-31.3477
-31.2948
-33.2717
-35.6724
-37.4305
-39.103
-40.6435
-40.292
-36.6343
-29.8159
-22.5302
-17.746
-15.2718
-13.2229
-11.1412
-10.6911
-13.186
-18.771
-25.7383
-29.5189
-27.5314
-22.5407
-17.4505
-14.4919
-14.7026
-18.3011
-24.1482
-26.7437
-24.7085
-23.4294
-23.5509
-25.4263
-28.0047
-28.9974
-28.3366
-28.4246
-29.6439
-29.8466
-25.2893
-18.6262
-14.2697
-12.3209
-12.3961
-13.0064
-14.2089
-13.6993
-13.1808
-13.4294
-15.0177
-16.6858
-19.141
-16.8359
-20.2924
-23.6858
-19.3134
-25.6191
-20.0188
-10.0981
-1.63437
2.96006
5.37759
9.49984
15.6769
19.3823
20.7942
20.403
18.1839
14.5198
10.4988
10.6523
14.3053
16.1127
16.1664
15.6807
15.5953
16.1375
16.0845
14.0449
10.1208
7.66869
8.83618
10.6092
11.0508
9.58722
6.0868
1.309
-1.29436
5.64471
17.0693
24.7389
27.6982
26.362
21.5454
17.3538
17.8632
-24.9243
-34.234
-44.5447
-49.4001
-47.5546
-42.8948
-40.1845
-38.7978
-39.1031
-39.3773
-39.7349
-39.0306
-38.8871
-40.201
-41.1832
-39.9462
-37.8685
-35.1068
-33.2562
-32.9635
-34.4294
-36.3304
-36.5489
-35.8189
-34.2872
-32.1237
-30.918
-32.0265
-35.6753
-40.2611
-42.7433
-42.2536
-37.3276
-28.0753
-21.1012
-17.1341
-15.1647
-15.0411
-17.2314
-22.0748
-27.2286
-28.1467
-27.6502
-27.26
-26.8677
-25.3362
-23.8125
-23.6855
-26.5074
-32.4064
-39.291
-37.7103
-37.2866
-34.06
-30.611
-28.1615
-27.6484
-29.2936
-32.7122
-36.2678
-39.1316
-40.7264
-38.3835
-33.0591
-27.4815
-24.2036
-22.788
-25.253
-26.5383
-27.5486
-23.9509
-20.9548
-18.6617
-21.2403
-19.7194
-22.1651
-22.0547
-17.6318
-18.61
-8.92134
0.745329
6.68991
9.67652
12.0769
15.2073
18.317
19.8119
19.3866
17.759
14.3846
10.1823
5.97208
2.37751
0.169176
1.02155
6.37873
11.7853
13.8387
12.6893
10.3843
9.81366
10.6346
11.2859
12.9794
15.004
16.0355
15.4371
13.0262
8.5479
3.07026
3.5649
13.5289
20.5154
23.0024
21.0857
15.0545
7.37574
4.78849
-26.9462
-31.0244
-33.5656
-34.7618
-33.4709
-29.6027
-27.223
-28.0056
-32.0997
-36.836
-35.9373
-31.7374
-29.1005
-28.9907
-31.1746
-33.4267
-32.6937
-30.8342
-30.5889
-31.475
-33.0232
-34.2057
-34.8892
-35.4948
-34.7516
-31.2593
-28.6037
-28.9503
-32.3944
-37.5027
-41.0292
-41.5588
-37.4432
-30.0891
-24.6568
-22.0303
-21.2352
-21.9261
-24.3522
-27.5353
-27.906
-26.3093
-25.6094
-25.1598
-24.6772
-24.2958
-24.8759
-26.3373
-28.7321
-29.4871
-27.937
-26.8977
-29.1132
-31.841
-31.3619
-29.0285
-28.3433
-30.3819
-34.1906
-36.3137
-36.2458
-36.6722
-36.1417
-32.7138
-30.1088
-30.9589
-32.3477
-39.1109
-35.7457
-33.8332
-27.1302
-24.6815
-21.0571
-23.9158
-21.3866
-27.9775
-33.3277
-21.3567
-22.7078
-9.44172
0.0320203
5.00494
6.90818
7.96054
9.58136
12.2567
14.9921
16.4428
16.388
13.6
9.79007
8.49878
9.08373
9.15814
8.8583
8.02748
7.96439
8.43324
8.9375
9.97314
11.5519
12.2563
10.5311
6.72567
1.96006
1.0474
4.77741
7.61205
8.04394
6.28467
7.65259
17.2633
25.6764
29.2947
28.2683
22.5138
11.969
2.18357
-20.4844
-24.9319
-24.4468
-19.3383
-14.1636
-11.8978
-12.6579
-15.2834
-18.1397
-21.328
-26.0178
-29.3775
-29.6198
-29.8703
-30.8751
-32.0057
-33.2148
-34.1234
-35.005
-35.5942
-36.5327
-37.6506
-38.2162
-38.3131
-38.2415
-38.5507
-39.1049
-38.9102
-38.0928
-38.2859
-39.6619
-38.7809
-34.7158
-29.7743
-25.5456
-23.4636
-24.1447
-27.5278
-32.3664
-35.3071
-35.3681
-34.9607
-35.2436
-35.6301
-36.565
-37.1263
-38.5359
-38.6826
-35.8725
-28.8473
-22.8294
-19.6902
-19.7483
-20.8176
-20.3804
-19.0736
-18.9808
-20.4611
-22.4678
-24.1295
-25.6111
-27.3822
-29.1559
-29.7078
-28.508
-27.8662
-26.7736
-28.4318
-29.0139
-30.6113
-26.4758
-24.9755
-21.9035
-24.3066
-21.6048
-27.7607
-31.6784
-21.2451
-25.7143
-17.0783
-6.96378
0.838019
6.5063
10.937
14.5919
17.9657
19.5332
19.6002
18.7799
16.3799
13.35
10.9461
10.1508
10.0028
8.58274
6.76829
8.53613
12.3503
14.0178
12.3696
7.49865
1.78573
-2.71192
-6.20913
-10.4595
-12.2647
-15.0223
-20.1529
-25.7822
-27.3824
-16.6009
-4.42126
3.18938
7.50659
7.8511
5.37116
0.873758
-4.52756
-14.9844
-14.7419
-12.3257
-9.26009
-6.03192
-4.08968
-4.48926
-7.23327
-11.3855
-15.9368
-21.1129
-25.3352
-27.6516
-27.6994
-26.1694
-25.0872
-26.09
-29.0338
-33.6622
-38.054
-38.6939
-34.5236
-30.4837
-29.0789
-30.0785
-32.2157
-33.4407
-33.4404
-33.5022
-33.8671
-33.0931
-29.2127
-22.8723
-17.4918
-14.6378
-14.6551
-17.3119
-21.72
-26.0583
-29.4901
-32.3353
-33.9227
-33.9964
-33.8555
-35.333
-35.3916
-32.7949
-26.2711
-19.9093
-15.4393
-12.2471
-8.91937
-6.3885
-4.48739
-1.83272
1.59382
3.69374
3.32414
0.51349
-3.88378
-8.52976
-13.5696
-20.3563
-28.4133
-33.0494
-34.6272
-30.9577
-31.3959
-30.2918
-31.3121
-27.6959
-25.2861
-22.3262
-24.1417
-21.2045
-26.689
-29.6
-21.7569
-25.8875
-18.8149
-11.3819
-5.35635
-1.05942
3.23626
8.38259
14.995
20.1253
23.0759
23.3333
20.3603
15.3696
12.0939
11.7329
11.0098
8.74376
6.22687
6.60516
8.79178
9.92426
8.39484
3.39
-4.50719
-14.6174
-18.6813
-24.182
-25.2492
-26.8646
-27.7464
-26.9533
-27.3882
-20.6413
-9.98747
-2.97059
0.683251
0.309164
-2.05275
-5.36269
-9.13671
-14.5406
-15.9971
-17.881
-18.1329
-15.8153
-13.9299
-14.2502
-16.9095
-20.3057
-21.995
-22.2331
-21.5292
-20.3886
-19.6695
-20.195
-22.2743
-25.9111
-30.6806
-35.0116
-36.3885
-34.96
-33.0844
-32.4988
-33.3315
-34.6495
-35.7089
-36.8627
-38.5798
-38.6085
-36.2023
-33.0825
-29.3208
-24.6388
-20.3788
-18.0126
-17.9608
-20.2096
-23.899
-26.9026
-28.1787
-29.4883
-31.7284
-33.6256
-33.552
-33.1574
-30.4142
-24.6905
-18.8477
-15.045
-13.2796
-12.1941
-10.1226
-8.08707
-6.91334
-5.1321
-2.51026
-1.09073
-1.60648
-3.34094
-5.62374
-9.26998
-14.9757
-21.2027
-24.949
-27.6571
-31.5107
-31.3756
-32.4105
-28.7213
-27.2244
-23.892
-22.4711
-20.2008
-22.2449
-20.8363
-25.9179
-30.9527
-21.4946
-26.9749
-18.0073
-8.58579
-0.527448
4.26342
6.44734
8.1209
12.3112
16.5448
20.0697
21.7701
20.4651
16.1606
9.98221
5.83987
4.39246
2.94197
-0.229092
-1.59502
-1.22471
-1.77127
-4.85898
-10.6256
-13.8499
-19.2635
-22.0788
-27.0646
-27.2735
-29.6767
-29.5861
-24.7243
-20.1912
-16.0434
-13.1622
-12.8812
-10.9599
-12.6717
-14.7287
-17.9685
-19.9046
-10.1391
-11.55
-15.4059
-19.9356
-21.2663
-19.9827
-19.6019
-21.6953
-25.6557
-28.219
-27.9322
-27.3905
-27.2201
-27.0715
-27.2373
-28.1188
-29.7969
-32.3153
-35.1051
-36.5014
-35.5081
-34.2079
-34.0951
-34.7424
-35.3571
-35.6876
-35.8318
-36.5695
-37.949
-37.521
-33.2369
-28.3753
-25.4327
-24.8661
-26.4249
-28.5518
-28.977
-28.5962
-29.563
-31.4554
-32.2855
-31.5658
-30.8344
-30.4821
-30.4751
-29.6916
-26.9904
-23.5251
-20.8788
-19.2996
-18.947
-18.6882
-18.4608
-18.3428
-17.8735
-16.8842
-16.2523
-16.6661
-17.4355
-18.8758
-22.1505
-26.3041
-29.3167
-31.4627
-33.0474
-33.4091
-31.8995
-35.1657
-33.4628
-31.1261
-24.6104
-22.0419
-19.9861
-21.6638
-20.0493
-25.9385
-30.8482
-15.6453
-9.24585
2.68902
9.35113
13.2976
16.3186
18.12
17.9853
16.9778
15.9117
15.1885
14.6499
12.8415
10.1048
6.22624
1.64159
-2.59967
-6.6655
-12.0142
-12.4951
-11.1201
-10.2742
-10.667
-13.0937
-12.8258
-16.1509
-19.7755
-30.1534
-33.5472
-33.9783
-30.024
-24.4265
-21.5525
-19.058
-15.0655
-12.4354
-9.18975
-10.9856
-14.5754
-19.179
-21.1354
6.12133
5.40792
2.42106
-0.852045
-2.63149
-4.17597
-7.72114
-13.7429
-19.1839
-22.1054
-23.7704
-25.5475
-27.6028
-28.8596
-28.7314
-29.0076
-30.7862
-32.5259
-32.8408
-32.453
-32.938
-34.2141
-35.6261
-37.3688
-39.7617
-41.1472
-39.414
-36.7681
-34.7617
-33.7888
-33.6404
-32.3233
-28.5807
-24.9678
-22.2521
-19.8882
-17.544
-16.4198
-17.5717
-21.0348
-25.8715
-30.3423
-34.5499
-36.9934
-38.0188
-37.7816
-38.1713
-38.0679
-36.7307
-34.1602
-33.3242
-32.1385
-31.7883
-31.5813
-33.1463
-37.5274
-38.5724
-33.5711
-29.5867
-28.9916
-31.2233
-33.4727
-33.3238
-33.9742
-35.9363
-39.5304
-37.3005
-40.8498
-35.5141
-31.0271
-26.0025
-22.8514
-19.1227
-20.5225
-19.2736
-21.8355
-23.3863
-8.56365
9.44873
22.2985
28.8145
30.8448
29.5657
26.4447
23.963
24.4694
27.1147
28.5598
27.2272
22.4094
14.8906
10.0041
11.2609
12.7462
11.5681
7.22812
2.39967
-0.647696
-4.04735
-8.3319
-11.7629
-11.9089
-15.1908
-18.8641
-25.5002
-23.4718
-24.1131
-26.2451
-27.2489
-25.4646
-23.2016
-14.9167
-7.90317
-3.02777
-2.30175
-3.02248
-4.04397
-4.40612
1.67509
5.09067
5.78431
4.20183
2.04185
0.755755
-1.2209
-5.60774
-11.8202
-17.0932
-20.5042
-24.0316
-28.0562
-31.5695
-33.6898
-35.0113
-35.5474
-35.8083
-37.5246
-40.6535
-42.9363
-42.5515
-41.6054
-41.3296
-40.52
-38.1064
-36.0408
-36.2717
-38.8212
-41.6831
-40.1298
-32.6512
-23.3419
-16.9262
-13.3198
-11.9617
-12.0458
-12.1315
-11.8436
-12.5313
-15.5091
-20.8887
-26.9579
-31.7333
-34.8629
-36.6948
-38.6496
-40.6045
-43.1251
-42.8363
-40.8026
-36.9553
-37.2629
-38.468
-38.663
-37.7377
-36.0278
-35.0278
-35.0247
-36.3026
-39.5234
-40.3791
-37.7234
-35.4011
-33.071
-32.018
-30.378
-32.1082
-30.2581
-29.2546
-26.014
-24.4884
-21.705
-23.0702
-19.1817
-20.1015
-20.4164
-12.1296
4.87317
16.9528
23.0531
24.659
22.8667
20.2109
21.755
27.4143
33.8711
37.904
38.7199
35.9695
29.6894
21.4782
15.2296
12.8282
11.4634
9.53156
6.61514
1.97854
-4.21994
-10.7498
-17.5376
-17.8781
-21.5541
-22.0507
-28.6606
-27.9447
-30.4863
-33.3041
-30.4822
-22.7281
-18.3098
-11.3351
-6.09003
-1.93093
-1.71557
-3.61272
-5.94948
-6.41593
1.26161
-0.244631
-1.35964
-1.34415
-1.57444
-3.15628
-6.14667
-10.3712
-15.5302
-20.9339
-26.7018
-33.2217
-38.9459
-40.8576
-39.5143
-38.2642
-38.8365
-40.1359
-41.1452
-39.9768
-39.3974
-39.0007
-36.8102
-32.6158
-30.0619
-30.9018
-35.3217
-41.8851
-45.3597
-43.3494
-38.0872
-31.0689
-22.6339
-15.0678
-9.70356
-6.25617
-3.84833
-1.85955
-1.17249
-2.93602
-7.80484
-15.5256
-23.2374
-28.2616
-30.7033
-31.7489
-32.8647
-34.9179
-37.9974
-38.9834
-38.6128
-37.5866
-41.4809
-45.4504
-45.2821
-42.2638
-39.2493
-38.537
-39.1889
-39.8265
-39.6322
-36.48
-32.8069
-30.7077
-29.9109
-30.6446
-30.4239
-33.0418
-31.1247
-30.6682
-26.4862
-24.4373
-21.6961
-23.8452
-21.4469
-25.9932
-29.2441
-20.9452
-7.90498
3.46766
10.052
13.5202
14.7548
14.2496
13.8542
19.4974
28.2648
33.7602
35.0564
32.2762
25.6006
16.8842
11.9042
11.9659
11.6542
9.38977
5.28984
-0.609782
-6.46811
-12.446
-20.5317
-23.2883
-28.1114
-25.3025
-36.0198
-33.9603
-32.7809
-30.4259
-28.2758
-25.0095
-22.5553
-11.166
-2.87627
1.64088
1.30971
-3.2216
-11.2091
-15.964
3.4433
1.02362
-2.14836
-3.53492
-3.6874
-4.9805
-8.38096
-13.8036
-19.5906
-21.7521
-22.0057
-23.2847
-26.1265
-28.1849
-27.6837
-27.4514
-28.883
-30.7762
-31.3508
-31.4538
-32.2382
-31.956
-30.5181
-28.9471
-28.3385
-29.689
-33.3316
-38.3886
-41.943
-42.4965
-39.1179
-32.597
-25.6633
-20.0781
-16.0108
-13.5625
-12.6927
-12.4601
-12.2179
-12.4689
-13.9435
-16.4696
-19.634
-23.786
-28.861
-33.8676
-37.1897
-36.8333
-34.8108
-31.8134
-29.7551
-29.2857
-32.1927
-36.3965
-38.8724
-40.5577
-41.0476
-41.0368
-39.1696
-33.7149
-29.5232
-27.9505
-28.3721
-29.9326
-32.1624
-35.7211
-34.537
-35.6146
-29.4014
-24.7825
-20.1313
-18.8068
-18.2265
-21.5995
-20.761
-25.5836
-28.7775
-17.5133
-6.04743
5.43977
11.802
14.7474
15.4039
14.4519
12.7123
12.2537
12.8469
13.1461
13.0484
11.6404
9.8496
8.99454
9.03669
10.4554
13.4984
15.6804
15.475
12.3314
6.61027
-0.845757
-8.72166
-14.857
-21.078
-21.4002
-27.6827
-28.8678
-30.0915
-28.5818
-27.1122
-24.4236
-24.709
-21.4688
-19.667
-15.2154
-16.8102
-19.4345
-21.7782
-20.3193
2.54804
-0.323538
-5.25667
-10.6933
-13.2821
-13.9899
-15.1528
-16.9535
-18.4177
-18.9994
-19.6673
-21.6828
-25.439
-29.6895
-31.0657
-29.5194
-27.4175
-26.2604
-26.7883
-28.9257
-31.1676
-30.0268
-26.7805
-24.6785
-25.0347
-28.0145
-32.5896
-35.9895
-36.7652
-36.8301
-35.8666
-32.5548
-26.3159
-17.5366
-9.50038
-4.91653
-3.86222
-5.70948
-9.31148
-13.5609
-19.0843
-25.7834
-30.8606
-33.9659
-37.4658
-40.2026
-41.2461
-38.129
-33.813
-28.4491
-24.5591
-23.0453
-25.1479
-29.447
-33.1733
-33.5836
-32.2644
-31.1026
-30.4756
-30.0548
-29.9071
-30.5253
-32.066
-34.6746
-37.211
-39.3423
-34.5938
-33.3735
-28.4213
-25.4088
-21.2062
-19.697
-18.6063
-20.8802
-19.5166
-22.5799
-24.281
-15.1797
-0.453255
10.7069
16.7832
19.3262
20.2025
21.1947
22.4447
22.6826
21.3039
18.5809
17.0236
16.5835
18.3154
21.3933
24.0737
25.5673
26.0589
25.8056
24.3553
21.0103
15.0615
6.95029
-1.98254
-10.5517
-18.8669
-21.6363
-30.0825
-30.656
-30.7082
-29.5962
-29.8958
-24.002
-18.3616
-10.6335
-5.76761
-2.56049
-1.75659
-1.01827
-0.92398
-2.02918
-9.81877
-9.86305
-9.77968
-9.51822
-10.0935
-11.701
-13.2032
-14.2184
-16.1731
-19.515
-24.1442
-29.7062
-34.7681
-36.4614
-37.1582
-37.3159
-35.9449
-34.4342
-34.8379
-35.826
-35.5175
-33.8488
-31.6616
-29.4944
-28.8792
-31.0652
-36.0644
-40.786
-39.4203
-35.4593
-32.2559
-29.6681
-24.0634
-14.5999
-6.52674
-2.3389
-1.77772
-4.13897
-8.03037
-12.0292
-16.8876
-22.8638
-28.7121
-31.9093
-34.4982
-37.8282
-41.7454
-39.8049
-28.4314
-18.1004
-12.7539
-11.8985
-15.5799
-23.6343
-33.6693
-37.8818
-35.2382
-32.2286
-31.3927
-32.2571
-33.3737
-32.7553
-32.2924
-33.0997
-34.2545
-34.4722
-32.1899
-33.5033
-31.1986
-28.2212
-23.2594
-21.2702
-19.3949
-21.7814
-21.1839
-25.6608
-30.2891
-16.5745
0.568544
12.813
19.6975
22.832
23.7311
23.7265
23.4144
23.3887
24.523
25.8084
25.788
23.8323
21.0383
20.6071
24.1178
27.4786
28.5295
27.43
24.788
20.8094
14.9775
7.92991
0.482614
-5.69888
-10.0606
-12.564
-18.4759
-19.5361
-14.1248
-7.98934
-3.16711
1.60024
5.92267
10.4012
14.3256
16.3163
15.6208
12.6397
8.73195
5.2824
-1.66704
0.950194
1.41495
-0.205375
-2.23105
-3.22956
-4.24497
-6.52756
-10.6202
-16.2891
-22.4896
-27.7572
-31.3021
-32.9475
-34.1023
-34.6798
-34.3026
-33.4399
-33.6157
-34.7894
-35.4061
-34.7204
-33.4198
-32.4084
-32.6812
-34.469
-36.5854
-36.9851
-35.8417
-33.4928
-30.5761
-28.7445
-28.7881
-28.7473
-24.5854
-19.9804
-18.1841
-19.5081
-22.9884
-26.4994
-28.9806
-30.9335
-33.8719
-36.0204
-34.4538
-31.7438
-31.742
-31.684
-22.623
-12.264
-7.09601
-6.69737
-10.9403
-19.7562
-29.5548
-35.4719
-38.8402
-41.5482
-43.2875
-43.146
-40.2726
-36.2489
-33.7423
-31.8829
-29.0095
-27.204
-26.62
-30.2571
-31.6587
-29.4952
-23.1906
-20.7908
-19.0789
-21.6724
-20.818
-24.5646
-26.8193
-13.1095
1.76456
13.2742
18.7377
19.7374
17.5831
14.8154
14.3068
16.7765
20.6349
23.3279
23.3928
20.2506
14.7759
10.0568
10.0817
12.0903
12.4557
11.1649
9.99495
9.46708
7.69405
3.54724
-2.93862
-8.55921
-12.2123
-13.6955
-16.901
-14.0069
-8.97868
-2.87594
2.26746
6.01256
8.75165
12.1275
15.9879
18.909
19.7239
19.1424
18.25
17.0513
7.44108
3.66556
1.21367
-0.485578
-2.00513
-2.80439
-1.52169
0.311461
0.170373
-3.2161
-10.0857
-17.2318
-18.9498
-18.2834
-18.1266
-18.9853
-21.425
-25.5774
-29.8953
-31.3786
-30.1589
-28.3863
-26.7816
-26.3601
-27.7207
-30.2027
-31.9492
-32.5223
-33.0887
-33.9837
-34.5191
-32.6935
-28.2524
-22.5294
-17.7488
-14.7953
-13.4976
-13.6573
-15.3969
-19.0292
-24.0315
-28.4711
-30.7789
-31.8703
-32.6804
-33.0693
-34.2308
-33.18
-22.8
-12.4708
-7.54253
-7.47265
-12.3286
-22.4108
-32.5782
-30.8715
-27.4824
-27.3627
-30.0932
-33.8864
-36.7096
-35.0103
-29.8251
-25.3472
-23.2086
-23.7781
-25.6412
-29.9825
-31.2367
-30.0005
-24.1547
-21.9993
-19.9284
-21.9998
-19.7752
-22.0385
-22.5441
-16.4141
-2.91524
9.14321
15.6484
17.8603
16.5256
12.45
7.22291
4.97493
4.17044
3.89457
5.07278
3.43333
0.697163
-1.559
-3.41439
-5.06231
-6.22946
-8.46917
-8.91065
-9.60933
-10.9524
-14.9347
-23.0981
-23.7875
-25.5078
-21.9122
-24.9026
-19.222
-10.0406
-2.52445
2.75431
6.02199
7.85552
9.49176
11.3376
13.5906
14.8745
15.1627
14.6498
13.4775
6.39761
6.59649
5.83338
3.05428
-0.111086
-1.66394
-2.78872
-4.70603
-7.74682
-11.9365
-17.3263
-22.3678
-25.6497
-27.7432
-28.6998
-28.9576
-28.8049
-28.3592
-28.5583
-29.8573
-31.9526
-33.4534
-33.9862
-33.2081
-31.6803
-30.5958
-31.1567
-33.5802
-36.637
-38.0712
-37.4001
-35.0296
-28.279
-17.358
-8.34805
-3.79353
-3.44141
-6.67739
-11.7187
-15.4778
-18.8495
-22.7293
-25.2376
-26.623
-29.1228
-33.0286
-36.7184
-30.5319
-15.3291
-4.0236
1.34413
1.97989
-1.60252
-8.62767
-16.1581
-21.6388
-22.7821
-21.2504
-20.2387
-21.3422
-24.3128
-25.8646
-23.6163
-21.5178
-21.8891
-24.951
-27.4329
-28.2344
-24.5823
-22.4618
-19.4751
-18.5388
-17.8019
-21.0505
-21.6431
-26.7208
-30.6539
-19.2072
-5.5925
5.96903
12.3033
14.6673
14.1929
12.2044
9.83351
8.29273
7.89344
7.06616
6.45986
4.20639
1.63521
-0.24853
-2.87388
-6.42148
-11.0842
-17.1299
-18.6931
-19.0613
-19.4222
-23.5341
-34.0429
-24.7466
-24.8693
-19.8355
-19.3998
-14.7042
-9.22465
-3.26711
2.96398
8.96008
14.0596
16.6036
16.1045
13.6759
12.5357
14.7424
16.6848
17.2515
-1.11773
-7.42897
-9.52268
-9.15174
-9.20285
-10.5369
-13.5203
-18.1514
-23.2584
-26.3525
-28.422
-30.4791
-31.9211
-31.028
-29.4124
-29.2152
-31.3803
-34.8131
-36.3867
-34.6361
-32.4564
-30.0153
-26.5858
-23.2128
-21.0313
-20.7657
-22.7639
-26.9239
-31.4438
-32.4355
-30.799
-30.2632
-29.093
-19.3215
-8.61253
-2.6237
-0.940317
-3.10107
-8.69241
-16.1806
-22.1929
-24.8724
-27.8028
-30.8758
-33.2772
-35.1201
-35.4108
-23.2428
-6.50327
5.3306
11.2449
12.6013
10.0997
5.04926
0.518149
-2.61224
-5.78577
-9.34965
-11.8694
-13.8873
-16.4572
-18.7052
-18.895
-18.3068
-18.777
-20.9853
-22.4195
-22.0029
-19.1826
-18.1115
-17.8179
-17.8502
-16.7075
-18.0907
-17.1719
-21.0533
-22.9383
-15.8807
-6.44942
3.2817
8.58417
10.0464
8.41167
5.11846
2.48157
3.35547
4.5354
5.09999
6.79297
6.12691
3.48373
-1.57672
-7.77631
-10.019
-11.472
-17.7227
-23.1204
-25.3996
-23.7484
-25.592
-34.3029
-26.6488
-28.7775
-25.4994
-30.1337
-21.547
-13.5663
-6.2248
-0.118434
5.11701
8.93832
12.0884
14.6715
16.4307
18.0891
21.0494
23.1824
22.7758
16.9997
17.1555
15.6913
13.2213
10.213
7.09384
3.96532
-0.434063
-7.128
-14.3048
-18.1809
-21.383
-25.9622
-30.0904
-31.4276
-31.2885
-31.6824
-32.3359
-32.791
-32.3667
-31.9654
-30.401
-27.0528
-23.161
-20.9468
-21.2206
-23.4159
-26.36
-29.4526
-32.8801
-32.8545
-25.2181
-16.0429
-9.30227
-5.56877
-4.30297
-4.40477
-5.24932
-7.31142
-11.1481
-15.96
-20.215
-24.2784
-28.5836
-33.0891
-36.9617
-38.2473
-31.0037
-17.3349
-6.29228
-0.472023
1.08442
-0.752303
-4.27801
-6.98212
-9.08944
-12.1606
-16.6799
-21.7858
-26.8092
-29.7621
-30.1179
-29.4444
-29.2245
-29.804
-31.8589
-33.2968
-38.0698
-31.0091
-24.5927
-19.676
-17.8017
-17.1462
-18.5863
-17.1969
-21.9004
-23.9913
-18.1614
-14.1142
-5.25297
0.841498
3.77781
4.26366
3.5313
2.91654
5.77722
8.88721
11.4124
12.644
11.1588
7.63253
2.63102
-2.9055
-7.40876
-10.4758
-16.6496
-19.6244
-22.7642
-24.6458
-27.8317
-34.9833
-26.4151
-28.4329
-25.0169
-28.8132
-21.8617
-13.9505
-6.18945
0.0590829
4.0392
6.81344
11.0695
15.4327
18.4075
19.6429
19.6839
18.473
15.6764
16.6202
16.995
15.7912
13.5304
10.6403
7.41222
3.98862
-0.0417593
-5.69382
-13.2185
-20.679
-26.6022
-30.6775
-31.6811
-32.4121
-33.6702
-32.8286
-29.9068
-27.9756
-27.3365
-27.6672
-29.079
-31.9268
-34.0539
-33.1198
-31.8144
-32.4531
-35.1628
-37.3677
-36.6981
-33.0754
-24.2128
-14.1762
-6.94599
-2.13734
1.11876
2.64338
1.76081
-2.06826
-8.82828
-16.9996
-24.2538
-30.343
-33.9853
-35.2345
-33.3498
-31.1764
-30.0977
-26.2853
-17.1448
-9.5915
-5.29501
-4.13267
-5.102
-6.64477
-7.49591
-8.39998
-10.7402
-15.1681
-21.5472
-28.244
-32.9447
-34.1999
-32.7485
-29.0763
-25.6092
-23.082
-22.4879
-21.2128
-21.0211
-20.4239
-20.6706
-19.6118
-21.9542
-21.13
-26.2967
-28.8879
-22.7445
-25.8956
-22.2037
-15.0126
-6.36028
1.96453
7.80567
11.142
13.1778
14.3059
15.0148
15.996
15.5373
13.2203
8.56584
1.15641
-7.74202
-14.4554
-20.0364
-21.423
-23.2891
-22.7857
-23.0491
-28.0456
-25.0655
-28.417
-26.2672
-33.3075
-26.8222
-18.4673
-9.74437
-3.56865
-0.543747
0.746626
3.58375
7.7427
11.078
12.4279
12.0334
11.1406
11.2029
-16.8233
-20.4257
-20.3665
-19.7237
-21.439
-24.9969
-27.8831
-29.2935
-30.1893
-31.3795
-32.5957
-34.0341
-35.1483
-35.2378
-34.868
-35.3447
-36.5142
-35.7113
-33.0716
-30.5087
-29.3931
-29.5483
-31.3667
-34.2158
-35.1546
-33.7928
-33.4592
-35.4975
-38.0806
-37.6673
-34.2843
-30.1158
-25.8947
-20.5771
-13.7575
-7.24863
-2.88572
-1.54857
-3.42659
-8.35823
-15.2024
-21.5892
-26.7924
-30.4274
-32.6402
-33.5915
-33.4967
-30.1105
-20.0265
-9.52142
-2.68428
0.886635
1.42397
-0.686872
-4.4452
-7.4673
-8.31686
-9.49104
-12.7557
-18.5567
-24.8893
-26.2982
-22.8812
-18.943
-16.0924
-12.9781
-7.94867
-3.6854
-1.85661
-3.1763
-7.0217
-12.2817
-14.8416
-18.1902
-18.3174
-24.1726
-27.4956
-22.2352
-24.3147
-20.1743
-13.3832
-6.8429
0.0674134
5.72545
9.24303
11.0002
10.6628
9.14623
9.07652
8.79583
6.70728
2.25377
-3.49592
-7.23145
-9.07959
-14.4898
-16.1346
-8.96693
-0.379941
4.97013
6.492
4.33235
-2.10175
-11.4647
-23.0972
-29.3833
-27.898
-20.2835
-13.231
-8.83607
-6.00014
-3.14974
0.0731765
4.51425
7.48087
8.42926
8.51138
9.18586
-12.9162
-11.7322
-10.9967
-10.5362
-10.3482
-11.4368
-14.662
-19.8409
-26.1491
-32.7189
-36.162
-36.6355
-36.1671
-35.7842
-35.3377
-34.6756
-34.6423
-36.0887
-38.9019
-40.7862
-40.2899
-37.7544
-35.8271
-34.8809
-34.3527
-33.9787
-33.7701
-33.5218
-33.7368
-34.4525
-34.2873
-32.8116
-31.559
-29.8157
-26.3386
-22.9524
-21.8054
-23.2362
-25.9545
-27.1626
-26.836
-27.4218
-29.4118
-31.8283
-33.9667
-34.909
-34.1231
-28.2109
-15.7345
-3.85302
3.62734
7.8268
9.15215
7.67485
3.30781
-3.93162
-12.3355
-20.771
-27.6748
-30.7887
-29.1919
-24.9447
-19.0794
-13.545
-9.2988
-6.08125
-3.60013
-2.43042
-2.63868
-4.12218
-5.87744
-7.69977
-10.6537
-14.6207
-16.2221
-20.3599
-23.5587
-20.9037
-24.6697
-22.8197
-17.8669
-11.4093
-5.55975
-2.43779
-2.13979
-0.513937
0.47263
-0.280128
0.238234
-1.07649
-1.22788
0.00827217
-0.358564
-3.82824
-9.97918
-20.3479
-15.1796
-4.76839
4.2439
9.40675
10.4696
7.50827
-0.072277
-10.2497
-20.3243
-23.159
-24.9115
-25.4863
-22.9117
-18.6007
-16.1948
-12.7209
-8.54681
-1.69809
2.37314
4.08967
3.44289
1.01083
0.320629
-2.35719
-5.21094
-8.19895
-10.5557
-12.1921
-14.5811
-18.3101
-22.8107
-26.8787
-29.1274
-30.9067
-33.3602
-35.7032
-36.5122
-36.7382
-37.3531
-37.1468
-35.4184
-33.3453
-32.5006
-31.9072
-30.7155
-30.0404
-31.0107
-33.3918
-35.3945
-35.3328
-34.5825
-34.6347
-34.4467
-31.4574
-27.6267
-24.926
-22.608
-20.4841
-19.9195
-22.002
-26.8325
-33.0766
-37.5957
-39.28
-39.9513
-40.7142
-40.9354
-38.5967
-36.4614
-34.7814
-31.4571
-23.3933
-16.2871
-12.0155
-10.6113
-11.3707
-13.804
-17.7493
-22.9549
-29.359
-32.9885
-32.8221
-30.1714
-26.6575
-22.4452
-17.3261
-11.9953
-7.64555
-4.68222
-3.84276
-5.11373
-8.77057
-12.8895
-16.5674
-18.23
-20.6755
-19.442
-21.5758
-22.4061
-19.083
-21.3864
-16.6552
-9.93385
-5.20376
-1.99179
0.271428
3.55127
10.6622
16.8357
20.3587
21.1925
19.8194
17.89
15.7454
11.9829
5.75833
-1.87637
-10.1803
-13.0125
-13.0742
-12.3709
-13.8573
-17.109
-17.0275
-19.759
-20.0343
-26.923
-26.8467
-26.7201
-27.6835
-27.469
-23.6893
-21.1643
-14.7401
-10.7151
-6.33066
-5.29454
-5.84766
-8.28334
-11.36
-2.01498
-2.83126
-4.49279
-7.1102
-10.4945
-14.3161
-18.3147
-21.9115
-24.1779
-25.7134
-28.1653
-31.8226
-35.7941
-38.5979
-40.3565
-41.0792
-41.1048
-40.5875
-40.8032
-39.4849
-35.8315
-32.5465
-31.4083
-32.4117
-34.9558
-38.5308
-42.4332
-45.0807
-44.5631
-42.525
-40.8014
-38.6082
-34.6176
-28.7938
-23.2157
-20.0577
-19.8742
-22.4589
-27.1185
-32.7723
-38.606
-42.6286
-45.5104
-46.7019
-47.576
-45.8092
-44.9069
-42.426
-40.239
-37.466
-33.2857
-28.3485
-25.7745
-25.5276
-27.4778
-30.5785
-32.8274
-34.8964
-36.5709
-38.134
-39.3088
-39.289
-36.5175
-32.0073
-27.7172
-25.5114
-23.5257
-22.2766
-19.7649
-18.4787
-17.4962
-18.0916
-18.6899
-21.5514
-20.793
-26.7809
-30.7121
-23.8734
-24.7751
-15.1916
-7.06509
-1.53248
2.51791
4.98195
6.0997
8.91841
13.1446
15.9244
16.7778
15.8516
15.1333
14.1472
10.9933
5.62768
0.984517
-1.65613
-3.02004
-4.92789
-7.24636
-11.2891
-17.2384
-20.0294
-24.1349
-24.6102
-36.4827
-34.7604
-33.5759
-32.0198
-28.664
-25.185
-25.5237
-19.8333
-15.43
-8.87814
-6.407
-4.96613
-4.87575
-4.96257
-11.2559
-12.5983
-15.3388
-19.5648
-24.4918
-29.2992
-34.6212
-39.9108
-43.5572
-44.4595
-44.5898
-44.2228
-43.4467
-42.6748
-43.4155
-45.917
-49.0808
-49.7642
-48.8872
-46.1035
-43.5876
-41.0604
-40.2613
-40.8943
-41.7336
-41.9179
-42.5535
-44.6858
-47.2912
-47.8432
-46.6213
-43.1137
-37.1681
-30.988
-26.1421
-23.4193
-22.8549
-24.2116
-27.3927
-32.6482
-39.9284
-45.3504
-47.9224
-49.8918
-54.3578
-55.2175
-57.9741
-52.7157
-47.8289
-43.2058
-39.6907
-35.1437
-32.9541
-32.2437
-33.284
-35.8103
-38.9639
-42.6561
-45.0146
-46.0572
-47.6641
-49.1304
-48.7619
-45.5693
-37.6548
-32.4835
-28.1933
-27.5312
-25.3525
-23.9202
-21.6109
-21.7384
-21.3211
-24.4059
-22.9921
-30.3308
-38.8408
-25.1919
-28.8044
-21.8226
-13.5279
-5.53521
0.246624
2.65249
1.69162
0.976684
-0.430829
-2.87485
-1.59261
-0.930919
0.480625
1.34376
1.30144
0.684096
-0.917694
-4.93729
-9.9146
-15.2839
-18.1894
-21.7825
-30.183
-25.9558
-30.5034
-25.9811
-40.8168
-38.1246
-37.4952
-35.0252
-30.3659
-26.7151
-25.9014
-19.5788
-14.2103
-8.81506
-7.93565
-7.87035
-8.4041
-8.77335
-20.6295
-23.3081
-25.9703
-28.4403
-31.153
-34.0804
-37.1951
-40.3627
-42.8523
-44.3633
-46.7783
-48.7345
-49.6803
-49.9938
-50.4342
-50.8927
-52.574
-54.0392
-56.8567
-55.0434
-54.2222
-52.5414
-52.406
-51.8295
-50.8211
-50.0182
-50.1589
-52.2771
-55.5586
-55.4889
-52.4654
-49.1179
-44.9976
-37.5939
-30.2315
-25.5435
-23.9603
-25.1792
-28.709
-33.9175
-39.7151
-44.1927
-48.2391
-50.6689
-55.185
-54.4621
-54.1177
-50.6777
-47.3773
-40.7184
-36.2594
-34.9355
-38.5992
-44.8597
-48.9003
-50.6477
-49.7566
-51.3776
-52.7926
-54.3198
-58.479
-61.6713
-57.2367
-50.1992
-42.666
-39.9249
-33.815
-31.9542
-26.7421
-24.5358
-22.4824
-22.9332
-22.2065
-25.7396
-23.1462
-31.5992
-40.1304
-25.5591
-31.4198
-29.0419
-19.5166
-11.0965
-6.34959
-5.09452
-6.53643
-3.29003
-2.56363
-3.5675
-0.425493
0.240971
-0.0916465
-0.864415
-1.50868
-2.15264
-3.94539
-8.75852
-13.0909
-17.0318
-20.0194
-24.9939
-37.9232
-26.9597
-29.8261
-25.5524
-35.6342
-33.5053
-34.9789
-36.6733
-33.2976
-28.1759
-26.2178
-19.6906
-16.4592
-12.0242
-12.8205
-14.1971
-16.0122
-16.464
