80
-2.76952
0.0674308
1.6805
3.91124
5.73601
4.4693
-0.656494
-5.56841
-4.31134
-1.02201
1.68441
3.25702
2.6676
0.321733
-3.09499
-7.33534
-14.9625
-18.5246
-10.611
-5.32249
-2.54116
-1.48549
-1.64404
-2.58798
-2.97029
-0.627569
0.897196
-1.24161
-6.31317
-10.1334
-9.65253
-9.37905
-7.46257
-5.66587
-5.63531
-6.18679
7.56511
20.9076
43.932
64.3306
75.4856
80.6221
80.7898
76.0775
65.4134
51.4221
62.3457
75.1078
82.2917
86.0264
87.3563
87.5799
87.7696
88.6015
90.104
91.7559
92.9181
93.7642
94.3037
94.6138
94.6072
94.2913
93.7103
93.8457
94.1178
94.7898
94.862
93.2385
88.4731
79.4415
67.8972
56.6167
53.1847
52.8105
47.6493
37.8144
27.4969
18.5298
11.3528
6.82501
16.2988
20.068
23.5084
20.4935
11.8113
3.19213
-1.09689
-2.67081
-1.32696
-1.06718
-5.35977
-9.75224
-6.11014
-0.932834
1.35545
0.777685
-4.08882
-13.7054
-25.3799
-26.796
-16.7885
-7.36621
-2.93448
-2.67476
-5.04665
-5.66449
-5.27307
-7.30733
-12.1342
-17.3471
-20.5942
-22.8528
-19.0559
-13.0201
-10.3744
-11.531
-16.3529
-24.4014
16.7948
13.4843
7.79196
3.7969
6.36222
9.89154
11.7228
12.1655
11.6594
9.375
4.9378
0.651026
2.77511
6.9812
9.03131
8.06957
4.03268
-1.54913
1.19416
9.13051
14.525
16.1798
13.9042
7.77048
5.69155
12.8863
17.9505
19.3601
17.6935
13.552
8.13421
5.79418
9.18382
13.0142
14.6149
14.4341
14.2518
33.9575
46.2018
66.8173
78.0941
83.1012
82.9211
77.4259
65.7582
57.8786
64.0602
74.9037
83.3361
88.5839
91.4371
92.8486
93.6663
94.4171
94.9503
95.1767
95.2709
95.157
94.6425
93.128
90.4785
86.2912
81.0729
73.9395
71.0991
73.9758
78.3193
81.2863
82.6775
81.5383
77.6989
73.6008
69.6915
64.3802
55.9889
45.5934
48.6636
54.6258
56.6424
56.1358
54.3531
52.1346
48.3804
41.7658
30.8688
17.4644
9.49019
5.38352
6.208
9.76206
11.0879
9.56669
6.26804
5.01934
6.96605
7.96414
6.44084
2.95162
0.958842
3.54941
8.227
12.1464
13.9457
13.1391
10.7495
9.92944
11.6896
13.0095
12.7199
11.2194
8.76654
5.65186
3.45914
4.30778
6.45661
7.76912
7.4544
5.61727
5.35397
7.31878
7.58285
5.87665
3.8756
3.73939
3.56283
0.685894
-2.93884
-0.831557
0.424251
-1.7497
-3.96142
-0.282401
4.0432
5.43886
3.85434
0.545836
-1.15296
3.14126
8.07758
10.0155
8.54114
4.60072
4.16141
8.64847
11.0848
10.2943
7.05897
3.44858
0.956308
-0.994927
-2.34755
-1.33374
3.07456
8.03285
20.9536
44.2142
66.0367
79.1102
85.8448
87.2831
83.7517
74.3881
55.287
43.5948
49.847
54.7262
54.7053
49.4009
53.4456
52.2744
47.0497
41.6236
49.5417
49.3997
38.6242
41.5125
40.7121
45.4029
45.4592
45.7884
40.1508
55.1803
64.1668
73.7641
83.8773
91.2737
94.4001
93.6018
88.9555
80.3693
68.7367
59.539
58.5212
62.9108
66.6142
66.7753
63.2165
57.5128
54.3169
52.8883
49.6626
43.4517
34.2634
22.5506
9.66127
-0.0337508
-4.80923
-4.04328
-2.81734
-2.1418
-2.48895
-3.22675
-3.46665
-4.61606
-5.75225
-4.09662
-1.70995
0.830063
1.7953
0.822076
1.19471
3.28104
4.1974
4.41625
3.57635
0.645206
-1.85372
-0.982213
-1.19682
-3.7663
-5.26994
-5.31983
-5.52478
-3.74291
-1.58253
-2.52854
-1.98834
-3.21696
-3.26862
-2.05465
-1.8831
-2.96626
-3.49378
-4.39414
-7.02557
-6.93041
-3.22513
-0.666723
1.13089
3.55312
4.02607
2.01145
-1.3931
-1.89753
0.241311
0.166368
-3.02208
-6.6849
-7.1436
-2.56271
2.92215
5.3633
4.31882
0.652293
-2.97614
-5.56632
-10.7669
-16.8684
-21.9219
-15.2343
-9.43395
-6.44229
15.6775
34.9067
65.7407
81.2883
89.8627
92.784
90.8095
83.5979
70.0971
44.1213
60.3511
72.1505
77.7799
78.5799
74.5039
65.3289
61.9286
66.4571
67.8516
68.3685
69.3874
72.773
76.956
80.2866
83.8722
87.2865
90.2515
93.0024
96.3771
99.6226
101.486
101.11
97.976
91.2157
79.6265
65.9239
62.8898
63.7257
65.0173
68.0992
70.0603
68.5163
62.8811
52.244
37.3332
25.1107
22.4502
23.3958
24.2999
21.1443
14.9819
6.28885
1.22183
-2.80379
-8.80875
-16.6545
-14.667
-7.25163
-3.37933
-2.49419
-5.22952
-10.0438
-8.31092
-4.07901
-3.39113
-6.87599
-14.9675
-20.9888
-16.5922
-12.0981
-10.8327
-12.5311
-13.5654
-12.7295
-13.4027
-15.98
-14.0522
-9.66852
-8.187
-10.9025
-18.0774
-27.143
-3.20605
-5.23483
-6.32266
-5.44975
-4.1061
1.03797
4.93101
5.06922
2.40899
-1.29421
-5.32076
-8.96412
-10.9665
-11.7677
-9.23177
-4.46825
0.130836
2.4689
2.31686
0.530746
-2.31756
-5.22117
-5.79316
-3.57644
0.533903
3.1765
1.95732
-3.21345
-10.1929
-15.7897
-16.2496
-15.2341
-16.7377
-14.6722
-10.8791
-3.87413
21.0679
43.0597
65.2642
80.4974
90.0813
94.4236
94.1174
89.0904
78.8759
67.5721
71.5208
83.5654
91.2373
95.5468
97.4528
98.1596
98.6064
99.1609
99.635
99.7577
99.5096
98.8268
97.9992
97.2915
96.0127
93.9465
92.0346
90.5514
89.5218
87.8967
86.0644
83.373
78.7322
72.7071
65.97
57.8759
54.3674
50.851
49.1122
51.2678
55.7793
58.9134
57.5597
51.0002
38.9166
21.7213
16.4129
15.2811
9.80273
2.84925
-4.49056
-0.153428
2.14514
1.11676
-3.82832
-11.5335
-16.2663
-14.8228
-13.9921
-13.5512
-9.18016
-5.3619
-3.92258
-5.30397
-8.05465
-8.904
-7.86023
-8.88513
-11.1305
-14.5068
-17.5152
-16.0529
-13.3169
-13.947
-16.6629
-16.3634
-14.3809
-15.4863
-19.1761
-22.0019
-23.856
-24.6718
-8.90309
-12.7522
-9.65236
-5.84851
-3.1793
1.35956
6.15197
8.70224
7.52614
2.39343
-5.78463
-10.1212
-7.78259
-7.71311
-11.3022
-14.5624
-14.9834
-16.5521
-18.2504
-15.4507
-8.94405
-3.43078
0.257174
2.50894
2.43485
-1.14673
-8.74138
-18.1005
-17.7779
-15.8395
-15.4751
-13.1194
-6.88491
-3.59217
-3.72186
-6.24247
18.1884
45.9554
52.9576
66.3222
79.959
87.3174
89.124
85.6369
75.0069
61.3082
63.5591
74.3917
80.5583
82.6276
83.5555
85.3367
86.9736
87.6971
87.4035
86.1204
83.3033
79.7376
76.3328
71.788
67.0193
61.2723
53.8963
65.5178
76.5898
86.6365
93.2264
96.9743
97.1724
93.545
85.926
73.9772
57.9526
41.6205
34.5101
42.1178
47.1177
46.8488
43.3135
39.9341
37.4212
33.1899
25.9983
17.83
9.75999
1.8148
-5.97683
-11.9879
-13.1476
-15.2148
-21.5599
-30.6292
-25.2681
-20.03
-18.087
-19.0769
-20.3551
-21.0315
-20.5777
-17.1438
-12.1522
-9.15537
-8.48663
-10.8925
-16.247
-19.6939
-19.0509
-20.3239
-23.8331
-23.0657
-20.831
-19.7467
-15.8456
-10.2875
-7.97631
-9.49615
-14.7349
-24.1331
-13.7387
-7.79564
-5.03723
-5.77631
-8.0296
-8.08863
-7.21845
-5.73065
-3.09274
-2.58573
-5.82949
-10.9096
-12.189
-13.7243
-15.2262
-11.6911
-7.18356
-4.7909
-5.75836
-10.4475
-19.2254
-24.3792
-11.802
-5.9109
-5.56276
-9.87441
-16.1525
-19.6054
-23.5972
-22.9815
-16.4685
-12.3038
-10.9871
-11.6274
-12.8292
-8.07466
17.6421
32.724
50.5639
70.8335
84.1408
90.4515
91.4029
87.2422
77.557
58.5058
74.575
83.646
85.7908
83.1522
77.2501
67.319
57.005
49.8661
55.8373
54.8582
47.7584
58.1078
70.5886
81.5202
91.2608
99.4054
106.495
111.842
115.552
117.779
118.276
116.442
111.876
104.181
93.3746
80.1646
65.465
50.9373
49.6427
54.2758
57.8885
58.7986
56.2451
50.1075
42.1082
33.8691
25.2753
12.8315
5.64021
2.08292
-3.79898
-14.3348
-26.8328
-25.785
-20.4125
-17.5893
-16.7577
-16.5581
-16.6474
-17.0054
-16.9883
-17.6161
-20.5567
-24.2557
-25.6787
-20.7144
-18.0461
-19.6219
-25.9174
-35.5437
-35.7468
-32.4887
-31.8489
-28.1188
-21.6707
-18.0758
-16.6869
-16.5546
-16.3768
-17.9678
-22.1767
-26.9897
-1.64264
-8.15483
-17.582
-30.2514
-31.8839
-22.6241
-10.3059
-0.647702
4.91185
6.79875
5.63277
2.47941
-1.34402
-5.83629
-11.6177
-14.2581
-8.73427
-2.74819
-0.508227
-1.66148
-6.53059
-13.7223
-17.9235
-13.8043
-9.20961
-5.93419
-6.1994
-9.35179
-13.7117
-13.0621
-9.71616
-7.17545
-4.75119
-0.672353
2.16088
5.42915
24.9264
48.032
66.1849
81.8435
92.1627
97.0145
97.1003
92.4127
81.9197
77.395
93.2283
105.032
112.17
115.597
116.269
115.43
114.45
114.064
114.551
115.975
117.685
119.138
120.327
121.459
122.591
123.4
123.216
121.712
118.879
115.176
111.054
106.128
98.7919
87.7963
72.0612
56.8425
48.2198
42.4303
48.9032
56.6372
60.6151
60.0583
54.8287
45.1515
35.9296
33.546
31.6183
26.0722
17.527
6.84685
-7.57588
-18.7245
-13.3133
-7.71035
-5.36822
-4.45366
-4.12266
-5.11312
-8.84824
-15.0989
-22.7378
-28.2982
-26.1482
-18.2431
-10.8304
-6.98432
-6.54244
-9.23168
-13.5857
-14.4273
-13.4517
-14.4607
-17.0687
-16.1408
-11.0444
-7.53979
-6.84923
-8.5313
-12.4267
-17.7067
-23.5216
-27.1648
-4.28896
-7.72579
-13.766
-19.2098
-23.3527
-19.6894
-12.7402
-6.5834
-3.1789
-3.56218
-7.00559
-10.3216
-11.1677
-13.019
-14.8121
-13.3277
-11.3906
-9.95039
-8.15522
-9.03572
-12.3698
-17.3429
-21.0347
-18.719
-12.8575
-10.6219
-11.4804
-15.2592
-19.2866
-21.9977
-23.8273
-24.8796
-15.1789
-4.49291
0.914145
6.08228
26.2764
40.9941
63.8259
80.6943
91.0505
95.5413
95.1093
89.7233
79.6544
80.5099
95.0773
107.285
115.035
119.407
121.489
122.409
123.079
123.766
124.276
124.357
123.801
122.435
120.263
117.428
113.74
108.902
103.621
98.1354
91.8907
83.3006
71.3229
64.426
61.3033
58.5113
51.9006
45.2969
32.4723
34.0274
43.7182
50.7114
53.2235
51.0701
43.5786
28.9476
18.475
21.0223
18.245
12.3499
1.71436
-11.2392
-19.5077
-19.6056
-13.6814
-10.1185
-10.9047
-14.7681
-18.3888
-18.5833
-18.2422
-20.0171
-24.9795
-32.4718
-33.4852
-29.1115
-24.3775
-18.7938
-15.7275
-16.2655
-16.996
-12.9027
-8.44063
-8.32315
-12.8311
-19.9695
-18.3242
-13.4199
-12.1161
-13.9513
-17.1193
-20.9401
-25.0381
-25.6431
-5.53127
-3.43248
-3.61426
-6.43334
-11.3418
-16.1749
-17.7583
-19.8066
-22.7988
-20.5047
-15.0856
-13.6225
-15.1465
-18.1215
-20.8115
-19.3471
-14.1964
-9.51308
-8.05933
-7.81262
-6.93174
-5.89121
-6.31687
-7.90854
-9.58986
-9.88472
-7.28253
-4.0905
-3.03895
-4.75208
-8.86369
-12.7647
-11.6786
-10.1669
-10.9706
-2.10208
22.2062
42.9255
59.9213
74.3261
83.4551
87.1312
86.0645
80.0131
66.295
59.9183
80.0135
89.7587
92.8918
90.2649
81.3523
73.812
81.3477
84.3958
85.3
85.5399
84.5182
81.188
75.0891
72.6235
81.3396
88.9105
94.3753
97.3377
98.529
97.6936
94.5975
88.4719
79.2781
70.2881
65.3847
61.5603
54.8778
46.9365
46.1751
49.3952
51.1435
49.4734
42.9146
28.9463
5.98179
-8.34085
-7.36665
-8.74764
-7.17937
-10.0762
-16.0967
-18.7166
-16.6535
-16.4818
-17.8426
-18.9003
-19.2308
-19.485
-19.5514
-20.9724
-23.4249
-26.3359
-25.5945
-25.9325
-27.1032
-26.5318
-25.0589
-23.9881
-22.1189
-18.1837
-14.9353
-12.493
-12.6592
-15.6931
-21.4689
-28.2903
-31.0027
-31.9333
-33.9609
-31.4586
-24.9025
-20.6807
0.376446
-0.685492
-5.56784
-10.9473
-10.6081
-8.97423
-10.1743
-13.8938
-17.9741
-20.0574
-18.0138
-15.5149
-16.4127
-20.382
-22.3882
-20.7342
-16.8415
-12.204
-9.56236
-9.82009
-11.3857
-12.6471
-15.1641
-20.447
-20.2739
-12.4568
-7.32128
-5.80328
-5.53103
-3.95567
-2.83134
-3.93658
-7.15571
-10.6691
-13.2756
-2.14461
15.4266
33.5864
42.0362
57.4723
68.896
74.4359
74.8513
70.1378
60.0045
43.3851
67.051
79.2444
86.6612
90.4743
91.2499
90.1781
89.2648
88.8
89.1142
90.7533
94.2329
98.3184
101.956
105.07
108
109.869
110.092
108.701
106.059
102.407
97.0193
88.6625
75.5134
63.463
65.3119
65.9323
62.6982
58.2724
55.6017
56.382
57.7033
56.5494
51.589
41.8587
28.1353
11.9051
4.70807
2.30301
-2.37177
-7.73627
-10.7601
-11.9607
-8.61976
-6.00843
-6.85725
-11.9816
-21.4277
-31.3295
-28.8373
-24.0554
-22.6932
-24.0237
-22.4817
-17.9497
-15.8575
-16.1361
-16.6052
-17.5327
-20.6196
-23.2113
-19.7177
-14.3927
-10.6014
-10.4683
-14.3634
-21.3084
-24.4218
-20.7836
-18.6524
-20.0383
-24.405
-26.5885
-10.2018
-14.4241
-19.8887
-21.2679
-17.6106
-14.3856
-12.9583
-13.6368
-15.0168
-14.4308
-13.1145
-14.0468
-17.3575
-21.7281
-21.4591
-16.0727
-11.8595
-10.2789
-11.4424
-13.7658
-13.5902
-10.858
-8.42367
-7.17458
-7.26139
-9.15876
-12.4871
-14.0664
-13.4242
-12.2466
-9.85074
-9.53137
-12.5346
-16.5266
-16.0575
-10.8282
1.0793
18.8159
34.126
52.3356
61.9536
65.9335
65.1378
59.515
48.0965
48.3289
65.4459
79.3446
88.2915
93.806
96.81
98.2289
98.8584
99.3204
99.641
100.062
100.606
100.882
100.415
99.0028
96.3982
92.7781
87.8236
80.8696
69.8744
59.922
66.9841
69.3729
66.1017
58.143
47.6428
41.7698
36.8484
30.6121
32.0338
39.9436
45.8057
46.968
43.4652
35.4951
26.2853
19.9801
14.3216
7.34045
2.93029
2.54899
0.533576
-4.35062
-10.1342
-12.7611
-14.0538
-16.7061
-20.6086
-21.9536
-22.9331
-24.4174
-24.8095
-23.6088
-21.0451
-16.3255
-12.6965
-11.0184
-10.9796
-12.1562
-14.6188
-18.29
-21.3166
-20.679
-17.565
-16.4692
-18.2377
-20.4246
-20.6321
-20.4938
-18.3849
-15.3453
-14.2804
-16.2183
-27.2524
-20.0618
-15.7401
-14.7586
-15.3594
-12.6648
-9.53442
-9.67086
-13.5421
-16.3033
-15.2916
-15.2299
-16.2191
-15.2195
-11.0957
-6.37762
-2.51219
-1.38857
-3.12322
-6.57969
-10.1199
-12.9142
-14.0302
-13.4054
-13.3185
-14.4582
-14.59
-14.3685
-14.0254
-13.5451
-14.307
-15.7367
-14.099
-9.78094
-7.60846
-7.42664
3.69355
20.9658
37.1568
50.256
56.398
57.2901
53.4368
44.7257
35.8503
36.3632
50.6395
59.3498
63.4501
63.1414
60.3698
59.3054
63.3037
65.6235
64.9043
59.6006
56.0705
57.3402
57.2062
55.4689
53.2504
50.939
54.3812
58.8943
62.6603
66.7416
67.8688
67.8714
64.648
57.0427
45.6095
38.1798
32.3461
33.5171
34.147
34.1118
33.2899
31.868
30.4693
28.5279
26.0426
24.2947
21.9304
18.0574
11.2244
3.85456
-5.43174
-16.0378
-21.6112
-19.0294
-14.5306
-12.4231
-13.0737
-15.3994
-15.083
-13.6398
-14.117
-17.745
-23.9768
-29.5587
-33.7198
-35.1791
-30.5579
-28.5736
-29.9678
-28.9525
-26.4655
-26.431
-28.4947
-28.7832
-27.0026
-26.782
-28.7881
-29.4829
-26.4442
-23.8038
-23.6863
-25.6122
-10.158
-10.9981
-13.585
-16.7463
-17.0286
-14.8244
-14.0587
-14.9439
-15.3286
-14.7157
-15.2668
-17.5575
-22.6216
-29.0947
-28.9743
-25.2092
-21.0523
-19.9753
-20.8617
-19.6875
-15.3713
-13.8344
-14.4445
-12.4686
-9.39661
-9.0429
-12.2203
-17.6686
-24.0873
-27.4992
-28.578
-24.2784
-16.4282
-11.9911
-12.0115
-6.7074
8.82079
23.538
38.264
49.1613
56.5682
59.3745
57.7794
51.6359
41.9675
41.4974
56.7937
67.7447
73.1671
74.7467
72.8639
68.038
65.3529
67.1167
71.5235
74.8697
75.9179
74.5833
72.28
71.9463
73.5098
74.2546
72.9684
70.704
67.9469
63.4089
60.6969
59.9155
57.9079
53.201
46.935
42.5476
39.1753
33.3966
30.3853
34.1138
37.9471
38.7766
36.4394
32.8705
31.4893
30.3679
26.6891
19.4907
10.6238
3.75239
-4.76224
-15.8757
-23.3029
-25.9627
-27.2801
-27.2697
-27.2655
-26.9394
-27.7983
-28.3133
-27.5245
-27.8373
-28.4787
-31.2642
-33.0999
-30.6683
-25.7131
-20.795
-17.638
-17.6435
-21.2578
-27.2114
-32.9675
-32.6968
-27.1748
-22.3639
-18.5024
-15.7912
-14.9236
-16.3313
-19.2972
-23.6651
-10.7149
-11.4135
-13.4048
-16.2701
-18.2034
-15.2358
-10.1405
-8.30291
-10.8268
-17.764
-24.6405
-23.4788
-16.8148
-12.2279
-10.8
-11.7072
-14.3946
-17.2274
-18.0138
-13.2223
-8.73564
-7.69382
-9.70047
-13.1002
-14.9169
-16.6955
-18.1304
-19.857
-19.1171
-18.4526
-18.6907
-20.0565
-20.5417
-19.8648
-20.3582
-8.20382
6.92669
24.3989
27.493
42.2472
51.9617
55.5523
54.0472
47.3161
34.5166
40.5315
58.5545
69.1271
76.3925
80.2869
81.9503
82.8214
83.7358
85.1573
86.2458
86.2503
84.4181
80.2829
73.4844
67.7362
64.6896
61.5944
56.6546
51.0455
48.3093
54.0785
55.8251
53.8541
49.1679
45.9963
44.0307
39.8877
34.765
34.0821
39.0443
43.7719
45.0441
42.1992
34.6111
24.8679
23.8551
23.9
20.4205
14.594
10.9298
7.75896
2.60819
-2.94986
-9.3867
-15.9647
-16.3479
-13.9548
-13.0431
-14.5694
-17.9293
-19.4911
-16.5666
-13.8608
-14.1426
-17.2161
-21.8581
-25.1754
-22.5324
-16.3481
-12.3294
-11.2793
-12.4568
-14.6925
-16.8651
-19.2677
-22.5728
-26.111
-29.9487
-30.2953
-27.0219
-23.205
-22.1975
-23.1984
-5.28217
-5.80679
-7.4943
-10.5796
-12.0732
-9.37264
-7.13102
-8.01213
-12.1584
-16.6992
-17.0894
-15.1845
-12.5541
-10.7131
-10.7247
-12.0669
-13.0902
-13.101
-12.7966
-12.7783
-12.65
-12.2705
-11.9133
-11.271
-9.88264
-7.86888
-5.41391
-2.93583
-2.46494
-4.78133
-10.2041
-17.2805
-22.1409
-23.3468
-22.0324
-15.9432
-0.509284
26.0016
37.7095
54.2724
64.5201
69.3253
69.3696
64.6076
54.2256
42.836
42.7485
51.957
56.9544
58.2986
57.9464
57.3234
59.1839
59.8199
58.5949
55.4993
57.6919
61.7085
67.7617
72.664
77.37
80.0618
81.1825
80.4274
78.2633
75.285
70.7087
64.9841
56.8733
48.8933
38.4828
30.1637
16.3825
12.3817
21.1526
32.251
37.6545
38.1718
34.1435
26.1824
19.1719
16.366
14.9572
14.335
13.9478
12.5284
9.16777
3.22742
-6.48597
-12.9294
-11.5568
-10.7224
-11.729
-14.3724
-17.7576
-19.1493
-16.3258
-11.732
-8.88002
-9.10783
-12.3386
-17.2278
-21.3526
-23.7585
-22.8474
-19.8276
-17.9293
-17.8961
-19.3126
-21.3158
-23.722
-27.9998
-32.3718
-33.7973
-32.0881
-29.3391
-27.5136
-27.2591
-8.65715
-10.4794
-8.91466
-9.10391
-9.79189
-7.98809
-6.87772
-8.98066
-14.508
-20.7702
-22.7476
-20.3052
-18.947
-20.0009
-18.6848
-13.9709
-10.5239
-9.44038
-10.6416
-13.9226
-17.2128
-16.0101
-13.5529
-14.2544
-18.3248
-20.0803
-16.8959
-12.3557
-9.88942
-10.8687
-15.5246
-19.9787
-15.0343
-9.68096
-7.8847
-6.98206
-0.457307
17.1605
41.2754
56.4981
65.8981
70.1697
69.8838
64.9707
54.4902
36.8575
40.8503
55.3176
65.4016
71.9563
74.7468
75.5261
75.9628
78.4076
81.8916
84.5062
86.3278
88.0416
89.1752
89.5139
88.4647
86.5798
83.7088
79.5971
73.9681
66.1772
60.3531
58.4334
55.9919
50.9831
42.9394
33.6142
24.022
14.2666
15.7161
24.2208
29.3189
29.9011
26.5708
22.8816
24.3327
26.916
27.4898
25.9537
22.0526
16.0532
9.85558
4.11576
-1.59355
-4.00303
-4.17247
-5.41767
-8.71603
-13.4811
-15.7728
-13.6829
-13.1626
-15.8446
-20.4921
-22.7712
-20.968
-19.3849
-20.2518
-23.8727
-26.4008
-24.0095
-21.8252
-19.6698
-15.5429
-12.1659
-11.4663
-13.6889
-18.4056
-21.9771
-20.2485
-18.0768
-18.7715
-22.7697
-23.5248
-15.7442
-10.7238
-9.64349
-10.5166
-9.72293
-8.32097
-9.30279
-12.765
-17.167
-21.7674
-26.3706
-29.5364
-29.1886
-28.4595
-31.1084
-33.8157
-29.9367
-26.8697
-24.9083
-18.5669
-11.3491
-8.30717
-9.84524
-16.0508
-24.0384
-19.8563
-12.8668
-8.18889
-6.4892
-8.07253
-13.0094
-18.517
-13.7173
-7.02513
-2.67895
0.762338
4.91656
25.5889
38.6482
47.1506
50.5496
50.1822
46.3858
39.3475
27.3703
26.8706
41.2602
48.0816
55.574
63.1026
67.9519
71.8643
74.4189
75.9928
77.8483
79.058
78.5905
75.6172
68.4162
59.272
50.0912
45.8993
49.6496
52.4897
55.2832
55.3623
53.0963
51.2734
49.3568
44.8882
35.4036
16.0719
-4.87063
-4.91835
6.57844
12.2551
13.6649
11.7658
7.28761
2.59011
3.16975
6.17744
5.94977
2.66421
-2.21712
-6.83697
-8.852
-11.4256
-15.5943
-21.0686
-28.4287
-30.1807
-24.6135
-18.9545
-16.0498
-17.0643
-22.6034
-31.789
-35.5612
-32.3106
-26.9568
-24.2799
-24.9143
-28.3551
-31.1673
-29.0412
-26.6322
-26.7003
-28.8302
-26.9154
-22.5676
-20.5389
-22.1328
-24.8394
-23.1153
-21.0139
-22.3575
-15.5066
-12.9583
-12.8217
-13.1038
-13.4702
-15.3945
-18.1816
-19.7757
-21.4017
-22.4282
-22.6051
-23.6948
-26.7128
-29.442
-30.617
-33.1326
-35.3689
-33.8284
-31.0622
-29.5969
-26.0678
-20.4735
-16.947
-17.4558
-22.3381
-29.2599
-31.4414
-29.716
-26.2124
-22.8439
-21.5345
-22.5057
-23.1813
-22.0949
-21.4367
-20.4541
-5.13811
16.9624
23.7765
35.8686
44.9281
49.8201
50.6312
47.3417
39.6803
30.4199
33.5137
42.0394
45.158
44.602
43.0567
41.028
41.241
44.378
47.44
48.7811
46.3623
44.3912
47.4839
51.344
54.7578
59.4257
63.7903
66.8223
68.1882
66.6833
62.781
57.5404
51.9863
47.3474
41.7343
32.0262
19.8252
-2.5512
1.0436
7.09969
11.1916
13.478
14.6525
12.5914
6.94449
0.28819
-3.82168
-6.22462
-8.64504
-11.4379
-15.821
-22.2653
-25.2603
-27.5016
-32.847
-39.7438
-41.616
-34.9132
-28.6619
-24.7834
-22.8742
-23.5573
-26.812
-31.8291
-34.4126
-31.6952
-28.8294
-29.0957
-31.5165
-30.0283
-26.4968
-25.6734
-28.1189
-30.0083
-27.3862
-25.1645
-25.9373
-27.9179
-26.1871
-24.0196
-24.7649
-28.1845
-19.6559
-18.5178
-20.0941
-22.2343
-24.3756
-28.2719
-33.6722
-37.2988
-37.0333
-36.2264
-35.4597
-33.9185
-31.0635
-29.0073
-27.4004
-26.8435
-27.7294
-31.1443
-35.9368
-37.5279
-36.1697
-37.1661
-39.9185
-37.8981
-32.5923
-27.9213
-26.9658
-29.5473
-35.6063
-38.4193
-37.172
-38.1594
-40.6593
-41.1224
-28.7304
-17.0077
-8.42245
14.3751
23.8156
35.5454
43.2322
47.104
46.9747
42.5728
33.5759
26.955
37.1801
44.6355
46.8405
47.5342
47.125
52.2598
56.0049
58.9525
59.6762
57.2029
52.1524
45.1485
44.9732
49.6293
51.3588
52.5185
52.0576
50.2432
46.1978
45.9923
45.5313
43.788
38.2863
30.7738
21.5788
14.7163
11.6421
6.39002
16.0637
22.9277
25.0013
23.2131
17.4665
9.86196
5.28201
5.10797
5.75165
4.29852
-0.245723
-7.30442
-16.1025
-27.1953
-33.9579
-34.8079
-37.2608
-40.6573
-40.1805
-34.2781
-29.5985
-28.6388
-30.7884
-32.411
-30.5865
-29.4694
-29.8055
-30.9898
-31.6971
-31.7904
-31.4737
-31.0232
-29.1221
-28.0262
-29.0226
-32.3441
-38.1227
-44.8464
-43.942
-35.2997
-29.677
-27.2005
-27.4051
-28.6713
-27.2154
-27.0226
-26.4972
-27.8414
-30.7729
-27.2771
-20.2396
-17.5321
-19.4266
-24.7617
-28.635
-28.0748
-26.4666
-23.283
-18.3365
-13.4762
-11.1057
-11.8436
-15.3063
-19.6722
-22.9801
-25.5373
-27.0631
-23.5074
-17.2705
-12.7387
-9.46954
-7.04876
-6.16769
-7.4876
-11.2281
-16.8017
-22.0319
-23.3205
-24.0478
-22.478
-21.7595
4.16112
8.64204
29.1009
41.1526
47.4244
48.843
45.62
37.0959
26.1187
26.2377
35.177
37.9526
36.9572
37.3129
36.5366
36.226
34.8559
35.7148
41.4333
38.8025
43.2707
49.0069
55.5347
58.6915
61.554
63.8152
65.1761
65.1748
63.2313
58.7065
51.7841
43.9436
38.0054
30.4702
17.1389
-3.57399
2.40074
18.2931
29.5394
35.2727
36.2285
32.82
24.8895
13.8463
7.23898
2.61664
-4.69286
-14.2278
-19.1229
-21.7853
-23.2279
-23.0052
-22.3921
-21.9498
-22.9219
-26.1845
-30.0378
-30.7861
-29.2963
-28.2381
-27.7799
-26.7451
-25.017
-24.0693
-23.3405
-22.1329
-21.7858
-23.2156
-24.5734
-24.3036
-21.5941
-19.759
-20.7498
-24.705
-30.0181
-33.4086
-36.0486
-38.5385
-35.5268
-29.4647
-25.5442
-30.2705
-33.1543
-29.1036
-22.4096
-18.0009
-15.5547
-14.585
-14.5172
-15.511
-17.2655
-20.0633
-23.8335
-28.0484
-32.2471
-29.4834
-18.5084
-10.8997
-8.64222
-10.8673
-15.3298
-16.9425
-17.3755
-18.2468
-16.4751
-11.3356
-7.68097
-6.26259
-6.10076
-5.48858
-5.49031
-8.23699
-14.5074
-22.0723
-25.8023
-28.2929
-18.5518
-10.2199
10.5901
22.3483
36.8763
46.0673
50.3391
50.1874
45.6251
36.5808
29.7832
40.7643
52.5353
59.8499
64.4265
66.1481
66.3642
66.3559
67.5881
69.4436
70.75
71.2242
70.91
70.7834
70.553
69.6439
67.0461
63.008
58.7478
53.6166
49.316
46.6055
44.6438
42.4243
37.4724
29.2599
18.8983
4.06319
-10.7213
6.08105
18.9066
26.147
28.9513
27.4682
21.6147
11.2106
-5.23452
-13.1905
-15.3938
-17.7436
-18.8101
-21.4084
-24.4429
-28.6481
-30.2981
-29.3001
-28.3352
-28.9814
-30.9097
-31.4023
-30.5474
-31.259
-31.673
-27.2596
-22.1617
-19.5675
-19.9147
-22.6185
-24.5785
-21.856
-18.8496
-18.304
-19.964
-21.767
-23.646
-26.3166
-26.3253
-25.2511
-26.7381
-29.7513
-28.9584
-25.1129
-23.3789
-26.8216
-27.8935
-23.1741
-17.8575
-15.2158
-15.2067
-16.5752
-18.0193
-19.8936
-20.7888
-16.8266
-13.5203
-13.9768
-17.9692
-21.3956
-18.8722
-15.3056
-13.6724
-14.0536
-15.5235
-14.5993
-11.3523
-9.43833
-9.27515
-10.0238
-11.0448
-12.371
-13.0965
-13.1103
-13.9522
-16.6938
-16.9654
-15.2139
-15.6421
-18.083
-18.0905
-14.2836
1.07928
21.581
34.0981
41.5283
43.6212
41.0853
33.9503
22.0067
17.2669
30.7612
39.1292
46.9468
51.5946
56.3074
59.261
61.0758
62.1752
62.7603
62.5834
59.8435
54.327
47.4843
47.6328
50.1868
54.8174
57.8386
58.9032
57.8853
55.1395
50.3543
44.4533
35.3389
27.7055
22.3417
18.1017
12.3375
-1.40374
-11.1141
-6.87459
-2.5731
-0.188726
-0.0941858
-3.38978
-9.80098
-20.7598
-25.9924
-22.5652
-18.1832
-17.277
-20.0989
-25.8516
-29.4451
-28.0952
-26.3758
-26.4236
-27.0509
-25.0881
-21.0479
-18.7098
-19.1142
-21.8592
-26.255
-32.5757
-35.8788
-31.054
-27.0089
-25.8557
-24.8406
-22.1926
-20.1177
-20.8619
-23.4802
-23.627
-21.1017
-19.3807
-19.8521
-23.2956
-28.0223
-28.3826
-26.4247
-26.3825
-22.6441
-24.9609
-23.6013
-20.5109
-18.0298
-16.6991
-16.6521
-17.7343
-18.9236
-18.6269
-17.3122
-17.1603
-19.2309
-21.4466
-18.0557
-14.0307
-13.7754
-17.269
-22.2356
-24.4637
-25.3484
-26.1232
-25.329
-23.4749
-21.5238
-20.7118
-20.3228
-17.8279
-15.6183
-16.3918
-18.2818
-17.4333
-14.6194
-13.7564
-14.9979
-15.1288
-16.952
10.2984
9.77438
29.4567
40.0281
44.7722
44.5781
39.3696
28.5276
18.1187
27.3612
41.2404
49.5965
54.217
57.7413
61.2736
64.433
66.2203
66.2032
65.087
64.7277
66.0223
67.0995
66.9467
66.2311
65.8327
65.3591
63.2224
58.3332
50.7881
45.9609
44.1319
41.7616
38.2082
32.9148
25.8773
14.8114
2.27268
-5.31466
1.75654
8.1911
11.5659
12.2275
10.3416
5.8422
-2.97232
-13.9293
-18.8051
-18.5284
-18.8514
-21.325
-24.2234
-23.2901
-20.738
-20.9503
-23.7249
-23.2121
-17.5925
-13.4277
-12.4991
-14.4339
-17.8735
-21.1551
-24.674
-29.6854
-33.2729
-31.9849
-28.8831
-26.3265
-23.6336
-20.8146
-18.8724
-18.6964
-20.5441
-23.5264
-24.6395
-23.5891
-22.6779
-21.2277
-19.0593
-18.5948
-20.716
-12.4982
-9.34131
-10.1809
-14.2973
-19.2525
-21.8051
-22.6094
-24.1736
-26.34
-25.301
-20.8955
-18.8852
-19.9167
-22.552
-24.1117
-23.0159
-22.6489
-23.5772
-25.6634
-26.1718
-25.0023
-22.6276
-19.1023
-15.7329
-13.9134
-14.3872
-16.9546
-17.1523
-13.8845
-11.4196
-11.9739
-15.434
-20.2034
-20.255
-15.7776
-10.6219
-5.10804
14.6862
24.9054
35.953
44.5958
48.8293
48.4365
43.0029
30.9664
15.9724
30.069
39.474
45.8247
50.688
55.9949
60.6387
64.3836
66.4509
66.7618
65.4115
63.4476
61.8245
60.5325
58.4085
55.8593
56.9784
59.5624
61.8793
62.7521
61.589
58.6237
55.4075
52.7093
47.9744
42.3122
35.4422
26.0298
13.1052
2.81167
-0.0190976
4.33322
7.27035
7.69022
5.39157
0.263948
-7.41134
-17.4069
-20.9154
-20.2933
-19.5514
-20.9916
-23.2797
-24.1882
-23.3891
-23.7116
-26.4407
-31.0279
-35.5003
-33.6666
-28.3393
-25.1862
-23.8689
-23.423
-23.685
-25.1527
-27.9911
-30.184
-30.2379
-29.0835
-29.3216
-27.7642
-23.1581
-19.9597
-20.1644
-21.9369
-20.7407
-17.1205
-15.2677
-16.4051
-20.6696
-26.5609
-30.1059
-13.4628
-12.0549
-13.7305
-16.4785
-17.7577
-19.2992
-22.6835
-25.6787
-23.1038
-16.6991
-11.3076
-8.74444
-8.76796
-10.2163
-12.392
-16.6147
-23.1147
-28.9016
-28.7353
-25.2505
-23.3355
-24.6128
-28.8753
-32.0381
-29.8008
-28.5563
-29.0238
-27.5259
-22.872
-18.6375
-15.3953
-13.6757
-12.5588
-10.4004
-7.98436
-0.152514
15.4274
32.2721
43.8486
53.6219
58.9228
59.6646
55.8649
46.9719
33.2642
30.2258
46.6677
57.1968
63.6358
67.2269
69.0659
70.1547
71.8793
73.9418
75.7449
76.7494
76.8063
75.386
72.6733
69.5275
66.1853
63.719
62.1789
59.9578
56.9976
53.1485
49.616
44.3296
41.5682
40.9269
37.7082
29.9484
18.9705
11.5567
4.29415
-1.65479
-4.92259
-7.62788
-8.26856
-9.21206
-11.1829
-12.7932
-12.6673
-11.7066
-12.9771
-17.0464
-20.8387
-21.6543
-21.3979
-21.4172
-21.7562
-23.1539
-27.1076
-33.3971
-37.9947
-38.4783
-36.2797
-32.9589
-30.8688
-27.4313
-22.4245
-19.4102
-19.8089
-22.4985
-23.6521
-22.3121
-20.8422
-20.6114
-22.7766
-27.2273
-29.8804
-27.5787
-25.7375
-24.8823
-24.6014
-25.0129
-26.5776
-27.5257
-10.0836
-7.22592
-8.32806
-12.6979
-17.6767
-20.0691
-18.9989
-14.7707
-11.0023
-9.00663
-8.97865
-10.545
-12.7602
-15.1988
-18.5006
-23.7711
-28.9569
-28.4952
-20.041
-13.3605
-10.7483
-12.023
-16.6517
-22.0556
-24.4039
-25.9572
-29.8395
-32.2399
-27.996
-21.7534
-18.2244
-18.1973
-20.9153
-22.3939
-17.6725
3.99588
22.732
40.6798
52.8898
62.9955
67.7858
68.0427
64.0145
55.8053
44.3685
35.1759
46.0427
56.9626
63.7266
68.8715
73.7929
78.1428
81.154
82.8319
83.649
83.564
81.5914
77.1518
69.8668
60.9353
52.1717
55.6905
64.7142
70.0836
71.3407
69.1237
63.5851
55.3719
46.5892
42.1478
38.3999
32.4597
23.8205
11.7753
3.72767
0.047942
2.01066
4.41211
7.32954
11.4092
14.352
14.7786
13.1366
9.50955
3.64171
-4.6277
-12.3255
-19.9873
-28.8715
-35.4609
-35.3534
-29.1566
-24.2131
-21.6715
-20.5864
-20.0563
-19.8387
-19.5465
-18.8137
-17.5002
-15.7155
-14.6637
-15.5972
-18.8905
-23.6216
-27.0093
-28.4985
-28.9253
-28.4286
-27.3507
-25.8673
-25.2984
-26.9273
-31.4862
-35.2885
-30.5741
-23.0168
-18.1164
-20.4517
-20.5652
-22.4694
-27.8354
-33.3094
-28.365
-22.876
-20.3286
-20.5959
-23.0061
-25.5682
-25.8789
-24.5524
-22.1988
-20.0967
-19.8185
-22.3012
-26.3857
-25.3053
-21.3372
-18.4073
-17.4629
-18.5786
-21.8156
-25.0231
-23.8995
-19.7275
-17.1545
-16.7031
-17.8714
-19.9235
-22.7914
-27.3001
-31.5648
-24.235
10.8341
28.0452
42.7139
57.2493
68.7874
74.867
76.3821
73.664
66.6496
55.9461
47.8835
53.6781
65.5115
73.1172
77.9967
81.2549
83.6499
85.3306
85.9966
85.4178
84.1767
83.8759
84.7196
85.0858
83.4781
79.7851
74.972
72.8995
73.9067
73.9119
71.9092
68.6717
65.5432
62.0343
56.4734
49.0185
39.5365
29.8482
22.489
18.6736
15.66
18.8974
26.3895
32.7638
35.752
35.0289
30.6153
22.7328
12.7408
4.02916
1.69791
0.436864
-3.18837
-10.707
-19.6833
-24.2333
-25.2502
-27.1952
-29.4264
-28.117
-24.4565
-22.9053
-24.3002
-27.3203
-28.8668
-29.0465
-28.9441
-27.752
-26.7658
-27.5734
-29.8192
-31.0436
-31.1278
-30.8026
-29.7634
-28.782
-29.5959
-32.5003
-33.3495
-29.0609
-25.2933
-24.1718
-25.6536
-21.8497
-22.2513
-22.844
-22.3156
-21.9908
-22.2051
-21.8162
-21.3109
-21.8783
-24.378
-28.8244
-31.2538
-28.4525
-24.9899
-21.6666
-19.7276
-20.6291
-24.3154
-25.6846
-22.6924
-20.9811
-19.6212
-18.0508
-17.8702
-19.6501
-20.3165
-17.8712
-14.9037
-14.1916
-15.7296
-17.7239
-18.6956
-20.9406
-25.1409
-21.4349
8.73284
30.4713
43.6639
58.7012
72.6755
81.32
84.5455
82.9263
76.1029
62.6598
45.5142
55.2996
64.0037
70.4191
76.5999
82.0757
85.7818
87.7907
88.1033
86.8027
84.539
82.9232
81.7898
80.4637
82.3989
88.2633
92.9697
94.7671
93.705
89.79
82.8854
74.0706
66.7447
62.8017
58.2922
53.1403
47.5372
41.1328
32.278
24.1826
26.4879
29.647
30.1323
29.6957
29.2725
28.0525
25.0692
20.4035
14.6077
8.78958
5.28293
2.94553
-0.923096
-7.81887
-16.2081
-21.304
-23.3343
-23.87
-23.7951
-21.745
-19.2472
-18.1859
-19.8999
-23.3096
-24.8993
-24.322
-25.3357
-27.394
-25.8892
-23.315
-22.5193
-24.3329
-28.6351
-33.3887
-33.293
-30.1461
-29.2273
-31.1155
-34.0748
-33.672
-29.4741
-26.7018
-27.002
-23.1431
-20.354
-18.8654
-17.0646
-14.3379
-12.7492
-13.384
-14.8166
-15.9405
-18.29
-22.8088
-28.6012
-28.9374
-23.3431
-18.8028
-17.0349
-18.3084
-22.2649
-27.988
-33.7174
-36.6559
-35.1464
-31.3316
-29.5149
-28.7076
-25.6024
-21.2514
-18.832
-18.4197
-18.8472
-19.5166
-21.3716
-24.667
-25.6512
-21.1052
4.83211
26.3306
40.5953
60.9642
76.6066
85.8352
89.4715
88.2345
81.8444
69.1126
55.5362
65.1671
76.7918
83.9857
88.7419
92.5873
96.093
98.5789
99.9083
100.777
101.582
101.984
101.951
101.57
101.064
100.057
98.1195
95.0236
90.3293
84.7701
80.7189
79.7742
79.4757
76.7402
70.8932
63.6022
57.9373
52.9545
48.9478
45.4668
43.5421
44.3548
44.498
41.4803
35.6209
30.2537
25.6485
19.6071
12.2047
6.86752
2.69379
-1.74105
-5.37048
-8.35539
-11.243
-14.5306
-15.7062
-15.3823
-16.3936
-19.2883
-19.333
-15.1739
-13.0507
-14.8495
-19.9427
-22.9059
-18.4699
-14.6026
-13.2777
-14.134
-16.8365
-20.051
-21.1395
-20.0918
-17.8777
-16.2729
-16.8617
-20.3099
-25.3922
-26.9387
-24.3631
-21.9694
-21.3967
-18.5295
-14.9083
-13.7005
-13.8057
-13.2374
-11.012
-8.85403
-8.68648
-11.3421
-16.708
-22.9162
-27.4768
-28.1274
-23.9646
-19.9873
-17.9111
-15.8179
-14.2962
-14.7841
-16.8349
-17.4967
-17.3677
-19.2639
-22.1352
-21.6536
-18.0783
-14.545
-13.2631
-14.5476
-16.8633
-18.102
-19.6705
-22.299
-24.2303
-23.9451
-1.13038
14.8914
35.8598
58.6592
73.8923
82.1871
85.0166
82.9816
75.6184
61.2406
42.9958
65.283
77.0692
83.8067
88.7828
94.359
99.3573
102.655
104.542
105.495
105.284
103.211
98.9573
93.6441
90.9461
94.8694
100.602
103.948
104.233
101.194
94.8398
86.5081
81.3969
79.0141
73.7479
64.7237
56.6197
54.6311
53.9927
52.8289
51.5764
49.777
46.1909
40.4769
34.575
31.5058
28.0405
22.4816
14.4653
7.35022
3.7136
0.638018
-4.08017
-8.74676
-11.138
-12.2283
-12.393
-11.7715
-12.1687
-14.8404
-19.359
-20.4254
-17.97
-17.4484
-18.6956
-18.2516
-16.2119
-14.9853
-15.0566
-15.7076
-15.7771
-15.5935
-16.7516
-19.3315
-21.3628
-21.7527
-22.0568
-23.2711
-24.9766
-27.8453
-32.0633
-30.7938
-26.3595
-10.4942
-6.64657
-3.41142
-2.74135
-5.13082
-9.41025
-11.9877
-12.7071
-15.2481
-18.6969
-16.8422
-12.6553
-10.5401
-10.169
-10.1078
-9.31182
-8.46437
-9.02934
-11.8727
-14.1411
-11.6255
-8.93374
-8.87614
-10.895
-13.3234
-13.1816
-10.214
-7.43492
-6.00795
-5.74418
-6.7935
-8.93621
-9.76867
-8.14403
-7.31435
-5.49274
-1.84024
24.3858
36.8849
52.0261
61.1769
65.2209
64.8003
59.8266
49.5524
44.8749
55.209
68.11
75.7229
79.7962
81.3138
81.5814
82.5697
85.4567
89.9541
93.5768
95.217
94.9568
94.2793
95.2296
97.4469
98.5297
97.5448
94.2007
89.013
83.1002
77.9561
72.6984
66.4517
59.3232
50.8236
42.4912
35.9809
35.5913
40.8428
44.3689
45.0505
42.5912
37.2393
35.0474
38.9387
40.7442
38.5022
31.9708
21.4771
10.0787
4.11177
0.307451
-3.80041
-7.68916
-10.4701
-10.8402
-11.2536
-12.8288
-13.7217
-12.1373
-10.1723
-9.97371
-11.5747
-13.5432
-14.4001
-14.6717
-15.3265
-16.7765
-18.6729
-17.3346
-11.864
-8.33149
-8.39497
-11.0504
-12.8893
-12.7748
-14.0369
-17.6492
-20.9791
-20.6624
-19.3965
-19.0818
-17.5125
-15.4226
-11.5222
-9.55736
-10.4747
-12.9708
-15.1331
-17.1833
-19.7472
-20.9182
-20.1065
-18.629
-17.4122
-17.5064
-17.9005
-16.8571
-15.6294
-16.0011
-17.8498
-20.1393
-20.8812
-18.8571
-17.1074
-18.2884
-22.2296
-23.7928
-21.0168
-19.0208
-18.4609
-18.2458
-17.3503
-16.6257
-17.0625
-17.1796
-15.5235
-12.4485
-7.51351
10.0968
20.1185
36.2511
48.8759
55.6858
57.5113
54.6504
46.5921
36.1773
44.968
57.4177
66.4122
71.6794
74.3191
76.0539
78.5861
81.5259
84.2167
86.7059
88.2235
87.5548
84.0757
78.8125
73.7129
70.0877
65.535
62.47
65.1416
68.8449
70.5541
70.6318
68.9557
64.7217
56.5185
43.8549
28.716
27.1273
31.9044
35.6728
36.9695
35.8062
32.8015
30.1735
29.3288
28.4984
25.1211
18.0607
7.43223
-4.13704
-11.9136
-12.3299
-12.1746
-13.8186
-16.9195
-20.6607
-23.073
-22.326
-20.2578
-18.6997
-18.5336
-19.9352
-22.4099
-23.7492
-21.2739
-18.4393
-17.9798
-20.4979
-25.0174
-26.8665
-22.0759
-17.2811
-15.8056
-17.7478
-21.8388
-25.1134
-26.3032
-27.3638
-28.3644
-29.2962
-29.9419
-28.0486
-22.674
-28.1684
-31.0019
-29.3144
-25.1921
-20.9746
-18.8842
-19.4363
-21.5391
-22.7598
-22.0835
-20.4735
-19.1337
-19.2325
-21.3396
-24.5029
-26.4736
-26.4307
-24.3903
-21.9259
-21.3224
-23.0672
-25.9608
-27.6905
-27.5071
-26.7261
-24.0895
-19.5364
-15.9704
-14.2355
-14.4179
-16.6508
-20.9494
-26.2245
-28.3201
-19.0514
-11.3371
25.2112
42.2276
55.1612
62.2012
64.378
62.1048
55.137
43.2305
35.1887
52.9927
65.6912
73.1113
77.0557
79.0474
80.7814
82.6968
85.1717
88.5013
91.0027
91.0768
88.4106
84.1221
80.4787
77.4941
75.2316
74.9098
75.4019
74.2196
71.3977
69.8921
70.0779
68.2781
62.5046
52.482
40.3367
29.6877
23.8226
32.4917
39.763
42.5336
41.0401
35.4933
27.1152
20.7043
17.6917
14.6004
9.60868
1.94802
-7.76608
-14.3772
-16.2048
-19.2289
-24.77
-31.855
-32.4255
-26.7326
-23.8351
-23.9877
-25.819
-26.9217
-27.1287
-28.5864
-31.4285
-32.7357
-29.4266
-27.3541
-27.1946
-25.6832
-21.9523
-20.1355
-22.0633
-27.193
-30.6197
-28.6182
-27.1237
-28.1752
-31.3064
-32.9171
-30.3794
-27.9666
-27.9205
-24.8564
-26.1356
-28.4717
-29.2477
-27.0861
-26.1318
-28.1507
-31.899
-32.9434
-29.5953
-27.3852
-28.227
-31.2841
-34.1555
-33.6785
-30.5689
-27.6099
-25.7667
-23.9714
-22.3595
-22.2296
-24.0486
-26.4606
-26.8836
-26.3395
-26.7292
-26.6381
-25.5011
-24.1599
-22.3478
-20.2802
-19.5662
-21.0565
-23.7205
-26.078
-18.5086
-5.59589
25.4091
39.2466
49.7494
54.5764
54.9715
51.4249
44.3529
34.4055
28.1913
40.4757
53.2184
60.717
64.9684
67.4375
68.6605
69.8425
72.2414
75.5111
77.2285
76.3494
72.8694
67.6217
63.5208
63.8035
67.3101
69.6805
69.3348
66.7809
64.0104
62.7338
60.6559
56.0931
48.6238
38.5591
28.0029
19.7846
16.3959
22.7748
30.1313
34.7405
36.2029
34.1383
28.0107
16.7267
1.56328
-9.13714
-11.7555
-9.41951
-7.95302
-9.70279
-15.2152
-24.2604
-32.9824
-35.0274
-35.8828
-37.5377
-38.9088
-37.5933
-33.6421
-29.651
-27.93
-28.438
-28.1973
-25.9896
-24.9669
-26.7288
-30.4878
-33.6534
-34.5317
-34.46
-34.3632
-33.0045
-30.9152
-29.9484
-30.4401
-31.9869
-34.4369
-35.9634
-34.1851
-32.0448
-30.39
-27.2262
-26.5319
-26.9732
-28.3888
-30.2246
-32.057
-31.4287
-28.9639
-27.9313
-28.0429
-28.0058
-28.1481
-29.743
-31.8503
-34.1726
-36.2683
-34.405
-30.1912
-28.6136
-29.9754
-31.1181
-27.1284
-23.4962
-22.6947
-23.4215
-22.786
-20.2948
-18.2872
-17.772
-18.7894
-20.7568
-22.9899
-24.4613
-24.5818
-23.8907
-15.6369
-2.29815
11.4391
23.3164
33.4621
41.6239
46.8858
48.3099
45.5121
37.7779
25.1768
31.251
45.3832
53.4801
58.5483
60.7092
60.5314
59.4277
61.6972
65.7897
68.0457
68.2281
67.5808
65.933
63.9235
62.3435
61.1594
59.4792
58.5933
59.4567
61.3273
62.2432
62.006
59.9096
55.8056
48.6813
37.5866
26.7599
21.7058
21.2411
25.2417
32.2681
36.4806
36.5394
32.0515
22.2663
9.51936
2.14332
-1.67492
-6.46551
-9.29176
-11.0943
-15.2315
-22.9232
-33.3602
-38.1487
-36.1441
-33.757
-30.196
-26.5024
-24.3221
-24.8222
-27.9701
-31.6446
-33.1455
-34.0095
-36.2461
-37.7617
-37.8809
-37.3805
-35.4058
-33.3427
-33.0815
-33.2103
-32.3114
-31.9115
-33.3738
-34.8367
-31.5406
-25.2353
-20.702
-19.3137
-20.7039
-31.7363
-32.7543
-31.4021
-30.6166
-31.5128
-32.8521
-32.0755
-30.5847
-30.707
-31.3146
-29.6684
-27.6946
-27.0674
-27.6904
-28.4197
-28.9272
-29.198
-29.9598
-32.0294
-34.5699
-35.6034
-32.995
-28.203
-24.3405
-22.6377
-23.2853
-24.7678
-24.7285
-23.3903
-23.581
-25.757
-28.383
-28.8307
-27.8343
-26.4956
-25.3226
-15.1866
6.35949
7.62428
19.8504
30.2681
36.5034
38.5817
36.5119
29.9452
20.9754
21.784
30.708
38.2621
43.7303
47.4231
49.1027
49.9774
52.1009
55.2475
57.4906
57.6735
56.827
56.7861
58.3928
60.4554
62.6005
64.188
64.1056
61.7176
58.2332
56.4962
56.0825
54.6268
50.6211
43.229
31.5398
19.8949
14.0098
10.3551
14.4862
21.9626
25.7553
25.2509
20.283
10.8425
2.78783
0.112231
-3.25875
-8.80882
-14.4577
-19.1969
-23.6607
-29.8534
-37.3011
-39.3872
-39.4907
-39.9864
-38.0349
-36.3187
-36.0664
-34.4631
-31.1341
-29.0831
-27.8831
-27.2555
-28.1889
-30.6756
-33.6863
-36.6162
-37.7447
-35.2785
-33.8699
-35.2079
-37.4665
-38.0024
-37.06
-34.4494
-31.2105
-29.5188
-30.3413
-33.7986
-38.4051
-28.2475
-26.4659
-25.3935
-26.2698
-29.3709
-32.9497
-31.2747
-25.9971
-22.6794
-21.2891
-21.2606
-22.9716
-26.5163
-28.5227
-25.6832
-22.0843
-20.0173
-19.8433
-21.6191
-24.1877
-26.1412
-27.2885
-29.2447
-31.3799
-31.6427
-30.9326
-30.5807
-30.6853
-30.4386
-29.6352
-29.2646
-29.6197
-28.8996
-26.2725
-24.0722
-21.583
1.80305
18.5238
26.6841
34.751
41.5231
45.2384
45.1216
40.7138
31.3245
25.6585
43.9652
57.2133
65.8331
70.491
71.6845
70.0083
67.5795
68.63
71.8562
73.7324
73.5896
72.1746
70.5829
69.7854
70.179
71.0783
71.1847
69.5407
65.4231
58.6541
50.0219
46.3463
44.3211
40.4429
34.3902
27.607
21.2098
15.5499
14.1697
18.5401
23.1648
24.5464
22.4588
17.6286
12.3976
8.39696
6.77819
7.01786
6.28
2.77117
-3.94856
-12.6089
-19.5405
-22.2343
-23.9764
-28.5881
-35.4043
-38.339
-35.3672
-32.2765
-29.7995
-28.0799
-27.0884
-26.8867
-27.9844
-30.4847
-30.9293
-28.0036
-26.2314
-27.0876
-29.3082
-30.2044
-29.0102
-27.6966
-28.0433
-29.1306
-29.1821
-29.5012
-31.8875
-35.594
-38.473
-39.7668
-26.209
-23.7133
-22.2264
-22.5731
-23.9227
-25.2705
-26.7773
-27.9215
-26.7593
-24.9433
-25.3702
-27.6614
-27.3141
-23.8241
-21.9468
-23.109
-26.921
-30.9726
-32.2281
-30.5561
-29.7257
-30.7891
-33.8554
-38.0053
-40.2007
-38.2673
-35.0394
-33.0264
-31.2204
-29.8158
-30.2398
-32.3768
-32.8248
-30.4024
-24.9891
-10.2483
4.47264
20.3791
31.2726
40.6684
45.3196
45.4981
41.1626
31.8026
18.5374
30.9333
49.0538
62.522
70.715
75.1261
76.7583
76.2639
74.9911
75.4176
77.9372
79.5397
78.5765
76.3133
75.6941
75.9094
74.1104
70.4524
67.8263
67.0132
66.4534
66.3729
65.9451
63.3467
57.5214
48.4888
38.354
29.2541
22.2559
19.5435
19.9438
22.06
22.7829
21.0268
17.4931
13.9795
10.8585
7.27632
3.56482
0.46953
-2.29622
-6.40469
-13.1565
-20.441
-22.3349
-20.9269
-21.1519
-23.0536
-25.7239
-28.7181
-30.2621
-29.2277
-28.318
-28.718
-28.7319
-28.0046
-27.9309
-27.8283
-26.89
-25.7891
-24.7698
-24.2371
-25.1392
-27.7548
-29.7659
-28.0468
-25.7427
-25.7919
-28.2114
-30.9787
-32.593
-35.015
-38.2148
-38.5543
-28.2498
-25.3376
-22.7096
-22.1094
-22.7274
-23.8683
-25.9488
-28.7657
-29.1587
-28.5277
-29.8301
-30.92
-28.181
-23.725
-20.716
-20.67
-23.9845
-29.4035
-30.3261
-27.7575
-26.817
-28.5232
-32.3712
-34.9151
-31.9227
-27.9191
-26.2431
-26.3537
-25.1169
-22.6163
-22.1282
-24.5178
-27.5745
-27.8031
-26.6953
-15.9736
-2.03201
10.8234
23.6602
32.9733
37.8184
38.7924
36.3086
30.7375
23.787
34.7806
50.9901
62.7542
69.2897
71.5473
70.5887
68.8393
69.594
71.4548
71.962
71.0479
70.0877
70.9576
72.9765
73.7603
72.2776
70.1952
69.9597
69.6173
67.356
64.9802
64.1014
62.0363
57.3585
50.45
42.7822
35.0841
28.9289
24.0083
20.9499
21.9777
22.3451
20.3811
16.3163
11.1058
5.27906
1.96957
0.73916
-1.65632
-4.14589
-6.00164
-9.83178
-15.8495
-18.9475
-18.6973
-19.0119
-20.9821
-24.7044
-29.647
-34.5388
-36.1664
-33.9068
-31.7682
-31.9648
-33.6725
-34.7252
-35.6101
-36.91
-34.2694
-28.1926
-24.8264
-25.3338
-29.1335
-32.8021
-31.556
-29.0486
-28.4868
-30.1016
-32.023
-31.3348
-29.7694
-29.7979
-31.5191
-29.0464
-26.3472
-24.2513
-23.63
-24.6708
-26.7446
-28.7977
-30.6317
-31.2236
-30.8671
-30.6031
-30.039
-28.4564
-26.5926
-24.9274
-24.6639
-26.8828
-29.5905
-28.2819
-25.8848
-25.3165
-25.6133
-25.7626
-26.631
-27.8659
-27.7818
-27.3664
-28.8936
-31.8484
-32.131
-29.9703
-28.96
-29.4079
-30.8656
-32.016
-32.4291
-21.1151
3.92309
14.3182
25.5561
32.9037
36.9155
37.7281
35.1261
28.9794
29.9438
43.4105
53.2862
60.2038
66.0354
70.5535
72.6379
72.3193
71.666
73.6343
76.3838
77.0875
75.0902
72.5242
74.1196
77.3198
78.5129
77.4232
74.6726
70.8152
67.0145
64.7439
62.8897
59.4383
54.0358
46.9029
38.7237
31.5919
25.396
19.3906
16.472
17.9529
19.9358
19.049
14.6218
7.56291
1.05007
-5.31766
-13.0931
-17.4301
-17.6525
-17.9398
-19.4574
-22.5452
-27.1526
-32.9807
-36.9855
-35.8827
-34.0011
-33.4481
-34.4621
-36.4658
-37.6136
-36.8785
-35.4023
-33.1604
-30.7402
-29.4904
-29.5921
-30.19
-31.1853
-32.8605
-34.5551
-32.3719
-28.2189
-26.0218
-26.5884
-28.5858
-28.4557
-27.016
-27.7346
-31.3947
-36.4589
-25.0384
-24.5117
-22.9974
-22.2891
-23.0762
-24.1435
-24.1914
-24.0007
-24.7659
-26.0786
-26.383
-25.6864
-25.5589
-25.4814
-25.2005
-25.6367
-26.9892
-27.6693
-27.0295
-25.3352
-22.7649
-21.4757
-23.2755
-28.291
-33.6018
-34.0292
-32.4734
-32.0721
-32.7617
-33.9687
-34.2597
-33.072
-30.6103
-27.8205
-26.0567
-25.3089
-21.7399
-2.5471
9.95483
21.7399
30.2429
35.3303
36.5251
33.5638
25.8866
23.8688
36.6201
48.1795
56.9842
63.5133
67.819
69.9901
70.4329
70.3076
72.1415
75.4687
76.9973
75.2103
70.2755
67.1034
70.743
74.8881
76.7268
75.9192
72.501
66.8477
62.1527
62.496
63.7235
61.8068
55.4541
44.2718
29.8823
21.4138
17.7029
17.0404
22.0407
26.3969
27.479
25.2016
20.1993
13.8522
6.84949
-0.037958
-6.11218
-11.3364
-14.3694
-14.9711
-16.1272
-18.5892
-21.779
-24.7897
-28.1048
-29.728
-28.7702
-28.6406
-31.3085
-35.3284
-37.1196
-34.4832
-31.2391
-29.88
-30.5212
-32.165
-33.4985
-33.3503
-30.6921
-28.4154
-28.2281
-29.8467
-31.7924
-32.2529
-31.6161
-30.3619
-29.1814
-29.4015
-31.2493
-32.0616
-23.1071
-25.5666
-27.8346
-28.6219
-29.6195
-29.213
-25.8499
-22.6667
-21.2911
-21.4996
-22.9489
-25.7031
-29.3196
-30.1327
-26.5293
-23.4436
-22.4368
-23.0387
-24.5287
-26.3138
-27.4778
-28.2083
-29.6486
-31.7483
-31.7441
-28.6926
-25.8512
-25.0008
-26.1478
-28.4483
-30.7197
-32.4622
-31.2949
-28.0786
-26.0998
-25.2655
-21.8391
-3.71045
-4.26273
6.54355
13.9869
17.4893
17.2052
13.0411
5.20693
-1.18909
4.43685
9.35646
13.0453
13.9469
14.6931
17.3385
21.2576
20.3422
22.4608
24.8264
26.5423
32.0007
37.3641
44.0629
48.0844
48.2805
44.6105
38.2071
32.827
35.3303
39.1415
41.0957
39.4109
34.5302
26.7422
17.3989
11.6069
7.5186
5.70034
6.26098
9.27964
11.9705
12.5177
10.6692
7.16536
4.17023
3.1299
2.06693
-1.50198
-8.62104
-17.4193
-20.717
-20.672
-21.6669
-24.3833
-27.7126
-29.1981
-28.6729
-26.9016
-26.7604
-29.7232
-35.0293
-36.9373
-33.9081
-30.0495
-28.285
-29.2375
-32.3802
-35.4684
-34.9598
-30.8434
-27.8382
-27.5895
-29.0094
-30.1598
-31.1781
-33.485
-35.1708
-33.9357
-30.8387
-27.569
-24.6679
-20.6821
-24.8193
-30.8467
-34.7018
-34.16
-30.8393
-27.171
-24.6751
-24.2196
-25.5366
-27.0474
-27.895
-29.1479
-30.6312
-30.4129
-28.858
-27.704
-27.5059
-28.4789
-30.8607
-32.713
-31.0574
-29.1523
-29.6045
-30.5267
-27.4508
-23.6239
-22.1259
-23.0194
-24.5627
-25.518
-26.7449
-28.883
-30.4306
-28.3293
-25.2487
-21.9216
-6.00403
-16.9481
-18.6717
-16.8244
-15.9008
-17.1911
-20.4667
-21.1418
-8.03036
-4.51054
9.02647
18.0313
24.5804
31.1753
35.5931
38.0081
38.13
36.6959
35.4903
35.0683
35.7174
35.6981
35.3411
34.8664
34.9998
34.3887
31.6021
25.642
19.8084
12.9066
11.0471
3.95158
1.77488
0.201046
-0.738917
-2.65461
-3.90095
-3.55917
-3.06318
-1.91821
-1.06417
0.0761946
1.72817
2.6547
1.86361
-1.06663
-5.67172
-11.3513
-16.7748
-20.6289
-23.4237
-25.5859
-26.0629
-26.3463
-27.5014
-27.6756
-26.8301
-26.7042
-26.9313
-26.6163
-26.0015
-26.1687
-26.0426
-25.0261
-25.1752
-28.3726
-35.404
-41.7431
-40.0105
-37.4157
-37.7502
-39.9861
-40.7542
-37.8627
-33.4883
-29.1795
-26.598
-26.7475
-29.8894
-34.9325
-37.4864
-28.8424
-33.1911
-33.4927
-29.831
-26.9434
-24.1726
-20.7943
-18.4624
-18.6095
-21.6398
-27.1065
-33.0813
-34.7087
-31.2121
-28.935
-29.9115
-33.9893
-37.8189
-38.3063
-38.433
-38.2334
-35.2702
-31.1024
-28.2327
-27.0617
-26.2009
-23.6492
-20.6946
-19.1738
-18.984
-19.2927
-20.5042
-23.4272
-27.3113
-28.8567
-27.4461
-23.0446
-5.78988
-14.3338
-16.4063
-16.3728
-16.7337
-18.3488
-20.9522
-21.389
-6.90766
-8.4229
1.20328
2.96614
0.442778
9.12647
16.648
22.2032
25.1499
26.3893
26.2057
22.5301
20.4466
16.2727
20.3252
23.4548
26.0638
25.8715
23.327
19.0128
17.6
12.2406
13.132
6.803
4.67945
1.29145
-2.4565
-7.15773
-15.1571
-17.1504
-15.7877
-12.0283
-9.84493
-10.8829
-14.3216
-19.0725
-22.4755
-22.3334
-21.7186
-21.9012
-22.2837
-22.889
-24.0655
-24.5058
-23.61
-22.5974
-22.622
-23.9996
-26.6171
-29.8863
-32.5767
-34.1077
-35.2496
-35.2915
-32.6264
-29.5393
-28.1866
-28.3838
-29.1795
-30.488
-33.0034
-35.9617
-37.3416
-37.6841
-38.7745
-39.0805
-34.4429
-28.7574
-25.9395
-26.7816
-31.1387
-36.4613
-37.6158
-33.0384
-31.5103
-31.0509
-30.8149
-31.1732
-32.5689
-34.5671
-35.1843
-33.829
-32.4342
-33.4885
-37.3022
-40.5543
-39.9332
-38.9379
-39.299
-40.4338
-41.8706
-39.5445
-34.9317
-32.96
-34.3996
-37.3469
-37.5715
-35.2663
-33.5389
-32.4726
-31.7445
-31.1491
-31.0577
-31.7034
-33.1028
-35.4739
-38.4445
-39.5096
-34.1558
-23.778
-4.40204
-0.26588
7.75995
12.3795
13.0787
9.96755
2.93724
-6.65498
-4.27618
5.00954
13.5277
18.6343
22.4019
25.499
27.7626
30.3137
32.3104
32.6331
32.1848
32.1984
32.3945
29.6815
26.6098
24.1883
26.7242
28.8809
28.5415
26.5846
27.0573
25.4776
23.2657
16.4816
10.2932
4.97499
1.17658
-5.07578
-10.8305
-15.282
-19.2701
-18.1659
-16.511
-16.7614
-18.8026
-22.7341
-27.2594
-30.703
-30.9988
-30.358
-31.4327
-33.9568
-35.9862
-36.7201
-37.3528
-38.104
-35.5876
-31.178
-28.8914
-29.1997
-30.8369
-32.218
-34.1438
-37.9474
-41.0463
-37.1542
-29.7479
-24.7426
-23.4774
-26.064
-32.0938
-36.7614
-35.1381
-33.3454
-33.3064
-34.1601
-35.9036
-39.5434
-44.1175
-46.1937
-45.9068
-42.5213
-38.7079
-29.6768
-26.9881
-23.6572
-21.5726
-21.6067
-23.9728
-27.3195
-28.5123
-26.8338
-25.2593
-25.5557
-27.4803
-29.5031
-30.7873
-31.5281
-30.6628
-29.0888
-28.4652
-28.5945
-27.94
-26.6223
-25.7286
-25.2926
-25.3643
-26.3138
-27.4019
-27.436
-27.4615
-28.3802
-29.3336
-28.9867
-27.8255
-26.9301
-26.7674
-25.3814
-17.9127
-8.01834
2.6812
7.16753
12.3169
14.675
14.5839
12.4101
7.94657
1.03762
-4.19543
7.90923
19.4598
26.5846
34.0499
40.4368
45.2071
48.5484
50.6844
51.6897
51.3895
49.5544
46.5297
44.0843
44.2636
46.6155
47.9283
46.6541
43.0883
40.7045
41.7494
42.6191
41.1985
37.415
32.3428
25.0872
14.0185
-0.710112
-15.5045
-11.9319
-1.52434
5.87779
8.99167
7.94012
2.56131
-6.93293
-15.9605
-20.7409
-23.969
-26.0829
-27.0405
-28.3052
-29.4142
-30.2282
-30.909
-32.0052
-32.6315
-31.0495
-28.751
-27.8711
-28.77
-31.2297
-33.997
-35.949
-37.4208
-39.1173
-39.2834
-36.7673
-34.233
-32.9486
-32.6041
-33.1887
-34.6499
-36.32
-36.2718
-35.46
-36.2677
-39.3423
-43.0941
-42.9853
-38.9986
-34.5326
-32.4433
-30.2899
-28.458
-24.712
-21.6554
-21.0697
-22.7883
-25.5028
-26.8047
-25.0487
-22.5381
-22.3459
-25.5904
-31.3686
-34.1712
-31.7747
-28.3974
-25.4179
-22.7373
-20.2874
-19.1028
-19.8477
-22.3508
-25.1389
-26.2464
-26.4041
-27.388
-29.7778
-32.2259
-31.9747
-29.4497
-28.2711
-29.7819
-32.9294
-33.4952
-30.6013
-21.7826
-6.34606
6.8454
15.9547
24.5852
30.7971
33.2971
31.6692
25.3183
13.2663
5.59118
24.0356
36.7838
44.5622
50.1927
54.4808
58.5601
61.8851
63.4458
63.1689
61.9732
61.083
61.0069
61.8649
63.1093
63.4304
62.3856
60.8769
59.976
59.416
57.9151
55.0842
52.2831
49.537
45.3916
38.2301
27.573
14.2847
5.02753
9.19138
17.9818
23.0022
23.7399
20.2341
12.5096
1.84552
-9.82399
-20.1928
-26.1662
-26.0166
-26.3445
-28.2643
-29.9711
-30.4059
-30.7601
-32.1613
-33.8818
-33.1335
-30.6576
-29.0325
-29.2738
-31.1692
-32.9552
-31.466
-28.7865
-28.2544
-30.6521
-34.7004
-35.0736
-29.4285
-25.3338
-24.7926
-27.7377
-33.1589
-38.6057
-42.152
-42.639
-40.1838
-38.0681
-36.0814
-32.8515
-29.4612
-27.5006
-24.9489
-22.1002
-19.7172
-19.5739
-22.0998
-26.3515
-28.4399
-25.5628
-22.7752
-22.9691
-25.638
-27.8924
-27.7297
-26.8477
-26.378
-26.4879
-25.9327
-24.0259
-22.9851
-24.1423
-26.4549
-26.377
-23.9603
-22.4522
-22.839
-24.3773
-25.6478
-26.2632
-26.438
-26.8109
-28.4634
-31.5005
-30.4691
-25.212
-22.4165
-21.8918
-16.2924
-2.86953
12.97
26.7888
35.0859
38.1045
36.3874
29.6338
16.9512
13.8456
28.5124
39.9367
48.7322
55.7282
61.3862
65.867
69.1618
70.7411
70.2328
67.9985
65.1804
63.4039
63.0158
64.0167
65.2769
65.1664
63.3507
61.0493
59.3881
57.8534
55.3778
51.819
47.3034
41.253
32.3476
22.0033
14.7673
9.16417
8.81099
12.3176
14.3813
12.9947
7.3438
-3.23651
-15.0244
-24.1112
-29.5575
-31.4858
-30.6829
-30.4784
-31.3667
-31.2098
-30.0165
-29.5515
-30.3067
-31.9837
-34.1762
-34.995
-32.4361
-30.0953
-30.1547
-31.6791
-31.4538
-29.5525
-28.4193
-27.1544
-25.9764
-25.2579
-23.9263
-22.1934
-22.3473
-24.7169
-27.099
-27.5777
-28.3025
-30.5853
-33.5367
-33.5618
-29.5256
-26.5324
-26.8177
-30.1482
-27.4542
-24.0575
-22.7284
-23.4025
-24.6483
-25.0195
-24.7653
-24.5127
-24.4739
-24.5083
-24.2306
-24.0142
-23.9996
-23.2755
-22.6338
-22.894
-23.5261
-23.8145
-23.9101
-24.6178
-25.6229
-25.1261
-22.7946
-21.4437
-22.2155
-23.0752
-22.1711
-21.7547
-23.7768
-27.6337
-30.6838
-32.381
-33.8518
-32.8188
-27.6746
-17.8421
-7.83941
2.61319
14.3595
24.2624
30.2069
32.2648
30.4894
24.6349
14.1314
9.25376
25.1526
37.3286
44.3115
47.5376
47.1616
43.8791
40.5393
40.7931
41.1197
39.5938
40.9967
46.4501
51.9123
55.0368
55.6906
54.4687
52.8603
51.6527
50.1537
47.3947
43.8989
40.6386
37.1888
32.178
24.6434
15.7584
8.42967
1.37136
-4.04088
-5.96834
-4.63245
-4.43668
-6.39106
-10.5573
-16.3244
-22.8168
-28.7158
-29.9495
-27.1249
-25.3789
-25.9064
-26.8635
-26.7684
-26.0229
-25.251
-25.0021
-26.2536
-28.172
-27.7982
-26.8082
-28.2214
-32.0137
-34.4286
-33.1796
-30.5655
-28.3549
-27.1979
-27.294
-28.2536
-28.3974
-26.5978
-25.3505
-26.3489
-29.7628
-33.4149
-33.6984
-32.0061
-30.3915
-29.2893
-28.8803
-29.1398
-29.3691
-25.9596
-22.3788
-21.4928
-23.2666
-25.8805
-26.2498
-25.5221
-26.1894
-27.3806
-27.3513
-26.742
-26.9843
-27.0633
-25.9612
-25.0598
-25.8209
-28.2587
-30.4925
-28.4916
-24.5056
-22.2614
-22.0701
-22.4497
-22.1296
-21.3891
-21.7398
-24.3619
-29.2067
-31.4968
-28.4307
-26.796
-27.6129
-29.584
-31.0466
-26.7556
-14.8115
-4.12922
9.34615
19.7591
29.3418
33.8977
33.8194
29.1368
19.5294
6.72686
0.41083
4.52174
11.1466
22.1163
34.7443
43.5549
48.5098
50.0941
49.4907
48.858
49.8095
50.517
49.6496
47.0179
43.5977
39.6135
34.9336
30.1877
26.5018
25.1463
25.2952
26.4714
26.8616
26.176
24.5067
20.1499
13.0723
3.06507
-12.351
-16.9305
-14.3234
-9.6329
-5.22473
-2.61672
-2.81416
-6.08071
-12.319
-19.5017
-23.8607
-23.4922
-23.0845
-24.4822
-26.2949
-26.4803
-26.3339
-27.7661
-30.2668
-32.0419
-32.3314
-31.7224
-31.5458
-32.934
-35.0074
-35.5324
-34.5784
-33.312
-32.3484
-31.5876
-30.2151
-28.5385
-27.7687
-28.213
-29.5551
-31.4933
-33.7141
-34.4537
-31.3528
-27.6624
-26.6952
-29.0922
-33.815
-37.1221
-36.7404
-20.2303
-19.4519
-17.6614
-17.4359
-18.5673
-19.9558
-21.4085
-23.6907
-26.7666
-29.2631
-29.9486
-29.8639
-29.8612
-30.3235
-32.0315
-34.3093
-34.8425
-32.7094
-29.5555
-26.1426
-23.6941
-22.5704
-22.0504
-21.4547
-21.292
-22.8494
-26.7697
-31.8272
-32.3647
-30.117
-29.6044
-31.0013
-33.1547
-33.0427
-30.3575
-24.233
-13.7578
0.0471676
9.91439
18.284
23.184
24.9474
23.6479
19.1835
11.3415
7.41091
17.8305
27.0724
32.2404
36.5261
40.5762
43.0168
43.6059
43.0471
42.501
42.7768
43.8638
44.7538
44.2218
41.9209
39.5781
37.2178
34.4725
32.9457
33.7806
35.0384
36.8421
37.8553
36.4101
32.0176
25.3146
17.3991
7.22469
-6.36052
-12.3008
-6.54777
-1.53734
0.0304812
-1.80823
-5.87085
-8.25767
-7.62414
-7.98297
-10.315
-14.1076
-18.1078
-20.797
-22.8768
-25.1079
-27.962
-31.1945
-34.5471
-36.1986
-36.1376
-33.4418
-29.9382
-28.1735
-28.9852
-31.0564
-31.9652
-31.7536
-31.5641
-29.1507
-25.445
-24.1864
-26.4507
-31.0929
-32.3498
-29.6045
-28.2156
-28.7088
-27.5407
-23.9727
-21.8804
-22.6911
-26.2317
-31.0715
-33.4773
-21.9828
-23.0321
-23.2251
-21.8922
-20.9624
-21.0377
-21.3794
-21.4065
-21.196
-21.268
-21.6212
-22.1031
-23.3355
-26.0646
-28.749
-28.669
-26.8198
-25.7503
-25.5293
-25.3083
-25.2356
-25.7167
-25.9512
-25.5611
-25.4879
-26.5111
-28.5736
-30.8454
-31.2616
-29.6334
-29.354
-31.0506
-32.8349
-31.4837
-29.0736
-26.8565
-20.5662
-5.97451
3.46203
14.0467
21.0402
24.0182
23.1814
18.6292
11.1392
10.9392
25.7976
38.0835
46.2599
51.8161
55.5192
57.0652
55.9952
53.6741
54.8781
58.3301
59.6034
57.8373
53.4031
47.7407
43.6095
41.865
40.6207
41.5461
44.0011
46.0229
47.1781
46.997
45.0826
41.9657
38.6542
33.8628
24.9772
10.2037
-2.57422
5.93858
13.8858
17.0846
16.0004
11.2998
6.41934
6.09485
6.03315
3.35258
-1.62606
-6.76122
-11.2638
-16.9113
-22.2429
-23.8337
-23.7484
-24.6198
-26.5553
-29.3465
-31.6768
-30.7136
-28.7708
-28.7686
-29.9564
-29.4823
-27.9754
-27.1927
-25.3992
-22.8573
-22.0857
-23.945
-27.6767
-31.1691
-31.4128
-29.5537
-29.256
-31.7732
-35.2227
-35.3761
-33.275
-31.7159
-31.2585
-31.6127
-24.5656
-26.3272
-28.3483
-27.1843
-25.7707
-26.2749
-27.8693
-29.0862
-29.1954
-28.7815
-28.7194
-27.7655
-26.0501
-25.9026
-28.1846
-30.8751
-31.789
-32.5509
-33.4097
-33.1844
-32.3072
-31.5407
-31.9745
-34.2159
-35.4124
-31.3944
-27.6275
-27.3171
-30.209
-33.557
-33.6931
-32.8552
-31.8611
-29.0524
-26.3263
-24.7953
-19.17
-2.28472
4.13652
12.8801
17.6254
18.1337
14.4391
6.47159
-3.96282
4.38385
19.5172
29.8013
35.8891
40.4751
44.9427
47.9012
48.5493
47.5558
47.4873
49.5769
52.4426
53.9993
53.0021
50.2296
48.4679
48.298
48.1315
49.3177
52.6452
56.159
58.0334
57.5292
54.3104
48.2659
39.843
29.9094
19.2942
8.39547
3.88778
8.25094
12.6904
14.5201
13.7267
10.6412
5.99176
1.12675
-1.74109
-3.35494
-6.50365
-12.1777
-18.7154
-24.7229
-30.9602
-32.4523
-28.3113
-25.1715
-25.0139
-27.4257
-30.3997
-31.2518
-31.4778
-32.6159
-31.453
-27.9904
-26.3899
-27.9
-30.441
-31.3394
-31.7204
-32.0081
-31.9708
-31.85
-30.7793
-29.1915
-29.2889
-31.0862
-30.6258
-28.0187
-27.3726
-29.6799
-33.5206
-35.3236
-22.7967
-23.1905
-24.398
-25.2895
-26.8841
-30.2136
-33.4263
-33.8516
-32.6831
-30.4267
-27.6165
-26.1202
-27.3065
-31.1316
-34.4967
-32.92
-30.1565
-28.6189
-27.8782
-26.6956
-25.5439
-25.5592
-25.7006
-24.9221
-24.6499
-26.5477
-29.6441
-30.6089
-29.6534
-29.7022
-31.241
-31.9271
-30.6776
-29.961
-28.442
-19.0072
-7.10667
5.82849
12.1506
18.3155
22.0913
22.8359
20.2593
14.1572
5.69642
10.1397
26.0054
38.6967
48.2034
55.7401
60.7887
63.1671
63.4403
64.1163
67.4453
70.6677
71.4117
69.166
64.2128
58.0577
54.1433
53.6128
54.6036
57.6218
61.8426
65.6019
67.642
67.1267
63.5189
56.6377
47.0888
36.8807
25.4281
13.922
12.7743
17.9521
20.9026
20.2872
15.9768
8.0831
-2.08232
-8.6814
-9.39987
-10.2337
-12.2851
-14.8012
-17.265
-20.7101
-24.1815
-25.7252
-26.2046
-27.5307
-29.7154
-31.0747
-31.3539
-31.2664
-30.6246
-29.3777
-28.0628
-27.356
-28.0193
-30.2479
-32.1389
-30.7598
-28.349
-27.7601
-29.3448
-32.2614
-33.2321
-30.1859
-26.9947
-25.7871
-25.8714
-26.2395
-27.009
-28.7439
-30.5723
-29.3529
-23.7458
-20.4744
-18.5245
-18.7586
-21.3122
-25.4192
-28.4755
-28.885
-28.607
-28.6957
-28.4162
-27.2018
-26.0333
-26.0568
-27.0435
-27.7864
-28.0782
-28.9754
-29.7657
-29.1054
-27.8601
-27.1963
-27.2963
-27.6768
-28.487
-29.9875
-31.4579
-31.762
-31.6981
-31.841
-30.7957
-29.1566
-28.5951
-29.4586
-29.1036
-21.0239
-3.00501
11.8474
20.613
26.3718
30.4307
32.6866
32.1154
27.7516
18.9809
18.3469
31.5776
42.9069
50.7705
56.4709
60.2195
62.919
64.3574
64.7549
67.4212
72.1754
74.8525
73.8722
69.3844
64.4814
63.8065
63.4621
60.3811
56.6991
57.1135
59.4438
60.6633
60.0614
57.2978
51.826
43.4508
33.9758
23.5812
13.0292
8.06082
14.7272
20.5437
22.4563
20.4101
14.493
5.3999
-4.78657
-12.803
-18.9278
-22.2949
-23.3761
-23.8783
-25.5509
-28.2264
-29.6713
-29.4532
-29.6831
-30.5787
-31.3407
-31.8395
-32.4732
-32.9273
-32.4526
-31.1129
-29.7559
-29.283
-30.2822
-32.3665
-33.3465
-32.3971
-30.7064
-28.0678
-25.5531
-24.9078
-26.1083
-27.4095
-28.1838
-30.1167
-33.4702
-35.838
-36.4412
-36.561
-35.516
-25.8838
-25.0146
-24.2301
-24.035
-23.7556
-22.8547
-21.6418
-21.3539
-23.019
-27.1468
-32.103
-31.5164
-27.0451
-23.9412
-23.2201
-24.2462
-25.5646
-26.246
-25.8968
-24.1356
-22.1916
-22.058
-23.5746
-24.2956
-24.1105
-25.5811
-29.34
-33.2106
-35.2251
-35.5228
-33.3318
-30.7555
-29.2085
-28.0552
-24.7188
-16.7203
-6.60876
8.40736
22.4414
31.842
36.6855
37.3697
34.0326
26.5252
15.4448
19.1481
32.7083
40.414
43.6382
44.0481
44.7502
47.7001
51.0277
53.9181
57.283
61.0235
63.548
63.4388
60.6094
56.8272
54.9908
53.7348
50.6368
46.2582
44.404
46.5681
48.2637
47.5504
43.6676
36.5555
26.7529
14.1213
3.49247
-3.83052
3.35925
11.8397
16.5979
17.8723
15.9293
10.7946
2.08451
-10.6152
-22.0423
-24.7588
-24.0375
-23.8863
-25.2696
-27.5493
-29.9496
-32.0792
-34.6018
-36.321
-36.3556
-36.9223
-38.9728
-40.8182
-38.3647
-33.6128
-30.6189
-30.5579
-32.1379
-33.2307
-33.6035
-33.6242
-33.2279
-33.1704
-33.5865
-33.6063
-33.1315
-32.9252
-33.1228
-33.3467
-32.7143
-31.4565
-30.1982
-29.6868
-30.5166
-32.8731
-24.1675
-24.4728
-25.1258
-25.6635
-26.3248
-25.6889
-22.4097
-19.5655
-19.5329
-22.706
-27.8957
-31.4609
-32.1069
-31.1853
-29.4159
-28.2028
-28.2091
-28.4016
-27.5072
-26.1766
-25.3447
-24.8111
-24.6436
-25.4353
-26.9178
-27.5711
-27.4116
-27.5094
-28.5311
-29.9584
-30.0628
-28.654
-26.7377
-24.9504
-23.017
-15.8635
-0.633866
14.5774
25.1566
32.5781
36.8616
37.7099
34.8527
27.7608
16.4347
8.213
21.4664
33.1133
40.4747
44.7326
47.514
49.8148
50.9341
50.5718
50.1181
51.053
51.3096
49.5198
46.5305
44.2111
42.7776
41.0932
38.9147
36.0754
33.4243
33.096
32.3818
30.5518
26.1898
20.138
13.1782
1.58811
-7.69849
-15.5294
-8.16157
-0.635669
3.17153
3.52166
0.719974
-4.82515
-12.6168
-20.8104
-22.465
-21.0768
-21.7149
-24.6095
-28.7128
-31.611
-31.6875
-30.9356
-31.3001
-31.841
-31.78
-31.4687
-28.9823
-25.8238
-25.0561
-27.0726
-30.1708
-31.729
-32.5401
-32.8647
-33.0527
-33.6887
-33.2553
-31.9805
-31.8938
-33.2806
-34.6135
-34.7596
-33.0886
-29.3212
-25.553
-23.6133
-24.156
-27.0819
-31.0656
-33.6487
-20.9619
-23.7645
-26.6013
-28.6717
-30.0737
-30.2298
-29.1913
-27.503
-25.9988
-25.7837
-27.4499
-30.1154
-30.6495
-28.0607
-25.6139
-23.9474
-22.8481
-22.9414
-24.6535
-26.6964
-26.6928
-25.2396
-24.3392
-24.9418
-26.8055
-28.195
-27.9383
-27.4863
-27.7742
-27.9127
-27.0636
-26.7724
-28.1959
-30.5519
-31.6075
-24.0087
-6.69777
8.06455
16.2946
23.1053
28.3305
30.5966
29.0869
23.0182
11.5524
1.97555
17.3297
29.9304
37.2812
40.6439
42.0013
43.4266
44.532
43.8982
42.0306
40.6464
39.3998
37.5568
35.8445
34.6818
32.921
29.9848
27.1866
25.5444
24.9206
26.5687
25.6177
23.5866
18.8304
12.942
6.00989
-1.74109
-10.089
-22.6236
-30.3891
-29.9614
-25.2889
-21.9053
-21.4654
-22.2656
-23.4761
-22.5921
-21.7818
-22.349
-24.3095
-26.2236
-27.8425
-29.4246
-29.7929
-28.895
-29.2549
-31.6464
-33.8213
-31.8609
-27.1517
-23.9593
-23.7039
-25.8785
-27.9534
-27.6011
-26.6698
-26.9472
-28.8052
-32.009
-33.9764
-31.6226
-28.4434
-26.7905
-25.5104
-24.3126
-24.1626
-25.5903
-28.1849
-30.9657
-32.2201
-31.232
-29.9526
-28.8482
-19.8191
-18.0386
-18.0693
-20.1536
-23.4374
-25.9559
-25.8241
-24.8827
-25.2942
-26.9709
-28.9968
-31.0586
-32.8924
-30.9003
-26.5939
-24.1843
-24.3471
-26.1474
-28.028
-29.5695
-30.8378
-30.0386
-26.6596
-23.5487
-22.8109
-24.7366
-28.3339
-30.7993
-30.2035
-28.4323
-27.5677
-28.3348
-29.5403
-29.0925
-27.768
-24.1676
-15.22
-3.04335
-0.353151
3.17809
6.01203
6.35513
3.24468
-4.10174
-12.1757
-13.2515
-8.5513
3.30918
8.67135
12.4525
14.8086
16.4633
17.4798
18.8051
19.3443
22.7978
25.2303
26.8851
25.9335
23.3243
21.0959
19.4175
18.9987
19.3445
19.6842
21.7876
20.2823
17.5301
11.1981
5.06258
0.656918
-5.28997
-11.6304
-20.4012
-24.4082
-21.4015
-18.6448
-18.8843
-22.5769
-27.2065
-29.9135
-30.1076
-28.995
-26.7107
-23.8405
-21.7091
-21.6788
-24.0976
-28.3669
-32.0468
-32.6569
-31.7897
-30.9807
-29.9503
-28.3318
-26.8312
-26.6583
-28.3323
-30.6334
-30.5239
-28.999
-29.0462
-30.9472
-32.6222
-31.6911
-29.3576
-28.1174
-28.6476
-30.0172
-31.2584
-32.4397
-33.5458
-33.712
-33.4438
-33.4013
-33.3573
-33.2006
-33.1434
-20.1359
-19.9252
-20.454
-20.8099
-20.9519
-21.9426
-24.4992
-27.5085
-28.656
-28.2458
-28.4936
-30.1465
-32.4787
-30.1898
-24.5276
-20.8209
-19.9497
-21.1382
-22.991
-24.5162
-25.9056
-27.2927
-27.4375
-26.3472
-25.1939
-25.2549
-26.689
-28.531
-28.5467
-26.9331
-26.2221
-26.6981
-25.9082
-22.6227
-19.4747
-14.1593
-0.123934
14.1846
22.1852
26.031
25.9521
22.4615
16.2034
7.93618
-3.08505
-12.4096
-3.23315
9.69749
17.5069
21.2247
22.2562
22.4676
23.7413
27.8539
34.2005
39.6733
41.6697
40.3274
36.2637
31.5643
28.5496
26.632
26.6772
26.224
23.8814
22.3885
20.1113
17.3374
10.8032
3.05636
-3.82467
-10.9574
-17.6375
-27.5849
-27.9944
-25.4571
-23.4819
-23.5297
-25.6426
-27.1624
-28.0358
-28.9306
-28.3091
-25.3446
-23.0351
-22.6767
-24.4651
-27.4641
-30.2617
-31.8512
-33.3262
-34.6511
-33.6659
-31.4154
-29.5904
-28.4715
-27.8911
-27.9496
-29.0174
-30.4451
-31.2011
-31.811
-33.6915
-35.3297
-32.9634
-29.1331
-26.1466
-24.8976
-26.0482
-29.7883
-34.3588
-34.6819
-32.5408
-31.7275
-32.8991
-34.7517
-35.5721
-35.3729
-17.1191
-19.4245
-21.2914
-23.4613
-26.4704
-28.5281
-28.5338
-27.6493
-26.1819
-24.1529
-23.3969
-25.2401
-29.3423
-29.3037
-24.7468
-21.8259
-20.6875
-20.344
-21.2738
-24.1861
-26.783
-26.1888
-25.28
-26.2834
-28.515
-28.4393
-25.1417
-21.9574
-20.2899
-20.3965
-22.3916
-25.7638
-28.0927
-27.0119
-21.5673
-6.90651
7.85734
18.5901
24.3767
26.4461
25.0121
20.3888
13.1842
3.97771
-7.40739
-7.8218
6.52403
16.9057
21.848
23.7522
25.3427
27.3035
28.6951
31.0224
34.9695
38.6279
39.7013
38.6511
36.3926
34.2131
31.9014
29.1226
26.9512
25.0865
22.1162
21.2324
18.9313
16.1337
8.42947
-1.92706
-11.1642
-14.4884
-17.7177
-24.1008
-24.567
-23.6157
-20.4412
-19.0621
-20.1285
-22.3964
-24.2432
-25.6395
-26.92
-27.0529
-26.6623
-26.5523
-26.9623
-26.8495
-26.5447
-26.5243
-27.5236
-29.8508
-32.3414
-32.8649
-30.6847
-28.0343
-26.5368
-26.6491
-28.3552
-30.2397
-29.8046
-28.3962
-28.3141
-29.6618
-30.7799
-29.7662
-27.5724
-26.1565
-26.0502
-26.9898
-28.7051
-30.2981
-31.5244
-33.4477
-35.538
-35.4118
-33.8829
-32.1628
-19.6817
-21.9937
-23.885
-25.9113
-29.2817
-32.431
-31.9465
-29.9802
-28.5473
-28.2414
-29.3659
-30.9873
-30.7596
-28.6017
-27.2618
-27.1115
-26.7253
-25.3845
-24.3444
-24.9902
-27.4759
-31.2897
-35.0909
-36.907
-34.7243
-28.2223
-22.8588
-20.7827
-21.1332
-21.8342
-22.3128
-24.4422
-28.2703
-29.775
-25.0191
-16.0124
-5.33814
4.33936
9.18413
13.2403
15.0882
13.9918
9.48078
1.30314
-7.43969
-10.6438
-4.68789
4.57441
8.30839
10.9819
14.3628
17.2483
21.339
26.9712
30.2701
30.6392
28.8974
29.2282
29.944
29.1501
27.4323
24.9235
21.26
18.0755
15.7676
16.6491
13.3492
10.6905
4.32923
-0.698453
-5.47649
-10.6098
-17.2623
-22.6108
-23.8297
-23.3055
-18.892
-13.4271
-10.1908
-10.147
-13.7222
-20.0301
-24.4267
-24.4052
-23.6464
-23.7803
-25.3064
-27.4464
-28.2805
-27.9482
-28.3484
-29.8373
-31.0534
-31.3743
-31.3932
-30.7103
-28.6721
-27.2112
-28.054
-30.5859
-31.6393
-28.9268
-25.7966
-24.6725
-26.0642
-29.0945
-30.893
-30.2664
-29.3361
-29.2259
-29.9917
-31.459
-33.0816
-33.4936
-33.0648
-33.1726
-32.8814
-30.3701
-16.9659
-19.3048
-21.3331
-21.3695
-20.0168
-19.0121
-19.203
-19.4838
-18.4637
-18.0978
-20.5251
-25.4975
-27.9523
-26.2965
-25.7878
-26.8136
-26.6556
-24.3897
-22.987
-23.7406
-25.9509
-27.4749
-27.3984
-26.5301
-25.248
-24.1197
-24.143
-25.1016
-24.5798
-22.7054
-22.1475
-22.9603
-23.837
-24.5131
-25.4917
-22.6275
-11.7738
2.64426
8.85574
12.1742
12.0471
8.98805
3.72815
-3.52595
-11.2641
-16.4986
-3.44827
8.21684
13.2983
15.5666
16.3816
16.8799
19.0719
26.0136
32.1932
35.501
35.3767
33.723
31.7664
29.8715
27.4129
23.9592
20.0107
17.6394
16.5432
17.2157
12.6603
8.82293
-0.908247
-9.52786
-10.1683
-14.1763
-15.5159
-21.6337
-23.0015
-17.2244
-11.1385
-8.25731
-8.54236
-11.2386
-15.5974
-19.936
-22.1177
-22.5899
-23.2531
-24.5375
-26.4952
-29.092
-32.962
-37.494
-38.6255
-35.5453
-32.6617
-31.5871
-32.2616
-33.2933
-32.5987
-30.3689
-27.7304
-25.2524
-23.9016
-24.5137
-26.5445
-28.2878
-29.7139
-31.7654
-32.8682
-32.0227
-31.508
-30.9677
-28.3893
-25.5267
-24.2797
-24.8169
-26.8528
-29.9586
-31.3195
-27.5103
-17.9904
-17.1411
-17.9946
-18.5478
-17.6969
-17.7126
-19.9649
-22.8543
-23.0654
-22.779
-24.4063
-27.0736
-28.914
-29.4252
-29.0049
-27.6479
-25.1373
-22.9975
-22.6295
-23.8678
-24.7752
-24.3761
-24.4126
-25.7571
-27.6764
-28.8038
-28.9096
-28.0495
-25.6247
-23.5995
-23.2741
-23.9622
-24.4184
-24.7973
-25.2019
-21.102
-7.88054
6.91798
13.995
17.2878
16.4738
11.8618
4.22311
-4.93125
-14.5281
-18.398
-9.2351
5.3954
13.8361
18.0004
19.1732
17.4252
15.3259
18.7321
23.7496
27.6475
28.7157
28.599
27.7704
26.7922
24.7947
20.9652
15.9662
12.3505
7.70067
9.70217
5.91617
5.1495
-2.60517
-8.61839
-11.7797
-17.1552
-20.6286
-27.4838
-24.112
-19.9669
-16.5603
-15.1176
-16.4952
-19.2638
-21.6659
-22.0502
-21.1452
-20.4988
-21.7137
-24.8617
-27.8869
-28.2941
-28.4842
-30.1647
-32.1479
-32.1051
-30.4271
-29.8735
-31.5797
-34.5413
-35.4315
-33.94
-32.312
-31.4316
-30.4088
-28.8765
-28.068
-28.9361
-30.6482
-30.2843
-27.731
-26.2287
-26.7042
-27.5953
-26.8719
-25.5732
-25.1972
-26.1445
-28.8471
-33.2496
-37.1635
-37.1504
-17.7141
-17.4129
-19.9491
-22.4559
-21.6944
-20.5538
-21.2468
-23.408
-25.4638
-25.8684
-25.2303
-24.5574
-25.416
-27.8537
-30.1119
-30.5212
-29.2457
-27.5569
-26.9524
-27.6633
-27.9692
-26.6015
-25.7619
-26.7292
-27.545
-26.3942
-24.4314
-22.2908
-20.9776
-21.5167
-23.33
-23.9151
-22.3696
-20.312
-18.499
-15.9528
-4.26216
11.0753
19.6427
23.4638
22.8214
17.8327
8.64936
-3.07897
-14.5388
-18.0195
-12.1361
-3.15312
-1.6271
-2.01287
2.10652
4.61169
6.41306
11.6909
15.5714
18.7034
18.3567
17.6261
13.6931
8.09181
4.43582
0.726725
-0.967422
6.22563
14.0446
20.9358
22.1381
20.5932
14.9232
7.62812
-0.506212
-6.71277
-12.7548
-21.2102
-22.9424
-20.3877
-17.7925
-17.3298
-18.8117
-20.0444
-21.0087
-22.068
-21.6548
-18.1893
-15.8894
-16.6489
-20.3863
-25.3389
-28.7075
-30.5148
-30.8964
-30.2225
-29.8715
-30.4489
-32.0934
-34.1081
-34.3552
-31.5818
-28.2231
-26.6887
-27.1267
-28.3253
-28.911
-28.7035
-27.7999
-25.669
-23.3707
-22.6587
-23.8243
-25.678
-26.5688
-26.2767
-25.6708
-26.0955
-28.6277
-32.4837
-33.4031
-29.7715
-19.6891
-19.7219
-20.9052
-22.7583
-24.3161
-24.8757
-25.4155
-27.4843
-31.1227
-32.2561
-29.9437
-28.2308
-27.968
-28.8147
-30.0513
-30.6197
-30.0373
-29.134
-29.1031
-30.3627
-31.4117
-28.8077
-24.5464
-22.5528
-23.4467
-25.9621
-27.0765
-26.316
-25.7142
-25.0215
-23.7313
-23.0082
-23.5266
-23.9565
-22.5434
-17.6981
-6.35027
6.75713
13.6669
16.7624
15.9427
11.4295
3.70481
-6.31558
-15.7072
-17.4687
-12.9023
-4.04472
-2.97976
-4.60165
-0.484103
1.12378
-3.35759
-2.27566
-2.78941
3.19369
-3.16247
2.35559
-0.0492527
-10.1964
-12.3589
-12.4525
-8.89087
0.345854
3.93695
12.2958
13.5371
13.7317
8.63923
2.14843
-4.20376
-9.01273
-14.0244
-25.3885
-30.4627
-28.2067
-25.2491
-23.3928
-21.8233
-20.3609
-20.6361
-22.76
-25.3339
-25.4224
-23.2686
-21.9741
-23.0232
-25.4961
-27.2988
-27.7624
-28.0658
-28.1487
-27.9696
-28.6367
-30.6985
-32.7583
-32.5828
-31.3948
-31.2734
-32.7107
-34.8537
-36.2
-35.8471
-33.1843
-29.1043
-25.794
-24.5392
-25.0467
-26.0791
-27.3014
-29.3283
-30.2371
-27.0234
-23.3686
-21.8733
-22.5399
-24.4793
-25.9046
-28.5204
-27.8194
-25.4964
-23.6292
-22.8918
-23.012
-24.0857
-25.8223
-27.0507
-27.246
-27.3808
-28.3055
-30.298
-32.4964
-31.5153
-28.0469
-25.7901
-25.9225
-28.2748
-31.6479
-32.9923
-30.2262
-26.0918
-23.6203
-23.248
-23.4671
-22.7519
-21.8975
-21.568
-21.182
-21.0755
-21.9083
-23.1741
-24.2011
-24.8087
-13.8997
1.74327
14.4834
20.7947
22.7699
20.7076
14.8229
5.87659
-5.15405
-16.2305
-18.1256
-10.5622
0.000793729
3.23192
6.85141
10.2687
11.2564
8.96905
8.3777
10.345
15.3375
16.5726
17.0364
13.3652
6.71193
2.74074
2.57674
2.70317
4.21258
2.16794
7.1418
3.74542
2.89084
-9.379
-17.2544
-17.6128
-17.302
-20.0456
-26.8009
-25.6914
-24.5866
-23.5382
-23.6385
-25.6713
-25.9381
-24.4924
-23.6469
-24.8856
-27.3434
-29.6551
-31.4252
-31.316
-27.9768
-25.0082
-24.8607
-27.5943
-31.0334
-31.7922
-31.4199
-31.6374
-29.7923
-25.9435
-24.007
-25.3579
-29.6393
-34.4685
-36.2075
-33.6622
-29.061
-25.0483
-23.0924
-23.6117
-26.4842
-30.3441
-32.4613
-31.2209
-28.7617
-27.6504
-28.549
-29.9533
-29.8625
-28.6958
-27.2883
-19.4957
-18.9387
-18.9112
-19.4751
-21.2568
-23.8698
-25.8407
-27.3848
-29.3214
-31.3061
-32.012
-29.0761
-24.6161
-21.7792
-21.2126
-22.6487
-25.5497
-29.3356
-32.9376
-34.5583
-32.8734
-29.981
-26.7144
-23.5604
-21.5019
-20.3973
-19.6848
-19.2944
-19.5954
-20.8825
-23.3751
-26.0363
-26.0955
-24.638
-23.9779
-20.4529
-11.8687
-0.233704
2.26513
2.66795
-0.559645
-6.97747
-14.4483
-19.9352
-20.8116
-19.7416
-11.2598
-0.429624
1.74721
1.33366
3.90462
6.20642
6.16488
8.41456
10.9301
15.5852
16.5957
16.9356
13.3248
5.91337
-0.128514
-4.27975
-5.77776
-2.1446
-9.77404
1.6661
-5.52725
-2.7487
-20.4615
-22.9826
-18.3371
-18.6543
-20.9422
-27.5406
-25.6735
-24.018
-22.6698
-22.6657
-24.2145
-25.1449
-25.531
-26.1394
-28.1485
-29.08
-29.0687
-29.1561
-27.4639
-23.4302
-20.9753
-21.1998
-23.3552
-25.7255
-27.1
-28.1499
-29.5224
-29.9413
-28.122
-26.8921
-27.7756
-30.1302
-31.8925
-31.5027
-29.3275
-27.2585
-26.556
-26.6292
-26.1008
-25.5696
-26.9091
-30.3977
-31.8554
-28.8491
-26.4973
-26.2349
-26.9945
-28.3019
-30.874
-34.7091
-19.5535
-18.3489
-17.9637
-19.987
-24.7707
-29.0791
-27.9753
-25.9895
-25.5648
-26.3774
-28.0347
-28.9533
-27.4325
-25.7987
-26.1963
-27.95
-28.5242
-27.5858
-27.3982
-28.8221
-30.9951
-32.0021
-30.2866
-26.8436
-24.0554
-23.274
-23.7655
-23.5215
-22.4445
-22.1405
-23.1085
-25.1927
-28.0635
-29.7851
-27.5532
-20.4183
-10.0461
0.648589
3.74439
4.86745
2.29878
-4.39811
-14.9367
-24.0294
-21.3039
-22.5167
-13.4133
-2.98018
-2.40392
-5.33342
-4.37135
-4.18198
-10.6366
-1.97798
2.25299
7.80133
4.80135
7.19989
5.10414
-1.14929
-5.24605
-13.8083
-21.5166
-6.49523
-13.8648
1.0696
-5.50095
-2.43425
-18.9141
-22.6262
-18.9605
-17.4551
-19.7688
-26.9423
-27.5015
-24.4498
-21.7017
-21.7408
-23.6437
-25.1756
-27.2683
-29.1089
-29.8016
-27.4334
-25.7433
-25.666
-26.324
-26.4087
-26.2417
-26.5339
-26.7585
-24.9811
-22.4208
-21.9099
-24.1289
-27.6323
-29.7391
-30.8238
-32.2678
-33.1502
-32.2219
-29.4903
-26.28
-24.2262
-23.8991
-24.6939
-24.6452
-23.7087
-23.9265
-26.0757
-28.9684
-30.1478
-30.3248
-30.6912
-30.6608
-30.764
-31.8523
-32.9732
-21.539
-23.1213
-21.4131
-20.9548
-23.3498
-27.1202
-28.313
-26.466
-24.5328
-24.2162
-25.6373
-26.9833
-26.1373
-24.703
-24.0999
-23.5445
-22.3801
-21.6809
-22.1938
-22.9109
-22.7374
-22.6072
-23.6121
-24.9947
-25.5928
-25.7137
-25.6237
-25.0471
-24.4199
-24.612
-25.8998
-27.798
-27.7495
-24.8019
-21.732
-19.0225
-16.0001
-6.38006
-10.4553
-11.7195
-13.1196
-15.8059
-19.1383
-21.6313
-18.671
-18.5645
-12.5481
-3.16529
-3.45651
-6.25424
-2.0389
2.68423
5.44999
10.2376
12.5725
13.7126
10.5107
11.0694
8.49461
3.10902
-0.363836
-4.40293
-7.7071
-3.3258
-6.00623
3.90944
1.05519
2.32619
-7.47577
-14.5672
-17.4676
-17.3345
-19.6437
-21.5489
-8.13523
6.32728
15.2759
19.1045
18.4222
13.222
3.17773
-9.87845
-20.9179
-25.0139
-25.5927
-25.1501
-25.5621
-26.6173
-27.9507
-29.788
-31.9453
-31.6424
-28.8913
-27.2952
-28.0988
-30.0986
-30.6196
-29.3459
-27.8555
-26.6713
-25.864
-25.5748
-25.644
-25.4841
-24.2997
-22.8917
-22.6277
-23.8617
-25.8306
-27.2867
-27.7149
-27.5314
-27.8728
-28.9788
-30.499
-32.6331
-35.0773
-35.7179
-17.6531
-12.7032
-8.93098
-8.2875
-10.9717
-15.6603
-18.6706
-19.4183
-20.5436
-22.9421
-25.6737
-26.5247
-25.1412
-23.4364
-22.3722
-21.6335
-20.414
-19.6636
-20.935
-24.4388
-26.9823
-26.0803
-24.8852
-24.8509
-24.8242
-23.8601
-23.1253
-23.6534
-25.1249
-26.3931
-27.5276
-28.2023
-26.5604
-23.8724
-22.8124
-19.7363
-9.84311
2.39202
6.54116
8.22774
6.54776
2.14866
-3.63418
-9.78943
-13.4894
-13.6934
-6.71945
5.50448
14.9731
21.9968
25.8639
27.3675
27.4507
27.1527
26.3588
25.1045
22.2547
19.0932
14.5032
11.8842
13.1789
14.0144
14.1821
17.3094
20.6899
23.6677
23.553
21.3914
15.7613
6.85159
-4.95218
-13.6771
-16.4216
-17.4558
-1.55646
13.3087
21.9281
25.2201
23.8456
17.6727
6.24977
-8.12215
-19.3752
-24.4016
-25.7433
-24.9677
-24.8466
-26.2289
-28.2936
-29.6026
-29.9353
-29.6433
-28.7454
-28.1333
-29.1828
-31.9293
-33.0668
-30.5552
-28.5997
-28.8121
-30.3357
-31.6073
-31.9806
-32.1472
-32.1478
-31.4992
-30.4016
-29.416
-29.1666
-29.9378
-31.0522
-31.1436
-30.0536
-29.2632
-30.1711
-32.9595
-35.4877
-35.1025
-13.2744
-9.41043
-6.77963
-6.84731
-9.13837
-12.1248
-15.0137
-18.2921
-20.994
-22.9526
-25.2101
-26.8659
-26.6513
-25.1463
-23.3253
-22.5611
-23.4284
-24.9255
-24.7167
-22.7239
-20.7577
-20.009
-21.0966
-24.0615
-27.6135
-29.1702
-29.2781
-29.5715
-30.1379
-30.6093
-30.6372
-30.2605
-29.7953
-29.4764
-28.0237
-17.1905
-1.37575
12.0569
19.3184
22.7501
22.86
20.2435
15.3481
7.84802
-2.726
-9.55856
0.735989
14.9214
24.5968
30.6914
34.069
35.6746
36.1407
35.9306
36.1094
37.6115
38.772
38.0655
35.919
34.0809
32.93
31.1572
29.1931
30.6514
35.3774
39.1122
39.6569
36.6395
29.7027
19.4551
8.47937
-0.229166
-9.95433
-20.154
-15.5119
-5.05955
1.39875
3.30322
0.996416
-5.12003
-12.9493
-18.1324
-21.0365
-22.1996
-22.6297
-22.8628
-23.797
-25.5112
-27.6096
-29.3463
-28.5116
-25.4305
-23.537
-24.4446
-28.0492
-32.6465
-34.9211
-33.8341
-32.1215
-30.9341
-29.9485
-29.219
-29.339
-30.8729
-31.8792
-29.895
-27.8108
-27.7128
-28.8045
-29.3424
-29.3862
-29.6426
-30.1445
-31.4677
-34.2071
-37.4129
-38.614
-37.3794
-11.4743
-8.66409
-4.55075
-2.43283
-2.8611
-5.76821
-10.8546
-16.664
-19.4993
-20.4402
-23.3626
-27.5108
-28.6295
-27.7616
-27.513
-27.1724
-25.9299
-24.5161
-24.0513
-24.83
-25.6363
-25.5986
-25.9664
-27.3918
-27.1978
-24.2544
-21.7818
-21.4569
-23.4976
-27.0053
-29.8065
-30.9405
-31.802
-32.6234
-32.2613
-24.7755
-5.5159
10.9159
19.9013
24.5891
26.3581
25.9966
23.4757
17.814
7.15526
-4.94662
5.32829
18.4389
26.4741
32.0757
36.1326
39.0606
40.8433
42.0067
44.1345
46.9475
48.4169
47.5168
44.7442
42.4941
41.96
40.8997
38.3318
38.8502
43.8005
48.0694
49.1464
46.5167
39.7191
28.3925
15.9647
5.23048
-5.96634
-17.6619
-14.4225
-3.55175
3.78361
6.42601
4.72449
-1.12183
-9.97433
-17.5953
-22.1482
-24.163
-24.1577
-24.1769
-24.7201
-24.4189
-24.2487
-25.8917
-29.4238
-32.4468
-33.3341
-33.2915
-32.7865
-31.784
-30.6623
-30.1558
-30.5871
-31.5978
-32.1028
-31.7456
-31.7619
-32.5973
-31.837
-28.7526
-26.4691
-26.6846
-29.1054
-31.4184
-30.9555
-29.7968
-30.0657
-31.4976
-32.3341
-31.7784
-31.4871
-32.3887
-13.613
-11.432
-9.074
-8.97818
-11.8301
-17.0168
-22.5068
-26.3929
-27.6146
-26.2316
-25.6237
-26.0715
-26.6271
-26.5467
-25.6735
-24.7949
-25.0742
-26.6129
-28.0418
-28.4195
-28.4872
-29.0477
-30.4308
-31.5795
-29.1891
-24.5637
-21.654
-21.5158
-23.5441
-25.5212
-26.0803
-26.5352
-26.8292
-25.9087
-24.0274
-20.0955
-11.46
3.26206
13.1316
21.5784
27.5167
30.3952
29.7703
25.1741
15.787
2.36321
1.99349
14.2776
21.6102
27.6646
32.8914
37.0444
39.7343
41.4874
42.9297
44.1085
44.3878
44.2091
44.7075
46.2827
47.5323
46.9051
44.2288
42.1094
42.7911
43.3665
40.9976
35.5635
27.3235
16.2239
4.77113
-4.39035
-11.0052
-17.9995
-21.1551
-17.9835
-13.1628
-10.754
-11.0787
-13.1783
-16.2342
-19.7492
-23.3104
-24.9891
-25.166
-25.6843
-26.8505
-27.3828
-27.7575
-29.8702
-33.2212
-33.8789
-32.1487
-31.3912
-31.7991
-32.2786
-31.932
-31.2348
-31.0399
-31.2434
-31.0859
-30.5556
-30.2799
-30.4034
-29.933
-28.3929
-26.4972
-25.8022
-27.2877
-30.5492
-31.9992
-29.602
-27.7564
-27.936
-29.2104
-30.5543
-32.1592
-34.0956
-17.5391
-14.5884
-12.2487
-12.3242
-15.0753
-19.3599
-23.3791
-27.0645
-29.4748
-29.1642
-27.4421
-25.7897
-25.3873
-26.6293
-28.8613
-30.6357
-30.84
-29.6193
-28.4198
-28.831
-31.1198
-34.1261
-36.4235
-37.5986
-35.0999
-30.148
-27.3264
-27.7405
-30.7736
-33.8305
-34.4852
-34.2019
-33.826
-32.6692
-28.6925
-17.8822
-3.40769
9.81191
20.0884
30.0541
36.9452
39.6412
38.0787
31.9201
20.6958
5.66209
9.35502
23.7171
35.4574
43.1809
46.7091
47.3213
47.4384
49.2809
51.6092
52.5123
51.9668
50.9333
50.9559
52.6437
53.9493
53.5157
51.5438
50.0584
50.3038
50.2575
47.9206
42.5924
34.3406
25.432
17.9196
9.69535
1.53203
-8.34657
-16.2464
-16.8679
-13.7358
-12.4458
-13.6802
-16.2862
-18.7169
-20.4479
-22.5137
-25.2439
-27.4615
-29.1958
-31.8434
-34.1422
-35.0907
-36.3426
-37.4724
-36.3511
-34.999
-35.4004
-36.9782
-38.4089
-38.2702
-36.6701
-34.6856
-32.2599
-29.95
-29.2594
-30.7068
-33.1628
-34.1027
-32.8757
-31.793
-32.2431
-34.141
-36.1556
-37.0044
-36.9225
-37.0133
-37.5831
-38.2276
-38.813
-39.1388
-38.7224
-18.6129
-17.5212
-15.9505
-16.1059
-19.1973
-25.3377
-32.9193
-37.9087
-36.5775
-33.945
-32.1418
-31.1481
-31.3025
-32.8184
-34.6643
-35.0895
-33.747
-31.8514
-30.5474
-30.594
-32.3107
-35.4772
-39.4131
-42.4086
-43.0367
-41.7084
-38.9651
-36.2512
-34.3823
-33.6449
-34.1928
-36.0614
-38.4032
-39.1725
-34.3251
-19.082
-0.370758
13.4987
23.4128
32.3388
39.131
42.1935
41.1578
35.5991
24.6984
14.52
23.9099
35.1982
43.1332
48.5506
51.2151
51.3922
51.0942
53.0624
56.0848
57.8088
57.8581
56.7149
54.849
52.8303
51.0655
49.7904
49.0599
48.91
49.031
48.5914
46.3894
41.6757
34.2846
26.0698
18.6004
9.65295
0.0349563
-10.5834
-15.8278
-10.8587
-5.85478
-4.45492
-6.73102
-12.111
-18.8086
-24.0546
-26.9966
-28.8562
-30.0548
-31.0458
-33.402
-37.2543
-40.9766
-42.5351
-41.7133
-40.0056
-39.1655
-39.1222
-38.685
-38.2313
-38.7161
-39.7877
-40.5452
-39.4399
-37.1488
-35.8179
-35.8208
-36.2081
-36.0669
-35.8548
-36.2874
-37.5098
-38.6162
-38.7959
-38.8449
-38.8435
-38.7584
-39.1907
-40.7025
-43.3412
-45.9057
-45.8425
-30.4161
-29.5043
-27.2953
-26.9451
-29.648
-35.4178
-41.9792
-42.7216
-39.1754
-37.7961
-39.4558
-42.7086
-45.2733
-46.3372
-46.7021
-46.6509
-46.1385
-44.6059
-42.6828
-42.2476
-43.8519
-46.1963
-47.682
-48.279
-48.1697
-45.7182
-41.9702
-39.4031
-38.7917
-39.9185
-42.333
-45.3965
-47.2647
-46.5205
-42.9859
-30.0786
-9.14939
6.53614
17.8802
28.9799
37.7289
41.9824
41.6956
36.5847
25.5218
11.3577
19.4997
32.3451
40.3387
44.9781
46.7216
46.5217
45.9338
46.2657
48.1876
51.7745
54.5244
54.8944
52.5583
48.283
43.6936
41.0142
41.5906
42.9592
42.6911
40.4386
36.0481
29.6544
20.1295
8.68547
0.138277
-9.99489
-18.4065
-29.4056
-28.5332
-25.1313
-23.0545
-23.058
-25.3012
-28.0613
-31.2131
-34.4285
-36.5126
-35.6514
-34.1118
-34.4385
-37.7692
-43.4995
-49.6363
-51.202
-48.2913
-45.7134
-45.01
-44.9748
-44.1185
-43.3032
-43.5985
-44.9894
-47.0487
-48.8211
-49.3115
-48.9848
-48.0582
-47.2603
-48.0028
-49.8421
-48.753
-45.2345
-43.1498
-43.498
-45.2194
-46.4484
-46.8172
-46.994
-47.1546
-48.19
-50.5502
-51.9337
-42.2093
-42.6555
-42.0703
-42.0461
-43.543
-45.8512
-48.4493
-50.9107
-51.9362
-50.791
-49.4369
-48.5335
-48.3231
-48.9613
-51.228
-54.1675
-54.7222
-53.27
-52.22
-51.3361
-50.5053
-49.9058
-50.2357
-51.5709
-52.1985
-50.2831
-47.8283
-47.2227
-48.9748
-50.6397
-49.3958
-47.69
-47.165
-47.3325
-47.6891
-40.8669
-21.9374
-5.44471
3.20149
11.8626
18.3938
21.1541
19.879
14.1868
3.61141
-7.13483
-1.0665
12.8462
19.8458
23.3633
24.2611
25.0219
26.8952
28.5726
29.3331
30.8919
32.1433
32.8768
31.5303
28.3142
23.7405
20.4733
22.2084
25.2766
24.9538
22.9099
17.1592
11.5587
-0.190954
-9.63413
-13.0123
-18.815
-21.9694
-41.9218
-43.8446
-43.3611
-43.2483
-43.4268
-49.8346
-46.7078
-44.0687
-41.939
-41.1614
-42.0072
-44.2967
-46.7545
-49.9935
-52.2735
-53.0622
-51.1685
-48.8438
-47.7464
-48.6779
-51.2936
-52.3915
-50.5305
-48.2729
-47.7829
-49.1422
-51.1244
-51.8875
-51.8168
-50.2579
-48.3823
-48.1906
-49.7436
-50.883
-50.3853
-49.4408
-49.2281
-49.3576
-49.2724
-49.5036
-50.4074
-51.5226
-52.1414
-51.5743
-49.9857
-56.0826
-55.6781
-54.4445
-52.1365
-50.1686
-49.3574
-49.8697
-51.1256
-52.2616
-52.2671
-51.0529
-49.4534
-49.1271
-50.2773
-52.32
-53.7906
-54.2386
-53.8089
-52.1662
-49.833
-48.468
-48.887
-51.0655
-54.6702
-57.5662
-57.6836
-56.0786
-55.578
-56.9149
-57.6399
-55.175
-52.6104
-51.1451
-50.1441
-49.5441
-47.5807
-48.8512
-15.0489
-24.6822
-53.3185
-54.3735
-52.9759
-53.5949
-52.5862
-30.4516
-23.863
-24.4076
-4.15576
-6.75178
-27.9742
-36.5396
-19.4278
-38.7889
-10.3687
-10.1663
5.1089
-9.88571
0.109601
-3.64168
-11.5429
-30.5623
-36.7304
-23.1661
-3.63472
-17.1384
2.79043
-6.72327
-0.948887
-28.8195
-41.8857
-18.8193
-21.7019
-24.2648
-56.5671
-49.816
-45.6871
-43.5498
-44.0964
-52.2287
-52.174
-53.0997
-53.9419
-55.5923
-56.6236
-54.5662
-51.0396
-51.0641
-51.8963
-52.7054
-52.8036
-53.3425
-53.6122
-52.9453
-52.2591
-52.0074
-52.2132
-52.275
-52.2242
-51.7124
-51.0764
-50.8901
-51.8717
-53.3279
-54.074
-54.3003
-54.4051
-53.7716
-52.8756
-52.6397
-53.5309
-54.4738
-54.5781
-53.8275
-52.2968
-50.4406
-48.7302
-47.3353
-47.1412
