80
14.2648
38.0339
53.6403
62.7629
68.2709
71.196
72.4093
72.3889
72.7695
73.4393
72.9404
70.3282
66.4931
63.2284
60.2848
55.0877
48.3802
43.5934
35.0923
18.7675
13.1788
18.3217
21.5215
27.2052
37.1848
47.5179
54.2065
57.3803
57.8515
56.1594
50.9
41.7268
40.7476
45.0595
48.748
52.3696
54.1937
53.9666
51.7148
48.1142
45.0503
45.4439
47.9286
51.4927
53.6309
52.457
47.371
37.7521
25.1177
18.2387
22.0196
24.032
22.1851
17.0789
8.99367
0.434313
-4.48919
-7.5114
0.268851
4.65586
6.16102
7.19217
15.0257
20.4474
19.883
19.7798
24.3631
26.9996
24.8751
18.5552
9.78036
7.01933
8.13125
5.58652
1.34997
-1.93344
-0.108725
-2.44608
-7.2422
-7.03492
-3.33404
0.434387
3.92157
6.78968
7.43447
7.15217
3.978
-0.369543
-0.468375
1.19917
-2.27226
-8.74438
-8.19846
-7.55561
-7.69716
-5.21318
-4.48852
-5.48762
-5.04979
-3.49631
-3.44113
-3.42474
-3.50206
-7.06864
-10.472
-5.15603
-0.627243
3.41611
6.02659
5.85784
1.59655
-4.66097
-10.0522
-15.4176
-5.17524
2.98326
5.7329
3.60199
13.075
33.1101
45.5455
51.6981
52.8249
51.7526
47.9002
44.8998
44.391
45.6387
44.8175
39.4357
37.2514
32.7872
31.4398
28.8256
25.1813
19.9442
26.7687
28.2415
26.486
34.381
50.9867
61.3771
69.4928
73.972
74.5218
70.7711
63.4224
57.0989
55.6621
55.453
61.215
66.9589
69.3557
67.7245
62.4714
56.8543
54.2946
50.3462
43.5618
38.5696
37.5237
38.0684
40.8081
43.8106
44.656
42.5917
37.9117
32.7056
29.4095
27.7704
26.203
23.2658
21.9052
21.346
17.8632
11.4941
6.50698
6.2517
4.55932
7.12806
16.2325
23.7715
28.5407
30.7339
29.8058
25.6338
20.5564
21.9927
24.5545
23.3421
19.1062
18.4602
20.6544
20.2115
15.4587
6.43505
-2.99681
-3.0588
-3.10976
-1.9419
-0.869234
-0.546461
0.558657
0.564787
-0.34291
1.11522
5.71344
9.12282
10.0382
9.1358
6.88005
6.36876
7.65779
7.50303
4.22411
-0.640655
-0.991964
2.07722
2.83956
0.4537
-4.3998
-10.8486
-16.0713
-13.9333
-6.97022
2.0743
7.92761
9.67301
7.37406
1.61501
-7.47628
-12.3159
-4.06425
0.641492
0.943667
-1.01795
20.3736
25.3443
32.1574
34.16
37.696
44.0063
49.6555
54.3189
57.9464
60.172
59.198
55.2332
46.3758
37.6647
33.24
25.4014
32.2313
40.8795
52.6824
62.8223
68.7865
71.7982
74.6989
78.4989
81.1053
80.9848
78.2827
74.3586
69.2785
62.9487
59.9863
61.6707
65.2744
70.294
72.0052
69.6391
63.5212
56.7808
52.2192
48.442
46.4416
45.8381
46.3906
45.8878
41.8669
38.7303
39.9226
40.3787
38.7517
35.6441
31.1338
30.9637
34.9985
36.1607
33.1291
27.0419
20.355
14.6263
9.20816
5.02593
2.41092
1.32344
7.13981
14.2207
18.3496
22.2675
27.1857
31.5481
34.4025
35.0243
32.7298
26.9825
21.2455
21.7775
23.2323
22.2859
18.5593
11.4549
1.74659
-4.09651
-3.4346
-3.24343
-0.463686
7.12203
11.8959
12.8507
9.96327
3.7786
-1.9713
-3.37841
2.73923
7.86183
9.9959
8.00815
3.77982
2.66966
2.98874
0.409194
-4.81229
-5.85896
-3.10558
1.53549
5.03269
7.14943
7.42544
5.72667
2.86703
2.54429
5.9883
7.40873
5.31432
0.375429
0.214614
3.70046
6.03105
6.40553
4.91223
4.19426
13.5749
17.0366
26.1914
33.2009
40.9486
48.9039
55.3895
60.0656
63.7404
65.4422
65.2254
62.9154
61.2308
64.5092
71.4855
78.1856
83.2379
86.8942
89.5554
91.6715
93.255
93.7091
92.3321
88.773
82.9163
75.9842
74.3096
76.3892
76.2587
72.4369
69.5741
73.0056
75.7191
74.753
70.3039
63.4369
62.0086
65.3249
67.4682
67.9007
67.3023
65.6385
62.0119
55.639
46.8242
40.0521
38.0582
42.5319
47.5631
49.2078
47.5992
44.1532
40.5341
36.1293
29.5253
20.8595
15.6546
14.1085
14.9148
15.9967
15.0264
10.5015
8.38617
13.5334
20.3048
26.67
31.2353
33.4795
33.1045
29.6882
23.8179
18.8977
16.9154
13.557
7.84215
1.40894
-1.68813
-4.23669
-5.41024
-4.59613
-4.51448
-3.61042
0.585713
6.6898
11.0988
12.0783
9.61343
4.03427
-0.660567
1.12515
2.01243
0.210988
-0.246859
2.37429
2.87191
1.3559
2.11475
2.36777
-0.935315
-4.0922
1.61683
5.42648
4.74706
2.21342
2.05626
2.15585
-0.599122
-4.85727
-5.44642
-0.157735
3.87356
5.44571
5.48576
5.88143
4.97647
2.08518
-0.512658
-1.31134
13.6527
32.6297
45.0636
53.3418
54.9983
55.9503
59.6726
65.6821
70.6891
74.3263
77.7157
80.5487
81.6673
81.7834
82.5277
84.9683
87.2986
87.9573
86.2547
82.5197
79.1394
78.5559
77.317
73.3332
67.5128
71.2986
78.9812
81.9793
80.7466
76.7013
72.9344
69.7048
65.8028
61.8724
57.2651
54.9751
59.1648
61.0833
58.6348
54.9136
55.4368
57.3099
55.8718
49.7834
38.7919
30.4755
37.305
41.6601
41.9965
39.3657
35.6416
31.4741
24.4628
12.9229
-1.44951
-4.72709
0.0271344
6.02667
9.75855
12.1624
11.7647
9.51305
9.11264
10.2695
11.4245
12.6846
15.2433
17.2202
18.032
16.9908
13.7938
11.2267
12.7914
12.3342
8.78204
6.92848
7.3989
6.46229
3.88648
-0.58735
-2.89413
-2.4641
-3.53999
-3.22385
-2.57189
-3.31243
-6.9539
-7.66652
-4.78124
-0.0662554
1.57937
0.00833794
-1.84553
-1.78515
-3.10132
-3.61749
-0.86893
1.30507
-0.519794
-4.23643
-4.14626
-3.1288
-2.01433
-1.49843
-2.67697
-6.57809
-14.1014
-23.256
-11.0413
0.0338891
6.14545
7.54348
6.22857
3.89249
2.75569
1.9453
-0.0600155
-4.29101
18.1194
39.3015
56.5365
66.0843
72.1189
74.3622
73.5196
72.3839
77.6159
83.4119
85.2971
82.9282
76.7384
66.199
56.2769
52.7096
51.5239
51.862
53.8449
54.9759
58.3629
65.5591
75.7614
83.2195
87.6464
89.0829
87.2239
82.1547
73.8669
68.3539
70.5866
72.8284
71.8872
68.0632
62.6146
59.1576
58.0757
54.8314
48.15
41.2359
42.7061
43.6496
41.015
36.7026
34.6347
34.8255
32.693
27.8285
23.5407
22.4906
22.4323
20.6427
16.6195
8.55848
0.0154812
-4.7704
-2.6834
-0.104805
2.13321
3.39813
3.16157
3.84982
6.10298
11.2533
14.7147
17.874
23.6614
29.3843
31.8975
30.8777
26.2365
20.277
16.7678
16.3385
14.5736
10.9547
8.99412
9.4784
7.67483
3.52064
3.71452
10.635
16.4762
18.7615
17.8125
13.7536
7.83418
2.55437
5.31328
9.18837
10.6065
9.49739
8.42518
10.4132
13.1687
13.8559
11.5983
6.99081
3.6237
1.48982
-0.0202566
0.996174
1.50773
-0.951304
-7.89484
-22.0274
-26.5919
-21.2652
-11.6981
-2.24115
1.48445
2.17646
1.95945
1.91057
-0.0974316
-4.30123
-8.3314
-10.5603
24.2791
42.5504
52.0872
59.7194
66.7291
70.5811
73.532
78.335
81.7868
80.9773
75.5932
66.515
58.1833
54.7905
53.4807
48.739
38.9696
46.7025
59.7644
71.9075
80.8974
85.9862
87.8756
87.2169
85.6419
83.6542
80.2532
73.9455
67.6918
67.6945
67.743
65.6205
62.0467
58.9141
54.6429
47.4129
42.2133
41.2898
42.2835
44.2139
43.6668
39.1092
31.4838
28.6238
32.5915
33.8278
31.0346
23.4626
9.5059
-0.368732
-0.390007
2.8468
3.16785
0.679719
-4.28879
-1.70636
3.00709
7.20829
9.2737
8.01807
3.06613
-4.09517
1.26578
7.04314
9.25124
11.7578
17.5639
21.9199
22.9592
20.7541
16.873
12.0946
8.58079
13.94
19.7714
22.9288
22.3697
17.9605
11.7213
12.2523
18.6917
23.1733
23.8517
20.7277
15.1337
11.7692
9.27083
10.4707
14.8087
15.8304
14.3481
14.9643
16.5019
16.905
18.6175
20.5234
19.8175
16.4613
12.0952
8.94024
5.31127
3.87987
5.53029
4.1425
-2.05509
-9.90253
-12.056
-10.8813
-7.33584
-5.81267
-5.83972
-5.88231
-4.77626
-3.8982
-3.0876
-4.49188
-9.80227
-10.2239
25.0122
39.459
55.4467
68.7565
79.5364
86.9022
91.2633
92.8298
91.2698
86.6147
78.0877
66.5622
57.6653
56.5406
61.2302
66.9258
71.6157
76.5935
82.6825
88.1724
90.6747
89.606
84.1862
73.7254
57.8508
53.0481
57.9748
66.8724
72.7637
74.5025
72.5715
66.9739
59.8599
55.0014
51.56
45.9302
37.9308
36.0754
41.1377
43.2725
42.5966
38.5068
30.0656
17.4811
14.2402
20.0155
21.9139
20.0842
15.2113
10.1533
8.5776
9.73491
12.3816
14.686
15.5001
15.3119
14.2536
13.2944
13.8271
14.6466
13.9931
12.7581
14.5788
17.7425
19.5263
20.6561
22.3642
22.0329
18.1827
12.4143
13.4501
17.6195
18.5746
15.7545
15.888
21.1455
24.2776
24.2504
21.9554
20.7106
23.868
27.7467
29.1873
27.5892
22.9526
14.5014
8.15652
14.321
18.5105
18.2895
15.2716
14.0511
15.5844
15.7599
13.848
11.2356
8.25414
6.71241
10.2249
13.027
13.6382
14.0511
14.9201
14.626
12.4123
9.28544
7.21668
7.81055
10.2953
12.129
12.5453
12.4874
12.028
11.1651
9.89088
8.00381
5.67014
4.60059
6.86596
26.5013
49.9618
64.6362
73.8167
79.2578
82.1276
82.1493
79.7609
75.6548
74.2915
75.4845
77.5741
81.1718
83.5185
83.1571
79.465
75.113
75.2814
76.9179
76.7809
74.0423
69.3363
61.3324
51.6132
54.262
58.8145
59.3735
58.2418
58.7331
57.7454
53.4308
45.0835
41.7357
41.9394
40.4657
38.4846
36.4293
30.9792
25.4266
19.6802
15.3344
14.3546
11.8743
8.82985
3.36455
1.61322
6.82095
10.1649
10.2506
7.83545
3.59272
0.502755
-1.27474
-1.32166
1.00239
3.02241
3.54297
1.5111
-2.18168
-2.52803
0.0165613
8.17221
14.4731
16.6986
17.842
22.0213
26.1543
26.0816
21.5048
14.6018
11.7072
11.8523
13.2947
13.3992
12.0486
13.4915
18.449
25.0823
30.4477
32.1988
29.7533
24.0094
18.1577
14.0785
11.218
9.3286
8.77661
13.101
17.1844
18.1577
15.6062
11.2444
8.2371
6.26338
1.87562
0.113913
2.07885
2.0456
2.45288
3.3305
3.42304
4.35067
5.96108
4.57911
-0.746372
-8.18675
-7.26926
-2.43046
-0.767821
-0.593634
3.07829
7.24392
7.61533
3.19064
-5.38258
-10.2346
-8.24989
9.68448
34.1045
46.4285
53.3072
58.1259
63.8019
70.9009
76.4846
80.2861
82.5586
84.7809
87.5304
89.5101
89.1767
85.813
78.8357
68.7984
58.3201
52.778
45.3345
38.9675
43.1241
48.3763
53.8729
59.2302
60.9403
60.0088
58.9188
61.3852
64.5237
64.7961
61.5571
54.9671
48.2412
47.6256
49.3242
49.4854
47.6915
43.3754
36.7095
31.8459
32.6373
33.5453
32.2178
28.4119
22.0213
11.9834
2.13881
-2.5973
0.735584
5.39243
8.95454
8.77864
4.71969
-2.56294
-10.8985
-11.0385
-7.43869
-5.27648
-4.45654
-1.92467
3.76522
11.8948
18.2101
20.1061
17.8378
18.0655
26.4896
32.3698
33.9335
32.4815
30.6427
29.8652
29.0721
28.5718
28.171
26.3278
23.4264
23.2299
25.2905
29.0718
32.466
32.5681
28.3267
19.3187
7.12198
6.89695
7.70626
6.27661
7.22545
10.1089
13.5785
17.0926
18.8536
17.3226
12.2335
6.66564
7.96589
10.6672
9.49955
4.15509
-1.02959
-0.47691
-0.670387
-3.42756
-5.86656
-6.63959
-9.56884
-15.0696
-16.1332
-10.624
-7.27375
-5.13353
-4.49171
-4.57383
-5.6428
-6.35964
-6.40892
17.2809
31.9394
44.075
51.9021
59.4051
65.5449
68.6089
70.615
74.2801
77.6956
78.1869
75.3442
69.8318
64.1695
59.6767
55.1686
48.6333
41.4315
38.6428
37.1031
37.3372
39.2131
42.1596
44.6164
44.868
48.9723
57.9085
65.6625
69.3921
68.7192
63.8781
55.3206
48.6772
45.2101
41.0277
37.0661
33.7967
29.7805
29.9342
32.1848
34.3142
33.3671
29.1928
23.4292
19.7905
16.295
12.28
9.5512
9.34908
8.01567
5.84361
2.9994
0.0193982
-5.10408
-11.6248
-10.7923
-6.51254
-4.5282
-5.66908
-8.72553
-7.42489
3.64687
13.9625
19.8754
21.1861
18.1209
13.9431
21.2626
29.6024
34.3978
37.4532
39.1864
38.701
35.9825
33.1452
31.199
27.317
20.3118
16.795
20.8386
23.6008
25.407
27.1849
26.9076
22.7145
14.8156
9.32514
11.5171
14.8172
16.1253
14.6384
11.0744
9.47843
11.4261
14.6369
17.7992
19.1941
18.3965
15.7267
12.0877
7.58174
3.37328
1.22081
0.593641
1.77089
3.80627
3.87586
0.530165
-6.02493
-11.8025
-11.1096
-9.38096
-10.9718
-13.2309
-11.0393
-5.27632
-3.30806
-5.69996
6.82113
18.1104
28.284
36.003
41.8107
45.9432
48.3355
49.8545
49.4632
46.9614
44.3621
38.9276
32.799
31.0353
31.709
34.5668
36.4754
35.4652
38.3328
39.4258
40.6136
39.8227
37.5166
39.3097
46.6573
54.6788
59.7101
62.2145
62.0518
58.9694
51.8202
41.5943
35.9454
39.6438
42.4638
41.2584
35.5607
26.0167
16.2118
19.6849
23.1795
24.3301
22.3878
17.5176
11.9104
6.63421
2.50797
3.61674
8.86112
11.4799
9.76239
3.94069
-3.58035
-5.91964
-5.83285
-5.44046
-6.79366
-9.54867
-12.7234
-13.6699
-14.2336
-13.7068
-3.91133
3.76944
7.14549
6.59803
6.31923
9.81399
12.3259
15.829
22.4351
27.5427
29.7416
29.3066
27.9348
27.1794
24.4976
17.9593
14.499
21.1332
25.5759
25.8883
24.0216
21.8449
18.1304
10.4941
4.50081
8.14533
9.1767
6.14547
3.74217
6.29501
8.87257
9.21053
9.33806
10.3265
10.4179
7.32447
0.840095
-3.74934
-2.29597
-1.7586
-3.7885
-6.41394
-7.21121
-8.14446
-8.39299
-5.84024
-4.06869
-6.13262
-12.3362
-19.3983
-20.8592
-17.5432
-12.144
-7.52686
-5.67298
-5.67009
7.05138
21.1874
32.7995
41.1359
44.2586
43.1542
39.2596
35.763
32.8275
30.214
32.0741
34.5417
41.7425
47.1011
50.0752
50.0151
47.7353
44.6131
40.9048
39.1503
38.5328
40.6875
47.6204
53.8518
56.787
55.9629
51.9255
47.4552
45.4364
43.9442
39.6456
34.3275
33.9746
36.1375
37.7296
37.433
33.5238
25.0892
13.9986
11.518
12.8845
13.1801
12.911
11.8137
7.45288
1.99261
4.50952
8.21251
10.1065
8.25037
2.90026
-5.32081
-9.51905
-11.4947
-11.5766
-8.19975
-6.00236
-6.83071
-7.98031
-8.61637
-10.8557
-13.4459
-10.8868
-5.44456
0.694491
4.85608
6.36161
9.9535
16.2488
20.7533
22.3763
21.5294
19.5857
20.2788
23.7668
25.4798
24.3566
21.5796
21.6649
24.7375
26.2073
25.6456
24.7554
24.1046
22.2189
18.6717
16.3305
14.4203
9.99838
2.81605
-5.28847
-2.42248
1.32625
0.741807
-2.52606
-4.76466
-6.13227
-10.2065
-11.7578
-12.0553
-15.3468
-18.7047
-22.3333
-24.9578
-26.7117
-21.0401
-16.4403
-13.6126
-13.2058
-11.9611
-9.4205
-8.8786
-11.3766
-14.766
-14.6271
-14.1252
-14.6116
-11.2865
0.287572
13.818
27.2923
33.6482
35.4935
35.079
33.7458
35.3365
41.2631
46.6349
49.1366
50.2336
49.9753
49.8904
48.5766
44.8022
38.6126
30.1317
29.576
35.0899
44.3963
50.7547
54.4988
55.3156
53.5134
49.3005
44.7969
43.3033
42.1932
37.5801
33.2968
35.8763
37.53
34.7059
27.7464
17.5924
12.1775
9.19304
8.43573
9.34983
11.9288
14.4271
14.1796
11.004
4.81366
-2.95576
-12.1775
-5.12703
0.913815
2.37303
-0.1721
-8.04734
-17.7827
-24.7433
-18.2936
-13.8109
-12.0223
-11.553
-10.6498
-9.58873
-11.299
-13.8771
-8.74216
-2.98151
-0.26748
0.726418
3.1947
7.29124
11.6786
16.2795
20.4856
22.2654
20.8753
17.308
16.5814
21.4662
25.8377
26.923
24.8793
22.187
21.0931
21.5651
21.4587
19.8453
16.3467
12.3706
9.86968
7.76825
5.00198
0.292372
-6.13116
-4.89087
-0.716687
1.66543
2.19629
1.2618
-1.50975
-5.16541
-7.66656
-7.97987
-7.40479
-6.58232
-6.52723
-9.19949
-13.9971
-16.5088
-17.4604
-18.6157
-17.5334
-12.8287
-9.35665
-8.97137
-10.9207
-11.0964
-9.19794
-8.56393
-8.92376
-9.33009
-13.053
-1.13389
10.0093
17.7439
21.7013
27.4803
30.6005
34.8377
40.4128
43.7207
43.2705
37.795
29.6648
27.7675
28.1963
25.2989
19.5772
22.7127
31.4261
38.9659
43.9755
44.8658
40.8191
32.8534
26.4377
29.4311
33.8253
35.2007
34.0256
31.2353
29.0552
27.6117
23.7235
16.9163
5.59236
4.33434
5.60169
7.48462
7.6779
8.43231
6.57612
2.84694
-2.31868
-5.45409
-5.30997
-7.77486
-13.2521
-15.4845
-9.9867
-7.26031
-8.27577
-11.7757
-18.1291
-23.4765
-30.3511
-28.4626
-25.4731
-25.4918
-25.4639
-23.239
-18.4571
-12.5809
-7.89806
-4.98802
-3.94846
-4.94582
-7.15217
-10.6922
-9.78106
-1.44331
4.60441
7.01317
6.78437
4.83332
3.83989
8.6284
14.1377
15.9308
14.4122
10.8321
8.30664
6.74628
8.11131
9.94173
8.93276
5.83977
3.38727
2.41152
2.752
2.6341
0.645654
-3.83357
-8.58491
-7.86722
-4.05813
-3.02827
-4.84536
-7.65191
-9.55913
-11.5558
-11.3682
-7.02139
-4.34762
-5.29764
-9.76898
-14.8743
-16.3016
-15.8751
-15.937
-15.6038
-15.2614
-15.8485
-16.8722
-18.2856
-21.8155
-25.4577
-30.4641
-35.1827
-19.4393
-3.16875
10.8219
25.304
32.5082
36.9956
38.8076
37.5718
34.5482
31.569
29.3185
28.1941
30.954
37.0672
42.0795
44.3987
44.6195
42.4056
40.1617
39.0379
37.3471
35.1225
32.6725
31.9468
31.5701
31.394
31.6301
31.002
28.4687
25.3796
22.3939
18.0204
9.49415
6.14581
10.3335
13.8519
13.315
9.44856
2.46721
-1.80564
1.67667
2.34306
0.173039
-3.81544
-7.62505
-8.43432
-9.76149
-10.0383
-10.0248
-11.9242
-13.0965
-15.9824
-15.2693
-13.6559
-13.6683
-15.397
-16.8379
-15.7998
-14.6366
-13.5093
-13.5174
-11.8504
-5.67355
0.128638
3.08174
2.55314
-0.792356
-3.50235
-2.48045
-0.475246
0.0314689
-1.3693
-3.68592
-1.35545
2.97359
5.03666
5.9446
6.71488
7.40594
7.75997
8.37261
9.39252
9.14561
7.00169
2.76896
-2.99598
-9.08012
-12.4869
-8.57508
-2.28014
1.42519
1.12938
-3.67981
-12.5899
-13.9541
-8.89909
-6.1607
-6.65978
-8.80576
-8.37219
-6.85834
-6.78596
-9.16692
-13.6679
-16.6126
-14.7971
-13.0586
-14.6507
-18.5272
-16.8036
-11.443
-6.43449
-3.9183
-4.61456
-8.54762
-15.3117
-20.8605
-23.8026
-8.3144
8.47905
21.018
28.8209
33.2816
34.784
35.0008
34.4498
33.656
35.4965
42.4086
47.9515
51.7128
52.6795
51.0719
47.4195
41.9879
35.6633
29.6311
24.4286
25.1631
30.7987
35.8689
37.5834
35.3038
31.3343
32.8093
36.2484
36.5959
33.1391
26.8565
21.1552
18.6657
19.3623
21.2676
19.6444
14.7325
7.28906
0.474111
0.319466
3.02829
7.69239
7.77475
4.74892
0.876895
-0.164042
0.107785
-0.879693
-3.44868
-7.16397
-13.8073
-14.7176
-12.2448
-9.46118
-10.8175
-12.7881
-11.9055
-9.61805
-8.93952
-10.3243
-12.2175
-6.80607
3.86394
10.93
13.1018
10.9093
4.67378
-2.6235
-3.45875
-1.89342
-2.77121
-5.60831
-7.24553
-7.17834
-7.29309
-5.98482
-6.53973
-10.009
-11.5718
-7.16673
-2.31052
-0.214045
-0.262349
-1.57465
-2.4828
-2.89134
-5.59881
-10.3522
-10.2673
-3.63097
-1.11299
-2.56154
-5.11686
-5.57339
-6.61485
-10.7523
-18.4282
-16.1682
-6.74666
-1.60511
-0.535561
-3.34841
-9.64978
-16.1583
-15.8479
-11.2624
-8.47371
-9.31918
-13.8483
-22.2955
-24.4375
-18.9339
-12.3919
-9.05055
-9.76171
-14.3016
-19.79
-19.1323
-12.5622
-3.24346
9.42116
15.606
17.5909
21.2839
24.4737
25.5302
25.3779
32.7401
40.3828
43.9986
43.0128
38.6669
33.2454
26.7198
20.8184
20.2269
22.2785
28.5155
34.431
36.1993
33.8897
26.8514
21.554
25.4098
29.1698
30.583
31.3235
32.2027
31.6104
28.7863
25.1463
22.4479
19.1164
14.0095
10.1444
9.30496
7.44193
3.91657
1.42075
-1.06442
-1.07338
1.47589
4.70007
5.10499
2.34044
-3.40955
-8.08696
-15.0558
-20.1302
-22.4959
-20.4789
-21.2016
-26.7512
-35.6509
-30.1973
-21.0959
-16.4487
-15.5208
-17.5021
-14.9332
-3.2157
4.52527
7.66412
6.36542
1.61827
-0.523735
2.74208
4.44156
3.21922
-0.713824
-7.1103
-9.86493
-6.5804
-3.06992
-1.42927
-2.20714
-3.89025
-0.775836
3.31992
6.67222
7.91263
7.47345
6.24325
5.19346
4.19743
2.77562
1.83579
2.10009
1.50492
-0.640668
0.19533
3.49065
4.58854
2.59297
-0.595346
-3.15433
-6.0701
-9.1314
-11.5159
-14.1266
-15.0699
-11.8444
-10.0928
-11.3008
-14.2738
-15.3212
-14.9528
-15.5981
-18.3679
-18.1996
-15.8172
-14.3874
-15.7724
-19.0059
-19.2156
-15.5289
-10.7802
-3.05387
6.01829
10.3687
13.4608
16.2205
17.2575
15.0952
13.4993
20.9448
27.4536
28.7533
26.2844
19.9133
10.8515
12.3369
22.5234
28.7051
30.7482
29.3529
28.2397
29.0613
26.5283
23.064
18.8546
18.8744
20.2829
21.2698
22.4743
23.367
22.8913
21.0987
17.1092
17.5467
18.8858
17.4499
12.2244
4.93495
-2.69432
-8.32365
-9.26782
-5.17855
-3.56383
-3.26566
-4.8535
-8.46007
-12.5276
-13.8983
-13.9657
-16.1688
-19.051
-21.1864
-21.9201
-21.4944
-22.9209
-23.7092
-21.9438
-20.6594
-20.4195
-21.5326
-23.3828
-21.0312
-14.4046
-9.33782
-4.98426
-0.596282
1.75138
0.597335
-4.48096
-12.2043
-17.9652
-16.2694
-14.6954
-15.4438
-17.4303
-14.4417
-4.4636
2.88632
6.32259
6.10441
4.38521
4.80582
7.23932
8.06108
5.96893
1.11065
-4.73748
-11.784
-14.8228
-9.22367
-3.97814
-1.72862
-0.0382211
2.29511
3.41697
2.77215
1.61125
0.337597
-2.43778
-7.938
-14.7075
-18.3291
-16.288
-12.2859
-9.67334
-9.69223
-11.7885
-14.369
-16.256
-18.9571
-23.2784
-28.0275
-29.7336
-31.369
-36.5807
-36.6436
-29.2186
-21.307
-9.85238
-0.348577
10.8544
19.3901
25.9047
29.6872
31.8259
31.9689
29.9388
26.6578
26.3075
32.9738
37.7544
39.2431
37.3828
33.558
31.7925
34.4767
36.9418
39.1693
40.5009
41.0914
39.622
36.8546
34.1743
34.1828
34.9124
34.7641
33.1244
30.2142
27.405
27.9612
28.638
27.3579
25.1316
23.6858
21.4504
17.3689
12.3354
7.14896
0.117218
-8.19543
-7.75499
-7.38775
-9.04633
-11.2161
-9.4563
-8.61473
-8.0957
-10.5902
-12.4644
-16.2072
-18.4851
-20.6016
-22.2027
-20.5613
-17.3355
-15.9677
-16.6233
-17.0301
-16.0188
-14.603
-11.7557
-7.90428
-5.31005
-5.62927
-9.09422
-15.2463
-19.6566
-19.7137
-18.0583
-13.9042
-9.40221
-3.875
-0.774771
-0.572398
-0.1133
4.30024
8.49253
9.92303
8.18
3.34777
-4.09959
-12.5743
-13.7178
-11.0826
-9.9804
-11.0567
-13.1194
-11.0431
-5.44378
-0.718776
3.48645
6.33688
6.93709
5.11902
1.55361
-2.73952
-7.35821
-11.284
-11.5469
-12.0396
-15.0752
-19.5777
-19.6529
-16.65
-14.6765
-14.534
-16.4087
-20.8726
-26.9813
-29.0518
-27.2978
-27.1846
-28.6081
-27.2903
-21.2866
-17.7773
-9.83212
0.275253
11.2154
21.1417
30.0821
35.3992
37.8213
39.8899
41.7463
42.79
43.4228
44.0442
44.8622
43.7831
40.681
36.6583
36.3446
43.2822
50.4365
55.0884
56.7072
54.9065
50.0168
46.8196
49.8676
52.3862
51.6598
47.3686
39.9994
32.7997
29.8719
29.6494
30.0694
30.4354
30.7444
28.8558
25.132
22.0012
20.9273
18.1433
12.8702
7.314
3.84174
3.75906
4.22856
3.28053
0.37374
-2.29978
-2.81062
-2.67905
-2.94084
-5.85296
-11.7838
-19.278
-24.4931
-24.5519
-25.4046
-27.0448
-24.7874
-21.3223
-20.5263
-20.05
-9.30644
-0.425783
3.58546
3.24642
-1.1234
-6.84448
-5.57572
-1.13163
1.37823
1.66229
2.89412
7.45449
11.0446
11.282
8.4884
3.90493
0.496351
2.55905
6.55567
8.63204
8.68818
7.905
6.57112
4.28039
1.27039
-3.73496
-9.73599
-9.89404
-4.49208
1.95231
7.25116
10.0926
9.78639
6.12643
-1.01774
-8.1268
-10.8232
-10.5861
-11.1991
-11.9919
-13.4211
-14.5209
-14.2554
-11.6452
-7.59575
-5.70976
-7.4669
-13.0913
-19.0116
-18.7671
-18.6232
-21.463
-26.0504
-27.546
-26.7571
-26.4406
1.88221
16.1321
25.5836
30.8248
34.9482
40.0593
44.4178
46.5399
46.9936
45.5941
41.8169
35.4151
34.8392
44.9092
54.3096
60.9051
64.3077
64.4038
61.4839
56.1424
50.6319
46.8609
46.2925
47.0353
45.9832
43.9443
43.8235
45.03
44.689
42.8608
39.8776
35.25
28.5861
20.7556
15.6798
13.951
15.2341
17.6317
17.7199
15.2992
10.0739
6.94674
5.28001
3.18356
0.160391
-4.81086
-9.00292
-12.7149
-10.8198
-9.91912
-12.5906
-15.9446
-19.0676
-20.0635
-21.8031
-25.0879
-30.0878
-32.5575
-30.3749
-30.2002
-31.4602
-26.348
-15.549
-8.31856
-5.98903
-8.11457
-12.2745
-13.0321
-10.702
-9.28247
-9.90064
-12.4734
-11.2505
-1.59398
5.33144
8.07767
7.17263
4.24292
2.11838
0.000496562
-3.18984
-6.7017
-8.3335
-10.0896
-12.7271
-16.416
-20.5678
-22.2003
-23.1587
-24.4303
-21.5472
-13.9176
-9.55042
-8.71628
-9.03884
-9.53708
-10.1088
-11.8176
-13.2984
-13.4604
-13.6638
-15.0359
-16.8041
-17.7502
-17.4223
-16.0807
-14.626
-13.0288
-12.3714
-13.3705
-15.7938
-18.5633
-21.6317
-23.3342
-21.0191
-19.8063
-22.1499
-27.1134
-1.93418
21.6911
36.6474
45.0428
48.6761
49.1948
48.2628
46.6506
43.4746
39.6884
44.2613
55.1389
64.2817
70.2654
72.6684
71.6523
67.5385
61.7086
56.1263
53.7628
55.3517
56.8102
55.0654
49.6785
43.2206
40.9511
38.6746
33.6848
28.0926
23.6546
21.8241
21.2858
20.1688
18.5693
16.2455
14.0674
13.6681
14.4087
13.7065
11.3735
8.28773
3.43529
-0.979909
1.31036
5.89883
7.66029
6.20346
1.52058
-5.5673
-10.7461
-10.3136
-10.382
-12.9371
-16.3144
-16.6475
-17.2065
-20.8639
-23.6213
-21.9175
-20.6233
-21.9686
-21.5161
-14.1334
-7.7203
-6.08342
-8.87482
-14.3033
-11.337
-3.29355
2.06818
4.19739
2.92958
-1.27932
-5.43523
-4.63921
-1.27769
0.484147
-0.815173
-5.52912
-12.9019
-14.0486
-8.85167
-5.34686
-4.41066
-5.40534
-7.64907
-10.7173
-14.4889
-10.9303
-2.90909
2.49408
3.68966
2.08843
2.46922
5.91574
7.25788
5.02264
-0.219384
-5.94411
-11.0537
-17.4611
-22.8339
-23.4909
-24.9059
-29.2119
-33.0414
-32.1159
-29.7677
-29.4216
-27.4441
-23.0929
-18.5554
-17.4264
-19.9007
-24.3764
-24.9753
-25.5658
-29.3383
-1.01328
23.9271
39.1565
47.659
51.4827
52.0063
50.2802
48.6265
49.4704
53.7599
58.8083
63.5257
67.8281
69.9967
69.0298
64.5866
58.2787
56.55
60.2059
62.2727
62.1513
60.7071
58.9178
56.2277
53.7625
54.3754
56.3852
56.1731
52.3926
45.3566
40.027
39.6814
38.0109
34.1639
30.8114
28.2257
25.1055
19.9862
16.5924
18.5396
20.9704
20.7407
17.7414
14.2824
12.9149
12.0905
10.2514
6.55466
1.11883
-6.89333
-8.02223
-5.62599
-5.92243
-8.32153
-12.5875
-17.5958
-22.1553
-20.6484
-16.2182
-14.1803
-14.5611
-15.5521
-12.0534
-7.55363
-4.82662
-3.91122
-4.00657
-4.90219
-3.81403
0.189017
4.62787
7.7173
8.27701
6.14564
2.472
1.88861
4.07575
4.13981
0.515801
-6.26916
-8.24275
-4.72229
-2.85167
-4.13986
-8.01653
-11.0206
-11.283
-9.69219
-3.50994
4.55753
8.65293
8.82839
5.7604
2.1157
2.59443
5.63876
6.44412
3.50222
-3.27419
-10.0673
-12.6002
-15.2951
-19.9733
-22.0563
-20.4324
-19.9239
-20.8002
-21.1672
-19.2323
-17.4703
-17.118
-17.6427
-16.9075
-16.0039
-15.9919
-16.7158
-18.452
-23.0005
-5.3468
18.8315
36.6784
46.59
52.1491
54.1218
54.2285
55.1137
57.4509
59.043
58.6913
57.564
57.5617
60.6835
64.1195
65.4159
64.0016
61.3272
59.944
60.5034
62.1234
63.3296
63.5102
62.9262
63.2781
64.5419
63.994
60.275
53.6998
50.3433
51.3205
51.209
48.2865
42.177
35.3775
31.2273
29.822
26.2566
21.9222
19.0862
15.4151
12.8301
12.7703
15.2615
16.0841
13.9148
9.16865
6.19332
5.57142
2.91798
-2.55318
-9.54848
-12.7105
-12.2742
-12.6848
-13.7658
-14.8424
-14.5122
-12.1117
-9.24921
-8.39186
-8.69307
-6.42662
-4.06306
-4.11829
-6.49921
-9.68552
-12.3574
-11.4826
-7.76493
-3.96538
-1.5098
-0.413606
-0.799082
-2.20557
-2.91805
-2.06108
-1.72328
-3.52741
-6.69512
-8.95484
-10.8514
-14.1788
-17.1597
-17.0623
-17.4205
-17.2937
-12.149
-5.6598
-0.354468
2.42387
3.04269
2.27208
2.03026
4.00044
5.22297
3.44365
-1.31912
-5.88092
-8.07449
-10.5601
-14.5008
-18.9603
-23.6781
-27.8457
-27.0344
-23.0633
-20.8468
-19.3422
-18.6359
-19.0153
-20.0692
-19.5167
-17.5636
-15.8846
-15.2756
-16.5985
-19.5868
1.54046
18.2383
31.2376
44.007
55.7218
63.1801
66.2222
65.3502
61.1925
55.4294
53.0681
57.7576
64.7808
69.6732
71.3519
69.6855
64.8565
58.9596
61.7905
69.6782
74.569
75.7054
75.4909
78.5654
82.5524
83.5335
81.0804
76.5723
73.812
73.2047
71.5637
67.8808
62.58
57.5846
51.6327
43.0699
34.656
34.7871
37.2726
38.8574
38.2225
34.6934
29.8046
25.7336
21.4063
14.6283
7.2442
5.11626
3.7413
2.2126
1.82697
0.790675
-2.85723
-8.73378
-12.8363
-13.139
-12.7612
-14.8108
-17.8459
-18.0067
-14.8291
-5.63999
5.40318
11.8826
13.4521
10.4647
2.95851
-7.50052
-13.0502
-14.121
-14.9096
-11.79
-6.4591
-3.57753
-2.74222
-0.891147
2.6547
3.94405
3.84378
4.92386
6.10452
4.30955
-1.00743
-3.76291
-0.121865
1.39606
-1.15773
-7.21164
-7.56471
-0.0952364
6.35981
12.696
18.7582
22.273
22.3085
18.5276
10.833
0.0290312
-7.02193
-8.31732
-10.3222
-14.8031
-21.4295
-31.8185
-39.0884
-32.0631
-24.4501
-18.451
-14.8105
-13.1898
-13.371
-14.3287
-15.6435
-18.3138
-21.6714
-25.9497
-25.1631
-22.5983
6.692
21.9056
37.5117
50.745
60.278
66.057
68.3967
67.4752
63.692
58.8044
58.0997
61.9225
65.0826
65.2031
61.7418
56.039
57.5237
65.5001
71.8788
75.4595
75.8637
74.4019
75.1849
79.0395
81.4017
81.0251
79.1751
77.325
75.6035
74.8396
75.2237
74.1319
69.5655
62.3589
57.5956
56.0117
53.5608
48.9151
43.6257
38.8386
33.5568
28.4604
27.496
27.8063
25.3346
19.2705
12.2544
9.76873
8.90437
7.25569
7.13909
6.59774
3.5986
-2.54068
-9.63417
-13.7079
-16.4995
-17.7691
-16.7637
-15.8396
-14.3211
-1.78274
11.6533
18.9295
21.1188
18.7502
12.1
5.42314
5.68624
7.40195
6.2885
2.46403
-1.84339
-0.993068
7.39108
15.3861
19.1547
18.7552
15.6926
15.2755
17.61
17.4933
14.6944
13.6963
15.4725
15.1389
10.9398
4.02482
3.28418
12.0546
19.6991
24.008
25.3201
24.055
20.3934
14.0858
5.27899
-1.44336
-4.65445
-7.14929
-11.0689
-15.7203
-21.0091
-26.6251
-29.829
-29.1324
-27.035
-25.2713
-24.147
-23.2845
-22.0444
-21.6027
-20.5963
-16.8376
-14.46
-14.7356
-17.4544
-18.8827
3.80683
14.8795
28.0556
39.2511
46.3709
51.1739
55.2283
58.7904
60.6321
59.9298
56.1818
49.6957
44.4017
48.3076
53.8921
57.2365
58.4722
57.9746
56.2878
53.5884
53.6835
55.6117
56.6244
55.0596
54.1021
58.3513
64.0047
67.7915
68.9813
68.724
69.0903
69.9674
69.9252
68.7274
66.1701
61.3395
53.5442
43.1179
31.4097
26.8074
28.4498
30.093
30.2953
28.9149
26.1726
22.1492
18.3244
16.8974
18.7595
21.0728
20.6995
17.0287
10.788
4.99616
1.00166
-2.37825
-6.76563
-10.7164
-14.4666
-20.6857
-19.4782
-3.7829
8.96255
14.9846
15.7286
11.5437
2.72078
-3.9074
-2.93582
-2.64898
-2.62171
0.2598
3.6641
5.67498
8.76561
12.7256
14.5114
13.3978
10.2584
8.74953
10.0598
11.1597
10.8695
9.78424
8.50435
5.88873
2.76732
2.76575
5.81534
9.65578
11.942
11.3642
8.35854
5.67745
4.84364
2.81817
-1.68887
-6.12553
-9.01502
-11.7353
-16.8872
-23.5777
-26.5609
-27.348
-30.6823
-36.0168
-33.3519
-24.2161
-18.8109
-17.6421
-20.3525
-25.7808
-30.6512
-29.1696
-26.1753
-25.0564
-24.4703
-21.1007
-5.07855
7.85382
18.0175
25.2506
28.1962
30.6438
32.1019
31.4059
30.9542
34.7655
40.0948
43.8574
46.1608
46.9537
46.226
43.9807
41.8245
42.0938
44.8319
46.0151
44.1748
39.9073
35.0645
36.2797
44.8829
52.7217
56.6315
56.461
53.1171
48.9524
47.1076
45.0548
43.9495
45.6102
46.6788
45.1625
41.4052
36.4994
30.9526
26.6199
22.5147
20.964
24.1966
28.1284
30.3116
30.0096
27.3782
23.6771
22.5505
23.3073
22.1422
17.3682
10.9196
8.51486
7.17298
3.09727
-3.96145
-12.2181
-16.7078
-15.1918
-12.284
-6.12935
3.53722
8.98915
9.70221
6.11528
-0.0709008
-3.76038
-4.44967
-4.24076
-4.60834
-3.90918
-0.467033
2.9175
4.7248
5.43082
6.07186
6.16289
5.41875
6.07478
7.97039
8.17439
5.52295
1.59597
-1.26714
-3.95206
-4.27013
3.68557
12.7693
17.8026
18.7093
15.7863
9.4287
0.797841
-7.85479
-12.8733
-14.2602
-14.5614
-14.6125
-15.0836
-17.8724
-21.0167
-23.9658
-28.7182
-36.5477
-37.723
-32.1112
-24.952
-21.2831
-21.2751
-23.999
-27.6186
-30.8889
-34.2748
-37.2321
-37.2112
-36.0311
-32.0063
-12.1005
-3.37923
10.0547
19.4738
25.0783
28.2639
29.5518
30.3003
30.3848
30.5363
32.7491
34.1298
31.6427
25.5179
25.8805
36.9515
46.4576
52.4754
54.1331
51.6163
45.0394
34.381
30.4137
39.4106
50.3996
56.4761
58.2222
56.8546
54.416
53.044
51.0889
47.9683
45.8944
44.9938
43.1817
39.1614
33.1115
28.2725
25.5038
22.004
15.3242
10.018
15.8135
22.0677
25.2676
26.2211
25.916
25.205
25.2586
25.9658
25.0578
20.9786
14.1184
8.652
5.00617
0.178805
-5.11629
-7.54606
-8.56666
-9.72642
-11.5802
-11.9248
-3.57356
5.03951
9.25594
9.15104
5.02349
-2.09631
-8.86706
-10.2287
-6.85168
-3.34315
-1.91637
-2.1061
-3.08688
-2.3091
0.674972
5.37938
9.39608
10.9099
9.68712
5.97369
0.834085
-5.02441
-11.0016
-13.3714
-10.2393
-0.326356
10.4929
17.7384
20.5142
18.8974
12.6922
2.49048
-6.13893
-10.8442
-15.3872
-18.9886
-21.4894
-21.8014
-18.6416
-15.5369
-14.7764
-16.7778
-19.7079
-20.6653
-21.15
-23.4773
-26.764
-27.5633
-25.2002
-23.3161
-22.6918
-23.1969
-24.9985
-27.7396
-30.9139
-30.5998
-21.1067
-10.0684
-2.87168
3.93525
4.74139
8.69213
11.2592
14.2217
19.5571
25.2801
29.0944
31.8166
33.7356
35.4832
36.6141
38.9036
41.7403
42.6365
43.6769
44.8532
44.7464
42.3437
38.1072
38.461
42.6382
45.7091
46.8737
46.4325
45.0432
41.8014
36.8525
30.6203
25.8957
24.6054
24.4673
22.5754
22.665
22.3646
19.8722
14.518
10.4398
11.7497
12.8507
11.5417
8.53953
6.24462
6.74823
8.50411
9.36181
9.13415
10.6253
13.2912
14.1048
11.903
6.37545
-0.376895
-4.61571
-6.13594
-7.74972
-10.5233
-13.3536
-16.526
-15.6503
-9.28366
-4.45921
-3.60595
-6.8463
-13.8916
-18.2935
-16.5622
-13.7766
-9.27491
-4.25678
-1.67201
-1.40314
-1.84478
0.0589252
2.75964
4.0747
2.77132
-0.611274
-3.61121
-4.29214
-2.52729
0.402284
1.42473
-0.555008
-3.49764
-2.92681
0.670174
3.43461
3.67172
0.815088
-5.25946
-11.5851
-14.3147
-12.7278
-12.7671
-15.2844
-18.2706
-19.4311
-18.8427
-19.7024
-22.6448
-27.1531
-30.6443
-31.0711
-30.5388
-30.5646
-29.8195
-28.6787
-27.9046
-28.3901
-29.9636
-32.3729
-34.0486
-33.8155
-30.6372
-18.8927
-14.5791
-5.22105
2.94109
6.14602
10.8871
13.8194
15.2186
14.1065
15.3033
23.0905
30.3423
34.4632
36.0691
35.5244
34.0149
33.3544
37.365
42.6313
44.7149
43.0981
38.2189
33.9967
33.728
36.5367
40.5784
42.9371
42.313
38.273
31.8282
28.3242
27.9739
29.7128
32.6189
34.2803
33.2743
30.5191
27.4482
23.7526
18.4824
13.3037
11.6798
10.0113
4.92804
-3.27566
-8.11783
-7.63336
-9.15358
-11.8601
-9.43173
-1.68416
3.71438
6.55221
6.90194
5.39407
3.39619
2.60176
1.77115
-1.26068
-5.42725
-8.83127
-10.5919
-11.3957
-11.4701
-12.6408
-15.8758
-19.6721
-20.7546
-16.991
-13.0428
-10.8125
-7.74063
-4.61266
-3.03009
-2.57488
-2.12194
0.580245
4.11546
5.96735
5.2147
2.41226
0.259514
-0.582637
-0.318434
2.33232
7.43172
11.6077
12.7514
10.5774
5.66586
1.61812
0.836321
-0.861508
-5.50994
-13.2425
-19.5403
-20.4859
-17.8988
-16.2721
-16.6863
-17.6695
-18.8432
-20.8839
-23.9104
-26.2607
-27.1218
-26.1947
-24.8247
-25.1357
-26.7303
-25.9404
-24.089
-23.8372
-25.2549
-27.9999
-29.0682
-29.2128
-29.4152
-16.0356
-9.85324
0.931518
11.6142
19.691
24.625
27.2204
31.0375
36.0833
39.1337
39.984
41.2615
44.3283
47.0342
48.5814
49.3862
49.6084
49.2485
48.6148
46.985
43.1549
36.7011
36.3398
42.123
47.1482
50.9063
52.5477
51.8527
50.7642
52.2812
54.5882
56.125
56.6356
55.4595
52.1914
47.1765
41.5104
35.3062
29.7241
25.4346
20.9955
19.024
19.0488
18.3305
16.2645
12.8231
7.14642
0.798862
-0.171926
2.80121
5.39255
7.99182
9.90264
9.87278
7.32767
3.83631
1.23058
-0.892698
-5.84511
-14.7869
-23.2275
-27.0866
-21.3641
-14.277
-9.84393
-5.89468
-1.29802
2.30286
4.29195
4.96778
5.17803
4.92909
4.14972
5.62884
12.3243
20.6661
25.9247
27.2711
24.7209
18.6296
11.9542
8.3742
7.55569
7.45635
7.7474
10.0785
13.0209
13.8024
11.1446
5.08906
-0.973947
-2.86364
-2.37445
-2.61144
-4.63134
-8.54896
-13.6928
-18.9696
-21.6052
-20.5846
-19.6489
-21.1812
-25.7564
-29.8457
-26.7638
-23.8781
-23.8548
-25.0552
-25.0168
-24.5741
-25.8191
-27.2343
-25.9341
-23.7023
-22.8558
-23.7437
-24.8177
-26.1107
-17.2792
-11.3031
-3.07243
7.08746
13.3493
17.8786
21.1324
26.7896
32.8201
37.7158
39.9659
40.6088
42.404
45.2402
46.7528
46.5015
45.4271
43.4932
40.2702
36.0645
34.7472
37.2071
39.9857
41.7414
43.4634
45.2832
46.0699
46.2524
47.7431
48.7256
47.0723
43.9057
44.7301
48.4645
50.4051
50.3172
48.5998
45.4738
40.7035
34.0377
25.9575
20.3877
19.7228
19.2892
17.9428
16.4219
15.0994
14.369
14.5927
15.2105
14.9026
14.645
17.4905
20.9437
21.8732
19.6714
14.7371
8.088
1.37917
-5.09919
-11.5338
-15.8611
-9.93899
-2.66791
2.40602
6.22903
9.55479
11.0965
10.197
8.64411
9.67667
13.5357
17.6689
20.0776
22.3751
26.7398
30.2396
30.9802
29.1315
25.7802
21.591
16.5226
12.8528
14.7706
16.6297
15.5753
12.2981
9.77476
9.26812
8.93519
7.36473
3.47075
-3.37877
-10.3237
-13.5035
-17.097
-22.7883
-25.8193
-23.9009
-21.4655
-21.2013
-23.558
-28.0129
-29.4064
-24.2366
-20.4956
-20.5268
-23.839
-27.5351
-27.5306
-27.236
-28.649
-29.8525
-28.3163
-25.7375
-22.326
-19.7353
-19.6494
-17.2103
-14.14
-2.60468
10.6563
18.4422
22.2765
27.682
36.9911
43.7992
47.3014
48.1882
46.8921
43.3113
37.3262
31.4302
29.6398
30.8258
30.1785
27.243
22.7396
23.5554
26.7721
28.2556
28.0504
29.8338
32.098
31.8869
28.1535
23.0896
20.0012
19.4381
20.2928
22.5471
23.7757
22.7037
19.3326
16.1424
14.1107
12.9323
10.4585
7.77428
4.60224
2.96935
3.27638
5.85015
10.9612
14.4149
15.1116
14.2022
12.6642
10.5021
8.72147
8.8071
8.68267
6.34296
1.53708
-5.5183
-12.1618
-15.5829
-16.6257
-17.3552
-10.2085
0.114433
5.88124
7.70926
8.33358
13.2423
19.8948
24.5247
26.7335
27.0205
26.8664
29.5325
33.4696
34.8291
33.5542
32.6336
33.169
31.856
26.8649
18.8107
12.1962
11.5559
13.1445
14.233
13.4315
9.63227
2.45066
-3.98213
-5.56978
-4.83358
-4.9721
-7.63788
-13.2535
-19.7214
-24.8302
-28.6813
-32.3585
-34.8911
-32.6208
-30.5618
-29.9585
-30.5771
-30.8132
-28.4227
-25.6762
-25.0341
-25.684
-26.5126
-27.1143
-26.994
-26.3479
-26.1819
-27.9849
-30.79
-30.899
-27.7129
-24.9823
-23.6141
-16.0992
-0.377128
11.675
18.6922
22.7315
28.4378
36.256
42.3717
44.8773
43.6815
38.9887
32.3197
28.8361
28.6531
27.5384
24.9847
21.1988
17.5737
13.1312
16.07
21.6016
24.754
26.3281
27.5906
27.8454
26.2698
21.9579
19.6892
19.3222
18.4067
15.7609
14.1491
13.313
12.0034
9.87221
7.92633
7.34312
6.42519
5.91174
4.75084
3.99403
4.09872
3.82552
3.74496
4.51651
4.66444
2.58473
-2.15767
-6.75961
-7.87387
-8.48076
-8.59383
-8.49129
-8.49479
-9.82533
-12.5067
-15.7646
-19.4669
-23.0002
-23.0946
-12.524
0.0817949
7.92728
11.8422
13.2062
14.262
17.451
21.5756
23.942
24.4501
24.7159
26.0179
27.9175
29.1734
28.9436
27.1375
24.5175
21.6771
17.8934
14.1105
11.5851
9.24321
6.8195
4.91175
3.7491
2.75936
1.32019
-1.05035
-4.58879
-9.48605
-13.5123
-16.1814
-18.6618
-20.911
-23.6822
-26.8505
-29.7668
-30.5603
-28.2127
-26.8813
-28.2937
-31.5533
-33.4505
-33.5125
-29.0045
-22.754
-19.3189
-19.1167
-21.1177
-22.43
-21.8545
-22.1831
-22.738
-21.51
-19.3596
-18.9489
-20.9824
-19.8132
-3.90237
13.5155
25.014
30.6738
32.12
29.9251
25.524
21.2218
19.1541
18.4583
17.3809
14.3136
12.894
14.9653
16.5475
15.8522
11.429
6.33498
0.600175
1.3274
2.36607
6.27653
8.16883
7.71025
7.01468
8.1744
8.32443
9.5983
9.10844
7.81143
5.97481
2.74451
0.300356
1.08879
1.32048
-1.17512
-5.03501
-10.5262
-12.7729
-10.945
-10.646
-10.5601
-11.0628
-11.4928
-12.745
-15.6066
-18.3623
-20.0785
-21.737
-23.5213
-21.7803
-16.3645
-11.2067
-8.73246
-10.1023
-15.9016
-24.7554
-27.3745
-25.0966
-21.1189
-13.3288
-4.32275
0.361598
1.41813
1.1422
2.30901
3.58508
4.1001
4.9759
5.68198
6.26642
7.7622
9.33239
9.84752
9.19283
7.01251
2.99223
-0.146593
1.35291
3.04101
4.44536
5.42956
4.99078
2.26323
-2.16123
-6.0822
-8.14964
-8.70467
-9.66938
-12.5498
-17.0115
-21.3783
-24.6042
-26.9253
-27.1131
-26.0802
-25.9805
-25.304
-23.7478
-23.7442
-26.3435
-30.9022
-35.1664
-36.9596
-36.04
-34.2261
-32.2639
-31.591
-30.8568
-28.9848
-27.9838
-29.2147
-30.4494
-28.0413
-26.0089
-26.3985
-28.5052
-26.4552
-6.331
11.4481
24.4577
31.5939
34.0819
32.4097
26.6634
18.329
12.156
9.81997
8.9253
7.34302
6.48059
4.83601
2.76218
6.98402
9.44995
10.8491
8.58312
4.72764
1.10383
2.7484
4.03159
5.09645
4.39535
3.97256
2.68874
6.89293
8.11615
7.0705
4.14032
0.722093
-2.25514
-5.15165
-7.74202
-13.9441
-15.1208
-21.3097
-23.1377
-23.3098
-24.2056
-22.0222
-20.4862
-19.4497
-21.3757
-26.3428
-29.4229
-29.4752
-29.1423
-21.8314
-12.7629
-5.55384
-1.96707
-2.25713
-6.52039
-14.4199
-20.5877
-20.3943
-21.0265
-22.6601
-10.3356
2.52733
9.77273
12.353
10.981
6.53278
1.5007
-1.08909
-2.09533
-1.31221
0.482133
2.32313
4.38897
7.20443
9.55203
10.5599
10.7501
11.1751
11.2822
10.1193
7.28331
3.05095
-2.03928
-5.68904
-6.22141
-6.84758
-10.4505
-13.4672
-12.5232
-12.6284
-15.7293
-20.7511
-24.435
-25.5075
-26.2023
-26.4603
-26.3018
-27.0738
-28.2029
-30.1322
-31.584
-31.4
-30.5865
-29.3087
-27.5157
-26.6869
-27.2735
-27.0306
-24.991
-23.9956
-25.5497
-29.6786
-32.8862
-32.0391
-28.6909
-25.5901
-23.6706
-25.1098
-16.2771
-8.35656
1.52659
7.00439
9.90684
9.22063
4.86205
-1.90076
-4.7146
-3.12871
0.0536356
-3.0648
-6.69395
-9.04812
-8.22594
0.0175096
-3.00833
-1.46462
-5.28368
-4.84434
-10.8642
-6.14832
-4.58298
-4.06887
-5.8703
-3.58051
-7.20502
-3.92465
-8.21982
-9.45476
-9.11251
-9.40092
-12.3607
-13.5944
-16.2256
-18.9341
-18.5758
-28.33
-30.183
-30.3163
-32.9346
-30.2762
-27.6605
-27.3779
-30.3872
-35.0355
-37.2045
-37.0085
-32.8684
-25.8755
-19.0688
-14.5785
-13.0465
-14.4625
-18.7528
-25.6913
-32.7076
-32.5754
-31.3297
-26.8544
-15.2445
-5.49324
-0.0665461
1.71327
0.653948
-2.30067
-4.73362
-4.65119
-4.23909
-3.54603
-1.45611
0.021363
0.876528
2.31459
3.73533
3.4628
3.06634
3.79112
4.45293
3.23258
-0.376701
-5.98113
-11.4013
-14.494
-14.9611
-16.1855
-19.5654
-23.3271
-24.6004
-25.5062
-26.2089
-26.6521
-28.0353
-31.2703
-33.6279
-30.9047
-27.5301
-26.3444
-25.8056
-25.5521
-26.2466
-27.2596
-27.5781
-27.2963
-27.0295
-26.3378
-26.0295
-27.0983
-28.9044
-29.7192
-28.6524
-27.9722
-27.4647
-27.8137
-28.801
-30.9529
-30.7299
-24.6306
-15.8332
-9.10001
0.171759
5.70618
9.31744
9.90383
8.64672
8.39616
9.53912
10.8831
11.6081
10.8477
8.18443
4.62648
1.47908
2.57579
-1.27315
-2.63504
-2.62725
2.0273
1.66265
3.58483
4.42599
4.05446
0.151604
-1.30645
-4.99255
-0.86086
-0.361703
-1.08489
-4.20518
-8.96044
-12.0497
-10.9357
-11.5441
-14.6811
-16.3748
-23.2989
-25.9974
-27.7045
-33.6272
-34.3695
-30.4478
-28.465
-28.8219
-29.0748
-28.9194
-27.6711
-27.5461
-28.854
-27.8849
-23.0451
-19.8191
-20.0424
-23.5901
-29.683
-33.8845
-31.4011
-28.8838
-26.1166
-9.92793
3.5989
11.0805
13.5783
12.1913
8.62006
7.05671
8.29617
10.6076
12.5795
13.3201
12.1095
10.4494
10.086
8.9941
5.49497
3.40153
8.61063
12.9272
13.5373
10.7876
6.33673
2.52225
-1.21043
-5.40093
-10.1285
-14.0639
-16.0658
-17.3411
-19.908
-22.8418
-23.1464
-23.1648
-24.3532
-25.1945
-21.7225
-17.7342
-16.4189
-18.1161
-22.3573
-27.5317
-31.3998
-33.1021
-33.4418
-32.3122
-32.2231
-32.466
-29.5626
-26.5938
-26.4453
-29.061
-30.6795
-28.8644
-28.2732
-28.3292
-29.1263
-30.8574
-26.1121
-20.4926
-10.9396
-0.495961
5.45043
8.80832
8.52611
4.46832
-2.83642
-9.36505
-9.55426
-4.55238
-6.79863
-9.92271
-11.3485
-5.62544
1.4565
-2.94931
-3.52921
-6.02315
-1.02975
-2.83212
-3.4497
-6.44898
-8.30235
-11.3311
-6.88806
-9.93218
-3.41076
-4.66705
-6.24889
-9.63919
-13.4516
-16.3009
-15.2302
-14.6308
-15.353
-14.9882
-20.7406
-25.086
-29.0652
-33.5302
-30.292
-29.4266
-30.8506
-33.4056
-32.2196
-31.2511
-32.1972
-35.063
-33.8175
-31.1701
-29.925
-30.5063
-31.6179
-30.9958
-30.7635
-30.6709
-30.7672
-31.6824
-29.7394
-13.0319
0.67445
8.548
11.3668
9.84914
4.49096
-0.335775
4.58412
11.1847
15.2188
16.2606
14.8388
11.8494
8.31137
5.66305
7.18374
11.9936
15.9744
17.6407
16.6882
13.2676
8.19827
3.33054
-0.50139
-3.72665
-7.03757
-11.3161
-15.8725
-18.4591
-21.3657
-25.7738
-28.7333
-27.9103
-25.959
-24.2539
-22.7828
-22.5214
-24.4655
-28.5895
-31.8362
-30.5651
-28.1899
-27.6474
-28.9545
-29.9807
-29.2628
-26.94
-24.9782
-25.5131
-29.4066
-34.9621
-35.658
-33.0985
-31.1673
-30.4873
-30.1731
-29.0368
-30.8795
-29.896
-26.8181
-14.9257
-15.569
-10.8349
-8.20917
-9.90964
-12.7335
-15.0209
-15.3721
-8.94761
-6.48838
-5.42552
-6.67894
-9.1319
-2.43663
-8.49487
-6.35484
-10.0803
-6.04503
-10.878
-7.63107
-5.30523
-3.87171
-6.32157
-5.34588
-11.3704
-6.07174
-8.23958
-10.5124
-14.9289
-16.4132
-20.0193
-18.0447
-19.4781
-21.4212
-19.4896
-21.6094
-22.3574
-26.8177
-33.8476
-32.6542
-31.5174
-31.6504
-33.7172
-32.6092
-31.4353
-31.6673
-33.4221
-34.0252
-33.109
-31.7311
-28.9689
-26.3404
-25.3909
-26.5997
-29.175
-32.4401
-35.9084
-32.3716
-18.6389
-5.59832
5.25956
11.769
14.7125
15.442
15.5566
15.3727
14.3817
12.7285
12.6955
14.5981
16.6439
16.6991
13.7391
8.37771
5.48212
5.79062
5.28355
3.08511
0.201944
-3.27407
-7.19827
-8.28708
-5.9983
-4.2315
-5.23249
-9.95967
-18.211
-23.8023
-21.8527
-20.827
-21.9932
-23.0886
-22.4628
-22.4552
-24.5001
-27.963
-30.6292
-33.9661
-38.9081
-41.4103
-37.0076
-32.6
-29.7023
-28.0472
-27.3863
-27.6871
-27.7084
-26.9228
-26.4406
-28.608
-32.8074
-35.2926
-34.1235
-32.833
-32.456
-29.0507
-25.813
-18.7729
-8.45446
-0.940828
4.23703
5.69753
3.61878
-0.897914
-5.50687
-7.86206
-6.20883
-4.50044
-1.52805
0.0350017
-0.724801
0.792392
-3.86679
-3.20334
-3.95892
-1.13888
-0.703394
2.49417
3.8792
3.61395
0.398388
-2.77566
-9.06296
-5.78099
-8.87051
-11.4601
-12.1739
-11.6643
-11.3164
-11.8596
-13.75
-15.6915
-15.5977
-18.5436
-20.6259
-24.1364
-29.3524
-30.4767
-29.2387
-28.6194
-28.7333
-27.8474
-28.0713
-28.1988
-28.9192
-28.7058
-26.869
-24.7308
-25.0457
-28.331
-32.6597
-34.3336
-32.1729
-30.7321
-31.9811
-22.0657
-5.09698
8.15774
16.4637
21.5421
24.8415
27.2451
28.3722
28.0454
27.4715
27.608
28.2804
29.3319
29.6941
28.13
25.2856
25.3021
26.7614
26.0143
22.0839
16.0782
10.8419
7.06726
3.77627
2.48476
2.92282
2.62001
0.192012
-4.34606
-8.92175
-11.3201
-12.6548
-13.2997
-14.7016
-18.1597
-22.4328
-24.0175
-23.5048
-22.0238
-19.958
-18.4457
-18.8423
-21.0794
-23.8054
-26.1281
-27.9059
-27.2625
-25.2317
-24.2258
-23.4247
-22.057
-21.4773
-21.836
-20.8855
-18.0977
-16.2479
-16.7702
-19.3998
-27.4723
-23.2661
-18.5515
-8.94504
-7.43611
-4.20767
-2.47652
-3.22022
-4.29274
-4.90697
-5.13502
-3.52208
-5.2051
-7.29017
-11.0821
-13.7693
-3.8266
-7.31091
-3.23896
-3.68188
-0.962884
-3.55993
-3.62352
-4.18065
-4.15897
-5.96245
-5.35917
-14.3243
-10.6393
-15.1485
-14.6794
-13.4851
-12.7608
-15.6342
-14.5796
-14.2774
-16.8756
-19.7564
-25.8962
-25.9201
-25.5752
-26.9764
-28.5894
-31.7554
-34.9753
-37.6188
-39.1799
-39.3192
-37.9541
-38.747
-34.7019
-27.5725
-22.1961
-20.6031
-22.5732
-26.4021
-29.0901
-29.9655
-31.1305
-34.1838
-13.3949
4.77986
17.3272
23.3284
24.4584
21.8286
18.65
19.7909
22.643
25.5765
28.2142
29.8379
29.9217
29.2103
29.891
31.4135
31.2379
28.8211
25.5021
23.6907
23.8972
24.0046
21.436
15.3161
7.27465
2.20453
0.152256
-2.44428
-5.13892
-4.77883
-4.30347
-6.60043
-11.11
-14.5884
-16.0176
-18.2359
-22.373
-26.3781
-25.2987
-22.0324
-20.2331
-20.9016
-23.8262
-27.3688
-29.3371
-26.9015
-22.3992
-20.5255
-22.4807
-27.5008
-32.3784
-33.1497
-30.6259
-26.9832
-23.8486
-22.0447
-21.8479
-22.2226
-23.9601
-16.4996
-12.3679
-8.66673
-10.5574
-7.79622
-2.89731
-0.0234502
1.41379
1.20714
-0.753619
-2.93431
-5.68776
-7.79267
-6.46193
-1.96571
4.23709
2.57944
0.492106
-5.04629
-5.32362
-11.475
-8.35627
-4.16429
-1.10798
-1.87962
-2.62671
-7.16144
-5.92066
-14.7272
-18.3634
-16.9595
-15.6905
-19.2782
-18.6799
-18.7745
-20.1275
-20.6737
-26.8285
-26.4458
-25.8323
-28.2698
-32.7298
-38.8121
-39.0274
-36.6459
-33.9737
-34.342
-33.9686
-33.6519
-29.7164
-26.1952
-23.9488
-23.9763
-26.5398
-29.5391
-30.4158
-30.1375
-31.2606
-32.6331
-14.6512
7.94794
22.5302
30.7677
34.2502
33.6225
29.1445
21.441
13.9012
11.2017
11.8039
15.0943
20.0526
24.2699
27.514
28.9525
28.1978
26.5866
26.4239
26.7994
25.4165
22.3224
18.0354
12.2937
6.48857
3.41226
0.732779
-3.82362
-9.00414
-10.3795
-10.79
-13.8103
-19.4038
-24.0298
-22.8416
-19.7629
-18.4827
-18.9065
-20.3823
-21.4672
-22.3661
-23.9917
-27.0698
-31.817
-35.1664
-32.5857
-28.646
-27.8068
-30.4237
-34.9521
-37.899
-37.4617
-35.8112
-34.74
-36.317
-38.3055
-34.5219
-27.782
-32.212
-28.4661
-24.8563
-15.926
-18.9122
-14.4316
-10.7574
-9.86017
-8.56623
-7.63619
-8.16545
-7.3755
-9.43625
-8.35189
-6.91304
-5.0361
-1.1286
-4.21143
-5.13553
-7.98191
-5.61437
-9.37592
-10.4897
-10.7466
-9.02996
-9.41492
-8.18412
-15.3825
-11.6117
-15.2595
-15.6052
-16.2047
-17.3765
-22.9034
-23.2622
-22.7284
-23.006
-22.7355
-30.3012
-30.6466
-29.6174
-32.6101
-36.8585
-38.703
-36.7802
-33.0242
-29.1481
-28.2087
-29.4327
-31.4817
-32.2482
-31.7482
-29.3581
-26.8237
-26.5316
-27.797
-28.9118
-28.3727
-28.334
-29.544
-21.1538
1.99019
18.0527
27.982
32.3302
31.9781
27.1825
18.7108
11.3659
7.33029
5.83844
8.98806
13.9159
17.3954
18.5227
17.0728
13.742
12.0495
14.6788
17.1763
17.1544
14.2831
8.994
3.24924
0.77096
0.501443
-1.65133
-6.49945
-13.2792
-16.7313
-16.0411
-15.669
-17.5741
-20.4062
-20.3276
-19.2678
-20.4623
-24.1006
-27.605
-27.7196
-26.381
-26.1634
-28.7225
-32.8982
-35.1259
-34.7058
-33.2628
-32.1085
-32.8122
-34.2669
-33.0793
-30.9237
-30.4752
-30.6379
-30.7588
-31.764
-34.5306
-37.0414
-25.416
-19.5371
-15.6484
-10.9725
-10.1135
-7.70358
-7.22926
-8.75828
-9.01069
-7.68889
-6.52985
-4.54647
-5.12748
-5.82327
-7.05835
-8.94353
-2.87751
-8.04389
-6.0454
-6.96876
-4.73107
-8.49852
-8.72318
-9.57138
-7.95397
-8.84714
-7.04945
-11.9337
-9.95108
-13.7968
-15.1815
-15.7647
-17.4921
-22.012
-21.644
-21.411
-22.9237
-23.0996
-29.4304
-30.1922
-29.8108
-29.764
-28.774
-29.3622
-30.1667
-30.0155
-29.2561
-30.5371
-31.7041
-31.0825
-27.5956
-23.3982
-19.5971
-17.5199
-17.8049
-20.441
-24.3199
-25.3433
-24.307
-25.2286
-11.6137
8.98911
22.3372
28.7409
29.9018
26.279
18.2946
11.3853
9.9362
8.05964
3.98552
1.59546
4.88147
8.8725
10.2689
9.4413
7.52151
5.75892
4.26516
4.12161
3.28765
0.934497
-1.39092
-3.30152
-6.10286
-9.82332
-10.9622
-9.31893
-9.18833
-11.9052
-16.4634
-20.0348
-22.6918
-24.5062
-24.7785
-25.0696
-26.0614
-26.8011
-27.0334
-27.8691
-29.4405
-31.5997
-35.0443
-37.0147
-36.427
-35.1749
-34.2097
-33.8387
-33.5427
-32.8242
-30.8242
-28.5649
-27.9177
-29.2322
-31.6995
-33.1029
-33.4464
-32.3598
-24.2724
-21.3504
-17.4503
-10.4362
-8.87431
-5.56991
-3.67162
-3.62729
-5.13766
-6.555
-4.48474
-0.437485
-0.702532
-2.03842
-4.11602
-4.3735
0.283949
-1.66911
-1.94728
-5.52098
-4.90744
-8.26441
-6.61875
-6.37852
-5.46753
-5.46294
-4.25374
-8.29502
-7.89486
-11.375
-10.0182
-7.57348
-6.31478
-7.49537
-10.6926
-15.6321
-19.6679
-22.2567
-29.0826
-27.7344
-26.6748
-29.6648
-32.9461
-34.998
-33.9131
-33.0253
-32.4146
-33.6028
-33.6432
-31.0038
-28.231
-26.3972
-23.6018
-21.0915
-21.1092
-23.4206
-26.5972
-28.2444
-29.2642
-29.9734
-9.93999
7.63174
20.5069
26.7179
27.9946
25.2529
19.8215
14.6141
9.68598
4.35302
1.38553
2.12082
4.48199
6.51886
8.46415
11.0403
12.8558
12.8237
11.7216
10.6975
8.93945
5.14604
-0.469508
-6.94225
-13.4726
-18.9773
-20.7034
-21.4477
-22.4092
-24.0701
-25.8248
-25.6022
-23.3317
-21.0669
-20.461
-21.7804
-23.5483
-22.8487
-20.7568
-19.6203
-20.0489
-21.5634
-24.0139
-27.4783
-30.6342
-31.5735
-30.7834
-29.2292
-27.9762
-27.2464
-26.3644
-24.8991
-24.3637
-25.4326
-27.5004
-29.4565
-31.3705
-32.6976
-25.2086
-19.1076
-14.9352
-8.20182
-3.28357
4.0525
8.64458
9.42275
7.2312
3.90469
2.95613
5.2509
7.79508
9.50562
9.641
8.56081
9.34867
9.08536
9.82002
8.82276
7.73614
4.64111
2.62132
0.868387
0.422467
-0.0684043
0.835427
-2.20313
-2.82631
-4.81951
-4.65083
-3.2415
-1.49522
-1.95619
-5.18225
-10.4747
-13.6508
-14.6333
-18.3267
-20.3819
-19.6218
-17.6656
-17.7763
-19.8853
-22.8236
-25.9033
-28.1869
-30.1129
-30.8569
-31.627
-32.0323
-33.995
-34.6717
-33.5789
-32.4771
-32.6189
-34.1598
-36.0724
-37.8582
-36.7837
-21.0349
-3.97187
8.49457
14.6039
15.9729
13.7187
9.83344
6.96916
3.75371
-0.433169
-1.80251
-0.701682
0.939757
4.4937
9.48847
12.8137
13.9407
13.7761
12.6435
9.7269
4.52137
-0.298543
-0.909955
-0.964411
-3.13838
-6.92256
-10.352
-11.3897
-10.3023
-9.35478
-10.3501
-13.4428
-16.5847
-17.4821
-18.1426
-20.684
-24.8005
-28.3103
-30.0147
-28.8241
-27.0669
-26.0619
-26.3657
-27.937
-29.3294
-27.5486
-24.2662
-22.9026
-23.761
-25.4099
-26.6914
-28.2429
-29.2756
-28.0279
-26.3388
-26.5779
-28.87
-31.7327
-23.5876
-16.8452
-8.97459
1.82339
10.4153
17.3434
22.119
24.381
23.9779
21.8231
20.4723
20.559
20.8096
22.0218
24.0797
25.5453
25.8312
24.5731
22.4125
20.2252
17.9456
15.3467
14.332
15.824
17.756
19.581
20.4489
19.9342
19.0008
17.8549
15.7445
12.2497
10.5227
10.764
9.91913
7.42684
4.30325
1.37978
-2.20971
-5.39631
-7.47996
-8.74015
-9.64947
-11.2936
-14.1724
-17.2717
-18.7628
-19.8473
-22.1757
-26.0437
-28.2055
-28.095
-26.3512
-23.8694
-21.8144
-21.6405
-24.1918
-29.113
-34.7141
-38.3994
-35.7707
-17.4815
-4.96347
1.34757
2.88542
0.593729
-3.75688
-5.81333
-4.64751
-3.12047
-2.15665
0.692599
6.89669
12.4252
15.4927
16.1911
14.9784
12.1648
8.06945
4.75151
3.5698
4.87564
8.04769
10.8834
11.0269
7.48231
0.446049
-6.95103
-7.44071
-4.99078
-4.31742
-6.37827
-10.1465
-14.1198
-18.6929
-23.8761
-27.1663
-27.5784
-28.2132
-30.9314
-36.1538
-41.1866
-41.6773
-38.3021
-32.0499
-26.4316
-23.7431
-24.114
-26.3663
-28.0882
-28.5167
-28.7596
-28.9301
-28.2198
-27.3613
-27.5584
-30.0528
-33.3133
-24.9684
-17.1893
-4.02252
10.871
21.388
29.2876
34.5969
36.991
36.5457
34.4259
33.528
35.3242
37.6706
39.3715
39.7906
38.4039
35.2003
31.2164
28.3498
27.3198
28.111
29.3144
29.8429
29.2326
27.5684
25.7086
24.425
23.3865
23.2864
23.0479
20.8388
15.5983
9.05339
5.6919
5.85187
5.7231
3.15694
-1.75541
-7.17195
-10.9431
-13.7983
-16.1013
-16.3012
-16.7296
-19.1149
-23.4378
-25.9421
-25.9085
-25.6526
-27.9392
-30.6902
-34.1531
-31.8285
-26.2205
-22.8091
-22.1777
-23.6617
-26.3188
-29.8074
-33.442
-30.4497
-22.3602
-11.0759
-4.2613
-1.82352
-2.72551
-5.63055
-7.7368
-7.14733
-4.08791
0.245815
3.26417
5.37534
10.7519
16.4321
19.1001
18.665
16.7957
16.4296
17.4637
17.2172
14.7335
11.7171
11.059
10.4696
6.94974
1.00248
-0.696597
2.75422
4.4717
3.06736
-0.776548
-5.26243
-9.28354
-14.0105
-19.9018
-26.9068
-33.0331
-32.2897
-27.4614
-25.2125
-26.2785
-29.7154
-33.0353
-33.7972
-31.9494
-29.5099
-27.7822
-27.6437
-28.7499
-30.1899
-30.1966
-29.8495
-30.8702
-33.7579
-36.9236
-39.8318
-41.403
-18.2785
-6.13949
4.80617
13.689
18.798
21.3157
22.9785
25.1235
27.1803
27.4581
25.8637
24.0702
23.8384
23.7565
22.2755
20.7404
20.7143
20.2747
19.6167
17.4027
14.3443
10.8216
10.3824
9.09088
4.96974
0.0748661
2.29735
3.79063
4.75746
2.68271
-0.271777
-3.44685
-6.32128
-10.6684
-13.699
-16.3898
-20.4321
-23.8453
-28.2109
-25.759
-24.1445
-23.1999
-23.4696
-25.4768
-28.4114
-31.1283
-32.2851
-34.7214
-35.3202
-35.3769
-33.5629
-31.2351
-24.6978
-18.9562
-16.815
-18.3705
-22.8728
-27.0719
-28.5484
-29.7598
-29.5001
-24.9678
-17.1718
-12.8207
-12.5071
-15.4881
-19.7178
-20.9532
-16.1083
-7.87187
0.102766
6.56782
11.2768
15.455
18.8718
20.9157
21.772
21.7091
20.4171
17.4162
13.3889
10.1857
9.41541
9.49944
8.31631
5.39502
2.38897
0.392982
-1.37241
-3.79109
-7.50801
-12.0341
-15.4111
-15.696
-15.6776
-17.8854
-21.422
-22.8364
-23.0166
-23.4735
-23.7668
-23.704
-22.7624
-21.4069
-20.9217
-22.2088
-25.5912
-29.8135
-32.0761
-32.1621
-31.6063
-30.6435
-30.4385
-31.2312
-31.3894
-30.4175
-29.7499
-28.2735
-29.2001
-18.9589
-6.32762
4.07157
9.78883
14.2974
17.4062
18.7854
18.3209
16.7454
15.8688
15.9471
15.8484
15.6833
14.8614
12.8372
11.202
10.2782
9.27312
5.35975
1.70441
-1.46918
-2.15915
-2.73308
-4.98622
-6.49332
-4.44066
-6.05025
-6.47353
-10.1475
-11.9097
-11.7971
-10.7091
-13.8147
-17.8431
-23.6082
-28.2326
-28.8223
-36.923
-33.8977
-33.9132
-33.3447
-32.929
-33.4686
-34.1994
-35.8442
-36.9699
-38.9841
-36.7788
-34.4941
-30.8482
-25.6586
-19.2253
-15.0644
-14.072
-16.1867
-21.0596
-26.9344
-29.5501
-28.7302
-25.2281
-15.8527
-4.79168
0.926049
1.7241
-2.02902
-9.92663
-16.9203
-14.8834
-7.95176
0.0347706
6.20357
9.30765
9.84392
9.17739
8.7757
8.34339
7.38907
7.69954
9.71038
11.1645
10.6232
8.1166
4.2784
-0.0254989
-4.01719
-6.7955
-8.60398
-10.8918
-14.6038
-18.4958
-19.5045
-19.0195
-19.691
-21.6172
-22.6199
-20.5767
-18.1539
-17.5944
-16.6417
-14.543
-13.6577
-15.5763
-18.9406
-19.0154
-15.5273
-13.4333
-14.3209
-17.6677
-19.709
-18.4477
-17.8467
-19.1313
-20.5086
-20.7816
-21.3265
-22.7699
-23.3944
-24.3649
-16.0865
-10.3601
-3.44072
2.22786
7.17543
10.2044
11.4129
11.3826
10.4931
9.24524
7.49362
4.38178
1.25608
0.450394
0.5386
1.08989
-3.10663
-5.38738
-12.0137
-11.5811
-11.13
-7.12871
-5.01446
-1.71333
2.5156
5.98039
6.37534
5.86759
3.62257
0.981422
-2.02002
-4.96796
-11.1871
-16.6971
-20.388
-23.624
-24.995
-29.5705
-30.6046
-31.8703
-31.9506
-31.1698
-31.7721
-33.2539
-35.1219
-35.332
-36.7482
-38.0791
-41.2618
-34.7316
-21.4248
-10.933
-5.69284
-4.93088
-8.29762
-15.1449
-22.1516
-25.0664
-25.2883
-22.0452
-10.0536
1.546
7.86475
9.38086
6.4243
-0.641417
-8.15434
-9.80777
-7.64849
-2.86343
2.78698
6.01067
6.97334
7.16557
7.97434
8.79529
8.67127
8.54825
8.96657
8.54179
5.7438
0.255318
-5.71779
-9.41803
-12.5895
-16.2429
-17.7387
-17.6649
-18.7381
-20.3533
-21.083
-22.1593
-24.3695
-25.6002
-23.7827
-20.5194
-18.3364
-17.3293
-15.6207
-13.7198
-13.7656
-16.7276
-20.8124
-20.5312
-16.8506
-14.0618
-12.9878
-13.3691
-14.9261
-17.1365
-18.0137
-17.5032
-17.7001
-19.9057
-23.994
-26.5897
-22.7052
-17.6582
-10.1992
-7.2454
-6.60208
-8.20182
-6.49101
-2.28572
0.649009
1.59844
0.187823
-2.56105
-4.8694
-9.64534
-15.3855
-17.314
-12.0158
-2.73631
-3.09645
-1.05336
-1.31008
0.708578
2.92902
7.38811
10.1407
11.461
14.2288
17.8925
21.1012
23.4878
24.4798
23.782
21.0915
16.4239
10.0666
2.7877
-4.72137
-12.0426
-16.3689
-18.7897
-19.5856
-20.6226
-21.3474
-21.5759
-22.2602
-23.1297
-24.1184
-25.0438
-28.5813
-33.8762
-35.8061
-28.7606
-19.0964
-11.7157
-7.60004
-7.03504
-9.74115
-15.1345
-21.0389
-24.0989
-24.1775
-19.8407
-6.49711
6.01886
12.739
14.4258
11.3939
3.1583
-10.1126
-18.2407
-15.1504
-10.3939
-5.04139
-1.41665
0.532975
1.10839
0.449351
-1.33914
-2.75594
-1.06745
2.21454
3.90553
2.82832
-0.548769
-3.83083
-5.53481
-7.99858
-11.5169
-14.1088
-16.3415
-19.0069
-19.3661
-18.003
-18.9324
-22.7192
-26.3695
-25.6078
-22.0253
-19.5924
-19.566
-20.8021
-20.5913
-17.2605
-13.0549
-10.0342
-8.99809
-10.0944
-12.7684
-14.952
-13.883
-11.441
-10.3265
-10.5924
-10.7428
-10.7058
-12.2592
-15.6388
-19.1127
-21.1387
-20.3763
-12.4973
-9.39916
-8.80952
-13.1731
-16.461
-18.0542
-23.5853
-25.6555
-23.253
-22.2482
-16.9528
-17.4573
-12.1112
-6.69964
-3.155
1.57118
2.43172
6.91885
10.3015
13.2567
15.2387
17.6197
18.767
17.6544
14.1481
11.0385
11.0852
13.8549
17.5491
20.864
21.819
19.6749
14.3273
7.48152
1.59308
-3.381
-8.30368
-13.728
-16.398
-18.2694
-21.705
-24.9584
-27.9983
-29.9879
-30.3014
-30.4125
-33.3229
-35.633
-30.9866
-21.9824
-15.5991
-10.4054
-6.9865
-6.40643
-9.1125
-14.6817
-20.3362
-24.0724
-26.4439
-20.8692
-7.59006
5.80074
12.8028
14.7173
12.1075
5.08981
-4.56282
-11.1787
-13.1091
-10.8423
-7.67125
-6.01988
-5.71092
-5.20927
-3.75639
-2.77136
-3.3093
-4.55941
-4.64795
-4.51307
-6.32046
-11.186
-17.5848
-21.1845
-21.3711
-20.9325
-20.9444
-20.8374
-17.3495
-13.7258
-13.1359
-15.9674
-20.863
-24.6126
-25.8792
-24.309
-22.0436
-21.7056
-22.986
-23.0343
-21.3928
-20.2512
-20.0036
-19.6531
-18.2752
-17.1315
-17.7155
-18.4798
-16.5467
-14.5665
-15.0554
-16.7858
-17.6788
-18.0749
-18.7442
-18.9879
-18.9631
-26.3098
-18.8766
-15.5024
-13.7118
-19.2268
-21.9959
-21.2475
-25.3157
-28.9813
-29.7589
-31.2343
-21.8984
-22.059
-17.2632
-11.9457
-8.899
-4.54367
-5.46332
-1.58637
-0.963424
0.212332
-0.211088
2.59356
5.75321
6.57206
4.19544
0.583743
-4.7081
-4.35882
-3.59562
-0.783696
2.2314
3.67298
1.76126
-3.51279
-10.6696
-15.4044
-17.1082
-20.8326
-22.507
-24.8486
-28.3096
-32.5866
-35.6635
-37.7366
-38.5886
-36.8463
-35.3403
-32.1451
-29.5633
-26.4479
-24.0296
-21.9034
-20.2442
-19.875
-21.0085
-23.1989
-24.8377
-25.6973
-26.819
-23.9936
-11.2805
2.61893
9.87636
11.9535
9.74803
4.20799
-1.70269
-5.77573
-8.73388
-10.6448
-10.3803
-7.72823
-5.39509
-3.77776
-2.1736
-0.871514
-0.873619
-2.55886
-4.73417
-5.75037
-6.35626
-8.35893
-11.222
-13.2256
-15.2673
-19.0936
-24.27
-27.1264
-24.8604
-21.7531
-20.7795
-22.1497
-24.6267
-26.741
-27.8405
-26.1604
-22.759
-20.5642
-19.6174
-17.8515
-15.0104
-13.7293
-14.9549
-17.1469
-17.7722
-17.7066
-18.3866
-17.1297
-12.2043
-8.63698
-8.49278
-11.9056
-17.3818
-19.6619
-18.6513
-18.8377
-19.0742
-32.1638
-28.7505
-24.8004
-19.2068
-24.5633
-22.9097
-19.4228
-18.4081
-19.4309
-19.6782
-18.8933
-14.9704
-16.8387
-19.0499
-18.3461
-16.8857
-8.83114
-16.2545
-12.5416
-20.0184
-13.8588
-17.0463
-13.5575
-12.294
-11.9432
-12.9249
-10.0914
-15.175
-12.7945
-14.0434
-11.9875
-11.8167
-14.0434
-19.321
-22.7207
-23.2518
-23.7531
-23.7983
-28.1461
-28.6897
-27.1828
-27.658
-29.2585
-31.7542
-33.1784
-34.3698
-35.2465
-36.9728
-36.9526
-36.9228
-32.6285
-27.275
-22.6875
-20.0545
-19.5773
-21.0912
-23.4687
-25.3052
-26.4864
-27.365
-25.2546
-12.5465
0.327052
8.08499
11.1182
10.019
5.09394
-2.55062
-9.22803
-11.5263
-10.3676
-7.89783
-5.35145
-4.50252
-5.61147
-7.44831
-7.81635
-7.45596
-8.5801
-11.683
-15.9704
-17.1937
-15.1839
-13.3152
-13.1524
-14.4389
-15.9295
-16.2707
-16.0861
-16.7457
-18.302
-20.2108
-22.5288
-25.605
-28.2205
-28.4856
-24.9587
-20.2028
-17.1329
-15.742
-14.7389
-12.799
-10.6092
-7.76366
-3.71757
-0.999945
-1.31407
-4.56581
-6.5581
-3.70522
-1.324
-1.71634
-4.42658
-7.80761
-10.365
-11.942
-12.2151
-11.3811
-30.2441
-26.0314
-23.8837
-18.2011
-17.3907
-9.99357
-5.54128
-4.01896
-4.01232
-4.39093
-5.19786
-5.37383
-3.93043
0.170448
4.45088
6.78028
7.46086
4.32068
2.14031
-0.243475
-0.335423
0.830405
4.11721
5.63737
5.19356
4.97259
6.457
5.41079
4.20799
5.21164
8.60694
10.1745
8.88499
4.26083
-3.17453
-11.2987
-15.9711
-17.4035
-21.5501
-24.3514
-25.6441
-25.9945
-27.9609
-30.4836
-32.2799
-34.8668
-36.8026
-38.7873
-37.5792
-33.308
-27.2491
-22.0196
-16.3542
-11.8372
-10.7882
-13.9639
-21.8369
-29.6216
-27.3015
-23.6398
-20.1207
-8.51827
4.4997
11.7691
14.023
11.907
5.84448
-2.06173
-7.98041
-11.6517
-14.7198
-17.2004
-14.03
-4.7951
1.89872
4.63889
4.55277
3.46417
2.52378
1.11427
-1.29104
-3.43924
-4.62877
-6.06838
-8.93007
-10.7686
-9.21766
-8.4312
-10.6888
-15.6386
-20.4174
-22.0077
-22.0492
-21.9932
-21.4589
-20.7041
-20.2987
-19.5304
-17.6497
-13.9426
-10.8269
-9.74327
-10.0425
-9.77331
-8.42722
-7.47617
-7.63812
-8.47254
-8.84543
-8.4037
-8.14471
-8.40267
-7.95374
-6.60803
-6.00517
-7.19721
-9.82713
-11.4198
-30.4064
-25.9883
-22.2247
-14.1479
-9.67896
-0.501091
5.47032
8.16073
8.70706
8.72738
9.12981
9.97641
10.7171
11.6248
13.5613
15.6922
16.7384
16.5311
16.4952
16.1428
15.007
13.271
13.6421
15.8469
18.1598
19.5286
19.008
16.0929
13.7305
15.1901
18.4244
19.5718
17.7102
12.4896
4.52447
-4.13885
-10.3673
-15.2719
-19.9413
-23.5184
-25.3034
-26.791
-28.4977
-30.8216
-32.2685
-33.5859
-34.1655
-36.0812
-37.2355
-38.7485
-36.0433
-29.9277
-20.9701
-15.745
-14.8626
-18.3418
-26.0807
-33.9755
-33.4713
-29.1402
-24.7336
-15.0771
-1.75744
6.42708
9.57809
8.39819
3.52555
-2.34635
-4.91791
-6.43642
-8.83706
-11.6787
-9.87078
0.753292
10.6144
16.8552
20.0823
21.0326
20.4204
18.376
14.7639
10.2867
6.62281
3.57281
-0.880307
-5.53877
-8.14151
-9.2279
-10.9124
-13.2504
-16.0502
-19.5305
-23.1329
-25.6448
-27.258
-25.5276
-19.1842
-14.0254
-12.0287
-12.2004
-12.8343
-11.646
-8.24426
-5.5235
-5.09739
-6.16761
-7.02762
-8.05662
-10.6669
-12.3134
-10.1716
-7.2112
-5.80737
-6.06084
-7.3229
-8.35126
-8.54083
-9.31917
-27.4407
-22.4026
-19.1903
-14.4404
-14.9562
-12.7697
-8.75682
2.40947
12.2627
19.1848
23.0375
23.8553
21.6983
17.3366
13.8735
14.2148
16.0668
16.1488
14.7362
11.2276
6.72287
3.9816
5.51295
5.44862
3.74545
2.10735
4.89595
8.40388
10.5452
10.3544
9.01115
7.44071
5.15518
1.15737
-4.28831
-10.1197
-14.553
-18.0841
-20.641
-20.3864
-21.3257
-23.9795
-28.94
-33.5035
-35.2042
-36.1929
-36.9667
-39.7858
-39.5288
-39.9159
-34.7815
-28.0855
-20.7322
-15.6165
-13.9193
-15.8182
-21.24
-28.2848
-31.0656
-30.9705
-30.5101
-30.0286
-23.3313
-14.89
-10.2394
-9.78767
-12.7492
-15.1075
-13.1681
-11.9788
-12.23
-11.6113
-9.87936
-8.42027
-3.78589
2.25431
5.75334
6.35741
5.40965
4.50616
3.90611
3.81991
4.37019
4.77595
3.9915
1.87087
-1.69061
-6.05502
-8.59696
-10.0758
-12.659
-16.5295
-20.8271
-25.7408
-30.0521
-28.6121
-22.534
-17.5423
-14.7911
-13.6292
-13.4189
-12.7465
-11.3278
-10.5252
-10.736
-10.5195
-8.86543
-7.51716
-7.49237
-7.95468
-7.58693
-6.44577
-5.21624
-4.58806
-4.81599
-4.64853
-3.75213
-4.12563
-26.4477
-18.8139
-14.1055
-10.5525
-10.9144
-9.74879
-6.48084
-1.02262
4.9897
9.11405
11.3818
12.6464
12.4669
10.5888
7.34568
3.61527
1.66933
-0.885233
0.675657
-0.288677
-1.50259
-5.00207
-4.10954
-2.60436
-2.26616
-3.66154
-3.97412
-3.59753
0.0411156
1.63489
2.1496
1.42406
-0.512129
-3.56386
-7.09711
-10.6452
-14.6499
-17.6059
-21.8239
-24.7177
-27.3697
-29.7338
-32.8546
-35.3882
-36.0151
-36.5479
-36.0752
-37.0861
-36.4695
-35.0639
-27.1734
-19.0659
-10.2447
-3.99937
-1.80889
-3.85288
-10.25
-19.5914
-26.4792
-29.9655
-30.221
-25.2945
-13.6228
-3.86666
0.884151
0.999227
-3.41673
-11.8672
-15.841
-10.3244
-4.50092
-0.788154
0.47585
-0.891947
-4.7267
-9.17525
-9.78328
-7.0773
-5.3158
-3.89541
-1.79573
-0.536168
-1.24653
-2.53154
-2.03027
-1.10425
-1.31824
-2.482
-4.20836
-6.78284
-10.0389
-12.855
-15.443
-18.1713
-19.9263
-19.8125
-17.1647
-12.4611
-8.60587
-7.01604
-7.32897
-7.6646
-6.62797
-5.46879
-5.96375
-8.38219
-10.7296
-9.94906
-7.70556
-6.41356
-6.12135
-5.54869
-2.97314
0.0668471
2.29952
3.50018
3.05213
0.139512
-26.0563
-19.8703
-15.9671
-12.1833
-10.0286
-5.99468
-3.97288
-4.46359
-2.4825
0.996081
3.64306
5.57124
5.83186
4.52559
2.1596
1.91014
5.22214
6.72394
6.63426
3.77021
0.666439
-2.1426
-0.622677
1.36205
2.58129
2.59701
3.89311
3.93915
4.2244
3.01856
1.76684
0.173732
-0.417359
0.493036
0.912352
-0.156771
-2.20228
-4.89286
-8.78094
-12.3713
-14.8492
-17.2161
-19.3817
-20.1176
-20.1334
-20.7333
-22.8329
-27.2872
-32.5283
-35.559
-32.4378
-27.4106
-21.2959
-16.2435
-13.6935
-14.0193
-16.9834
-21.4063
-25.7374
-29.3973
-30.9466
-26.0883
-15.1225
-7.20609
-3.90738
-4.89238
-9.99582
-17.7767
-21.2609
-19.1916
-16.4999
-14.4383
-13.7765
-14.3604
-13.0019
-7.82812
-3.25376
-1.47416
-2.17503
-1.75286
0.672908
1.32475
-1.39125
-6.60803
-8.6223
-7.0543
-6.55252
-7.88089
-9.16434
-9.00639
-9.17732
-11.0897
-14.9058
-18.7171
-18.9295
-16.5572
-13.1794
-8.04388
-2.83365
-0.0646358
-0.136934
-1.53556
-1.19365
0.168766
-0.241884
-1.89476
-1.82795
0.696402
2.62445
2.65899
0.619661
-2.44773
-3.79224
-2.76842
-1.71908
-1.36683
-1.14772
-0.178991
-12.4555
-4.6749
-1.45207
0.0696549
1.47233
3.22997
3.1846
2.76746
5.88727
10.318
14.4424
17.1785
17.6488
16.5275
15.994
17.5296
19.52
19.8162
18.9378
17.2835
15.4054
13.6004
12.0915
11.4061
11.7376
12.8103
14.1624
14.8508
15.6508
16.7431
17.8596
17.4782
15.8383
14.5798
13.1903
9.66504
3.95443
-0.370215
-1.17297
-0.552615
-1.21135
-3.37029
-5.3783
-6.2093
-7.629
-10.5692
-15.0697
-21.1314
-28.5179
-34.7498
-36.8589
-35.4129
-30.161
-25.5735
-24.0162
-25.659
-29.4814
-32.2292
-32.5335
-31.5621
-29.6223
-26.9764
-20.3767
-14.5825
-11.9342
-12.6771
-16.6263
-22.9804
-27.5568
-26.2252
-22.7358
-18.9117
-12.9567
-5.93922
-0.0256944
3.70799
6.90094
10.8281
14.4712
17.2406
19.0786
19.5119
17.6888
12.9932
5.37843
-3.20753
-7.64973
-9.4673
-11.7189
-14.547
-17.0282
-18.1233
-17.6465
-16.5539
-15.5136
-13.5819
-8.67015
-2.88578
1.56885
3.49883
2.62338
-0.372881
-1.57452
0.616453
1.74911
0.90788
0.889829
4.09601
6.9916
7.34271
5.5862
4.73539
6.16991
6.54128
4.33987
0.715526
-1.08691
-0.611763
-11.0579
-2.56784
1.84279
4.59299
6.82957
8.35009
8.40986
10.2588
14.8166
18.9115
21.5423
22.65
22.0313
19.9675
18.1363
18.606
20.265
20.7552
20.0887
18.4915
17.1309
15.9877
15.1555
13.6309
12.1742
11.8365
12.3605
12.6848
13.5692
15.2409
16.6997
16.4024
14.3789
11.8915
9.31072
5.46359
1.30912
0.919363
2.45614
3.08974
2.59973
1.66825
1.06471
0.416556
-1.62047
-6.0592
-13.1489
-20.988
-25.9965
-27.9722
-29.0601
-30.0469
-29.5458
-28.2309
-27.6988
-28.2514
-29.4836
-30.5488
-30.7649
-29.7182
-27.6898
-22.5419
-10.8485
-2.10353
1.69707
1.16329
-3.12849
-9.11584
-11.676
-9.1697
-4.20015
1.4485
6.93029
11.8378
15.7706
18.5648
20.8529
23.5013
25.7567
26.3857
25.0415
22.169
18.2608
12.9979
5.98454
-1.59937
-7.24406
-11.247
-16.0001
-20.0865
-19.8743
-16.953
-13.9702
-12.1764
-12.1552
-12.8549
-10.4763
-5.88877
-3.23552
-3.17896
-4.61624
-5.94438
-5.89043
-4.68722
-4.17798
-4.73363
-5.04515
-4.53449
-4.06104
-3.06216
-1.32748
0.415801
1.8284
2.21244
0.960305
-1.51234
-3.7885
-5.17212
-19.8061
-13.1698
-9.27399
-5.08377
-1.72441
2.06173
5.2721
7.75012
9.99743
11.8253
13.2021
13.6803
12.9967
11.922
11.5018
11.1899
10.7199
9.3648
9.39635
9.5187
10.7241
10.6599
10.2883
9.50123
8.49226
6.33056
3.74089
0.0792517
0.0953417
1.97156
5.0892
6.88633
6.74945
4.69638
1.92293
-1.1113
-4.0728
-6.44014
-8.07873
-10.7087
-14.8248
-16.6989
-15.806
-15.9247
-18.5431
-23.5982
-28.6783
-30.8569
-30.8813
-30.3491
-28.1899
-25.7317
-23.1722
-21.4449
-21.3261
-22.2253
-22.4219
-22.4293
-24.5482
-29.5299
-32.2206
-21.1233
-8.04049
-0.586397
2.11617
0.808809
-3.88341
-9.89199
-12.3437
-9.07584
-4.23843
-0.0404196
2.89962
5.22887
7.73021
10.284
12.2181
12.9638
12.735
12.614
12.9836
12.442
9.69843
4.4516
-2.33661
-7.58201
-10.0426
-12.6944
-16.3959
-18.6664
-17.9609
-16.7747
-16.7241
-18.4928
-21.8188
-23.7087
-20.7297
-16.5461
-13.6454
-12.1591
-12.108
-12.6201
-10.3605
-5.9346
-3.75284
-4.87629
-7.58253
-6.64144
-3.43449
-2.03525
-1.93744
-1.87488
-2.43171
-4.52231
-6.89699
-8.01223
-8.65725
-9.08184
-24.8655
-19.1068
-15.2045
-9.81597
-5.09937
-0.913862
2.36027
5.3115
7.55268
8.34896
7.73643
6.46573
5.31367
6.41719
9.26323
11.745
12.8692
11.288
8.587
5.8653
6.47138
6.10873
6.01177
6.1415
6.42054
5.29125
4.05312
3.78729
4.58089
3.62417
3.27913
4.38984
4.60525
2.10582
-3.15582
-10.2826
-16.2742
-20.1119
-22.8598
-23.2353
-24.6242
-26.4308
-26.6347
-25.7362
-25.9979
-28.9488
-32.9576
-35.5101
-34.8476
-34.8284
-31.6965
-25.0619
-18.4973
-15.0579
-15.018
-17.5212
-20.8832
-23.7785
-27.0874
-30.1554
-30.1663
-22.2092
-10.4572
-2.51933
0.744603
-0.308599
-5.64841
-14.876
-22.5962
-23.445
-22.3319
-22.168
-21.5858
-20.7412
-20.2096
-18.8994
-16.5178
-14.2751
-13.2863
-13.0596
-12.9053
-12.7517
-12.8988
-14.0412
-16.2307
-18.4281
-19.5813
-20.5197
-22.4249
-25.5208
-28.2199
-28.0421
-26.5658
-26.1344
-26.2361
-23.2075
-15.7831
-9.27311
-5.21741
-2.89301
-2.1298
-3.46687
-6.94998
-9.76915
-9.13318
-7.64257
-6.24853
-5.1478
-5.05892
-5.44502
-4.5853
-3.41663
-3.49212
-4.25168
-4.77657
-5.7813
-8.07534
-9.27305
-26.4675
-20.2413
-15.5648
-9.28303
-2.14432
4.12833
8.24372
10.1003
10.502
10.0956
9.45612
8.64198
7.20164
6.22352
7.23322
8.85798
9.65777
8.32641
6.49234
5.41941
6.44299
6.98781
7.60679
8.38594
9.7773
10.4393
10.4222
9.75575
9.05574
6.60289
3.61255
2.20484
1.61722
-0.389186
-4.0252
-7.26463
-9.85546
-13.5102
-19.3408
-23.8571
-28.2502
-32.1174
-32.3797
-31.4551
-31.9435
-34.9807
-38.3615
-41.2471
-39.0711
-36.5407
-29.7796
-23.3819
-17.2948
-13.5545
-13.1115
-15.9776
-21.1891
-25.9465
-29.3637
-30.9629
-29.9037
-20.9501
-7.79625
1.17936
5.46219
5.63249
2.01282
-4.79609
-12.2552
-17.1802
-19.8001
-21.5366
-20.926
-18.3842
-15.9685
-15.2643
-15.4001
-14.777
-13.4418
-12.6982
-12.6915
-13.3239
-14.0231
-14.7042
-15.6921
-17.6461
-20.8334
-24.4568
-26.9306
-26.9615
-25.5194
-23.6338
-22.4782
-23.4272
-26.1149
-25.4216
-18.5741
-12.5611
-9.05475
-7.3302
-6.87377
-7.70345
-9.43876
-11.1044
-12.3751
-12.5973
-10.3347
-7.73284
-6.74139
-6.7898
-6.61859
-6.1401
-5.75712
-5.35497
-4.83747
-4.77413
-5.39577
-6.27266
-24.9925
-18.7058
-12.8091
-4.79607
2.47717
8.63606
12.595
14.4599
15.5541
16.8873
18.4914
19.398
19.123
18.9611
20.0104
21.035
20.9778
19.395
16.7722
15.7142
18.5369
20.9817
21.0281
19.8189
19.9561
20.7122
20.3922
19.1746
17.8599
15.2851
11.4045
7.79181
5.04065
0.890789
-4.26562
-9.78163
-14.2746
-14.0456
-12.5717
-10.9785
-11.0807
-12.42
-13.8348
-15.0643
-16.4464
-19.2747
-23.9972
-29.5148
-31.3972
-31.659
-31.893
-29.5705
-23.4338
-19.0414
-18.2559
-21.2122
-27.5801
-34.4804
-36.4522
-34.5052
-30.4442
-17.9468
-4.84648
2.73029
5.41171
3.90174
-1.41843
-9.28165
-16.7449
-21.1914
-23.511
-25.0993
-24.2218
-19.5529
-14.4634
-10.6174
-8.0169
-6.3893
-5.97513
-7.2915
-10.4302
-14.6654
-18.0746
-20.2224
-21.8894
-23.4517
-24.8948
-24.9213
-23.7907
-22.5064
-21.2791
-20.6623
-21.3898
-23.6322
-26.5735
-28.1275
-25.3029
-20.717
-17.899
-17.3046
-17.989
-17.3103
-14.8609
-13.3911
-14.3197
-17.1572
-19.687
-19.4511
-17.3899
-16.0351
-15.9534
-16.4408
-16.2341
-13.7933
-9.98713
-7.64546
-7.73953
-9.66554
-26.9411
-20.1339
-14.5003
-8.04289
-4.30823
0.327352
4.03271
7.40125
12.0779
17.1029
21.062
23.0804
23.1701
23.0217
24.7432
27.1534
28.0023
26.4005
22.9716
20.5821
22.0581
23.7141
23.2729
21.3271
20.7491
21.3456
21.2304
19.7939
18.2783
16.1346
13.5493
11.1854
8.4094
4.15372
1.23164
2.75504
4.6371
4.94132
3.82636
2.27403
0.225652
-2.42733
-4.38259
-5.11818
-6.34227
-9.34128
-14.148
-19.9048
-23.8277
-25.9941
-26.3176
-23.9207
-19.9069
-17.4946
-17.4629
-19.7638
-23.6916
-27.8982
-31.7268
-34.9536
-28.1086
-10.6626
2.79933
10.0735
12.3768
10.2504
3.74191
-6.09304
-13.8429
-16.3292
-15.5655
-13.9472
-13.7713
-15.1673
-15.6905
-13.8083
-11.7234
-10.5863
-10.5276
-11.5774
-13.0848
-13.4261
-13.2522
-14.9077
-19.4451
-24.3083
-24.7507
-24.1037
-24.8686
-26.2706
-27.2069
-28.0955
-29.61
-30.7934
-30.1512
-28.9509
-27.3957
-25.2173
-22.6805
-20.7147
-19.8805
-19.9194
-20.5347
-21.0146
-20.1873
-18.308
-16.8652
-15.9644
-15.4194
-16.0481
-17.9572
-19.7432
-19.9794
-18.7489
-16.9483
-15.4851
-13.8273
-11.932
-24.9213
-17.62
-14.4977
-12.9651
-18.6306
-20.5239
-16.8423
-15.3246
-8.93058
-3.62453
-0.957778
-0.0869093
-0.201188
2.00584
5.90346
8.42215
8.73971
5.47158
2.14656
-2.28244
-1.33055
-0.401421
-0.0125126
-0.331526
1.93995
4.52066
6.32113
5.65686
6.07082
6.58992
7.59033
9.13799
10.1002
10.0095
10.3049
11.4262
11.722
10.5794
8.37431
5.34045
0.896734
-4.80089
-9.18144
-9.9536
-10.0175
-11.5693
-13.9188
-15.8106
-17.7292
-20.8283
-23.7089
-23.1637
-18.684
-14.836
-13.5601
-14.9804
-18.4343
-22.5699
-26.1205
-28.3309
-27.2774
-17.6181
-6.03397
1.07919
3.98194
3.26891
-0.536781
-6.52509
-13.3042
-19.1069
-22.8305
-25.0833
-26.3026
-24.3061
-19.2806
-14.8598
-12.4878
-12.2305
-13.6251
-15.4865
-15.4138
-12.3696
-9.83086
-9.93562
-12.9618
-17.7411
-21.8209
-24.1278
-25.6809
-27.1718
-27.9777
-27.8576
-27.5842
-27.4835
-27.7081
-28.1837
-26.2774
-22.3583
-20.0641
-19.8747
-20.8185
-21.6011
-22.1624
-22.8201
-23.2304
-21.9803
-18.2015
-14.7236
-13.7436
-15.4408
-18.5058
-19.9417
-16.4367
-11.3489
-8.5144
-8.77171
-11.4921
-13.6402
-17.6274
-9.49953
-5.77696
-4.86084
-6.79068
-7.08223
-6.44899
-6.10525
-2.00802
4.61211
9.34398
11.0066
9.52738
5.7043
2.40301
3.01596
5.68602
4.98763
3.61664
0.712692
0.772833
1.29412
1.72819
-0.103575
0.420638
3.64922
6.78673
8.20736
10.9359
12.9898
14.0367
14.677
15.1889
14.8142
13.1651
10.9277
9.44598
9.15418
8.28017
5.42434
1.18258
-1.62182
-2.46063
-2.50085
-2.78219
-4.47079
-7.87299
-11.975
-16.2548
-21.0661
-24.3711
-20.3477
-13.3039
-9.22267
-8.75047
-11.2981
-15.0851
-17.7513
-20.0953
-23.5414
-20.6954
-5.4281
7.64416
14.5674
16.7629
14.8859
9.35967
1.58179
-5.47832
-8.7739
-10.4159
-12.9342
-16.4933
-18.8994
-18.9792
-19.1066
-17.4967
-12.7119
-7.96664
-4.18175
-1.57645
-0.728673
-2.08879
-5.68117
-10.7583
-15.5748
-18.2334
-19.7158
-21.7943
-23.1467
-22.1831
-21.4749
-22.8436
-25.4968
-26.8457
-26.5956
-23.8846
-19.0327
-15.373
-14.0548
-14.6283
-15.9772
-17.3015
-17.4926
-15.6769
-13.7929
-13.7288
-14.6863
-13.5377
-10.9684
-9.90051
-11.106
-13.4625
-14.4318
-12.9576
-11.5506
-11.8379
-13.4089
-25.4419
-17.7949
-11.6084
-5.08155
-1.08299
1.85357
3.0552
3.02995
3.18202
4.43087
6.2174
6.91766
5.13998
1.75793
-0.905817
-0.93978
0.488294
-1.18465
-0.91548
-0.849901
0.808937
0.303324
-1.05511
-4.82736
-9.1086
-11.7482
-7.63824
-4.43176
1.06234
4.40658
6.0719
6.91346
8.15582
8.78847
7.72437
5.75324
6.3059
8.64621
9.29035
7.37047
3.41624
-0.229925
-0.614278
0.763863
0.694094
-1.80776
-5.76243
-8.38491
-9.05636
-10.3585
-13.8692
-16.7529
-14.1369
-11.6311
-12.3438
-16.2186
-21.372
-24.3303
-25.5791
-27.8755
-25.0879
-10.599
2.07672
9.36551
12.4285
11.9026
8.72609
5.1761
2.93511
0.269286
-4.14187
-8.11222
-10.2688
-12.1296
-12.8516
-9.53261
-2.8305
2.4368
4.68014
4.18743
1.9989
-0.6849
-3.86179
-7.96611
-11.6265
-12.1337
-11.6275
-13.2144
-17.23
-19.8788
-18.4222
-17.6031
-19.7113
-24.7018
-30.2346
-31.6933
-29.1502
-26.1267
-23.7871
-21.0523
-17.578
-15.2833
-15.4972
-17.4428
-17.351
-14.0491
-11.2261
-9.85366
-8.78388
-6.81438
-4.06609
-1.89036
-1.59041
-3.66028
-7.52869
-11.1044
-12.8219
-12.445
-29.5214
-21.3935
-13.6762
-7.33975
-5.42599
-3.45705
-2.12061
-2.56235
-4.11862
-5.85371
-7.0577
-8.30457
-12.4378
-15.5825
-14.4971
-12.0949
-7.23561
-9.79114
-5.24251
-2.7856
1.07617
1.70907
1.03815
-1.82274
-5.19012
-8.88808
-9.0407
-11.9839
-8.99865
-7.82701
-5.64004
-4.34109
-3.20011
-2.17845
-2.1983
-3.41275
-3.55471
-1.8764
-1.07846
-1.41953
-2.51598
-4.61119
-7.80693
-10.5485
-9.90651
-8.53891
-9.3473
-11.5382
-11.8234
-11.2565
-13.0548
-16.6542
-17.5929
-15.9572
-15.2417
-16.131
-18.9133
-23.5426
-28.2609
-31.0749
-30.4091
-21.8328
-11.6367
-4.71043
-1.21978
-0.735975
-1.92205
-2.8054
-3.22533
-4.38392
-5.13708
-4.03837
-3.60316
-5.65086
-9.11869
-8.85678
-4.04027
-0.529421
-0.2562
-3.14273
-7.5492
-10.0761
-11.2908
-13.1959
-14.8447
-14.4671
-14.1758
-15.8779
-18.6167
-18.59
-16.2103
-15.538
-18.1695
-24.6299
-33.3679
-35.9433
-33.9043
-31.0315
-26.296
-21.1827
-18.3805
-18.2263
-19.7404
-18.7118
-12.5317
-6.50753
-3.33212
-2.96732
-4.54421
-5.55282
-4.05238
-2.14995
-1.91651
-3.6955
-6.94263
-10.9021
-14.7776
-16.2693
-26.6149
-20.5387
-17.4734
-14.6324
-16.5221
-13.8277
-11.1028
-11.8686
-14.3567
-18.5141
-22.5921
-20.1887
-25.324
-29.6825
-31.6688
-30.2496
-13.4779
-24.5397
-16.8653
-28.3341
-19.4685
-29.3386
-23.6716
-26.0311
-22.2987
-23.2523
-15.9504
-22.3985
-18.362
-22.7644
-22.0875
-21.2368
-21.3827
-25.1578
-26.9433
-27.7771
-28.7837
-26.5681
-28.6753
-28.222
-28.5614
-29.7341
-30.7723
-29.3023
-27.0334
-26.504
-26.7957
-26.5071
-25.2415
-24.2142
-23.8195
-24.0484
-24.149
-23.4259
-22.0774
-21.0933
-21.7142
-23.104
-23.5511
-23.4281
-23.8367
-20.9923
-12.9136
-7.1379
-5.44271
-7.33615
-11.6195
-15.8958
-18.8063
-19.9451
-17.4282
-12.6712
-8.42342
-6.41067
-6.70539
-8.73242
-11.045
-12.301
-12.7747
-13.4834
-14.6367
-16.0289
-17.6829
-19.4395
-20.8483
-22.381
-25.1047
-26.9453
-25.8662
-23.4803
-21.9099
-22.2443
-25.1781
-30.2018
-32.2594
-28.9189
-24.4053
-21.002
-18.1012
-15.0915
-13.3353
-13.8151
-15.491
-13.2598
-7.32665
-3.14178
-1.81702
-3.08762
-6.02935
-8.72765
-9.9236
-10.7104
-11.8516
-12.5383
-13.1109
-15.0593
-17.7349
-18.8984
-20.6871
-13.5246
-10.7868
-10.2783
-13.3605
-12.8666
-11.5438
-11.6555
-10.5322
-8.80142
-7.64537
-6.92168
-9.63665
-14.0571
-18.7851
-22.1267
-12.2418
-22.1768
-15.1844
-19.568
-13.4631
-17.3586
-17.2424
-21.278
-22.2408
-21.8528
-14.189
-17.376
-15.0897
-20.1914
-21.4981
-20.5587
-19.3892
-22.2834
-24.4814
-26.1595
-28.5312
-28.3138
-33.7767
-33.2315
-31.8485
-31.2878
-32.9832
-35.5194
-36.1748
-36.4861
-36.6514
-37.3355
-35.8064
-33.8292
-31.7454
-30.7212
-28.6814
-23.5098
-18.41
-16.0441
-17.077
-20.6736
-24.3929
-26.4771
-26.0637
-18.1842
-6.70058
0.295534
2.98489
1.88202
-2.46949
-7.89959
-9.83084
-8.18208
-5.13793
-0.428305
4.46011
7.30974
7.71924
6.64077
5.85696
6.0747
6.4174
6.36496
5.18326
2.29738
-1.92091
-5.42738
-6.99433
-8.22543
-10.4438
-13.9607
-18.32
-21.6156
-22.6519
-23.0962
-24.9611
-27.9541
-29.8065
-29.4712
-27.0653
-24.4637
-22.5006
-20.5376
-18.8266
-18.5235
-20.2225
-22.3568
-22.241
-20.4276
-19.1468
-19.1038
-19.7637
-20.1938
-20.4087
-21.1269
-21.65
-20.7308
-19.6103
-19.9134
-22.1078
-24.9772
-21.9244
-14.2441
-10.7194
-9.85193
-12.6877
-11.5883
-7.65985
-5.44257
-4.8402
-5.43342
-5.50128
-3.68131
-3.56612
-4.76598
-7.21327
-9.90915
-7.51622
-9.81682
-3.14143
0.530706
3.30187
2.08087
-1.04403
-5.71169
-8.7886
-12.2445
-10.8863
-14.5887
-12.8239
-17.2653
-20.9232
-22.8936
-22.4455
-25.9958
-26.8035
-27.3913
-29.3997
-28.7226
-32.5712
-34.0027
-36.7752
-38.7406
-40.0451
-40.6363
-40.9831
-43.9089
-45.0026
-45.2004
-41.5873
-40.7052
-37.2248
-30.8464
-24.6209
-20.8674
-19.9104
-21.0003
-22.8358
-24.3137
-26.0424
-28.5635
-31.1991
-29.6397
-21.422
-14.3845
-11.3063
-12.2103
-16.7718
-21.6732
-19.6088
-15.4971
-12.7562
-10.2278
-7.22338
-4.44776
-2.23326
-0.669179
-0.341435
-1.77604
-4.32051
-5.59938
-4.9009
-4.79149
-6.88471
-11.0923
-15.4373
-17.127
-17.1598
-17.9547
-20.6172
-24.2126
-26.7727
-28.279
-31.1309
-35.7117
-36.6318
-31.3383
-25.2577
-21.1452
-18.6393
-16.2941
-14.4814
-14.2092
-15.437
-16.5287
-16.5139
-16.8034
-18.1097
-20.0612
-21.8473
-23.0737
-22.8312
-21.5522
-19.6596
-17.1898
-14.9575
-14.5457
-16.8166
-21.2586
-32.1212
-26.4133
-22.6307
-18.2282
-22.728
-21.7611
-18.2976
-17.5818
-16.2057
-16.2443
-16.6339
-13.826
-14.4621
-16.081
-19.4202
-20.2695
-10.8572
-16.0555
-10.8182
-12.9017
-9.6923
-13.1499
-13.7794
-18.0978
-19.3047
-25.8039
-17.7853
-30.3386
-21.8601
-32.791
-35.7912
-33.2282
-30.9617
-41.2918
-41.2872
-39.9384
-43.9919
-37.514
-48.3149
-43.0072
-43.1047
-44.5654
-47.3465
-48.9746
-48.1853
-51.0522
-49.1219
-50.3648
-48.0459
-49.627
-45.4998
-42.3795
-38.4414
-35.8588
-35.9599
-37.3326
-38.3665
-38.3958
-39.5764
-42.6693
-45.3636
-46.1372
-40.7053
-36.5472
-35.1523
-36.2576
-38.2212
-38.5034
-37.3589
-36.4969
-36.4363
-37.4245
-37.7793
-35.984
-33.1294
-30.1838
-27.4093
-26.5069
-27.929
-30.0591
-31.7283
-33.4781
-35.359
-37.4787
-39.3044
-41.1576
-42.971
-42.9455
-42.6812
-42.5398
-42.2901
-41.1348
-40.1995
-40.7953
-42.2723
-42.3644
-37.5764
-32.6059
-30.0486
-27.7666
-25.5096
-24.073
-23.7354
-23.3331
-22.7158
-22.8272
-23.8547
-25.1538
-26.2941
-27.3265
-28.0351
-28.1789
-27.0684
-25.17
-24.4012
-25.4847
-28.1743
-30.9462
-37.8253
-33.4987
-30.1582
-22.4816
-29.091
-25.2714
-21.5281
-23.9026
-23.1571
-21.6622
-21.3686
-18.5601
-23.0493
-29.3836
-36.0562
-35.8955
-13.9446
-26.8675
-17.4864
-30.3698
-19.5969
-31.7068
-23.8232
-28.7191
-26.7304
-36.5135
-19.9836
-48.591
-24.8644
-47.384
-43.3046
-34.8009
-31.3468
-42.6055
-43.3407
-42.0921
-48.9889
-39.2772
-54.6889
-45.4005
-45.7901
-48.2529
-51.4599
-51.6485
-49.3646
-52.6495
-51.4331
-55.1785
-51.9704
-57.1414
-54.3987
-55.9441
-52.7206
-48.4392
-47.8032
-47.2275
-47.7291
-48.6548
-50.118
-52.0021
-52.3713
-50.9554
-41.5755
-35.9564
-34.508
-36.6509
-40.1934
-41.3857
-40.528
-40.6023
-41.2979
-42.3142
-42.319
-40.804
-38.391
-37.1421
-37.2095
-37.5027
-36.2211
-34.5041
-34.5051
-36.4308
-39.9253
-44.4881
-47.4507
-48.0596
-50.4588
-51.408
-50.9654
-50.1514
-50.9793
-50.4425
-50.1672
-51.121
-51.7896
-53.7035
-53.6658
-49.5912
-48.6179
-48.0608
-47.5747
-44.1842
-39.6391
-36.0413
-34.7043
-35.6244
-37.0191
-36.4997
-34.4643
-33.1344
-33.4856
-34.732
-34.3971
-32.8259
-32.6393
-34.2658
-36.6223
-38.1272
-43.656
-47.029
-45.897
-26.3366
-47.5488
-35.1943
-27.4973
-36.3881
-41.4581
-43.6652
-45.4361
-25.7157
-31.0289
-38.2774
-53.3874
-47.1229
-14.3216
-29.5858
-18.0426
-37.3377
-20.9027
-40.2556
-25.1423
-30.2452
-27.1485
-36.9493
-20.01
-51.1891
-24.9376
-59.2162
-52.9279
-37.3383
-32.4779
-49.281
-48.7909
-44.4905
-52.5494
-39.6152
-61.9424
-47.803
-48.0303
-51.4651
-57.6683
-60.4985
-56.0379
-62.2155
-54.6073
-57.9701
-53.6489
-59.6414
-55.6256
-57.9282
-57.3836
-55.2565
-60.1192
-60.852
-61.5446
-61.455
-63.6046
-64.9576
-59.8506
-62.9999
-56.1025
-51.6295
-49.5062
-49.7598
-50.0738
-48.9647
-47.9824
-49.6634
-51.3927
-52.1491
-50.4624
-50.0023
-49.1907
-49.2811
-49.0152
-49.6371
-52.3227
-52.2516
-53.0634
-54.7269
-55.9258
-57.5052
-57.389
-56.1177
-60.6673
-63.9593
-64.7096
-61.3209
-63.3668
-61.9884
-61.1262
-63.3394
-62.3041
-65.0745
-66.0496
-61.8565
-67.1861
-63.7022
-61.6476
-58.151
-58.1796
-59.0086
-59.6162
-59.5184
-59.0205
-60.5519
-63.3783
-63.1362
-63.4935
-64.0655
-62.1288
-59.5905
-62.127
-64.6553
-63.423
-61.6682
