80
-13.3591
-9.4023
-5.59643
1.85976
2.68336
1.00313
1.14505
3.98877
1.40355
-5.85534
-4.34757
0.307836
0.729528
-0.630144
5.3578
8.23065
6.18587
-4.03428
-3.81353
4.19672
6.90545
3.20253
-1.92106
-2.67225
2.06826
11.2136
13.8625
11.6651
4.39408
1.9368
-0.260964
4.1805
7.16325
14.8584
16.2228
16.4746
15.0257
9.5361
7.12632
5.08912
0.394697
-1.9545
8.66374
11.1665
14.5181
15.1416
15.9493
17.8285
15.0845
0.195376
-9.30637
4.71529
0.901706
2.0621
2.74781
6.46603
8.67214
4.38002
-3.39736
-8.55977
-5.28555
-0.235472
8.63274
10.7451
9.48871
5.85056
15.4966
25.3387
29.4004
29.2814
23.9679
13.4918
4.81002
3.79257
10.508
15.1853
17.9847
15.1445
8.01204
-0.448594
-1.99196
4.13667
7.23265
8.48202
8.93054
7.10826
2.0789
1.94224
2.96755
3.72028
2.59976
8.51312
11.787
10.667
2.81699
-6.21991
-1.99277
0.237229
1.81618
3.70133
6.16623
9.10347
9.23547
5.41685
-1.76307
-0.219705
8.3572
14.0359
14.3497
9.69692
3.57642
0.414566
-1.06818
3.63211
8.84105
11.2161
11.4366
11.2249
3.75217
12.7711
20.1132
24.324
26.152
25.5585
22.416
16.3876
7.64935
-0.767791
2.04769
3.57185
4.67756
6.98652
10.0178
10.6484
8.10511
5.13881
8.16457
11.1204
12.4793
13.9796
14.9893
13.4271
10.1857
11.5261
14.4542
14.2614
16.3809
21.4262
24.5931
26.3875
25.9564
23.5304
23.1572
22.5824
24.2206
24.1648
21.7916
22.9428
17.8964
17.042
15.5144
12.8277
22.9928
30.722
35.1923
33.8806
29.8351
25.2864
32.1717
37.4278
42.7651
43.9823
42.9246
40.433
40.5411
41.6755
42.2977
41.9145
41.4635
40.8961
40.2929
41.703
43.3109
44.946
45.728
47.0904
47.2638
44.6885
38.7233
31.7623
26.9051
21.7469
16.6848
17.1195
20.8145
22.4034
21.1329
17.941
14.1688
11.9276
13.3566
13.4837
10.8136
11.8772
16.7416
19.4798
19.7127
17.1134
12.9829
10.8805
11.9016
10.2221
3.96948
-4.83309
-9.75798
-6.52795
-2.06502
8.79544
16.7207
20.6573
21.3613
20.4224
18.7148
16.459
13.9573
15.5154
20.0497
21.755
19.6397
15.0713
11.6199
14.061
19.106
21.2417
20.6177
20.8719
7.21465
12.6073
15.7166
17.7588
19.4542
20.8275
20.2358
16.2994
9.36863
6.69431
9.2625
12.1803
14.1537
15.511
15.2933
13.2162
12.0892
13.5127
13.7656
16.1885
19.5794
20.012
18.1502
17.6293
18.8858
18.6382
24.8625
31.6803
35.7431
36.4471
33.9428
35.7498
44.4007
50.693
53.2238
53.3863
52.8461
53.5236
55.7663
59.0847
61.7441
63.9317
64.8858
65.097
65.2664
65.5658
65.3411
64.6762
64.2674
65.2834
66.3482
67.1416
67.2237
67.1988
66.912
66.5917
66.1132
65.5862
64.8848
64.3376
64.0914
63.9372
63.5566
62.6328
61.4985
59.9296
57.9754
54.4656
48.9073
42.7211
41.1453
40.54
36.7223
28.7236
17.5923
15.0612
17.2578
17.4754
17.2805
18.9181
19.7064
19.3925
18.4423
15.9982
12.1919
12.8966
16.7717
17.4641
13.9339
9.79978
10.6001
13.7717
14.9694
12.7196
6.79498
-0.641367
-1.09521
-0.641919
4.30751
9.72378
11.1963
10.4654
10.8032
12.9817
16.1756
17.2587
16.2302
16.5563
19.2817
19.6031
16.6668
14.0425
16.3739
18.652
17.8508
14.1857
10.0964
10.4791
1.43971
-2.58442
-7.98618
-16.1601
-15.6384
-6.04361
4.29808
10.1831
12.5324
13.0766
14.3859
17.4766
19.7656
19.336
15.4536
11.888
13.011
14.4857
16.6776
21.2408
24.4147
24.6843
22.7992
21.4225
21.1219
21.3624
24.1973
29.9712
33.5795
33.6484
32.5695
41.9586
53.4416
61.9295
67.3513
70.6334
72.5585
73.5453
73.863
73.3541
72.1283
69.981
67.5741
65.8345
64.5568
62.6334
58.7306
52.7252
51.2021
54.1387
56.22
54.5262
50.5465
47.0213
47.8582
48.3916
47.7968
45.8681
43.3435
41.1607
41.9886
43.9863
44.0185
41.7161
36.0681
31.9037
31.4725
33.1783
33.1343
31.3583
28.9082
26.449
23.65
18.9123
13.2487
9.57754
11.4969
13.88
14.3681
11.6418
9.09007
5.38336
2.95369
7.7353
13.2867
16.3814
18.8336
21.4689
23.0822
22.3793
19.8103
15.9789
11.6068
10.0979
13.4479
15.5845
13.8442
9.76454
11.7013
16.7909
19.8148
20.3645
18.8362
15.6857
11.4778
8.21494
6.16586
6.66075
11.2275
13.5321
12.002
7.39063
3.41542
1.44656
2.84066
3.29793
2.31435
-0.0453304
1.80092
-2.33039
0.925471
5.11912
6.51731
5.66057
4.3971
4.35282
2.91779
0.774471
4.21771
9.66623
11.902
10.2305
7.82939
10.0007
12.4599
11.313
7.22735
3.8702
5.50852
7.88547
7.74672
3.8556
-1.39791
-1.6651
4.75266
10.1694
11.6283
11.2814
19.5099
31.0289
41.2735
45.5005
47.4157
49.1944
50.8782
51.709
50.2522
47.4454
42.9331
36.2434
27.3708
17.9259
11.0521
17.8825
20.7488
19.5451
18.2685
26.3056
29.4171
27.0224
20.849
18.5852
14.349
7.76727
4.28059
6.51836
6.37183
7.62204
10.6147
14.3114
15.1934
11.523
7.85026
5.45421
9.92406
10.8676
7.04633
-1.36298
-11.6518
-6.27944
-3.08537
2.47446
12.2897
18.6893
21.069
21.2574
21.6073
23.519
23.7622
21.3391
17.7765
14.9907
12.8664
9.53845
7.41164
10.3856
15.191
18.9149
18.6212
14.4199
8.994
6.97113
9.64025
14.7138
17.4915
17.5336
16.6912
16.2868
14.2826
11.9315
10.4085
7.58265
7.3621
13.232
16.1218
15.4184
11.0292
5.29114
3.99498
11.294
18.0157
21.2756
21.2632
18.4898
12.6323
5.60749
6.25194
9.86457
14.9328
17.2672
15.8982
10.2801
1.84612
-0.745554
4.50136
8.26645
12.9141
17.2845
18.3866
15.1367
9.25797
6.17833
4.83427
2.46512
0.282196
-1.02935
1.27544
6.98602
11.4212
12.1745
8.95719
2.99695
-0.73103
-1.24417
5.17717
14.4319
23.6915
31.6167
34.8584
34.1077
28.96
19.9021
7.84838
8.39838
14.5555
15.354
16.0148
13.1219
11.9522
14.7408
14.986
13.8316
13.7789
8.61242
14.5624
16.4413
20.6951
21.906
23.2039
19.8712
19.4858
15.398
14.161
10.2207
5.86713
-0.9838
0.103445
1.79053
1.9714
-0.0256633
5.57791
9.17337
14.0466
14.4183
17.9007
17.9202
15.9769
11.2302
9.12325
12.2476
19.9535
24.017
24.0553
22.2517
21.4861
20.4363
18.4979
18.7937
19.7563
18.374
14.7787
11.6497
10.873
9.91464
9.4979
10.2138
10.0969
8.37625
8.71233
10.02
10.6386
12.0452
13.9876
14.127
14.2881
15.6987
16.6278
13.9829
7.49608
4.18302
11.4461
16.2338
17.4404
15.1708
10.4219
4.88292
5.11341
11.2104
15.6898
17.9316
16.8886
12.1793
4.58824
1.64546
0.898942
3.67147
6.56294
7.05774
4.82467
0.355104
0.00607281
3.32634
6.5774
11.8508
16.8796
17.7035
14.3322
10.6341
9.43745
7.9162
6.43568
6.59855
7.33989
7.5261
6.96075
7.06368
6.67724
4.08769
-2.27362
-4.8286
1.36066
10.065
13.9593
13.5009
11.0777
24.3713
33.5894
36.2499
34.4229
26.271
9.65658
6.89251
7.11266
12.652
15.3573
10.0717
9.74903
8.23297
3.27337
9.70325
11.7796
10.653
16.1557
16.8081
18.2902
28.9865
33.9665
37.7446
36.9744
33.377
26.0562
20.3763
17.9768
18.1376
16.2
11.186
7.60806
4.19414
8.49138
15.2446
16.8672
21.1969
22.7749
22.6949
16.5431
8.47705
7.41417
13.3112
17.3537
20.8099
22.4805
21.8568
19.9252
18.2916
17.096
16.7396
19.1306
22.7123
24.2256
22.2885
16.2501
6.72489
1.15893
4.08048
4.89428
3.30164
2.59837
3.66733
2.87938
0.833007
0.0650549
2.68394
2.98101
4.25328
7.0502
7.51916
5.9205
3.05242
1.30558
2.48843
4.39155
5.70695
6.93127
7.44578
6.01708
2.36535
-3.5121
-3.58452
4.29881
7.02005
5.04121
2.18177
2.64767
0.844564
-0.207145
3.5794
10.4026
16.038
20.2984
23.1024
23.3454
21.128
16.5501
14.7095
18.5159
20.9207
20.3739
17.6753
13.2991
9.51144
13.6786
18.5426
19.6618
16.3997
9.5413
0.0437283
-6.49103
-2.76525
2.8054
7.39728
11.9765
15.7459
21.5463
29.2955
36.527
39.1284
36.9966
30.6196
18.7885
13.2684
15.6958
12.3692
16.073
12.4499
10.5337
20.1632
22.1203
35.9795
43.8935
46.1231
43.4086
35.4049
32.6047
43.7639
51.4435
53.8114
52.3741
49.1957
47.8817
49.3611
50.4275
50.6253
50.5106
51.3695
52.6615
53.9971
55.6019
56.5191
55.667
52.7218
47.9259
40.6918
30.9354
20.0076
18.5335
17.8238
14.8414
11.7092
11.1852
10.6717
9.33503
7.30197
4.78791
10.2804
19.7971
24.6456
25.1525
22.0506
15.8386
8.37383
3.31305
3.31748
6.3665
8.97862
11.4515
13.8938
14.3087
11.7829
6.58941
0.177057
0.906953
3.53506
3.00692
3.81897
8.39393
11.6141
11.1814
8.03477
4.11819
2.97005
3.62635
8.73889
13.7249
15.3394
13.5458
10.5062
9.42871
10.2163
8.4301
3.73901
12.061
13.6794
13.9635
13.4475
11.6357
11.203
14.1093
15.606
14.1513
10.9174
11.4001
13.7543
13.7639
11.9749
11.7189
12.9257
13.3146
13.7946
16.3487
19.1722
18.5896
14.5725
9.17621
7.69449
6.96802
3.98584
-0.055378
-0.0778983
4.40027
10.3776
20.2763
33.4718
42.9396
45.7798
42.4677
31.5818
21.2652
29.7566
37.8402
48.0613
57.6377
64.7623
69.4299
72.3308
74.3838
76.544
78.6613
79.8922
79.8415
78.9166
78.0963
77.7351
77.483
76.7591
75.5359
74.2851
73.6123
73.2998
73.0611
72.7399
72.525
72.5324
72.7014
72.7222
72.1801
70.6502
67.7261
62.8208
55.2865
44.1483
30.7024
26.7763
27.1101
24.3985
18.6588
13.0644
10.2411
7.2778
6.14139
10.8651
14.9783
16.5152
16.1491
13.1415
7.81907
0.960835
4.18269
10.5751
14.2177
13.8319
9.45034
4.69421
3.19534
3.83786
6.70359
8.66058
7.09606
6.74585
7.94819
8.1552
6.5109
8.40686
12.0285
12.5524
8.73511
-0.0498483
-5.72215
-5.59314
-1.46495
3.3972
7.75103
9.64229
7.6845
1.11864
-3.70841
-2.60071
-0.963108
-1.26368
-3.63376
1.39866
5.41382
8.22816
9.9477
9.34359
5.11813
-1.95006
-2.7855
2.28957
7.34002
8.64615
6.49969
1.56381
-2.53398
-2.86033
1.43549
6.36984
8.98713
8.76664
7.71391
7.42617
6.53865
3.22866
-1.41012
-4.06329
0.170325
5.39567
7.73283
7.53954
24.0795
43.4135
57.0135
66.3181
72.3999
76.2894
78.9175
81.0346
82.9276
84.45
85.3078
85.0997
83.5282
80.7086
77.9138
76.6467
75.8762
74.1548
71.6194
69.4797
67.4709
65.1061
62.2924
59.0162
55.2985
53.0501
52.9476
53.0355
51.7971
50.3019
49.2302
48.6629
48.6951
49.0537
48.2267
45.8254
42.8192
40.7514
36.9598
30.863
20.3731
13.3203
10.8935
8.41695
11.2424
16.4141
17.9408
15.6371
11.0747
8.20844
8.71118
9.53917
7.39418
3.0276
0.898616
2.2693
4.45374
8.04172
10.5785
10.9951
8.81992
5.67955
4.29516
3.75578
4.41907
7.31019
8.81145
7.02457
3.76407
1.07147
0.917682
1.02817
4.38864
7.0401
6.14013
1.79926
-2.33164
-1.83298
-0.74463
-1.28353
0.136778
1.92179
1.01797
-2.54481
-6.26057
-6.10305
-5.79324
-8.26309
-3.75476
-2.45703
-1.70571
-1.28858
-0.660654
-1.09237
-2.12901
0.520051
5.31231
9.27778
11.8237
13.279
12.2304
8.61977
6.63617
7.6234
7.37269
8.06572
9.6323
9.47372
6.63938
1.9797
0.683776
1.24122
-0.489856
0.667595
6.42343
11.3107
12.1846
12.2262
17.5537
31.3901
46.5579
57.7224
65.212
70.0913
73.0768
74.5363
74.6874
73.4932
70.6854
65.8841
59.0731
51.106
42.8948
35.0133
33.0978
32.0841
25.7382
15.4368
11.4477
16.0116
16.8952
12.9869
11.2213
10.7961
15.5132
16.6681
14.2221
9.78298
6.04581
2.58909
4.7267
8.28132
7.97354
7.77207
7.56846
11.2876
12.6012
12.5653
9.79709
6.45198
0.776695
10.3759
18.3798
21.9566
21.0304
16.0043
9.23204
5.80694
3.08886
-0.0494426
-4.88269
-10.1567
-8.72793
-1.13092
3.00829
3.6117
2.48047
4.73706
7.90853
8.13691
6.86895
7.2854
7.02569
3.48694
-2.52365
-1.57315
0.01058
-0.720111
-1.18439
5.63739
9.78207
10.9593
9.86242
7.61197
4.55311
0.539157
-2.20188
-4.51819
-7.2249
-6.84626
-6.49912
-7.19101
-3.44303
2.86853
6.1111
5.69761
5.85846
5.95039
4.64001
3.14357
1.1636
-0.369628
-0.729407
-0.164607
1.1991
2.20505
4.09261
7.79337
10.5924
11.9269
11.6322
9.37786
6.05273
5.26345
8.01533
8.96877
7.13865
3.6759
1.02024
2.50229
6.29216
9.16075
12.1593
13.3779
13.8729
15.4922
17.3189
18.7998
14.5532
13.7447
13.9004
19.5141
23.3678
23.1678
21.895
21.3801
16.8474
13.2987
16.77
19.5357
24.5319
24.2928
21.1984
18.1385
10.0168
7.88757
5.21937
7.46225
11.1097
17.2268
20.7712
22.2762
22.1183
19.6384
14.4574
10.507
7.45751
5.07645
5.87914
7.1295
5.06938
2.14082
-0.883602
7.55667
11.554
17.6585
19.1418
17.1526
12.6915
8.48713
14.2785
20.3032
22.5888
21.0986
16.792
12.2947
10.7701
10.5971
9.2309
6.51817
3.52481
4.89974
7.54206
6.93375
5.31003
7.60727
10.7834
10.6147
7.89957
7.40991
9.38497
8.8198
4.23243
0.00778075
1.3208
2.89206
4.24136
5.58863
8.03282
8.41064
5.93518
0.672764
-1.49788
-0.113865
-1.97081
-6.79736
-13.8281
-8.97822
0.368063
5.09324
5.45109
2.54428
1.76859
3.48699
7.81418
7.29278
5.60669
5.0873
3.37611
-1.3893
-3.62808
-1.29268
2.82826
6.61869
8.54942
7.40941
3.22705
0.513986
3.24119
4.2835
1.84945
-0.56336
-0.344721
0.632863
2.68703
5.01312
5.17212
4.31451
4.11163
3.69442
-0.256786
-4.87761
-4.26675
1.37838
7.12293
8.98595
11.7529
12.8791
11.7042
11.8117
12.6578
11.7543
12.7871
11.1021
10.5039
10.0634
13.4716
18.4018
18.5565
20.7418
25.2006
25.3765
20.7572
10.5338
16.5138
23.2519
31.7701
34.9065
34.882
33.2313
31.1055
30.7636
30.7715
31.6451
31.6063
31.0946
31.7394
33.2451
33.3008
32.4869
31.1332
30.3859
28.2431
25.0374
17.725
9.11887
3.3338
2.68279
6.60406
10.5164
10.457
6.5051
1.67975
3.97487
9.20721
12.0358
11.6723
9.03867
9.36462
12.8393
13.4955
10.1263
1.92361
-4.69929
-1.6883
0.111963
0.0653256
1.78169
5.19762
7.3063
6.75688
4.10701
1.18823
0.870176
2.33471
2.65594
1.14847
-2.12173
-6.67833
-6.78107
-4.7198
-6.24418
-11.1565
-6.78117
3.43466
9.96526
12.2365
10.8741
7.83774
7.11826
6.31341
2.62594
2.88898
4.29901
7.83948
9.34807
6.83165
0.453065
-2.45576
3.35904
7.72738
8.73392
7.97229
8.11835
9.75343
9.64874
6.36344
1.61715
-2.80969
-4.86853
-4.84369
-0.974824
5.05316
8.78341
9.17804
6.85715
5.01126
2.92029
0.145974
1.48282
6.83694
10.3557
14.4934
21.0536
27.4199
29.624
28.4326
25.4361
20.8454
18.827
20.8295
27.4921
35.2473
40.3371
43.4238
47.2109
52.7175
57.2194
60.7936
63.3208
64.5755
64.8906
64.8663
64.9595
65.18
65.2984
65.1125
64.5364
63.6071
62.1846
60.5107
58.726
57.187
55.8651
54.9363
54.1521
53.1647
51.6654
49.9072
47.5347
43.8762
37.4097
27.4816
13.1223
4.40478
4.34984
4.11467
2.03167
0.700317
3.95674
7.34036
10.2715
11.1448
9.2669
5.83612
4.75071
8.48174
12.9491
15.4698
14.8206
10.6198
3.82239
-3.24955
-4.60218
0.172306
5.20767
7.73636
7.4016
4.55214
2.6458
6.94176
11.686
13.1231
11.4501
9.15984
8.9491
8.943
7.62307
5.8082
3.19958
1.98069
7.91493
14.4287
16.7304
14.7203
8.90496
2.93195
2.81449
4.39625
2.91024
3.17621
0.906044
1.51964
3.16089
3.13021
0.70519
0.677929
5.75732
9.99585
12.7151
13.0513
10.8728
6.69876
5.49281
9.65312
13.7879
16.0756
15.7997
12.7666
9.01848
11.0303
14.1649
13.4453
8.51243
1.00055
3.6061
8.31458
8.74099
7.54181
8.72965
10.277
23.334
36.3954
44.6819
49.3063
52.1158
53.8751
54.9848
56.4299
58.9792
62.3547
65.0034
66.3734
66.5687
65.5607
63.8901
61.9179
61.0125
61.6854
62.2886
61.3915
58.7001
54.3056
49.954
48.5494
49.0221
48.711
47.0699
43.2415
38.2892
33.8953
31.4478
29.389
28.0817
26.1989
23.0749
20.3449
24.9963
29.1438
29.9921
26.4524
19.0984
11.6753
7.69272
3.13323
-0.776539
2.71766
5.03455
5.61634
3.40285
0.365124
-2.2039
-2.75104
-1.26625
0.33261
-0.0318993
1.21797
6.30322
9.06497
7.81344
4.37358
1.76393
3.19156
6.297
8.10226
8.95495
9.62891
9.43705
7.77133
5.28674
3.42047
4.2348
7.686
10.1964
9.70143
5.97138
1.04174
2.77215
6.28311
8.6941
12.134
14.9029
15.3542
13.7348
11.4704
9.51522
7.73828
6.75526
13.6525
16.5021
17.3231
15.0277
10.4639
6.8649
7.96428
10.4446
11.6965
12.1234
12.2791
12.0372
11.2615
11.4111
12.1369
12.0462
14.9824
19.0382
20.502
18.7631
14.9392
12.545
13.3206
15.6492
18.3912
20.1643
19.6068
15.9129
9.07146
2.23519
9.64083
22.7788
33.129
42.2929
49.3488
54.3768
57.5471
59.2533
59.8692
59.4111
57.5505
54.2817
49.711
43.2846
36.8877
30.9566
28.5188
26.9851
24.1963
20.4903
16.5228
15.0628
19.0163
20.0506
17.1782
14.9947
11.6842
10.4393
9.76608
12.2654
13.6832
13.1903
10.3378
8.04372
8.33128
10.3612
11.9653
12.5245
10.856
10.2164
11.3358
13.0689
12.6199
11.4959
11.5314
13.338
13.8871
11.1749
5.41113
0.246748
0.216558
0.805525
1.19053
2.28854
2.64387
0.140856
-5.05062
-3.29281
2.98438
7.58473
8.91241
7.96157
6.84056
9.19965
12.4625
13.8011
13.4764
12.6657
11.3578
8.9654
8.97616
10.9494
11.3384
9.58444
6.88516
3.83506
2.88561
6.81558
10.4997
11.5366
10.6103
8.60258
7.16083
9.47406
13.6125
15.0013
12.4543
8.54508
8.86701
13.6794
15.601
14.8332
12.4384
9.35616
5.23723
4.33793
6.30698
6.27751
3.80233
-2.23932
-9.015
-10.7727
-4.19603
3.65117
9.78186
12.5887
12.2939
9.67745
8.53582
10.1643
12.491
13.4333
12.0462
9.47
6.40961
4.73423
3.80334
7.29374
12.5616
17.3286
19.6703
20.3871
19.7146
17.9509
16.6726
15.989
14.604
11.2898
10.0255
9.72436
17.2025
20.6456
23.2735
22.6693
18.9275
15.4576
12.7737
11.2766
9.24406
12.4862
15.4381
16.8307
14.8354
13.6969
11.1433
7.66015
4.72473
0.438907
3.70044
10.9201
15.3058
16.981
19.0293
22.376
23.9336
21.9442
16.6466
7.09104
6.07982
10.7922
14.9448
15.2273
12.5014
8.93153
7.86533
9.70289
9.56975
5.32514
-4.54775
-15.5969
-12.3796
-6.32324
1.71954
9.26245
13.437
14.1047
12.4887
11.4508
12.9645
13.1094
10.3587
5.02397
2.79378
6.2321
8.07285
6.21664
3.07251
8.20233
15.1974
18.6638
18.6054
16.0899
11.9517
6.83391
1.68485
1.95026
5.13041
8.10321
11.9532
14.4404
14.1037
13.4134
14.6632
16.4157
17.8836
19.4543
12.2719
12.3198
14.1661
17.0246
19.2854
19.0582
15.5219
10.5958
8.08511
5.69501
-0.0322957
-5.32282
-7.2309
-1.00311
6.38675
12.0943
14.8776
14.273
10.679
6.13143
3.358
3.23347
4.67677
5.84369
7.81851
10.9663
13.3169
13.341
11.9552
12.4968
16.2762
19.9923
22.3223
22.5548
20.1798
15.7915
11.8851
14.1489
15.0726
14.9109
9.71086
1.3989
7.55977
15.5105
22.747
26.4615
27.5132
25.8319
25.5603
28.5085
31.3163
33.7538
33.642
32.8387
31.2463
29.832
29.3574
31.1135
33.1251
33.7287
32.5642
30.952
30.5398
30.6539
29.6992
28.2746
27.4671
25.7239
21.369
16.1948
14.3989
14.7452
13.058
9.45389
6.65335
6.06971
8.44246
12.1927
14.2105
13.2789
10.8659
10.5081
11.1705
11.6029
14.5481
18.2758
19.3038
16.4552
9.25912
3.59139
8.45413
12.3067
12.8302
11.1842
9.46694
8.4027
7.89012
8.31807
9.33194
9.95548
9.53354
8.18168
6.557
4.06789
1.35474
1.12832
4.34406
8.35398
9.31764
7.74516
8.24158
11.4717
13.0327
12.1853
9.4494
5.9197
6.03087
12.5388
16.8026
15.6566
15.5047
16.6092
17.3705
18.518
20.2312
20.4028
18.0118
13.0879
8.99047
11.0907
14.7781
17.0719
17.8885
17.3854
15.2304
11.7848
9.53273
9.47673
9.34142
9.01843
8.74362
7.6349
6.84672
6.66775
7.38765
9.75496
13.4302
15.6296
15.9905
16.4756
18.3791
19.6421
18.5779
15.4448
14.5669
14.5694
14.3632
18.7207
30.9203
39.4759
44.8091
47.7055
49.512
51.3856
53.1282
54.0703
54.1822
53.962
53.5353
51.9611
49.3658
45.9542
42.8026
39.7787
36.8134
35.1424
35.5024
36.0171
35.8666
36.1955
36.5904
35.5519
33.9166
33.6501
33.2041
30.3079
24.3714
16.0465
7.99715
4.77369
3.5088
1.31298
2.25959
6.2803
7.58448
6.24221
3.72998
2.62639
4.87251
8.05292
9.65699
10.2589
12.5053
14.9844
15.4868
12.6959
6.65025
4.2392
11.7692
16.9283
18.3606
17.7364
16.2024
13.9242
11.4341
10.8603
12.1385
12.8653
12.1006
9.14215
4.14178
-3.18543
-10.791
-7.75469
-0.0918719
3.17
2.86579
3.84427
8.69546
11.6026
11.5463
9.24942
7.35103
7.8124
10.6155
13.1231
8.25803
9.14089
9.74483
8.61016
5.50975
3.41064
5.53138
7.84998
8.25344
7.15485
8.08462
10.7506
12.0857
10.4321
5.90787
2.80705
3.41505
5.94693
9.90953
13.8114
15.6868
14.5397
9.9116
4.06682
1.38876
1.61194
0.306383
1.74664
5.85933
8.98535
8.98017
10.2042
15.8202
21.6268
24.8284
26.3505
28.6948
31.8048
34.4415
36.7766
39.4126
43.1176
46.2622
47.4464
46.5765
44.794
42.679
39.2201
34.4268
31.585
29.1093
26.1629
20.214
13.4672
8.52192
10.205
11.3291
11.6616
11.8252
12.4565
12.1084
12.5416
16.0153
19.089
19.4874
16.5922
10.8538
5.24897
6.52734
10.4829
11.034
8.29275
2.6474
-3.21193
-2.02304
2.82185
5.69366
6.48532
8.93225
13.0488
15.5631
14.7962
10.5802
5.96119
7.16468
11.5484
14.4446
15.7566
15.3297
13.1619
11.9556
13.389
15.0995
15.3524
14.2253
13.0494
12.0689
10.7944
8.42602
6.93025
7.78913
8.302
6.50235
5.00267
7.11262
9.71817
10.2977
9.00803
7.65135
8.46016
9.74161
10.1816
10.8859
13.1399
15.9563
17.6626
17.0172
14.5221
-0.967195
1.01506
4.04188
5.92855
7.58202
8.52803
7.65308
4.30638
-0.759008
-5.36794
-9.42061
-11.7266
-12.4583
-4.20704
6.4701
13.3061
16.2352
15.663
12.2551
7.66806
5.90132
6.91684
7.00011
5.27201
3.68357
2.90428
2.54884
2.55252
2.55494
3.13557
2.86497
1.4957
1.14522
6.85765
15.1428
20.5952
24.6667
26.1781
24.8049
21.0269
16.0115
10.9491
7.12363
6.22367
9.4296
11.3497
11.6126
12.47
10.8325
6.87885
5.28002
7.31405
10.916
13.5577
14.3997
13.3781
10.891
8.0503
5.47772
4.35848
6.13648
10.4612
13.6427
14.1753
11.3697
6.8567
4.76754
6.15558
7.15681
8.29829
8.77989
9.14887
8.48175
5.83072
2.53584
2.31302
5.70356
8.37572
8.03802
5.79066
3.42908
0.77432
-4.08793
-8.50402
-4.48935
1.99448
7.07947
10.0962
10.3767
8.55501
7.52529
9.30126
11.1334
11.8178
11.5032
11.0409
10.7117
9.33732
6.55931
6.46731
9.71436
10.674
9.06892
7.25686
8.25848
9.9081
10.9934
11.8896
12.0042
10.2979
6.92597
2.9215
-0.653954
-2.18154
-3.17679
-2.37645
2.94442
7.34973
4.9552
5.29629
5.98314
5.01431
3.81616
3.61005
2.56809
-1.25022
-7.82176
-10.9707
-6.56307
-2.87481
-0.479396
2.16392
5.41924
6.87322
5.43176
1.73215
-1.2526
-0.118367
3.19713
5.215
4.63932
1.89081
0.631425
3.48499
6.26759
6.65399
4.47697
0.965197
-2.2108
-3.64533
-3.57668
-4.44616
-2.79285
-5.40484
-0.490688
4.82183
8.52068
10.1722
6.84682
3.11683
-1.25717
2.19745
5.95218
9.93105
13.8744
15.1632
14.3262
10.4169
8.93246
13.6453
19.1418
22.0551
21.9022
20.0296
19.7273
20.1641
20.661
20.5988
20.5405
19.8276
19.0861
20.0331
21.0308
19.8672
16.911
14.1136
9.44079
5.04586
3.54903
4.32207
3.15498
2.59481
1.69949
-1.26346
-4.39102
-4.98258
-4.83107
-4.58975
-1.66691
1.14925
0.897477
-1.96132
-1.80887
3.34213
7.49992
8.9962
7.96052
5.40812
4.61336
5.85944
6.4214
4.98903
2.42787
1.09371
2.08424
3.17656
2.85666
2.70453
3.80312
4.94449
6.65553
7.33231
6.20779
4.62118
3.71073
3.41514
4.00672
4.11001
2.81291
1.13085
0.758508
0.0551732
-0.520781
-0.612287
-0.964382
-0.943321
14
14.1768
12.2096
8.02004
5.61028
7.71349
9.22118
7.54166
2.59896
-3.0877
-4.74308
-3.02054
-1.95298
-0.735398
1.96797
3.85579
2.92904
0.0975117
1.52199
8.73939
14.3079
16.2621
15.0057
11.6377
8.75556
7.2786
6.40097
6.12864
6.15882
5.64011
3.9856
7.24199
11.7796
13.2409
11.6555
5.68543
2.03705
2.9522
5.67331
12.0711
16.8472
24.0403
28.5694
30.5451
31.3215
32.6947
34.6816
36.1275
35.6645
34.1843
32.392
31.7902
31.5698
30.7976
29.9435
29.5687
29.5733
29.6157
28.4185
25.9679
23.7084
24.2143
25.9362
25.9689
23.6575
21.7625
21.6753
20.2985
15.5824
8.24292
7.80333
11.24
13.0232
11.8999
8.77814
5.13969
1.46662
-0.43955
-1.6038
-1.20884
1.21503
2.5835
2.00467
4.10698
10.5913
14.8693
16.1272
15.5045
14.1369
12.2993
10.3402
8.97618
7.26346
4.23682
0.248466
-0.0350462
4.23842
7.25011
7.44336
6.6885
7.57035
9.53089
10.4811
9.85998
8.14362
6.98536
8.21795
9.76835
9.17247
6.22831
3.09765
5.04328
7.0174
6.62937
6.16095
6.56999
6.373
7.81709
15.7417
14.1118
10.5622
6.94911
3.31033
2.19985
4.82749
6.36677
5.9085
5.3769
5.07734
3.80379
3.45191
5.67771
8.14489
8.54586
5.73988
-0.628
-2.7991
3.65106
9.74422
14.173
16.7102
16.9731
14.8337
10.8171
6.49333
3.22136
4.49381
10.4834
15.4688
20.4214
27.4606
33.5941
37.7547
40.3688
41.8848
42.6161
43.2471
43.9406
44.2455
43.0276
40.0279
35.6077
30.9111
26.7196
24.4181
23.6415
22.2209
17.7254
13.7364
11.8462
9.78704
7.67845
3.56026
2.54929
-2.80117
-0.276047
3.25975
8.79975
11.1879
13.2192
15.1478
15.5572
13.133
7.7197
3.62273
3.00517
2.05435
3.62296
6.26934
7.84183
6.2401
4.74942
7.42581
9.64793
8.82222
5.09645
2.92176
4.48733
5.82632
5.8007
4.56993
4.14358
6.95009
10.1941
11.686
10.9848
8.57562
6.64249
7.26914
8.33493
8.60563
8.49773
7.70249
5.7073
4.34741
5.91482
7.76121
8.42533
8.98652
10.3565
11.5344
10.9112
8.31065
5.96224
7.33542
9.34051
8.9751
6.18801
6.12088
10.4456
13.1897
12.0172
7.06514
1.01743
1.83591
8.03771
2.46356
5.02308
5.01114
1.64599
-2.76904
-2.5292
-0.365629
0.763307
1.7522
2.80911
2.50689
0.682196
-0.981933
-0.767384
0.485302
1.13306
0.199067
-2.70855
-7.47872
-11.9886
-12.9928
-9.81585
-7.17413
-6.46508
-7.11192
-8.63508
-9.85409
-9.77366
-4.38951
2.73886
6.23672
7.74554
13.2675
23.3145
31.423
36.5561
39.6748
41.1656
41.0061
39.4136
36.2525
31.2415
23.5875
15.5408
10.9587
11.3207
12.4741
12.8782
12.1396
11.2534
11.3458
14.1122
15.806
14.7306
9.52475
5.32322
1.40982
1.97143
0.882371
3.77944
2.8879
3.01922
-1.22779
4.25964
5.97786
5.05396
2.10437
-0.284684
-0.478933
-0.262173
-0.0459408
-0.842593
-0.999921
1.49865
6.06971
9.58972
10.045
7.49844
3.54726
1.22154
-0.611424
-2.77019
-3.51473
0.210841
4.06188
6.06513
5.8335
4.00196
1.14481
-0.761408
0.739668
3.6058
4.77614
3.89342
1.58602
-0.869391
-2.85395
-3.12384
-1.89002
-1.16327
-1.92576
-3.11396
-1.88349
0.159347
0.200185
-1.53073
-3.20033
-3.53627
-3.30848
-1.12309
1.49921
4.01309
6.34521
7.69327
7.4175
5.83748
4.53701
5.89409
2.88555
2.78139
4.17114
4.32037
3.52713
4.66268
5.97773
5.61346
7.0158
9.70913
10.3119
8.22778
4.60945
2.87792
4.52201
7.30906
8.02466
6.47023
4.77508
3.866
2.55183
0.867337
0.531757
-0.845571
-3.88449
-3.15926
0.0669101
0.548401
-1.5179
-1.34465
1.22128
3.21097
4.40701
5.08907
5.9759
3.39298
3.28641
1.7388
-0.0344953
2.3127
3.24063
8.22566
8.32417
19.0009
29.6423
39.9143
48.1728
53.4008
56.0355
56.824
57.3175
58.2346
59.0024
58.9333
58.2597
57.7427
57.539
57.1435
55.9439
53.8828
50.9953
47.5084
43.3236
38.357
31.7368
22.7409
11.0059
-0.145942
-2.49668
0.732403
2.13449
1.9159
1.61825
3.79692
5.55513
4.98778
1.72566
-3.81174
-10.7186
-10.8707
-3.70325
1.238
4.82255
7.35194
8.14981
6.77371
4.24672
2.49408
2.11979
1.47058
1.12913
3.10022
5.01064
4.97712
3.62549
1.67562
-0.908273
-1.66988
-0.722765
-1.69454
-3.79549
-2.81514
-1.09224
-1.2471
-3.29695
-4.59206
-4.86146
-7.55897
-9.64426
-2.59377
6.56558
11.0984
11.7186
9.436
6.47942
4.7987
2.66336
-0.457465
1.84322
6.24192
7.88081
7.01043
5.42415
5.34086
6.17098
7.68575
9.85723
10.7332
8.74821
4.32901
1.77446
1.74376
0.651631
-0.832995
-0.245075
2.19135
4.95688
6.17277
5.10537
4.08999
6.41314
8.83643
8.69361
5.57143
0.867062
-1.66492
-0.731546
1.89404
11.4845
23.9868
32.2562
35.6185
34.2965
28.2471
17.0921
12.1066
24.9811
40.419
51.7268
59.8566
65.3317
68.7715
70.9508
72.219
72.534
71.9295
70.8191
69.8477
68.8842
67.2185
64.2853
60.4918
57.8579
57.205
56.7823
55.1997
52.7171
50.095
47.6175
44.1599
39.0563
32.6142
26.7314
20.8824
14.8065
9.37939
6.71333
6.93127
7.76133
8.73259
7.36174
4.13573
4.081
7.99656
10.2136
10.3005
10.5786
12.0951
12.5594
11.0859
8.91835
6.83204
4.37886
3.4052
4.50028
5.17091
4.91354
4.21223
3.93945
4.09155
4.64615
4.14885
2.02473
1.20789
4.72902
7.38164
6.8699
3.62856
-0.498033
-4.2755
-6.35976
-5.85453
-0.260646
4.6687
5.88025
2.6465
-5.022
-9.05763
-2.41637
4.61792
7.99079
7.79097
4.67358
1.63101
1.65894
1.97762
1.00196
-0.603285
-2.15379
-3.98366
-2.52748
1.88414
5.29531
7.63726
8.95682
8.10031
4.04393
-1.73108
-1.24756
1.2319
0.981072
-2.11327
-5.52907
-6.48063
-4.93395
-1.41879
1.48929
2.19291
2.5426
4.40795
5.73031
4.676
1.59049
-1.13321
-1.85669
0.567313
8.69438
21.8685
33.0448
40.2121
44.0313
45.534
46.7868
49.0467
51.9211
54.192
56.1681
58.7056
61.4329
62.8841
62.3427
59.7152
54.7921
46.4872
33.4523
24.135
28.1929
29.7522
29.4214
27.8529
25.2935
20.8382
14.8978
8.81544
4.37901
3.47396
3.90322
3.72556
1.90991
2.70804
7.92016
11.4768
12.1168
10.0808
7.24686
8.0628
11.7717
13.3059
12.2729
9.01311
4.21002
-0.823957
-3.47744
-4.42678
-0.558046
4.14971
7.24876
8.36213
7.29741
3.97779
-1.05855
-5.85117
-6.33391
-4.71932
-4.28159
-3.18153
0.0034041
3.05503
4.00697
2.28411
-1.08981
-0.977495
3.32677
6.23644
6.72958
5.68091
3.79776
0.818572
-2.80485
-4.57227
-3.63549
-1.48487
-0.390336
-1.54863
-4.49359
-7.90483
-9.11523
-3.27455
3.38155
6.31811
6.26231
4.85117
2.99771
0.120503
-8.96221
-10.2652
-10.807
-13.9819
-19.6813
-16.8969
-9.39079
-4.94578
-3.85599
-5.56705
-9.78267
-14.5001
-13.6726
-8.7251
-4.42972
-1.55885
-0.922358
-2.79195
-6.92807
-9.4803
-9.86107
-11.8893
-17.1086
-20.5443
-14.9958
-9.41786
-7.77609
-10.4583
-16.9302
-23.88
-15.5552
-3.17981
8.90866
21.1171
29.2615
34.4642
37.1326
37.8627
36.3088
33.0578
27.7669
21.9751
16.0044
15.7929
15.8868
17.7879
17.8412
16.8358
14.556
16.6715
24.1267
31.2378
37.2618
41.2873
43.3569
43.8765
44.7619
46.3636
47.9043
48.593
48.4437
47.8647
46.8396
45.0956
42.5913
39.5119
36.1726
32.4489
28.3469
22.9847
16.2564
7.70634
2.00869
-1.38505
-3.19664
-2.33167
-0.697376
-0.412034
-1.40783
-2.48315
-3.52117
-2.96467
-1.891
-1.48327
-1.49558
-1.60267
-3.25048
-7.23037
-11.3226
-14.1031
-15.2258
-14.1387
-13.1652
-14.2104
-16.0592
-12.9064
-9.78414
-9.41539
-11.0983
-13.5089
-15.439
-13.2299
-7.29574
-2.87584
-2.04535
-4.02178
-6.66998
-7.23122
-6.31103
-5.93561
-7.61605
-10.2029
-11.4228
-11.7101
-12.9675
-13.8689
-12.8954
-11.0119
-3.0917
-7.81133
-8.62963
-8.67529
-11.6174
-16.6848
-17.0644
-11.1952
-5.53147
-1.47345
0.224789
-0.459342
-2.17398
-3.21198
-3.56193
-3.99722
-4.59477
-6.146
-8.84452
-10.9616
-8.2117
-4.1064
-3.2374
-6.06522
-9.7509
-8.25373
-5.58547
-5.0707
-6.5156
-7.19305
-7.8527
-4.69203
0.848969
5.09516
4.85934
1.45499
-1.60014
-1.72206
-0.707063
14.9721
28.1759
37.9736
44.4241
48.5411
50.4552
50.3839
48.0727
43.2518
36.8045
34.6225
35.7918
38.6511
45.6048
51.889
55.3171
56.7743
57.4175
58.1291
58.6114
58.4423
57.696
56.6431
55.3182
53.1848
49.9098
45.5713
40.8389
35.9635
31.3008
26.7802
23.2096
19.7029
14.0736
5.27426
-5.43384
-7.05575
-3.55289
-0.207714
2.37862
2.66137
0.00581121
-2.55634
1.9896
6.69382
7.65842
5.56975
2.17027
-1.17362
-6.20278
-13.5291
-16.8538
-11.1301
-6.31345
-4.65429
-6.59538
-11.0279
-13.6788
-10.489
-6.11511
-4.30868
-5.73469
-8.16246
-6.6403
-2.97246
-1.6972
-3.04083
-5.04122
-5.91806
-6.45018
-6.75762
-5.77219
-6.5116
-10.9678
-17.707
-16.32
-10.0353
-6.57663
-6.55398
-9.47621
-13.0105
-14.2007
-11.7495
-6.71231
-3.36442
-2.98491
-4.77079
-4.2844
-0.339155
2.15227
1.73638
-0.698858
-3.61426
-5.80464
-7.62064
-6.81584
-5.15851
-4.44999
-4.76572
-2.7688
1.15567
3.00944
1.67385
-1.12718
-2.32903
-1.03818
2.00408
4.18461
3.94553
2.29432
7.32952
16.6326
25.4556
32.2036
38.0761
43.4735
47.4924
49.5047
50.0357
51.7569
54.9338
57.1986
57.8151
57.453
56.0015
52.3306
45.5561
36.9092
32.5707
35.0931
36.7828
38.2861
39.5672
40.0196
38.3247
34.44
28.305
19.8671
12.9103
8.24924
7.54052
9.1007
9.62388
9.2313
9.30228
8.24761
7.71701
3.66677
3.44838
3.88456
5.09556
3.57069
4.00012
7.60583
9.77227
9.06566
6.51539
5.17969
4.93017
3.15236
-0.0787524
-1.76329
-1.76545
-1.42602
-0.377034
0.566866
-0.0483124
-1.68159
-3.12068
-5.38792
-10.2814
-14.3475
-13.2571
-9.47077
-6.10902
-5.42355
-7.01876
-8.5741
-5.18817
0.00724372
2.34271
1.36568
-2.74613
-7.77353
-9.0419
-7.73899
-7.12255
-7.80199
-8.54804
-8.99257
-8.78789
-8.12103
-7.14298
-7.33954
-9.25192
-11.2733
-8.89776
-11.9323
-15.1276
-13.9754
-8.24962
-1.42933
2.18406
1.94634
-2.19255
-8.52832
-9.66557
-7.37019
-4.83257
-3.39082
-3.14821
-4.17959
-5.6389
-6.11808
-3.97756
-2.46738
-3.63132
-5.60987
-3.5574
0.521472
2.08741
0.654252
-1.4759
1.89018
6.2252
7.60821
6.59948
6.18105
10.1013
17.4172
27.1308
37.6647
46.5823
52.8453
56.1668
56.309
53.1126
46.7732
39.2741
34.6317
31.7381
29.8807
31.8921
36.1085
39.1161
40.3445
41.0881
42.7841
45.2613
47.9126
49.6883
49.4996
47.2047
44.6312
46.2775
50.4559
53.8789
55.6108
56.6643
57.7062
58.7351
59.0381
58.0901
55.6488
51.7887
46.7853
40.7238
33.0499
25.6324
19.5732
14.5658
9.7769
5.80839
2.73614
-0.0953173
-1.80259
-1.06956
3.10983
9.3524
13.5485
14.7031
12.829
8.77276
4.9399
3.73679
4.22165
3.80209
1.50322
-3.56488
-12.1059
-16.3033
-7.14952
-0.239932
2.92289
3.12229
1.32587
-1.27327
-3.06058
-4.0086
-6.10769
-10.4516
-15.0271
-15.0894
-10.4333
-5.7072
-3.51346
-4.84196
-8.59993
-9.82276
-6.85563
-5.28148
-6.42378
-9.67041
-11.4197
-10.0135
-7.60438
-6.27117
-3.39954
-0.0997462
1.80611
1.80214
-0.454207
-4.62456
-7.54805
-7.27115
-6.56953
-6.62765
-7.29201
-8.39703
-8.55559
-8.25888
-9.06163
-10.0253
-10.3112
-9.26819
-3.43849
2.90492
5.89484
5.3495
3.19496
3.42338
5.36616
6.4378
6.19001
4.8283
3.02825
4.96659
11.0483
13.9305
14.7413
13.509
16.1412
19.8811
22.5151
28.2853
40.6938
50.8015
58.0628
62.5167
64.493
64.5025
63.28
61.4235
58.8647
55.8448
54.7049
56.0339
57.6229
58.4315
58.8394
59.279
59.8894
61.2243
63.6683
66.5808
69.1826
71.1359
72.2681
72.4601
71.674
69.7319
66.3037
61.109
54.3504
46.0342
37.2772
31.2063
28.0104
23.1224
16.6415
10.8299
7.0308
4.24341
2.94612
2.11344
0.684678
1.3974
4.10168
5.24478
4.76909
4.08215
3.59806
2.92272
2.79781
4.316
6.34736
6.82328
5.77089
4.61747
3.80928
2.06339
0.188902
-1.10542
-2.22957
-3.64964
-4.44264
-3.60376
-1.13973
-0.78432
-4.22892
-10.1223
-9.60479
-5.03033
-2.14609
-1.54019
-1.38243
-0.663061
0.458842
1.33715
0.654864
-1.82488
-3.64477
0.0528843
6.87508
2.54686
-1.2708
-2.28892
-2.53669
-3.86797
-5.23665
-2.9339
1.45966
3.06142
0.785854
-4.06443
-5.07379
-2.03676
0.126825
0.837431
0.355748
-0.898283
-2.13215
-2.82189
-2.26879
1.40962
5.23356
5.97074
3.65688
0.0521525
-0.910636
0.975699
1.59007
-0.551028
-2.35142
6.24973
17.8456
25.4622
29.0787
30.1811
31.4089
37.3643
47.2443
56.8888
64.9286
70.9003
74.3091
75.0499
73.1844
68.9623
62.6753
54.6913
47.0473
43.0144
39.7579
35.9946
33.2082
31.1957
28.4724
26.175
23.6722
19.7891
16.3615
16.3169
20.4503
25.7056
28.1829
27.0646
26.2453
27.5216
27.5056
24.2096
20.6918
18.078
12.6187
5.63619
1.20171
-0.506635
4.58183
8.10639
8.21962
5.6757
5.48088
9.45348
11.3613
9.5081
4.41094
0.932267
3.01853
4.90482
4.45206
2.39136
0.376897
-0.425243
-0.558719
-1.15202
-0.588752
1.69136
2.97455
2.28098
1.68569
4.26078
6.94248
7.23288
4.68999
0.965028
0.692214
2.69481
3.66991
3.16913
2.3957
2.04527
2.22274
2.60866
2.34817
1.72257
2.08676
4.18594
6.62602
7.15268
5.25578
3.22274
-1.68666
-6.04006
-7.98544
-7.61526
-6.56997
-5.78599
-3.42998
0.79757
3.42551
3.55067
1.97978
0.766064
0.318581
-0.0237843
0.516633
3.21689
5.07842
3.94967
0.138185
-3.04702
-2.71331
-2.3026
-2.65982
-2.41179
-1.44958
-1.54297
-2.38785
-3.35895
-3.05527
-1.8818
-0.814642
4.26321
15.6724
26.8743
33.9904
38.2477
41.4572
44.9617
48.3384
50.4305
50.8279
49.4712
46.7953
42.7582
36.971
28.3691
22.9035
21.2427
16.8002
14.0087
16.3394
19.4987
19.9505
19.1657
18.5005
19.0622
21.0844
24.6372
29.6147
34.5962
40.5402
46.0609
51.507
56.4895
60.2345
62.0043
61.6496
59.2961
55.1595
49.0766
40.9936
31.0852
21.5146
15.7391
17.9728
21.8156
23.0072
22.3478
22.5151
23.0461
21.0653
15.3895
6.8276
1.03365
-0.0820648
0.138283
-0.207565
-0.459265
1.27854
4.843
8.68673
11.4415
12.2398
10.7101
7.30771
5.56358
7.27323
8.16854
6.14694
1.84532
-2.41968
-5.72264
-6.30459
-4.99993
-2.21393
1.63283
4.32763
4.66411
2.98095
0.699489
-0.097742
2.0166
3.98605
3.83841
2.20069
2.74007
6.02561
7.98053
3.97339
7.41574
10.5602
10.8985
7.86037
2.89864
2.58108
5.67533
6.22278
3.346
-2.38624
-8.86298
-12.9971
-13.2109
-10.0693
-6.29399
-3.80215
-3.45569
-5.47983
-9.45712
-11.8948
-10.3737
-7.63971
-6.09099
-5.03157
-3.70747
-2.06943
-0.594331
0.840584
1.59236
1.58279
4.06391
8.75307
12.2361
13.8342
14.1458
14.5002
15.211
19.9141
25.1294
27.9261
28.9699
28.6472
26.8123
23.961
20.6993
19.9133
22.1276
23.0239
22.8594
22.981
23.7556
23.7079
22.2848
20.6353
20.0805
21.1166
24.227
28.5432
34.6421
41.372
48.3449
54.6566
59.7389
62.6964
63.26
61.5099
57.646
51.7529
43.7812
34.695
27.0623
20.515
15.2899
13.8211
14.7792
14.6084
13.8278
15.4522
17.8621
18.0122
15.1015
9.95969
4.72269
-0.794299
-5.83009
-6.10816
-1.77033
0.777154
1.26431
2.21173
4.60173
5.92582
4.89765
2.99839
3.17604
3.85392
2.09838
-1.74224
-4.20728
-3.70356
-2.79868
-1.81854
-0.906229
-1.19584
-2.32662
-2.44785
-2.08518
-0.575836
2.58296
4.65743
4.44624
2.41412
-0.413445
-3.34547
-2.63495
0.977739
3.21281
8.86252
6.00252
3.13394
0.952416
-2.42104
-3.73755
1.16476
5.42531
6.8727
5.49231
2.32078
-0.0369989
-1.3497
-3.7321
-8.20137
-10.3034
-7.03548
-4.78102
-5.09454
-4.11705
1.94691
7.12985
8.57872
6.22547
1.23011
-1.84256
-1.88635
-2.54383
-3.52434
-3.05534
1.46151
11.4054
21.237
28.8141
33.9749
37.0711
38.3985
38.1988
36.5554
33.7331
31.6162
31.1762
30.4886
28.2028
24.8575
20.976
17.0498
13.8976
10.003
7.21986
0.862441
-2.43019
-3.36625
-1.87266
-2.98385
-3.51307
-4.61469
-4.56052
-5.57218
-2.2741
-2.76034
4.0902
5.12259
11.1898
15.4926
18.2654
17.145
12.9901
8.41479
5.84158
2.08119
0.377816
-1.64141
0.906667
3.32088
4.83953
5.03396
5.49406
7.24284
9.05413
9.63465
9.17914
9.44994
11.4975
12.9764
12.0498
8.66151
4.96787
2.87453
1.59161
0.788092
0.927145
-0.0100717
-3.24464
-5.0477
-2.89485
-2.47074
-4.69755
-7.30383
-6.90179
-4.50568
-1.74486
-0.389738
-0.971854
-2.47935
-3.32819
-4.13807
-4.66706
-2.95477
-0.303517
0.424168
-1.63922
-5.31836
-6.43638
-5.01037
-5.4063
-6.8862
-7.5526
2.19388
3.80015
4.57443
3.66244
1.04397
-2.02574
-1.40038
0.584371
-0.373214
-4.8298
-7.86999
-1.68765
3.36622
4.29413
1.72734
-2.62171
-4.30252
-2.94667
-1.83462
-1.42925
-0.382826
0.430809
-0.884861
-4.40249
-7.31146
-7.05401
-4.57431
-1.90936
-0.0476427
1.42761
4.09497
7.96567
13.9394
23.8247
32.0135
36.6427
38.1063
36.8461
33.2148
27.8276
22.2251
18.8202
15.3073
12.5704
11.992
10.9773
11.1953
11.3832
9.60634
7.23093
4.00097
3.97002
5.82379
6.72465
5.78886
5.65975
8.08409
9.7877
8.91973
9.67037
14.361
20.2674
24.4064
30.4883
38.5759
46.1761
50.709
51.6581
48.8561
41.9753
30.6358
16.0447
5.60088
7.07371
12.9369
16.09
15.2382
10.8211
6.44943
6.62996
6.65797
3.99952
0.454515
0.66732
3.47305
4.56599
3.65255
1.07584
-2.5202
-3.37885
-1.66282
-1.17754
-3.56963
-7.66308
-7.48635
-3.60277
-1.82804
-2.2715
-2.23477
-0.877446
-0.25507
-1.08613
-1.70421
-1.46373
-1.6022
-2.71572
-3.53826
-2.90707
-2.67172
-5.07859
-7.27848
-3.7903
0.932692
3.05638
2.08604
-1.9164
-7.25711
-6.76637
4.895
4.59749
1.85833
-2.22482
-3.478
-2.23161
-1.94673
-2.96757
-4.92211
-7.30675
-6.76102
-2.25344
2.70047
6.1578
7.4535
6.44218
3.64787
0.374477
-2.14384
-3.49423
-3.95879
-4.71473
-5.61303
-4.71384
-2.72079
-1.69623
-1.42991
-0.335675
1.67589
3.47639
7.81998
15.2012
22.351
27.1603
28.6243
26.7459
21.7656
15.039
9.84872
9.91219
14.2383
17.4827
17.9384
17.0659
16.3271
14.8897
11.8278
6.99732
2.6906
2.79771
2.02275
2.65137
3.30117
3.73477
3.18482
2.52488
2.84235
3.53313
3.30819
3.69916
6.64174
10.5699
11.6434
17.7138
30.0313
40.7453
46.9266
48.652
46.075
38.8814
27.1083
13.8603
7.61568
7.75837
13.0004
16.4698
16.336
13.2832
10.1392
9.98052
9.92104
7.57228
3.25678
1.64676
4.38368
6.34611
6.53208
5.50972
3.91403
2.79601
2.95465
3.22749
2.43912
1.49709
0.855851
0.129521
0.136914
1.47822
3.70421
4.91978
3.89523
1.36991
-0.0753842
-0.020541
-0.781129
-2.34208
-4.62448
-7.66222
-10.5166
-10.6895
-7.74974
-4.52294
-2.35777
-0.706387
0.465397
0.0753318
-1.84491
-2.24689
-0.716881
1.34406
1.41867
0.111299
-0.847278
-1.31542
-3.19082
-6.50742
-8.8732
-8.50265
-6.04222
-3.66182
-2.04985
-1.94913
-3.6164
-5.86506
-5.79488
-4.69542
-4.90495
-4.46975
-2.94922
-3.02839
-5.92855
-9.59843
-10.5386
-10.2053
-7.73531
-2.07357
1.93958
3.30446
6.10371
14.337
24.7648
32.3303
35.9264
35.7736
32.8154
29.6106
28.6166
28.0397
26.2699
22.885
18.1075
12.0864
6.57952
2.48788
1.10877
-0.582607
-2.38271
-2.29741
-3.50138
0.558187
5.16136
7.37483
7.41573
6.46513
5.6258
5.76663
6.34929
6.21777
6.55629
9.00769
11.8004
16.0965
21.352
27.7256
33.5479
37.1111
37.3437
33.7141
25.5342
13.5756
4.59933
-1.21171
-5.55388
-5.90981
-4.08128
-2.99814
-3.47852
-3.68308
-2.41113
-0.740774
1.92021
4.49509
5.48042
5.20777
4.77104
4.04974
2.10135
-0.647892
-2.8792
-3.55636
-2.45218
-1.38405
-2.07079
-4.01578
-4.73199
-3.00803
-1.22896
-1.08069
-2.56828
-4.5228
-4.67314
-4.4512
-5.80324
-8.27982
-10.4243
-11.5442
-11.527
-10.0596
-8.67368
-8.06673
-6.77623
-5.25093
-5.34285
-7.64953
-11.622
-16.5751
3.47448
4.67025
3.08992
1.44036
1.53504
0.534455
-3.24188
-8.2415
-10.774
-10.7517
-9.02975
-6.38003
-4.25085
-3.46865
-4.45966
-6.55555
-7.85729
-5.97332
-2.78435
-0.423218
0.189278
-0.907985
-2.91625
-5.05336
-7.27704
-10.0853
-11.3759
-8.06139
-4.4073
-2.11646
3.86464
11.3531
16.5391
19.9128
22.5842
24.6212
25.3795
24.7427
22.7845
18.5859
11.6502
4.59322
2.2852
2.37375
3.13745
5.05389
7.15517
7.88062
7.79297
8.34921
7.45624
8.2502
9.41523
10.0844
10.164
10.0406
9.93158
10.2242
10.797
11.1572
11.7894
13.1749
14.4187
15.896
20.9018
29.4577
37.7627
43.1106
44.7297
42.4302
35.8923
25.1373
14.1086
7.654
3.928
2.01866
1.84712
0.681463
-1.97157
-4.08367
-4.52196
-3.96926
-3.77744
-3.82662
-4.03193
-3.42881
-1.64549
0.618872
2.10228
2.10897
0.847237
-1.26216
-4.4441
-9.0515
-13.7604
-14.26
-11.7603
-9.60989
-7.51231
-5.7301
-4.49149
-3.96576
-4.04671
-4.47635
-5.15148
-6.32871
-8.87928
-12.6901
-13.2032
-8.55813
-4.41485
-2.70831
-3.14343
-4.05305
-3.7591
-3.26699
-4.62365
-6.95765
-4.69161
-7.69781
-9.99769
-12.7703
-12.9154
-10.3219
-7.85238
-6.45725
-5.89345
-6.44492
-8.33285
-10.7751
-11.8813
-11.528
-11.5477
-12.4089
-12.9175
-12.1218
-10.657
-10.1939
-10.1673
-9.23282
-8.05692
-7.82822
-9.4847
-12.162
-14.6956
-14.9425
-12.3316
-7.00809
-0.472025
5.42818
8.83431
10.876
12.0604
11.7257
9.25227
4.99752
5.11413
8.3164
11.9733
14.8823
15.9054
14.719
11.7783
7.95027
4.2878
1.24758
-3.03793
-4.99143
-7.72352
-9.83407
-10.9855
-9.33648
-7.56206
-6.6415
-5.5175
-3.35025
-1.04922
0.74676
1.04172
0.706701
-1.00421
-1.34563
0.948792
5.74341
13.4904
21.357
27.3771
30.0446
28.8008
23.0617
12.1319
0.889455
-0.49768
0.202407
0.113834
0.7214
1.30461
0.613683
-1.19442
-2.8796
-4.0157
-4.90919
-5.02119
-3.83274
-2.51788
-2.30602
-1.43301
1.97875
4.89464
5.04264
2.11994
-2.91245
-7.21115
-8.80125
-9.06673
-7.36213
-5.80741
-6.37603
-8.93161
-11.7781
-11.6379
-10.3316
-10.3279
-9.99611
-8.29014
-7.52393
-8.58476
-7.30636
-3.35627
-1.57212
-3.12482
-6.584
-8.89747
-9.50287
-9.49536
-8.8036
-7.90684
-8.84383
-9.66522
-11.1831
-11.6889
-11.2559
-10.3667
-9.37067
-8.23549
-6.45956
-4.74207
-3.75414
-4.46398
-6.91095
-9.73736
-10.8011
-10.293
-9.54254
-9.25123
-10.026
-11.6854
-12.4962
-8.96684
-4.95072
-3.78929
-6.47883
-12.5315
-17.1801
-15.4627
-11.2699
-4.12742
4.20499
9.40744
11.4407
12.0627
12.0907
10.8306
7.78855
5.3433
5.92168
5.01866
1.70702
-3.86775
-5.66534
-3.79278
-4.59125
-4.15244
-1.44611
0.17846
1.85703
1.63717
1.91157
1.03751
0.535225
3.60721
6.60417
6.77509
4.81505
3.86131
4.77586
4.01688
2.32325
1.66102
4.86208
9.12333
15.5255
23.0381
28.3732
30.3442
28.8989
24.273
17.174
8.64229
-0.85893
-4.58038
-2.59734
0.44085
3.23898
4.60677
4.74971
4.92025
4.9753
3.62386
0.999141
-0.468278
0.835477
3.30581
5.59932
6.77858
6.41834
4.85402
2.51762
0.0793403
-1.99582
-2.54218
-2.47288
-3.51786
-5.68022
-7.7388
-8.38598
-8.30425
-7.44972
-5.62231
-4.51758
-4.98992
-6.67723
-7.70102
-7.38328
-6.94098
-6.30263
-4.43894
-2.81613
-3.47834
-5.98291
-6.26059
-3.68628
-2.83752
-5.16433
-7.55925
-10.3949
-14.4732
-13.7193
-9.61793
-6.78199
-5.34202
-4.73484
-4.22231
-3.28071
-1.83894
0.169465
2.02875
2.25716
0.0533987
-3.81221
-6.289
-6.10396
-4.44813
-2.31403
-1.14818
-2.37034
-6.26302
-10.7155
-11.7353
-11.594
-12.5227
-12.7998
-10.2567
-7.85947
-6.21318
-3.45814
-0.397301
0.643002
-1.12394
-2.66535
-2.41316
-2.20948
-1.00201
1.17671
2.68125
3.01363
3.21478
3.36155
4.16792
4.01956
3.04617
0.952554
-0.909061
0.424261
0.0027422
0.605742
1.67292
2.32719
1.00864
-1.78758
-4.5458
-6.12943
-6.01412
-4.30146
-3.95799
-4.17067
-6.46029
-7.39653
-5.97117
-2.76771
2.67443
8.37934
12.9782
15.0174
13.989
10.5741
6.57398
7.29234
13.6332
18.3034
18.7619
14.6729
5.77931
-4.11208
-0.906321
6.87064
11.5953
12.6026
9.7913
3.19285
-4.71537
-6.59384
-4.73986
-3.18304
-1.93827
-1.10754
-1.32103
-2.43257
-4.29344
-6.14461
-7.44348
-8.00145
-8.7815
-9.4628
-8.33714
-6.62211
-5.58184
-4.41377
-2.59284
-1.53477
-1.56717
-1.94024
-2.89014
-4.31052
-3.27697
-0.885926
-0.724589
-2.93919
-4.78558
-5.10274
-6.85071
-11.1918
-13.0562
-13.6695
-13.9222
-12.0504
-7.97047
-4.28392
-3.01884
-4.09511
-5.88193
-6.40695
-5.87326
-5.84356
-6.37997
-5.81569
-4.06942
-3.05071
-2.78284
-1.71758
-0.770449
-1.63632
-4.08223
-6.15627
-6.68652
-7.13739
-8.28293
-10.6975
-12.1398
-12.5067
-12.7427
-11.3357
-6.81427
-1.53053
1.70035
2.28141
0.829307
-0.676225
0.158946
0.893571
2.2547
3.11111
2.69964
0.65954
-3.45565
-8.71068
-11.1203
-7.66256
-4.18412
-3.41557
-5.60169
-5.35138
-6.36324
-6.10224
-5.52992
-4.94582
-5.05767
-6.61108
-9.29605
-12.5272
-13.7463
-13.3903
-10.9211
-6.81616
-3.83672
0.00271723
2.35854
4.38926
7.49251
10.7484
12.1647
11.0549
7.62571
3.20934
0.358591
4.45025
15.0868
22.3927
24.9977
23.1874
17.0076
7.87391
3.74971
7.10237
10.595
11.5658
9.33809
4.02022
-2.32858
-5.02851
-3.9859
-2.50537
-3.13184
-6.74289
-12.4434
-16.6721
-16.5175
-14.1861
-12.8637
-11.9985
-10.0142
-8.53198
-8.98527
-10.6791
-11.0265
-10.9529
-11.8588
-10.6464
-7.28207
-5.93983
-7.36762
-9.28986
-7.96008
-6.20636
-6.45434
-7.89537
-8.15338
-6.77471
-6.34651
-7.50491
-5.06865
-8.26127
-8.5778
-6.52217
-5.34115
-6.33015
-8.58153
-10.2699
-10.5493
-8.97734
-6.34989
-5.14782
-6.16729
-7.95543
-8.99857
-10.1616
-11.6771
-11.4903
-10.4118
-10.6326
-11.2013
-9.74858
-6.88442
-5.06181
-5.57362
-7.99637
-10.6596
-12.1721
-13.3263
-13.8903
-12.3556
-8.40331
-3.29647
-0.410915
-0.305999
-2.4167
-3.82263
-5.03912
-5.24514
-5.71991
-6.35363
-7.48195
-10.5529
-15.5581
-15.5218
-10.4577
-3.51144
-0.546349
-1.45345
-3.72677
-9.09785
-8.47053
-4.98437
-4.08594
-5.85781
-7.98402
-8.65131
-9.65276
-11.1942
-11.8185
-12.6872
-10.6106
-10.0821
-7.3704
-4.56243
-2.33748
-1.07679
-1.05254
-2.4524
-4.32716
-6.70301
-7.90021
-5.64391
-2.14886
2.05391
8.20462
13.3742
15.5129
14.2861
10.2616
5.63372
3.68198
3.47738
2.7859
1.5337
0.0114979
-1.7916
-3.71929
-4.61187
-4.22644
-3.89223
-4.04305
-5.29041
-8.80422
-14.6328
-18.5336
-15.3418
-10.5246
-8.05922
-8.43323
-10.5189
-12.0425
-11.0515
-8.1889
-4.84301
-2.36418
-1.37784
-2.63925
-6.28664
-9.73199
-9.48762
-7.31747
-4.97109
-2.92018
-1.87731
-1.94783
-2.78079
-3.76769
-5.18445
-6.48313
-7.00652
-5.90682
-5.84969
-8.5568
-13.1667
-14.4324
-8.50453
-2.03275
1.26391
1.18183
-1.82833
-6.2751
-9.64589
-11.2518
-12.6621
-13.5396
-12.0913
-8.59141
-6.1723
-6.37339
-9.41779
-13.181
-13.658
-12.7564
-11.7939
-10.4323
-9.59637
-9.41128
-7.44807
-2.46931
2.02494
4.69488
4.76845
2.23848
-2.64238
-7.24232
-8.21415
-6.68904
-6.09638
-5.10133
-5.15505
-6.17558
-6.07292
-4.07971
-1.2122
-1.11522
-3.4819
-4.93461
-6.53034
-5.4038
-5.13578
-7.50445
-11.6013
-14.1485
-10.3691
-5.18508
-0.992942
0.338665
-1.53979
-5.4198
-9.94166
-7.06993
-2.85654
-0.294141
0.655852
0.708912
-0.502461
-3.53389
-7.03669
-8.34116
-5.68123
-1.72303
1.95189
4.86987
6.31645
5.97707
4.43402
3.15205
2.37011
0.96603
-1.47432
-3.95756
-4.21405
-2.53151
-1.5041
-2.30612
-4.99126
-6.52236
-4.1052
-1.48429
-1.39488
-4.11619
-8.32396
-10.2084
-8.15329
-4.44907
-2.91971
-4.72156
-8.38761
-9.56812
-8.76484
-8.06746
-6.36457
-4.65751
-4.72973
-6.04672
-6.99867
-7.16216
-6.16621
-4.04197
-2.12421
-1.89985
-3.22911
-3.68304
-3.00957
-3.84719
-13.1279
-14.6544
-15.4313
-14.4441
-12.7635
-11.3542
-10.5063
-10.3643
-7.89062
-3.56373
-1.33397
-2.51816
-6.23557
-9.35783
-10.6149
-12.118
-12.8992
-11.2012
-8.38463
-5.69208
-3.67459
-2.10153
-0.990854
-1.19638
-2.63945
-3.98796
-4.82116
-6.64231
-9.44689
-10.9621
-7.47738
-0.43991
4.09028
4.6613
1.22498
-5.42227
-11.059
-12.8908
-11.0178
-8.74714
-7.61373
-6.40907
-6.06366
-7.43711
-6.75414
-5.8882
-3.91873
-2.87651
-2.94329
-2.27324
-3.0511
-2.43041
-2.88934
-5.30246
-8.40697
-8.74375
-8.12647
-8.72221
-9.83815
-10.3013
-10.925
-9.58084
-7.68895
-4.87694
-3.22545
-1.38457
1.13866
2.40205
0.870569
-3.58284
-8.87302
-11.0539
-11.3488
-9.11346
-3.42009
0.7889
1.93493
0.0959783
-4.11772
-8.36994
-9.0818
-7.92308
-5.67583
-4.1164
-4.55052
-6.96746
-9.4607
-10.6919
-12.3562
-13.3942
-11.7684
-9.57926
-7.79003
-5.87732
-4.24702
-3.65465
-4.22175
-4.76573
-4.69253
-4.74731
-5.62975
-6.53354
-6.38389
-6.06935
-6.66457
-8.41789
-10.314
-11.8695
-13.141
-12.1009
-8.88085
-5.78125
-4.32394
-5.14408
-7.55569
-8.94664
-7.57369
-5.56863
-15.2752
-13.9725
-11.4616
-9.46849
-8.52325
-8.1366
-7.15413
-5.52392
-4.28602
-3.72682
-3.72918
-4.72433
-6.18619
-6.99088
-7.87199
-9.81953
-10.9827
-10.6011
-10.8397
-12.9505
-14.3989
-12.1095
-8.46228
-6.25452
-6.11712
-7.66187
-7.058
-3.39521
-0.217004
0.403108
-1.23488
-2.74981
-2.69814
-2.77908
-4.44763
-5.33035
-5.30448
-7.08645
-9.52774
-10.2668
-11.4147
-12.3693
-14.586
-17.5358
-15.0323
-9.07095
-4.50605
-3.83903
-6.5999
-7.52394
-7.17497
-5.07026
-4.06743
-5.17773
-6.71256
-5.85215
-3.79385
-3.63676
-5.58308
-8.17455
-9.15138
-9.56843
-10.006
-7.80315
-4.70278
0.568686
6.23206
8.97235
7.70918
2.20542
-6.14725
-11.3892
-9.82913
-0.876542
9.85225
15.3507
16.0161
11.9951
3.06946
-6.96248
-7.46994
-3.18732
-0.321266
0.438288
-0.707443
-3.21828
-6.52018
-10.5284
-14.6122
-16.1129
-13.0043
-7.42417
-3.63828
-3.1838
-6.0591
-10.8012
-13.7594
-11.1671
-5.26159
-1.23123
-0.573309
-2.75295
-5.799
-7.81097
-8.48973
-6.35394
-3.21729
-2.42054
-4.53002
-8.04056
-9.6994
-8.94522
-7.54873
-6.37495
-5.5826
-5.715
-6.98998
-8.61471
-11.629
-13.8986
-10.5954
-5.23838
-2.10657
-1.53987
-2.19006
-2.99635
-4.2844
-6.25484
-7.34535
-6.2564
-4.28764
-3.35021
-4.05729
-5.68778
-7.52126
-10.0687
-12.702
-13.2851
-12.9761
-12.9394
-12.5815
-10.3994
-7.633
-6.68837
-7.49532
-7.60371
-5.54954
-3.93322
-3.22767
-2.28673
-1.55946
-2.21605
-3.38602
-2.27384
-0.737359
-2.17395
-5.62039
-7.90201
-6.14209
-3.6283
-2.30511
-4.07116
-8.81671
-12.6436
-7.94561
-6.15957
-6.67828
-6.45331
-7.75041
-6.9661
-5.60494
-4.18381
-2.84715
-2.59278
-3.46047
-4.24458
-4.23523
-4.20276
-4.96325
-6.70202
-9.30251
-10.2995
-9.83771
-5.56432
-1.87155
-0.763494
-2.59137
-6.49379
-10.275
-11.2572
-9.07165
-1.99789
6.41714
11.3492
12.1378
9.09819
3.25805
-2.00319
-4.7356
-6.21519
-7.12113
-8.34029
-9.85166
-11.3003
-13.0033
-15.0664
-14.7254
-11.6496
-9.28807
-8.43893
-8.205
-6.80521
-4.63567
-3.78914
-5.58535
-9.27438
-12.1232
-12.1944
-10.1917
-7.83951
-6.33222
-5.4868
-5.07797
-5.03323
-5.71854
-6.66416
-7.63589
-8.85921
-9.43876
-7.56292
-5.30629
-5.24732
-7.79266
-11.2045
-12.6899
-13.4274
-9.53305
-13.7169
-16.1525
-12.149
-8.49698
-7.70089
-9.12334
-11.2196
-11.8146
-10.319
-9.14387
-10.5371
-14.544
-18.4129
-17.0504
-13.1962
-10.5974
-9.78784
-9.8623
-10.2323
-11.4116
-13.4316
-14.6302
-13.3072
-11.1441
-10.5301
-12.3841
-14.7821
-14.1259
-12.0196
-11.0787
-9.98948
-7.1864
-3.54779
-1.33409
-0.47697
-1.37288
-4.68206
-8.90424
-11.0933
-10.5944
-9.10188
-8.56886
-10.4953
-13.8077
-15.5422
-11.8994
-9.67506
-9.56747
-9.32748
-11.7847
-11.3863
-10.1933
-9.52298
-9.20378
-7.64693
-6.0033
-5.6593
-7.03128
-9.55199
-12.1742
-12.3784
-12.0301
-8.40968
-3.82016
-0.0229527
1.12674
-0.418932
-4.14004
-9.14031
-15.2762
-18.1652
-12.1064
-0.0162379
9.15398
13.3813
13.1839
9.02842
2.14226
-4.46539
-11.0216
-14.4079
-11.8432
-9.13306
-8.22616
-9.35175
-11.3515
-11.7009
-8.47091
-5.30501
-4.42373
-6.15324
-9.11956
-10.4879
-10.4508
-10.7174
-11.5753
-12.6972
-14.3886
-16.4349
-14.6559
-10.3861
-8.12944
-8.26255
-8.14813
-6.70822
-6.20943
-7.60144
-8.59361
-7.20554
-5.9485
-6.38633
-8.18809
-9.92589
-10.5474
-8.32195
-4.65909
-2.92287
-6.17569
-6.17614
-7.47678
-9.37036
-8.02769
-5.34487
-5.03475
-7.77009
-11.8862
-12.5342
-10.0242
-7.69413
-6.21226
-5.75066
-6.52155
-8.0814
-10.0763
-12.7936
-16.0846
-19.061
-21.3056
-22.6218
-22.1389
-21.906
-18.9753
-15.2682
-13.8804
-15.0903
-16.0297
-13.96
-11.2013
-9.18338
-7.32362
-5.62309
-3.24836
-0.888615
0.114486
-1.65215
-4.66828
-6.52385
-6.93678
-6.46233
-5.11737
-4.36893
-4.76475
-7.20932
-9.30894
-8.90648
-8.43231
-6.50131
-7.58222
-9.32451
-12.2284
-14.2338
-14.3719
-12.8733
-10.0655
-7.85991
-7.06863
-7.05438
-7.09915
-6.67794
-6.6961
-6.08998
-3.77767
-1.22158
-1.00795
-3.67755
-7.33533
-8.08221
-7.22482
-7.47007
-7.19546
-4.37554
-0.188481
2.26188
1.71226
-1.91783
-7.46414
-12.0004
-13.7915
-11.3069
-8.38628
-7.76996
-9.03892
-10.8385
-11.5463
-9.07434
-5.79138
-4.42071
-5.44918
-7.67805
-9.0247
-8.46652
-7.12586
-6.96475
-9.03188
-11.415
-10.4454
-8.11195
-7.30606
-7.84454
-7.42931
-5.16208
-2.80393
-1.97075
-3.34365
-6.94428
-10.4034
-9.28439
-6.90435
-7.14881
-10.6474
-15.6409
-17.6699
-16.0705
-13.5652
-12.1116
-2.39581
-3.25424
-7.38649
-12.5892
-12.5269
-9.51188
-7.23884
-6.58569
-7.55433
-9.47454
-10.6774
-10.675
-10.6402
-10.8781
-11.2248
-10.6112
-9.08672
-8.10975
-9.15107
-12.3684
-16.1364
-18.1653
-19.0545
-19.4521
-15.0541
-9.39396
-6.98456
-7.79673
-9.61861
-9.50539
-9.14214
-10.6939
-11.4287
-9.13762
-7.57452
-8.40551
-10.59
-12.9355
-11.0665
-8.86256
-8.38178
-9.47323
-11.1647
-12.2671
-12.1638
-11.2106
-8.48996
-6.84885
-7.19402
-7.34481
-10.2773
-12.0089
-13.3706
-13.6246
-12.7676
-11.5711
-11.6234
-12.846
-12.7215
-9.84134
-7.40069
-6.78339
-8.36332
-9.27609
-9.40895
-9.45133
-9.59869
-9.02368
-9.11753
-11.2372
-14.8335
-15.4011
-12.6297
-8.88964
-4.37866
-1.68994
-2.22953
-6.04178
-10.9165
-11.9892
-11.4862
-11.5629
-12.496
-12.7738
-12.0185
-12.2638
-12.6359
-11.1095
-9.48686
-9.6162
-10.4988
-10.845
-11.7172
-13.6674
-14.1661
-12.302
-11.3299
-11.8876
-10.9169
-8.05431
-6.50415
-7.49115
-10.6074
-14.379
-17.1204
-18.268
-18.5114
-18.2787
-17.4877
-16.5
-15.4442
-14.108
-12.527
-11.5965
-12.0919
-14.0466
-15.0309
-12.3097
-12.3206
-12.808
-14.1423
-16.7195
-17.9036
-17.1771
-15.4604
-12.5433
-9.71379
-8.98024
-10.8846
-14.9442
-18.8776
-19.8596
-19.24
-16.9355
-14.0478
-12.9225
-14.2612
-16.5752
-16.7465
-14.78
-12.83
-11.3028
-8.12078
-4.6426
-3.28368
-4.96336
-8.81404
-12.3692
-14.449
-15.7079
-12.7419
-6.46364
-2.94452
-2.3059
-4.51597
-8.36692
-10.6181
-9.54695
-9.19921
-10.4425
-11.3163
-11.1665
-10.0038
-8.90026
-6.64252
-6.13197
-8.34039
-9.63804
-11.0242
-10.3925
-10.6066
-13.04
-17.6443
-22.5792
-22.7509
-17.287
-12.3776
-8.89109
-6.64009
-4.95618
-4.39376
-4.43373
-5.0264
-6.22337
-7.54534
-8.31161
-8.75348
-9.79887
-11.379
-11.8005
-9.36922
-5.22774
-1.92213
-1.16661
-3.60802
-9.1119
-13.0408
-10.7538
-7.70548
-6.79456
-8.11254
-11.1522
-13.4411
-12.819
-10.7894
-8.98399
-7.84338
-7.62527
-8.56368
-10.465
-12.6034
-14.291
-14.8329
-13.807
-13.2297
-13.1359
-13.0146
-12.4293
-12.2233
-13.1844
-15.067
-16.1219
-15.1754
-13.5254
-13.232
-14.2879
-15.3341
-15.548
-14.9926
-14.0835
-13.3508
-13.5086
-14.5157
-15.004
-13.5389
-11.1255
-12.1202
-12.907
-14.2942
-14.8136
-13.9027
-13.8743
-14.8415
-14.3399
-13.0252
-13.6184
-16.2317
-18.6928
-19.7291
-19.7111
-18.4203
-17.1385
-17.1186
-17.1317
-15.2847
-12.2779
-10.1782
-9.51533
-9.78579
-10.7423
-11.7011
-12.2667
-12.9394
-14.7083
-16.7295
-16.9029
-16.3948
-16.2842
-14.1792
-8.37911
-3.0346
0.366867
2.33094
2.71741
1.77572
-0.339463
0.533789
4.75348
7.29995
6.65757
3.63963
0.203277
-1.36061
-3.70609
-7.0802
-9.15679
-9.70532
-8.05044
-5.06635
-3.17804
-3.59729
-5.81779
-6.75902
-4.6645
-2.24479
-0.210675
1.44829
2.55362
2.81622
3.15083
3.64831
3.129
0.453817
-4.01739
-7.51609
-7.4349
-6.44696
-6.478
-6.27245
-0.842302
6.73857
10.6172
10.2411
5.95
-0.396892
-3.73596
-5.43712
-7.98405
-11.3051
-11.6704
-8.33024
-6.10897
-6.58969
-8.96692
-11.073
-11.7292
-11.7436
-11.0258
-9.86391
-9.32538
-10.3025
-12.1836
-13.5081
-13.3806
-11.8611
-10.6004
-9.48599
-7.86608
-6.42691
-6.79635
-9.14343
-11.8232
-12.3148
-10.5111
-9.06909
-9.91283
-12.265
-11.7362
-8.41514
-6.81685
-7.8011
-9.95881
-11.3363
-11.4967
-7.59267
-11.9822
-17.7233
-16.9511
-12.6649
-11.3864
-12.9107
-13.9557
-13.2288
-14.025
-16.7048
-16.9933
-14.9201
-14.3768
-15.703
-15.7303
-13.8063
-12.9257
-13.5573
-13.1103
-10.3682
-8.58026
-8.9839
-10.6346
-11.1423
-10.709
-11.4008
-12.9159
-12.517
-11.3617
-11.7581
-12.7685
-12.4872
-12.4284
-12.2469
-10.9383
-8.23216
-5.89254
-2.9652
1.12614
5.56656
9.23776
10.4952
8.58651
4.18776
0.925116
2.33475
4.3403
4.87467
5.84217
7.31537
8.22088
8.32374
8.59948
9.78114
11.6221
13.3732
14.2933
14.1643
13.5757
13.369
13.536
13.2167
12.0624
10.3686
8.0238
4.2809
-0.204134
-2.62941
-3.41821
-5.16314
-7.69611
-7.36451
-1.17115
6.90919
11.3139
11.3952
7.15479
-0.637156
-6.02589
-6.0177
-5.19968
-2.53866
1.67778
3.86569
2.67062
-1.44414
-5.89824
-8.52074
-11.7125
-15.0319
-16.2094
-16.4652
-16.478
-14.9259
-12.9048
-11.9396
-11.0028
-9.98185
-9.60552
-9.99941
-10.8266
-12.3361
-14.1415
-15.1711
-15.1829
-13.4625
-9.05862
-5.37023
-5.02658
-7.86219
-10.9781
-10.6757
-10.348
-11.4448
-11.0178
-7.16667
-4.09668
-8.17046
-13.5682
-19.9915
-21.9799
-19.1261
-16.4919
-16.0973
-15.909
-14.8502
-15.0091
-17.167
-17.3775
-14.5347
-13.2128
-14.8843
-18.6427
-20.2381
-17.9496
-14.9939
-12.6413
-10.6331
-9.37968
-8.68758
-8.12482
-8.10233
-9.22634
-11.3429
-13.5447
-15.3128
-16.9546
-18.0058
-16.588
-13.3303
-11.0461
-10.2762
-8.3523
-5.92644
-5.36227
-5.05048
-3.57818
-1.77144
1.21413
3.90933
4.74406
3.98783
3.20444
5.09468
7.88436
9.99583
12.0642
14.1728
15.2726
15.6603
16.2422
16.7627
16.5662
16.8294
18.5286
20.4984
21.491
21.1481
19.6865
17.4281
14.78
12.1399
9.59565
6.34426
1.26231
-4.30701
-6.52343
-6.59196
-7.52087
-9.24354
-7.81578
-2.446
1.42881
2.18199
0.332786
-2.95184
-6.23972
-7.77386
-4.02998
2.49082
7.63785
9.54914
8.07108
4.7688
3.19711
2.68135
-0.384091
-5.78963
-8.93235
-8.89831
-9.1281
-9.52151
-9.00873
-7.76412
-4.93988
-2.86281
-3.32158
-5.84288
-8.52221
-10.3038
-12.0759
-13.5165
-15.2454
-18.5348
-20.8543
-19.7203
-19.3401
-18.9262
-16.406
-13.477
-12.4942
-13.8942
-16.0684
-15.8364
-13.6754
-5.58197
-9.94604
-14.7333
-18.8649
-21.7044
-19.7008
-15.8279
-13.4697
-12.6706
-13.0194
-14.5721
-17.1218
-18.4652
-17.4624
-15.513
-13.0805
-11.5972
-11.7808
-13.1369
-14.1426
-14.6874
-14.2639
-12.473
-11.4962
-12.0221
-13.3854
-13.9203
-13.4834
-13.0005
-13.0836
-13.0335
-12.3432
-11.9434
-13.1867
-14.7218
-13.7348
-10.9533
-9.85533
-6.43104
-2.18351
0.085488
1.31423
2.51212
2.65607
0.878054
-0.256417
3.62295
7.76106
9.95729
10.2821
9.39193
9.09282
9.78378
11.8323
14.3891
16.2409
17.1463
18.3195
19.904
20.7341
20.2195
18.6478
16.4123
13.6602
11.0298
9.02188
6.42473
1.68607
-4.13179
-6.50572
-6.88218
-8.15908
-8.84656
-4.78456
2.87184
7.39995
7.94421
4.74073
-1.48268
-8.49999
-13.8185
-13.0814
-8.42123
-3.95841
-1.61902
-1.46225
-1.77627
-1.33373
-1.81879
-4.7245
-8.83452
-10.3544
-10.2038
-11.5274
-13.7135
-13.7827
-12.4822
-11.9468
-12.0979
-12.3273
-10.6653
-8.32516
-7.95615
-10.8553
-16.1144
-18.4616
-17.3231
-16.9305
-17.4293
-17.0127
-15.0258
-12.8664
-11.9808
-13.3552
-17.1195
-21.5376
-21.8835
-18.5962
-14.8225
-16.4832
-17.0091
-18.0174
-19.3378
-17.8372
-14.485
-12.3357
-11.8865
-12.3751
-12.5632
-12.073
-12.1788
-14.1849
-17.0949
-16.5039
-12.9994
-10.6901
-9.17214
-8.42673
-8.96889
-10.1074
-10.0723
-10.2354
-11.8434
-12.6545
-11.6373
-11.6366
-12.9248
-13.0562
-9.93723
-6.57595
-5.47437
-7.19894
-11.0534
-11.5332
-8.65009
-6.62994
-5.44206
-4.56308
-4.10924
-3.76875
-2.82018
-2.67229
-2.79469
-2.92448
-0.862347
2.40482
4.38269
4.49454
2.84409
1.71644
1.98633
2.65713
2.76578
2.38136
3.06742
6.39855
10.2828
13.213
14.6505
14.999
14.2707
12.7045
11.0736
9.91707
8.15109
4.30631
-1.38089
-6.13667
-8.16501
-9.76359
-7.58164
5.24232
17.3801
23.4968
24.5606
20.8385
12.0493
1.18261
-3.12559
-5.18143
-7.96952
-7.34358
-5.3299
-5.57701
-6.40046
-4.34437
-2.04491
-1.75332
-3.32551
-6.0708
-9.81122
-13.5443
-15.8085
-17.63
-18.3364
-15.3253
-12.4956
-12.0954
-12.8822
-12.7621
-12.0828
-13.0061
-15.133
-16.5104
-16.0278
-13.0128
-9.07193
-7.38877
-9.11801
-13.6767
-17.6093
-18.8904
-19.3703
-18.8388
-17.6265
-15.5968
-16.0987
-17.442
-19.649
-22.1154
-22.1723
-19.8573
-17.4622
-16.2467
-16.2044
-17.4784
-19.3579
-19.5599
-17.7089
-16.7702
-18.1351
-21.413
-22.2486
-18.0355
-13.7854
-11.8555
-12.1936
-13.5867
-14.1548
-14.2905
-15.422
-15.2899
-12.6048
-10.9344
-11.7722
-13.031
-10.9084
-7.33206
-5.3999
-6.05781
-8.82191
-10.6506
-9.88148
-8.08097
-5.44009
-2.57676
-1.1119
-0.0709962
0.486611
-0.966562
-4.4098
-6.82923
-5.00038
-1.80312
-0.23643
0.53382
0.465252
1.19594
2.0712
2.38307
2.2562
2.30412
2.84923
4.56465
7.4117
10.1924
11.9734
13.0908
13.7818
13.6404
11.9373
8.00015
1.6859
-6.11827
-10.2425
-8.89919
-7.13692
-7.52468
-7.19145
4.05714
16.5829
23.0775
24.3771
20.8054
12.0732
1.79793
-0.465721
-1.62492
-5.46168
-9.32995
-8.33856
-5.59103
-3.08192
-1.12158
-0.640865
-2.17219
-5.30921
-8.95849
-12.6975
-15.8465
-15.6415
-14.1258
-12.8882
-11.7735
-11.5783
-13.3445
-15.5672
-15.7737
-15.0064
-14.922
-15.9279
-17.8368
-19.6042
-18.0741
-14.5371
-12.1609
-11.9467
-13.6121
-15.5505
-15.7353
-14.4193
-13.1735
-12.4036
-11.9438
-3.7408
-6.35976
-10.7688
-13.0835
-12.0223
-10.017
-8.80911
-9.6943
-12.077
-12.9211
-12.1504
-12.7598
-15.582
-19.0403
-19.7133
-18.0622
-16.7412
-15.2382
-12.5279
-10.9922
-11.9783
-14.5957
-15.2903
-13.3886
-12.2876
-12.9512
-13.9134
-13.955
-13.5758
-11.9358
-8.58363
-5.40632
-3.73188
-3.22901
-3.53376
-4.38035
-5.20195
-4.28368
-1.39672
0.842029
1.58954
1.80542
2.40149
2.4098
1.64654
0.437118
1.4042
4.33422
7.15312
8.60482
8.31918
7.13887
6.77695
8.13053
10.264
12.0509
13.0687
14.0161
15.9052
18.0672
19.5209
19.8298
18.4844
14.7142
7.79074
-2.06118
-10.3157
-12.2441
-10.0978
-8.63309
-9.16669
-10.7945
-9.27138
0.0348495
10.1898
15.3679
15.7511
11.4958
2.89966
-4.52211
-5.1274
-3.56904
-2.79397
-2.00084
0.350718
2.78532
3.1841
1.4262
-1.19479
-2.64266
-2.52468
-2.83392
-4.84072
-8.27008
-11.4336
-13.3923
-14.5325
-15.6038
-17.3981
-18.728
-16.3549
-13.0909
-11.863
-13.4286
-16.9451
-20.0192
-20.5776
-17.547
-13.7644
-12.4635
-13.8434
-15.7671
-15.1461
-13.6291
-13.8848
-15.3465
-14.8205
-12.5003
-10.3278
-9.56061
-10.7538
-12.1464
-12.4145
-12.6776
-13.607
-14.0104
-12.419
-10.0692
-9.00875
-10.2134
-13.3367
-15.5522
-15.0461
-14.7042
-15.975
-17.3672
-16.9315
-16.0265
-16.0779
-16.8484
-17.7338
-18.9459
-19.9068
-20.5384
-20.7107
-19.9147
-17.1834
-14.168
-12.4792
-11.6595
-9.40319
-6.37879
-5.00058
-5.0838
-4.96628
-5.12526
-3.68364
-0.137519
4.26678
7.70333
8.88038
7.51168
4.6588
2.55868
2.98137
4.67785
6.00897
7.02935
8.13468
9.77983
11.8984
15.1284
18.6524
21.1667
22.2436
22.8186
23.728
24.6292
24.855
23.9881
21.5606
16.8111
9.21325
-0.7944
-9.61293
-12.6144
-12.0627
-11.2128
-11.9309
-14.2817
-16.0993
-10.3744
-0.0471829
6.0602
7.36844
4.25985
-2.32106
-6.78708
-4.98674
-0.604782
5.25338
10.9171
14.3518
14.573
11.4592
6.20545
3.15019
3.6134
3.8302
2.36064
-1.06185
-5.99561
-10.4201
-12.3459
-13.4126
-14.7623
-16.8294
-19.4708
-20.9811
-19.446
-16.5429
-14.9346
-15.6641
-18.2477
-19.8646
-17.6212
-15.2274
-14.8794
-16.1433
-16.5512
-14.4396
-12.3964
-12.3768
-14.1548
-15.9017
-16.5231
-15.5415
-17.3319
-20.2336
-23.8098
-22.8149
-18.1748
-14.4402
-12.6539
-12.5246
-13.4815
-14.5761
-15.1008
-15.452
-16.0903
-16.5397
-15.8121
-14.5712
-13.2447
-12.0614
-12.0455
-13.3941
-14.2602
-13.6642
-13.3198
-13.6393
-14.4829
-14.676
-13.5278
-11.5577
-9.90706
-9.05002
-9.02597
-8.7793
-6.56046
-4.33821
-3.03669
-2.90523
-4.07581
-4.66147
-2.30627
2.78856
7.68427
10.2239
10.1086
7.7308
4.22855
2.34125
3.07239
5.04555
6.22307
5.98906
6.45131
7.95861
9.5776
10.1188
9.09594
6.9886
5.1965
4.20168
3.18597
1.911
0.558454
-1.76526
-5.87066
-10.4966
-11.9163
-12.3391
-14.4992
-17.5946
-19.2027
-18.5074
-17.4743
-16.593
-13.6689
-8.00674
-4.4802
-4.83742
-9.11081
-15.506
-15.7582
-8.74614
-2.51934
1.15215
2.39993
1.25923
-1.95596
-4.1023
-1.81749
0.210809
-0.0385205
-1.64289
-3.58809
-6.1041
-8.63104
-9.83424
-10.9916
-13.8162
-16.9679
-17.9154
-17.0927
-15.9961
-15.353
-14.894
-14.5315
-14.8352
-15.9739
-16.4946
-16.2266
-16.4418
-16.9649
-16.625
-15.3797
-14.2976
-14.5067
-16.5432
-19.253
-20.0687
-19.2256
-19.2973
-18.8052
-18.5507
-19.9221
-22.6549
-24.6889
-22.277
-17.5391
-14.4896
-14.0492
-15.8758
-18.656
-18.9766
-16.0953
-13.3897
-12.0522
-11.3345
-10.8876
-11.1802
-12.3437
-13.8418
-15.2668
-15.875
-15.5835
-15.1544
-15.2053
-14.6937
-14.007
-13.4423
-12.1377
-10.7632
-11.1016
-12.6303
-13.0469
-12.6349
-12.8619
-12.7413
-12.1284
-10.5638
-9.34868
-8.47858
-6.56259
-5.00632
-6.15144
-9.37093
-12.4158
-9.20352
-4.56746
-1.33089
0.0699013
-1.50383
-3.16817
-2.62176
-0.638212
0.317767
-0.546906
-2.82096
-4.95087
-5.83147
-5.91147
-6.97364
-8.82148
-10.6169
-11.3314
-12.9357
-15.5758
-19.0432
-21.9235
-23.1752
-21.5067
-19.1343
-18.8394
-20.8768
-21.3467
-15.7656
-11.1187
-9.89753
-12.0028
-15.6306
-16.2005
-11.0481
-5.15069
-1.64619
-1.02328
-3.05464
-6.67632
-9.42899
-9.7659
-8.78857
-8.10452
-8.83849
-11.2266
-14.1882
-16.4271
-18.5087
-18.9856
-17.1166
-14.8326
-14.0654
-14.5089
-15.6449
-17.7215
-20.001
-21.0908
-20.8591
-20.058
-19.3966
-19.136
-18.5565
-17.1148
-15.453
-14.8801
-15.5707
-16.6826
-16.9244
-15.8669
-14.7951
-14.4876
-12.9574
-13.6607
-13.7079
-12.8555
-12.9229
-14.0732
-14.2264
-13.7789
-14.7346
-16.1553
-15.6616
-14.6051
-14.0919
-13.6669
-13.77
-15.4501
-17.7232
-18.6538
-19.1846
-20.4571
-20.9418
-20.1973
-19.6907
-18.787
-17.1168
-16.0023
-15.5583
-14.5907
-13.1455
-12.6983
-13.9563
-16.4714
-17.369
-15.4466
-14.2443
-14.4782
-14.864
-14.0839
-11.2178
-9.9689
-11.5963
-14.7444
-17.0803
-17.8147
-15.0473
-12.6456
-11.7038
-13.6624
-16.6128
-15.5077
-17.1489
-16.8141
-14.9562
-13.7051
-14.3559
-15.6726
-14.9829
-13.0687
-11.6429
-11.4147
-12.5785
-13.957
-15.8073
-16.2755
-17.4169
-19.37
-21.0814
-20.4319
-18.9315
-18.5734
-19.2623
-19.1337
-18.1266
-17.002
-15.2185
-13.7109
-13.7892
-15.5066
-17.8835
-19.7491
-20.4543
-18.2801
-14.1602
-11.2166
-10.6277
-11.5546
-12.5531
-13.1203
-12.5063
-10.8315
-9.93221
-10.6178
-12.0494
-12.5659
-11.2201
-9.01611
-8.10648
-9.00708
-10.9914
-13.1098
-15.4357
-17.3859
-16.5302
-14.5667
-14.1445
-15.4596
-17.3841
-17.3876
-15.2641
-13.8311
-14.346
-15.8862
-16.5986
-16.6191
-15.9005
-13.7073
-10.8953
-9.59307
-14.2049
-15.5403
-17.4746
-16.955
-15.3745
-14.7508
-14.6921
-14.448
-14.7064
-15.6276
-15.7605
-14.8005
-14.1587
-14.4625
-15.4462
-16.5563
-17.0612
-17.217
-17.8822
-18.7846
-19.072
-19.3455
-19.4254
-17.8311
-14.909
-12.7604
-12.3824
-13.1652
-13.6395
-13.5044
-12.9438
-12.4885
-12.3031
-12.4819
-13.6795
-15.3268
-16.232
-16.7717
-16.6652
-16.2724
-17.327
-17.5269
-16.8773
-18.7445
-19.151
-18.857
-17.0485
-18.6577
-19.3591
-15.2608
-15.7907
-16.0677
-16.2514
-15.6723
-14.7985
-13.8536
-12.7833
-12.7139
-14.3519
-16.7807
-19.1797
-19.7445
-21.8976
-20.4518
-18.4282
-17.5793
-18.0697
-17.5001
-15.9344
-14.7269
-14.3394
-14.9916
-16.5394
-16.514
-13.6245
-11.267
-11.4559
-14.0708
-17.4677
-18.7872
-18.0929
-17.6786
-18.3986
-19.4637
-19.9278
-19.7917
-18.3722
-15.5938
-11.5399
-8.1555
-6.78261
-7.2043
-8.25843
-8.39713
-7.80514
-7.75456
-9.29998
-11.9846
-15.2827
-19.1433
-22.4205
-24.2582
-25.8397
-25.9486
-24.7343
-24.1835
-24.2609
-23.5148
-21.5997
-19.7679
-18.197
-17.2684
-17.3878
-18.2911
-18.5837
-17.304
-15.864
-15.1918
-16.4927
-18.3402
-21.043
-21.3917
-20.8563
-21.2054
-20.4034
-17.3433
-14.5843
-13.5045
-13.6019
-14.0575
-14.8845
-16.0035
-16.5868
-15.8606
-13.7713
-12.0391
-11.884
-13.2604
-15.1678
-16.8461
-17.8628
-17.8003
-17.0128
-16.9295
-17.3447
-16.798
-15.5514
-14.9121
-15.0033
-15.5524
-16.3894
-17.4276
-17.4469
-16.5868
-15.7148
-17.2656
-18.8424
-19.4501
-20.6333
-20.5794
-19.2553
-20.8294
-20.8974
-21.2145
-19.154
-18.3931
-18.3946
-15.8069
-17.7906
-18.9503
-19.958
-21.0871
-21.0688
-19.5365
-17.0895
-14.6262
-13.5506
-14.6641
-18.2789
-21.5422
-24.0741
-21.8525
-19.3457
-17.7366
-17.5665
-17.7227
-17.6925
-17.0038
-15.4592
-14.5668
-14.7853
-13.8901
-8.78688
-3.83895
-2.20866
-4.39401
-10.0372
-16.2736
-18.6955
-18.5488
-18.4439
-19.3228
-19.8803
-18.6082
-16.5399
-15.2433
-14.6959
-14.6869
-15.0959
-15.864
-16.3799
-16.4773
-16.7339
-17.406
-18.9439
-20.2548
-20.8146
-20.5256
-20.2631
-21.4116
-23.1702
-23.6679
-23.2807
-22.8972
-20.7968
-17.6296
-15.958
-16.5123
-17.7086
-17.2553
-15.4261
-14.1197
-14.2811
-15.7475
-17.4207
-18.2089
-14.5597
-17.3253
-20.4387
-21.0167
-19.8104
-18.5038
-17.0167
-16.0761
-16.6162
-19.0726
-22.054
-22.0029
-20.0776
-18.3399
-16.3763
-14.3221
-13.447
-14.5223
-17.1594
-19.5712
-19.9195
-19.7372
-19.9024
-20.9863
-22.4283
-24.4689
-24.6375
-21.8032
-18.5305
-16.8026
-16.641
-16.9723
-16.7145
-15.8763
-15.9468
-17.205
-18.2991
-20.4703
-20.0938
-17.8816
-15.3321
-13.5067
-12.6776
-14.2026
-15.6522
-16.6133
-16.0773
-17.8699
-21.3471
-17.9422
-17.8908
-15.5669
-14.8542
-16.2897
-18.5247
-18.7078
-16.9874
-15.5219
-14.7934
-14.1782
-14.3679
-15.1841
-17.9019
-20.4172
-22.3314
-22.0035
-19.5611
-16.7953
-15.4315
-14.7713
-13.7961
-13.2593
-14.3106
-15.0759
-8.96418
-2.36029
0.0742662
-1.86553
-7.88326
-15.3281
-17.9518
-17.1179
-16.034
-16.2558
-18.0344
-19.2127
-18.2036
-17.4943
-18.3226
-18.7636
-16.3609
-13.3459
-12.1532
-13.169
-15.7894
-18.734
-21.2653
-20.8184
-18.5055
-17.009
-17.237
-19.3505
-22.3162
-23.5089
-22.9038
-22.2583
-21.3234
-20.0845
-19.4879
-19.8556
-20.2552
-20.0609
-18.3438
-14.8271
-11.5616
-10.0595
-10.5478
-12.5782
-20.0587
-20.4889
-19.6694
-18.1696
-16.3592
-14.264
-12.6411
-12.7606
-14.7878
-17.3187
-18.135
-17.8745
-18.5029
-19.4817
-18.9571
-17.7967
-17.2933
-17.5478
-18.7951
-20.868
-22.2559
-21.4149
-19.4453
-18.3268
-17.9992
-17.3327
-16.1244
-15.3492
-15.6263
-16.7191
-17.0258
-15.7307
-15.0285
-15.961
-18.284
-19.0583
-17.652
-18.0683
-18.5223
-18.2109
-17.5394
-16.883
-16.4682
-17.7431
-17.64
-17.921
-18.0548
-18.393
-18.2159
-14.7431
-15.9958
-16.9997
-17.9598
-19.2706
-20.6559
-20.9291
-20.4898
-19.8915
-19.3492
-18.3404
-17.0938
-15.1972
-14.7629
-15.3886
-17.7143
-19.9093
-19.4034
-17.5787
-16.2604
-15.5216
-14.4291
-13.328
-13.1521
-14.0581
-13.8917
-12.3887
-11.933
-13.8195
-17.9241
-22.5464
-25.1696
-24.1456
-20.5301
-17.7533
-17.3672
-18.559
-18.964
-18.0658
-18.1271
-19.2706
-19.6356
-17.7718
-14.5825
-12.3898
-12.359
-14.4514
-17.9579
-19.3145
-17.868
-16.5338
-16.5128
-17.5745
-18.8083
-20.3568
-22.6868
-23.0601
-20.6884
-18.7002
-18.5777
-20.0813
-21.3432
-20.7973
-19.7144
-19.3585
-19.2564
-18.912
-18.6506
-18.7972
-20.4564
-20.7927
-20.3119
-19.1125
-17.6243
-16.185
-15.5679
-16.449
-17.4501
-16.8166
-16.2336
-17.2836
-19.2942
-20.2464
-19.7893
-18.9872
-17.7314
-16.5118
-16.1581
-15.9998
-14.8763
-14.1596
-15.1875
-16.6049
-16.1595
-14.5095
-13.6452
-14.2579
-16.3249
-19.5415
-21.5876
-21.2417
-20.1641
-19.3283
-19.4909
-19.6362
-18.6907
-19.5958
-17.0008
-13.092
-10.4289
-9.72772
-11.0087
-13.6752
-15.0164
-16.1278
-17.1565
-20.2354
-24.9469
-21.3896
-22.9114
-22.0608
-19.9422
-16.9582
-14.4924
-13.2405
-13.1276
-14.2112
-16.2694
-18.1025
-17.9699
-16.0863
-14.657
-13.7126
-14.8943
-17.3335
-18.7895
-17.6286
-16.7786
-17.3351
-18.5183
-18.8115
-18.5866
-19.2243
-20.4025
-21.7156
-23.2571
-23.596
-21.9576
-21.1418
-22.5707
-24.1247
-22.4544
-19.9123
-19.0421
-19.7205
-20.8855
-21.3488
-20.7742
-20.2111
-20.6206
-21.0508
-18.2643
-14.4938
-12.8301
-13.5204
-15.6594
-17.424
-18.348
-19.225
-20.6976
-22.5601
-22.5438
-21.7502
-22.602
-24.0256
-23.4892
-22.477
-22.8849
-23.4016
-21.4275
-18.1008
-15.3098
-14.1351
-14.9448
-17.4229
-20.0933
-21.3225
-24.7021
-23.1087
-20.786
-19.1559
-19.2339
-21.1852
-23.0271
-22.0049
-19.603
-18.1341
-18.2426
-19.4126
-20.5693
-20.3705
-19.0507
-17.4375
-16.5627
-16.8656
-17.5939
-17.8338
-17.6212
-17.7742
-18.3618
-19.3366
-19.515
-17.9968
-16.0401
-15.7731
-17.2302
-18.3206
-17.9275
-17.7646
-18.3349
-18.3098
-18.2284
-17.6222
-16.5526
-16.4827
-14.9164
-13.8872
-14.3946
-14.1827
-13.1028
-13.454
-14.2453
-16.4975
-17.8112
-20.6388
-21.9433
-17.1503
-17.3882
-17.7616
-18.2731
-18.8429
-19.4476
-19.9433
-20.3516
-20.6366
-19.8904
-17.3322
-14.8227
-13.2848
-14.2613
-16.7786
-20.7298
-23.6248
-25.6953
-25.147
-22.7549
-21.4029
-22.0154
-23.7309
-25.0771
-25.6196
-25.1115
-23.9453
-22.6795
-20.9816
-19.0534
-18.0675
-18.2776
-18.221
-16.7389
-15.7711
-16.9537
-19.7476
-21.554
-20.3004
-18.4983
-18.1829
-19.3417
-20.323
-19.8845
-19.8878
-21.3167
-22.004
-20.5979
-19.0654
-19.4035
-21.1299
-20.9312
-18.1225
-15.6667
-15.7904
-18.7535
-22.6162
-22.2554
-18.9413
-17.2342
-17.7002
-18.3935
-17.3952
-16.2588
-16.2386
-17.1759
-18.2236
-18.7498
-18.5661
-23.4188
-24.7642
-24.2973
-22.989
-22.225
-22.2768
-22.685
-22.41
-20.1845
-17.0621
-15.2826
-15.693
-18.0401
-20.8311
-22.1298
-20.8249
-18.258
-16.4036
-15.813
-15.7312
-15.7519
-16.1125
-16.9676
-17.8101
-18.6316
-20.0357
-21.853
-22.2281
-21.1157
-20.6325
-20.1259
-18.1087
-15.2644
-13.2425
-12.971
-14.0226
-16.1111
-20.6998
-22.0614
-19.7927
-18.6037
-18.0032
-17.889
-20.6138
-21.4928
-22.0852
-18.9019
-17.566
-17.8879
-16.4785
-20.4481
-23.3705
-22.9595
-20.3331
-18.9698
-19.9738
-22.2228
-24.0953
-23.7878
-21.5115
-20.0911
-19.6321
-22.4334
-25.6655
-29.6403
-29.9771
-28.2469
-25.7737
-23.6555
-22.1498
-21.8403
-21.9312
-21.4631
-20.7235
-20.3885
-20.2986
-19.5848
-18.645
-18.3051
-18.9219
-19.9272
-21.1153
-21.7773
-21.8611
-22.3446
-22.8451
-22.2294
-21.1349
-20.3708
-20.0238
-20.3328
-21.5076
-22.8772
-23.9285
-24.6493
-23.4392
-20.8049
-18.6561
-18.7285
-20.8348
-23.0973
-24.0644
-23.6653
-23.5192
-25.0044
-27.3385
-27.7549
-25.4102
-22.9625
-22.1157
-21.9518
-21.8512
-22.1957
-22.2838
-21.9349
-22.2942
-22.8913
-21.7896
-17.4364
-16.9297
-17.8061
-19.211
-19.9162
-20.2386
-21.0751
-22.2559
-22.3779
-21.5301
-20.8452
-20.2959
-19.8207
-18.86
-17.7788
-18.1574
-19.7039
-20.5096
-19.8246
-19.16
-19.2772
-19.8002
-20.0204
-20.2268
-20.791
-21.8581
-23.0804
-24.837
-26.1179
-24.7551
-19.7707
-14.2473
-11.1117
-10.8436
-12.542
-13.8165
-14.771
-17.7037
-21.4558
-21.9694
-20.3306
-17.9978
-16.3331
-17.9827
-19.6736
-20.7909
-19.2327
-19.6109
-20.457
-18.1137
-21.1556
-23.2693
-24.0235
-23.3695
-22.8629
-24.0347
-24.7811
-22.7361
-20.3404
-20.0545
-22.7528
-24.1608
-24.9002
-23.1631
-22.7834
-23.1569
-24.0066
-24.3092
-23.8712
-23.8557
-24.7457
-26.0325
-26.108
-25.2191
-24.2867
-22.5238
-19.7178
-17.8697
-18.2961
-20.7416
-23.6296
-25.343
-25.2815
-24.2126
-23.5878
-23.4558
-21.6779
-18.704
-17.4922
-18.6216
-21.8145
-25.6919
-28.1164
-28.5811
-27.078
-23.592
-21.8081
-21.5328
-22.4464
-22.9958
-22.9202
-23.2772
-23.2651
-21.9198
-20.397
-19.9439
-20.8724
-22.344
-23.1297
-23.7136
-24.8023
-26.2451
-26.534
-25.0025
-23.6717
-23.7509
-24.767
-24.6175
-18.7687
-20.6251
-22.4389
-22.4686
-20.6892
-19.0946
-19.2355
-21.3743
-24.2171
-25.7445
-26.0152
-25.8817
-26.3096
-26.5435
-25.0653
-23.2033
-21.8678
-21.4154
-21.6546
-22.7163
-24.6355
-26.341
-25.9125
-24.7559
-24.0979
-24.4431
-24.8904
-24.7352
-23.8528
-22.9211
-18.8215
-13.2551
-10.385
-11.3514
-15.4968
-18.459
-17.0032
-16.0755
-16.5917
-16.912
-17.5024
-17.2026
-16.6118
-17.9976
-19.9474
-22.6136
-22.3783
-23.1757
-23.8024
-19.3552
-22.9052
-26.6809
-29.7758
-29.4058
-27.0011
-24.4843
-22.765
-22.0613
-22.5639
-24.2049
-26.278
-23.8541
-21.1777
-18.5092
-18.2023
-19.2486
-20.6007
-21.7363
-22.8515
-23.1148
-22.9277
-23.7353
-25.1204
-24.134
-20.9012
-18.6219
-18.0539
-18.3326
-18.4946
-18.9807
-20.2621
-22.3614
-24.1847
-24.4207
-23.6345
-23.1997
-22.2795
-20.5684
-19.869
-20.3211
-20.7911
-20.4758
-20.2938
-21.6388
-24.028
-25.0091
-24.6931
-24.1321
-24.1099
-24.2862
-24.2966
-24.8333
-25.3096
-24.4908
-23.1947
-22.944
-24.0586
-24.9071
-24.2496
-23.795
-24.3657
-25.2411
-25.6232
-25.8276
-25.9689
-25.2123
-23.9226
-22.7729
-22.8105
-26.0667
-27.0178
-25.6802
-23.7971
-22.8694
-23.1424
-24.5221
-25.6202
-24.3389
-21.8513
-20.4841
-20.6021
-21.3847
-22.2925
-23.3088
-23.743
-24.1
-24.5762
-24.889
-25.2939
-26.0645
-25.9683
-25.3221
-24.8145
-24.8364
-24.8031
-24.3389
-23.279
-22.1352
-21.5074
-20.5248
-17.8436
-15.2409
-14.73
-15.63
-16.5291
-17.8415
-17.0512
-16.393
-16.377
-16.1758
-15.5173
-16.6799
-18.6308
-22.2885
-22.6125
-22.2413
-18.7333
-13.7375
-14.3679
-16.8526
-20.8449
-23.7094
-24.4039
-25.0011
-25.6668
-25.8649
-25.7336
-25.8998
-26.8144
-25.2156
-26.183
-25.3996
-25.2418
-23.3287
-21.3988
-20.8922
-21.9733
-22.3496
-21.5847
-21.4993
-22.4262
-23.6868
-23.1735
-20.7938
-18.2131
-16.788
-16.8943
-18.3349
-20.0992
-21.1308
-21.9271
-23.6245
-25.9549
-27.3524
-26.506
-25.6109
-26.8633
-26.2878
-22.6262
-20.0001
-19.7818
-21.3289
-23.8148
-26.203
-27.3398
-26.1632
-24.9551
-24.5175
-24.6359
-25.5365
-25.9738
-25.2765
-24.6192
-24.9742
-25.9143
-26.3648
-25.9097
-24.6895
-22.1369
-19.9697
-19.3947
-20.103
-21.2026
-21.5996
-21.1093
-20.5679
-26.4991
-31.293
-31.1484
-29.0244
-27.5134
-26.2898
-24.8482
-23.9284
-24.0379
-24.5733
-24.3904
-23.2914
-22.6261
-22.8356
-22.7311
-21.718
-21.2053
-22.0666
-23.9587
-25.4269
-25.4539
-25.1094
-25.5568
-27.2441
-28.149
-27.8978
-26.82
-25.9394
-25.0465
-23.8618
-21.8403
-19.6984
-17.8613
-16.2599
-15.1519
-14.8835
-15.8531
-18.8479
-19.871
-18.3624
-17.5196
-16.8485
-15.674
-15.9297
-16.5976
-18.6507
-18.8095
-21.0975
-23.6199
-20.6719
-24.6586
-26.349
-26.1952
-24.8324
-23.5117
-23.832
-24.9084
-25.2152
-24.0616
-22.7545
-22.9188
-23.0215
-24.424
-23.862
-23.7077
-23.2759
-23.9606
-25.1871
-26.5916
-26.5968
-25.6007
-24.0098
-22.2132
-21.2693
-21.1996
-21.5442
-21.821
-21.2127
-19.5629
-18.8875
-19.826
-21.6488
-22.8146
-23.5316
-24.4507
-25.267
-24.9495
-24.0181
-24.3883
-25.6301
-26.5504
-26.7515
-26.7319
-26.7885
-26.959
-26.879
-27.3533
-27.3462
-26.4798
-24.4792
-22.4012
-21.6271
-21.8615
-22.8958
-24.5765
-25.0363
-23.9312
-23.5362
-24.7883
-27.0496
-27.7502
-26.2572
-25.0038
-24.8351
-24.6271
-23.7365
-23.364
-23.8697
-36.7216
-37.9703
-36.5441
-32.9759
-29.8311
-29.319
-31.178
-33.789
-33.8852
-32.6938
-31.3041
-28.5884
-26.4458
-26.6639
-28.8822
-30.7763
-30.9486
-30.2322
-29.3907
-29.4756
-30.5012
-31.4896
-31.2625
-31.7544
-32.5793
-33.689
-33.5122
-33.5574
-33.7868
-32.0441
-26.6869
-21.7491
-18.6582
-16.2059
-13.8941
-11.64
-10.4633
-11.4989
-13.2815
-15.2498
-17.1074
-16.9238
-14.9608
-14.6714
-14.5929
-14.7589
-13.6644
-14.5118
-17.3993
-17.4798
-20.8821
-22.1176
-22.4986
-23.7928
-25.9235
-27.5717
-27.3162
-26.7088
-27.1625
-28.1737
-30.5558
-30.2542
-32.5807
-29.3688
-28.1574
-27.2087
-28.1337
-30.029
-32.467
-33.5868
-33.1416
-32.5128
-32.3957
-32.496
-32.8381
-33.1589
-32.8286
-31.1876
-30.3778
-32.3562
-35.1118
-35.1606
-32.3727
-30.4401
-29.9435
-31.4261
-33.5204
-32.7366
-31.2746
-31.3909
-33.7589
-36.9957
-37.1781
-34.9141
-32.0476
-29.7679
-30.3558
-32.2251
-34.4585
-35.853
-35.1588
-34.1618
-33.4898
-34.2123
-34.3334
-30.7618
-27.9476
-28.1298
-30.382
-33.563
-36.2666
-37.6095
-36.4275
-33.4316
-31.0567
-30.2786
-31.1445
-32.3378
-42.4806
-43.9302
-44.377
-42.9713
-41.1729
-41.1726
-41.2214
-41.0168
-40.7244
-41.2589
-42.1328
-41.6114
-40.4458
-39.4293
-38.8276
-38.9819
-39.6696
-40.2919
-40.2209
-39.7954
-39.4441
-38.4697
-36.8947
-36.8971
-37.6196
-39.8685
-40.7171
-41.2464
-41.8773
-42.0853
-38.7497
-33.81
-29.6836
-25.5821
-23.482
-20.9667
-19.0413
-18.5063
-16.3445
-14.4312
-13.8107
-12.805
-11.5133
-12.2037
-13.5361
-14.6694
-13.1903
-13.5071
-14.801
-13.4402
-14.6212
-14.2553
-14.2243
-15.6708
-18.7624
-22.3042
-23.7457
-23.213
-22.6437
-22.2355
-23.1543
-24.0099
-27.9667
-29.92
-32.2947
-33.1036
-34.4436
-36.2832
-39.0218
-40.0462
-39.6361
-39.2877
-39.5786
-40.492
-41.0774
-40.6189
-40.327
-39.3551
-38.439
-39.7741
-40.8301
-40.1118
-38.5435
-39.1195
-41.5011
-43.9088
-43.3677
-41.0334
-41.4944
-41.8709
-41.1345
-40.0026
-38.3943
-37.4279
-37.4569
-37.0718
-40.8323
-43.0826
-42.2993
-40.2682
-38.3572
-39.9467
-41.8406
-41.6726
-40.8738
-39.8932
-39.9013
-42.1253
-42.8014
-43.1055
-43.0364
-42.1821
-40.6133
-39.5283
-40.0546
-41.5408
-42.2596
-40.1387
-51.6778
-51.7383
-50.8981
-49.7512
-48.8056
-51.3269
-51.4016
-50.8528
-50.9699
-51.3475
-52.4647
-52.6651
-52.2413
-51.4994
-49.6867
-49.2508
-49.4813
-51.7586
-55.0732
-55.3227
-52.8548
-52.3803
-50.7318
-51.3388
-49.2887
-53.6817
-56.4024
-54.5066
-53.2888
-53.5697
-53.5138
-47.7541
-37.5642
-29.5955
-25.7294
-23.0995
-21.4629
-22.4738
-20.6311
-17.7038
-16.7546
-15.9569
-14.8138
-15.7535
-16.4541
-17.3496
-15.6774
-15.511
-17.274
-16.8001
-20.5568
-22.6522
-23.4801
-23.0413
-21.7333
-20.0138
-17.9731
-16.0065
-14.5626
-14.3506
-15.4179
-17.063
-21.1098
-25.7347
-32.5872
-38.3218
-44.079
-47.1777
-50.0921
-51.042
-53.7259
-56.9506
-55.5107
-54.6133
-50.8826
-45.8521
-44.9067
-47.1349
-48.097
-50.0989
-49.0937
-48.7894
-48.2205
-51.053
-53.721
-55.7498
-54.7445
-49.6719
-50.4673
-49.7042
-49.3446
-51.1591
-51.7357
-50.9662
-51.1435
-46.304
-51.4043
-51.1395
-49.8166
-49.6574
-47.6594
-52.7562
-52.8863
-48.6228
-47.6231
-47.2939
-47.2225
-49.666
-49.5219
-52.0064
-54.7125
-55.9181
-56.2625
-55.9864
-55.4673
-54.3976
-53.8293
-49.2812
-70.8657
-73.7471
-73.9036
-72.712
-63.2731
-73.2565
-73.1059
-77.2515
-75.5084
-67.6176
-68.5178
-65.8627
-67.3638
-67.944
-63.131
-64.9449
-65.6413
-66.9185
-68.6517
-64.9877
-61.3014
-63.2683
-58.876
-62.6166
-55.607
-62.1197
-62.4976
-59.6816
-59.4763
-61.3446
-66.8694
-65.4794
-46.9626
-39.6992
-45.9942
-58.2057
-37.6247
-40.7916
-37.0323
-33.5833
-35.8851
-34.8945
-29.5304
-33.5657
-32.4743
-36.2546
-30.1373
-31.995
-41.6065
-26.4723
-36.6541
-43.2042
-42.7652
-40.0807
-37.979
-36.8786
-35.3792
-32.9496
-30.5678
-30.4067
-32.4081
-31.6981
-38.8259
-39.4669
-46.6366
-48.3416
-59.0473
-62.0065
-65.7793
-61.8302
-65.3301
-68.3177
-60.5949
-63.0915
-67.6225
-61.2592
-62.276
-67.2331
-61.0117
-73.7335
-70.5525
-74.9225
-63.2906
-68.3097
-68.7427
-69.7285
-65.9139
-57.9797
-69.6272
-70.1885
-61.2365
-65.4037
-68.0953
-66.0093
-69.6664
-51.7023
-66.9556
-68.5293
-66.3533
-70.271
-56.3947
-74.7762
-73.769
-60.7632
-66.6887
-67.0459
-60.1636
-66.1817
-59.9483
-62.1801
-64.7194
-65.8553
-69.9627
-71.0313
-69.14
-67.1439
-69.5272
-56.7845
