80
-12.0467
-13.749
-17.1228
-18.5492
-19.4449
-21.0511
-23.4062
-22.5697
-23.4031
-28.0642
-29.0114
-22.3633
-17.4904
-15.4165
-18.3414
-25.6673
-20.4668
-15.2974
-14.8714
-17.3343
-17.8037
-16.5435
-16.1507
-18.0991
-20.8274
-20.2862
-20.5822
-23.644
-27.1148
-24.7287
-24.0488
-24.5594
-17.4446
-10.855
1.94664
13.3545
35.2476
58.9833
74.2222
82.4213
84.739
85.0146
87.9749
93.2948
96.1297
96.4381
96.4083
96.9374
97.493
97.6747
97.1275
96.3645
95.1939
94.8511
94.7536
94.0102
93.2579
91.8939
91.1166
90.0009
87.588
85.5079
85.6391
84.5314
80.3633
70.1519
52.9932
37.9957
37.8752
36.1909
37.4784
33.6614
35.7128
40.8963
43.9056
45.0459
44.3855
41.2173
34.2309
22.5368
6.77358
13.6595
19.4723
21.2521
19.7108
14.7512
7.24339
3.50387
0.378918
-5.17283
-15.3316
-30.3795
-39.6594
-20.565
-11.358
-9.15383
-11.5755
-16.1545
-12.7049
-7.53534
-6.98324
-11.9413
-21.9907
-43.6232
-72.6297
8.83114
8.83114
8.83114
8.83114
8.83114
8.83114
8.83114
8.83114
8.83114
8.83114
8.83114
8.83114
8.83114
-14.6795
-18.5764
-22.402
-28.6208
-28.7708
-27.6286
-25.9658
-19.4388
-14.1245
-10.9554
-10.5327
-12.2206
-16.0292
-22.279
-25.5587
-19.2865
-14.6738
-14.3339
-17.8174
-23.8386
-28.5146
-29.6349
-31.8977
-33.7852
-32.0225
-26.3795
-21.483
-19.2212
-19.5916
-22.9384
-28.2853
-27.1552
-20.7502
-16.0722
-4.9226
12.5317
35.823
61.1873
78.1639
88.4179
94.11
95.8977
95.3094
92.6504
88.8111
85.472
83.3731
83.4578
81.869
76.4635
67.9497
60.0769
55.6518
51.9491
54.7623
55.7719
51.0744
47.5425
47.3843
51.7149
48.7069
47.5315
70.5102
80.9698
84.7876
83.3283
75.6099
62.8083
46.2942
41.2299
37.7345
36.3681
35.2717
32.8532
29.3879
28.792
27.4912
26.004
24.9003
23.503
20.7841
16.9119
10.6367
9.29999
9.09491
5.97011
-0.783647
-7.65864
-10.2462
-13.3805
-18.5779
-24.3404
-23.3066
-17.0606
-11.2172
-8.77302
-10.1105
-13.1173
-12.0015
-9.65676
-10.9518
-17.0391
-27.6437
-42.4121
-73.7158
8.83114
8.83114
8.83114
8.83114
8.83114
8.83114
8.83114
8.83114
8.83114
8.83114
8.83114
8.83114
8.83114
0.474637
-1.1379
-6.54668
-11.6876
-11.2723
-11.4585
-14.2316
-14.8048
-12.8087
-10.5458
-8.50719
-8.77861
-12.8245
-16.7719
-14.2814
-11.9716
-13.0798
-14.7069
-13.6943
-10.4065
-8.25478
-8.80135
-11.0164
-12.2089
-11.4555
-11.9822
-13.8441
-12.6675
-8.97435
-6.64111
-7.5219
-10.7485
-15.4984
-18.7771
-3.6828
14.2877
38.0847
55.3463
69.1848
80.4486
87.9922
92.1951
91.9326
86.7815
77.8201
74.2097
76.936
77.3726
77.904
79.9841
82.8106
87.0292
90.6659
92.8956
93.6616
94.0867
95.0589
96.524
97.922
99.4984
101.661
103.792
105.315
105.303
102.526
95.9353
84.5752
70.1625
62.5689
58.3784
55.069
54.2988
52.2595
47.6988
42.3879
39.4523
35.9677
30.7639
30.108
32.2265
31.73
27.8795
22.4464
20.2665
19.7977
17.4034
12.3243
4.18657
-3.61991
-3.17823
0.0231606
2.7147
4.47139
5.95245
7.44294
8.14441
8.07429
8.01311
6.93834
3.08514
-4.51409
-15.7298
-28.1858
-43.2522
-76.5021
8.83114
8.83114
8.83114
8.83114
8.83114
8.83114
8.83114
8.83114
8.83114
8.83114
8.83114
8.83114
8.83114
5.45097
4.99168
3.5698
1.88062
0.443885
-0.397151
0.00227354
0.438072
-0.129999
-0.321026
1.41441
2.91145
3.14757
3.15029
4.30501
5.44588
5.77341
4.71097
2.8551
2.36891
4.30821
6.30799
6.63483
5.61886
4.14604
3.26786
3.82092
5.63401
7.84359
9.30823
9.37822
7.46923
4.42122
1.56973
-1.39259
9.0759
36.8882
43.1903
49.4288
58.3969
74.1401
89.3609
98.7826
104.367
106.839
107.107
106.132
105.955
108.113
110.546
111.994
112.63
112.749
112.641
112.462
112.111
111.521
110.823
110.478
110.572
110.582
110.235
109.225
106.898
102.532
95.2442
84.4192
71.3212
63.3619
62.3938
62.3428
60.4737
57.0159
54.725
54.4417
52.7216
48.4637
43.4477
39.6337
36.0919
31.4141
28.7721
29.5493
28.5351
23.5811
14.9312
7.6508
6.22772
3.15922
-2.50508
1.66362
10.2533
16.4174
19.6257
20.2502
19.0044
17.0748
15.3676
13.3798
9.66284
3.44308
-5.70428
-19.2167
-40.713
-75.5759
8.83114
8.83114
8.83114
8.83114
8.83114
8.83114
8.83114
8.83114
8.83114
8.83114
8.83114
8.83114
8.83114
-18.8451
-12.6503
-8.72698
-9.92634
-16.6997
-20.6409
-15.2558
-12.0489
-12.4773
-12.4139
-9.81936
-8.8426
-11.8693
-18.0377
-19.9852
-15.2735
-10.821
-8.47058
-9.88444
-13.9194
-13.3258
-10.5807
-11.612
-17.0217
-24.5701
-21.5538
-15.1232
-12.8715
-11.6379
-8.66539
-6.87156
-7.6606
-8.52112
-6.59994
-2.53991
3.99706
38.8378
63.5656
78.5346
88.0054
92.0855
93.8321
99.8323
105.534
107.967
107.255
106.562
107.246
106.919
104.363
100.394
96.0121
92.0405
88.9793
87.4642
86.615
83.6422
77.4398
74.4192
75.6684
74.6801
66.9555
61.8031
73.164
76.8234
75.0831
64.9689
52.8529
43.2168
41.3194
43.6871
48.3905
51.7616
52.6164
49.7138
42.4303
30.4273
21.0584
19.8433
18.7516
18.9524
17.6088
15.42
13.8257
11.6345
7.61836
3.90221
-0.469523
-5.33146
-7.99346
-9.34216
-5.32413
-1.05984
0.0235537
-1.30855
-4.38926
-5.97008
-5.79739
-6.18649
-7.18504
-7.89971
-10.4892
-18.5202
-36.285
-72.7072
8.83114
8.83114
8.83114
8.83114
8.83114
8.83114
8.83114
8.83114
8.83114
8.83114
8.83114
8.83114
8.83114
-24.6091
-21.9961
-16.7505
-14.4153
-14.6169
-16.5351
-19.9567
-24.4008
-24.0415
-22.3032
-20.1347
-17.6994
-17.0893
-20.2439
-26.794
-28.4843
-20.4182
-13.197
-10.1802
-10.6154
-14.7889
-22.4228
-34.1495
-39.7551
-36.3172
-26.0862
-19.2189
-16.3513
-17.3124
-19.3387
-18.8947
-15.5852
-12.368
-10.3286
-6.8915
1.58541
35.4483
70.0578
90.3911
103.437
111.146
114.564
113.763
108.77
98.8985
91.1665
93.0087
92.017
86.2316
74.9791
68.4001
74.7354
80.8264
84.2622
84.3135
83.0444
84.2131
87.511
89.1903
91.4693
95.0115
98.2283
99.6811
98.9856
95.7226
88.6078
76.7269
59.4581
49.0143
45.112
40.6295
45.7583
53.0523
56.2301
54.7398
48.1144
37.7148
30.9834
24.8449
16.5542
11.3407
14.7609
17.1497
19.0548
23.6346
27.7133
28.5442
25.5135
18.3648
7.77733
0.913151
6.07554
10.044
10.3265
6.85599
1.33044
-2.01597
-5.32324
-6.47932
-4.43268
-4.58988
-8.85428
-18.286
-33.3803
-70.1908
8.83114
8.83114
8.83114
8.83114
8.83114
8.83114
8.83114
8.83114
8.83114
8.83114
8.83114
8.83114
8.83114
-36.7592
-32.1988
-26.7008
-25.0635
-24.1019
-21.6243
-17.9234
-13.713
-11.1408
-11.4974
-15.9803
-23.3255
-24.2843
-19.9295
-17.2655
-16.9152
-18.0959
-16.3678
-12.6022
-11.092
-12.9925
-17.9799
-23.9417
-27.0867
-25.8269
-25.3946
-23.7996
-21.2324
-19.6141
-20.0106
-20.6887
-21.7339
-23.226
-22.1411
-15.1639
3.55362
33.65
69.872
89.1441
101.611
109.476
114.302
116.223
114.946
111.089
106.206
102.275
103.945
109.534
114.009
116.29
117.282
117.69
117.633
117.094
116.222
115.327
114.567
114.136
113.925
113.6
112.617
110.56
107.054
101.589
93.8623
83.8159
74.3014
70.0018
68.864
67.8663
65.986
63.1016
59.8451
56.5493
52.6438
47.5239
41.4687
33.7685
27.2731
29.4045
34.1516
37.5253
40.0364
41.8526
42.3824
40.6599
36.0579
28.5637
20.9819
20.2027
23.2705
25.1866
25.0019
22.703
18.367
12.2611
5.09409
-1.4978
-5.05636
-6.55057
-9.70423
-17.9896
-33.682
-68.7404
8.83114
8.83114
8.83114
8.83114
8.83114
8.83114
8.83114
8.83114
8.83114
8.83114
8.83114
8.83114
8.83114
-33.8208
-33.5888
-29.5693
-23.5261
-20.8616
-21.7308
-20.8075
-15.7664
-12.4726
-13.357
-18.3193
-27.2694
-35.6992
-34.4716
-29.7573
-23.7401
-18.0854
-16.4514
-19.605
-28.3667
-37.4242
-37.4362
-35.2315
-28.4371
-23.5526
-22.1896
-22.564
-21.2683
-18.7464
-17.932
-17.6885
-16.8537
-16.3554
-17.7425
-18.4516
-6.46371
36.1018
63.4882
78.817
88.1875
92.6987
100.453
109.806
115.994
118.545
118.214
116.757
115.818
115.923
115.688
114.446
112.196
109.218
106.331
104.226
102.324
99.4996
96.1936
94.0105
93.2996
91.5868
87.6272
82.2847
77.4032
73.7251
66.9031
56.6891
49.8359
52.9705
55.0404
55.2048
54.4484
52.1969
47.9924
44.1119
43.0306
42.3071
39.3068
32.4119
22.533
20.4909
22.5385
21.7855
20.31
22.54
24.6266
23.5092
18.7782
12.1686
8.40962
7.28075
5.77512
4.92642
5.07476
3.85557
0.0733017
-6.10289
-8.63315
-4.87878
-2.2831
-3.46697
-8.93104
-19.4386
-37.5983
-68.4605
8.83114
8.83114
8.83114
8.83114
8.83114
8.83114
8.83114
8.83114
8.83114
8.83114
8.83114
8.83114
8.83114
-21.8528
-22.8742
-24.803
-26.8484
-27.1391
-25.1177
-24.8282
-25.448
-23.8011
-19.7307
-17.8241
-19.5868
-24.297
-32.2183
-36.7811
-27.9619
-21.4882
-19.7053
-21.9583
-26.6691
-28.9321
-28.6172
-27.0556
-24.9369
-23.6619
-25.3264
-29.0903
-30.1011
-26.1503
-23.5634
-24.794
-28.3137
-26.337
-21.1062
-13.8378
-6.56038
33.5259
43.9947
66.6176
81.0276
88.4669
91.3229
94.5444
97.6165
97.9013
94.4475
88.0409
87.8214
86.9813
81.4104
69.7347
56.8351
55.2797
49.5496
48.998
45.742
44.6404
46.9949
50.584
50.125
56.0149
62.1881
66.5445
68.6649
67.4985
63.5532
51.8227
37.8765
24.9303
21.3604
32.3821
44.3669
50.875
52.7708
50.1737
43.568
33.664
27.2315
25.2815
22.6583
16.0881
4.804
-2.22104
-3.64415
-3.52547
-0.290237
1.74935
1.11604
-4.28973
-11.6396
-17.8297
-17.6066
-18.4356
-22.564
-28.902
-36.4709
-35.2588
-32.8671
-27.7057
-21.6236
-19.9559
-21.9935
-28.9965
-44.3135
-69.3775
8.83114
8.83114
8.83114
8.83114
8.83114
8.83114
8.83114
8.83114
8.83114
8.83114
8.83114
8.83114
8.83114
-19.6397
-25.842
-32.7388
-35.5045
-33.9866
-30.8484
-27.9997
-23.4484
-20.512
-19.9194
-20.5991
-21.2015
-23.0654
-25.0753
-24.5993
-21.5699
-20.227
-21.9928
-25.0696
-25.1758
-24.0953
-23.6802
-22.8529
-20.3024
-18.1371
-16.9627
-18.1543
-22.0265
-28.0869
-31.892
-31.0565
-28.7044
-27.1661
-25.5866
-21.1766
-5.43442
30.4911
50.627
71.447
86.0676
95.1278
99.4781
99.3063
94.6058
85.1228
75.6588
75.7051
76.3954
76.8723
80.6567
83.7954
85.6852
86.4049
86.3717
86.7008
87.7124
88.6428
89.0312
88.665
87.9466
86.4809
84.3752
81.7211
78.2252
73.0723
64.1947
54.2298
42.7952
35.1627
30.1657
32.6486
41.2419
46.611
47.2345
43.4393
35.6362
30.5242
26.9707
21.4304
16.9673
15.6557
14.6706
10.5893
6.03397
7.09361
8.76602
6.98746
0.760988
-8.09088
-17.6292
-21.431
-21.6755
-15.7258
-10.98
-9.54941
-11.0088
-14.0325
-17.1965
-21.3717
-26.4823
-28.3638
-30.8401
-37.061
-50.1252
-70.184
8.83114
8.83114
8.83114
8.83114
8.83114
8.83114
8.83114
8.83114
8.83114
8.83114
8.83114
8.83114
8.83114
-14.3628
-16.8128
-20.8183
-22.0094
-22.1174
-23.8047
-26.413
-25.9188
-23.7585
-23.6233
-25.9552
-29.333
-30.8222
-31.6079
-30.236
-27.6694
-25.4142
-23.9799
-21.1515
-18.6781
-19.2461
-23.2824
-29.0545
-33.4012
-35.5123
-36.3354
-34.4492
-33.2287
-32.4329
-27.5318
-21.5078
-19.1987
-20.3032
-24.135
-26.9634
-14.9238
29.7449
54.4576
69.4887
79.5587
85.3415
88.9032
90.2008
88.3655
82.5284
72.8449
68.8372
75.5624
80.5436
82.1279
82.3238
81.3712
80.0059
78.9951
78.8443
79.1795
79.2879
78.2474
76.5757
73.7654
69.9765
64.3326
57.2078
51.428
48.1066
46.8416
41.5102
30.4059
22.064
12.475
23.4526
30.8263
33.2896
32.2678
28.8784
23.4402
14.2313
8.31274
5.30523
9.05817
12.0453
11.4821
6.2786
-1.77247
-1.37461
0.53011
-1.42284
-6.68232
-13.6458
-19.739
-23.8931
-21.6128
-16.7697
-12.8249
-12.3161
-14.5254
-17.7747
-20.2076
-22.6609
-25.5082
-28.7885
-33.2068
-42.3418
-58.4192
-75.1129
8.83114
8.83114
8.83114
8.83114
8.83114
8.83114
8.83114
8.83114
8.83114
8.83114
8.83114
8.83114
8.83114
-20.8433
-30.5166
-48.6901
-41.3592
-31.8997
-28.6973
-28.7138
-29.9965
-30.8423
-30.9367
-32.6806
-34.8094
-33.9155
-33.3213
-33.6623
-32.3879
-31.6482
-31.7599
-30.4945
-30.1921
-33.1133
-37.0357
-32.6146
-27.4549
-26.0009
-26.4538
-27.591
-30.1081
-34.3034
-36.5349
-32.1016
-27.9959
-28.3244
-32.6542
-31.9493
-22.1435
23.2444
46.2904
65.1694
73.6156
77.5272
77.4406
75.2408
72.6538
70.8127
70.8052
72.2629
71.6132
66.6304
59.6844
45.5469
36.7848
38.3804
44.8644
41.3415
40.152
34.0077
35.6873
42.7948
49.7374
58.1215
60.8958
63.9415
65.1966
63.99
60.227
50.0659
38.0294
15.8202
9.82158
27.3151
38.0639
43.533
44.5145
41.2424
33.9295
22.7421
13.6348
11.0143
11.1607
9.80184
5.35785
-2.45231
-5.44068
-6.14857
-10.2544
-16.0319
-15.0393
-10.0399
-6.39925
-4.58806
-6.05077
-10.7676
-17.9474
-21.0546
-20.7717
-22.8608
-27.6201
-34.0518
-34.474
-35.4526
-39.2318
-48.5703
-71.8409
-85.7373
8.83114
8.83114
8.83114
8.83114
8.83114
8.83114
8.83114
8.83114
8.83114
8.83114
8.83114
8.83114
8.83114
-21.714
-27.2101
-35.3435
-39.0052
-38.855
-35.7526
-31.7063
-29.1057
-26.341
-21.9591
-18.6601
-18.8949
-23.1599
-30.2453
-32.4888
-31.9735
-34.825
-41.3681
-43.6166
-37.4955
-34.9137
-35.2464
-32.3424
-25.7453
-22.5
-23.7896
-28.4512
-32.7948
-36.5057
-40.5464
-36.9768
-31.2115
-28.5348
-28.7825
-29.652
-20.7531
20.074
37.0255
61.45
75.7336
83.5903
87.3193
87.3577
84.3689
80.382
77.9828
76.8698
74.7641
74.3967
73.826
73.2913
72.0665
71.739
71.716
71.5389
69.3238
67.794
67.9374
68.2717
70.0114
71.4875
73.1329
73.0795
70.8742
66.3239
57.0748
46.7207
30.6008
9.49122
11.9405
32.2573
44.9331
51.7718
53.5705
50.6778
42.4812
29.6317
18.3331
16.3643
12.6274
6.86988
1.18652
-2.93496
-5.1088
-6.10686
-9.18038
-13.7921
-14.3042
-11.5605
-8.43435
-7.76332
-9.94735
-15.3431
-21.7755
-23.3131
-20.3556
-19.5643
-21.8989
-24.9274
-28.2202
-30.1143
-35.0306
-45.7712
-63.463
-99.4657
8.83114
8.83114
8.83114
8.83114
8.83114
8.83114
8.83114
8.83114
8.83114
8.83114
8.83114
8.83114
8.83114
-28.2619
-28.2537
-30.8433
-37.2777
-41.1345
-36.778
-32.0613
-30.7945
-29.1186
-22.8276
-16.7916
-14.089
-14.8972
-17.5121
-18.9334
-19.1126
-21.5224
-25.9222
-30.1748
-32.3153
-32.0865
-32.1249
-31.9108
-31.3495
-31.168
-31.577
-33.028
-35.5081
-38.0261
-38.8737
-38.206
-35.9149
-33.5371
-33.1801
-30.5828
-13.901
9.62346
28.7305
52.3927
67.1198
77.2488
83.3499
86.2572
86.5668
85.2304
83.5361
82.1003
80.4335
77.7723
74.5615
69.7456
63.8074
58.9626
58.3925
56.2223
54.0408
49.0032
45.3532
47.5229
46.0003
45.6162
41.2542
46.0541
49.9115
49.5959
45.9984
37.8233
24.0385
3.85172
10.4631
24.9538
37.2376
43.8741
45.9144
43.7118
37.1883
26.2181
18.1248
14.1735
11.5319
7.15937
1.95802
-3.1992
-3.61255
-5.61602
-9.53467
-13.427
-14.4179
-14.1323
-13.3893
-14.7714
-18.7737
-23.1262
-23.933
-23.4996
-25.6266
-29.0621
-30.944
-32.9659
-34.539
-34.8112
-36.5212
-42.7695
-56.2744
-100.261
8.83114
8.83114
8.83114
8.83114
8.83114
8.83114
8.83114
8.83114
8.83114
8.83114
8.83114
8.83114
8.83114
-21.1115
-25.1423
-31.1958
-34.5983
-35.1804
-35.0855
-35.8605
-34.5441
-31.7396
-29.6478
-27.6875
-26.5493
-27.7956
-30.2174
-30.05
-29.9706
-31.2021
-30.0797
-27.4439
-27.3997
-29.9997
-31.9971
-31.7379
-28.2859
-23.7882
-21.7326
-23.3296
-27.7753
-28.2623
-23.1494
-19.8452
-19.5752
-21.9463
-26.7052
-29.788
-28.2034
0.811088
41.5644
54.1054
62.2518
65.256
65.2392
62.638
59.2064
58.6839
61.6366
63.3635
64.3049
64.8098
66.57
69.9555
72.334
73.2827
73.2631
72.6172
72.1338
72.1821
72.4155
72.3856
72.6886
73.3328
73.1614
71.8382
68.7189
63.5856
55.6086
41.8301
29.0455
12.3462
14.0866
18.1559
24.9149
30.7352
34.0083
33.7973
29.54
21.3064
11.9874
11.5067
15.1816
15.4039
10.9995
3.40592
-1.18188
-2.58242
-6.6111
-13.9977
-16.6322
-13.8566
-10.9507
-9.18854
-8.92345
-11.3122
-17.3776
-26.7319
-30.9524
-27.2515
-22.9694
-20.5163
-20.4812
-22.7851
-27.44
-36.5633
-52.7664
-86.331
8.83114
8.83114
8.83114
8.83114
8.83114
8.83114
8.83114
8.83114
8.83114
8.83114
8.83114
8.83114
8.83114
-22.1946
-24.2664
-27.5151
-31.0324
-34.638
-37.2423
-39.8226
-38.9085
-35.3684
-34.2437
-36.5105
-39.8769
-38.0155
-32.3256
-27.7264
-26.0273
-26.9439
-29.1741
-30.1862
-29.1257
-26.3319
-24.2463
-24.3493
-26.2325
-26.5942
-25.3443
-25.7939
-28.3264
-30.0834
-27.6377
-24.6967
-24.1447
-26.651
-31.62
-34.5214
-31.0695
6.44239
43.724
60.943
70.4621
75.5235
78.1809
79.9471
81.3002
81.6627
80.6462
79.9742
81.2705
83.7593
84.9982
84.2747
82.0792
79.4485
77.3814
75.8968
74.8754
73.8367
73.2016
72.8286
71.9111
70.1167
67.72
64.6178
60.5951
54.7039
47.3573
38.8893
27.6514
20.8048
18.0649
27.4329
38.2511
44.4925
46.2342
43.8794
37.8516
29.0103
20.1373
16.1627
16.5872
14.8672
10.1359
3.54187
-0.131696
-0.977476
-3.79179
-7.09248
-6.09104
-3.09145
-1.97077
-2.97478
-6.66955
-13.1765
-21.7883
-28.2958
-27.968
-24.493
-23.562
-25.4129
-26.3875
-26.1398
-28.9122
-36.9162
-51.9912
-79.7006
8.83114
8.83114
8.83114
8.83114
8.83114
8.83114
8.83114
8.83114
8.83114
8.83114
8.83114
8.83114
8.83114
-28.7945
-31.2805
-29.441
-26.7823
-26.7131
-30.3371
-37.3994
-43.9621
-43.7262
-41.0686
-40.2547
-40.1011
-39.3558
-36.5865
-31.608
-27.8121
-27.32
-30.1446
-34.9603
-35.5722
-32.832
-31.7128
-34.0463
-39.1574
-44.1918
-40.132
-33.4979
-30.2209
-31.1524
-31.4938
-27.5605
-25.2408
-26.7805
-30.1356
-30.5276
-21.1314
11.761
34.6765
50.7921
60.1794
66.3772
71.6729
75.8381
78.4391
79.0578
77.8471
76.0442
74.7647
72.495
66.3763
56.9581
49.5569
48.6763
43.5418
43.2148
48.6438
52.4847
55.7799
57.6332
60.582
63.2514
65.0923
64.9242
63.379
59.4818
52.6595
42.1741
28.1554
13.4375
5.64716
20.5686
31.3733
36.9089
37.7691
34.3927
26.6724
16.9533
9.84203
5.03328
0.270642
-4.01204
-9.9581
-14.8967
-10.3556
-6.71056
-6.48802
-10.1579
-16.6379
-23.0737
-26.1414
-27.763
-25.8365
-26.8575
-33.0208
-37.2984
-36.8203
-32.906
-30.4305
-29.3562
-30.5726
-33.9994
-39.1909
-46.4899
-59.8034
-80.373
8.83114
8.83114
8.83114
8.83114
8.83114
8.83114
8.83114
8.83114
8.83114
8.83114
8.83114
8.83114
8.83114
-24.7134
-26.3919
-28.5823
-30.1384
-33.1283
-36.0131
-37.3923
-38.1205
-40.3369
-45.2704
-49.2605
-45.666
-40.1728
-37.013
-34.014
-31.9811
-31.6626
-32.9716
-34.4551
-35.9317
-37.7479
-39.9294
-39.8705
-35.3937
-31.9503
-29.975
-28.0963
-27.7117
-29.6405
-33.572
-36.2149
-37.0616
-35.7829
-30.2466
-24.3719
-19.1047
19.5025
26.1847
42.7305
56.1136
64.2923
68.2146
68.6332
66.4765
62.7909
59.6286
61.5955
66.7071
72.7382
76.904
78.9771
79.7661
79.6753
79.3947
78.9526
78.4162
78.2766
77.7847
76.9134
75.4368
73.4185
70.5121
67.285
62.4962
55.6658
45.9517
31.9091
21.667
10.9237
3.60184
17.6486
26.5836
30.4865
31.0517
29.0021
24.8601
17.9722
11.3926
6.36629
2.22446
-4.20054
-11.213
-16.2121
-17.9945
-12.4993
-8.59814
-8.41127
-11.8587
-16.1041
-16.8492
-16.0579
-17.6189
-21.6769
-25.0094
-25.335
-23.3764
-21.7345
-20.2404
-19.6567
-20.9351
-25.2117
-32.7736
-44.6696
-65.4592
-82.9222
8.83114
8.83114
8.83114
8.83114
8.83114
8.83114
8.83114
8.83114
8.83114
8.83114
8.83114
8.83114
8.83114
-23.9826
-28.3859
-32.7026
-33.0581
-33.9072
-35.3773
-37.8153
-42.0571
-48.3908
-49.2615
-42.7092
-36.9265
-33.0197
-30.7235
-29.8761
-29.8953
-29.8359
-29.2489
-29.6612
-31.94
-35.51
-38.4169
-38.5747
-34.6669
-31.734
-31.4208
-33.263
-34.9112
-33.9443
-31.6566
-30.8816
-31.9582
-34.123
-36.963
-38.2073
-17.8093
20.3437
41.5873
58.9954
69.8849
75.5701
77.9158
79.1136
80.2731
80.0231
77.617
74.7794
75.5673
77.1015
76.8429
74.8253
71.6349
68.1896
63.8018
61.1743
60.1551
57.0969
54.0235
52.2268
53.339
56.3954
58.1413
60.0772
61.5244
60.6083
56.1001
47.2922
33.1464
13.5822
10.2988
25.5107
36.929
42.4522
43.2201
39.6362
31.8149
21.9501
12.7402
3.30337
-3.90039
-6.54392
-9.02035
-13.4271
-17.8174
-17.2953
-15.6767
-15.068
-15.882
-16.9289
-16.5385
-15.2231
-15.6037
-18.0422
-22.8942
-28.8639
-31.5829
-28.4018
-25.6037
-24.2164
-23.9367
-25.8279
-31.9277
-44.2929
-64.9126
-87.5922
8.83114
8.83114
8.83114
8.83114
8.83114
8.83114
8.83114
8.83114
8.83114
8.83114
8.83114
8.83114
8.83114
-21.5436
-27.5751
-30.4768
-27.6677
-27.7195
-32.3891
-42.4556
-54.2641
-45.9422
-33.5585
-26.7217
-24.1403
-24.7831
-27.0791
-27.5487
-26.127
-25.5899
-27.66
-32.7023
-38.9218
-41.5284
-39.8811
-37.6108
-36.9421
-38.4686
-41.7521
-43.5335
-42.1475
-39.5333
-36.3165
-34.8682
-35.2357
-36.6141
-37.9842
-40.2342
-20.1758
23.9251
46.1419
61.062
69.24
72.9889
74.1309
73.7901
71.822
69.0912
66.876
65.7834
64.7854
66.3257
69.0374
71.2899
72.8018
73.9786
74.1188
73.8066
73.5737
73.3474
73.2995
73.3344
73.3722
73.2149
72.9479
71.7664
68.5843
62.5219
52.5478
37.9549
27.7762
21.8039
18.2623
24.2298
33.6459
38.0816
37.6167
32.3916
23.2589
16.2833
11.2226
6.75428
2.50365
-1.20998
-4.70616
-7.48495
-9.53765
-9.67612
-7.51934
-6.96386
-9.09605
-12.2799
-15.1301
-17.2682
-19.9244
-23.8522
-28.7199
-32.4854
-32.7133
-30.1279
-27.5965
-27.046
-29.1912
-33.1703
-38.3862
-47.7339
-61.9745
-99.4899
8.83114
8.83114
8.83114
8.83114
8.83114
8.83114
8.83114
8.83114
8.83114
8.83114
8.83114
8.83114
8.83114
-21.6667
-26.6651
-32.9044
-34.2994
-35.577
-37.2484
-37.0252
-36.0015
-34.49
-29.5578
-24.1879
-22.4586
-24.7825
-30.362
-36.1753
-38.4603
-38.3239
-37.9864
-40.3841
-45.472
-45.8454
-40.6182
-37.2059
-36.3636
-37.5945
-39.1207
-39.5051
-39.3912
-40.1248
-43.2123
-47.2418
-42.5888
-36.6289
-34.5352
-35.2007
-14.4996
19.4971
36.3949
59.0047
71.585
78.445
81.0304
81.8348
82.6833
82.6464
80.443
77.7401
77.8885
78.7017
77.8967
75.6742
72.6979
69.2655
66.6816
65.2995
64.4391
62.3906
58.9401
56.2852
55.6634
56.4904
58.9499
62.2024
64.0604
62.8993
58.2581
48.1304
32.225
12.8686
9.83472
22.5248
31.877
35.7268
34.7903
29.1151
19.2191
11.4868
6.76663
3.82305
-0.294327
-4.01388
-7.67968
-12.5255
-14.9849
-12.9958
-13.0932
-15.9421
-19.5332
-17.3345
-14.5717
-15.2719
-19.1549
-22.83
-20.9096
-18.3727
-19.3154
-21.5833
-22.2654
-23.1126
-26.5937
-32.8416
-40.9775
-52.6111
-71.2933
-96.8739
8.83114
8.83114
8.83114
8.83114
8.83114
8.83114
8.83114
8.83114
8.83114
8.83114
8.83114
8.83114
8.83114
-18.9959
-24.4442
-34.3135
-42.3841
-42.559
-40.7871
-38.6392
-37.2159
-34.1789
-27.1236
-21.0198
-18.8299
-20.6332
-24.5901
-26.3663
-27.3452
-31.1195
-36.8735
-40.3285
-40.6266
-39.0787
-35.1455
-32.0492
-30.8494
-30.6059
-30.9249
-31.7413
-32.629
-33.1402
-34.0144
-34.4194
-33.6642
-32.176
-30.0585
-27.7265
-14.2944
22.6387
47.1607
65.6499
77.981
85.495
89.5323
89.9074
86.9375
81.5652
76.9693
76.6527
76.6995
76.9932
79.0604
82.0282
83.7443
84.1805
84.079
83.7742
83.4554
83.4044
83.5505
83.8274
83.9782
83.5404
82.0785
79.4699
75.1883
68.5296
58.8917
48.8084
38.6064
26.1888
18.9556
23.8856
32.5946
36.5168
35.5413
29.3832
17.1813
4.87375
2.8047
3.71324
4.33699
5.73954
6.92993
6.05455
3.77798
2.90921
2.80946
1.22712
-1.90343
-4.98245
-6.32852
-5.29893
-2.98738
-1.12588
-1.43916
-4.792
-11.0495
-18.4828
-20.9104
-18.8142
-18.129
-21.2432
-28.891
-42.5733
-66.2066
-88.1563
8.83114
8.83114
8.83114
8.83114
8.83114
8.83114
8.83114
8.83114
8.83114
8.83114
8.83114
8.83114
8.83114
-29.2091
-33.7768
-37.3066
-36.0459
-33.6895
-33.7009
-36.8634
-39.9314
-32.5125
-23.7682
-19.4812
-19.6487
-23.9868
-31.6044
-37.7025
-39.0122
-38.4211
-38.2815
-40.3937
-43.8456
-42.6985
-38.5872
-35.7868
-33.7254
-30.4348
-28.0378
-28.5391
-32.521
-39.2321
-43.6781
-41.4269
-37.7909
-35.7768
-34.4851
-31.7595
-19.2644
14.0582
58.3431
76.4052
87.8919
94.048
97.0159
98.0385
98.0246
97.3024
95.8471
94.7601
95.9033
97.8385
97.9114
95.4489
91.2012
86.0852
82.0096
80.6826
80.1361
78.446
76.6915
76.5494
76.1532
73.4215
69.8402
70.931
73.758
73.8206
69.2626
59.5677
44.8158
26.3693
14.5757
21.9497
30.4589
34.1727
33.3896
28.1527
18.893
11.7453
8.78403
6.81348
4.81675
4.35188
4.50331
2.95045
0.403018
-2.12885
-4.24954
-6.81153
-8.80608
-10.3577
-13.1648
-15.5153
-13.7824
-11.1686
-10.2889
-11.2968
-12.097
-11.8662
-12.2798
-14.6536
-17.9696
-21.068
-25.7205
-35.3734
-53.0787
-83.9583
8.83114
8.83114
8.83114
8.83114
8.83114
8.83114
8.83114
8.83114
8.83114
8.83114
8.83114
8.83114
8.83114
-24.8211
-28.5199
-32.8752
-33.1245
-30.5578
-29.2867
-30.8059
-34.8372
-38.0686
-32.6037
-27.6327
-26.3082
-27.4372
-28.0836
-26.3951
-25.1415
-26.3578
-30.7373
-36.3186
-37.1955
-36.3115
-38.3271
-42.9246
-44.8448
-43.0181
-42.2631
-42.7088
-43.6105
-45.0345
-46.2033
-43.6858
-40.3845
-38.5596
-37.1664
-32.5903
-13.071
17.5393
56.5112
77.7301
91.5821
99.6893
103.488
104.595
104.342
103.246
100.815
98.049
97.267
97.8372
99.4355
101.937
103.839
104.501
104.07
103.351
102.852
102.395
101.767
101.063
100.532
99.8765
98.7122
96.6353
93.2136
87.4562
78.7434
66.8859
53.1369
40.0268
29.7488
30.1741
32.7567
34.5587
34.3192
32.0143
29.0668
27.3998
28.3493
29.504
27.9572
23.1984
16.8538
13.7872
12.972
12.0495
12.327
14.2236
15.2623
14.1675
10.8751
5.6405
-0.268002
-5.23327
-7.61368
-7.09689
-4.73507
-3.66454
-3.96888
-3.47218
-3.20815
-5.60986
-12.3545
-25.014
-46.2441
-79.162
8.83114
8.83114
8.83114
8.83114
8.83114
8.83114
8.83114
8.83114
8.83114
8.83114
8.83114
8.83114
8.83114
-21.5863
-29.439
-41.6059
-50.7627
-49.4339
-39.9274
-33.8331
-31.7146
-32.1012
-33.46
-34.1579
-32.9009
-29.7592
-26.6502
-23.4157
-20.8473
-20.8439
-23.7354
-26.9948
-27.3267
-28.0856
-31.2332
-35.4384
-39.0419
-42.3068
-43.4064
-42.5472
-40.8442
-39.3206
-39.0312
-39.8731
-39.5784
-38.9972
-41.0005
-33.3832
-16.9092
17.4679
43.4385
59.2081
76.0359
89.1374
98.8587
104.247
106.496
106.948
106.293
104.824
105.047
108.835
112.076
112.769
111.175
107.812
103.94
101.447
100.423
99.1638
96.8634
94.8451
93.7257
93.0034
92.8096
93.8606
94.4856
92.9607
87.9914
78.4933
63.7513
41.99
32.8486
31.0815
31.7371
34.3353
35.9109
35.4627
33.0857
29.9734
27.4587
26.1982
24.6079
21.2386
17.8291
16.1433
15.0532
15.7209
17.9542
19.5608
20.5513
21.9867
22.6189
20.7835
16.2136
10.9576
6.87147
5.0776
6.69973
8.29416
7.6965
5.99778
4.6647
2.09626
-3.79169
-15.0443
-33.4779
-73.826
8.83114
8.83114
8.83114
8.83114
8.83114
8.83114
8.83114
8.83114
8.83114
8.83114
8.83114
8.83114
8.83114
-33.686
-34.9104
-39.782
-45.2991
-45.7118
-42.2632
-40.1733
-40.3441
-41.3404
-38.0552
-34.5357
-33.4765
-35.4749
-37.353
-35.5461
-34.4428
-35.432
-36.6547
-36.8315
-37.0174
-36.1727
-33.7062
-32.4028
-33.582
-35.1952
-35.6466
-36.3042
-39.0097
-41.3229
-39.3245
-37.7495
-38.8859
-41.316
-40.3903
-29.5226
-16.4634
13.8222
44.8752
62.024
72.725
80.2485
89.118
98.1686
104.332
106.878
106.024
102.916
100.599
99.532
96.6345
93.3709
94.1438
97.3491
99.2875
99.5678
99.563
100.349
101.658
102.837
104.372
106.513
108.212
108.318
106.077
100.864
91.8522
77.8002
58.7537
48.0086
43.6377
41.2679
41.7435
42.1259
42.3347
43.1395
43.3539
42.0486
40.4535
39.038
36.4874
31.2038
23.3059
17.8625
18.1161
21.0046
24.3533
25.2472
23.3359
21.9371
23.1885
22.9786
18.979
11.0974
4.13986
5.35321
8.7296
8.90101
5.63751
1.53559
0.558203
-0.30335
-4.51336
-14.0178
-30.4067
-69.0616
8.83114
8.83114
8.83114
8.83114
8.83114
8.83114
8.83114
8.83114
8.83114
8.83114
8.83114
8.83114
8.83114
-44.1085
-45.0063
-40.9412
-34.694
-30.9188
-31.1999
-35.3269
-39.0235
-33.2415
-26.8243
-24.0024
-24.8832
-28.8131
-33.3592
-35.845
-36.9354
-36.9121
-35.7502
-35.1262
-35.3647
-36.761
-38.1496
-38.0254
-36.0303
-33.817
-32.6095
-32.8861
-33.5672
-33.6242
-34.0712
-35.4825
-38.2515
-42.2283
-43.9244
-34.1823
-11.6137
16.8905
36.7934
55.7083
67.6311
75.7489
81.7473
85.6473
88.1436
89.774
90.3765
91.0143
92.8787
94.979
96.7544
97.3221
97.3005
97.1259
96.6485
96.2554
95.5838
94.5233
93.1477
92.0316
90.9543
89.1272
86.5821
84.4695
83.4169
81.5434
76.6926
66.7447
51.0376
27.8233
26.095
32.1219
38.1603
42.1348
42.9964
40.8181
36.6385
32.5854
30.2275
28.1317
24.8003
20.8596
17.3974
17.0017
17.8973
17.6951
15.4836
12.7612
10.0742
7.13599
6.03265
6.11549
3.90789
-1.82009
-9.67269
-11.2108
-8.25467
-7.46076
-9.14652
-10.2168
-8.97101
-8.73768
-12.1972
-20.3352
-36.1262
-62.666
8.83114
8.83114
8.83114
8.83114
8.83114
8.83114
8.83114
8.83114
8.83114
8.83114
8.83114
8.83114
8.83114
-35.775
-36.4998
-34.2887
-31.2625
-29.4208
-29.9643
-33.7759
-40.3951
-43.6021
-39.9153
-34.778
-31.0239
-30.4304
-33.0231
-36.6418
-36.9151
-36.1206
-37.7287
-41.6007
-43.1314
-40.0599
-36.9232
-34.0513
-31.3677
-30.4418
-32.077
-35.2945
-36.4701
-34.9213
-33.7655
-34.2376
-36.2579
-39.469
-43.3674
-40.493
-24.2555
9.46742
29.3041
50.9832
64.2163
73.1753
79.4007
84.7499
88.828
90.6759
90.3726
89.8431
91.2283
94.4262
97.116
99.1022
100.242
100.501
100.148
99.732
99.528
99.2774
98.6776
97.6361
95.939
93.0915
89.0488
83.8703
78.6523
74.4509
70.8532
65.0849
53.7846
39.4904
38.0683
39.1024
39.0929
38.8389
37.1209
32.5464
26.1921
24.779
26.1102
25.8868
24.0175
22.1923
20.7101
18.179
14.6968
11.7821
10.5526
11.315
12.3388
11.3149
8.15442
4.73128
2.07056
-0.839331
-4.96686
-8.84149
-8.66411
-5.92029
-4.44684
-5.40257
-9.17933
-16.162
-24.6149
-33.206
-45.1266
-58.031
8.83114
8.83114
8.83114
8.83114
8.83114
8.83114
8.83114
8.83114
8.83114
8.83114
8.83114
8.83114
8.83114
-34.2374
-38.9416
-42.8472
-38.7896
-33.1997
-30.8091
-32.2313
-37.4008
-44.5734
-44.2155
-35.5851
-28.8707
-26.0881
-27.2441
-32.0661
-38.3998
-41.3036
-42.5178
-40.8772
-33.51
-28.1285
-27.1504
-29.9817
-34.7134
-37.202
-38.0438
-38.8545
-37.5462
-35.4862
-35.4586
-38.1339
-41.8941
-43.9767
-44.5332
-36.8218
-18.7941
3.51665
39.0337
53.3595
63.5525
71.8123
78.771
84.4914
88.4926
90.3842
90.4049
91.261
95.0536
98.6524
100.183
99.725
97.6899
94.2389
90.3703
87.4515
86.3922
85.3236
83.708
82.0308
80.6919
79.1623
76.7174
75.4491
76.1617
75.9437
72.8765
65.855
53.227
38.6211
32.2802
34.7108
38.3592
40.8484
40.91
38.6605
34.7099
29.6236
24.4215
24.5197
24.5625
21.2887
14.4596
7.1491
2.83828
1.71309
2.95092
4.6508
5.08953
4.4283
2.94217
1.39434
0.69778
-0.0875833
-2.17922
-5.25435
-6.35469
-3.54964
-0.0597601
0.832439
-2.15843
-9.7302
-21.0298
-32.4488
-44.4268
-57.7139
8.83114
8.83114
8.83114
8.83114
8.83114
8.83114
8.83114
8.83114
8.83114
8.83114
8.83114
8.83114
8.83114
-31.4849
-35.5851
-37.6952
-39.4594
-41.0035
-41.7226
-43.4683
-45.7039
-43.8487
-40.6614
-38.8918
-38.0157
-38.0615
-38.8594
-37.9271
-34.6598
-32.8397
-33.775
-36.436
-35.8217
-32.0779
-29.9617
-30.2627
-32.3389
-35.7445
-40.0051
-42.3676
-42.3671
-42.2327
-43.181
-46.7306
-52.5515
-51.916
-46.4461
-35.111
-17.8431
-0.462584
33.0974
55.7862
68.4994
75.6289
78.9401
81.0115
84.6198
88.2256
89.3353
87.6154
86.3561
90.2399
95.8781
100.186
102.815
103.975
103.784
102.912
101.988
100.961
98.7908
95.0512
89.5999
82.5462
74.7979
70.1006
68.9198
68.0178
65.3238
59.3816
50.2136
42.2338
37.0283
38.2805
43.2227
46.2347
46.0739
43.4825
40.8148
38.8098
34.9658
28.4731
21.6541
17.7117
14.2659
10.3532
9.52382
10.2783
10.6617
9.92695
8.5154
6.60464
4.18729
0.575358
-5.27048
-12.4747
-12.9821
-10.034
-10.1906
-11.887
-10.4994
-6.5408
-4.91866
-7.04521
-13.1531
-22.9121
-38.7923
-58.2245
8.83114
8.83114
8.83114
8.83114
8.83114
8.83114
8.83114
8.83114
8.83114
8.83114
8.83114
8.83114
8.83114
-27.4867
-33.2779
-38.0428
-40.1385
-36.9768
-30.9808
-27.6705
-27.6378
-28.7566
-27.9614
-26.56
-27.1977
-30.8351
-36.7454
-40.448
-40.082
-40.9894
-43.5422
-42.6906
-38.8669
-36.5129
-35.7609
-35.034
-33.7419
-33.2078
-34.7351
-37.3777
-37.1025
-34.9716
-33.5282
-32.275
-31.1506
-31.5533
-34.1726
-35.2106
-23.141
3.8913
32.4249
53.1106
67.983
80.0192
90.061
97.1287
101.336
102.86
101.712
98.213
94.1356
93.6566
95.6738
96.608
95.5765
92.523
88.264
84.7595
83.6255
82.8959
81.8782
81.62
84.6595
88.1788
90.1823
89.702
86.6051
80.6944
71.6998
60.3911
47.6584
37.3685
32.2377
35.6499
43.6367
48.2053
48.5253
45.1207
39.8776
36.5607
34.467
31.3055
26.3582
20.4517
14.6308
11.4306
9.90721
8.28163
6.469
4.61123
3.0547
4.94244
8.24682
9.22675
6.54459
0.0113394
-9.6078
-19.027
-22.3295
-16.7575
-8.6506
-3.54326
-2.10942
-4.20946
-9.82825
-19.2153
-34.9193
-59.5341
8.83114
8.83114
8.83114
8.83114
8.83114
8.83114
8.83114
8.83114
8.83114
8.83114
8.83114
8.83114
8.83114
-28.5296
-31.9505
-33.4453
-35.2558
-37.084
-37.0661
-35.9287
-34.8515
-33.438
-30.8742
-27.6297
-26.1032
-27.5415
-31.9203
-35.5821
-35.0065
-34.9537
-36.9753
-39.4071
-39.4373
-37.6769
-35.5577
-35.5335
-37.8844
-41.1671
-42.0371
-41.0232
-38.2477
-35.1208
-33.9127
-34.388
-35.1486
-35.2492
-36.2218
-36.0244
-20.8572
9.54452
43.0387
62.6668
75.7953
83.941
88.7104
90.945
91.2881
89.7613
86.17
80.5567
75.8152
73.925
73.3188
72.5179
72.7238
73.2852
72.9921
72.1205
72.2322
73.4808
76.4595
80.1984
83.2883
85.0054
84.8308
83.1058
79.9724
75.3661
68.7384
58.9969
45.8883
30.048
25.4986
29.598
36.6218
40.1162
39.1135
33.5092
24.4961
19.9896
19.9903
18.2687
13.7611
7.85275
6.11415
7.28933
8.39662
7.69953
5.36616
2.45265
1.14275
2.14756
3.29535
2.10353
-1.70546
-7.24129
-12.6694
-17.5745
-21.9049
-22.2424
-17.8592
-13.2161
-10.1225
-9.88883
-13.3989
-21.876
-37.0927
-64.4893
8.83114
8.83114
8.83114
8.83114
8.83114
8.83114
8.83114
8.83114
8.83114
8.83114
8.83114
8.83114
8.83114
-20.2817
-21.9044
-23.999
-27.7769
-32.5082
-35.0765
-35.7757
-36.7068
-37.4481
-35.5496
-33.3868
-33.3319
-35.2673
-34.5533
-29.5724
-26.1239
-26.0325
-29.0202
-33.2906
-35.502
-35.7915
-36.0081
-36.5738
-37.9274
-40.8236
-44.3047
-44.7709
-40.7737
-37.1268
-35.9444
-37.592
-39.3126
-37.0639
-34.2556
-33.3853
-30.9112
11.8377
33.4083
48.434
61.3348
68.4329
72.7406
75.1783
76.3133
75.6657
73.0181
69.7327
68.3678
67.7863
65.2376
59.7967
55.5834
56.2093
58.1648
60.2417
62.4431
64.9135
67.9961
71.1844
75.2087
79.2694
82.8931
84.5375
83.7478
80.1075
73.4263
63.9919
50.5021
35.2449
27.7036
30.5885
34.6248
37.3725
36.3945
30.8494
21.2529
15.9382
14.1703
12.2171
10.5439
9.7138
10.2343
11.4398
11.1114
7.94148
1.87903
-4.88346
-9.06489
-10.1703
-11.0752
-12.9958
-14.8397
-15.3543
-15.0132
-16.1503
-18.9192
-20.6859
-20.7803
-21.9556
-24.3183
-26.9946
-31.1507
-38.5697
-52.4578
-72.0753
8.83114
8.83114
8.83114
8.83114
8.83114
8.83114
8.83114
8.83114
8.83114
8.83114
8.83114
8.83114
8.83114
-20.7565
-24.4627
-29.6185
-33.8021
-34.6115
-33.968
-34.1279
-35.0338
-36.0897
-38.2034
-39.1748
-35.6069
-32.5528
-31.4899
-30.247
-28.9677
-29.0281
-30.0371
-30.6011
-31.0193
-31.5347
-31.4701
-30.8752
-30.267
-29.8329
-30.2606
-31.7612
-33.1071
-33.688
-33.7932
-33.5939
-33.2281
-33.3606
-33.5224
-32.6699
-24.4444
13.5222
35.8076
50.5809
61.272
66.8512
68.4458
66.8991
63.7314
60.8874
58.0905
55.537
56.1646
57.2717
57.4231
55.3907
53.2178
53.2395
53.0743
53.7014
54.8382
55.5053
56.7996
58.8991
59.8798
61.1981
63.0345
66.5136
69.3201
70.0618
67.6875
61.2143
49.2699
30.2432
20.4361
27.9845
35.8691
39.5283
38.5727
32.7087
21.8505
12.7091
8.87187
8.12064
8.68101
8.20213
6.70512
6.11551
5.11946
0.516633
-8.66978
-16.9241
-16.6598
-16.2738
-17.7624
-19.7195
-18.5406
-16.9155
-17.7253
-20.6096
-22.4937
-21.7265
-19.998
-19.1689
-20.675
-25.3981
-33.5867
-45.7497
-62.5836
-81.8811
8.83114
8.83114
8.83114
8.83114
8.83114
8.83114
8.83114
8.83114
8.83114
8.83114
8.83114
8.83114
8.83114
-37.6651
-36.1057
-32.2424
-29.4138
-28.8178
-29.5612
-29.7373
-29.2662
-30.459
-34.4874
-40.4707
-44.094
-42.2107
-39.1352
-36.0627
-33.8959
-32.7014
-30.1882
-27.3923
-26.8674
-29.0846
-31.9366
-32.2611
-31.0199
-29.3877
-28.8554
-30.684
-35.0138
-39.6514
-41.2361
-40.9488
-39.4594
-38.5497
-39.3888
-40.1598
-29.6474
7.59226
22.9302
42.29
52.0433
56.4715
57.6208
57.6091
58.7319
58.8057
56.0994
51.0933
49.1713
51.8849
53.9293
54.4536
53.4707
51.5584
49.7054
49.5251
50.811
51.1791
51.5369
52.0066
53.1347
55.138
57.4214
59.5494
60.3624
59.0146
54.5568
46.5503
34.4058
16.6628
11.6984
24.4942
34.2177
38.3132
37.5942
32.3203
23.6666
16.7877
12.3285
11.3252
11.1837
8.27713
2.85506
-1.28336
-4.79054
-9.50408
-14.3631
-17.5604
-21.5249
-26.0661
-26.6766
-23.6249
-19.0077
-16.6325
-17.8157
-22.4214
-27.2438
-27.5627
-25.8272
-23.9398
-23.7992
-26.9356
-34.438
-48.1864
-69.0281
-93.0393
8.83114
8.83114
8.83114
8.83114
8.83114
8.83114
8.83114
8.83114
8.83114
8.83114
8.83114
8.83114
8.83114
-28.9396
-29.3406
-27.7412
-25.9549
-25.5063
-27.0155
-29.9765
-32.5671
-33.873
-36.4355
-38.4815
-36.6056
-34.2346
-33.262
-32.6222
-32.5321
-33.7526
-33.9985
-31.5525
-28.6272
-27.412
-27.1241
-27.1208
-28.3122
-31.2119
-34.6215
-36.273
-36.8021
-37.3135
-38.533
-39.2523
-37.0282
-34.163
-32.9202
-32.6964
-26.2716
2.01096
16.0294
27.4195
40.0508
46.2148
49.2692
50.1873
51.7176
52.2438
50.3424
46.4054
44.8106
47.0726
49.2726
49.4344
48.8186
47.208
44.8247
42.5212
41.5763
40.9486
42.0672
44.6661
47.1541
50.3587
53.5379
55.412
55.0598
51.4057
43.8911
34.703
18.5655
10.8702
9.00987
25.7572
36.572
41.3271
41.0738
35.9057
25.385
14.1021
10.4405
9.62924
8.14304
5.40359
2.47731
0.832479
-1.39574
-6.10131
-11.9561
-15.8138
-17.0273
-17.0071
-16.8786
-17.7062
-19.7375
-21.8948
-23.7341
-25.5794
-26.9489
-25.8495
-23.1017
-22.3703
-24.8384
-30.816
-39.6768
-52.1237
-66.0929
-101.686
8.83114
8.83114
8.83114
8.83114
8.83114
8.83114
8.83114
8.83114
8.83114
8.83114
8.83114
8.83114
8.83114
-25.7581
-24.7342
-24.7694
-25.5466
-26.6384
-27.8242
-28.4252
-28.3116
-29.1425
-32.6421
-37.7937
-40.0455
-37.4701
-34.3053
-31.8231
-31.1551
-32.0788
-30.7717
-26.7367
-24.221
-23.9688
-24.9263
-25.9022
-27.2631
-29.5512
-33.2997
-37.5508
-39.9389
-39.0329
-38.3915
-40.1661
-42.6301
-43.1299
-43.3495
-40.9197
-28.2485
-2.3551
15.8522
24.6177
35.1504
41.2648
44.2622
44.8282
44.5576
43.7567
42.1575
39.4072
41.8898
46.5825
49.612
49.9009
47.7135
43.5572
39.1975
35.0679
35.2938
33.4351
33.9261
35.1546
39.2749
43.3949
46.9056
48.3354
47.248
43.096
35.4836
26.6895
8.75005
-0.503805
8.26228
24.2957
34.8718
39.3621
38.9822
34.007
25.1229
17.3603
13.2235
11.0817
7.04126
0.409579
-7.64849
-10.9014
-11.8313
-15.67
-23.4886
-31.4451
-32.0807
-29.5761
-29.723
-33.059
-34.6693
-31.1089
-28.6526
-29.2943
-32.8416
-35.7566
-35.226
-33.9885
-34.7341
-38.496
-46.0601
-58.8422
-74.7464
-113.261
8.83114
8.83114
8.83114
8.83114
8.83114
8.83114
8.83114
8.83114
8.83114
8.83114
8.83114
8.83114
8.83114
-28.5216
-31.0729
-34.3243
-34.6027
-33.232
-33.2257
-33.897
-32.2129
-30.4224
-30.7055
-32.3208
-33.2252
-33.2334
-31.9339
-28.4486
-25.6469
-25.0613
-26.8718
-29.9629
-32.1874
-31.5567
-29.2168
-27.7355
-28.7502
-32.516
-36.8703
-39.1007
-38.9182
-36.6385
-34.3517
-33.6766
-34.172
-34.9495
-35.7755
-36.8268
-33.892
-6.30646
1.68309
12.1789
23.5162
27.7723
31.4828
33.2096
37.2511
39.9941
39.5941
37.1468
37.5907
43.4119
47.6723
49.032
47.8556
43.7254
37.6255
31.834
31.1613
29.7129
31.3465
33.5656
33.922
34.9944
36.4702
37.7443
38.1199
36.2455
31.2697
23.4563
7.59958
-2.7132
5.59612
23.0469
33.6192
38.3853
38.5136
34.4278
26.6279
17.2429
8.06885
2.96451
-0.345711
-1.87632
-3.85768
-8.15671
-15.1882
-22.8671
-28.8348
-30.3623
-28.2796
-26.7939
-27.5661
-28.8873
-28.8327
-27.3387
-24.9952
-23.5908
-25.1402
-30.4108
-36.9503
-37.3463
-36.4793
-39.4147
-46.8669
-60.3367
-78.196
-130.441
8.83114
8.83114
8.83114
8.83114
8.83114
8.83114
8.83114
8.83114
8.83114
8.83114
8.83114
8.83114
8.83114
-30.3221
-32.1426
-34.1442
-36.07
-39.383
-44.7459
-48.5175
-41.9519
-34.5614
-29.9538
-28.6739
-30.5392
-33.7446
-31.1014
-24.0645
-20.0819
-20.1974
-24.389
-31.2295
-33.377
-31.7143
-31.6819
-34.406
-37.151
-36.4338
-34.4988
-33.8872
-34.6288
-34.9695
-33.823
-32.9884
-33.3774
-34.6559
-35.9266
-34.1666
-26.4739
-2.74069
9.86955
13.5751
24.2397
29.1206
31.5224
33.5523
36.8027
39.0671
38.7356
34.9834
33.9525
38.0758
42.2084
44.1082
43.7316
41.3606
36.491
30.8479
30.3448
28.4574
29.2398
30.0427
30.7408
32.8422
34.8666
35.1934
33.9804
29.8989
23.1863
18.2465
4.29149
-1.21347
1.59702
18.1354
29.5566
37.1773
41.7549
42.9297
40.3488
33.4218
22.1425
14.1929
10.3809
6.0832
-1.25839
-9.70998
-16.8432
-22.5614
-28.2002
-27.3781
-22.5748
-19.6719
-19.8111
-22.6595
-26.8064
-29.0772
-28.5616
-28.2514
-29.7539
-33.1753
-36.1921
-36.4078
-35.7706
-37.7742
-43.8486
-54.7034
-72.307
-114.08
8.83114
8.83114
8.83114
8.83114
8.83114
8.83114
8.83114
8.83114
8.83114
8.83114
8.83114
8.83114
8.83114
-31.4665
-32.5465
-34.4436
-36.3835
-36.7249
-34.5945
-32.0623
-31.4726
-32.8918
-33.5339
-32.257
-31.2754
-30.543
-28.2586
-23.9108
-20.9966
-21.534
-26.464
-36.0696
-42.8784
-42.597
-41.7329
-41.1353
-40.6367
-39.0759
-36.3412
-32.7399
-29.6817
-29.0187
-31.4991
-36.0167
-37.0428
-34.5924
-32.5028
-30.0541
-22.3001
-1.06513
7.2261
10.672
20.0304
26.3515
30.8464
33.2281
35.089
35.453
34.1555
30.2751
29.8915
34.2765
38.6087
40.0808
38.9722
35.0387
29.8201
24.1058
24.8574
23.5387
25.0101
27.8506
29.5672
30.9754
33.5456
34.7771
34.8943
32.555
27.0705
21.3549
8.18083
-1.02873
0.0800579
17.0189
29.9971
38.7599
43.8214
44.975
42.012
34.3334
21.4706
11.7564
9.4355
5.86567
-1.26011
-10.5776
-19.2602
-26.064
-29.4299
-27.3334
-24.8388
-23.3081
-22.6176
-23.442
-24.927
-25.4722
-25.4702
-26.6847
-27.1668
-25.8639
-25.0741
-25.9903
-28.674
-33.3872
-40.6455
-51.7784
-72.1337
-102.289
8.83114
8.83114
8.83114
8.83114
8.83114
8.83114
8.83114
8.83114
8.83114
8.83114
8.83114
8.83114
8.83114
-29.784
-27.7304
-27.0459
-28.6103
-32.2059
-35.5345
-36.1324
-35.3082
-34.0933
-31.7588
-30.1659
-30.8972
-32.7757
-30.988
-26.3698
-24.2097
-25.2926
-28.3999
-31.4495
-34.1748
-37.1849
-38.0869
-37.3642
-35.9177
-32.7111
-29.4414
-27.9154
-28.5536
-31.3619
-35.9081
-40.4649
-40.4412
-37.76
-34.6072
-31.2137
-24.8764
-3.68816
5.79237
8.58076
18.5772
24.0418
30.2269
32.7958
33.6099
31.8476
28.4076
24.7748
23.025
28.779
33.5361
35.8638
35.2619
31.7137
26.668
22.0527
23.9879
21.0977
21.8245
24.6217
25.312
28.6836
31.678
32.5187
32.3084
30.4421
27.2248
22.19
13.7971
6.32357
9.66337
25.0227
36.6017
43.4568
46.6484
46.3998
42.5665
34.6607
22.9076
13.5328
9.40611
6.276
1.04984
-7.58042
-17.319
-23.5964
-26.0997
-28.5252
-29.705
-25.8583
-22.6403
-21.8892
-23.1204
-24.2971
-23.7496
-22.4603
-22.5009
-24.0169
-25.914
-27.2707
-29.0089
-32.2738
-37.9486
-48.1432
-64.505
-98.8544
8.83114
8.83114
8.83114
8.83114
8.83114
8.83114
8.83114
8.83114
8.83114
8.83114
8.83114
8.83114
8.83114
-33.8091
-29.3006
-27.8886
-30.0951
-35.712
-39.6424
-37.409
-34.7952
-33.5987
-32.9538
-33.0361
-33.6444
-34.1222
-32.4705
-30.3939
-28.5364
-27.3544
-27.7943
-29.9515
-32.0528
-31.6289
-30.7135
-30.4103
-28.9877
-26.1264
-24.6223
-25.7254
-28.9857
-32.4695
-33.4382
-32.4376
-32.1194
-32.9908
-32.8404
-30.4181
-25.1889
-4.44593
7.62411
5.59451
16.8703
22.9006
29.9008
32.6979
32.7033
29.2493
23.0566
16.8105
18.5724
25.8104
32.3759
34.9218
34.7575
31.4525
26.9459
20.7476
22.5544
20.6451
22.2651
25.2185
25.932
26.5938
28.2525
29.5942
30.7134
30.3214
27.6917
23.255
12.9042
4.45287
15.0662
34.9283
47.4408
53.8759
55.6784
53.3185
46.8638
36.7719
24.5655
15.4813
8.81177
3.42243
-0.533235
-3.25657
-6.11478
-8.57936
-11.1221
-15.2754
-20.4475
-22.527
-22.2017
-23.2072
-25.8599
-28.7185
-29.3805
-27.9138
-26.5929
-25.7759
-25.0536
-25.2642
-27.5174
-32.5075
-41.2348
-54.6711
-73.6354
-100.595
8.83114
8.83114
8.83114
8.83114
8.83114
8.83114
8.83114
8.83114
8.83114
8.83114
8.83114
8.83114
8.83114
-14.3283
-15.7223
-16.4163
-18.7462
-21.8576
-18.994
-13.4086
-10.5102
-10.6948
-13.4534
-17.2696
-18.8601
-17.3679
-15.0453
-13.0015
-11.8429
-11.2979
-10.657
-9.89425
-9.8398
-10.9354
-13.3508
-16.8483
-18.0273
-14.2929
-10.605
-9.45456
-10.5226
-12.2528
-13.0443
-12.6638
-11.6572
-10.9368
-11.5529
-13.3419
-13.1379
-1.50813
5.72849
8.95979
16.4562
23.6297
30.1985
33.1149
33.8358
31.5108
27.1684
20.9137
23.3524
31.5835
36.7231
38.8729
37.7638
33.1159
26.335
18.5861
20.2582
18.2773
21.3877
23.4945
24.2601
26.3016
28.7401
29.9723
30.8008
30.0555
27.1347
21.9204
10.1217
-0.452524
15.2544
33.2426
44.2769
49.1041
49.1936
45.1874
38.0832
31.0194
26.334
24.926
21.9267
15.9683
8.25667
1.65706
-4.24954
-8.80314
-10.3275
-10.2202
-11.0807
-13.4079
-16.0579
-18.1815
-19.6968
-19.8303
-17.9786
-15.478
-13.9226
-14.0661
-15.4652
-17.3289
-19.9697
-24.8993
-33.3872
-46.1407
-62.9639
-86.9552
8.83114
8.83114
8.83114
8.83114
8.83114
8.83114
8.83114
8.83114
8.83114
8.83114
8.83114
8.83114
8.83114
-22.3098
-21.2082
-18.7608
-19.1022
-22.6964
-25.9862
-23.3091
-18.8667
-15.7974
-15.1405
-17.1847
-21.0805
-23.8902
-22.97
-19.5624
-16.3153
-15.1401
-16.1063
-18.5571
-21.2614
-22.1881
-21.7384
-22.7113
-24.905
-25.4683
-23.2312
-21.4936
-19.9547
-17.2395
-14.7484
-14.3897
-16.1784
-18.5806
-20.4876
-22.1424
-18.0109
-1.83498
8.88928
9.03821
17.3105
22.3003
28.378
31.7886
32.8295
31.8877
29.984
27.3017
29.85
36.0928
40.4261
42.1373
41.3022
38.0283
31.9482
23.105
20.4921
16.7275
19.6566
22.508
23.1268
24.7743
27.5912
28.527
28.5077
26.3666
22.1653
16.847
2.48027
-5.38434
10.0358
29.9638
41.8626
47.7387
49.0272
46.4521
41.2258
36.8115
34.4491
31.6244
26.3518
18.5455
11.2008
4.49811
-3.87051
-10.8953
-14.6184
-17.9021
-21.2943
-23.3341
-25.202
-26.5361
-26.6412
-24.8277
-23.4186
-20.511
-16.1656
-13.1497
-13.0545
-15.9066
-21.2979
-28.6525
-37.1795
-46.7224
-60.6226
-76.0078
8.83114
8.83114
8.83114
8.83114
8.83114
8.83114
8.83114
8.83114
8.83114
8.83114
8.83114
8.83114
8.83114
-22.8512
-22.2933
-21.391
-22.7247
-25.7613
-25.1329
-20.788
-17.5462
-15.8465
-15.4684
-16.0248
-17.213
-18.6383
-17.8399
-12.5565
-8.22928
-7.45621
-10.2424
-15.5243
-20.7161
-24.2459
-25.22
-24.4195
-24.0681
-24.9433
-26.1938
-26.4171
-25.5946
-24.5033
-23.0586
-20.9987
-19.2008
-18.9973
-20.5516
-20.9649
-14.431
0.844412
8.37926
11.0635
17.3489
21.4953
26.476
30.2099
32.8069
34.0613
33.1966
30.9198
33.2102
39.098
43.2417
44.6731
43.4793
39.6022
33.4711
25.4209
21.9074
19.1652
20.4683
23.9803
24.7032
27.374
30.019
31.0958
30.5645
27.4981
21.574
15.1903
-1.65818
-7.50697
4.23567
23.1763
35.5988
42.3075
44.3758
42.214
36.0143
27.6887
23.0072
19.9211
15.6899
10.6759
5.61845
0.586032
-3.39223
-5.29882
-7.27227
-10.2388
-13.3725
-16.0783
-18.4863
-19.7776
-19.8043
-19.7636
-19.8331
-19.1491
-17.8697
-17.6573
-18.5259
-20.03
-22.2312
-25.8668
-31.1627
-39.1439
-52.8743
-72.2353
8.83114
8.83114
8.83114
8.83114
8.83114
8.83114
8.83114
8.83114
8.83114
8.83114
8.83114
8.83114
8.83114
-27.4492
-30.0859
-31.7617
-31.9232
-30.4261
-27.6294
-25.5035
-24.636
-23.8877
-22.7928
-22.0612
-21.8165
-21.5883
-20.9372
-19.5635
-18.681
-19.6014
-21.6389
-21.6847
-20.2804
-20.4946
-22.1367
-23.2715
-23.544
-24.6778
-27.8297
-32.1626
-35.0888
-34.945
-32.7519
-29.2407
-26.7356
-25.3523
-23.7898
-22.1391
-17.1006
-1.63023
9.41457
11.745
17.3486
21.4584
25.2673
28.7269
32.2607
35.0599
35.6575
33.3597
32.9519
37.5787
41.8384
43.5139
42.5439
38.763
32.7459
25.1793
23.7423
22.9628
24.9475
26.516
27.667
29.5576
32.0268
34.2606
35.1732
33.4594
28.5142
20.5077
4.70905
-9.92308
-5.69098
16.8589
32.7447
42.1324
45.9269
44.869
38.771
27.1488
17.0535
14.8348
11.869
6.90986
2.34362
-1.36097
-4.99844
-8.35417
-11.2493
-13.8379
-16.5886
-19.7794
-23.4938
-26.2672
-28.7278
-28.8808
-22.9576
-17.3035
-14.8508
-15.2943
-17.729
-20.5165
-22.564
-24.3051
-28.0278
-36.131
-51.0904
-77.18
8.83114
8.83114
8.83114
8.83114
8.83114
8.83114
8.83114
8.83114
8.83114
8.83114
8.83114
8.83114
8.83114
-26.0274
-24.9952
-23.324
-23.2547
-25.1497
-27.7365
-29.2065
-28.6448
-25.6652
-23.1739
-22.8918
-24.3911
-26.0966
-25.8767
-23.5444
-22.0864
-23.3176
-25.7631
-24.2436
-19.6628
-16.4023
-15.647
-17.7205
-22.0599
-26.9708
-30.8166
-34.2227
-35.9715
-35.3229
-34.1266
-33.1849
-32.5843
-31.1405
-28.4766
-25.5033
-17.3331
-1.22139
6.32805
12.957
21.2673
25.1633
27.064
27.8508
30.6323
33.5843
33.9011
31.9574
32.3882
37.3571
41.6417
43.2261
42.0942
38.391
32.4024
25.8623
24.5255
24.4802
26.2932
28.6824
30.9322
34.4683
39.232
43.5081
45.6488
44.4434
39.2728
29.3308
13.5775
-1.53447
-5.95232
17.7606
35.0538
45.9431
50.8322
50.7613
45.7521
35.0699
21.1715
12.894
11.214
9.37194
6.38367
3.35423
0.769529
-2.58376
-6.62799
-10.5205
-12.2796
-12.9765
-15.028
-19.2313
-24.6889
-27.9265
-26.6016
-23.7437
-22.1814
-22.8039
-24.7941
-25.849
-25.7912
-27.4029
-32.2842
-42.0785
-59.1614
-91.8653
8.83114
8.83114
8.83114
8.83114
8.83114
8.83114
8.83114
8.83114
8.83114
8.83114
8.83114
8.83114
8.83114
-27.9293
-25.684
-23.4507
-23.944
-26.989
-28.3203
-24.6568
-21.5481
-20.8413
-22.0518
-24.0829
-25.9336
-27.1393
-25.9819
-22.5591
-20.0351
-19.3629
-19.4799
-19.2065
-19.4678
-21.0856
-23.4624
-25.5127
-27.0211
-28.3524
-29.7367
-30.7153
-30.7194
-30.1643
-29.4424
-28.2198
-27.0339
-27.0497
-28.5994
-28.2755
-19.3896
-3.20693
8.11503
15.5211
26.0885
30.9002
31.7349
29.7017
29.9785
32.3136
32.5359
29.6941
28.5959
32.4841
36.4905
38.2625
37.5466
34.4975
30.6812
28.3921
29.8763
30.2356
31.9957
34.0552
37.0214
41.4958
47.3875
53.1351
56.1766
55.3626
50.0004
38.7565
21.3324
4.10376
3.59914
19.7252
35.2789
44.6525
48.5036
47.5981
41.9334
31.5972
21.6171
15.2884
8.74073
2.92399
-0.183686
-1.6358
-2.85095
-5.60409
-10.1306
-14.7603
-17.2846
-19.0781
-20.6971
-21.5852
-22.0167
-23.121
-24.1946
-24.2364
-24.734
-26.5877
-27.2823
-25.2882
-23.7879
-24.711
-29.1678
-38.4659
-54.7329
-87.0487
8.83114
8.83114
8.83114
8.83114
8.83114
8.83114
8.83114
8.83114
8.83114
8.83114
8.83114
8.83114
8.83114
-36.7012
-36.4219
-34.3369
-30.7786
-27.2242
-25.3833
-25.5721
-26.5172
-25.2588
-21.3617
-18.5981
-18.4948
-21.0273
-23.884
-23.3968
-22.3951
-23.8096
-26.6048
-26.9391
-26.4591
-28.0524
-30.581
-31.9964
-32.5067
-33.3118
-34.6958
-35.9778
-35.2617
-33.8591
-33.3784
-33.2843
-33.4004
-33.9956
-33.553
-30.0728
-25.3021
-9.80994
2.92558
21.1874
32.6628
37.6353
38.5626
35.9176
33.3836
32.9618
31.9889
29.6962
28.793
28.3949
28.3977
28.3019
28.6375
28.7212
29.0376
31.3194
34.438
36.6106
38.946
41.8047
46.0683
51.4686
56.2466
58.7298
58.1112
53.931
45.6225
32.0548
14.0857
6.55774
3.31969
11.754
26.8154
37.071
41.8259
41.9168
37.6568
29.9195
23.4222
19.3601
13.9092
5.43081
-3.80354
-7.71221
-7.98287
-9.03881
-11.7675
-14.1272
-14.7013
-15.6741
-18.3782
-22.0212
-24.6402
-23.4957
-21.0599
-20.0082
-21.5705
-25.2705
-28.0407
-28.197
-28.0725
-29.3387
-33.1195
-41.0281
-55.9106
-81.6766
8.83114
8.83114
8.83114
8.83114
8.83114
8.83114
8.83114
8.83114
8.83114
8.83114
8.83114
8.83114
8.83114
-26.2238
-27.3949
-29.9877
-32.3528
-30.808
-28.1442
-27.8811
-29.6431
-27.5754
-18.7931
-12.6031
-10.8949
-13.6668
-20.7003
-27.9267
-29.5226
-31.011
-33.4013
-33.4804
-32.8437
-34.1518
-37.0815
-36.9961
-32.5739
-29.5426
-29.4682
-30.8991
-30.9277
-30.628
-32.36
-35.1581
-34.8434
-32.2961
-30.291
-28.4426
-24.8771
-7.90519
14.718
33.7935
46.541
53.1077
55.9211
56.865
57.4747
57.6187
56.162
53.1292
50.9609
51.4661
51.9279
50.7082
49.5423
49.0723
48.7533
49.2102
50.5121
51.7759
53.3167
56.0828
59.0986
61.391
62.4503
61.895
59.0367
52.9218
42.765
27.5261
14.336
8.5614
1.209
4.45071
19.1567
29.8329
35.0332
35.7109
32.631
27.3786
23.041
18.8769
12.7985
6.39319
2.58197
-0.259448
-2.87935
-5.40433
-9.07073
-13.2511
-15.7986
-18.4542
-22.5228
-27.7524
-31.3426
-28.8183
-22.9071
-19.3532
-19.6372
-23.7122
-30.3251
-34.0891
-33.974
-34.6473
-38.5389
-47.6639
-64.3038
-86.7771
8.83114
8.83114
8.83114
8.83114
8.83114
8.83114
8.83114
8.83114
8.83114
8.83114
8.83114
8.83114
8.83114
-25.7353
-26.2964
-28.8153
-33.1388
-35.6638
-34.8341
-34.6934
-35.0712
-31.3612
-23.5533
-17.9874
-16.0194
-17.4163
-20.7821
-21.4149
-19.3785
-19.2866
-22.6183
-27.9556
-29.6564
-28.8486
-29.3603
-30.6664
-31.7085
-33.6615
-38.0833
-42.2597
-41.424
-39.2249
-39.462
-41.6431
-41.2156
-37.2277
-34.3379
-32.8992
-29.4497
-8.51607
18.7298
34.8011
48.1625
55.7043
60.4256
64.5555
68.0657
69.7065
68.6387
64.7857
59.9805
59.2299
60.9073
61.202
59.3917
56.1192
52.6024
51.1566
52.1239
53.1361
53.5522
53.8022
54.538
55.3045
55.0285
52.9858
48.7741
41.9728
32.0115
18.3774
6.98301
1.46425
-2.37968
1.99263
11.4849
17.4878
20.2472
20.7215
19.985
18.646
16.0764
12.0137
8.49006
8.5806
8.61551
6.32441
2.02977
-3.46296
-9.42133
-14.82
-19.3856
-23.9925
-27.2866
-28.6826
-27.7439
-25.3749
-24.2926
-25.8429
-29.1278
-30.6504
-29.4331
-28.5516
-29.9654
-34.3093
-41.9627
-53.8326
-72.668
-96.8527
8.83114
8.83114
8.83114
8.83114
8.83114
8.83114
8.83114
8.83114
8.83114
8.83114
8.83114
8.83114
8.83114
-29.6046
-31.0307
-33.313
-35.9991
-38.545
-40.0294
-40.9092
-40.1531
-36.7811
-33.2691
-31.935
-32.8848
-34.5877
-33.7073
-30.248
-27.7803
-27.9049
-29.855
-30.7762
-30.0201
-30.0201
-31.4155
-33.3213
-34.9389
-36.294
-38.4126
-41.8483
-43.9788
-41.5074
-36.6794
-32.8377
-31.2144
-31.8994
-33.7016
-32.3653
-24.3237
-5.96212
6.86932
23.3179
34.9737
40.5706
43.6439
45.8038
47.3779
47.8616
46.5171
43.1955
39.0075
37.2492
35.8388
34.0428
33.8008
35.6654
38.2996
39.8405
41.4108
42.2437
42.6881
42.5341
42.1724
42.3005
42.3373
41.342
38.6429
33.5952
25.4989
13.9383
2.48924
-5.3044
-12.2326
-4.2548
8.76372
18.6698
24.0254
25.1115
22.2329
16.1784
10.3459
7.8276
6.94436
6.49419
5.08866
1.68553
-3.13393
-9.0919
-16.2045
-23.0411
-28.4126
-32.45
-34.7201
-34.1854
-32.2892
-30.6376
-29.1908
-28.3518
-28.9116
-30.4926
-31.8748
-32.999
-35.5987
-40.6503
-48.0628
-58.7698
-76.2309
-99.0633
8.83114
8.83114
8.83114
8.83114
8.83114
8.83114
8.83114
8.83114
8.83114
8.83114
8.83114
8.83114
8.83114
-27.7584
-30.1783
-30.9097
-30.7331
-31.6977
-33.4494
-35.3545
-37.6063
-38.2485
-36.3295
-34.6215
-34.2298
-34.4643
-32.5065
-28.3643
-25.4483
-25.2464
-27.5973
-30.7885
-32.5134
-33.3742
-34.8048
-36.1857
-36.2828
-35.6626
-35.2222
-34.6282
-33.8853
-33.1918
-31.7977
-29.0117
-26.6007
-26.4778
-29.3751
-34.4913
-31.1953
-8.96356
8.22116
17.5291
28.5703
34.7506
37.7946
39.2236
38.9845
36.5127
31.6774
27.8425
30.7205
35.2732
37.3864
37.5885
35.7612
32.5426
30.3372
30.3657
32.131
32.4294
33.0597
33.4258
34.5729
36.2302
37.8749
38.5254
37.5969
34.1296
27.1651
16.5298
1.76284
-9.81291
-20.5714
-9.90715
1.94341
10.8505
16.3603
18.0542
15.993
10.6575
5.18147
5.03534
7.12911
7.4726
4.38381
-2.27883
-10.0287
-15.5659
-19.7708
-22.9898
-25.0759
-27.865
-32.2096
-35.7535
-35.3507
-32.9356
-30.8929
-29.7789
-28.6836
-27.3441
-27.2832
-29.832
-35.0563
-41.53
-48.5675
-58.8215
-74.1846
-99.4404
8.83114
8.83114
8.83114
8.83114
8.83114
8.83114
8.83114
8.83114
8.83114
8.83114
8.83114
8.83114
8.83114
-30.4407
-32.303
-32.0697
-32.5447
-35.9765
-41.1825
-43.5404
-43.6601
-43.0719
-39.9644
-36.8669
-36.1352
-36.6343
-33.0578
-26.9164
-23.4602
-23.5571
-26.6877
-30.2438
-30.2046
-28.9286
-29.9041
-34.1915
-40.6846
-43.1153
-40.3972
-38.5102
-39.0454
-41.2617
-41.5269
-39.1215
-37.7447
-39.0403
-41.9145
-41.6641
-27.5019
-6.65713
3.84833
16.5128
26.9882
32.1469
34.3488
34.7696
33.8924
31.3315
27.4533
26.9469
34.321
40.7437
44.0939
44.9611
43.4298
39.5681
34.1755
29.2328
28.7845
28.5175
28.593
29.5922
31.4855
34.2147
37.2561
40.0723
41.1733
39.1223
32.8663
21.1038
0.523102
-9.46742
-19.4789
-6.10772
10.419
20.8079
25.5957
25.6512
21.1324
12.0574
2.34731
-1.10806
-2.40123
-4.61226
-8.62412
-13.8199
-18.7154
-23.9727
-27.5503
-26.6999
-25.0858
-25.6583
-28.6901
-33.3559
-38.5574
-40.8863
-41.1858
-41.6253
-41.4721
-39.5914
-38.2902
-39.3574
-42.1793
-44.7373
-47.616
-54.3128
-67.2992
-84.8171
8.83114
8.83114
8.83114
8.83114
8.83114
8.83114
8.83114
8.83114
8.83114
8.83114
8.83114
8.83114
8.83114
-39.5231
-39.6429
-38.8296
-38.4958
-38.9513
-39.8084
-40.8706
-40.6519
-38.601
-36.31
-34.6172
-33.8272
-33.9752
-32.1294
-27.1496
-23.7318
-23.4335
-25.2753
-27.0039
-27.8847
-29.6755
-31.6627
-33.3425
-35.2326
-36.2195
-35.4323
-35.3668
-37.5701
-39.8082
-37.9441
-34.9
-33.5563
-33.9193
-35.1831
-34.6066
-26.2072
-8.75825
6.85088
14.9729
26.3862
32.8107
36.2412
39.011
41.0531
41.741
40.222
37.8279
40.1175
45.6204
48.9408
49.6575
48.0482
44.3428
38.9547
32.7688
29.8798
29.4353
30.0708
31.751
34.2344
38.4777
44.2394
50.1641
53.1539
52.1404
46.4083
34.3778
15.6224
-7.5905
-12.9313
0.53329
16.9934
27.8234
32.6958
32.6726
27.8606
17.893
5.5219
-2.04411
-6.1843
-10.5956
-16.0913
-20.7515
-23.8504
-26.4916
-28.843
-30.4215
-30.718
-31.6055
-33.8868
-37.3194
-40.348
-40.1883
-38.3824
-37.4345
-38.1085
-39.1149
-36.8245
-32.8279
-30.9068
-32.2836
-37.3635
-46.6831
-61.9717
-81.6448
8.83114
8.83114
8.83114
8.83114
8.83114
8.83114
8.83114
8.83114
8.83114
8.83114
8.83114
8.83114
8.83114
-40.5175
-42.7574
-44.3082
-45.4289
-45.4376
-42.333
-38.709
-36.0731
-33.9994
-33.027
-33.8459
-35.7
-34.627
-25.7939
-17.6082
-14.0212
-14.843
-19.1792
-23.637
-25.2862
-28.2397
-33.7593
-39.1977
-39.6976
-36.3757
-34.187
-34.702
-36.6352
-37.0738
-35.9461
-35.3716
-34.8295
-34.4298
-35.1046
-34.3677
-24.5828
-7.10896
1.19395
13.6288
25.0956
33.1832
39.7749
45.4074
48.8978
50.0723
48.7264
45.3738
44.3577
48.2552
51.4554
52.2479
50.7813
47.368
42.086
36.3125
33.634
34.0129
35.5248
37.3613
40.7108
45.8652
51.1592
54.7483
55.5283
52.8487
45.9443
33.1223
14.7906
-0.90112
-1.79207
-0.070383
8.11734
18.775
25.2893
27.1429
24.7394
18.538
11.0579
5.54763
-0.200069
-8.74835
-19.2836
-22.9452
-23.1511
-24.2778
-27.2306
-32.1172
-34.8694
-32.6275
-30.7492
-30.3798
-30.637
-31.2631
-32.7978
-34.5599
-34.6823
-34.0747
-34.9955
-37.3508
-39.8118
-42.4128
-46.8458
-54.6017
-68.2708
-90.3918
8.83114
8.83114
8.83114
8.83114
8.83114
8.83114
8.83114
8.83114
8.83114
8.83114
8.83114
8.83114
8.83114
-36.9795
-39.7002
-42.7007
-41.7233
-38.4437
-35.3624
-33.4111
-32.8782
-33.5238
-35.1137
-37.8102
-39.8097
-35.5139
-25.4181
-18.2528
-15.6421
-17.2771
-22.1506
-26.1141
-27.1989
-29.4055
-32.9466
-35.281
-36.2385
-37.2442
-36.896
-34.6783
-32.7772
-32.442
-33.8576
-36.2101
-37.4735
-37.0001
-37.2877
-39.075
-31.135
-9.73065
3.47983
7.64671
20.6386
28.7576
37.7572
44.9783
49.6002
51.6602
50.9013
47.6667
45.8103
49.1175
52.3028
53.0481
51.5793
48.2104
43.4839
38.4843
36.6812
37.5
39.6521
41.9956
46.5656
53.0953
58.6544
60.9784
59.41
53.445
42.2866
27.2977
13.463
8.01304
2.91787
2.23412
4.56926
9.54114
14.4978
17.0212
16.7548
14.5631
11.7069
8.03934
2.01556
-6.94437
-16.5614
-19.3792
-20.3349
-23.033
-26.3589
-27.5308
-26.957
-27.7333
-30.1742
-30.8673
-28.9591
-27.916
-29.2903
-32.1625
-34.0349
-34.3486
-34.5751
-33.7907
-32.3374
-33.15
-38.1406
-48.8864
-66.4285
-100.205
8.83114
8.83114
8.83114
8.83114
8.83114
8.83114
8.83114
8.83114
8.83114
8.83114
8.83114
8.83114
8.83114
-40.5987
-41.3035
-39.8599
-38.1897
-38.2406
-39.0698
-38.357
-36.6615
-35.6046
-34.3112
-32.7517
-32.3324
-32.3103
-26.9148
-21.0368
-19.052
-21.4047
-27.7316
-33.8021
-34.0991
-33.7454
-35.1402
-37.5871
-39.5991
-39.9567
-38.3832
-36.7724
-36.667
-37.2659
-36.5304
-34.5722
-32.3914
-31.3447
-32.3539
-34.4478
-29.8145
-10.0673
0.488582
2.98418
12.4155
17.6656
25.3279
32.5267
38.2469
41.3129
41.3039
39.0152
40.176
45.761
50.0277
51.7907
51.2682
48.4992
43.979
39.5181
38.5656
40.5272
43.3156
46.8296
51.594
56.5977
59.8404
60.1839
57.0662
49.8983
37.6313
24.1635
6.92955
3.23638
-0.0373949
-2.508
1.75397
8.93569
12.7839
12.7361
9.05449
2.7173
-3.18563
-7.03969
-10.6673
-15.7873
-20.6392
-23.0431
-22.9866
-23.0696
-24.0658
-24.6372
-25.1133
-26.4589
-28.1879
-29.8332
-31.1891
-31.0806
-30.8523
-32.0649
-33.6823
-34.9529
-36.861
-37.6448
-35.3713
-34.5604
-37.806
-46.427
-62.4326
-93.1615
8.83114
8.83114
8.83114
8.83114
8.83114
8.83114
8.83114
8.83114
8.83114
8.83114
8.83114
8.83114
8.83114
-40.6588
-41.9058
-40.4937
-38.5265
-37.703
-37.8593
-37.8639
-36.616
-35.3112
-35.4528
-37.3204
-39.7174
-38.5872
-29.0554
-21.5256
-18.8299
-20.7905
-26.7944
-32.1976
-32.6282
-33.6549
-36.2256
-37.5094
-36.7278
-34.9318
-33.6007
-33.6559
-35.1902
-37.4742
-39.9514
-41.0578
-40.2507
-39.3939
-38.6263
-36.1396
-30.1365
-10.2823
-0.561542
-4.15379
7.54634
12.2586
17.6468
22.6974
29.1955
33.2429
33.8336
30.9993
27.3332
31.2916
35.8529
37.971
37.2357
34.192
30.2621
27.0258
27.5598
29.039
31.8968
35.504
40.7423
46.0442
49.2533
49.1641
45.2988
37.0244
24.1315
11.9792
-4.19632
-4.56384
-10.062
-6.67594
7.21056
16.781
20.8345
20.1061
14.5524
3.85072
-7.80311
-13.3565
-16.9848
-20.9333
-24.2855
-28.2275
-30.6547
-30.4518
-29.5233
-29.4329
-30.4508
-31.7817
-32.3424
-33.0407
-34.2655
-33.2967
-30.4538
-29.667
-31.6486
-34.656
-35.1878
-34.244
-34.6623
-37.6908
-43.9444
-54.2107
-70.225
-97.9494
8.83114
8.83114
8.83114
8.83114
8.83114
8.83114
8.83114
8.83114
8.83114
8.83114
8.83114
8.83114
8.83114
-37.5925
-38.3551
-37.8686
-37.5797
-39.023
-40.9292
-39.4081
-36.7115
-36.244
-37.9133
-39.4725
-39.2929
-38.6924
-35.2338
-30.8051
-29.1685
-31.0348
-34.4832
-34.8017
-33.755
-34.7186
-36.6542
-37.2488
-37.0666
-36.8467
-35.9614
-34.8806
-33.9683
-33.5535
-34.0915
-34.8099
-34.649
-34.8569
-37.2024
-39.0844
-28.956
-9.5384
2.67385
7.25342
18.5475
24.049
25.9215
25.5358
25.8916
27.1821
26.961
24.1955
22.5555
28.3043
32.5098
34.3318
33.1891
29.2044
23.5171
16.919
17.4369
19.0141
23.053
27.9244
30.9901
31.7605
29.8385
24.7657
16.8647
5.53583
-0.419084
2.38493
-20.18
-14.9363
-30.335
-6.20762
10.082
19.0771
22.4177
20.9076
14.3206
1.90916
-12.7404
-19.3317
-19.6547
-19.6221
-20.7492
-23.6139
-27.7632
-32.2536
-35.5053
-35.9207
-35.7016
-36.6667
-38.9316
-41.6091
-43.0549
-41.7263
-39.1875
-38.4227
-40.3018
-43.1417
-41.2451
-37.0236
-35.4658
-37.595
-43.8349
-54.8191
-72.6833
-103.672
8.83114
8.83114
8.83114
8.83114
8.83114
8.83114
8.83114
8.83114
8.83114
8.83114
8.83114
8.83114
8.83114
-40.5155
-39.1055
-37.8137
-38.2328
-40.5829
-42.0229
-39.603
-37.1063
-36.8884
-38.1481
-38.6691
-37.1415
-33.8776
-27.664
-21.2925
-18.2938
-19.3616
-24.5795
-32.0841
-35.1095
-34.6601
-34.6305
-34.9708
-35.0389
-35.3418
-36.2091
-37.7051
-38.322
-37.0435
-35.888
-36.2847
-37.6721
-38.4201
-38.5274
-36.6956
-27.3452
-9.92957
0.271813
2.68066
13.9521
18.9837
22.0273
23.3972
27.9528
32.3257
34.2768
33.3865
31.9881
34.5408
38.3005
40.2003
39.0742
34.7306
27.4305
18.9075
16.1686
14.4617
14.8304
15.6153
15.5795
14.614
12.4699
5.69195
-2.68874
-9.95731
-5.86926
0.644118
-22.0748
-16.8099
-32.107
-8.5284
6.89049
15.5244
18.6024
16.847
9.97686
-2.78422
-15.5998
-20.0676
-17.3272
-14.7841
-14.7341
-17.5717
-22.7678
-29.1844
-35.2712
-37.3166
-36.5227
-35.3034
-34.7632
-35.8827
-38.8317
-41.7752
-41.4677
-39.5419
-38.847
-39.2185
-39.7123
-40.4637
-42.3441
-45.6886
-50.9281
-59.5244
-74.6348
-98.8755
8.83114
8.83114
8.83114
8.83114
8.83114
8.83114
8.83114
8.83114
8.83114
8.83114
8.83114
8.83114
8.83114
-43.4344
-42.4759
-40.8112
-40.2495
-39.8987
-38.7853
-38.2676
-39.4431
-40.7118
-40.6863
-39.9561
-39.2038
-36.7675
-29.3589
-22.2834
-19.016
-19.604
-23.3808
-28.3536
-31.4391
-31.7906
-30.8162
-30.6088
-31.622
-32.9724
-34.0643
-35.1694
-36.1796
-36.6035
-36.749
-37.2681
-37.7882
-37.4566
-36.7801
-34.8189
-24.8745
-8.23608
1.2797
0.760369
8.35033
12.9267
17.7482
21.5646
26.3805
29.7236
30.5711
28.6899
26.9206
31.1287
34.8549
36.0855
34.0468
28.9775
22.9978
18.7281
19.3529
18.9952
18.8956
17.9409
14.6604
10.7023
6.25031
-5.21375
-13.3602
-13.9296
-6.19241
0.209073
-20.1001
-15.46
-29.1444
-10.346
4.8318
13.1457
15.9985
14.0953
7.29084
-4.11556
-12.3831
-11.7074
-9.65388
-10.8996
-15.6789
-23.2332
-30.267
-34.2838
-34.9229
-32.5424
-30.3985
-30.0332
-31.3074
-33.581
-36.219
-38.7907
-40.3866
-40.3059
-39.4941
-39.2865
-39.797
-40.9332
-43.2276
-47.2776
-53.6848
-63.5316
-79.209
-100.206
8.83114
8.83114
8.83114
8.83114
8.83114
8.83114
8.83114
8.83114
8.83114
8.83114
8.83114
8.83114
8.83114
-35.2754
-34.5299
-34.088
-33.1603
-31.9806
-31.5877
-32.49
-34.3286
-36.1869
-36.6855
-35.3521
-33.0206
-31.1267
-30.5208
-30.309
-28.6382
-26.818
-27.0367
-29.2122
-30.6419
-30.3743
-30.8914
-32.7592
-34.7541
-36.0254
-36.7931
-37.4226
-37.8331
-37.61
-36.6536
-34.8862
-32.8819
-31.5366
-31.1104
-29.9269
-21.8927
-7.13005
1.0559
-2.0468
3.39816
9.23265
17.2246
21.9084
26.5971
30.1092
31.0271
28.9544
26.8154
31.196
35.3843
37.5262
36.9284
33.3966
27.0197
17.3622
12.4074
7.70068
7.52459
6.39027
4.01872
2.11587
2.14381
-9.54197
-15.8783
-14.3334
-6.42471
-0.132711
-22.6278
-17.0139
-32.4398
-12.6935
1.98103
9.9738
12.6532
10.7677
4.3721
-5.66009
-12.7111
-13.2718
-13.266
-16.6768
-23.6296
-32.2651
-39.4163
-41.6429
-39.5495
-36.6943
-35.5852
-36.2996
-36.9483
-36.725
-36.5635
-36.3009
-35.7869
-35.7041
-36.3435
-37.482
-38.9571
-40.7509
-43.3206
-47.7398
-55.0244
-65.7758
-82.3163
-106.075
8.83114
8.83114
8.83114
8.83114
8.83114
8.83114
8.83114
8.83114
8.83114
8.83114
8.83114
8.83114
8.83114
-35.5388
-37.0857
-38.1318
-37.0689
-36.2347
-37.0173
-38.4626
-39.1888
-38.9984
-38.3378
-37.8167
-37.6029
-36.6857
-35.012
-34.3645
-35.4806
-37.7959
-39.8405
-40.682
-40.5628
-39.0067
-36.9826
-36.6832
-37.6491
-37.0859
-34.7565
-33.4563
-33.7741
-34.7389
-34.6806
-33.6579
-33.4055
-34.5091
-35.3513
-31.4916
-22.4021
-8.3261
-0.124027
-4.7319
4.41886
13.4122
23.2056
29.1687
33.5633
36.0143
35.8955
32.5935
29.0298
32.2303
36.0052
37.7893
36.8951
33.1545
26.6078
16.1578
8.71596
1.40881
3.06129
4.29533
2.82194
-0.13797
-0.352288
-18.5316
-24.476
-15.5069
-7.40794
-0.845616
-23.0018
-17.0488
-32.6303
-21.9112
-8.95929
-0.350754
3.37386
2.9767
-1.17597
-7.77815
-12.1715
-13.7374
-15.313
-19.261
-24.7945
-31.2812
-37.3024
-38.4188
-36.5483
-35.4081
-35.6049
-36.3317
-36.0407
-35.0795
-35.8564
-39.3018
-42.3602
-41.0416
-39.1208
-39.117
-40.0056
-40.2335
-40.5995
-43.1638
-49.2071
-60.0779
-76.1848
-104.131
8.83114
8.83114
8.83114
8.83114
8.83114
8.83114
8.83114
8.83114
8.83114
8.83114
8.83114
8.83114
8.83114
-40.9627
-41.068
-41.3189
-40.2188
-38.1029
-35.8609
-34.5883
-34.7117
-35.6825
-36.2389
-36.4663
-37.0028
-36.1475
-29.9962
-24.0034
-21.7786
-23.5821
-28.5933
-33.0283
-34.0637
-35.0272
-36.6069
-38.4156
-39.383
-35.7812
-30.095
-27.3029
-28.1438
-31.0356
-31.8227
-30.9136
-31.9642
-35.2847
-38.7765
-35.0715
-22.6143
-7.92235
0.225292
-4.25663
4.1769
15.4044
25.2021
31.3774
35.4072
37.2047
36.4394
32.9974
30.2733
33.9664
37.6949
39.0873
37.8304
33.8772
27.0021
16.4202
7.50027
-1.35624
0.496401
2.26162
0.797276
-0.39401
0.0254209
-12.9944
-19.0538
-14.9643
-7.37853
-1.27116
-22.0645
-16.8781
-31.5277
-26.6403
-14.3268
-3.89882
2.22869
4.01255
2.15053
-1.0776
-2.08072
-2.95173
-7.17585
-15.7225
-26.3843
-31.9673
-33.4646
-33.5229
-33.2901
-32.7172
-32.0259
-31.8231
-32.3652
-33.7785
-36.2481
-38.5017
-39.2248
-39.6091
-39.7506
-39.6794
-39.7997
-40.011
-40.7961
-43.5682
-49.4919
-59.3846
-74.349
-99.7394
8.83114
8.83114
8.83114
8.83114
8.83114
8.83114
8.83114
8.83114
8.83114
8.83114
8.83114
8.83114
8.83114
-38.8386
-39.9967
-38.7362
-37.3824
-37.7571
-38.1992
-37.2416
-36.2162
-36.1074
-35.3797
-33.7198
-32.1438
-29.5704
-23.0278
-17.2681
-15.3494
-17.591
-23.7782
-30.661
-31.9052
-30.4771
-29.7927
-31.4472
-35.6472
-39.3004
-37.3918
-34.3034
-33.2149
-33.8396
-34.769
-34.683
-34.4372
-35.5964
-38.0803
-33.8754
-20.2732
-6.58159
0.353054
-4.4454
3.13989
13.3381
25.2534
32.1627
36.2114
37.5499
36.1202
31.7427
27.0645
29.753
33.3867
35.1303
34.3266
30.9272
24.8526
14.6323
6.70239
-4.03567
-1.29474
1.67807
-0.426198
-3.27711
-2.38612
-23.8785
-25.1949
-15.5586
-7.34837
-1.14535
-22.7961
-17.3628
-30.0794
-19.4872
-6.17519
2.68905
6.45955
5.63923
0.435176
-6.80009
-8.51041
-8.81602
-12.0875
-18.828
-26.0755
-31.5695
-36.0163
-36.7267
-34.1098
-32.8676
-33.874
-34.7739
-32.8896
-30.8454
-31.0182
-32.8647
-34.0746
-34.0177
-34.47
-36.302
-37.9323
-37.2773
-36.4884
-38.1412
-43.4904
-53.3964
-69.42
-91.4842
8.83114
8.83114
8.83114
8.83114
8.83114
8.83114
8.83114
8.83114
8.83114
8.83114
8.83114
8.83114
8.83114
-39.7828
-38.6484
-37.5321
-36.0948
-35.0872
-34.6351
-34.4598
-34.767
-34.2301
-29.9598
-25.6051
-24.1588
-23.115
-15.423
-8.01902
-5.24117
-7.17509
-13.9088
-23.4177
-27.1362
-27.8413
-29.7052
-32.3846
-35.9764
-40.2629
-42.1577
-40.4238
-38.9254
-38.9649
-39.1621
-38.3572
-37.2762
-37.0214
-37.8268
-34.3741
-21.693
-7.19171
0.546692
-4.91831
3.68865
15.5856
26.7254
32.8502
35.0096
34.0096
30.512
25.3299
23.1057
28.2156
32.0173
33.8504
33.308
30.2001
24.4332
13.8274
4.59416
-15.8873
-4.45906
-0.591013
-2.77197
-5.05438
-3.3684
-31.8333
-26.7889
-15.1089
-7.23789
-1.34966
-22.9133
-17.5858
-31.9085
-18.1212
-2.92086
6.95067
11.336
11.0079
5.99385
-3.64598
-12.3965
-15.9274
-18.9106
-23.1602
-27.0013
-31.5207
-36.379
-37.4873
-35.7704
-35.3492
-36.1826
-36.6907
-36.735
-37.7225
-39.5555
-38.9474
-35.5615
-33.2318
-33.6455
-36.4437
-39.4061
-39.4189
-37.9187
-38.0465
-41.6425
-50.0586
-65.4224
-91.0073
8.83114
8.83114
8.83114
8.83114
8.83114
8.83114
8.83114
8.83114
8.83114
8.83114
8.83114
8.83114
8.83114
-36.1906
-38.641
-38.9636
-36.3627
-35.3376
-37.1958
-41.2782
-44.6182
-40.9025
-31.7803
-26.0265
-24.4588
-23.999
-17.0643
-10.2293
-7.84396
-10.023
-16.6152
-24.9156
-28.9534
-31.7818
-34.6864
-34.622
-33.2489
-32.7711
-33.2505
-34.166
-35.1547
-35.6852
-35.6611
-35.625
-35.9161
-36.1202
-36.4572
-36.9313
-31.1963
-11.7956
-2.57264
-11.1962
-0.418556
15.0806
26.0681
31.7619
32.8251
29.7054
22.8983
15.4475
18.7909
26.61
30.7612
32.5885
31.8655
28.5395
22.5205
11.9251
3.73305
-21.198
-5.20132
-1.3439
-3.08116
-5.5893
-4.06005
-33.2407
-26.4421
-14.9701
-7.15177
-1.84894
-22.9952
-17.7212
-34.1726
-24.3596
-9.22854
1.35385
6.35147
6.67834
2.68717
-5.18071
-13.8541
-20.2276
-24.3235
-28.261
-30.3396
-32.0775
-32.5141
-32.2377
-31.8754
-32.0806
-33.1316
-34.3827
-34.7574
-34.1808
-33.4081
-32.3262
-30.877
-30.5805
-32.5793
-36.3521
-39.1214
-40.1558
-41.9408
-45.4925
-51.1767
-60.0429
-74.9985
-101.315
8.83114
8.83114
8.83114
8.83114
8.83114
8.83114
8.83114
8.83114
8.83114
8.83114
8.83114
8.83114
8.83114
-36.3192
-39.829
-40.3675
-37.115
-35.4004
-36.9112
-40.9347
-42.4453
-38.801
-34.006
-30.7206
-29.8142
-28.1675
-19.2519
-11.8327
-9.10064
-10.8581
-16.9392
-25.6502
-31.5887
-33.6506
-33.8073
-33.0873
-33.1646
-34.7141
-36.808
-37.9727
-38.5937
-39.8629
-41.097
-41.1624
-40.2772
-38.7741
-37.4318
-37.0837
-33.3515
-12.5513
-2.73412
-9.58395
2.63024
14.2922
25.5589
31.2315
32.5657
30.2399
25.2532
19.7251
19.2693
25.473
29.1623
31.0554
30.6673
27.8121
22.2491
11.6884
3.1315
-14.2135
-5.94286
-2.06831
-3.55494
-5.95831
-4.54149
-32.0033
-25.247
-14.8404
-7.48492
-2.27796
-24.1805
-18.2981
-30.7076
-23.0362
-9.51348
0.791117
5.74408
6.19222
2.56627
-4.37747
-11.8525
-17.3188
-21.5462
-25.8215
-29.0855
-30.5436
-30.8037
-31.2761
-31.6916
-32.1359
-33.3874
-35.736
-37.9311
-39.0905
-39.992
-40.0411
-38.9774
-38.1537
-37.877
-36.8683
-34.4821
-32.4577
-32.1585
-34.2302
-39.2744
-48.5076
-64.7005
-92.9138
8.83114
8.83114
8.83114
8.83114
8.83114
8.83114
8.83114
8.83114
8.83114
8.83114
8.83114
8.83114
8.83114
-36.0358
-35.4401
-34.9511
-34.7795
-35.4744
-36.1829
-35.5118
-34.5483
-34.3119
-32.8364
-30.4022
-29.5496
-30.1698
-25.6656
-19.2822
-16.5407
-18.0915
-23.7873
-31.5316
-35.5894
-36.4025
-35.5861
-34.7195
-35.143
-36.4147
-37.6464
-39.2606
-40.8706
-40.538
-39.3399
-39.3713
-40.1662
-40.3291
-39.4727
-37.2988
-31.2097
-12.0778
-2.44769
-9.09474
0.892297
13.4948
24.6218
30.6837
33.728
34.3704
32.7702
28.5355
23.7725
25.7571
28.9082
30.6143
30.0231
26.8691
21.1721
10.5413
2.63484
-13.3686
-5.74518
-1.79757
-3.30998
-5.77187
-4.38996
-32.3393
-26.9607
-15.295
-7.5572
-2.26728
-23.611
-17.5176
-30.3052
-21.0346
-5.60497
5.69519
11.5185
12.7702
9.81426
2.75775
-6.96642
-15.7746
-20.8524
-23.7265
-26.4768
-29.3306
-31.091
-32.0796
-33.4312
-35.402
-36.8365
-37.6093
-38.2528
-37.9792
-37.1857
-36.3249
-35.0695
-33.8592
-33.5273
-33.6131
-33.6189
-34.4386
-37.0551
-41.6017
-48.3507
-59.0831
-76.0839
-98.4271
8.83114
8.83114
8.83114
8.83114
8.83114
8.83114
8.83114
8.83114
8.83114
8.83114
8.83114
8.83114
8.83114
-32.237
-31.6544
-32.0855
-33.0732
-33.9385
-34.4044
-34.7364
-35.4684
-35.8093
-33.2207
-30.1756
-29.5831
-29.9906
-22.9003
-15.2247
-12.1523
-13.6444
-19.2179
-25.8434
-28.6593
-31.1551
-34.8162
-37.1835
-38.0072
-39.0341
-40.104
-40.1704
-39.8903
-39.6929
-38.66
-37.0467
-35.6799
-34.8533
-34.6774
-34.5733
-30.5044
-11.8139
-2.50006
-9.51532
-0.609505
10.6407
23.4771
30.6965
35.6107
37.958
37.3396
33.1731
26.2646
24.8646
27.2927
29.1142
28.7898
26.1163
20.8773
10.6285
3.12854
-20.3826
-5.46121
-1.80052
-3.23629
-5.7646
-4.38377
-31.7747
-26.2241
-14.9247
-7.28322
-2.22392
-23.5716
-17.6531
-29.4141
-18.5307
-5.57155
2.51326
6.18004
6.01482
2.22806
-4.99549
-14.8547
-21.9681
-26.0971
-28.8989
-31.118
-31.6757
-30.5405
-30.186
-32.0948
-35.9629
-38.1368
-37.1097
-36.2019
-36.0015
-36.0137
-35.7932
-35.2672
-34.6904
-34.4325
-35.0275
-36.4563
-38.0979
-39.7806
-42.6114
-48.7667
-59.9025
-77.1242
-102.482
8.83114
8.83114
8.83114
8.83114
8.83114
8.83114
8.83114
8.83114
8.83114
8.83114
8.83114
8.83114
8.83114
-31.4349
-34.7729
-37.1402
-38.9219
-41.0459
-42.2791
-41.949
-40.5966
-38.2073
-33.953
-30.6921
-30.3062
-32.4623
-29.3364
-22.1416
-18.2757
-18.4566
-21.9882
-26.6212
-29.3627
-32.3999
-36.0488
-38.9087
-40.8269
-42.3354
-43.4814
-43.5242
-41.2935
-37.508
-34.419
-32.6433
-31.8769
-32.3549
-34.1803
-33.8935
-26.5244
-10.4609
-2.03934
-9.9529
-0.224417
9.79092
20.1212
28.4507
34.6409
37.9375
37.833
33.856
26.7029
24.2474
26.1875
27.8678
27.5935
25.0256
19.96
9.73335
2.5514
-23.1139
-5.34137
-1.64975
-3.04174
-5.33258
-4.34014
-31.0952
-25.4324
-14.6363
-6.95319
-2.08473
-22.2518
-17.3863
-30.0012
-16.0463
-1.65402
7.21052
11.4741
11.5536
7.45392
-1.0723
-12.7413
-20.0681
-23.5273
-26.4537
-28.6468
-31.6735
-34.8906
-36.4807
-36.837
-37.5682
-38.3259
-37.7432
-36.5507
-36.3411
-37.2131
-37.2415
-34.9702
-32.1465
-30.6903
-31.025
-31.7695
-32.0825
-33.655
-38.3888
-47.7846
-62.4874
-84.1782
-98.963
8.83114
8.83114
8.83114
8.83114
8.83114
8.83114
8.83114
8.83114
8.83114
8.83114
8.83114
8.83114
8.83114
-34.8521
-33.9867
-33.9901
-34.759
-35.8497
-36.3466
-36.2432
-36.4986
-36.5844
-34.2999
-31.3402
-30.3106
-30.6699
-27.4495
-22.149
-19.5728
-20.6233
-24.8893
-30.7494
-35.8342
-39.2378
-39.698
-38.7041
-38.0682
-37.9045
-37.2785
-36.0034
-34.7449
-33.1965
-31.2857
-30.3324
-31.2609
-33.6008
-35.4431
-33.9009
-25.7935
-10.0806
-1.59428
-7.69648
-1.51115
3.67205
13.8403
23.2592
30.2364
34.0557
34.2466
30.4573
23.9686
22.89
24.6178
26.0046
25.7097
23.4687
18.8365
8.82062
2.05659
-15.2784
-5.69647
-1.94897
-3.28147
-5.61009
-4.46135
-31.8762
-26.0123
-15.1557
-7.50317
-2.42171
-24.7399
-17.9627
-31.0278
-19.0543
-5.48976
3.15201
7.51409
8.04084
4.97296
-1.28308
-8.68645
-13.4847
-14.8954
-15.4253
-16.9297
-20.8831
-27.2524
-32.8371
-34.9566
-35.8326
-36.657
-37.6783
-38.3251
-37.1868
-35.5675
-35.1237
-34.8801
-33.4193
-31.7336
-30.885
-30.6671
-31.0227
-32.555
-35.9996
-42.0564
-51.9032
-67.6321
-89.0643
8.83114
8.83114
8.83114
8.83114
8.83114
8.83114
8.83114
8.83114
8.83114
8.83114
8.83114
8.83114
8.83114
-39.6732
-40.0993
-39.53
-37.8238
-35.5313
-34.2831
-34.3485
-34.5227
-33.7225
-31.5129
-29.4859
-29.565
-31.5742
-31.0748
-27.1645
-25.1967
-26.291
-29.0825
-31.2633
-33.4595
-37.0661
-39.7452
-39.2112
-36.9799
-34.6165
-33.3531
-33.4985
-33.9085
-32.7206
-30.3431
-28.5597
-28.416
-29.712
-31.4439
-30.1154
-20.7404
-7.22658
0.372814
-3.98054
-0.869103
0.692887
6.20125
15.5184
22.3665
26.3475
26.7785
23.5009
18.7818
20.8653
22.534
23.7702
23.6216
21.6723
17.4998
7.7332
1.70748
-16.128
-5.94607
-2.17869
-3.39833
-5.60127
-4.65463
-29.1274
-25.2192
-14.9378
-7.3118
-2.60671
-21.3195
-16.7921
-22.0462
-5.5031
7.22523
13.7022
15.1157
11.9436
4.34729
-4.97595
-10.9762
-15.2163
-18.0242
-18.0537
-17.8255
-19.9886
-25.2046
-32.4881
-37.7684
-39.6427
-39.6383
-38.8537
-37.505
-35.5629
-33.7922
-33.402
-34.1633
-34.9653
-34.6812
-33.648
-32.7666
-32.5423
-33.4026
-36.0727
-41.5763
-51.5979
-68.4557
-97.1482
8.83114
8.83114
8.83114
8.83114
8.83114
8.83114
8.83114
8.83114
8.83114
8.83114
8.83114
8.83114
8.83114
-32.6389
-32.4503
-34.0825
-36.7024
-38.8259
-39.6998
-39.3546
-38.4265
-37.5823
-37.3456
-37.7516
-38.2384
-36.5302
-31.7043
-27.2506
-25.5195
-26.8759
-30.698
-34.6385
-36.3391
-37.103
-38.3106
-38.9559
-37.32
-34.6512
-33.3412
-33.9899
-35.27
-35.0455
-33.7574
-33.2771
-33.2672
-32.5246
-31.9559
-31.7023
-26.3407
-10.735
-2.49697
-9.9341
-1.9799
1.37513
3.22715
9.1847
13.4878
15.9308
16.0371
13.2506
13.0707
19.0552
20.425
21.4462
21.3641
19.5427
15.7129
5.85317
1.47557
-23.9236
-5.45892
-2.13541
-3.37405
-5.6821
-4.5482
-34.381
-27.2763
-15.1957
-7.57169
-2.62854
-23.3207
-17.9725
-25.5449
-9.07453
4.14084
11.0108
13.1111
11.4347
7.01602
1.71218
-3.74579
-9.25606
-14.2366
-18.9372
-22.3705
-25.2706
-28.7094
-32.0778
-34.5352
-36.509
-37.3517
-36.1501
-33.6886
-31.477
-30.8621
-31.9972
-33.7829
-34.3087
-32.1976
-30.1995
-30.495
-33.344
-37.103
-40.1176
-44.6592
-53.5303
-68.9291
-93.4469
8.83114
8.83114
8.83114
8.83114
8.83114
8.83114
8.83114
8.83114
8.83114
8.83114
8.83114
8.83114
8.83114
-36.1043
-35.6902
-34.0485
-32.8882
-33.7489
-36.1104
-37.5924
-36.4299
-34.3822
-33.1215
-33.6421
-36.0177
-37.4522
-34.8502
-31.2782
-29.3701
-29.3467
-30.8118
-32.7106
-33.1642
-32.213
-31.8412
-32.5198
-32.9164
-32.663
-33.0402
-34.125
-35.0564
-35.742
-36.8966
-38.403
-38.5182
-36.2742
-33.619
-32.1898
-29.8965
-12.754
-3.25259
-13.8581
-3.17145
0.905673
5.82001
10.2809
11.2529
8.94109
5.69811
3.70328
8.63658
17.0828
17.806
18.5423
18.5484
17.1103
13.7237
3.81654
1.76187
-14.9042
-4.53159
-1.419
-2.833
-5.20462
-4.2536
-33.7353
-27.0018
-14.8331
-7.27926
-2.34096
-23.8541
-17.8251
-27.8411
-13.4104
-1.18998
5.24413
6.93895
4.64993
-0.544857
-5.67647
-9.22538
-12.6411
-16.6396
-21.9676
-28.2099
-33.0583
-35.1872
-36.5089
-37.0163
-35.4372
-33.642
-33.0245
-33.2719
-33.8322
-34.5132
-34.4214
-33.8965
-33.9762
-33.2044
-31.5408
-31.3157
-33.6001
-37.6642
-42.3162
-48.5432
-58.3853
-74.8056
-95.6253
8.83114
8.83114
8.83114
8.83114
8.83114
8.83114
8.83114
8.83114
8.83114
8.83114
8.83114
8.83114
8.83114
-39.6822
-39.6862
-40.2289
-40.768
-41.2268
-41.8554
-42.5947
-42.2928
-41.3892
-41.8968
-44.4313
-46.4712
-42.1226
-36.6478
-34.0086
-33.4149
-33.4423
-33.9386
-35.6846
-37.7375
-38.4307
-37.8654
-36.7746
-36.3213
-37.751
-40.9874
-43.134
-42.6953
-42.3836
-42.9622
-43.355
-42.9882
-42.0349
-41.1299
-40.4887
-37.9677
-14.2676
-4.39471
-19.292
-4.64643
0.429245
5.7661
9.69622
9.93965
6.48091
2.16084
-0.157887
3.79667
13.6695
12.6804
13.1115
13.0341
11.5495
8.9916
-1.6527
0.812135
-11.579
-3.67847
-1.13713
-2.67541
-5.38731
-4.21313
-33.8721
-26.9332
-15.2832
-7.42084
-2.62176
-24.6687
-18.6906
-37.6548
-26.7304
-15.0919
-6.95168
-3.00984
-2.75928
-5.77459
-11.253
-17.9057
-23.647
-27.6194
-31.2479
-34.04
-34.9391
-34.0991
-34.2567
-36.3733
-38.972
-39.9238
-39.7869
-39.9372
-40.5528
-40.5421
-38.322
-36.153
-35.9362
-36.8267
-37.5479
-38.0423
-38.839
-40.1272
-43.0886
-49.4314
-60.4964
-77.4421
-98.2992
8.83114
8.83114
8.83114
8.83114
8.83114
8.83114
8.83114
8.83114
8.83114
8.83114
8.83114
8.83114
8.83114
-46.1909
-47.73
-48.6324
-49.7025
-51.4869
-52.4707
-51.8102
-50.7551
-49.908
-49.5383
-50.0182
-50.3502
-48.5986
-46.1067
-45.1506
-45.4652
-45.4223
-45.4802
-46.9499
-47.7217
-46.2592
-45.5236
-46.9396
-48.8095
-49.6481
-50.958
-53.7033
-56.7092
-58.1046
-58.2772
-57.5403
-55.0401
-51.311
-48.5141
-47.3028
-46.1755
-15.0322
-4.90289
-22.674
-5.0883
-1.48773
2.01888
5.15208
5.84949
4.35524
3.19146
-0.352251
-2.18929
9.15778
3.47912
2.91576
4.27692
4.25638
4.19702
-8.57957
-0.851271
-21.1132
-5.65235
-1.86065
-3.33761
-5.45024
-3.91412
-24.4119
-22.4383
-14.6658
-7.53479
-2.87593
-26.0119
-19.1602
-44.6153
-30.5049
-17.6223
-8.48105
-4.248
-4.34581
-8.56842
-16.6737
-26.31
-35.5789
-40.6502
-43.5011
-44.8585
-48.2851
-51.5412
-52.2319
-50.6623
-48.6069
-47.1376
-46.6656
-47.4286
-49.1208
-51.4564
-53.6076
-53.7145
-52.4616
-51.204
-50.9187
-51.0334
-50.5568
-50.1127
-51.2592
-55.5509
-64.2271
-78.8383
-102.204
8.83114
8.83114
8.83114
8.83114
8.83114
8.83114
8.83114
8.83114
8.83114
8.83114
8.83114
8.83114
8.83114
-62.4743
-62.7979
-60.8635
-59.0035
-58.9376
-59.6254
-59.0382
-58.2957
-58.6673
-59.2817
-59.4346
-59.7909
-59.1496
-56.5675
-54.5413
-54.1708
-54.5197
-54.4263
-54.7015
-55.7792
-56.5815
-56.2521
-56.5274
-57.1957
-57.5527
-58.1143
-60.0462
-63.1833
-65.5912
-65.7236
-63.9753
-61.8188
-60.1748
-59.4448
-58.0909
-50.5162
-14.7491
-4.45402
-20.1825
-4.40764
-1.35412
-1.94934
0.137327
1.2674
1.42274
1.75414
-1.99725
-7.15215
6.87068
-5.26452
-7.79735
-3.34612
-1.7072
0.988528
-16.7214
-1.17383
-24.1213
-5.69642
-1.84192
-2.94134
-4.90867
-3.62544
-21.8609
-21.0384
-14.1831
-7.29949
-2.75579
-25.8107
-19.0043
-52.5738
-34.656
-23.0271
-13.9424
-9.88052
-10.2592
-15.0555
-24.1813
-36.5041
-46.908
-53.066
-58.6844
-55.7774
-56.3323
-55.1982
-54.5109
-54.5852
-55.4962
-56.8074
-56.7815
-55.6558
-54.8878
-56.3418
-58.9737
-60.6392
-60.9794
-59.9346
-59.2105
-58.1911
-56.723
-56.4666
-58.5498
-64.0557
-74.0423
-89.6877
-112.955
8.83114
8.83114
8.83114
8.83114
8.83114
8.83114
8.83114
8.83114
8.83114
8.83114
8.83114
8.83114
8.83114
-64.2133
-64.8749
-64.8947
-64.4733
-64.8053
-64.3112
-62.2339
-60.5023
-60.5455
-61.6158
-61.6862
-60.3464
-59.1957
-59.3166
-60.6223
-62.2317
-64.3134
-67.1668
-69.8839
-69.2628
-67.5166
-65.5104
-63.6618
-61.5964
-60.5967
-61.5048
-63.8615
-64.5121
-63.132
-62.297
-62.1851
-61.65
-60.6503
-60.9023
-62.5716
-62.69
-14.982
-4.59525
-24.4365
-5.35321
-3.15359
-7.44551
-12.1575
-17.4294
-15.6602
-6.87551
-9.73598
-13.9221
6.36028
-9.81188
-14.6911
-6.3409
-3.80962
0.163424
-21.0313
-1.17193
-23.9054
-5.34169
-1.78123
-2.94844
-5.26122
-4.14867
-35.8005
-28.7689
-15.4452
-7.29955
-2.34082
-25.985
-18.9201
-63.4935
-44.4448
-42.9253
-38.462
-36.061
-35.7981
-37.8318
-41.3174
-47.7292
-55.501
-57.0608
-60.727
-58.3605
-62.82
-63.0149
-63.0174
-64.4255
-65.7098
-65.6826
-63.7536
-63.2343
-63.3224
-65.4047
-66.0668
-64.9162
-65.3139
-65.6295
-65.3622
-63.5909
-61.9058
-62.5253
-65.5478
-71.3105
-81.2852
-95.7654
-119.025
8.83114
8.83114
8.83114
8.83114
8.83114
8.83114
8.83114
8.83114
8.83114
8.83114
8.83114
8.83114
8.83114
