80
-6.52879
-8.75194
-9.86543
-10.6165
-11.6361
-13.5105
-16.1548
-18.5519
-21.9204
-24.2959
-26.2392
-23.571
-21.7959
-22.4154
-19.9224
-15.6851
-12.7379
-12.4622
-13.4263
-16.4952
-19.4156
-22.2185
-25.5343
-28.6594
-33.1419
-39.3628
-36.1128
-33.7036
-33.6828
-33.2015
-32.4358
-33.2761
-30.7907
-23.4708
-17.3377
-14.5598
-14.6027
-16.8279
-19.8884
-22.7507
-28.6086
-33.272
-22.1681
-12.6632
-7.97679
-7.65208
-11.6006
-18.844
-11.2049
4.95528
31.8721
47.8078
64.5388
75.3054
80.6476
81.666
77.4542
67.91
52.5049
33.7459
35.6979
26.6699
17.3633
21.0939
40.791
30.9163
40.1337
38.5376
42.2997
47.6763
55.0471
69.6148
78.5516
87.2434
93.2015
97.4643
99.2388
99.5218
98.4969
96.4269
93.7134
90.6639
87.0095
84.2617
81.9383
79.5114
77.3962
76.0932
74.6914
75.0403
77.9043
77.8073
73.555
64.6084
56.8766
55.5049
52.1365
46.7702
46.2851
43.3798
36.3807
30.871
25.7429
23.8992
22.1155
19.7669
15.9675
11.2287
9.22418
9.35593
8.20562
3.17442
-0.0612628
-4.70316
-9.09598
-12.3497
-12.402
-13.6151
-17.7201
-12.5869
-11.9241
-14.2706
-15.0316
-14.2432
-16.8377
-24.2533
-30.6051
-25.7015
-19.8031
-17.9694
-20.3765
-24.1808
-23.5942
-18.8802
-17.7071
-21.1944
-27.5213
-27.4903
-23.8697
-23.0788
-24.8721
-29.4905
-29.0169
-22.7341
-20.1995
-21.6766
-24.8083
-25.8536
-26.1069
-24.9416
-20.506
-17.2279
-16.0767
-15.0043
-15.4173
-18.658
-23.2723
-23.563
-20.3335
-18.6165
-18.6582
-19.0978
-17.2668
-15.1184
-15.5231
-18.955
-15.3525
10.9955
33.3127
44.0629
57.7504
65.089
68.6616
69.3746
68.4221
65.1175
59.1921
47.8543
34.8827
39.1166
32.1439
28.6205
43.2722
44.7816
53.3711
60.9155
73.497
84.79
94.8019
101.507
105.136
106.224
105.334
102.502
98.3412
92.2152
83.3455
71.3853
63.3009
60.0865
58.412
59.3807
57.864
54.8607
50.1911
52.544
55.8092
60.3504
67.0996
73.1459
77.1325
79.1617
78.4557
73.9014
65.4402
53.1771
37.449
28.4956
23.9234
21.3744
22.6333
21.2602
20.0593
20.7034
21.0901
19.8964
17.6281
14.0219
7.10603
4.48444
4.91631
2.88918
-1.53412
-2.85951
-3.67023
-4.53643
-18.8086
-17.1612
-18.2736
-18.4706
-18.9747
-22.6335
-25.6157
-24.6089
-24.9277
-26.786
-22.4328
-18.1719
-17.5474
-20.3097
-22.7807
-21.914
-21.0432
-21.5699
-21.3639
-18.312
-14.9144
-13.037
-14.6625
-19.9881
-26.6137
-25.9267
-21.9027
-19.3951
-19.338
-22.1347
-26.2911
-26.5544
-24.3356
-24.1873
-24.9703
-23.0354
-19.7923
-19.7621
-23.8453
-26.1439
-20.4421
-16.4656
-16.4559
-20.1624
-26.4448
-32.8276
-32.2631
-25.2972
-13.663
7.02814
35.1176
41.4549
47.9969
48.148
48.5422
50.6216
53.1751
53.0821
45.6795
39.8558
25.3311
39.9311
44.3973
55.9369
70.3743
82.0744
94.6402
103.311
109.291
112.296
112.789
110.679
105.859
97.8956
86.5123
73.8767
63.113
62.4493
61.6907
61.2947
60.3963
61.6727
62.9675
61.1879
57.2026
54.8389
57.656
63.3881
65.2116
70.0386
79.5933
86.0314
89.0727
88.3217
83.6036
74.7285
61.6691
49.0761
39.8837
30.3748
20.8691
19.4365
22.7083
23.1382
19.8755
13.1124
7.88941
7.82763
9.68184
7.8341
4.9021
4.39876
7.80125
9.27157
7.60277
3.96736
1.4169
2.22985
-21.4914
-19.9068
-19.1571
-21.2937
-26.4808
-32.4337
-33.4964
-30.917
-30.2305
-29.8428
-23.868
-17.4573
-14.4398
-15.4063
-19.7509
-24.1798
-25.7738
-27.0262
-30.5939
-34.4217
-26.0676
-17.0634
-12.0308
-11.4689
-14.938
-21.6885
-28.6255
-31.116
-30.2753
-30.7313
-33.3798
-36.363
-37.8761
-38.2688
-34.6601
-27.0379
-21.1576
-19.4738
-22.0707
-28.0087
-32.9
-34.1578
-33.2536
-31.7987
-32.3749
-32.8276
-30.1392
-28.2982
-11.214
13.2411
33.6606
42.4609
56.4135
63.9086
65.174
63.1723
61.5368
60.9966
60.994
66.8285
77.282
87.6243
96.5682
105.013
111.755
116.165
118.281
118.249
115.854
111.412
104.899
96.1431
84.9861
72.9523
53.3432
43.6311
43.6001
50.6863
54.3174
55.354
55.9007
63.7936
69.5049
71.4048
70.8664
72.6378
74.5654
73.2931
75.21
79.0156
79.8181
77.3511
74.5552
76.4087
77.9033
75.5728
69.2717
59.4528
45.9272
30.179
26.3691
26.9579
29.5117
29.7346
26.3011
21.2903
17.5891
13.9493
9.89709
4.71987
-1.04372
-0.452382
3.50085
3.37664
-1.2474
-8.38889
-12.0707
-13.2687
-27.5696
-20.8886
-19.1554
-21.6128
-28.2283
-37.0893
-37.5041
-29.838
-24.1966
-22.9656
-24.8212
-26.8673
-28.1003
-26.3281
-22.1903
-18.7135
-17.9217
-19.8427
-23.8604
-29.031
-34.6354
-30.5157
-21.3224
-15.5384
-14.1344
-17.3193
-24.9648
-31.7877
-29.7793
-23.7668
-19.7418
-19.3575
-23.2026
-29.2962
-28.5632
-25.9004
-26.1332
-27.3801
-28.9468
-32.1438
-33.7024
-31.4717
-30.7365
-31.3878
-28.8574
-24.4298
-20.9597
-17.9679
-4.50984
20.2479
42.0567
61.5459
78.7366
90.2919
98.196
102.861
105.126
106.363
108.46
111.79
115.318
118.296
120.582
121.79
121.651
120.039
116.356
109.706
99.0884
84.5965
72.7917
67.1702
58.1924
56.9945
57.499
61.4639
74.4707
83.7603
90.5649
94.9817
97.2574
97.7544
97.85
97.8509
97.8469
97.9075
97.5329
96.6497
95.7944
94.8997
92.2232
86.5751
78.6993
74.2456
75.7211
76.7665
74.3627
68.277
60.7262
53.2259
44.8594
40.9043
42.2818
41.9625
38.0339
32.7771
30.0684
27.6576
24.3187
21.3193
18.208
14.7269
11.3067
8.29314
3.51403
-1.95857
-8.49054
-14.3926
-29.4459
-28.1466
-24.4981
-22.9933
-25.2032
-31.009
-34.8799
-33.7679
-31.8417
-28.9001
-26.5996
-25.42
-24.0191
-23.4033
-25.1596
-26.8335
-26.3206
-26.7435
-30.6356
-35.0278
-36.4943
-38.7377
-33.9234
-26.7261
-24.1153
-25.2087
-29.1632
-29.0849
-23.1387
-17.0478
-14.9886
-17.1676
-23.9092
-30.5716
-26.2468
-20.2598
-17.4961
-18.4106
-23.3066
-31.7203
-34.1305
-27.4548
-23.0487
-20.7787
-21.249
-24.9737
-32.3789
-38.4276
-8.45318
22.4307
35.9104
61.5869
80.1155
91.7726
100.459
108.099
113.752
116.995
118.075
117.526
115.91
113.17
108.869
102.995
96.0752
87.9958
80.6921
74.7325
70.9446
67.2927
66.7677
66.765
71.7155
80.8039
90.5401
99.3578
104.6
107.003
107.122
105.374
102.322
99.0326
96.1306
94.2075
92.8727
90.9846
89.2487
88.2604
87.3068
86.4324
86.5942
85.0977
80.8381
76.7633
76.4985
75.1155
69.0291
59.8571
54.4871
50.3879
44.6426
41.9474
43.0684
41.6985
37.2751
32.5529
31.6191
30.3724
26.6312
22.4607
19.7035
16.727
11.8541
2.79957
-11.0516
-18.6445
-18.9326
-23.1187
-26.1716
-25.653
-26.9749
-28.2257
-29.4997
-31.6411
-31.373
-26.1457
-21.8646
-20.967
-23.236
-28.1114
-30.1402
-25.9164
-23.2813
-24.3286
-28.7636
-33.6627
-31.2581
-24.5903
-20.6063
-20.0074
-22.233
-25.307
-26.7601
-27.4955
-25.1629
-21.6098
-19.3612
-19.1839
-19.0437
-19.7301
-21.2718
-23.0835
-20.8806
-16.9166
-15.4828
-17.9827
-23.7398
-27.0428
-27.2029
-28.1836
-26.6108
-23.743
-23.0088
-25.0185
-27.8357
-26.3045
-14.8646
18.2243
43.1925
69.5103
84.5539
93.7837
98.9158
101.652
101.446
97.8425
90.1084
82.5089
76.2092
69.5174
65.2661
49.0936
42.7088
46.1408
43.3616
40.1824
52.7027
64.1702
78.7121
92.3656
102.828
109.653
113.216
113.547
110.777
104.726
95.3442
83.6612
73.4307
62.8115
59.4448
60.5051
61.8495
61.7692
62.2112
64.7723
68.0445
70.6238
77.6376
85.1486
89.7788
91.8539
91.0148
86.5628
77.6639
63.878
52.6416
48.9496
44.8136
43.5333
44.3998
44.2085
41.2046
35.8103
30.4279
26.1732
23.9596
20.3244
15.2074
10.6429
7.92961
4.67186
-0.654331
-6.68001
-14.9466
-24.3866
-21.4671
-17.6637
-14.8727
-14.8108
-17.3327
-22.5635
-27.475
-22.1447
-15.7763
-14.237
-17.3775
-23.5575
-24.3286
-22.7716
-23.9791
-26.6087
-28.3899
-30.3677
-34.308
-32.7461
-26.5462
-23.0148
-23.2472
-26.0323
-25.6132
-21.087
-16.848
-14.0626
-13.0305
-14.353
-18.4524
-24.1379
-30.9614
-36.5073
-28.5087
-21.7606
-20.3999
-23.855
-29.8016
-30.9769
-29.8588
-29.8169
-28.0807
-25.5736
-23.8627
-22.728
-22.6522
-24.5295
-11.441
16.4235
31.2888
65.6642
85.4429
97.1494
103.174
104.09
100.34
91.0504
75.3241
62.5192
61.0604
58.3465
58.534
42.9646
42.6191
44.5201
51.7552
62.7944
75.522
91.9252
103.237
110.257
113.457
113.24
110.126
104.393
95.928
86.2412
80.5012
79.7476
79.037
76.835
74.4339
71.7577
68.7925
65.8627
63.5603
66.2277
68.0687
73.0648
80.8411
87.4863
90.8402
90.8808
87.6184
81.2136
72.4059
64.3617
58.5818
53.1906
46.256
42.1174
44.2332
45.5017
42.8939
36.8833
31.5151
31.1885
31.5972
28.6111
21.7894
13.2216
6.9697
2.89059
-1.29865
-2.09367
-2.30286
-5.42883
-24.5861
-27.3534
-30.965
-31.3812
-32.385
-34.8967
-28.0728
-17.8948
-12.124
-10.4056
-12.6299
-18.2335
-27.2548
-36.5117
-34.5471
-29.9724
-28.3956
-29.0849
-30.9267
-33.8354
-34.7247
-35.3318
-36.3169
-32.0729
-24.5453
-20.5643
-21.8773
-26.5722
-25.6449
-20.5219
-19.5503
-23.487
-30.4221
-29.5771
-26.0479
-26.335
-29.2866
-29.816
-27.3087
-26.3916
-26.9976
-28.1146
-26.8193
-22.3784
-19.8772
-20.1408
-20.2138
-18.3516
-10.3426
17.2868
40.9789
64.2875
80.4849
89.8666
93.4473
93.1033
89.356
83.8529
78.0006
72.1608
68.8869
68.8947
66.7731
63.8559
56.2888
68.5901
85.3261
98.9978
109.018
115.11
117.74
116.721
111.762
102.801
89.7648
81.2193
77.5674
73.405
72.8153
72.8822
68.7901
71.0385
76.1149
77.9367
77.1442
77.9908
78.9739
77.4527
77.3009
79.81
79.3979
73.8499
65.7186
63.7081
63.0076
56.8286
47.8848
42.0725
38.0571
32.6591
31.4581
36.6551
41.1943
42.3007
40.3132
37.8139
35.8462
31.7909
25.8729
21.1256
20.3922
20.1629
19.5728
17.2894
12.1191
6.37784
2.22705
-2.28494
-19.9609
-15.4216
-13.5783
-14.7389
-18.1117
-18.8566
-15.5671
-12.8561
-13.814
-18.7219
-24.1759
-24.7303
-24.2265
-25.308
-27.0148
-29.8065
-32.9213
-31.4959
-27.4604
-25.8888
-25.8295
-23.6547
-19.705
-16.3212
-14.0743
-13.7097
-15.4047
-18.7758
-21.7406
-21.4902
-19.3295
-18.6822
-20.8998
-24.6582
-27.2946
-28.0011
-27.097
-26.0306
-25.06
-22.2061
-17.8003
-14.4707
-13.5133
-15.0006
-18.2512
-20.6616
-19.6264
-18.612
-4.19811
22.9645
37.9724
53.4929
69.754
81.4849
87.2424
89.0508
87.8242
84.4272
79.5543
70.4775
65.9647
64.2494
76.1013
88.3316
101.068
110.408
116.577
120.215
121.35
119.895
115.438
107.626
96.7432
85.2118
81.0128
81.122
86.0537
93.1605
98.4417
101.432
102.871
103.038
102.503
101.574
100.395
99.2224
98.0737
96.5025
94.6841
92.2581
88.4834
82.1531
72.8629
63.0296
57.2663
55.0402
51.9362
46.0696
36.7881
34.5648
34.4737
36.9058
40.3765
41.2869
38.9568
34.1591
30.6226
29.5943
28.4876
26.1091
22.3489
18.0778
14.895
12.1889
8.25457
4.40638
2.54999
-0.833116
-14.536
-11.7786
-12.3028
-15.4222
-17.8367
-16.2719
-14.9859
-17.1983
-22.9421
-29.9168
-34.8445
-35.5962
-35.3673
-36.8355
-37.5389
-37.5058
-38.0586
-39.8477
-35.9943
-29.1708
-25.4705
-25.4765
-28.2689
-30.2503
-30.2186
-29.4089
-27.8162
-23.9701
-20.336
-19.7011
-21.1598
-20.1821
-16.8202
-16.1469
-19.5777
-27.0287
-33.9232
-30.7558
-23.0829
-17.6341
-16.2561
-18.7115
-24.3093
-30.1926
-31.6641
-31.7371
-31.8232
-32.1423
-7.95479
18.7481
40.7027
50.6653
65.6321
75.8138
81.6568
82.2075
78.6445
73.0612
74.0302
84.8401
96.7962
106.114
113.397
118.281
121.269
122.266
121.188
117.564
110.885
100.743
88.6731
78.0008
72.8781
77.4736
88.7759
96.8138
101.979
104.113
103.79
101.549
98.2082
95.1819
92.3619
88.6675
84.388
80.1975
76.1127
73.8273
71.8863
70.8835
70.5507
69.6984
66.2768
61.3602
57.5008
53.7137
47.1244
39.6561
35.2799
29.8574
25.6821
27.345
29.4731
28.1697
23.5785
18.4063
16.5657
15.5068
13.0887
11.839
11.4018
6.79751
-0.110747
-0.311377
1.34201
-0.488774
-5.69818
-10.5777
-26.8271
-32.6488
-37.6237
-36.5978
-31.9538
-29.619
-29.3644
-33.0731
-37.7239
-36.07
-34.5405
-34.4601
-32.3383
-29.5878
-27.9791
-28.0716
-30.9088
-36.4082
-42.555
-40.8143
-37.8066
-34.7855
-32.973
-33.7705
-34.4838
-31.1572
-27.097
-24.524
-24.1357
-25.9784
-27.5034
-25.0358
-22.2642
-22.4932
-26.2791
-33.3656
-37.8961
-35.0029
-32.5325
-29.5195
-25.95
-25.6849
-30.0525
-36.4102
-35.5457
-29.1758
-24.9627
-23.8786
-13.2497
8.32334
24.285
45.5407
67.701
84.0147
93.8618
99.9723
103.457
106.119
109.575
113.631
117.101
119.142
119.049
117.085
112.649
105.467
94.8866
84.4914
80.5409
75.6531
72.4604
75.9653
87.7222
94.8113
98.4469
98.7969
95.6477
88.9359
78.3017
68.4989
65.8279
63.8725
63.672
61.6556
57.0115
52.5942
49.7038
47.7561
47.9302
45.2708
44.7595
45.9145
47.3745
45.3615
39.6813
30.9444
23.8433
27.3771
25.8211
20.9693
13.4442
8.93783
7.37991
6.45984
3.33725
-4.68138
-7.56688
-7.5319
-7.80711
-8.48069
-10.1382
-13.4448
-19.3934
-21.8146
-22.4806
-24.6784
-29.1066
-33.8861
-11.2584
-14.399
-19.2155
-23.6983
-23.6398
-20.6928
-20.3779
-22.1032
-23.4882
-24.2547
-25.9899
-27.2027
-25.9015
-24.5991
-23.7901
-22.2921
-21.3451
-22.778
-26.4733
-32.423
-36.8937
-36.4529
-31.4054
-26.3421
-23.7778
-24.736
-29.0356
-33.7183
-33.14
-28.3901
-24.5209
-22.9447
-23.083
-22.6802
-21.2037
-21.2584
-22.9451
-21.5108
-17.2724
-14.8628
-15.2214
-18.0005
-22.5818
-28.3381
-29.6126
-22.726
-17.2466
-14.9451
-4.53623
10.7463
31.0243
52.1771
66.2207
78.1879
92.1351
103.129
110.112
113.717
114.611
113.455
110.3
104.418
95.764
82.7978
74.6838
72.4194
67.9643
60.6642
60.0276
72.1178
83.0681
90.8488
93.7289
93.1967
88.9911
81.6549
72.8378
62.5393
58.727
57.9467
54.7988
55.2863
56.538
56.7714
55.2858
55.0571
55.0357
53.4002
50.0447
47.4779
45.3165
41.6434
37.953
32.0253
25.9762
12.9743
16.2375
23.7064
22.1444
18.7388
14.9071
12.8565
9.51126
3.27728
-1.66986
-4.53663
-8.54388
-12.2689
-12.1494
-12.1678
-10.8302
-13.8872
-15.1162
-15.5236
-18.7323
-23.3349
-31.7395
-42.3273
-20.6518
-23.0758
-24.8847
-23.9468
-20.5548
-16.6317
-13.7618
-13.3995
-15.9684
-21.2416
-29.1553
-35.3228
-30.1326
-25.5604
-24.1037
-23.6955
-21.8441
-20.7014
-22.9839
-30.0444
-37.8442
-32.5332
-27.5398
-25.8044
-25.5506
-25.1239
-24.7381
-24.1322
-22.3677
-20.8156
-21.3681
-24.1917
-27.5798
-28.1323
-25.8507
-24.7308
-24.2417
-21.9093
-20.2289
-21.7645
-27.0181
-34.0353
-39.0382
-37.625
-33.3142
-26.5858
-22.0813
-19.2895
-7.28621
3.88999
26.0767
49.6233
68.6084
81.1706
88.9239
92.3318
91.7497
87.5167
80.5695
71.2267
60.8876
55.2827
51.0682
45.3474
47.454
53.4707
54.3563
69.1796
80.7954
88.5266
92.1583
91.8271
87.8262
80.1178
68.125
56.6904
53.6839
58.3514
66.1334
72.0835
74.7737
75.1312
74.0995
72.8483
71.6277
69.9817
68.1448
65.2751
61.4023
56.1228
49.6219
46.4016
47.2684
46.7308
42.1949
34.4966
26.365
25.4959
24.7812
19.188
12.8933
13.151
14.9841
12.8732
9.0539
8.90577
11.8216
13.2844
14.102
15.4824
17.2075
17.018
13.5346
5.30082
-4.25384
-7.51691
-8.27941
-12.195
-34.0947
-34.3646
-28.7762
-21.9633
-17.5997
-16.9117
-20.3621
-27.8296
-34.8172
-34.8782
-31.1665
-26.7838
-24.9751
-26.3815
-29.7767
-30.3574
-27.7654
-26.2514
-26.9638
-28.7628
-29.1825
-24.6776
-20.4063
-19.1178
-20.9602
-24.8211
-27.6504
-27.8293
-28.479
-31.8567
-35.1994
-33.7341
-32.7707
-34.618
-39.3073
-36.3181
-28.3373
-24.3576
-23.1664
-22.4588
-22.5277
-24.7542
-28.0364
-30.9634
-31.3293
-30.2947
-28.0686
-24.5412
-8.05482
6.16858
23.0441
44.6155
62.0736
71.0301
76.4028
78.9109
78.6086
74.3458
64.6463
49.0747
44.609
47.9051
47.4867
46.0973
52.1669
69.2732
80.4822
87.1175
90.3034
90.1524
86.418
79.9779
69.963
57.2435
62.0063
67.3596
72.2116
75.2401
75.6253
74.0053
71.5393
68.8832
65.4123
59.5892
55.0425
51.4029
46.541
48.3297
48.1395
44.3372
40.4605
42.4691
44.347
45.9707
46.3271
43.4083
36.717
26.8115
19.9749
15.6004
13.3794
15.9374
19.1382
19.9036
17.2079
13.6192
14.2832
18.0066
23.2249
28.1971
30.1668
28.8351
25.3774
22.7236
20.3695
16.1407
9.98422
5.1418
-31.346
-28.4841
-29.3087
-32.4354
-33.4317
-29.0417
-23.4037
-19.705
-19.0482
-21.4908
-26.2169
-31.1178
-29.4374
-25.4419
-24.2023
-26.6129
-31.6787
-34.7764
-34.6186
-35.869
-37.4767
-35.1108
-30.7936
-27.9113
-26.1308
-23.8307
-20.9802
-19.4436
-19.9195
-22.9479
-25.8841
-23.0559
-18.7381
-17.1666
-18.2466
-20.7089
-20.5866
-19.0808
-19.8418
-23.1836
-25.1377
-23.9896
-23.9505
-24.8198
-25.119
-23.7454
-22.5503
-21.914
-7.84352
2.31271
25.3568
41.2756
56.9244
66.5405
72.6663
75.24
74.4606
70.1746
62.4685
51.7742
45.8489
51.6111
63.761
74.4244
81.8287
86.2321
87.829
86.5638
82.2891
74.122
64.0105
59.435
68.6615
75.8018
79.7228
80.6997
78.6411
73.2895
65.4738
56.221
51.9764
53.0443
55.7337
55.4481
52.403
49.4446
47.5595
48.0697
47.8095
46.4207
45.5202
45.1156
43.6783
40.6276
37.612
33.654
28.2951
24.8915
18.1446
14.3549
13.1742
16.0856
19.4271
19.5737
17.3235
16.4922
18.28
20.0522
23.0649
26.1132
27.7758
27.6252
25.9411
22.5892
18.1228
14.2023
11.9687
8.14045
-34.8219
-35.7372
-37.3331
-38.3733
-37.1085
-33.3909
-29.909
-27.4927
-26.8751
-28.5089
-32.382
-35.4514
-33.3636
-30.9168
-31.3614
-34.7083
-38.4775
-39.4887
-40.2065
-42.1697
-42.2405
-36.2622
-30.0102
-25.9707
-25.573
-28.1488
-29.8326
-26.7248
-23.2554
-21.9281
-21.9707
-20.7959
-18.0974
-16.8905
-18.4284
-21.4735
-21.0185
-16.8024
-14.0107
-14.3223
-16.5416
-18.6588
-21.156
-25.5562
-31.6729
-34.022
-30.4981
-26.2665
-16.8363
-7.8882
16.499
24.5529
42.4855
53.9716
58.4479
58.8761
55.4232
52.2719
47.6406
58.1673
70.9675
78.8191
83.288
85.1325
84.6865
81.3538
75.4179
65.8102
52.2891
51.9831
63.7898
74.2502
79.7609
81.0381
78.5281
72.168
61.8949
54.274
54.4486
54.4174
51.2665
50.2317
53.449
54.455
56.5774
58.2259
57.8456
54.449
52.0537
53.017
52.8345
50.2011
45.9534
40.5075
31.9768
20.7661
12.7097
15.8374
14.9857
12.9104
10.0044
9.94421
11.2606
10.4841
6.06855
0.923478
1.86
6.62806
9.11525
10.0139
10.1165
8.9672
6.54963
3.69612
2.15543
1.40833
-2.30702
-8.40462
-31.3856
-34.5765
-30.032
-25.2081
-21.5198
-19.2845
-17.9104
-17.2767
-18.2598
-21.9238
-28.0848
-31.3459
-30.0612
-29.3886
-30.6082
-33.5357
-35.8684
-36.2529
-35.614
-32.2997
-28.1389
-26.4106
-27.1954
-28.0631
-26.4333
-25.3276
-26.0935
-28.5142
-31.9142
-32.2906
-28.7614
-26.2038
-27.3372
-29.6981
-30.2911
-29.4509
-26.1854
-22.712
-21.0066
-19.2961
-18.2326
-19.7874
-23.2514
-23.7355
-22.0341
-20.772
-19.4225
-18.6613
-9.83985
-2.63768
13.6947
23.0497
37.5767
47.6705
59.2438
69.441
76.8516
81.5791
84.4593
86.1213
86.0731
83.8482
78.715
70.4898
60.1612
49.778
41.6736
37.3541
56.6946
69.4159
78.4455
82.34
81.5176
75.8414
64.15
49.4261
53.6702
61.2349
67.4777
71.6212
73.2197
72.3356
69.0941
64.8522
60.1624
57.7192
56.4832
54.822
51.3282
45.5686
41.189
43.33
45.7633
45.9625
42.3766
35.4202
26.2087
18.2352
13.1815
8.87931
7.85018
7.12477
6.05364
2.99193
-1.21636
-6.85947
-10.0578
-8.8542
-5.63713
-4.54605
-5.53692
-4.7116
-5.41929
-7.70477
-10.1868
-13.5269
-15.7357
-17.3327
-18.6099
-20.2613
-20.8174
-19.0214
-16.2965
-15.4394
-17.2751
-20.1742
-21.5816
-21.9499
-23.5192
-26.9621
-29.8347
-28.6231
-26.4714
-25.7418
-26.5098
-27.3767
-26.9327
-25.7189
-25.2417
-24.7984
-24.3863
-24.2542
-24.9329
-26.9805
-30.8162
-33.7417
-32.8416
-32.0286
-32.2703
-32.3966
-31.8407
-28.9239
-23.6987
-19.4431
-18.127
-19.6609
-22.3289
-23.2417
-22.1351
-21.4656
-22.0375
-22.7425
-22.2774
-21.2273
-20.3827
-17.6396
-6.04887
5.96969
21.7288
30.0705
42.8545
55.066
64.4305
71.5663
76.3355
79.2293
80.0719
78.7822
74.9948
67.9167
57.8478
42.2534
29.9614
41.4415
54.1748
65.6537
74.6108
79.476
80.8142
78.8031
73.8402
66.9696
62.2084
63.7202
67.5952
69.3917
68.8628
66.9741
64.0926
60.8564
55.9843
48.3111
41.5749
36.5597
34.2097
35.7169
36.2804
33.5621
30.6032
29.535
29.4895
27.6626
26.3627
23.2481
18.0499
12.4877
9.09186
4.59003
0.0703057
-0.756282
-1.2778
-2.88306
-4.65663
-6.37955
-7.17031
-8.7093
-10.2466
-11.827
-11.1918
-14.2055
-15.9345
-19.9265
-25.1426
-27.3383
-29.0898
-29.2252
-11.3917
-13.8552
-18.5408
-23.2575
-26.965
-29.8012
-32.0448
-34.4387
-35.4762
-34.1152
-32.3432
-33.6465
-37.8601
-36.8104
-30.6814
-26.7738
-25.9697
-27.9248
-31.6025
-34.615
-32.587
-27.9883
-25.2041
-25.5672
-26.8147
-26.7958
-26.6107
-24.411
-18.9957
-15.4082
-15.6058
-19.6828
-27.2445
-34.3995
-32.9657
-28.7407
-26.8115
-27.8419
-30.1497
-30.2423
-28.7955
-27.1177
-26.1787
-26.0905
-26.7472
-27.2912
-25.6936
-21.3405
-7.52754
3.65807
18.2185
30.311
45.0368
54.2103
60.2329
61.7104
59.3627
52.1428
43.4278
39.044
38.4868
38.6947
34.459
34.8087
49.9671
61.5752
69.5471
74.603
75.6958
73.2305
66.846
59.6198
60.5425
65.6155
69.0143
69.1535
66.4616
59.7549
51.1262
42.3164
40.8829
40.8378
43.3241
42.2342
41.5461
40.861
39.5206
38.4678
37.8392
37.2468
35.9377
32.7422
28.0745
19.4634
13.6587
10.2333
8.82252
10.8734
5.80893
-0.177867
-5.17842
-8.32326
-8.21104
-9.92037
-11.499
-11.4773
-12.2575
-14.2937
-17.5539
-19.2668
-21.2478
-25.6918
-26.6192
-25.5522
-24.7159
-23.5736
-24.3051
-26.3992
-24.2725
-22.8403
-22.1035
-20.2508
-18.3544
-17.6998
-17.4458
-17.0629
-18.3929
-22.0281
-25.0391
-24.1729
-23.4613
-24.3151
-26.1162
-29.0318
-31.0571
-28.4837
-24.9815
-23.499
-23.4424
-22.0915
-18.8153
-16.7006
-17.3171
-20.7036
-25.6476
-27.6116
-25.2528
-22.6966
-21.2792
-19.9116
-18.0154
-17.5053
-19.5555
-24.0663
-28.9824
-30.7555
-30.4895
-29.5134
-27.7126
-24.1325
-21.0878
-21.1493
-24.3279
-26.7833
-24.122
-20.973
-10.8441
-1.07801
14.4156
26.9447
40.4579
49.1959
55.6585
59.4463
59.9635
57.7432
51.6988
44.851
42.0983
44.9774
52.7981
63.8775
70.5787
73.2637
72.4171
68.0088
60.2025
51.7525
55.6637
63.8393
68.4191
68.7061
64.8379
56.6903
41.0724
39.5
45.9612
50.6205
52.0304
51.5141
50.1217
47.2167
44.4873
42.1991
38.7906
34.5617
30.8584
30.3675
28.1339
27.7307
26.632
22.8978
18.0325
16.1917
16.4618
15.4778
11.7005
7.95237
5.82024
4.06253
2.20787
0.483305
-0.0302021
-1.4342
-2.80816
-4.53569
-7.5405
-12.27
-14.9366
-17.7863
-15.1531
-13.4645
-14.6823
-17.8227
-18.9797
-18.53
-16.9003
-18.3638
-20.4827
-22.5189
-26.2234
-28.1966
-23.2348
-18.6576
-16.908
-17.6235
-20.2385
-24.4518
-29.0136
-31.9237
-32.2338
-30.0833
-26.3359
-23.3137
-21.1608
-19.5898
-17.7812
-16.5182
-16.4349
-17.5323
-19.9931
-24.6546
-30.3623
-27.2123
-21.265
-18.6021
-17.9161
-17.3074
-17.6951
-20.3958
-25.4958
-31.0475
-35.7032
-37.34
-33.9366
-26.4701
-20.8467
-18.8957
-20.4467
-24.2558
-27.0737
-25.8902
-23.7382
-21.5333
-9.83264
1.8597
15.0345
25.384
37.5264
46.4588
50.6367
50.3361
46.4317
43.4306
49.3399
61.0779
69.7642
75.0879
77.649
77.7535
75.2831
70.0965
61.9894
51.754
49.9036
57.474
65.4514
69.13
68.02
62.4623
54.6208
53.1085
58.0853
60.5769
59.9472
56.4815
51.6359
47.568
43.809
38.7626
32.6958
25.7842
19.9936
18.5926
19.2926
17.8305
13.0071
9.84776
11.3816
11.2291
8.26023
3.81078
-0.452884
0.927861
-5.42686
-5.68045
-9.31246
-9.04749
-5.63035
-3.54195
-3.642
-4.7274
-5.06396
-4.82466
-6.35972
-8.49882
-9.73891
-8.58246
-6.26716
-6.60048
-10.5679
-17.7157
-23.9777
-26.9165
-21.4652
-21.944
-22.1861
-21.7186
-21.5962
-21.6483
-22.0321
-23.9397
-27.2803
-30.4271
-31.2836
-30.6945
-29.5579
-29.3567
-30.0153
-28.4503
-23.4104
-19.7428
-19.3277
-21.2857
-22.2816
-21.2761
-21.0783
-21.7177
-21.7635
-21.2353
-21.0444
-19.5957
-16.7285
-15.2575
-16.279
-19.0408
-20.264
-20.796
-24.0422
-30.3599
-33.1884
-30.8867
-30.3749
-29.8973
-27.0979
-25.764
-27.0694
-27.078
-22.6852
-18.6082
-16.3808
-15.7977
-7.46108
1.75425
15.4854
23.7937
29.7442
37.6057
51.9487
64.0239
71.6337
76.4045
78.8379
79.8583
79.2381
76.6399
71.9173
64.971
57.1584
45.2075
42.7686
55.7002
64.1486
69.0654
69.7642
66.4903
60.6354
54.6535
58.5624
63.5051
64.6022
61.3961
53.9385
43.1136
32.241
28.2394
29.2123
29.0729
27.9237
26.0734
25.0994
23.8709
23.7204
23.9015
21.2856
18.5925
15.8473
10.3716
4.66086
4.08749
4.0152
6.0977
2.64855
-0.833879
-8.05507
-10.1088
-6.97737
-9.52439
-15.1122
-15.3234
-7.91064
-2.94634
-1.44826
-3.14042
-6.0676
-8.93667
-10.0841
-12.0285
-15.2354
-18.1006
-20.7185
-24.0466
-28.5663
-27.9423
-26.4798
-26.7494
-26.9736
-27.3374
-29.3685
-33.5159
-37.1883
-37.7664
-34.4519
-30.1896
-28.2412
-29.1749
-31.7223
-33.1158
-31.888
-29.0017
-26.791
-26.8553
-26.1493
-22.0107
-17.9893
-16.6276
-17.7324
-19.0793
-17.9982
-15.7391
-14.9063
-16.2494
-19.6641
-23.5236
-25.6623
-27.0241
-27.8351
-27.3147
-25.7713
-24.666
-23.8813
-22.3967
-20.2921
-18.7354
-19.137
-21.7781
-25.7311
-26.8364
-24.6148
-21.572
-11.3349
-1.90815
10.1563
18.654
32.3893
46.0312
57.7739
66.0122
71.0838
72.7481
71.2452
66.3092
59.0569
51.4776
43.6402
40.1236
51.9898
59.797
67.3214
70.9907
70.9852
67.1275
60.678
58.4512
61.1901
63.9666
63.2934
59.0698
54.003
49.217
49.8958
52.439
53.0292
52.1171
50.2561
46.6129
43.4549
41.134
39.6612
37.9392
34.6509
29.6926
25.3364
25.6641
26.4895
23.6206
17.4912
10.3892
9.11841
9.19809
5.12053
-2.9583
-0.193179
7.64739
12.2305
12.585
9.95904
6.0997
2.96873
0.462738
-1.48442
-3.92645
-6.40731
-9.35013
-11.145
-14.6938
-20.5998
-25.7793
-30.541
-33.0224
-26.1811
-24.2968
-21.5443
-21.4035
-22.3715
-21.5759
-20.3543
-21.1713
-23.9973
-27.2951
-29.1341
-27.8208
-24.4328
-22.2998
-23.0237
-26.4198
-29.8649
-28.5244
-25.9167
-24.0719
-22.8351
-22.3392
-23.715
-27.0604
-29.7274
-29.2596
-28.6257
-29.9968
-33.0364
-34.8197
-32.8165
-28.8202
-25.8548
-24.3737
-23.8963
-23.5652
-23.0881
-21.5314
-19.5086
-19.3571
-22.251
-25.7599
-24.7637
-21.3794
-18.9766
-18.9724
-20.6335
-19.7159
-8.83025
6.27818
20.5228
34.1557
47.2174
57.5583
66.2389
71.6554
73.4179
71.2333
64.6233
53.5454
41.624
45.5349
55.8964
67.9789
76.1388
80.3383
80.3257
76.2476
68.102
60.0765
64.4779
70.4572
71.8424
68.4825
60.9961
55.7194
60.2949
64.1055
64.1184
60.8803
56.2272
53.6832
51.8876
47.1986
41.1411
35.8576
34.5427
36.8567
37.3232
34.7609
29.0078
25.3927
24.7377
24.0613
20.5602
14.5679
9.52011
7.93971
4.53779
3.59679
6.77017
12.5073
15.1454
14.4384
10.6824
6.48769
3.42586
1.05726
0.207945
-1.24444
-5.03404
-9.14705
-12.8507
-15.7897
-18.7049
-22.4696
-27.6531
-32.9724
-35.2777
-29.588
-27.2152
-27.741
-29.5921
-29.4591
-27.0615
-25.0867
-24.3797
-24.7175
-25.9068
-27.6836
-29.9892
-30.9326
-29.7516
-27.6382
-25.945
-25.1785
-23.6553
-21.7253
-21.59
-24.3831
-29.3294
-31.9857
-29.7268
-28.5513
-30.8185
-34.2728
-32.8198
-30.7375
-29.8869
-30.1304
-31.2986
-33.729
-35.7779
-36.8086
-37.8903
-36.2058
-31.7118
-28.864
-26.8031
-20.8684
-14.5916
-11.7336
-13.005
-18.3922
-26.6692
-26.9617
-10.157
5.3408
18.9356
36.395
53.011
64.2761
71.7473
76.0123
77.0133
74.8687
70.0549
66.1104
69.1503
75.9699
82.2744
85.9578
86.5965
83.7888
77.4746
68.6475
65.4851
72.9532
77.9057
78.3304
74.3226
67.4007
66.3237
70.3626
71.7186
69.356
64.2643
59.2159
56.4641
55.7709
56.1705
55.1933
51.992
48.7166
46.4044
44.6101
43.6194
42.9329
40.6143
36.2314
30.522
25.2622
20.8526
17.6552
15.567
13.7836
9.62247
7.18761
6.03647
10.1473
13.3605
12.7707
8.78801
3.66012
2.18307
2.05884
1.70613
-0.402268
-4.0119
-10.1606
-15.0891
-18.3286
-20.7769
-22.9886
-25.7354
-29.1487
-21.1366
-24.4449
-27.2804
-28.8361
-27.1439
-25.4074
-25.5957
-27.6431
-30.2657
-30.3708
-27.9933
-27.0768
-29.0668
-32.0177
-32.1414
-28.1928
-24.4277
-23.1148
-24.1056
-25.8528
-27.5556
-30.2994
-34.364
-36.7018
-35.9865
-36.0912
-38.0806
-39.2875
-33.1579
-26.3203
-22.663
-22.5422
-25.427
-30.4387
-36.4492
-39.8635
-37.9296
-34.7111
-32.0783
-29.8423
-27.7001
-25.4466
-22.7666
-21.1709
-21.8202
-24.6091
-26.3319
-24.1303
-11.7353
6.39571
23.0702
37.3714
50.697
60.3734
66.3698
72.2343
78.7973
84.018
87.2615
88.8631
89.4563
89.1871
87.6594
84.1358
78.2296
69.9868
71.94
81.0823
87.013
88.9091
87.0106
82.1107
78.1585
79.0339
79.8016
77.5404
72.139
66.6658
66.9849
69.7268
70.4381
68.6982
65.0387
60.6134
56.6289
53.1782
49.6816
45.1999
41.4958
39.6772
38.1842
34.4389
30.339
26.1327
23.2239
18.786
12.5732
7.54762
4.4958
2.01964
6.53908
12.641
16.2302
15.7243
11.1557
3.94218
0.436556
0.0375511
-1.44954
-4.1803
-7.21214
-9.06034
-10.3527
-13.2493
-17.4565
-20.0406
-21.8924
-25.3496
-18.0704
-17.8312
-18.4898
-21.1229
-23.726
-23.757
-23.3192
-24.8633
-27.9124
-28.9799
-26.8826
-25.522
-25.9037
-25.8213
-24.9636
-25.9893
-29.0557
-29.7573
-28.7722
-28.9525
-27.7412
-25.2601
-25.4694
-29.0693
-33.1033
-32.5567
-30.5429
-26.6952
-22.843
-20.7117
-20.1113
-20.4826
-22.015
-25.4398
-30.3798
-33.8759
-30.6757
-25.8988
-23.7187
-23.7322
-25.4343
-28.8286
-32.8191
-33.6136
-32.3845
-30.664
-28.8862
-25.7917
-10.5941
8.02227
23.2677
35.0167
54.1745
70.1008
81.1708
88.6071
93.0458
94.8798
94.3467
91.7221
87.3137
80.9223
71.8383
65.9433
74.4447
84.5316
90.981
93.651
92.5419
88.103
83.2768
84.0022
85.7527
84.2854
78.9767
73.0525
73.2984
75.1791
74.8337
72.6713
70.2321
68.5536
65.9162
61.7185
56.9636
52.6528
49.093
48.0841
47.13
43.3816
36.2577
29.9175
27.9566
25.3997
21.1712
14.5624
6.35407
6.21029
5.78435
3.20818
-1.2821
0.502754
3.90928
4.64364
2.44567
-1.78434
-6.15262
-10.3291
-14.1913
-19.2529
-17.9109
-21.1264
-21.753
-23.5728
-27.2884
-33.9486
-42.7562
-46.5743
-18.8781
-18.1565
-18.2913
-20.2678
-22.0303
-22.069
-22.9004
-23.368
-22.183
-20.7984
-19.8652
-18.833
-18.121
-18.3796
-18.7518
-18.092
-16.9384
-17.0514
-19.4862
-24.111
-28.1401
-29.1569
-29.3568
-26.0633
-20.2881
-17.4206
-18.0579
-20.5184
-22.1635
-23.5879
-25.9516
-26.1593
-24.3368
-23.8818
-24.8787
-25.8477
-25.5969
-24.5785
-22.0657
-20.3295
-21.4423
-25.8797
-30.6492
-30.1915
-26.4868
-24.9794
-26.5082
-28.7904
-13.4482
9.15933
26.5395
45.05
60.1957
71.1026
77.7123
80.7407
80.51
76.9371
71.2682
67.7809
70.8099
74.7367
80.5432
89.1919
96.3243
99.9757
99.7718
95.7795
88.6724
86.0887
90.6846
92.7454
90.8668
85.8403
84.0335
86.2808
86.6923
83.6503
77.7752
70.6171
64.8291
62.8673
63.9685
64.3559
62.8046
61.1378
59.7193
57.1944
54.6098
52.9772
49.7765
44.0287
37.4702
32.7174
28.4053
22.4075
17.0711
16.179
15.6183
13.1811
8.14378
3.07425
2.31142
-0.0714305
-4.48115
-10.0821
-14.195
-16.882
-17.4442
-17.2108
-18.4058
-21.3303
-24.3953
-27.5996
-31.6609
-38.9135
-45.4801
-50.596
-22.5146
-21.0935
-20.9195
-22.1324
-22.8584
-21.6674
-20.4667
-20.4373
-20.858
-20.9911
-20.3659
-19.3744
-20.0487
-22.6988
-24.406
-22.722
-21.5188
-22.6047
-25.5231
-29.6243
-34.1998
-34.8499
-32.2377
-28.9782
-24.4756
-20.6531
-19.5
-21.149
-24.106
-25.7861
-26.0221
-25.466
-24.8361
-25.1993
-24.8783
-22.9573
-22.2919
-23.6269
-24.4605
-24.4238
-26.7796
-32.9799
-39.8005
-35.5537
-29.2303
-25.2375
-23.5356
-22.7318
-8.31753
11.8479
26.6623
44.5468
62.6932
76.1681
85.8304
91.837
94.1911
93.1592
89.2018
88.2456
94.877
102.068
107.232
109.775
109.302
105.33
97.5872
91.9752
98.2482
103.24
104.058
101.196
96.8942
95.9899
96.1799
93.3694
87.2812
81.4993
80.5814
81.2352
81.1582
79.7857
76.2907
70.5365
64.6719
59.6571
54.8966
50.2525
45.8018
40.9452
37.2067
36.5188
35.2407
30.8273
24.3871
18.4297
14.5898
12.8617
9.12303
6.82693
4.92948
2.14842
-1.27929
-4.10529
-6.66142
-9.92563
-14.1698
-18.0316
-20.1368
-22.5117
-23.1923
-31.7575
-34.735
-37.8527
-40.9329
-46.0157
-52.5362
-58.6495
-18.6156
-18.5221
-19.7764
-21.6497
-22.3407
-20.6048
-17.7759
-16.4167
-17.468
-19.8263
-20.1164
-19.1301
-19.965
-22.6074
-24.2741
-23.5613
-22.6301
-21.0541
-19.0882
-18.4765
-19.7547
-22.3148
-25.4038
-29.4471
-32.1879
-29.1147
-24.2018
-20.2708
-18.5355
-19.6643
-23.3429
-27.0546
-28.3881
-29.6568
-30.8037
-28.6184
-24.7837
-21.9756
-20.0971
-18.6342
-18.3435
-20.037
-22.6994
-22.8628
-21.1591
-21.6734
-25.0963
-26.4014
-11.1552
9.47406
26.3867
38.0657
50.4529
60.6613
71.5413
81.9391
90.3316
97.3581
103.312
107.964
111.013
111.986
110.558
106.645
100.33
94.2433
99.2662
106.923
110.526
110.021
106.095
102.185
102.213
101.986
98.2141
92.3159
90.1201
91.1342
90.1282
86.3507
81.4708
79.3587
79.4714
77.9877
75.1088
73.0095
70.9576
68.0976
65.013
61.8177
57.1671
49.9685
42.2445
38.4822
37.1457
34.2044
30.2679
26.2487
21.0951
17.7822
16.2834
13.9795
10.2399
6.65497
4.43844
1.78286
-1.17922
-2.72779
-3.31621
-5.96131
-11.4633
-19.1345
-22.6862
-24.4135
-27.7002
-32.3704
-38.836
-45.6961
-17.918
-17.9401
-17.7558
-17.0313
-17.1949
-17.0826
-15.5434
-14.4943
-15.7486
-18.9717
-20.7215
-19.5256
-19.5791
-22.1485
-24.4089
-22.6916
-20.3544
-19.7922
-20.4163
-21.2433
-22.1274
-22.7554
-22.3937
-22.1231
-23.736
-27.2163
-29.4512
-26.9346
-24.199
-24.2491
-27.3305
-30.7669
-30.7305
-29.6981
-28.8696
-26.2573
-23.5055
-22.8851
-24.465
-25.0696
-23.8851
-23.9652
-26.7172
-30.2125
-31.3038
-31.3509
-30.1078
-27.7319
-9.92978
10.7007
26.6949
33.9538
41.1252
55.7452
75.0226
88.9739
98.0691
103.409
105.678
105.257
102.167
96.1631
87.05
80.4728
90.3722
100.661
106.498
108.169
105.91
100.877
99.3081
102.162
102.862
100.213
97.7362
98.689
99.6504
98.1489
95.2316
93.075
92.0815
90.2148
86.8032
83.3071
80.8281
78.8836
76.1927
71.2165
64.3006
58.8932
55.8687
52.2411
48.3923
44.7799
39.715
33.8434
29.6287
26.9528
25.3387
22.1128
17.0879
12.7397
10.0746
7.24224
5.62411
3.81069
0.730123
-2.37237
-4.97196
-8.19071
-12.4122
-16.3491
-17.0331
-18.9319
-23.0861
-28.1867
-32.2482
-36.4174
-25.6579
-25.127
-24.7965
-25.6422
-25.5282
-23.3258
-21.873
-22.9302
-26.1302
-28.9705
-28.7695
-28.0202
-27.6896
-26.0186
-23.6016
-21.535
-19.9913
-19.5677
-20.6459
-21.9299
-20.851
-19.3552
-19.7844
-21.3996
-21.9465
-22.0338
-24.1679
-27.9604
-29.6701
-28.2453
-26.6158
-25.1049
-23.4782
-23.3992
-24.7529
-23.2588
-17.881
-14.2413
-13.3737
-14.7937
-17.7216
-21.4662
-25.0213
-26.202
-25.1039
-24.48
-25.4599
-24.2126
-8.8865
9.64286
25.8818
34.4357
39.4929
52.3791
63.814
70.6389
73.5545
72.6959
68.4847
62.1449
61.6973
71.0453
82.9387
92.551
99.1843
102.276
101.688
97.6747
93.7972
96.7377
100.138
100.638
99.5481
99.755
100.065
97.946
94.4303
94.7679
97.3068
97.8846
96.372
93.6722
89.9793
85.3914
80.9917
77.149
73.2676
70.726
70.3258
68.3651
63.7064
57.7785
51.3771
44.9336
41.2147
37.7535
31.8705
24.1687
16.7077
13.5302
11.215
8.67671
7.12292
5.46068
2.61876
0.459059
-0.363779
-1.89429
-5.09532
-9.76962
-14.5053
-18.3041
-19.377
-21.7187
-24.8005
-28.1618
-30.199
-31.7083
-26.8919
-26.2171
-26.1999
-27.3012
-27.4686
-26.8941
-26.429
-25.7054
-25.9596
-26.4243
-24.1765
-20.3066
-18.4675
-19.7903
-23.5583
-26.7327
-26.0803
-24.5674
-24.2111
-24.6188
-24.9072
-25.8994
-28.5759
-31.5639
-30.8381
-29.8269
-31.4726
-36.2552
-40.836
-36.7864
-29.2341
-24.7935
-24.1639
-25.4506
-25.3396
-22.4579
-19.4735
-18.343
-20.2335
-25.1027
-30.1301
-30.9376
-30.2292
-29.929
-28.5527
-25.125
-22.5177
-20.8616
-4.59204
11.1494
25.0181
32.4314
39.5492
50.3261
60.9836
67.3325
69.5888
70.4872
73.782
78.573
82.5126
84.9413
86.6579
87.6275
86.9048
84.887
86.3154
90.7838
93.3171
92.8426
90.9563
90.8474
91.7783
91.4728
91.0397
92.5856
94.2719
94.1483
91.7415
87.8668
84.7093
83.951
83.8516
82.4803
80.7956
79.444
77.7825
76.0769
75.6544
74.8385
71.5878
66.6947
63.0793
59.6946
52.9429
41.8809
29.3036
21.6563
16.7353
13.995
11.451
8.48817
6.50523
3.63038
-0.75449
-5.62919
-8.39697
-8.90703
-9.30104
-12.2505
-15.3094
-16.9329
-18.41
-21.6829
-26.3909
-30.7525
-33.165
-33.3636
-33.015
-30.2434
-27.6954
-25.7165
-23.627
-21.4771
-20.0907
-20.4017
-22.5318
-24.851
-23.7439
-19.6021
-16.4723
-15.9421
-17.9954
-21.3394
-23.9981
-25.1202
-23.4439
-20.5661
-19.1083
-20.0214
-23.1028
-26.3649
-26.902
-26.1008
-26.6319
-28.3289
-30.2426
-32.5122
-34.2225
-33.0259
-29.7526
-26.7262
-26.0249
-28.191
-32.6038
-34.568
-30.1448
-25.9831
-24.9695
-26.5404
-27.4784
-24.1882
-20.851
-19.6875
-20.3601
-21.5147
-7.5532
7.95059
22.7206
32.1507
43.9758
55.067
66.9881
78.4511
87.1469
92.3764
94.1699
92.807
88.7728
82.874
75.897
73.885
84.5553
94.089
98.8619
99.2214
95.6728
91.8419
93.7664
95.8713
95.8754
95.9655
96.9598
96.479
93.7658
91.0853
90.3002
89.5958
88.0078
86.04
83.5155
80.9759
78.6012
75.5332
70.3559
64.4234
64.2489
69.29
72.4007
72.104
69.0162
64.6747
59.5015
51.8386
40.423
29.7089
24.5284
21.9735
18.4332
16.3455
15.623
13.7049
9.93036
6.28124
4.53224
3.1052
0.694899
-2.18078
-5.86208
-9.49381
-12.9064
-15.175
-16.2384
-18.4543
-22.2889
-27.3909
-23.5965
-21.5756
-21.2566
-22.3037
-22.8067
-20.5119
-17.9019
-17.4232
-19.4822
-22.3622
-21.6447
-18.548
-17.788
-20.5749
-25.7472
-27.855
-25.3053
-24.0346
-24.9801
-26.6885
-25.3634
-21.6382
-19.6255
-20.1041
-22.352
-23.9583
-23.1136
-22.4932
-24.3958
-28.2389
-29.3877
-25.5918
-22.2647
-21.0784
-21.705
-22.9967
-24.5369
-26.0568
-26.0168
-25.492
-26.7365
-29.2315
-29.4428
-27.776
-26.9484
-26.9678
-27.2482
-27.0922
-9.43671
6.89739
23.1292
34.2616
46.3854
59.9041
70.5656
77.8776
82.2547
83.5339
81.5944
76.4978
71.3811
73.6926
82.3286
90.7254
97.1624
100.418
100.16
96.7477
93.5731
95.214
97.0372
96.6485
95.9694
96.3934
95.4582
91.547
86.0711
84.002
84.1788
82.6828
80.3207
79.899
80.6781
79.7524
78.0733
77.7105
78.2722
77.1769
74.3448
71.6888
71.4225
72.2443
72.4271
70.9593
66.7632
58.6852
46.5453
34.4808
27.8758
24.6917
22.123
24.1677
28.2226
29.3794
27.2634
23.9425
21.8532
19.31
16.217
13.6302
11.3379
7.66808
3.3018
-0.0657571
-2.12773
-4.23406
-7.41445
-10.5539
-26.1422
-24.5005
-25.1536
-28.1304
-31.8732
-33.8839
-32.8847
-30.2247
-27.2827
-25.2988
-24.0013
-22.9293
-22.639
-22.9648
-22.366
-21.557
-21.7301
-21.7448
-21.2477
-22.6524
-27.1147
-32.3074
-33.0809
-32.2959
-31.0767
-28.9806
-26.3233
-24.3621
-22.8777
-20.8559
-19.1754
-19.4259
-21.5284
-22.2265
-19.5339
-17.4301
-17.8399
-20.1093
-22.0028
-23.2549
-25.458
-26.4175
-23.664
-21.6126
-22.124
-24.2171
-26.1436
-27.8395
-5.88039
12.297
27.3512
35.8335
43.8937
58.8047
70.7764
77.58
79.6748
77.652
73.2536
73.7518
79.6923
84.7873
88.2227
89.9419
89.5863
86.7093
81.866
79.9438
82.1621
83.2743
82.1283
81.1155
80.7935
78.8889
76.056
74.8007
74.6664
72.8603
70.1076
69.4541
69.9891
68.9167
65.6034
61.5589
58.8208
58.7188
60.0449
60.9887
61.9405
66.0421
70.2532
73.0166
74.0544
72.7595
68.2368
59.5193
47.9932
38.0406
30.6158
22.913
17.1428
20.1773
25.3628
28.4042
29.7545
29.7474
27.8423
24.1856
21.7077
21.5523
19.7189
15.1933
11.2227
8.98676
5.27225
0.990288
-1.09319
-2.75635
-27.3279
-29.3313
-27.8578
-25.0476
-22.8055
-22.0308
-21.3877
-20.3481
-20.2945
-22.0235
-24.5858
-26.3015
-27.537
-28.5382
-28.2748
-26.7426
-25.9324
-25.7381
-24.6865
-23.312
-23.465
-25.7746
-29.0032
-30.5447
-30.7864
-31.4289
-33.1802
-35.2988
-32.9071
-25.9775
-21.1765
-19.6405
-21.1328
-24.7893
-27.8966
-27.878
-27.3917
-27.8779
-27.9591
-27.7923
-27.7392
-26.6446
-24.2771
-22.6547
-23.1015
-25.4069
-28.3298
-29.1864
-5.05414
14.8959
30.379
39.0028
47.411
57.2415
66.8705
73.7603
78.603
82.2396
84.7968
85.8706
84.9149
81.5535
75.2486
66.2319
56.7632
56.2351
61.2707
62.6283
61.3026
59.6511
61.8234
63.2436
64.2092
65.1855
64.7897
62.1346
58.754
58.8355
60.0308
59.3258
58.1578
58.1648
57.617
54.7695
49.8848
48.3027
51.2216
55.1795
60.123
65.4064
68.6256
68.7611
66.2025
62.6035
58.9314
53.258
44.166
35.1253
30.6298
26.1008
20.1142
20.9351
26.7586
32.2989
37.7102
41.3488
42.5991
41.8002
39.9671
37.5718
34.1813
30.1796
25.9896
22.3267
19.6741
16.5324
12.5925
8.36084
-24.8535
-25.6411
-25.5421
-27.3728
-31.5339
-33.207
-28.8846
-25.162
-24.8523
-27.4231
-29.0613
-27.1986
-25.0966
-23.0327
-21.651
-22.3211
-25.1212
-28.3255
-30.8638
-33.6453
-33.7174
-29.6365
-24.5566
-20.6314
-18.5941
-19.0202
-21.7629
-25.1539
-27.1407
-28.1923
-28.4586
-26.3362
-23.8104
-22.2822
-19.7413
-16.1822
-13.9436
-14.534
-18.1102
-22.7558
-23.5361
-21.5857
-21.4147
-23.7112
-25.9299
-23.3961
-20.1553
-19.4025
-5.86195
10.6146
26.369
35.3782
43.6089
50.4283
59.1569
68.047
75.3409
79.6653
80.7428
78.5257
72.8972
63.6871
52.4388
47.0111
48.9987
51.304
52.0703
49.9766
50.0812
52.6628
53.1339
52.7621
52.7442
52.8909
52.5771
52.4153
53.269
53.3567
53.712
53.6635
51.4738
45.8252
38.3871
31.6622
29.9819
31.6294
33.7457
35.058
38.106
41.8385
46.1664
52.604
59.4808
62.9911
62.3861
57.2794
47.2417
34.4986
26.3085
21.7834
16.2361
17.8253
23.2055
28.0673
33.8117
39.4426
44.154
46.7088
47.2611
47.0228
46.0922
43.2082
37.1993
30.0686
26.0823
24.1689
22.4131
18.6735
-19.7368
-19.812
-19.3714
-20.3179
-23.328
-25.7492
-24.7687
-23.7063
-23.9827
-24.5697
-24.3153
-24.1494
-24.6859
-24.8676
-24.7264
-25.342
-27.0703
-28.1853
-27.3412
-26.2951
-25.8136
-25.2496
-24.3629
-22.6105
-21.383
-21.8115
-23.707
-24.919
-24.39
-24.2014
-25.8381
-28.4809
-26.7673
-23.3797
-23.024
-25.7182
-29.5686
-30.7983
-29.8734
-26.0604
-22.0408
-20.1632
-20.8695
-23.1306
-24.4714
-24.3181
-24.712
-26.6245
-6.54765
9.06201
23.6202
30.746
35.2728
46.1707
56.5492
62.6905
64.247
61.7821
55.8571
50.5018
50.2184
49.8777
48.6583
45.7922
42.451
40.6922
44.0055
46.9166
47.5411
45.4332
40.9793
38.0479
37.8265
37.4536
37.353
34.9178
33.1089
30.9204
30.9529
29.8581
27.1212
23.8276
21.3112
16.584
13.9795
12.3598
12.061
15.2506
24.9711
35.0122
43.7722
52.4169
58.4312
60.6062
58.6822
52.3676
41.5435
29.5522
23.9836
18.9478
13.9115
13.9971
17.6985
20.7052
22.461
26.3381
32.7603
38.1201
41.5082
43.0721
42.7909
40.4638
36.3507
31.801
28.1974
24.1609
19.7649
15.6809
-19.8735
-18.0491
-18.1472
-19.7572
-20.8505
-21.2517
-22.4521
-25.249
-28.3814
-29.3775
-29.2854
-29.1259
-27.6553
-25.8027
-25.1684
-24.9393
-24.1743
-23.3974
-23.025
-22.8481
-22.2162
-21.8371
-22.6624
-25.3506
-28.615
-27.5819
-24.5781
-23.8373
-24.1402
-23.1975
-21.0014
-19.7438
-20.0748
-22.0476
-25.4008
-28.39
-29.8575
-29.8764
-28.9612
-27.5208
-25.8779
-23.8321
-21.6472
-21.0318
-22.9463
-26.3574
-27.665
-25.9869
-9.03074
8.42609
23.7099
32.9195
39.8548
46.0419
52.0034
56.8097
59.6637
61.0451
61.633
61.5741
59.806
55.1504
48.3218
41.2829
41.5253
46.3168
49.2693
47.8028
44.3016
41.2385
39.2188
36.1534
34.0195
30.4076
30.1405
32.9029
36.3123
36.8767
34.9688
31.0266
26.1984
23.62
21.3829
16.7169
13.0752
10.33
10.7437
7.23043
8.53767
14.2236
30.7367
47.5799
58.2892
63.8055
64.8932
61.7824
54.2805
42.5777
28.4863
20.0972
16.1282
16.4138
20.0708
22.796
24.3081
25.4316
26.422
27.2086
27.2982
27.4719
29.8475
33.3797
35.0414
33.5241
28.6876
22.0796
18.2703
16.876
-21.9522
-19.1852
-19.3075
-22.2779
-26.724
-28.6259
-26.4533
-24.5171
-24.3071
-25.2887
-26.705
-28.3729
-29.9372
-30.5855
-28.6821
-25.0922
-23.0171
-23.4665
-24.7931
-24.2581
-22.4773
-21.4145
-22.1616
-25.1397
-29.13
-29.9781
-29.0871
-28.9944
-28.4311
-27.1245
-26.8432
-27.6246
-28.6774
-30.679
-32.2759
-29.2393
-25.4963
-24.1746
-24.1056
-23.6752
-22.3936
-20.4638
-18.9663
-19.3635
-21.9117
-24.4134
-24.3973
-23.7039
-15.0104
-4.28151
11.6033
19.6246
26.0248
31.4195
39.7278
48.553
54.719
57.6016
57.0352
53.2537
46.8348
39.6907
35.1908
39.3296
42.5297
43.0182
41.6256
38.1308
35.6301
34.7326
29.3764
25.2929
23.6958
21.4648
21.311
16.9771
18.5278
14.4443
16.1253
15.967
13.159
8.8727
8.73543
6.70698
4.94052
2.52784
6.18076
4.19312
8.98183
14.4645
20.177
33.846
44.3829
51.0729
53.8514
52.6949
47.3553
37.6845
27.9104
21.3708
14.8874
11.7287
14.5246
17.0506
18.6633
20.9096
22.7874
22.288
19.523
17.4045
17.612
17.3892
16.1684
14.7434
11.9862
7.41014
2.84018
-2.16634
-36.8967
-33.1387
-28.6961
-26.0547
-26.0055
-27.7067
-27.3007
-22.7669
-19.1106
-18.528
-20.9842
-25.0473
-27.8444
-28.4947
-27.5006
-25.7211
-23.7897
-23.1999
-23.6244
-23.9706
-24.3616
-26.6726
-31.4239
-35.6977
-36.8343
-34.4899
-30.1862
-27.1341
-26.8222
-29.0029
-32.3187
-35.1172
-36.6592
-36.6967
-34.3961
-28.0796
-21.5866
-18.0545
-17.9144
-20.7303
-24.2818
-24.1027
-22.4174
-22.3278
-22.7918
-22.3232
-22.2802
-23.2057
-19.1086
-16.6273
-2.12252
4.35923
12.4688
13.0146
18.6144
24.4041
26.6466
27.3982
23.2496
19.3616
24.3984
28.4148
29.191
29.8808
28.6264
24.8394
26.967
22.1874
20.5429
22.6734
11.6707
5.69402
12.0774
5.44918
12.2928
4.01782
12.1099
-0.287782
-0.0867151
0.664563
-0.413677
-10.2867
-2.79773
-6.15686
-13.0783
-21.0087
-0.358632
-9.28686
-6.86031
4.69279
6.05029
16.426
24.88
29.2137
30.49
29.1954
25.686
21.4385
13.0937
7.70385
5.33687
4.27584
4.62853
4.93239
3.87611
2.28583
2.77985
4.92947
5.82232
4.89872
3.37208
2.07307
0.171911
-2.59606
-5.64281
-10.5909
-16.2208
-20.9111
-26.4373
-24.3078
-23.4266
-22.474
-21.8494
-22.2239
-23.5091
-24.7508
-24.5189
-23.1227
-23.1595
-25.5775
-27.3946
-26.182
-25.6621
-27.456
-29.4334
-29.8504
-30.734
-31.5044
-30.3053
-28.3649
-26.7643
-25.4767
-24.4768
-23.3887
-22.0608
-22.0123
-24.1428
-27.3982
-27.6293
-25.1597
-23.7378
-23.324
-21.7256
-19.294
-18.3119
-19.3565
-21.716
-24.7586
-28.0879
-29.3501
-26.0259
-22.6705
-22.0312
-24.7378
-30.5936
-37.3924
-25.9717
-29.0271
-11.4111
-12.6808
6.25053
-7.75943
-3.08883
5.08548
2.07067
13.1205
5.31684
2.94945
15.8625
17.2915
3.01349
1.38757
9.68261
9.95726
19.23
0.228295
-0.171026
16.6371
2.90124
-6.9256
7.27175
-5.21026
7.98128
-2.60957
8.65017
-15.082
-9.74131
-6.42518
-4.68474
-16.1499
-7.49565
-7.79804
-13.741
-20.5798
-0.843181
-11.241
-12.218
-2.00503
-14.3607
-11.6101
-4.95384
4.73435
10.79
12.3859
9.84003
6.84147
-0.987
-4.84278
-4.49685
-5.83172
-6.60339
-6.24103
-6.03894
-7.79432
-9.69826
-9.99121
-10.9504
-13.6103
-15.3077
-14.5866
-13.3304
-13.7931
-17.0806
-21.8988
-24.4479
-23.8773
-20.9139
-17.6621
-17.8864
-21.2176
-25.3977
-26.7426
-26.8518
-27.3835
-25.9523
-21.6447
-18.9599
-20.0525
-25.2139
-32.1674
-33.9756
-32.7355
-32.2316
-31.6363
-30.406
-29.46
-30.1085
-31.9885
-32.5302
-28.9325
-25.0459
-23.8117
-25.4842
-28.5617
-29.4058
-28.1236
-26.8621
-26.2556
-27.1278
-28.9812
-29.8511
-28.4491
-26.5001
-24.8465
-23.5617
-22.3523
-20.8092
-18.3215
-15.5346
-14.2184
-15.2651
-17.9605
-20.9944
-24.2325
-24.604
-26.9008
-12.0889
-16.2113
5.79591
-13.2867
-11.9338
0.411564
-7.94115
10.644
0.0476104
-7.29353
14.3468
16.2901
-2.31072
-7.628
7.54969
7.7357
18.5919
-10.3215
-7.60578
15.9159
1.25245
-10.0914
6.01096
-7.82488
7.56833
-3.17404
7.85333
-19.1808
-10.3701
-8.54847
-5.54421
-16.6103
-8.1913
-7.33487
-9.82191
-15.5086
-0.333435
-12.7107
-13.1054
-3.26655
-13.7943
-14.2157
-17.3271
-16.1295
-14.0162
-13.3243
-14.6614
-2.94832
-13.8467
-20.5145
-15.1787
-8.07838
-2.94303
-0.517511
1.05589
2.95143
4.92418
5.34143
2.91103
-2.77513
-9.92484
-10.6965
-6.31745
-3.60928
-3.58344
-5.90874
-9.33472
-11.6752
-25.6801
-20.8796
-18.7386
-19.2985
-22.1914
-26.6024
-31.1556
-33.3368
-32.1058
-28.8404
-26.7977
-27.4551
-30.2918
-33.3654
-34.6019
-33.7254
-31.4487
-29.4456
-28.5529
-28.9677
-30.9773
-34.2021
-36.5573
-35.7866
-32.8944
-29.4533
-26.2048
-24.688
-24.8665
-25.5311
-25.3547
-25.2014
-26.3905
-29.4463
-34.1078
-37.0362
-34.5886
-28.018
-22.6969
-20.531
-21.5625
-24.4693
-25.9531
-25.4588
-25.0009
-24.9753
-25.192
-26.8511
-27.116
-26.3107
-12.9191
-17.764
4.35656
-16.8057
-13.701
-1.44334
-8.82201
8.67362
-1.95695
-7.978
12.7073
14.4197
-4.53141
-10.9519
5.90935
6.34856
16.7886
-11.9114
-10.6665
14.3504
-0.93735
-10.4523
4.58466
-7.93973
5.70693
-5.21976
6.36927
-16.8435
-8.86426
-9.03481
-6.40196
-16.3703
-10.443
-9.10233
-12.8997
-19.1146
-2.34802
-13.976
-13.2584
-4.75837
-13.7574
-14.2188
-16.2382
-17.6426
-18.411
-19.3553
-19.2156
-4.50894
-14.131
-8.78261
5.73903
16.5792
22.408
25.0188
26.1298
26.4943
25.9409
24.4382
22.8709
21.779
20.6782
18.9516
16.3057
13.3639
10.5392
7.49237
4.47197
1.41774
-26.2038
-24.4031
-23.8883
-21.8391
-19.1472
-18.5867
-20.6374
-24.3761
-27.4514
-28.1768
-26.6369
-24.0873
-22.9679
-24.2873
-27.3919
-29.8354
-31.1685
-31.9664
-31.6033
-29.5178
-27.7103
-27.9303
-30.2941
-32.4292
-32.1448
-30.5669
-27.5754
-23.7451
-20.2228
-17.6874
-17.0671
-18.6999
-22.2531
-26.5119
-30.0042
-30.8129
-28.2766
-25.822
-24.6771
-25.2895
-27.68
-30.2272
-28.5718
-24.5528
-22.9686
-24.6636
-28.3304
-30.5118
-29.697
-24.7296
-9.36502
-7.20793
6.74723
-6.64844
-9.21546
0.184387
-2.93268
10.1253
2.58512
-3.05201
13.5799
15.0206
1.77738
-1.82277
6.78533
6.63908
16.8823
-11.5646
-8.71516
14.072
-0.265358
-7.88288
4.73443
-8.47628
4.90895
-4.77138
6.70639
-16.0793
-9.65132
-10.3579
-7.40799
-17.8571
-10.9822
-8.80381
-12.6951
-20.3275
-1.96968
-14.4133
-12.7872
-5.29999
-12.7707
-13.1625
-15.2157
-16.1978
-17.4966
-19.7865
-20.0357
-6.29305
-14.2697
-5.75392
10.2262
20.0131
24.944
27.2015
29.8335
32.213
32.7191
31.09
28.9105
27.7666
27.5683
27.6878
26.4727
22.9695
17.7578
14.2915
12.0268
7.7777
-22.1198
-19.0612
-19.3994
-23.1163
-27.493
-27.9669
-26.6888
-26.215
-26.282
-26.1274
-24.726
-22.8178
-21.9747
-22.8098
-23.4463
-21.8292
-20.3102
-21.0738
-24.4859
-28.0479
-27.5536
-25.8367
-25.7971
-26.2337
-25.7784
-25.321
-24.9867
-24.5675
-25.2497
-27.1494
-27.2665
-25.0286
-23.855
-24.6832
-26.7112
-28.2951
-28.1341
-26.2222
-23.7643
-22.5569
-23.942
-28.18
-31.5355
-28.3522
-25.0026
-24.1618
-24.5415
-24.2595
-23.8323
-20.8174
-7.56176
-5.08267
6.78754
-3.59342
-6.55882
1.91887
-2.96132
10.5414
9.67919
13.0489
19.9074
20.5351
13.7804
9.93677
11.861
10.8299
18.3986
2.08365
0.203534
14.3112
-0.332755
-7.81887
4.20392
-7.51505
5.12087
-4.52874
6.42201
-18.3496
-8.89688
-10.2214
-5.90127
-13.1112
-10.2921
-8.29678
-11.5478
-17.2557
-1.33864
-13.9479
-13.4726
-6.40667
-14.9999
-13.8628
-17.8681
-17.3026
-14.9047
-15.4823
-17.9579
-6.96446
-12.5702
8.51191
26.2994
36.6663
41.185
41.219
38.1943
35.2041
34.1172
32.3252
29.5959
26.6915
23.6199
21.4511
21.1751
21.3205
20.043
16.8129
11.9891
6.9794
-23.4246
-23.0018
-24.3185
-28.5999
-34.0292
-33.8698
-29.9384
-26.4127
-24.6671
-25.2016
-27.6157
-29.1904
-27.9145
-26.341
-25.1592
-24.1868
-24.9251
-28.8779
-35.747
-38.289
-33.52
-29.8609
-28.83
-29.5365
-29.8167
-29.0497
-28.2039
-26.6327
-24.8162
-24.1816
-24.9373
-25.9742
-26.6589
-28.1818
-31.2816
-35.0556
-33.1502
-27.3339
-23.4284
-22.8325
-25.4017
-30.3384
-34.5958
-34.2067
-31.8491
-29.1077
-26.2861
-24.6535
-24.2038
-18.4326
-4.35719
2.57888
10.9245
6.29459
3.92212
5.32669
6.95037
16.712
19.5783
22.1448
23.9464
22.8109
18.307
17.041
17.1444
14.62
17.1676
5.58308
5.67487
15.0766
3.44496
-0.433787
5.71571
-6.38866
3.44401
-7.74573
4.91407
-21.6591
-11.4566
-12.4415
-6.98836
-12.5629
-10.4778
-9.07414
-12.6357
-19.5266
-3.14625
-14.9532
-14.3316
-7.26925
-13.5814
-14.009
-19.422
-25.083
-24.5368
-24.2269
-23.2336
-8.58856
-13.7669
17.5029
35.8446
46.1426
50.3555
49.6456
44.206
34.6367
26.5218
21.3011
17.1844
14.7145
12.9305
10.2899
7.22068
6.69767
7.33363
6.13173
3.81086
2.67928
-24.9009
-23.7962
-24.8469
-26.7393
-25.5093
-22.7871
-21.3754
-20.7886
-20.2761
-20.23
-21.177
-22.9178
-24.9922
-26.6372
-27.4223
-28.4782
-30.8248
-33.5665
-35.2912
-35.9198
-33.653
-28.9809
-25.77
-25.1095
-26.382
-27.4426
-25.5074
-21.8208
-19.6879
-20.0669
-21.9994
-24.0783
-25.8052
-26.8089
-27.078
-28.3815
-30.7823
-29.483
-25.309
-22.9808
-23.8375
-27.0374
-27.8175
-25.5023
-24.7458
-25.5201
-24.7115
-22.9175
-21.4316
-7.04731
8.55061
17.5745
22.7752
23.5484
24.1725
25.338
25.7682
25.2085
20.7294
16.3086
18.9801
20.9175
16.0235
13.4946
15.0029
14.9679
19.4974
10.4382
6.96926
14.9303
4.85268
2.27893
5.39549
-5.07187
2.87287
-4.31539
4.79373
-18.5894
-11.7897
-14.9659
-8.05855
-15.8159
-13.4384
-9.63373
-13.1923
-18.1548
-2.59317
-13.8781
-14.5091
-7.70391
-15.7868
-16.6018
-20.5123
-21.3753
-18.7182
-17.9997
-18.405
-9.45252
-13.0487
22.3203
41.5876
52.8661
57.8132
57.6849
52.5347
41.6922
29.0481
23.8498
21.473
17.1336
11.7814
8.40599
6.69817
3.74407
-0.183334
-3.39857
-6.61405
-9.99114
-22.8003
-23.6255
-24.6746
-25.8881
-25.6551
-22.7727
-20.4556
-20.3595
-22.1927
-24.5914
-26.1408
-26.4719
-25.0087
-23.4401
-23.1319
-24.7258
-27.0483
-28.2354
-28.6098
-30.1118
-32.3796
-33.4387
-32.9837
-30.8853
-28.0549
-25.9524
-25.4029
-25.8007
-25.6179
-25.126
-25.5968
-26.4286
-24.8085
-22.5951
-22.7726
-25.5174
-27.8733
-27.4042
-27.5215
-29.3175
-28.8598
-25.3109
-21.9887
-20.05
-19.8355
-21.2987
-22.8997
-22.8865
-19.5193
-6.93895
7.92989
15.4637
20.1737
21.7274
25.9218
30.5987
33.3744
34.7435
34.4808
34.0483
33.4522
30.372
25.1499
23.6087
24.2302
23.4333
23.6624
18.1954
17.23
19.3025
11.4684
6.39059
8.55337
1.57581
6.10481
-0.577678
6.14479
-12.0511
-10.023
-14.9788
-8.6171
-16.8121
-14.7421
-11.0553
-14.2648
-24.693
-3.51198
-15.6124
-15.1488
-8.10441
-15.7015
-17.6766
-20.6242
-20.7726
-17.9297
-17.871
-20.3357
-9.3944
-22.7307
19.3163
37.9168
48.7411
53.3758
53.0232
47.8463
38.2517
30.3309
26.0529
20.9328
15.9993
12.6965
9.04346
4.57421
0.711966
-2.57894
-5.6061
-8.84436
-12.2522
-26.4444
-25.57
-26.3472
-28.7921
-31.1633
-30.2237
-27.0645
-25.2578
-25.419
-27.0983
-28.8278
-27.6769
-23.9546
-21.1588
-20.5765
-21.8665
-24.356
-27.3648
-29.9645
-31.4054
-31.2464
-28.1146
-23.9664
-21.4993
-21.5158
-23.7226
-27.1579
-30.024
-31.0468
-30.6758
-29.8077
-28.8659
-27.7101
-26.3283
-24.5692
-23.0127
-22.7982
-24.2976
-26.9975
-28.9723
-27.5147
-24.0466
-22.3246
-23.0804
-24.6943
-25.5825
-26.6459
-28.4402
-22.3162
-8.671
7.21371
15.2916
20.3816
19.5911
20.3936
24.4282
28.3397
30.6673
29.1534
24.7581
21.6573
21.5353
17.2403
17.0306
18.1505
16.1827
17.4825
7.65022
5.85032
14.1169
3.66617
-1.13894
4.64576
-7.35758
2.07009
-7.03436
4.58458
-18.3282
-12.2813
-17.4626
-9.08049
-17.9174
-13.6336
-10.9174
-13.8984
-19.7814
-3.11198
-14.0406
-14.2628
-7.55073
-12.7742
-10.7415
-12.7929
-14.8131
-15.6574
-17.8641
-21.243
-10.1714
-20.8902
3.64362
21.3923
30.7155
34.2583
33.1423
28.0492
21.6547
18.6233
16.2921
13.7388
11.1854
8.22918
4.2386
0.071624
-3.55925
-7.49645
-13.0182
-18.989
-22.3906
-26.5153
-26.238
-25.5735
-23.4927
-22.0651
-22.431
-24.404
-26.723
-25.4171
-21.3493
-19.3119
-20.4131
-23.8244
-26.3903
-25.7064
-24.6008
-25.6153
-28.2546
-28.587
-27.0964
-27.5353
-29.2918
-29.5889
-29.357
-30.769
-32.6536
-32.9147
-31.5609
-28.6841
-26.2831
-25.6075
-26.5983
-28.5987
-30.6385
-29.7961
-25.2848
-20.2472
-17.5198
-17.9263
-21.0052
-24.0825
-25.0214
-26.7229
-30.0563
-32.095
-29.4715
-24.954
-22.0106
-17.5815
-15.0124
-3.22122
1.60125
8.74801
7.18362
11.3491
17.3264
19.7233
22.3404
21.5202
21.2367
22.8083
21.584
15.8764
12.4726
14.1112
12.5048
16.2922
3.72582
2.35438
13.0213
0.466097
-2.9014
3.06795
-12.851
0.552473
-8.56827
3.8835
-17.0866
-12.2427
-14.9632
-7.38823
-10.6277
-9.55015
-8.9442
-12.8677
-23.6574
-4.12652
-15.7868
-15.8396
-9.28037
-14.667
-13.4773
-15.7148
-17.3167
-17.7046
-18.9535
-22.318
-11.4793
-15.7298
9.23777
27.0567
37.129
41.3269
40.6986
35.4726
26.4578
19.5782
16.4346
13.7759
10.2075
5.89297
2.09506
-0.147235
-2.3502
-5.69589
-10.9336
-16.3735
-19.6081
-26.8557
-29.8944
-30.5272
-29.1217
-27.8162
-26.9858
-26.5776
-26.4653
-26.099
-25.6547
-26.8459
-30.9151
-35.9182
-33.57
-27.6321
-23.7685
-21.9685
-21.3819
-21.0159
-20.6649
-20.5378
-20.8921
-22.1494
-24.616
-27.0062
-27.5236
-27.432
-27.1367
-24.8642
-22.4746
-21.8385
-22.7783
-24.7124
-28.1079
-32.2723
-31.1798
-25.8186
-21.9789
-21.3659
-24.2892
-30.4769
-36.2167
-35.9688
-32.922
-30.6269
-29.4344
-27.63
-24.4073
-19.1497
-19.1991
-10.6098
-11.2554
3.8636
-9.62056
-10.5338
-2.76836
-2.12186
9.72611
9.24363
8.40895
12.8724
13.223
-3.03055
-3.53491
6.20279
5.81914
13.625
-17.445
-14.4208
10.6242
-6.35013
-9.60687
1.022
-15.6426
-0.216153
-7.0945
3.88183
-13.724
-12.5462
-18.6287
-10.3144
-19.4896
-16.5012
-12.5203
-15.1799
-26.4472
-5.12393
-17.8611
-19.0961
-11.2785
-17.9434
-15.0959
-15.2281
-16.1065
-16.9105
-18.1979
-19.693
-12.2596
-14.5638
10.8602
28.0363
38.0831
42.2126
41.4663
36.0849
27.4072
22.0573
18.9501
14.3674
8.47209
2.32658
-0.342123
0.289653
-0.852188
-5.09434
-10.5942
-13.9195
-16.2685
-18.3671
-20.4886
-23.305
-25.4255
-27.5235
-28.5271
-27.3075
-25.5062
-23.4486
-21.7868
-22.1007
-24.9115
-28.7066
-29.9373
-27.7194
-24.7091
-23.0495
-23.3083
-24.9927
-26.6472
-26.8635
-27.0495
-28.53
-30.2429
-28.3391
-24.8933
-24.094
-26.8834
-32.0079
-33.8479
-29.8173
-25.3215
-22.4358
-21.0241
-20.7582
-21.3129
-22.283
-22.5286
-22.5149
-23.9161
-27.3045
-30.9285
-30.234
-26.4255
-23.9236
-23.8942
-24.6133
-24.1312
-20.3255
-22.2278
-13.1681
-16.4182
2.61564
-13.9333
-15.1106
-4.16395
-10.5877
5.69695
-3.18455
-10.5831
9.73551
11.2841
-10.7958
-21.4486
3.78282
4.13807
13.1994
-19.3089
-14.6975
10.6097
-6.2372
-8.54214
1.05871
-15.378
-0.648533
-8.93011
2.92634
-22.2695
-15.0811
-20.9871
-11.5448
-19.3998
-16.2733
-12.63
-15.0481
-25.8638
-5.36667
-18.62
-19.5502
-11.18
-17.6796
-16.1758
-18.5944
-21.5911
-22.2995
-21.867
-22.0176
-11.4656
-15.5609
-2.0547
15.317
25.58
30.0574
29.9121
25.9948
20.9226
18.3669
15.3646
10.4238
5.20061
1.17384
-3.12566
-6.69431
-9.06966
-11.6765
-14.6855
-16.5126
-17.2773
-25.8785
-28.687
-32.0477
-28.4847
-22.8486
-20.4411
-21.0687
-22.6052
-22.8534
-23.1554
-24.6388
-25.6642
-24.91
-23.5683
-22.8385
-22.5667
-22.9954
-24.9561
-28.6263
-30.9401
-30.0128
-29.3546
-28.6163
-26.2935
-24.7384
-25.937
-29.8834
-34.5973
-36.5659
-34.6873
-31.3304
-28.4154
-26.3671
-24.9919
-24.1745
-24.0866
-24.2042
-23.623
-23.147
-24.0472
-24.731
-22.5117
-19.9493
-19.5031
-21.4256
-25.2207
-29.8766
-32.5835
-27.5264
-29.4495
-17.0065
-25.4939
1.26141
-21.0299
-19.1374
-4.88024
-11.5932
4.90886
-3.99057
-10.0976
9.13979
10.9393
-8.03781
-16.5736
3.7097
3.88424
12.5585
-20.5744
-15.2698
10.0984
-5.87681
-7.3998
0.791656
-18.1129
-2.25532
-10.9021
2.56753
-20.1156
-13.1322
-15.8817
-8.47597
-14.1468
-13.8947
-11.5124
-14.7749
-22.4286
-5.42322
-17.2452
-18.0753
-12.2272
-21.3298
-19.5578
-22.9604
-29.1173
-30.8283
-29.2168
-27.6994
-13.0325
-21.7771
-18.0464
-4.38651
5.22198
9.59465
9.35228
5.62519
0.924851
-1.90995
-5.3761
-10.9797
-16.1835
-19.4764
-21.6034
-23.0589
-24.1558
-24.0168
-23.8258
-24.0836
-23.2786
-26.5585
-27.4359
-28.9316
-28.9438
-26.5863
-23.6384
-22.0235
-21.8828
-22.2174
-22.5592
-23.0753
-24.1596
-25.4753
-26.6971
-27.3241
-27.6935
-29.2747
-31.3976
-31.6398
-30.1938
-29.3206
-28.9615
-27.1841
-24.2758
-22.4577
-23.0961
-26.066
-28.5531
-27.1864
-25.8196
-26.9902
-29.2773
-28.8711
-26.3633
-25.2342
-26.297
-28.4336
-28.8286
-28.0201
-28.3761
-28.3424
-24.9011
-21.6986
-21.3499
-24.1534
-29.5392
-34.1331
-31.7517
-25.3668
-26.0569
-17.0277
-25.6602
0.599511
-21.6442
-20.7043
-5.94741
-14.2327
3.5661
-4.65056
-9.93723
8.77097
10.4153
-9.26633
-18.5533
2.90179
3.08775
12.2381
-19.0863
-15.3847
9.34489
-7.66606
-9.26165
0.0248646
-18.3657
-2.20671
-10.9465
1.8743
-22.9706
-14.7594
-17.8189
-10.6646
-18.4135
-18.3868
-14.5445
-17.9759
-30.1793
-5.94265
-16.3826
-15.7082
-10.5799
-17.4128
-16.8124
-19.4839
-21.6863
-20.9508
-21.2607
-22.8767
-12.835
-21.3125
-23.2159
-21.0535
-19.5356
-19.0366
-22.7592
-26.9182
-28.2642
-25.7383
-23.7248
-22.7393
-22.2339
-21.4055
-21.8171
-22.4219
-23.4364
-24.9791
-27.496
-29.1322
-26.1052
-22.612
-23.6237
-25.8558
-27.4755
-26.6514
-24.336
-23.1321
-23.8471
-24.884
-24.2188
-22.977
-22.2893
-21.6493
-21.4675
-22.7132
-24.5329
-24.4596
-22.7917
-21.7943
-22.0983
-23.6049
-25.1874
-25.8642
-26.0998
-26.5232
-27.6286
-30.227
-32.8302
-30.4453
-27.5095
-27.898
-31.4477
-33.7941
-29.643
-25.2275
-23.7408
-24.5319
-25.528
-25.6146
-26.1986
-27.1615
-27.1955
-26.5409
-26.0716
-26.4209
-28.3157
-31.2356
-30.7548
-25.6257
-24.3265
-14.5649
-18.0555
1.34822
-17.4921
-18.4468
-5.81937
-12.4949
4.11468
-3.80413
-9.67268
8.64749
10.5113
-9.62249
-18.7583
2.9988
3.58209
12.2334
-15.437
-12.3484
9.73899
-5.51637
-6.3498
0.874088
-14.8626
-1.73543
-9.33576
2.1443
-23.9003
-15.9712
-20.3387
-11.0944
-18.6841
-17.1558
-14.0946
-16.7961
-26.6601
-5.98304
-16.4326
-17.1168
-11.8824
-18.318
-16.1125
-18.8589
-22.5478
-23.7741
-23.2231
-22.6691
-12.6258
-21.2294
-26.7725
-27.6001
-23.868
-19.0923
-18.6334
-19.8905
-23.2579
-26.9342
-28.3342
-26.4375
-24.7119
-24.0299
-25.3073
-25.9806
-26.0525
-25.4876
-24.7728
-22.8909
-20.8189
-26.6018
-26.5125
-27.6745
-29.7249
-30.3811
-29.712
-29.9772
-32.0296
-35.0072
-35.8766
-33.6447
-30.9329
-28.2402
-25.4294
-23.6991
-23.5584
-24.5142
-25.2899
-25.668
-26.5572
-28.4876
-30.6019
-31.4478
-31.2082
-31.1557
-31.7093
-32.5399
-32.8255
-31.521
-29.4153
-28.367
-29.1799
-31.2659
-32.9881
-32.0053
-29.2776
-27.5511
-27.604
-28.3183
-27.5666
-25.7395
-24.3241
-23.8342
-24.1381
-25.2785
-27.4126
-29.7971
-30.8329
-27.453
-26.2315
-15.3272
-18.6538
1.16424
-17.2659
-17.4635
-5.41854
-12.7476
4.30423
-3.9186
-8.68285
8.72058
10.6187
-7.64862
-14.8773
3.30368
3.83481
12.2879
-18.6511
-14.6452
9.78358
-6.97485
-7.4026
0.886308
-14.0601
-1.66447
-10.627
1.69705
-23.7009
-13.7054
-12.9282
-6.73789
-11.5283
-13.727
-13.8163
-16.0324
-30.0158
-6.12333
-18.5205
-18.5588
-11.3891
-18.564
-17.0631
-19.0325
-21.3801
-22.5791
-22.9616
-21.3177
-11.8976
-19.6329
-23.6613
-20.3868
-14.3562
-10.9641
-12.4133
-17.3066
-23.0194
-23.9871
-23.2492
-22.1611
-20.4188
-19.4459
-20.8891
-23.8796
-25.3826
-23.6888
-22.2659
-22.8662
-25.1786
-28.9154
-27.3462
-24.7196
-21.51
-19.374
-19.4887
-22.2008
-26.9609
-30.3561
-29.5169
-28.7832
-30.2672
-30.8839
-28.0717
-25.3125
-24.8788
-26.3419
-27.2386
-25.5146
-23.4735
-22.9116
-23.8291
-25.9065
-28.6959
-31.4241
-32.3162
-31.2327
-29.938
-29.2175
-28.8482
-28.7111
-29.1713
-30.6089
-32.7847
-33.9169
-32.5861
-30.54
-29.6861
-29.2173
-28.0461
-26.7448
-26.2526
-26.707
-27.308
-27.5363
-27.4997
-27.2781
-27.3641
-25.789
-28.0976
-16.4639
-21.9485
0.489812
-18.6371
-19.3142
-5.88828
-14.7059
3.27357
-5.737
-12.2724
7.92646
9.93449
-10.4933
-17.7347
2.54195
3.51154
11.7893
-15.8725
-12.7305
8.93575
-7.40266
-7.15335
0.417166
-12.904
-2.1321
-8.59837
2.33122
-14.3183
-12.5795
-18.1032
-10.4691
-16.3208
-16.1576
-13.5622
-16.3532
-23.9651
-6.43617
-18.5449
-20.1904
-13.0288
-20.1978
-16.7672
-17.5656
-19.2999
-21.1468
-23.4351
-23.9436
-12.7189
-19.4652
-21.4647
-18.6096
-14.245
-11.9783
-14.1346
-20.0364
-28.0364
-29.421
-26.8986
-23.1301
-20.7129
-19.8596
-21.7873
-24.3438
-26.0093
-26.8734
-29.0551
-32.2363
-34.133
-29.0984
-26.554
-25.3
-24.9344
-24.7861
-25.0049
-26.2699
-28.5812
-29.7098
-28.0703
-26.1171
-24.9385
-24.1572
-23.7238
-24.4983
-26.643
-28.7425
-28.4493
-27.6269
-28.803
-31.018
-30.5596
-28.5977
-28.0948
-29.0698
-30.0964
-29.8286
-27.5233
-25.218
-24.9631
-27.0627
-29.4519
-28.8263
-26.9484
-26.1421
-26.4134
-26.8975
-27.1402
-27.2321
-26.1432
-24.6183
-24.5123
-26.0034
-27.7237
-28.3294
-28.3867
-28.0195
-28.2252
-26.5159
-29.0364
-15.5499
-15.9903
0.902963
-14.1668
-16.3447
-6.54216
-14.3106
2.99332
-6.10067
-13.248
7.4566
9.62205
-11.0569
-15.8828
2.71802
3.0775
11.2584
-20.4809
-15.5204
8.57513
-7.94978
-8.00763
-0.43003
-17.461
-3.83391
-11.0391
1.59278
-16.9479
-14.1481
-21.2512
-13.3237
-21.908
-18.348
-14.4108
-16.205
-21.7458
-6.19911
-17.4527
-20.3704
-13.0517
-19.6807
-17.2363
-19.143
-22.8795
-23.0294
-22.1093
-21.076
-12.787
-19.1844
-22.1487
-22.2203
-20.0221
-17.8096
-19.1112
-22.4264
-27.5395
-29.69
-26.0133
-22.1428
-21.0258
-22.1357
-25.0968
-27.2402
-27.8095
-27.4325
-28.6859
-30.719
-30.516
-25.3989
-25.991
-25.5446
-24.8262
-24.9107
-25.9826
-27.2944
-28.0511
-27.502
-25.7294
-23.4714
-21.3556
-20.4591
-21.6821
-25.0595
-28.4453
-28.5288
-26.8631
-25.4537
-25.4171
-27.2493
-29.3602
-28.3647
-25.9471
-25.0968
-26.0233
-27.5549
-28.0418
-27.1732
-26.5291
-27.0678
-28.4477
-29.816
-30.4606
-30.3051
-29.7838
-29.3997
-29.2566
-29.5354
-30.0061
-29.0859
-27.4001
-26.8481
-27.3188
-27.1093
-26.619
-27.071
-27.8051
-24.9374
-25.569
-14.8296
-14.9221
1.38585
-13.523
-16.5363
-5.38225
-10.2602
3.68913
-4.47576
-12.4483
7.38032
9.25845
-12.6134
-21.2863
2.29742
2.86607
11.4773
-19.8772
-14.7732
8.73116
-8.00222
-8.26744
-0.719446
-17.5754
-3.78619
-11.6089
1.2989
-20.6664
-15.5766
-23.0503
-12.4682
-18.4438
-16.0393
-13.8016
-16.1083
-23.9811
-6.19697
-15.2947
-15.8948
-11.7134
-17.4618
-16.6007
-19.3699
-24.5364
-25.7373
-23.6215
-21.3768
-12.2104
-19.6636
-24.3894
-25.9038
-23.0978
-18.509
-18.0692
-20.0099
-23.8631
-25.7646
-24.1575
-22.5555
-22.0412
-20.5237
-18.9008
-18.7327
-20.5263
-22.9193
-25.154
-27.1128
-27.0725
-19.2301
-18.7092
-19.9862
-22.9498
-26.2132
-27.5119
-27.0931
-25.5177
-23.4173
-22.5823
-23.5709
-25.5421
-27.2636
-28.7998
-30.4789
-32.1022
-32.7811
-32.4665
-31.2883
-29.9725
-29.619
-28.7289
-26.3515
-24.549
-24.5779
-25.2055
-24.3147
-22.7021
-22.3828
-24.1451
-27.319
-30.2341
-31.9974
-32.0144
-29.622
-26.7868
-24.7253
-23.6829
-23.2839
-23.3501
-23.6949
-24.02
-23.8974
-23.6348
-24.3771
-25.7109
-25.7851
-24.2655
-21.581
-22.1525
-14.6168
-18.8605
0.316086
-18.8218
-19.3728
-6.16178
-10.84
3.9163
-4.22088
-11.184
7.57458
9.68776
-11.3022
-18.5831
2.29042
3.1184
11.4508
-20.8077
-16.1883
8.77814
-8.76561
-8.16654
-0.418313
-18.5228
-3.88097
-11.1258
1.23154
-21.8329
-16.9662
-23.5112
-12.388
-18.3957
-16.3201
-13.9203
-15.9829
-25.5472
-6.82636
-17.1681
-16.9768
-11.81
-18.7211
-19.0797
-22.4013
-22.5335
-18.1016
-16.3064
-17.7513
-12.8128
-21.5481
-25.8662
-24.3768
-19.3352
-14.135
-12.5666
-13.55
-16.8205
-20.2994
-22.4693
-23.7694
-24.5563
-22.8927
-20.8718
-20.0128
-20.041
-20.3114
-21.4488
-23.4392
-23.1789
-22.5343
-22.5773
-23.8715
-26.1441
-29.4737
-32.3971
-32.3412
-30.8281
-28.7145
-26.2778
-24.6028
-24.1445
-23.795
-23.2233
-23.6963
-25.8644
-28.7419
-30.4012
-29.9429
-28.0552
-26.842
-26.1689
-25.2995
-24.8146
-25.1751
-25.5265
-25.191
-24.626
-24.5962
-25.3736
-25.3927
-24.1814
-23.8609
-25.7756
-28.4414
-28.7323
-26.7659
-25.4431
-26.0515
-27.9493
-29.4098
-29.8205
-30.173
-30.8343
-31.2265
-29.398
-25.3663
-22.4395
-21.0303
-21.6655
-14.3763
-15.741
0.640145
-15.9805
-18.1443
-6.51809
-14.6326
2.53414
-6.31074
-13.407
7.38735
9.59912
-6.83743
-11.8657
2.66589
2.84824
10.7841
-20.0101
-14.757
8.17355
-8.254
-7.85564
-0.698217
-15.8012
-3.86223
-10.9957
1.3615
-16.6767
-14.2795
-21.8427
-13.372
-18.0674
-14.5643
-11.2854
-13.6023
-21.9125
-6.79389
-18.8469
-19.2023
-12.997
-18.8477
-18.3282
-22.2797
-27.2224
-25.6167
-24.085
-25.0901
-14.297
-21.9391
-23.1935
-23.0242
-21.5123
-18.3442
-17.523
-17.7135
-19.1005
-20.5789
-21.756
-22.1671
-22.1217
-21.4438
-21.6496
-22.6433
-24.9254
-27.5633
-29.3492
-29.5219
-28.6956
-20.5416
-21.5085
-23.6377
-25.631
-26.839
-27.2393
-26.4778
-25.1752
-24.7496
-25.307
-25.6357
-25.2295
-24.8098
-24.3157
-23.9455
-24.39
-25.6836
-26.9735
-26.8801
-26.0723
-25.9797
-26.382
-25.2468
-22.8506
-21.4351
-22.1173
-24.5467
-27.4494
-30.0122
-32.2076
-31.2033
-27.8443
-26.1757
-26.4874
-26.4081
-24.4252
-22.4526
-21.8296
-21.9541
-21.801
-21.2569
-21.25
-22.715
-25.7627
-27.9142
-26.1331
-23.8618
-23.5354
-24.3735
-24.9818
-14.6848
-14.1198
0.712939
-13.3827
-17.3297
-6.91495
-13.4727
2.43089
-5.97801
-14.1892
6.85923
9.10045
-8.0467
-12.851
2.02479
2.2647
10.7987
-13.9942
-10.4945
8.23679
-8.33124
-7.97703
-0.639389
-15.9022
-4.28795
-10.7564
0.928951
-19.8474
-17.0183
-23.6196
-12.5829
-17.0302
-13.9436
-12.0363
-14.9942
-26.2502
-7.70141
-18.6913
-18.4196
-12.4029
-17.6774
-17.0208
-20.5389
-24.2479
-23.636
-21.7644
-20.2484
-12.5338
-20.6817
-24.8916
-23.9815
-20.9127
-19.3277
-21.2704
-23.5941
-23.9991
-22.7227
-21.3467
-20.1768
-19.942
-20.7607
-22.0207
-22.3419
-23.0455
-24.6229
-26.3541
-27.0017
-26.4059
-23.628
-23.7718
-25.9143
-28.7488
-30.8369
-31.7701
-30.3305
-27.3294
-25.5309
-24.9958
-24.7262
-24.7764
-25.1414
-24.6394
-24.0717
-25.1874
-27.2945
-27.3074
-25.8124
-25.0498
-25.0409
-24.6276
-23.4463
-22.4463
-22.3872
-22.9038
-23.1075
-22.9381
-22.6972
-23.1227
-25.3486
-29.2956
-31.1409
-27.6324
-23.2137
-20.5681
-20.0848
-21.2345
-22.5309
-23.276
-24.3338
-26.2438
-27.9545
-28.2507
-27.2839
-25.6174
-25.1477
-26.9203
-28.3504
-27.685
-16.071
-17.7925
-0.127559
-17.026
-18.7835
-6.47542
-13.0995
2.63919
-6.21155
-14.7762
6.76524
8.78265
-11.5562
-18.9466
1.88896
2.18012
10.4904
-21.2079
-15.2954
7.90635
-9.62242
-8.46676
-1.19297
-17.6434
-4.48473
-12.3086
0.388589
-26.5358
-18.1128
-23.5383
-12.9369
-19.8835
-18.0698
-15.354
-17.4323
-26.5002
-7.16602
-16.7272
-17.3878
-12.3979
-17.3889
-15.4425
-15.934
-18.7895
-21.1263
-21.9045
-21.0314
-13.0872
-18.3895
-19.0963
-18.2074
-17.8387
-18.1759
-21.118
-22.1972
-20.4934
-17.6608
-16.4826
-17.8952
-20.6995
-20.5171
-19.3849
-18.6907
-18.6136
-19.1418
-20.1811
-20.8818
-21.5146
-27.9314
-26.7992
-27.1004
-28.6355
-30.6618
-32.2798
-32.3278
-31.1452
-30.8946
-32.3988
-34.594
-35.3665
-33.3424
-30.3071
-27.3796
-25.4432
-25.3741
-26.3331
-25.8951
-24.525
-24.692
-26.4723
-28.0815
-28.3299
-28.2302
-28.3467
-28.2421
-27.2192
-25.3712
-24.0765
-23.7512
-24.5604
-26.2693
-27.8654
-27.3673
-25.3308
-23.3717
-22.1197
-22.5082
-24.7603
-27.342
-26.8167
-23.7625
-21.587
-21.7147
-23.3768
-24.6953
-25.7283
-26.6221
-27.3463
-15.8479
-16.2219
0.34783
-14.5485
-17.1047
-6.40396
-12.2993
2.57075
-5.56
-12.0706
6.73146
8.86489
-13.0411
-22.7596
1.8051
2.40082
10.6909
-20.6324
-15.4298
7.99672
-9.08043
-7.97491
-1.04907
-17.2508
-4.45769
-11.1603
0.476053
-26.2266
-18.5695
-24.9711
-12.9685
-20.12
-18.1484
-15.7176
-17.2575
-26.9637
-7.25835
-18.3389
-19.2556
-12.7527
-17.5298
-15.2315
-15.7752
-18.585
-20.4736
-20.393
-19.3717
-12.4236
-19.2956
-22.2505
-21.7211
-20.8044
-20.5428
-23.3299
-25.3068
-24.0718
-19.1321
-14.9642
-13.4002
-14.2535
-15.8815
-17.2403
-17.2202
-18.0309
-20.8883
-24.7231
-25.9031
-24.7536
-29.334
-28.9158
-25.963
-23.9916
-24.4565
-26.279
-27.5189
-27.9688
-28.9454
-29.8284
-28.3517
-25.3463
-23.5539
-23.8519
-24.993
-24.6162
-22.9996
-22.6533
-23.7904
-24.5508
-24.5822
-25.6951
-27.7795
-27.5146
-25.1188
-23.7124
-23.9002
-24.1311
-23.7179
-24.2933
-26.3967
-28.3315
-28.6744
-29.1682
-30.6316
-31.4983
-29.5294
-27.1017
-26.7137
-28.6739
-31.3487
-31.7329
-29.7767
-27.6648
-26.2269
-24.7112
-23.1951
-22.9336
-22.8639
-23.4758
-14.3856
-14.2503
0.425538
-13.9514
-18.0376
-7.16408
-14.5321
1.88879
-6.46365
-13.5562
6.3224
8.35851
-12.9679
-21.8458
1.69336
2.15889
10.3701
-20.8877
-15.794
7.62759
-8.79342
-7.70226
-1.11704
-19.0623
-5.50304
-12.1821
-0.0810773
-26.9184
-19.8615
-26.8563
-13.3737
-19.7386
-18.2944
-15.1887
-16.0702
-20.5063
-6.32939
-15.272
-17.766
-13.1551
-18.4436
-16.4383
-17.1836
-19.0616
-20.2665
-22.0199
-21.6633
-13.6406
-21.1249
-25.3407
-26.8509
-27.1053
-25.3475
-25.847
-25.2995
-23.645
-18.9244
-15.1337
-14.1973
-15.9598
-18.2604
-18.8906
-18.1335
-18.8972
-21.6537
-25.2413
-27.8764
-28.0049
-28.7032
-28.1795
-24.8999
-22.2207
-21.6956
-22.8716
-24.32
-24.9787
-24.7578
-24.048
-22.7453
-20.6767
-18.9039
-19.0278
-21.644
-25.3199
-26.5127
-25.0596
-23.3066
-22.1088
-22.4258
-24.6442
-26.983
-26.6972
-25.4887
-25.3464
-25.5845
-25.1677
-24.6987
-24.4469
-23.7256
-23.4121
-25.3261
-29.318
-31.4865
-30.3434
-29.9428
-31.0356
-32.3168
-32.6911
-31.7805
-29.8545
-28.1331
-27.5105
-27.8919
-28.5954
-29.4565
-30.5495
-28.1429
-27.7319
-16.9312
-18.7149
-0.829249
-19.3337
-21.625
-7.75715
-15.8149
1.45349
-7.52879
-16.3289
5.88375
8.02616
-15.3207
-28.5378
1.01921
1.32934
9.92413
-23.1778
-15.0609
7.42114
-9.07671
-7.85671
-1.33688
-16.3695
-5.00981
-11.9717
0.0528634
-23.2511
-18.6587
-23.86
-12.9531
-17.976
-16.9945
-14.4583
-16.4258
-21.9725
-7.1322
-16.0281
-17.4843
-13.1909
-19.9342
-19.6552
-22.3269
-24.258
-21.7097
-20.1385
-19.6161
-13.1206
-20.3234
-24.2401
-26.0503
-27.0728
-26.6575
-29.5427
-29.6118
-28.6877
-27.6619
-26.7515
-26.3166
-26.1911
-23.2809
-20.9652
-20.2797
-21.7818
-23.3794
-23.8346
-24.6161
-25.4316
-30.7787
-29.3812
-27.4681
-24.5023
-21.92
-21.1983
-22.3668
-23.9168
-24.3783
-24.844
-25.5521
-24.988
-23.6554
-23.734
-25.7396
-27.9819
-29.4244
-30.7519
-31.072
-29.7378
-29.1282
-30.3766
-32.3758
-32.9036
-31.4856
-29.8998
-29.4485
-30.4326
-31.9061
-31.1657
-28.223
-26.2755
-27.1129
-30.2247
-32.9776
-33.7102
-34.2397
-33.9657
-31.3128
-28.392
-27.0831
-27.1286
-27.4782
-27.5568
-26.9141
-25.7401
-24.9618
-25.104
-23.6014
-23.0548
-14.9636
-16.8125
-0.504463
-16.6359
-16.3093
-5.79337
-10.803
2.06754
-6.24269
-13.0784
6.2373
8.34601
-12.6422
-22.4954
1.48686
1.60667
10.0072
-21.7759
-15.5999
7.3513
-9.66646
-7.60607
-1.22191
-16.6931
-5.14259
-11.5296
0.426018
-19.7745
-16.4227
-23.0921
-13.6335
-18.9358
-16.5011
-13.8664
-15.3822
-22.3669
-7.00741
-17.4448
-16.2992
-10.6805
-14.3899
-14.6372
-18.6884
-22.8556
-22.0535
-20.9999
-21.8983
-13.5893
-19.899
-21.9889
-22.517
-21.9295
-20.272
-22.0447
-24.0431
-25.7503
-26.4563
-26.5038
-26.3632
-25.4373
-22.8269
-21.0797
-20.1091
-20.9507
-23.2849
-26.4458
-29.2937
-30.1332
-29.1356
-27.4057
-24.6397
-23.1265
-23.9382
-26.7516
-29.9759
-30.9444
-29.4983
-28.6051
-29.4892
-30.3225
-28.6493
-26.9792
-27.218
-28.7079
-30.0823
-30.8055
-29.6509
-27.046
-25.4283
-25.0442
-25.1958
-25.6421
-26.1896
-26.7836
-27.45
-27.4972
-26.9024
-27.4765
-29.1184
-29.2299
-28.4028
-28.4363
-28.1696
-26.8458
-26.0176
-26.1795
-24.7495
-21.5336
-20.0763
-21.8389
-25.9187
-27.6879
-25.154
-22.4244
-21.2079
-21.4599
-22.0261
-24.6145
-17.7977
-22.3729
-0.999777
-19.1213
-17.1939
-6.00494
-11.3178
2.17633
-6.97875
-16.2176
6.06143
8.43023
-13.3307
-23.9453
1.38069
1.71183
10.0936
-22.3923
-15.2678
7.43976
-9.38453
-7.82094
-1.18358
-17.3022
-5.26816
-11.9583
0.600806
-17.3659
-13.97
-18.833
-12.8164
-20.5331
-19.5248
-15.5183
-16.4862
-22.3676
-7.19057
-17.6853
-18.2563
-12.3373
-17.0736
-16.6112
-18.3656
-20.3315
-21.0137
-21.2574
-21.1807
-13.0891
-18.5309
-22.0078
-24.058
-21.8494
-18.5248
-18.8231
-20.4351
-20.6761
-19.1695
-19.1567
-20.9079
-22.5659
-22.5563
-23.6839
-24.5723
-24.7226
-24.7466
-25.3328
-25.6518
-25.3064
-28.9091
-28.1332
-26.6589
-25.963
-26.94
-29.4503
-32.0076
-31.4703
-28.2491
-25.8447
-25.7324
-26.2922
-25.0793
-23.6071
-23.5856
-24.632
-26.0119
-27.4008
-27.0848
-24.7453
-23.1241
-22.8851
-23.0366
-23.0374
-23.5776
-25.1644
-27.344
-28.589
-28.4868
-28.6766
-29.795
-30.5057
-30.3407
-30.217
-29.3742
-27.5851
-27.0672
-28.9927
-31.257
-30.3172
-28.5452
-28.6773
-30.1661
-31.0588
-30.5897
-29.9481
-30.0957
-31.2279
-31.0925
-29.7282
-15.7813
-14.1782
0.61199
-11.8762
-14.7011
-6.00742
-12.8914
2.06023
-7.0255
-16.7863
6.09061
8.45672
-13.0038
-19.8442
1.7258
1.90865
10.2777
-23.0835
-15.3991
7.50491
-9.54587
-7.99304
-1.07485
-17.2981
-4.99572
-12.3332
0.499178
-19.9772
-15.7298
-21.8899
-13.0583
-18.5457
-16.9679
-14.9264
-17.0981
-28.4518
-7.89537
-19.2286
-20.0664
-13.6017
-20.0384
-18.6066
-19.8867
-21.7116
-21.3943
-21.1262
-21.0297
-13.7576
-20.2398
-22.8346
-22.9782
-21.957
-20.4052
-21.4166
-22.2428
-21.1932
-19.7529
-20.2806
-21.8301
-22.46
-21.7003
-22.3438
-22.6384
-22.6525
-21.5929
-20.197
-19.9585
-21.3683
-26.4779
-27.8296
-28.1515
-29.3598
-31.5343
-32.3049
-30.3722
-27.6621
-26.0932
-25.7215
-25.8228
-25.6065
-25.5231
-26.5117
-28.2262
-29.2517
-28.7156
-27.5747
-26.7064
-26.1642
-25.9688
-26.3982
-26.9309
-26.6831
-26.7223
-27.9941
-29.502
-29.4733
-29.046
-29.8052
-31.9397
-34.0756
-33.6116
-31.4016
-29.5598
-27.9873
-26.7758
-26.9525
-28.564
-29.4625
-28.6534
-27.9697
-28.3532
-29.685
-31.671
-32.9217
-31.6209
-29.5448
-27.4536
-27.87
-17.2885
-18.5141
-0.602583
-15.9211
-17.6888
-7.15156
-14.2656
1.63897
-7.83811
-17.535
5.74226
7.97643
-14.8067
-23.56
1.46901
1.84951
10.1582
-20.4477
-15.2739
7.2592
-10.4777
-9.09499
-1.5621
-18.7174
-5.3632
-12.2295
0.0326762
-24.8582
-18.7876
-23.4333
-13.1261
-21.2296
-19.9023
-16.1811
-17.7085
-27.8956
-7.97383
-19.0308
-20.1398
-14.2953
-21.0235
-20.1525
-23.5845
-28.4121
-26.0975
-22.9311
-21.937
-14.1888
-22.0463
-23.7839
-22.8158
-22.0298
-21.4165
-23.746
-25.7562
-27.0049
-26.6952
-26.055
-25.9738
-26.4279
-26.6762
-27.7443
-27.0391
-25.5924
-24.6767
-24.6981
-25.0347
-25.2043
-37.6694
-36.0619
-34.3032
-33.6809
-33.2459
-30.8222
-27.564
-26.2108
-27.5562
-31.0414
-34.7074
-36.3078
-35.207
-33.2765
-32.7199
-34.1328
-35.9983
-36.208
-35.3139
-34.5209
-33.0369
-31.4052
-31.1147
-32.316
-33.2525
-32.1997
-29.6006
-27.3866
-27.0401
-28.7951
-31.3023
-31.6758
-30.281
-29.461
-29.9633
-30.7737
-30.7428
-30.4426
-30.3829
-29.8062
-28.8114
-28.7596
-30.3932
-32.8293
-34.052
-33.2762
-32.053
-31.8406
-29.941
-32.5605
-19.2851
-26.0011
-1.53721
-21.3915
-21.6936
-8.04726
-16.2775
1.20249
-8.07167
-16.7821
5.57801
7.85245
-15.6383
-27.0341
0.959457
1.58827
9.79727
-24.1608
-16.0645
6.95743
-10.1778
-8.63658
-2.12093
-20.7987
-6.06775
-12.6962
-0.260541
-23.8582
-17.7445
-23.6819
-14.3981
-22.5612
-20.2396
-16.1555
-18.3612
-30.2209
-8.47471
-21.2347
-22.9413
-15.3875
-22.1968
-20.6883
-23.6925
-28.6001
-26.8426
-23.847
-22.8955
-14.724
-23.2197
-27.8659
-28.7468
-27.002
-23.3858
-23.5007
-24.0288
-24.7487
-23.9311
-22.1947
-20.6353
-20.0918
-20.7765
-23.5921
-26.2146
-27.2801
-27.5826
-28.6915
-30.3239
-31.4173
-35.0809
-35.212
-34.7438
-34.4552
-35.1249
-35.7788
-34.3177
-32.1275
-31.4184
-32.6245
-34.5343
-35.5103
-35.8313
-36.0589
-36.5546
-36.099
-34.0186
-31.9719
-31.5382
-32.9377
-34.1934
-33.8283
-33.557
-34.25
-33.9972
-32.4115
-31.3795
-30.9344
-30.4314
-30.5538
-32.0065
-33.7021
-33.9163
-32.8959
-31.9632
-31.9674
-33.6087
-36.7079
-39.0617
-39.1787
-38.4064
-37.2919
-35.854
-34.9322
-35.3282
-36.8382
-38.8628
-40.8124
-34.9258
-37.8092
-20.2617
-29.0681
-1.72771
-23.7433
-23.4014
-8.11072
-15.7685
1.36018
-7.7853
-17.5699
5.70585
7.87949
-15.9957
-29.1921
1.08824
1.56223
9.88603
-27.0613
-17.2098
7.06533
-11.0523
-8.98476
-1.9351
-22.8829
-6.53737
-14.4864
-0.429276
-33.3404
-21.9952
-32.6146
-15.1672
-23.2282
-19.4548
-15.5461
-16.9789
-25.8361
-7.96902
-21.3072
-23.7504
-15.472
-21.9588
-19.2316
-21.109
-24.741
-26.2574
-25.7545
-23.469
-13.9659
-20.8061
-25.719
-28.9581
-28.9633
-26.5358
-28.6014
-28.9757
-29.6739
-31.1902
-33.1487
-33.1272
-31.7637
-30.129
-31.7107
-31.9206
-31.3203
-30.921
-31.5844
-32.7956
-31.9802
-40.3241
-41.154
-40.9991
-39.9446
-38.8997
-38.3635
-37.5247
-36.2973
-36.0977
-37.5818
-39.151
-38.9091
-38.5974
-39.8028
-41.0402
-39.271
-36.8319
-36.5456
-38.6968
-42.0647
-43.8685
-43.2902
-41.9732
-40.5724
-38.0069
-34.9557
-33.421
-34.2953
-37.3301
-40.9122
-42.9772
-43.3318
-43.2315
-43.4453
-43.9264
-43.5076
-42.2285
-41.4021
-41.5542
-42.7162
-44.579
-45.7355
-44.2365
-41.5364
-39.7962
-39.0916
-39.1138
-40.1786
-35.802
-43.4501
-21.2894
-34.3844
-1.38275
-26.9187
-25.8836
-8.03692
-16.2649
1.72076
-7.61525
-18.1757
6.0489
8.41508
-16.7266
-33.6818
1.48537
2.02157
10.3393
-29.85
-17.9208
7.47984
-11.0125
-8.84677
-1.65614
-24.6262
-6.38641
-14.946
-0.0250769
-34.7428
-21.7452
-34.5379
-15.4676
-24.8759
-21.5851
-16.6744
-18.4705
-34.0294
-8.23365
-22.9338
-25.2546
-15.7417
-23.8575
-21.0257
-24.4025
-32.0947
-32.9559
-30.3539
-28.0698
-15.4461
-25.405
-34.6943
-37.6113
-35.4759
-32.253
-37.8409
-39.5517
-40.1863
-40.0934
-40.16
-39.1819
-38.4598
-35.9638
-38.4324
-38.4501
-39.1861
-41.189
-43.8541
-43.8483
-40.4976
-48.3222
-50.2776
-50.6877
-50.1397
-50.2084
-51.1816
-51.7937
-50.3009
-48.3865
-48.0251
-48.9011
-48.9325
-47.7295
-46.98
-46.5068
-45.3835
-44.8085
-46.0415
-48.3915
-49.0066
-48.0024
-47.8902
-48.3346
-47.8344
-47.1146
-47.5066
-47.9793
-46.7528
-44.802
-44.2074
-45.8569
-49.4217
-52.4961
-51.8781
-49.34
-47.265
-46.9091
-48.633
-51.6599
-53.2096
-52.6914
-52.1606
-51.2011
-49.407
-48.0643
-47.6137
-47.8469
-49.1637
-40.3653
-49.6494
-21.985
-38.9298
-1.64296
-29.0755
-27.6664
-8.24123
-16.8317
1.47252
-8.06671
-19.017
5.85486
8.23969
-16.9732
-34.2912
1.3276
1.77636
10.1506
-32.8767
-18.5985
7.2892
-11.3445
-9.11323
-1.91274
-25.4562
-6.59936
-15.0916
-0.275637
-43.7876
-23.5795
-41.865
-15.6037
-25.5776
-22.4307
-17.9604
-20.0238
-41.5339
-8.53113
-23.4969
-26.214
-16.3713
-25.3348
-22.8787
-27.7566
-41.8875
-40.8036
-36.4506
-35.1448
-16.9602
-29.4849
-41.1635
-47.2135
-45.9251
-37.5405
-48.3644
-50.2024
-51.6008
-49.4794
-48.6166
-47.1727
-46.9941
-40.9437
-45.5995
-46.4543
-47.7866
-48.5152
-48.8831
-49.3045
-47.8463
-57.5732
-56.5468
-55.7897
-55.1214
-54.2202
-53.618
-54.0174
-55.204
-56.3296
-57.1645
-58.1882
-59.755
-60.3591
-58.8481
-56.654
-55.5892
-55.4462
-55.352
-54.5992
-53.4463
-53.0172
-54.0946
-55.5406
-55.6268
-54.6836
-54.0997
-53.7757
-53.5938
-54.0912
-55.2518
-55.7827
-54.6908
-53.1047
-52.4629
-52.9943
-54.0678
-54.6005
-54.3884
-54.139
-53.9622
-54.2735
-55.6379
-56.7564
-55.9197
-54.6299
-53.7512
-52.8199
-52.7016
-40.8092
-50.3027
-22.1257
-43.8874
-1.83367
-31.0196
-28.723
-8.44604
-17.2664
1.33981
-8.17271
-19.4453
5.72821
8.09297
-17.2261
-35.2666
1.18669
1.61066
9.99092
-35.4436
-18.9808
7.14324
-11.5503
-9.17354
-2.0637
-25.5938
-6.81447
-15.335
-0.360094
-48.0078
-23.8504
-48.8483
-16.2497
-26.8501
-23.2205
-18.2994
-20.49
-48.4766
-8.74799
-23.9836
-26.8604
-16.6483
-26.1319
-23.3971
-28.9969
-52.5425
-48.3189
-39.7371
-37.5963
-17.2306
-30.6435
-45.6678
-56.2286
-52.7167
-39.2365
-56.0417
-57.3857
-56.6812
-53.2395
-53.6102
-53.0375
-52.5169
-43.8618
-53.2162
-55.4181
-55.8377
-55.881
-56.5699
-55.3525
-52.6706
-54.0138
-51.4239
-50.8016
-52.4387
-54.7454
-56.1888
-57.4587
-58.5943
-59.0837
-59.2827
-58.2054
-56.3158
-55.2803
-55.4189
-55.0638
-54.0275
-53.847
-55.0701
-57.0512
-58.0595
-57.6793
-57.3089
-57.1439
-57.1104
-57.2
-57.0913
-56.9813
-57.82
-59.8954
-61.8195
-62.4613
-62.0446
-60.484
-58.1606
-55.9605
-54.9321
-55.6642
-57.7558
-59.083
-58.4294
-57.4668
-56.8669
-55.8204
-54.1712
-53.1294
-53.3777
-54.4406
-56.4973
-41.3494
-55.138
-22.0495
-45.8876
-1.61654
-30.8963
-28.6831
-8.22076
-17.0473
1.54997
-7.97367
-19.2593
5.95094
8.32807
-17.1131
-36.2283
1.43427
1.83431
10.2204
-35.5921
-18.7009
7.38843
-11.3449
-8.98513
-1.78595
-25.4241
-6.60244
-15.1176
-0.111173
-47.1749
-23.7018
-48.2533
-15.9815
-26.805
-23.0313
-18.1692
-20.3009
-51.4355
-8.58076
-23.9448
-26.6044
-16.4642
-26.1257
-23.4181
-28.9457
-52.0247
-47.4218
-39.3354
-37.448
-17.0118
-30.5582
-45.2411
-56.2176
-52.3368
-38.6051
-54.4168
-56.0127
-56.7485
-54.9298
-56.0973
-55.065
-54.425
-44.0725
-54.8587
-57.0933
-57.8103
-58.2672
-59.797
-61.2578
-60.5273
-57.7821
-55.3575
-53.9484
-53.6924
-54.1145
-55.0756
-56.5548
-57.467
-57.5268
-57.6972
-57.188
-56.0364
-56.1555
-58.7476
-61.4898
-60.8473
-58.4857
-57.0546
-57.0599
-57.593
-56.907
-56.0907
-56.4421
-57.7401
-59.0948
-59.7435
-59.984
-60.1438
-60.8916
-62.0926
-62.9557
-62.3587
-60.4813
-59.1773
-58.9414
-57.979
-55.5934
-54.0179
-54.93
-58.1044
-60.0646
-58.5144
-56.8341
-56.2323
-55.93
-55.6308
-56.0745
-57.6261
-40.9751
-53.9976
-21.7718
-45.3115
-1.3889
-30.7913
-28.4913
-8.01068
-16.7844
1.80646
-7.72771
-19.0648
6.18977
8.57146
-16.9181
-36.2262
1.67825
2.07765
10.473
-35.3729
-18.4278
7.62804
-11.0979
-8.69473
-1.57528
-25.3185
-6.35977
-14.9276
0.0997724
-48.7539
-23.6173
-50.4006
-15.7512
-26.6873
-22.8118
-17.9176
-20.1306
-51.4614
-8.30364
-23.685
-26.3531
-16.075
-25.7969
-23.0903
-28.5736
-50.1344
-46.6918
-39.1391
-37.2224
-16.7893
-30.3832
-45.1935
-57.437
-53.6134
-38.4986
-53.39
-53.4435
-55.3429
-55.0273
-55.6669
-53.8091
-53.5811
-43.7878
-55.695
-57.2733
-55.8232
-55.0945
-56.3062
-58.97
-59.9285
