80
17.142
8.02385
-0.0996821
-7.09333
-3.02654
1.90946
3.82402
2.90098
2.67484
5.1081
9.31489
11.3577
12.5404
11.4149
8.91587
3.3831
-4.55122
-11.1735
-12.532
-12.4293
-14.1851
-18.0692
-18.576
-17.1021
-14.9926
-17.5335
-15.2593
-12.4795
-10.3959
-11.3333
-14.4649
-16.3847
-12.0527
-6.57778
-3.39273
-1.75122
-0.547292
1.47324
2.27483
1.65118
-0.497094
-3.27986
-5.70042
-7.87879
-11.5113
-18.4475
-26.9741
-23.3259
-14.0727
-5.74744
-0.392131
1.69462
0.347833
-4.5715
-14.4126
-26.6862
-18.0987
-10.6845
-9.57121
-13.6818
-16.9947
-16.995
-21.6396
-4.82303
1.49336
1.31606
5.02405
7.64187
-0.906295
5.41784
-5.57596
19.031
36.6807
48.1214
52.5806
51.9117
45.2921
36.4445
25.2414
20.4564
22.2955
12.7921
15.8992
21.9889
3.18513
20.3777
31.2195
35.9765
34.9277
38.4521
35.7388
34.0403
37.7978
27.4212
35.0892
34.3934
38.4642
37.3271
35.3993
43.2475
54.8235
61.5834
67.7493
71.527
72.6839
72.5422
70.2157
65.6235
60.149
56.2182
54.267
51.8238
47.0591
38.7278
30.2519
29.9416
30.2785
26.2071
12.6846
4.15003
-5.38781
-7.7322
-9.823
-8.06185
-3.33279
-1.75031
-4.10835
-6.96775
-7.69766
-6.99289
-7.82133
-6.24578
-5.40975
-5.56597
-7.12796
-11.8969
-15.5796
-18.6959
-18.0542
-10.2102
-5.7209
-5.26081
-9.13496
-16.0183
-18.2214
-12.9943
-9.90847
-10.7853
-16.3667
-23.2622
-18.4838
-13.8865
-13.7751
-16.8803
-16.3323
-10.6778
-7.69561
-8.47428
-10.041
-10.7994
-12.0257
-12.9256
-11.9307
-13.2717
-18.4988
-22.7897
-19.0099
-16.4026
-14.099
-10.5059
-8.22967
-9.51932
-13.1063
-13.1778
-10.0731
-9.56843
-12.4601
-17.114
-15.5594
-19.3593
-20.8917
-17.133
-10.2584
-3.14408
-2.11276
0.124868
7.11534
7.93042
11.3105
17.6393
38.6196
56.8575
69.0885
76.0792
79.0216
78.432
74.6107
67.9684
56.4372
41.2698
28.0981
34.7372
36.1245
37.8601
38.7221
40.5829
41.0444
41.5565
38.5034
35.1719
37.5215
41.0446
47.7884
58.3302
66.8563
74.2765
79.4602
82.3484
83.7071
83.8866
82.0481
78.2232
71.7495
62.2634
53.8877
51.8884
49.5303
44.4727
40.456
37.2139
32.0478
28.306
24.4995
24.1267
24.6204
24.9153
4.44738
-2.05427
-11.2324
-17.6463
-16.7485
-13.7033
-11.2658
-10.5022
-14.3102
-20.188
-15.0376
-7.8346
-4.38769
-4.39982
-5.71856
-8.03519
-10.3556
-12.8415
-18.3293
-22.5719
-19.0166
-13.2837
-9.92588
-10.1201
-13.0537
-15.9784
-18.3501
-19.9851
-20.8344
-21.361
-21.2407
-22.1182
-24.7825
-29.83
-31.194
-23.021
-13.4248
-7.39123
-5.62396
-7.88877
-14.1033
-20.1137
-16.3029
-10.2026
-8.47749
-10.6412
-13.3504
-13.8559
-13.7466
-13.86
-14.5707
-18.2392
-24.1732
-23.9901
-21.1419
-17.8166
-17.501
-18.4873
-20.9945
-25.1515
-24.8003
-21.7995
-29.8891
-21.4861
-22.4555
-17.0732
-9.34091
-3.31516
0.0655151
-1.48101
-9.78617
8.09373
37.5664
57.4792
70.6805
78.9888
84.28
87.6553
89.265
88.9263
86.7717
82.824
77.6152
72.6325
68.4536
61.253
46.333
44.3104
57.2574
67.3455
76.4982
83.1883
87.8097
90.6927
92.2084
92.6962
92.0942
90.3853
88.3201
86.0943
82.8702
76.5361
67.2587
58.0558
62.7522
69.6622
73.9301
74.7064
71.5714
64.3492
53.5315
44.1603
36.557
32.408
32.9048
32.1049
29.3542
23.5255
-9.25771
-12.7414
-16.7239
-17.8709
-18.261
-17.4432
-19.4148
-19.5086
-14.2843
-9.69958
-8.2563
-9.42138
-13.4476
-18.9125
-21.784
-17.496
-13.9066
-12.4537
-14.8126
-19.6331
-22.7651
-22.7028
-21.7978
-19.9793
-16.2389
-12.0434
-7.35491
-4.20565
-3.82327
-5.13258
-6.56277
-7.55521
-8.76097
-10.0517
-10.8267
-11.9406
-11.6696
-9.7963
-9.71795
-12.6692
-18.1042
-22.9682
-22.5158
-14.9127
-6.93163
-2.15543
-1.68029
-5.01356
-9.54981
-10.4691
-8.7299
-6.74932
-5.09435
-4.98006
-7.28064
-10.9545
-12.4611
-11.5193
-11.2802
-12.6593
-14.3474
-20.2436
-16.5635
-17.686
-14.8357
-11.8341
-12.5422
-9.1639
-6.06532
-13.8353
-16.8081
5.91006
29.9664
46.4504
55.2395
58.6021
58.8673
67.3143
79.0621
86.9712
91.8551
94.8184
96.6584
97.4363
97.0621
96.003
94.9318
94.8028
95.6499
96.7636
97.3977
97.302
96.4325
95.0133
93.0334
89.7339
84.1479
74.9078
59.1284
52.5703
58.5572
63.2266
66.6389
74.4051
81.7033
86.4513
87.7935
85.874
80.4667
70.9862
58.5693
49.9803
48.0459
42.9817
34.0221
28.961
25.8476
21.8323
-10.9446
-16.5388
-14.7301
-14.102
-12.5091
-15.1441
-19.65
-18.2686
-9.90233
-3.92015
-1.93149
-3.53411
-5.45847
-3.74415
-2.78307
-5.51264
-11.6674
-17.5287
-21.7484
-25.9123
-37.9171
-33.8214
-25.1311
-20.5375
-16.2752
-10.3298
-8.17118
-9.31195
-10.8532
-11.0195
-9.38196
-7.47587
-8.23014
-11.6591
-10.8862
-7.59891
-7.7311
-10.9301
-12.4
-12.7808
-16.5583
-24.8097
-31.1827
-27.2422
-16.1438
-9.86259
-6.48832
-5.12255
-5.43859
-7.88299
-10.7939
-8.28414
-3.58365
-2.77614
-6.30455
-10.7728
-9.01558
-5.39525
-4.30148
-6.93741
-13.2458
-20.3462
-16.0377
-6.52507
-1.57116
0.551621
-0.537219
-3.61378
-5.4563
-1.55571
-1.89418
5.62067
16.6614
32.7101
46.8414
55.7911
61.4976
62.6374
60.5524
59.4142
63.669
70.9439
77.6812
82.3292
85.0962
86.0654
86.5947
86.7956
86.1665
84.3543
80.997
74.9425
65.4848
54.6792
47.6853
46.9763
47.6798
47.7865
55.2394
70.3818
82.576
91.6061
96.864
98.3399
95.971
89.9633
83.0063
79.5854
75.5224
68.2188
63.8236
62.3812
58.5009
51.0723
40.3196
34.3298
35.1384
33.9054
-17.6839
-9.73654
-5.0376
-3.41443
-5.64935
-11.5501
-14.5106
-12.2632
-12.0327
-11.6345
-8.53388
-4.96314
-2.52736
-2.04614
-2.5736
-3.3302
-4.92797
-8.12224
-10.0775
-9.57771
-8.49052
-8.36705
-9.81999
-13.731
-16.4918
-11.0302
-4.84559
-1.64107
-1.5415
-3.59942
-6.46511
-10.0001
-12.7055
-13.1973
-11.3291
-10.0286
-11.3473
-14.1847
-13.5345
-9.78023
-8.39294
-10.2852
-12.7305
-12.5604
-10.3609
-9.48476
-10.0047
-11.276
-10.5674
-7.89868
-7.84317
-9.38379
-8.47843
-4.91322
-3.27614
-4.94283
-8.542
-12.3706
-14.5804
-13.0638
-10.2557
-10.3013
-10.4912
-8.29355
-5.23668
-2.78807
-2.04906
-1.2324
0.116898
-1.6097
-0.893889
5.49997
20.1612
46.0901
65.114
77.5058
84.5588
87.1712
85.8247
81.032
74.6817
67.5948
61.2378
56.649
57.6324
56.7283
57.7575
58.0265
56.3295
50.109
43.5721
43.5179
47.6447
47.7055
51.6706
62.1435
74.0866
84.4029
92.234
97.8104
101.352
102.407
100.888
97.4012
93.242
88.6614
82.8629
77.8039
75.3396
71.3911
64.8598
61.1737
61.8692
59.6421
53.0691
44.1113
37.5759
34.7625
-21.7564
-15.9374
-10.645
-8.4213
-8.95922
-9.26871
-10.0154
-9.39374
-6.32739
-4.06148
-5.06051
-8.3615
-10.3007
-10.8037
-12.3297
-13.9065
-14.2938
-13.332
-12.288
-11.5406
-10.3714
-11.2848
-15.9289
-22.3866
-22.9641
-15.6996
-10.8403
-10.1247
-12.9997
-16.5578
-14.9417
-10.173
-7.46585
-7.66148
-11.7312
-18.694
-23.8316
-24.114
-24.4258
-22.3174
-17.4971
-14.0788
-14.3789
-17.3153
-18.0789
-11.4603
-6.8523
-4.51273
-3.07233
-2.96567
-4.88108
-10.2988
-18.6951
-21.1206
-16.7564
-15.5775
-17.6953
-18.52
-17.4388
-15.6752
-12.3236
-11.2283
-14.4628
-17.3534
-15.0206
-12.4144
-13.2528
-13.4805
-12.2838
-13.6437
-20.2116
-4.08885
18.6747
42.7217
62.0923
76.8374
87.3915
94.0595
96.9724
96.095
91.0152
81.283
69.5764
66.2468
65.4687
63.8025
60.8036
56.7317
52.3157
51.7872
56.9689
65.63
73.8822
80.7359
85.6238
89.7228
93.3921
95.6967
96.2303
95.2905
92.7573
88.5474
82.2721
74.0815
67.3251
66.0513
63.8502
58.5508
56.4072
57.6989
57.2131
54.8578
51.2099
47.0655
41.7727
35.5009
30.9758
27.3427
-19.8137
-16.8112
-16.2412
-21.4856
-17.1592
-12.9583
-8.87646
-8.04397
-7.38549
-6.48276
-7.53139
-9.4164
-13.4924
-18.3268
-24.4248
-27.0699
-23.3618
-20.4556
-18.6173
-16.4392
-15.9123
-17.9198
-23.388
-32.7675
-25.1245
-19.2955
-14.875
-11.6283
-9.66354
-10.7227
-14.9555
-18.8042
-20.3119
-23.3865
-28.0607
-27.8977
-19.6717
-15.1207
-15.1718
-18.9181
-23.1211
-21.0369
-17.3177
-16.3786
-17.3208
-17.4848
-16.6238
-15.7357
-15.444
-16.3444
-19.8753
-24.8224
-29.402
-31.7585
-25.7749
-20.5211
-19.5786
-20.9649
-20.9968
-17.8164
-13.9821
-10.8023
-9.82267
-10.6942
-13.0651
-10.5781
-9.45849
-10.9955
-8.25425
-15.4142
-13.1912
-2.51915
10.8938
26.6844
38.399
52.5382
65.6669
77.425
86.6571
92.3248
94.6583
94.0794
91.7755
90.3106
90.1051
89.5756
88.7906
89.0698
90.3439
91.7682
92.3689
91.8097
90.0453
87.3881
85.2336
83.3015
80.1135
75.4459
69.5756
61.8493
56.1933
53.6843
59.7662
62.096
61.0593
56.4465
47.6066
38.1805
27.7475
23.936
24.18
24.3686
19.1851
20.5554
18.2441
10.5882
9.3245
9.1783
-0.736335
-0.277634
-4.1707
-2.56421
0.377615
0.0409101
-2.29059
-4.15031
-6.68766
-9.05076
-3.64228
1.97148
4.67669
4.35937
2.28959
-0.831839
-5.98174
-12.93
-18.7714
-20.4197
-20.4783
-20.1658
-20.9447
-17.8919
-13.6511
-10.7747
-10.9758
-11.5968
-13.1114
-15.9942
-18.1183
-16.5146
-12.9416
-10.2019
-9.83552
-11.6265
-11.5557
-6.48418
-3.19107
-4.07151
-8.99611
-15.822
-21.2903
-23.4563
-23.4354
-21.6743
-15.4842
-8.81059
-5.51909
-6.59619
-12.2874
-23.1705
-31.6292
-29.8814
-26.6255
-23.2062
-21.335
-20.2422
-17.2397
-15.8148
-17.9327
-18.1525
-13.9988
-9.01847
-6.54311
-7.0167
-6.65396
-5.0938
-4.71317
-6.16764
-8.13697
-5.15045
5.97216
12.9322
34.3752
41.189
46.7612
52.4105
61.7102
70.4956
77.7828
83.8871
88.607
92.0415
94.2815
95.7072
96.4281
96.5522
96.0815
94.5099
91.1232
84.9786
75.2176
61.9435
43.723
34.6015
35.8691
35.4925
37.1409
46.2946
55.5765
64.5132
68.5543
69.3607
66.4689
61.2365
55.5686
47.9834
40.6761
34.2558
31.3455
27.1289
23.8345
17.817
11.8601
7.12868
0.188791
-0.784863
33.3413
29.6171
26.0494
21.1386
15.3712
11.5742
10.9918
9.73964
6.55925
7.10567
11.5115
13.2459
10.7463
4.71313
-0.464448
-2.40511
-4.89975
-8.22576
-9.96292
-10.1645
-9.82993
-7.16065
-3.93161
-3.22402
-4.8524
-7.14399
-7.12346
-6.39409
-7.0749
-10.1178
-13.7401
-12.5587
-5.19562
0.754351
3.13301
1.79881
-1.57324
-2.62038
-1.76028
-3.42129
-9.26766
-20.2169
-28.2317
-21.1456
-12.6975
-9.21646
-9.01907
-9.0857
-8.1224
-8.18297
-10.7399
-15.1007
-20.0843
-23.9801
-27.1604
-26.6338
-20.3717
-13.8086
-10.8862
-11.3903
-15.1074
-23.6931
-26.5834
-16.3858
-7.66644
-1.96583
-0.885799
-3.24472
-2.30944
-1.9508
-0.696486
2.74673
15.6438
24.834
36.6346
47.6712
52.8638
53.5728
52.2542
48.0975
44.2122
44.5593
46.4398
48.8557
53.9402
53.6129
51.7981
54.7139
55.4422
53.6551
51.7385
49.5886
42.706
41.5034
47.3472
54.9676
59.822
63.1476
64.419
62.6394
59.1708
54.9158
53.7846
52.0521
51.1675
52.4037
54.6287
53.634
48.8735
41.5059
34.5872
29.8786
25.3714
22.1484
18.4745
14.9526
12.3332
7.83932
28.6975
20.7919
16.365
14.0542
13.3043
12.6461
9.53783
3.59721
0.788498
8.08953
13.2858
13.9407
10.6471
4.48878
-0.817167
-2.00224
-2.0208
-3.0331
-4.50341
-5.35269
-7.61968
-9.48142
-6.756
-1.30077
4.11965
7.62011
7.80706
4.56537
-0.251674
-2.51612
-2.56907
-2.24644
-1.51436
-2.25164
-4.44289
-7.76326
-12.3295
-15.7531
-15.388
-16.3546
-19.3168
-17.2746
-13.2013
-11.1094
-9.31404
-7.29097
-7.19317
-10.2994
-16.4188
-19.9616
-18.0042
-16.699
-16.9893
-16.3695
-14.0542
-12.0121
-9.38506
-6.85139
-6.56596
-9.89914
-16.0977
-28.5173
-35.5737
-36.9175
-18.4846
-9.80893
-5.8449
-6.15644
-8.08801
-19.2873
-21.5294
-15.4266
7.98062
13.9722
17.7265
26.5728
38.722
47.1039
52.1062
54.7288
55.052
53.9662
52.8393
51.3188
48.8992
45.3321
44.1829
42.4376
39.8848
39.8263
44.6448
51.3976
57.5952
63.2242
67.3177
69.5197
69.673
68.4939
66.9376
64.512
59.3837
51.9291
51.6532
57.985
61.5982
61.8852
59.3294
56.9035
55.6745
53.6785
48.453
38.6733
29.1968
25.9121
23.4365
19.639
15.2467
9.94602
39.3484
33.8946
25.9368
15.5273
3.41373
-3.08851
-2.87383
1.17094
6.94559
11.8312
13.6058
12.617
10.0799
7.61859
5.70181
4.64504
4.37037
2.38893
-3.02662
-9.51884
-11.9652
-11.3126
-7.67557
-3.77854
-0.960673
3.07636
6.82704
7.48837
3.94071
-3.48799
-11.709
-14.3422
-13.2943
-10.2257
-8.36608
-7.26045
-5.48549
-3.65173
-3.65517
-6.60408
-12.688
-15.9759
-13.2419
-12.3151
-13.9825
-14.922
-12.5137
-11.2876
-12.6033
-17.0723
-20.5145
-20.2081
-19.0423
-19.3367
-21.3118
-22.5851
-18.1105
-12.3697
-11.0975
-14.5741
-24.4752
-26.5857
-31.849
-25.889
-18.5932
-10.7121
-8.22075
-6.84307
-10.0323
-10.0993
-15.1682
-11.8873
1.50694
-0.200178
7.38821
12.7841
26.2195
37.0845
49.7047
58.5132
64.1149
66.8068
66.8042
64.6862
63.4195
64.8284
64.9468
62.7667
61.3037
63.2533
66.0226
66.8075
64.8473
60.353
55.2463
51.4427
47.5015
42.5921
35.9618
38.8035
50.4535
57.6945
61.8519
62.1858
58.5606
49.1804
40.1875
42.2732
47.0967
48.5624
46.3043
40.0295
31.4873
22.7293
19.8942
17.9774
13.9608
6.73617
42.6824
29.775
19.2497
17.9282
15.5139
11.4414
8.52339
9.11124
8.58166
4.80574
-0.237232
-2.28111
-1.9714
-1.4462
-2.25126
-4.87694
-6.79704
-6.60316
-8.54243
-13.3222
-13.813
-11.7862
-10.5209
-10.4921
-9.64856
-8.70646
-8.365
-7.84068
-7.57155
-8.63306
-11.1656
-14.4562
-19.7122
-27.3999
-31.209
-26.2337
-13.0637
-3.06093
1.62462
1.66675
-2.11156
-7.01044
-9.26306
-12.2253
-17.3911
-17.9111
-12.1773
-9.04649
-9.89861
-14.5324
-19.9519
-19.4503
-16.3216
-14.3115
-13.2244
-12.6395
-12.0582
-12.9291
-14.818
-16.0371
-15.9371
-17.9787
-21.4136
-24.1843
-22.8219
-20.3521
-21.4477
-22.0049
-11.8415
-16.3106
-14.8028
-9.81063
4.86152
3.38439
-1.18559
11.1569
23.8783
27.2905
33.001
38.2364
42.8965
48.4135
54.6062
59.5525
63.0307
64.8579
65.9455
65.8469
65.0039
64.1063
62.734
59.5879
53.33
44.5659
33.5276
29.4951
35.9312
42.3422
45.5173
45.9782
45.9344
50.7012
54.3105
54.133
48.871
40.1967
28.7726
22.7452
26.7634
28.9202
27.2875
23.4207
17.3532
15.3572
10.3993
5.30195
3.25811
2.74908
38.8553
28.531
22.3826
20.1396
18.7034
15.7843
10.1565
2.22734
-3.34247
-4.67481
-5.09383
-5.60059
-5.89901
-7.1143
-10.8662
-15.9043
-20.9346
-22.9663
-22.4881
-21.5326
-21.5052
-16.4453
-11.4313
-9.11638
-9.26827
-11.2547
-13.9263
-17.104
-19.8167
-21.6483
-24.3608
-28.4802
-32.8395
-30.9125
-20.0862
-12.4914
-8.45085
-6.89676
-6.08654
-5.01352
-4.10502
-4.28574
-6.5448
-11.3112
-17.4956
-19.1451
-17.8399
-17.833
-17.4924
-13.632
-10.2886
-9.82301
-11.2066
-11.3438
-11.356
-13.7321
-17.6463
-15.8884
-11.962
-11.0812
-12.4205
-12.939
-12.2354
-11.9202
-14.5514
-17.5992
-21.5285
-21.8027
-17.9937
-21.0192
-22.1403
-15.9626
1.7567
0.252984
-4.18416
13.5634
24.9496
33.5368
37.1626
36.1427
32.3713
28.0168
26.0787
24.0612
20.3474
19.118
23.5712
23.2638
22.2427
15.9414
16.3075
23.3378
24.9136
29.8764
38.2875
42.9569
46.5233
48.2565
47.7482
46.339
45.2089
43.7527
42.7335
40.8405
35.5844
25.5787
26.2321
24.0032
19.5415
12.0793
8.54971
9.10944
7.22785
1.84805
0.947541
0.418817
-1.71877
-7.56923
26.4155
22.6218
18.6464
15.2759
9.50594
5.21109
6.75277
6.99063
3.70113
-2.15701
-7.75809
-10.8669
-12.5675
-13.9294
-17.1156
-21.9367
-24.7939
-26.2782
-24.7911
-18.2846
-10.7591
-4.95598
-0.959494
1.37543
1.94533
0.938549
-1.57845
-4.22117
-5.1837
-6.46461
-10.7989
-17.7474
-19.2533
-18.4026
-17.6712
-14.9872
-13.5982
-14.6334
-15.9174
-12.0411
-8.21115
-7.20653
-7.67146
-8.60061
-11.2566
-16.8045
-21.6407
-18.5072
-14.3051
-12.1018
-12.027
-13.7584
-16.1779
-18.4965
-19.2725
-15.5999
-10.8667
-8.48686
-9.43825
-13.2425
-17.5478
-18.1682
-14.9651
-15.0619
-17.7786
-16.9745
-11.2704
-7.89598
-7.43844
-13.0361
-14.6388
-13.9775
5.43149
7.19897
14.7596
22.7426
28.7022
31.5998
37.0483
42.7916
47.1714
50.3589
51.1646
49.162
43.6605
35.9886
29.3311
37.3062
45.0204
50.982
55.6436
58.2098
58.8549
57.091
52.6634
46.1727
37.9122
31.2418
30.4708
32.8276
42.0725
49.0354
51.4551
50.101
45.524
38.8984
32.805
31.3416
31.4833
28.979
25.2657
18.7403
12.4237
8.60698
5.42147
4.70935
2.95856
2.30428
35.7509
30.7442
28.6512
26.6578
24.7387
22.2958
17.9155
12.251
8.72318
6.64588
3.63728
-0.387328
-4.3859
-7.575
-9.90381
-12.5026
-14.7009
-16.5162
-20.3736
-21.5264
-22.7018
-25.3392
-28.027
-26.3112
-21.7071
-12.6566
-3.69807
2.79703
5.05674
3.1561
-3.07353
-12.0793
-16.851
-15.8851
-14.2248
-12.8659
-13.2812
-16.2338
-17.3372
-9.71411
-3.94522
-2.60369
-4.80258
-7.79215
-8.82896
-10.6871
-12.9086
-13.0386
-12.207
-10.3259
-6.55565
-3.71933
-3.65596
-6.51618
-10.7753
-12.5155
-10.6377
-9.0034
-7.83241
-7.46033
-8.30261
-10.6857
-10.9091
-8.23089
-5.87183
-3.52263
-2.51757
-3.51004
-6.81795
-14.6574
-23.3835
-15.7127
1.76229
10.9816
19.8815
31.6752
37.8342
39.4449
39.2075
44.6074
51.7525
56.5741
59.3863
60.4618
60.6027
60.4034
61.9187
63.3057
64.6664
65.2597
64.2478
61.3502
56.6402
50.6911
44.8582
44.7372
50.7549
53.7576
52.9777
48.8406
45.2522
44.1607
43.3215
40.3238
36.7805
34.9638
31.7493
28.9686
26.6722
24.2215
21.6924
20.04
15.5478
10.0508
7.20292
5.18925
2.0396
0.341619
37.6329
32.1542
28.1743
25.4605
21.5208
16.6799
10.9585
5.71099
1.85506
4.95769
10.7156
13.9351
13.9107
10.9209
5.3543
-0.905492
-3.95811
-4.89374
-6.45975
-9.00039
-11.7216
-12.4268
-11.0568
-9.37496
-8.46762
-8.37706
-4.9567
0.202267
2.57046
1.04663
-3.48139
-8.15923
-10.878
-15.0645
-18.3809
-18.587
-18.787
-17.17
-15.6838
-13.3798
-12.0073
-12.4698
-13.8921
-10.9991
-7.774
-8.12446
-12.0531
-16.6359
-18.6727
-17.3943
-14.6282
-13.5072
-14.3239
-15.2511
-14.1913
-11.8481
-9.82111
-8.45117
-8.7175
-11.1904
-14.2248
-14.0189
-12.4574
-8.97913
-6.07094
-5.95019
-8.99175
-13.3003
-13.7867
-16.3125
-19.4001
-19.774
-4.36712
1.36043
13.6935
29.8697
42.1408
49.3665
54.2049
54.7111
51.1538
44.0574
36.0688
36.2661
37.4436
40.849
41.4942
41.2972
39.7936
38.487
37.9183
36.1174
37.2846
44.4836
52.7821
60.41
64.4236
64.9576
62.0195
55.1559
44.5069
37.8715
42.6118
46.2959
46.7
43.9531
38.4306
29.342
21.6905
20.0714
19.643
19.3737
18.806
16.1685
12.0898
6.96539
4.54957
2.50214
41.7361
32.8686
22.694
14.2168
8.06728
8.39217
8.27272
6.31442
5.6793
7.45625
8.89218
7.94058
3.93189
-2.22636
-4.02256
1.54719
6.01626
6.77781
3.88204
-1.61689
-5.95696
-0.415421
5.76597
7.66471
5.33926
0.584727
-1.53676
-1.6847
-4.04295
-4.82357
2.83103
9.11191
11.6701
11.1032
8.01983
3.22355
-1.82118
-5.14809
-7.85179
-13.0392
-18.6999
-18.2845
-14.8206
-10.744
-8.20502
-8.81421
-11.6282
-11.2229
-7.6688
-6.31922
-8.17878
-11.9085
-15.3081
-17.05
-18.698
-20.6942
-21.9605
-23.2457
-24.9378
-23.5063
-21.2629
-19.7368
-13.7097
-7.13292
-4.42867
-5.07216
-7.99269
-7.75862
-7.76402
-6.54658
-5.53748
-2.33921
13.3651
20.9152
30.6973
37.6283
43.3178
50.8142
59.2238
64.718
66.2949
64.4914
60.3455
54.8108
48.935
41.1025
31.1974
24.021
27.3414
41.9122
54.4143
62.6283
67.6057
70.111
70.0439
67.0695
60.9732
52.533
43.4422
38.9106
38.4747
40.8041
42.1776
41.1604
37.9857
35.5917
35.6062
35.2376
32.214
27.4597
24.4438
22.9747
22.1869
19.0939
12.0929
5.82657
7.52221
8.35999
31.9418
26.0947
21.5417
16.8368
14.1765
12.5288
9.94363
8.0408
10.7906
14.8887
17.1455
17.0458
14.8336
11.872
10.0689
9.9485
10.3829
10.3067
9.74361
8.24998
6.66755
7.13667
8.40489
7.88027
5.45695
1.87172
-1.98631
-4.27443
-0.99531
4.77725
9.93068
13.0323
14.0867
13.5957
11.759
8.24324
3.20668
-1.63543
-5.84526
-11.7648
-19.4471
-24.2708
-24.3119
-21.8346
-17.6663
-12.499
-9.88955
-9.89342
-11.6569
-14.1562
-17.5741
-23.0723
-28.1945
-28.1555
-25.0448
-21.0171
-14.4096
-9.57515
-8.46718
-11.4838
-16.5351
-19.8905
-12.2688
-6.89677
-5.78368
-8.31938
-12.3653
-12.3758
-9.32078
-8.30052
-8.20179
-0.578806
11.4276
27.0623
36.547
44.9293
49.8715
52.6102
55.4933
59.7475
64.7327
68.2259
69.1607
67.1375
63.168
61.7158
63.3676
64.1425
63.7828
63.5018
64.0641
65.9322
66.9332
65.7243
61.6661
55.3541
51.4258
53.0153
53.7321
50.9768
45.5533
42.4658
44.1255
47.7037
49.9704
49.067
43.7773
35.1266
27.9328
27.7849
26.7906
23.5078
19.0347
14.6177
9.44704
6.46149
9.50955
10.2581
27.4423
20.0158
12.9952
8.85397
4.32474
2.79927
1.76947
0.469028
3.58982
12.2795
19.0295
21.3203
20.5519
20.9333
23.8222
24.585
21.8255
17.0588
14.2228
13.458
11.9986
9.60432
7.8878
10.2411
12.8003
12.3386
8.89888
4.35378
0.295017
-3.1453
-4.65249
-5.68128
-10.242
-17.1726
-15.8366
-11.7303
-11.0376
-13.4276
-16.9105
-20.6441
-23.1018
-23.6026
-21.5092
-19.0626
-16.2589
-11.954
-8.3379
-7.45135
-8.24393
-7.08548
-5.06395
-5.62445
-9.7886
-16.0366
-19.304
-18.2007
-15.3216
-13.0718
-13.5431
-16.1707
-18.9158
-18.0166
-14.2614
-10.9014
-8.77655
-6.6539
-5.22717
-6.0093
-8.46022
-10.1521
-8.84104
-0.931879
16.1517
24.9029
32.7522
40.3638
48.4102
54.3083
56.6865
55.4297
51.4429
48.3201
49.0808
53.2705
56.3948
57.3787
57.4233
56.367
53.3816
47.1457
41.0612
40.774
45.7237
52.3034
58.2486
62.6871
64.8493
64.3297
61.024
55.8351
52.9907
55.1357
57.8466
57.9759
55.2398
51.0069
46.9071
41.4562
33.1904
23.6134
20.6083
17.4286
15.7424
13.2657
8.91292
2.85995
1.17374
0.98215
19.1602
12.7586
8.29224
5.20623
-0.451729
-7.16648
-9.22446
-10.3397
-11.4742
1.22099
12.2753
17.8369
19.2411
19.08
19.3985
19.3742
17.578
14.5067
10.954
6.84392
4.27266
3.74796
3.99792
6.06974
8.55512
9.26215
7.68751
5.0213
3.62013
3.2708
1.83299
-1.73065
-5.70836
-9.19634
-15.0503
-24.0342
-28.252
-25.2419
-22.2903
-18.8063
-16.173
-14.9007
-14.3615
-13.9078
-13.5942
-14.2155
-13.954
-11.5903
-8.52575
-5.35721
-2.8664
-2.6188
-5.50512
-11.333
-17.2666
-17.2276
-14.1715
-13.2429
-14.5064
-15.1738
-13.1935
-13.1888
-16.4824
-19.4955
-15.1876
-9.21457
-6.84943
-7.26269
-5.6548
-5.76046
-3.14106
5.73131
25.6805
43.4504
55.4073
62.7589
66.0864
66.69
67.0171
68.7843
70.4944
70.5454
68.7749
65.2807
61.2016
55.9397
49.6786
48.8411
50.4841
53.3315
59.5681
67.3399
72.3239
73.4128
70.9521
65.4986
59.0737
54.0573
52.4543
56.6201
61.4305
62.7234
59.9514
52.7804
44.9342
43.5852
44.4991
42.7599
38.2188
32.3132
26.5325
20.1124
15.5529
14.926
12.4655
9.1995
7.73652
6.0286
12.4041
11.1307
8.41187
7.808
5.16015
5.41496
7.8302
8.22903
7.34322
9.61121
13.4009
14.6194
12.6668
8.50851
3.89321
-0.253475
-2.63044
-3.14062
-2.73669
-3.71826
-6.28416
-9.96226
-12.9594
-13.2696
-12.3399
-6.60068
1.39992
7.00891
9.43745
8.35529
4.35956
0.627713
0.227487
-1.13159
-6.02716
-13.3325
-18.9607
-16.9579
-10.6466
-5.95292
-4.98362
-7.07848
-9.86114
-10.7383
-11.1157
-12.9243
-16.3675
-20.4273
-21.2344
-17.4243
-15.7689
-16.5009
-17.1319
-16.477
-15.3387
-13.2291
-10.1997
-9.08021
-10.5892
-12.9331
-11.515
-9.08381
-9.28916
-13.2618
-16.0016
-11.5585
-6.93236
-4.89277
-5.03311
-6.98577
-10.5584
2.26214
16.8966
34.9272
47.1712
57.173
63.8015
66.9197
67.1189
67.1567
70.7018
74.7022
75.5724
73.6218
73.9758
79.3041
84.0095
86.1389
85.6649
82.5026
77.8628
75.6817
75.8072
73.3499
67.1535
61.549
62.475
62.7124
59.8613
57.3931
59.0869
61.2053
60.1774
56.099
49.6927
42.2867
36.6275
33.7747
29.2593
25.0802
24.3679
22.7863
18.2024
12.7812
12.2268
13.4942
12.603
8.41342
25.8453
18.3858
12.218
12.8625
15.1305
16.3197
16.7926
16.1972
15.2071
16.741
19.4321
20.387
19.0264
15.3595
10.3374
4.91944
1.80276
0.605904
0.0203686
-1.76314
-6.53679
-12.1215
-11.5087
-8.78124
-7.99581
-9.02178
-9.67304
-8.0921
-5.16517
-2.69809
-0.744428
3.264
6.00243
5.02376
0.0221375
-7.31362
-11.368
-10.0081
-5.94207
-4.47007
-6.56188
-11.2289
-14.4218
-15.1686
-16.6113
-17.3473
-15.7795
-13.8074
-12.2469
-11.6355
-12.1556
-13.7366
-15.4422
-15.2275
-12.1088
-9.3514
-8.65855
-9.96727
-12.8113
-17.0855
-19.6086
-16.5342
-14.5862
-15.8477
-19.2174
-18.0556
-16.8785
-15.1516
-14.5377
-18.9459
-23.0859
-9.18721
7.06076
27.5338
45.6389
58.2997
67.1864
73.235
77.1622
78.1912
75.9977
70.6922
64.7804
63.0553
66.6227
71.4618
75.4361
77.7218
77.6647
75.3636
71.5092
68.9222
70.415
75.4708
79.2964
80.624
79.2822
75.3113
68.7963
60.4584
54.9759
53.1694
50.8254
46.8339
42.8871
39.597
38.5051
36.7222
31.5587
25.3696
23.8822
23.326
18.326
9.85767
5.49553
7.20273
5.81507
1.81569
29.1411
29.2504
27.4677
23.2139
16.8391
11.1093
9.38416
7.91685
6.87597
8.75073
10.7355
11.4225
11.7297
12.4181
11.8187
9.55419
6.08317
2.53481
-0.367574
-3.16731
-7.24017
-10.8309
-12.7044
-12.5885
-9.62726
-7.21272
-7.98164
-10.8565
-10.4578
-5.93085
0.0821779
5.33002
8.18574
7.74216
3.69502
-3.30185
-10.187
-15.7073
-18.6515
-15.2295
-10.5025
-5.69394
-2.66707
-2.39047
-4.43372
-6.31269
-5.614
-3.17711
-0.902278
-0.307128
-2.30682
-5.82735
-8.00351
-9.26628
-11.1776
-10.4752
-8.23009
-7.72608
-9.27772
-12.0558
-14.9609
-17.7507
-18.4481
-20.0135
-22.0701
-17.1604
-11.3874
-9.21475
-9.65136
-12.8917
-18.9467
-6.38869
6.19777
33.8623
53.5014
66.5974
74.037
77.935
81.7337
86.593
89.9605
90.3971
88.0667
84.6308
82.1253
80.2457
76.6827
73.5351
76.1597
81.1108
85.0923
87.4864
88.6241
88.9214
88.1043
84.9125
78.2281
71.0389
71.0326
71.4122
68.5574
63.478
59.6722
58.5847
57.003
52.4592
44.7393
37.2179
35.3777
34.3151
30.6015
24.6075
20.9291
20.0303
19.4971
18.8265
16.7213
12.4172
29.7219
31.0567
30.2054
26.2709
19.5015
13.0999
11.3967
9.75033
7.08053
5.34302
3.50677
-0.0504897
-4.56127
-5.90502
-2.72711
-1.06132
-1.9128
-4.14596
-7.14798
-8.35193
-8.0242
-8.0036
-8.45167
-6.76042
-4.44092
-4.05293
-6.11885
-10.0071
-12.1102
-10.4195
-9.26781
-9.55647
-8.29015
-5.62305
-4.46684
-5.56246
-8.37764
-12.5726
-18.2347
-21.9478
-19.6839
-13.6075
-7.948
-5.81893
-6.95477
-9.65192
-10.6388
-11.0537
-12.304
-14.2704
-15.9011
-13.6868
-10.1245
-8.78878
-9.39968
-9.46896
-7.96122
-5.32519
-2.98834
-2.64453
-4.3234
-6.70086
-9.20668
-12.4372
-13.346
-10.545
-7.53859
-6.06513
-6.68143
-12.2355
-18.1556
-9.30612
-4.70799
18.0624
34.6558
55.0834
68.1175
75.5686
79.0378
79.8881
80.86
83.9992
88.1941
91.9215
94.4304
95.1554
94.4056
93.3117
92.9383
92.3109
90.0252
85.8809
80.8062
77.9113
79.1238
82.7569
85.2265
84.9124
81.5989
76.5431
73.6514
74.0319
73.7432
71.3625
66.6709
60.6465
56.4956
55.3738
54.2536
50.8396
46.5441
43.069
40.5099
37.699
34.41
30.1194
24.6912
19.5817
28.1856
23.1696
19.7534
15.0748
11.0836
7.89837
5.29095
3.46138
0.519855
-2.78653
-5.24324
-8.88195
-13.3498
-15.8129
-12.9571
-10.0805
-9.95107
-11.5817
-12.5281
-13.0756
-15.7767
-18.5476
-16.8933
-14.2141
-14.256
-17.9004
-22.1025
-20.0216
-16.4489
-14.1685
-12.4501
-11.1445
-11.6872
-14.6208
-17.0829
-14.6209
-12.6599
-13.1029
-12.5151
-10.0776
-8.93553
-10.2035
-13.0835
-15.2393
-15.6219
-13.4043
-10.651
-10.1333
-12.5901
-15.5568
-15.0755
-13.5972
-13.0815
-12.7299
-10.8115
-9.65842
-10.7732
-11.9262
-8.60934
-5.74139
-6.52114
-11.0135
-15.8406
-15.3165
-11.9616
-7.71269
-4.53447
-3.85269
-7.16138
-12.8108
-16.5461
-13.1054
-16.1189
7.96685
13.6303
27.7807
42.0902
54.1429
60.3841
61.8739
58.492
51.0439
50.0419
55.0489
58.9418
61.7645
63.1538
64.9867
64.8632
62.2374
60.1485
62.4735
68.4583
74.7846
80.3587
83.1602
82.72
79.4876
75.929
76.1232
77.7376
77.6593
75.2455
71.4973
68.1771
66.034
64.4279
62.3051
57.9563
51.5091
45.0705
40.8618
39.6019
39.3147
38.2287
34.9008
28.4693
21.866
32.7685
28.6357
25.1674
19.2264
11.8697
7.24492
7.44787
7.26454
4.20593
0.604225
1.43577
3.41703
3.61259
1.09599
-4.27459
-8.95159
-9.18637
-8.61314
-7.56226
-2.57559
2.49416
5.19206
5.09457
2.54527
-1.50522
-5.83955
-9.93933
-11.8768
-10.2028
-6.22018
-3.44658
-3.56897
-6.65061
-11.3954
-15.2063
-12.3793
-7.65092
-6.02227
-7.78625
-11.2736
-13.1153
-12.5918
-10.332
-8.84949
-9.99414
-12.2471
-12.6709
-11.9887
-12.0959
-12.0992
-12.916
-13.9998
-11.8874
-9.22849
-8.80628
-9.6029
-10.1382
-10.7003
-10.5481
-8.1376
-6.46876
-7.65187
-11.4565
-15.5751
-17.5988
-16.079
-14.813
-15.7878
-16.1102
-17.1284
-16.3608
-12.3866
-13.6185
5.47302
0.98265
10.4326
23.596
37.3221
45.0626
50.0424
54.2201
59.2948
63.3254
64.8994
63.0937
58.0965
52.8738
57.1354
63.822
68.0575
70.3643
71.4475
70.7792
68.0791
65.2057
67.5907
74.1685
80.4535
83.7967
83.4823
79.9875
77.2945
79.332
80.4059
78.842
77.1264
76.3886
73.7322
67.4294
59.7897
54.9309
50.8854
45.9795
44.9869
45.2668
42.5696
36.0362
28.2086
25.879
23.4119
22.1164
19.7571
15.6861
11.5593
10.2107
11.0133
11.1008
11.0974
11.9661
12.7589
13.1261
12.8748
11.9563
10.6563
8.97382
6.36426
3.48343
4.61234
9.71327
13.0704
13.2049
10.4957
5.88747
-0.123714
-6.51893
-9.85997
-11.3138
-13.7816
-16.7925
-19.1648
-20.8205
-19.2752
-13.8952
-8.21691
-3.93149
-2.59625
-4.49926
-9.20366
-14.4661
-16.3516
-15.069
-13.5845
-12.622
-12.5794
-14.1459
-16.838
-18.2253
-18.6807
-19.3205
-18.5484
-15.6829
-13.2519
-12.3607
-12.8653
-13.4222
-13.1625
-13.1608
-14.3596
-15.643
-15.6674
-12.2083
-8.83567
-6.80401
-6.71448
-8.24632
-10.8806
-13.213
-15.1096
-16.5578
-12.8404
-15.1148
4.01695
5.03973
17.5171
25.7226
35.4032
40.7656
42.7528
44.3303
49.8264
55.8841
59.4591
59.9835
58.4957
57.7916
59.3231
61.1584
61.2695
59.2363
57.4644
60.2168
63.4516
65.0753
66.213
68.3561
69.9303
69.7152
68.4131
69.0386
72.7937
77.2173
80.4054
81.454
80.2645
77.481
73.75
68.383
60.4441
52.2083
47.9255
44.2445
40.3117
38.3335
38.3583
38.3776
36.3047
14.7768
13.3573
11.7511
8.63063
5.39443
2.86166
-0.104348
-1.13745
2.18576
8.13301
12.715
15.1037
15.2472
13.695
11.0802
8.02359
5.44438
3.60934
1.88074
-0.581939
-3.72821
-7.10688
-11.1763
-13.329
-13.1151
-13.2531
-13.9867
-13.4887
-11.6775
-11.2095
-13.556
-16.6208
-14.8781
-10.7479
-7.41395
-5.10065
-4.42818
-5.99316
-9.93927
-15.3771
-20.1128
-21.8358
-21.2347
-17.2137
-13.4743
-13.2076
-16.1573
-16.5866
-13.1191
-12.0275
-11.8874
-9.33017
-7.0208
-7.72042
-10.7399
-12.3903
-12.0046
-12.9881
-16.5119
-21.657
-26.3932
-25.2785
-20.3083
-16.0925
-13.1282
-10.1374
-9.02159
-9.47912
-11.4621
-14.8237
-15.709
-11.0077
-8.96522
4.24327
0.529051
10.6538
20.3076
30.9829
40.3244
47.9455
52.3882
53.3473
51.146
46.4616
41.5934
40.4862
40.3257
38.6059
36.456
39.8388
50.1459
59.0382
63.7142
64.4461
61.5983
56.1009
49.6227
45.4584
45.2446
46.5953
49.398
57.47
65.31
70.0479
72.2591
74.0624
76.3287
77.0278
74.6362
68.7654
61.4242
56.3151
52.3763
47.9572
42.3408
35.8355
29.6649
25.9064
16.7359
15.7402
15.4281
12.3225
7.24525
3.09683
0.995831
-1.53973
-3.20941
-2.31362
-1.40766
-0.957151
-0.407498
-1.11658
-3.61291
-7.63858
-12.84
-19.3546
-19.9715
-16.4471
-14.8393
-15.3592
-16.1334
-16.2328
-16.1793
-14.4662
-11.9116
-9.9922
-10.5012
-13.8409
-19.583
-23.0821
-19.8032
-16.7609
-15.9119
-14.7667
-12.8109
-12.5351
-15.0252
-18.0593
-16.0523
-12.5036
-9.85396
-9.18656
-10.4885
-12.6341
-13.0669
-11.2396
-10.1109
-10.7504
-13.0426
-15.4546
-17.3558
-18.5196
-17.0744
-12.995
-10.8062
-12.4442
-18.1632
-26.3278
-28.9146
-27.1625
-23.374
-16.3389
-10.7688
-8.50415
-9.62529
-12.8721
-14.1299
-12.2832
-9.47061
-7.81754
-6.99781
3.52879
3.16572
5.79353
6.01817
17.1167
23.3977
31.1243
36.0959
38.6993
38.5613
38.5674
41.3717
44.483
45.0583
42.5997
37.7874
35.8297
40.5782
48.1363
52.9934
53.8717
50.8105
43.8926
36.3921
36.4134
42.646
47.3699
49.6735
49.7134
49.053
50.0256
54.0065
59.4509
63.1658
64.8449
64.7779
63.2321
60.6701
58.4862
56.4201
52.3398
45.7721
38.516
32.2218
26.2494
25.6766
23.2862
20.0527
18.285
16.9714
15.5434
13.9231
11.35
7.39836
4.0024
4.46804
6.52865
7.05098
5.69996
2.31217
-2.14608
-5.0213
-5.51823
-7.05605
-9.85943
-11.6373
-10.114
-7.58789
-6.15259
-6.00705
-7.31105
-10.113
-14.1003
-15.9982
-14.2816
-11.86
-10.6646
-11.2307
-12.5959
-12.3206
-10.3307
-9.23945
-10.3056
-12.5195
-12.044
-8.92861
-6.64969
-4.64822
-1.60395
1.00081
1.48181
-0.228956
-3.21677
-6.02424
-7.06713
-5.42781
-3.70723
-4.4549
-8.65625
-15.6682
-19.8781
-17.6595
-14.6145
-13.0921
-13.4688
-15.3639
-17.6986
-19.3623
-20.8726
-20.5079
-16.8464
-13.8966
-11.9108
-10.4522
-10.5344
-12.869
-14.682
-14.1751
1.9526
-1.05668
3.25717
-1.06433
11.1299
14.098
25.5085
32.654
36.1415
35.7474
31.914
28.2946
30.1919
31.5828
37.2204
42.7814
49.3205
55.0688
57.7642
56.91
52.6054
46.178
49.7409
57.9084
62.118
62.3236
58.6634
51.8407
44.0357
39.8219
43.2848
48.94
53.144
55.9501
57.5983
58.0495
56.5357
52.8472
47.1625
42.5479
42.0471
42.4229
41.1225
37.2736
32.2749
34.5866
30.5642
27.9213
26.3659
23.9228
19.628
13.861
8.26072
6.7718
6.43696
4.55449
2.53425
1.72845
1.38415
-0.211593
-2.78579
-4.43713
-6.09035
-9.52545
-13.6421
-15.2377
-16.7434
-19.724
-17.6348
-11.6465
-7.57239
-6.4081
-7.41807
-7.95673
-6.80028
-5.64775
-6.06804
-8.57189
-12.8026
-15.4239
-12.3269
-8.90041
-8.31638
-10.8408
-14.4624
-14.4891
-12.5255
-12.1365
-12.4979
-11.5135
-10.0486
-11.0591
-14.8791
-15.6773
-10.9599
-7.90532
-7.91959
-10.5781
-14.3782
-15.5524
-12.9279
-11.1668
-10.6506
-10.159
-9.66281
-9.49352
-10.4864
-13.2411
-17.6801
-20.1116
-19.4183
-17.6603
-16.7016
-15.709
-17.0715
-13.5316
-8.45201
-6.41456
2.45214
-0.370963
4.29232
2.76371
11.9889
19.4294
28.8676
39.2178
46.9854
52.7661
56.9125
59.8977
62.1936
63.7796
64.7962
65.8707
66.7282
66.7214
65.513
63.5899
64.2296
68.9982
72.7876
73.5355
71.1163
66.5267
62.6881
61.3748
60.5894
59.363
57.8531
56.9312
58.2136
59.864
59.3651
55.8652
50.2575
46.6602
46.2481
44.5956
39.8713
33.0215
27.3919
24.4495
23.3554
40.9047
35.4381
33.85
31.6006
26.0388
18.2203
12.6826
10.1849
10.7163
16.527
21.6069
23.2358
21.3349
16.8408
12.3956
10.3722
9.47997
8.25514
5.65576
1.22464
-4.15963
-9.24797
-13.5422
-14.9583
-14.3703
-13.7958
-13.3763
-11.8422
-10.2709
-10.1498
-11.9591
-15.8447
-20.5855
-22.8179
-19.6663
-14.4135
-9.99522
-7.26982
-5.76641
-5.40349
-5.50244
-5.19734
-5.64831
-7.98574
-12.4865
-17.6351
-22.4425
-23.6709
-20.3128
-18.4268
-18.5233
-19.1531
-18.5352
-16.8346
-14.2038
-10.9488
-9.0709
-9.04484
-9.7028
-10.3821
-11.9052
-13.6076
-15.1219
-15.7876
-13.2076
-9.65619
-9.03395
-10.6216
-13.6048
-15.4393
-16.8886
-15.3813
-14.5752
-1.50469
-6.69677
-0.954996
-1.22938
16.7939
28.9827
38.2179
43.318
44.9691
46.2164
49.1846
53.7821
57.6485
60.3811
61.5939
60.3171
60.647
67.682
75.0201
78.9553
79.7276
77.8906
74.235
70.6103
69.8035
71.1744
71.025
69.3816
68.1432
67.2129
65.7136
65.5707
68.0764
70.0548
69.2159
64.6658
55.8231
45.7512
41.4548
39.4117
35.9118
31.6228
29.8226
29.2838
28.4072
36.4637
31.0083
28.0983
24.3839
21.3811
20.8032
20.0035
16.5755
11.7641
11.9657
15.4692
16.8737
15.3781
11.5459
6.34136
-0.194271
-4.45811
-5.40579
-6.02513
-6.78964
-7.97761
-10.3072
-14.1714
-17.2776
-15.9759
-14.0003
-13.7878
-14.7851
-15.1017
-15.7894
-19.2041
-24.0645
-24.478
-20.7334
-16.2586
-11.3024
-6.53785
-3.66242
-3.379
-5.37381
-8.30018
-10.6308
-11.8099
-11.4903
-11.0064
-12.2787
-15.7054
-19.3763
-19.3471
-16.2271
-12.783
-11.1697
-11.1222
-9.70076
-6.96027
-5.51343
-5.62589
-6.24324
-7.30858
-9.59231
-12.2912
-13.4573
-12.785
-11.621
-11.424
-12.6454
-12.9812
-10.3308
-8.09322
-8.1035
-9.0362
-10.3352
-10.9166
0.230329
-1.40057
7.56227
14.6204
25.1195
34.0582
41.8599
51.188
59.5345
66.2161
71.4599
76.0229
79.3361
80.7079
80.8137
81.4352
83.0024
83.8414
82.7342
79.6448
75.8194
75.1322
77.6065
78.8959
77.8615
76.9168
78.3461
79.1659
77.47
74.5289
73.4992
74.3228
75.1171
74.7871
72.2871
66.8139
58.1304
49.065
46.3926
45.0664
41.985
37.1454
32.1522
28.5497
25.9665
34.7076
31.427
28.0629
23.0439
20.0637
18.9132
16.696
12.5813
6.73522
3.75049
5.15602
5.19515
2.11521
-2.69505
-6.72108
-9.9116
-12.7644
-14.0674
-13.5871
-11.8306
-10.7518
-9.70855
-5.52057
-0.0263898
3.44353
3.87008
1.24483
-2.50132
-3.15726
-1.87778
-2.5086
-5.84807
-10.9195
-14.8907
-16.8081
-18.0368
-17.0825
-13.8659
-11.4482
-11.3964
-12.6936
-13.0892
-12.1868
-11.5073
-11.6237
-12.7296
-13.9441
-13.0621
-10.8324
-9.72679
-10.0442
-10.7707
-10.6899
-11.0481
-12.6776
-15.0018
-16.3146
-16.7733
-15.1137
-12.2123
-11.2882
-12.8617
-15.2875
-15.7947
-14.1087
-11.8525
-10.1723
-8.82145
-7.44866
-7.23123
-7.69773
-8.88427
-9.99469
-0.415797
3.14564
14.2285
26.0649
37.091
45.8834
52.9517
58.8431
63.3029
66.0006
68.4648
71.6902
74.5131
75.9208
75.8185
74.637
72.4276
68.7849
63.9728
59.8282
59.8797
63.8287
67.181
68.6578
70.2913
73.5105
75.8838
75.4327
72.693
72.262
76.1881
79.2696
79.9129
78.2884
74.5168
68.5315
61.4969
57.2533
55.7037
53.974
51.3147
46.7387
40.3097
34.251
30.5956
28.54
27.7743
26.9123
24.5756
20.6303
15.3982
11.2379
8.82923
6.37006
3.02508
-0.267633
-2.34538
-3.55631
-5.88761
-9.59864
-12.7081
-13.8905
-13.2983
-10.715
-7.6631
-5.20541
-4.00544
-4.75688
-7.58955
-11.3953
-14.4168
-16.2092
-18.177
-19.311
-18.1293
-16.853
-17.7362
-20.2759
-20.0067
-16.9187
-15.09
-15.1615
-13.5752
-10.8762
-10.4663
-12.8125
-15.1183
-15.2316
-15.4251
-16.2385
-15.0478
-11.7404
-7.88714
-5.74346
-5.99431
-8.22937
-9.96611
-8.7349
-6.97234
-7.27497
-9.8648
-14.199
-18.7492
-21.4521
-20.5335
-18.6969
-17.4161
-15.844
-11.9689
-7.33627
-4.20457
-3.27167
-3.82298
-5.29438
-9.13256
-13.0286
-11.6501
-11.0462
-1.93389
-1.64877
14.2999
28.5494
40.924
50.1224
56.4991
62.3208
68.1808
72.0639
72.8714
70.2305
64.214
55.7696
48.818
46.3238
44.8411
42.4394
39.4566
37.6855
37.9365
41.9893
47.2131
50.4352
50.9838
49.5079
50.8897
54.6599
58.6051
63.0992
65.83
65.6257
62.359
56.9994
50.7206
43.3654
37.2065
35.3451
32.1321
26.672
21.3673
21.137
23.1903
22.2721
18.1632
24.8879
26.3261
26.3039
24.3926
20.4586
15.357
10.924
6.92722
1.75266
-2.4186
-4.82858
-7.3779
-8.9305
-9.39902
-11.5408
-13.9913
-11.1846
-7.02045
-4.48236
-4.357
-6.78239
-11.4016
-16.1892
-19.6884
-21.9283
-20.0511
-16.0785
-12.1474
-9.35107
-9.04301
-11.1294
-14.5361
-17.5897
-18.8667
-16.7782
-15.0235
-16.3389
-18.4602
-16.1036
-12.7404
-12.0074
-13.839
-15.9993
-15.4151
-13.2282
-11.4682
-10.5358
-9.68329
-9.10936
-10.1451
-12.531
-13.5001
-12.8052
-13.2781
-13.925
-12.9843
-11.8549
-11.1052
-9.42922
-8.15511
-9.53283
-13.6884
-17.7062
-17.4295
-15.5954
-14.3073
-11.4898
-6.81031
-3.44639
-3.44123
-6.26011
-9.29384
-11.721
-0.748501
7.55724
23.0571
38.5003
50.0795
57.3693
60.5117
60.4759
58.6014
58.3327
59.6552
59.5692
56.7523
51.9499
46.9161
41.3644
37.3603
34.6811
35.4043
36.5036
36.745
35.6267
33.8004
32.6494
30.1612
28.8343
29.4778
34.9164
40.5051
43.3287
43.5533
41.4411
38.2989
34.5469
30.3604
26.5744
24.9595
23.089
19.2634
13.0699
7.08175
7.58746
9.15546
7.89305
3.89165
-1.98461
-0.251814
-3.19247
-5.31109
-7.56294
-8.19922
-8.57162
-9.05793
-8.84086
-7.51786
-7.57142
-8.71179
-8.78518
-6.58893
-4.64867
-4.73892
-7.52824
-13.0546
-18.6211
-17.1533
-14.0228
-14.3029
-16.9023
-17.0801
-15.1931
-15.4013
-17.1257
-15.8212
-11.5019
-9.13116
-9.78345
-12.5982
-14.7681
-12.2363
-9.09365
-8.87357
-11.3293
-12.3006
-8.82344
-5.89844
-5.70591
-8.04187
-11.8556
-13.9183
-13.0763
-12.849
-15.3574
-18.0048
-15.0542
-11.6592
-10.5434
-11.4611
-13.2737
-13.3477
-9.91817
-6.72181
-6.22789
-7.57038
-8.84479
-10.1899
-12.7025
-13.2994
-11.2672
-10.475
-11.5223
-12.1406
-11.9904
-11.7148
-10.3337
-10.433
-10.9192
-11.7714
-13.0769
-5.14139
-2.06277
13.7043
25.2635
37.565
43.9597
46.2889
47.2078
48.6513
49.6304
48.8971
46.2485
42.7491
39.01
36.816
36.1104
36.7892
36.7797
34.6566
31.1421
25.1376
18.8414
14.1984
12.2219
13.6988
13.7894
16.6735
20.3642
23.5174
25.8172
27.5649
30.6085
31.576
30.619
27.033
21.624
16.1762
11.627
9.57066
5.7216
3.42211
1.66859
-0.163129
-3.52182
-6.91353
-9.72578
-7.83489
-11.1942
-9.57911
-8.53102
-8.66757
-9.8699
-10.2217
-8.54344
-6.12012
-5.09339
-5.93015
-7.68055
-8.1423
-7.84059
-9.07631
-11.3574
-13.4529
-14.3936
-13.9778
-13.1282
-13.2892
-15.1164
-17.3646
-18.1256
-17.329
-16.218
-13.001
-7.83743
-4.46232
-4.40023
-7.71912
-10.8878
-7.90877
-4.78494
-5.11042
-8.51317
-12.3807
-12.3296
-10.7114
-10.3342
-11.7526
-14.0675
-14.2275
-12.1656
-10.9762
-10.7225
-8.47152
-5.6571
-5.22497
-6.91842
-8.5202
-9.47221
-11.5788
-13.298
-10.8854
-7.23562
-5.75698
-6.71003
-8.47255
-8.87514
-8.83198
-9.86272
-12.0134
-14.1167
-14.5695
-12.8798
-10.173
-8.33694
-8.28826
-9.98768
-12.154
-13.2689
-4.57345
-3.30925
3.39946
-0.118123
5.22144
11.9657
15.4846
17.8733
21.5978
22.7718
28.7628
32.714
33.693
33.0081
29.4817
25.5117
21.7834
20.2495
19.3806
17.6012
13.0707
12.3547
9.16916
8.3105
7.26039
7.30271
5.50673
1.54906
-2.83946
0.210286
-0.100181
5.36621
7.22447
5.91515
4.30076
2.19314
-4.16693
-3.45814
-3.50369
-6.64747
-7.98837
-10.5995
-11.3637
-11.2326
-10.9215
-12.2606
-9.25712
-9.92573
-10.5954
-13.8886
-17.0357
-14.5834
-11.3335
-10.8461
-13.4543
-16.1514
-15.16
-12.1007
-9.30813
-8.07217
-8.82816
-11.1884
-13.9428
-15.1938
-14.5483
-12.3668
-10.4709
-9.89273
-8.89339
-5.49568
-2.74131
-2.78466
-5.7228
-9.22891
-9.84337
-8.81381
-8.74886
-10.0232
-12.9081
-17.6722
-20.6597
-17.7748
-13.9415
-12.5451
-13.7469
-15.9436
-15.2764
-11.9891
-10.2712
-11.4576
-15.1665
-18.606
-19.3416
-17.9765
-16.6172
-16.4925
-18.3995
-21.9827
-24.5005
-22.13
-15.6287
-10.2028
-8.14201
-9.13244
-10.5299
-10.1778
-10.3596
-12.6191
-14.5116
-13.8185
-10.9452
-8.27776
-7.19533
-7.61191
-10.0276
-11.8684
-12.2507
-9.49001
-2.31373
-1.93173
3.09908
-1.86149
-2.2133
-0.928477
-2.60358
0.388704
9.52358
4.91934
5.82596
2.22321
1.31073
9.61525
3.80669
3.00895
4.97734
3.09695
0.343368
3.49936
5.68171
9.13128
6.44546
2.07068
1.65035
4.13123
2.56946
-0.98472
-6.51705
-1.38726
0.645205
4.91226
2.76068
-1.74483
-7.88096
-6.95888
-10.0457
-7.10628
-6.01318
-9.1789
-10.6563
-11.2652
-11.5906
-12.8271
-12.3508
-11.5138
-16.2854
-19.9624
-18.9863
-19.1151
-19.592
-18.906
-16.2445
-13.1072
-10.8236
-10.6664
-12.8611
-15.6129
-15.581
-13.4386
-12.0551
-11.7038
-12.2209
-13.1758
-13.3555
-13.048
-11.9567
-7.37454
-2.24405
-0.191781
-1.52587
-5.13758
-8.89048
-12.1514
-13.5858
-10.9017
-8.05832
-7.47595
-9.29255
-13.3948
-20.0052
-23.4128
-17.6494
-12.7768
-11.6379
-13.9538
-17.5191
-14.6728
-9.60635
-7.13163
-7.49818
-9.98711
-13.0966
-14.5594
-13.6763
-12.0251
-10.5248
-10.3911
-12.3688
-15.6151
-16.6724
-14.6905
-13.0919
-14.0169
-18.092
-22.7435
-20.7257
-14.177
-9.37088
-7.77452
-8.81691
-11.2889
-12.9733
-12.9078
-13.4583
-14.5118
-12.9507
-10.5573
-3.36357
-4.54158
-1.14652
-10.3726
-5.64527
-3.44709
-2.44397
2.736
9.5215
4.08253
3.99563
-0.992073
-3.63512
6.60846
-1.32431
-4.41907
0.0202374
0.893502
-1.92441
-1.33752
-4.89837
0.634085
-4.59471
-5.5583
-0.663436
3.01821
2.32206
0.978792
-1.15918
2.12767
2.44421
4.17
1.97907
-2.42542
-5.68184
-7.68566
-12.3406
-12.3881
-12.9442
-17.3716
-16.6827
-14.0024
-11.9632
-12.7389
-16.1364
-14.9339
-19.6674
-17.7161
-12.0803
-9.95076
-11.3841
-14.7038
-14.0332
-8.88192
-2.99991
1.0148
1.81445
-1.20675
-7.98043
-13.2113
-11.6243
-9.56231
-8.93332
-9.54925
-11.5456
-12.7269
-8.87829
-1.60347
4.69178
7.44174
6.1888
0.947643
-6.52055
-11.094
-13.7873
-13.9656
-10.0854
-6.63402
-5.92995
-8.25484
-12.8683
-14.8379
-9.73571
-4.70767
-2.69537
-3.04034
-4.44776
-5.60045
-6.39853
-6.43729
-6.06332
-6.40833
-7.98251
-9.85227
-9.80786
-8.54442
-8.28695
-10.1071
-12.6976
-13.3751
-11.9526
-9.67871
-8.47565
-9.6145
-12.7485
-14.2928
-13.1437
-12.9251
-13.3506
-13.4907
-12.883
-11.7111
-11.2717
-12.5037
-14.9237
-13.9535
-11.7004
-10.9997
-3.98011
-3.9616
1.54918
-0.426646
3.04779
7.35334
8.14064
8.52908
10.4649
2.90628
2.67199
3.23312
5.43081
9.85693
4.47198
2.97998
2.36304
0.178243
-2.43546
-1.55932
-4.23395
0.0440787
-4.20005
-4.22962
-2.17636
0.143623
-2.69656
-5.7025
-11.8989
-5.60216
-0.85235
5.50145
5.53004
3.73752
0.739921
-1.20907
-4.24589
-7.46317
-9.30389
-10.3838
-7.23892
-5.01065
-4.93007
-6.25694
-6.92921
-11.3691
-12.2265
-12.5339
-9.34797
-6.83343
-7.32248
-10.2211
-11.7734
-9.4569
-5.32124
-2.05238
-1.28823
-3.51897
-7.83958
-11.0209
-12.7174
-13.5544
-11.7665
-8.06237
-5.71119
-6.07163
-6.83214
-1.88691
4.64469
7.41902
6.05929
1.13045
-4.89014
-9.02225
-12.673
-14.9284
-13.8694
-11.5447
-8.55491
-6.82144
-7.9276
-12.1559
-16.8558
-16.1452
-12.5245
-10.0778
-9.90908
-11.2351
-11.6143
-10.0897
-8.25353
-7.43561
-7.84645
-9.27097
-11.0612
-13.2901
-15.6685
-17.1475
-17.6823
-16.8567
-13.2695
-9.32484
-8.29012
-10.7922
-15.0422
-16.7779
-16.5259
-16.5672
-15.4491
-14.0444
-13.8809
-13.5195
-10.7829
-7.38245
-5.91012
-6.81862
-10.0933
-12.6208
-4.16135
-3.5639
2.00841
-0.0386661
0.504374
0.374864
-1.35119
-0.343058
6.0942
-2.86796
0.132578
-1.81199
-0.306292
6.48717
-2.17602
-5.63228
-1.57481
-2.27143
-3.42047
-2.15285
-4.90383
-0.540829
-5.44731
-7.09328
-5.10622
-1.82701
-5.17271
-4.84178
-11.1999
-6.61177
-5.95413
-2.14237
-1.97712
-3.7555
-4.61622
-2.98082
-3.9476
-5.04311
-7.46785
-10.1107
-10.8088
-10.788
-10.8626
-12.3539
-15.0306
-13.4552
-11.3196
-8.1711
-5.22387
-5.24389
-6.83559
-6.73356
-4.36131
-3.11804
-2.7576
-3.18989
-5.28913
-10.0101
-16.5157
-20.4212
-21.4141
-20.3846
-17.9548
-15.2693
-12.2878
-9.70066
-7.19408
-2.70173
1.99993
3.87899
2.14699
-2.64132
-6.84378
-7.06288
-7.43626
-9.8395
-12.7166
-13.3298
-12.2566
-11.5816
-11.9817
-13.7754
-16.0614
-16.6815
-15.8704
-13.8415
-11.2818
-9.19889
-8.17658
-8.75824
-10.633
-12.0817
-11.5632
-11.1396
-12.7561
-16.8845
-21.6822
-23.8085
-24.4894
-23.8702
-20.0436
-16.5209
-15.2073
-15.6352
-16.969
-18.9977
-23.1425
-24.6975
-19.6668
-15.106
-13.6689
-14.5153
-15.3577
-14.0723
-13.4921
-12.9513
-12.8542
-14.6158
-5.93698
-5.63553
-0.707294
-5.92619
-4.46442
-1.80091
-3.01574
-0.256808
5.63672
-0.214244
1.71919
-1.08054
-1.10338
4.71024
-5.68204
-8.72541
-5.26553
-3.26089
-3.00193
-2.93656
-7.38724
-4.69697
-11.6776
-11.5069
-4.99491
-1.10937
-3.41886
-4.43683
-8.07424
-5.05273
-5.31
-0.182216
-1.02496
-3.19162
-4.47065
-4.15726
-6.03312
-7.79703
-8.64135
-10.1449
-11.9548
-14.7804
-16.5828
-15.0771
-11.5344
-15.7841
-17.9106
-18.7106
-16.8973
-15.8369
-15.4839
-15.4374
-14.9833
-13.5776
-12.6024
-11.9689
-11.9134
-12.6418
-12.2424
-9.91278
-8.18384
-8.56687
-10.7281
-12.5872
-11.7558
-10.0576
-8.51943
-4.00575
1.80204
4.54813
3.18946
-1.9719
-7.15107
-7.61513
-8.277
-10.5122
-11.3347
-10.3569
-10.2593
-11.8978
-14.3849
-15.8798
-16.65
-17.2371
-16.963
-13.9091
-10.077
-8.15529
-8.98365
-12.0358
-15.053
-16.2383
-16.9433
-17.5136
-17.6742
-17.4907
-16.9047
-15.7535
-14.4415
-13.9014
-14.2823
-13.6176
-11.4212
-10.3731
-11.5474
-12.7367
-11.3547
-10.0535
-10.4219
-12.1192
-12.8844
-11.9366
-10.0788
-8.29537
-7.86711
-8.16481
-8.36131
-9.07465
-4.05174
-5.35006
-0.22442
-2.81051
-2.14476
-0.927334
-1.88543
0.536668
6.988
3.27577
4.18789
0.859593
0.0394835
4.55454
-2.93875
-4.22695
-2.42082
-0.584446
-3.36359
-4.5339
-9.23764
-3.64697
-12.5818
-8.88121
-0.741793
2.75264
0.233621
-0.0357521
-1.91264
0.40363
-0.659462
-0.263509
-1.24987
-3.15601
-6.59319
-8.3943
-13.9403
-15.7197
-15.445
-15.5212
-11.6213
-6.60215
-3.98884
-4.25014
-6.32575
-14.4191
-11.146
-8.90387
-8.32602
-10.6977
-14.9186
-17.4535
-15.7153
-13.0866
-11.0359
-9.29404
-7.96143
-7.76678
-8.02872
-7.5646
-7.51383
-9.79815
-14.5123
-19.4721
-21.9335
-20.8755
-17.8443
-15.2385
-13.6543
-12.7077
-12.5784
-13.4155
-14.1
-14.1261
-14.5345
-14.126
-11.7584
-9.17027
-8.55129
-10.6427
-14.3409
-16.1752
-15.307
-15.0023
-15.0104
-12.2819
-8.23968
-6.3854
-7.61976
-10.6718
-11.5836
-9.74145
-8.66959
-9.92677
-13.5637
-17.9785
-18.6971
-16.0673
-13.0791
-10.5099
-8.7991
-7.90851
-7.65979
-8.56992
-11.1607
-14.1061
-13.2784
-10.0752
-8.31909
-8.33179
-9.09737
-9.92366
-11.6005
-13.8789
-15.4164
-14.2429
-11.982
-11.5546
-7.13466
-7.57042
-1.14849
-2.41317
-1.72526
-1.59699
-2.97056
-1.89189
3.2684
-3.84455
0.334596
1.59781
3.62218
5.9901
-0.780063
-2.71726
-2.15666
-2.13415
-4.12683
-5.47656
-9.13924
-5.10963
-5.60176
-2.32431
0.108173
1.33096
-3.7729
-3.96017
-3.21268
0.882886
2.52674
2.86443
0.24067
-4.14659
-7.49155
-7.46439
-12.1897
-14.0587
-13.9484
-12.6285
-8.47638
-4.47521
-3.29894
-5.46246
-10.1276
-14.0625
-12.1244
-9.70849
-7.92042
-8.59236
-12.0703
-16.0253
-13.6831
-8.91997
-6.2357
-5.90144
-6.47717
-6.57112
-4.78534
-1.25236
0.884639
-0.215708
-5.16468
-12.3682
-13.7343
-10.0898
-8.25204
-7.53569
-5.96248
-4.79555
-5.52646
-7.60873
-9.36716
-10.914
-11.398
-10.2697
-8.63002
-7.11163
-6.89479
-9.22905
-14.4935
-18.8286
-17.7652
-14.6146
-11.1083
-7.56358
-5.4359
-5.34478
-6.97581
-9.01654
-10.5839
-10.6998
-9.55605
-8.84418
-9.31044
-10.9798
-13.6943
-16.7406
-16.5744
-13.3645
-11.1926
-10.6425
-10.2839
-10.2626
-11.854
-14.1385
-14.8212
-14.4665
-14.4784
-15.0508
-16.779
-18.8787
-19.4401
-18.8931
-18.7226
-17.0088
-14.2048
-12.7037
-6.67204
-8.93322
-2.51444
-4.21035
-0.43202
2.09518
6.08436
10.838
15.6385
18.7891
22.1343
23.6872
23.6847
22.5626
18.9647
14.7564
10.6685
8.67674
7.60351
6.69958
4.90222
3.32771
-0.417595
-0.987891
-0.311355
1.0154
-5.0595
-5.1421
-6.84663
-1.26777
0.827835
3.03659
0.928062
-2.98409
-6.78961
-8.03136
-13.3121
-13.9944
-9.77623
-7.57353
-6.9267
-8.07929
-10.392
-10.8376
-9.21298
-11.1955
-11.2119
-11.5709
-11.2813
-11.098
-11.1908
-11.8206
-14.0478
-17.5069
-15.7698
-9.89443
-6.57561
-5.82752
-5.60291
-4.43653
-3.97707
-6.10477
-11.2996
-16.6271
-14.0919
-9.71896
-7.74489
-7.25833
-6.44462
-5.37756
-5.44836
-6.68791
-8.75724
-11.5354
-12.441
-9.82071
-8.45174
-10.0138
-12.9846
-13.4367
-11.1791
-9.63143
-10.0332
-10.9165
-10.3295
-9.54329
-9.5039
-9.65927
-10.0314
-11.0157
-12.1599
-13.4309
-15.6597
-18.3788
-19.9758
-19.9882
-18.781
-17.1635
-15.5851
-15.1525
-16.6528
-19.4536
-21.3514
-19.8547
-16.6295
-14.9111
-15.1013
-14.8023
-13.5534
-13.4554
-14.2185
-13.3154
-11.6708
-11.5699
-14.3864
-15.4456
-12.1589
-9.93565
-4.3902
-4.95618
2.99685
7.37394
14.8192
20.7642
25.047
28.0845
30.0932
31.4424
34.4478
36.9409
38.2979
39.6779
40.9493
40.4675
37.1129
31.3843
25.913
22.4619
19.8374
18.1918
16.2851
12.8923
8.10118
5.6047
3.43268
1.66254
-4.1757
-5.14066
-4.64771
-1.20832
-1.95743
-3.15907
-4.55358
-5.16969
-9.58796
-11.8851
-10.3398
-9.09533
-9.76911
-10.9624
-11.3711
-10.4394
-8.31683
-11.0774
-10.8157
-8.70744
-6.42851
-7.09162
-9.97327
-11.6951
-10.9406
-10.5024
-10.9219
-11.9161
-13.0685
-12.5776
-9.6584
-6.59037
-5.47018
-6.91617
-10.4258
-13.5059
-14.3451
-15.2142
-17.1631
-18.5263
-17.0869
-14.8306
-13.443
-12.3199
-11.5097
-12.4568
-16.038
-20.6459
-21.9884
-21.4178
-21.8614
-22.2629
-22.1767
-23.1928
-25.1979
-24.3092
-19.6491
-16.452
-16.3068
-17.9242
-18.1932
-16.6006
-15.1275
-13.8545
-13.4929
-14.9413
-17.9164
-20.31
-21.2854
-21.1207
-19.0067
-16.9701
-16.2051
-15.7886
-14.7393
-12.9348
-10.6207
-8.64921
-8.01627
-8.91964
-11.0493
-13.4511
-13.7526
-10.8391
-8.61795
-8.56208
-11.1877
-14.3636
-15.7607
-14.8009
-9.13834
-7.24024
-1.62797
1.46358
7.86656
14.108
18.9704
22.0347
22.56
19.7617
16.3735
14.8
15.2402
19.0492
20.7555
21.8729
20.9082
18.1271
15.0852
12.9402
9.01787
7.48423
5.58917
3.4365
0.929773
0.204142
-6.37984
-6.9775
-10.4218
-9.23307
-10.9387
-7.17049
-6.30444
-9.34319
-13.6459
-11.6413
-11.6676
-12.4476
-12.4866
-13.2655
-13.9976
-14.6396
-14.3015
-13.8537
-14.5407
-12.8564
-17.5583
-17.9151
-17.0935
-17.6529
-19.1669
-19.9899
-19.6649
-18.6729
-13.4216
-7.82523
-5.17394
-5.24512
-6.32074
-7.09821
-8.30122
-10.2573
-11.9537
-13.4397
-14.6616
-14.4811
-13.8398
-14.1667
-15.9046
-18.9035
-21.1043
-18.6782
-14.8265
-13.738
-16.3923
-20.2908
-19.3782
-15.4815
-12.4749
-11.1095
-11.1273
-12.2668
-14.6448
-18.0853
-18.2643
-13.7526
-10.0816
-9.2998
-11.1029
-13.073
-12.9579
-12.6701
-14.1321
-16.7028
-18.6907
-19.5369
-19.0967
-17.0144
-14.9762
-14.8651
-16.2343
-15.7998
-14.076
-14.3119
-16.3367
-17.6027
-17.1969
-16.8076
-14.7003
-12.3774
-10.5262
-8.93201
-8.19156
-9.0716
-11.7736
-15.2205
-17.9052
-17.311
-8.14538
-7.00121
-2.65141
-5.21276
-6.23472
-3.61886
-3.45087
0.813495
5.42424
-0.171697
0.454606
-1.2595
-3.47936
2.29395
-8.63843
-12.3172
-9.10835
-7.60591
-6.67432
-3.38154
-6.61938
-5.33041
-9.26948
-4.6976
1.89316
6.15365
5.95643
7.4339
6.54203
5.79529
3.63435
3.54463
2.61893
-0.898829
-7.09334
-10.1445
-13.4589
-14.4179
-14.6249
-15.1713
-13.0296
-10.9166
-11.1363
-12.5488
-13.1358
-14.0369
-13.996
-13.1501
-13.533
-14.1018
-14.1249
-14.2428
-15.2701
-11.8104
-0.947713
7.08488
10.3257
9.28815
4.33984
-3.38181
-11.025
-16.8962
-18.3878
-15.3272
-11.3157
-9.25094
-10.2097
-12.7827
-13.0474
-11.2216
-10.9936
-12.4727
-13.2296
-12.5394
-11.6546
-10.1127
-8.2025
-7.87946
-9.10625
-9.97304
-10.0832
-10.557
-11.4151
-12.2521
-12.8941
-12.6333
-11.88
-11.4966
-10.9199
-10.7112
-11.8153
-14.0338
-14.9979
-12.599
-9.97815
-9.31127
-10.1817
-9.73471
-7.636
-6.45481
-6.77055
-7.60302
-8.43025
-10.169
-13.0984
-15.9169
-17.1856
-17.686
-19.174
-21.5711
-20.8763
-16.7155
-13.3414
-12.0804
-13.982
-18.0261
-20.4165
-18.1317
-9.08189
-8.8109
-3.55428
-5.6694
-5.55152
-5.06936
-10.2622
-8.77054
-0.239965
-7.68365
-3.03939
-3.71778
-4.87933
1.37687
-13.3658
-10.6889
-2.05099
1.4516
2.67087
3.87463
4.01045
6.73879
10.4613
17.6757
23.319
26.5126
27.4772
27.6159
27.8501
27.9774
26.465
22.5182
17.4692
14.2747
11.0403
6.01663
0.310611
-4.08524
-7.19559
-9.90304
-10.9605
-11.1796
-12.1838
-12.101
-10.2748
-8.52618
-10.1869
-10.4741
-8.62154
-7.40183
-7.86673
-9.03214
-9.87918
-8.79082
-4.17966
0.0408854
1.12714
-1.18076
-5.56625
-8.88542
-10.4574
-12.1766
-13.0743
-12.9608
-12.1632
-11.751
-12.3984
-12.8347
-12.4636
-13.0578
-15.5412
-17.4311
-16.2001
-14.1848
-12.3039
-10.1543
-8.96957
-9.9149
-12.889
-16.3695
-16.9229
-13.4741
-10.3393
-9.83823
-11.8541
-15.3122
-18.1262
-16.1437
-10.0152
-6.2613
-6.44663
-10.3376
-15.4768
-15.3079
-12.0558
-9.03408
-7.33344
-7.86506
-11.16
-15.7543
-15.5711
-12.7084
-12.2929
-13.7204
-12.8122
-10.5077
-10.4434
-12.9733
-16.5297
-18.6366
-18.7483
-18.4148
-17.9313
-17.071
-15.9336
-14.0591
-12.3264
-11.6088
-8.54008
-9.42864
-6.25063
-10.7155
-11.8566
-10.6859
-17.3558
-13.2603
-1.83219
-13.3286
-6.02266
-5.48182
-5.63445
0.941432
-11.4232
-6.53221
-1.35094
-1.1328
-2.14094
-2.71882
-2.22056
2.83142
4.54564
10.2517
14.6769
16.5356
15.4071
12.5229
10.3888
12.4807
13.6882
11.983
6.9448
1.1541
-3.7431
-8.09017
-14.0251
-17.2875
-17.9329
-17.5208
-18.0521
-19.2109
-20.1286
-21.5822
-24.1319
-7.06472
-9.77488
-12.1789
-11.1233
-8.82801
-7.63882
-8.50503
-10.6764
-10.9793
-6.64363
-2.31754
-1.07265
-3.65557
-9.50688
-13.9319
-13.5809
-13.2091
-13.1165
-13.2332
-13.9516
-14.3522
-13.3167
-11.9538
-11.4043
-11.9178
-13.7566
-16.3248
-17.1639
-16.0797
-15.4547
-15.3664
-15.0956
-15.1335
-16.1404
-17.5319
-16.3964
-13.0899
-11.358
-11.7521
-12.6711
-13.6127
-16.1247
-19.8366
-19.5457
-15.7378
-13.198
-13.1073
-14.4409
-14.7787
-12.6763
-10.3892
-9.54476
-10.347
-12.1514
-14.2585
-16.6474
-18.0065
-17.6876
-15.8859
-13.2361
-11.338
-11.2552
-12.8769
-15.4833
-17.2258
-16.5865
-15.0446
-14.1447
-13.8048
-15.2093
-16.6561
-15.0291
-12.1307
-7.09089
-8.94433
-6.01156
-11.246
-14.5509
-10.3707
-10.0827
-5.37179
0.483137
-6.53302
-4.02896
-1.41882
3.78451
10.2326
13.3059
18.4951
21.4057
22.7494
24.0658
25.4019
25.1117
23.09
18.9923
13.5593
7.44524
2.91485
-3.1863
-7.12692
-11.4211
-9.50985
-6.73432
-3.03143
-4.76569
-9.09327
-16.1291
-16.5094
-15.8085
-12.9142
-11.4154
-11.174
-11.4184
-11.326
-12.6725
-15.6705
-19.3584
-7.88914
-10.9794
-13.106
-10.9645
-8.07866
-6.24354
-6.17801
-8.20342
-9.8545
-4.6135
1.61596
3.99133
2.06578
-3.86645
-10.2667
-11.1493
-10.5519
-10.0123
-8.78847
-7.98546
-8.84047
-10.5888
-11.2506
-11.1788
-11.5713
-12.4059
-13.0455
-13.818
-14.1563
-13.1665
-11.7841
-11.5825
-12.6977
-14.5284
-16.9052
-18.4709
-17.6217
-15.6552
-12.8783
-9.73678
-8.08105
-8.75367
-11.3275
-14.1675
-15.7559
-16.4496
-17.101
-16.657
-13.6583
-10.0604
-8.60308
-10.1495
-14.2545
-17.3366
-17.209
-16.9571
-16.6782
-15.4955
-14.9416
-15.5681
-16.5181
-17.6668
-18.5384
-17.8965
-16.1567
-15.2126
-14.9188
-14.3529
-13.7333
-14.7228
-15.8201
-16.2905
-17.2023
-11.6591
-12.9801
-7.79996
-11.6578
-8.03376
-5.84782
-8.85004
-8.0043
-2.02919
-14.239
-7.17812
-6.62055
-1.03574
6.13837
6.62666
10.1905
13.4205
16.2526
18.3037
18.9736
17.6648
14.6768
9.94653
4.91172
0.71515
-0.311386
-0.942678
0.280428
-1.41462
-1.83662
-1.87774
0.15874
-2.06317
-6.48973
-12.4855
-13.196
-14.5171
-10.5753
-7.02444
-6.11039
-7.94975
-11.2759
-13.9173
-15.3345
-16.5115
-12.6313
-12.1945
-10.9799
-10.0044
-10.985
-13.4171
-15.5527
-14.5927
-11.3955
-7.17418
-2.91322
-0.836386
-2.15221
-7.04621
-13.6275
-16.2166
-15.1331
-13.8851
-13.4824
-13.8919
-14.0712
-13.6486
-12.9241
-11.7342
-10.8291
-11.4306
-13.6018
-15.3983
-15.0055
-14.1884
-14.4752
-15.7369
-15.736
-13.097
-10.6787
-9.77252
-8.91793
-7.83504
-8.04076
-9.31165
-8.28912
-5.07573
-3.64903
-5.23678
-8.94349
-10.7145
-9.87967
-9.89548
-10.8515
-11.6995
-13.2506
-16.7936
-20.2767
-19.565
-16.4748
-13.3773
-11.105
-10.9111
-13.4428
-18.1382
-20.8527
-18.5971
-15.2272
-13.0168
-12.0906
-12.4336
-14.2453
-16.0009
-16.0408
-15.898
-17.0556
-19.5793
-19.9534
-10.4075
-9.72438
-5.47691
-11.3314
-12.9772
-10.1094
-13.9097
-9.39377
-1.11229
-7.34462
-2.87664
-4.05567
-4.35422
1.39722
-5.55616
-5.84208
-4.86664
-3.34712
-2.52415
1.06433
3.753
4.62008
0.427381
-5.67264
-5.85999
-2.72269
-1.07471
0.0986577
-3.2751
-4.51836
-3.61299
-1.74704
-2.57686
-6.18833
-10.7024
-12.1548
-16.011
-14.0669
-10.431
-8.2753
-7.8558
-7.44107
-7.40071
-7.90966
-8.94831
-8.44029
-7.74971
-7.75577
-7.90551
-6.3952
-5.1708
-6.33196
-9.47954
-10.6795
-5.97946
-0.407065
1.8723
0.241055
-4.37284
-8.01082
-8.67026
-9.80369
-10.7906
-10.0533
-9.4485
-10.7091
-12.9705
-12.6729
-8.80208
-5.12481
-3.5892
-4.63604
-7.91131
-11.687
-13.399
-13.2573
-13.6109
-13.199
-11.7296
-11.1677
-11.5816
-10.7332
-8.82576
-8.17263
-9.71744
-12.5893
-14.7177
-15.3406
-15.0516
-13.19
-11.4827
-12.1585
-15.4616
-18.7446
-17.9093
-15.7759
-15.4265
-17.0711
-18.2993
-17.4211
-16.0754
-14.6844
-13.613
-14.0397
-16.4558
-19.3222
-19.9416
-18.1574
-15.0413
-11.2767
-8.79415
-8.95862
-11.2421
-13.3287
-14.1094
-15.7654
-16.6081
-14.0383
-5.84754
-4.67146
-1.96208
-5.34479
-7.87007
-7.10133
-9.17779
-5.56707
1.06331
-2.96651
-0.318517
-1.00306
-1.2367
2.30921
-2.72458
-1.52781
-0.0573709
0.163415
-1.06404
-0.0730901
1.73443
3.62568
1.04181
-1.02144
0.118693
3.66383
5.43869
6.35455
4.12555
0.96791
-2.73337
-1.82721
-4.39759
-9.53175
-13.5029
-10.8703
-9.71878
-8.8009
-8.90732
-10.369
-13.6261
-16.052
-14.8134
-12.5613
-10.7688
-12.8999
-12.5443
-13.3631
-15.2297
-17.4013
-18.2305
-17.9179
-15.1927
-8.84664
-0.381347
5.34694
6.98047
4.45011
-1.89223
-8.45447
-10.214
-9.80754
-9.55033
-10.5416
-13.2313
-15.9216
-15.5906
-13.529
-12.3383
-12.5607
-13.3463
-14.1829
-15.0567
-14.8318
-13.0182
-9.79057
-7.05041
-6.81656
-9.38721
-12.9809
-13.9466
-13.7081
-13.4317
-11.9005
-10.2489
-10.5868
-13.9562
-19.8191
-23.3272
-20.1809
-17.2613
-16.997
-18.1018
-18.8169
-19.684
-21.6412
-22.8357
-22.147
-21.4154
-21.3085
-21.4471
-20.4536
-18.2669
-16.6134
-16.1293
-15.5006
-13.0491
-9.89457
-8.56885
-10.1261
-13.6533
-15.0316
-13.0841
-11.3525
-11.4015
-12.8012
-14.6284
-15.378
-10.3965
-12.855
-7.51506
-11.1465
-9.63678
-7.77119
-11.1774
-9.71877
-2.65682
-7.6396
-2.06383
-0.340435
0.217428
3.74478
-0.409404
1.62719
3.59792
3.74325
5.1742
8.22452
10.0426
12.3284
15.4474
18.265
19.7736
22.0042
25.0356
27.0734
27.1414
25.99
24.5395
22.995
20.8254
18.2292
15.177
12.0567
8.66381
4.75517
1.02006
-2.10531
-5.98414
-11.3475
-16.673
-17.195
-14.2571
-5.95367
-6.1914
-9.36124
-14.2071
-17.2507
-18.3646
-19.9065
-20.5154
-17.4654
-10.5398
-5.5281
-4.24625
-6.76744
-12.4392
-18.4221
-20.825
-21.6263
-21.923
-21.9906
-19.3741
-13.7869
-8.46474
-5.82766
-5.91932
-7.41966
-9.04397
-11.2739
-13.6466
-13.9098
-13.5789
-13.9255
-13.9723
-14.136
-15.1929
-16.3276
-16.7523
-17.0295
-17.1311
-16.3439
-15.0827
-14.4399
-15.3416
-17.4322
-18.9632
-18.4134
-15.8109
-12.801
-11.5047
-12.7881
-15.9502
-18.655
-19.7119
-20.6701
-21.7632
-21.6652
-20.6485
-20.0389
-19.2053
-16.3309
-11.9771
-8.86087
-7.57642
-7.55576
-8.44112
-10.4672
-12.7308
-12.5026
-9.7414
-8.17104
-9.30909
-12.2453
-13.6002
-11.47
-7.14468
-8.28471
-6.02711
-10.6448
-11.1724
-10.7851
-15.1574
-10.8287
-2.0215
-5.9517
-1.13403
-0.439942
-1.06128
1.41829
-6.51753
-8.55263
-7.54626
-6.34129
-5.28962
-2.23204
-0.593499
3.22916
5.91708
9.82323
13.4449
17.0859
20.1047
22.3429
22.8773
22.5262
21.7604
20.8179
19.3176
16.6232
13.0397
9.40763
5.95245
2.92557
0.380992
-2.68684
-6.27366
-10.1121
-13.4284
-14.7689
-14.5875
-7.90938
-7.12515
-8.93219
-13.1659
-17.0535
-17.9259
-18.6312
-19.666
-19.3484
-16.846
-15.4162
-16.083
-18.0538
-18.9115
-17.269
-14.8757
-13.4094
-13.8434
-16.6744
-20.7165
-22.3302
-21.1819
-18.9908
-15.1684
-12.0655
-11.3197
-12.8876
-14.9441
-14.7246
-12.2655
-9.63009
-8.60605
-9.41831
-11.1369
-12.7866
-14.7184
-16.8459
-17.2326
-14.596
-10.7595
-8.85888
-9.78558
-12.7284
-15.369
-15.7596
-14.4022
-12.2789
-11.046
-11.319
-12.4143
-12.4547
-11.0994
-10.4645
-11.7896
-14.04
-14.4595
-13.9261
-14.8499
-16.5356
-16.8476
-16.3428
-16.606
-16.6008
-15.9604
-15.3868
-13.9921
-11.5458
-9.90031
-10.4932
-12.764
-13.7862
-12.1357
-8.955
-4.26548
-4.90041
-3.7932
-9.14775
-11.0068
-12.1914
-14.6495
-8.49651
-0.31277
-6.00531
-3.55811
-4.86422
-5.28487
-0.439544
-11.3011
-12.5632
-9.49799
-6.29755
-5.83958
-6.9818
-11.6275
-7.87173
-9.81923
-7.50972
-5.55253
-3.997
-10.0322
-10.0254
-11.7601
-6.51262
-3.12562
-1.08802
-2.35107
-7.5969
-15.1739
-15.1366
-14.972
-14.4236
-14.4132
-13.6509
-11.1896
-9.84684
-10.5651
-12.0364
-12.3775
-10.2445
-15.6298
-16.5341
-18.1717
-18.9251
-17.3255
-15.5698
-14.7894
-14.0394
-12.0563
-10.5516
-11.0893
-13.6772
-16.9915
-19.0613
-19.1765
-18.0199
-16.7939
-17.4045
-19.7152
-21.9602
-21.5596
-18.1813
-13.1774
-9.45189
-8.34332
-9.7065
-12.1188
-14.0179
-15.456
-16.0776
-15.2162
-14.7275
-16.36
-19.5813
-22.233
-22.4044
-20.0143
-16.643
-14.3018
-13.2894
-11.6282
-9.28627
-8.63695
-10.4151
-12.7923
-13.0582
-12.4762
-12.8191
-14.0779
-14.7167
-14.3403
-14.7816
-16.7847
-18.7425
-17.8766
-14.7982
-12.1351
-11.6108
-13.4855
-16.9191
-20.1448
-21.1809
-20.4454
-19.4099
-17.1897
-14.8731
-13.569
-13.023
-12.8367
-12.8849
-13.3272
-12.0371
-7.28197
-6.5275
-3.41873
-5.81659
-7.24992
-8.9189
-12.9573
-8.74284
-1.12854
-7.10442
-5.02452
-6.62537
-6.87148
-1.16287
-14.4757
-17.7299
-16.9103
-13.7769
-12.724
-10.562
-10.8036
-7.19932
-9.18922
-9.12211
-8.20137
-6.01213
-12.7696
-10.7338
-16.4503
-14.8999
-14.4322
-9.87697
-8.56104
-10.5076
-13.9234
-12.0596
-12.4548
-12.2256
-13.4295
-16.1378
-17.4627
-16.8141
-15.7431
-15.0729
-15.229
-8.71493
-12.8626
-13.8546
-14.53
-15.9219
-15.7556
-13.3109
-11.8558
-11.4098
-9.82728
-7.97923
-8.29593
-11.0184
-13.6554
-13.5634
-12.553
-12.3546
-12.2131
-11.9106
-12.1317
-13.3953
-15.3117
-15.8087
-13.804
-11.4203
-10.6437
-11.6302
-12.8955
-13.1811
-13.2877
-13.9071
-14.7157
-14.9913
-14.7031
-13.8868
-12.5246
-10.9662
-10.2312
-10.748
-12.5385
-15.5575
-18.1651
-17.5445
-14.2241
-10.8677
-9.40477
-10.6699
-14.5384
-19.4
-22.6243
-24.841
-26.6115
-27.6517
-26.9618
-23.2362
-18.2436
-14.6927
-13.404
-14.5048
-17.6611
-21.4418
-22.9118
-22.2545
-21.0256
-18.1905
-14.6007
-12.6033
-12.0766
-10.3618
-8.04595
-7.50596
-8.30399
-8.46855
-5.3028
-6.13392
-3.35162
-6.33091
-8.38838
-9.02804
-12.8093
-9.74649
-2.45052
-8.6315
-5.23844
-5.25129
-5.19727
-0.626864
-10.3354
-11.3567
-9.74676
-8.98674
-9.77455
-8.4196
-10.1206
-7.41899
-11.839
-12.406
-9.86039
-6.36478
-10.4052
-8.35686
-12.8199
-13.2141
-13.6228
-9.81357
-9.98697
-13.059
-16.652
-14.605
-17.1641
-18.5848
-18.7009
-18.0877
-16.6315
-15.6747
-16.105
-15.5932
-13.1892
-8.25356
-10.9012
-15.1155
-15.4271
-13.0104
-11.9725
-12.507
-12.8047
-11.4327
-9.58288
-9.00338
-10.3939
-12.6228
-13.0385
-12.8216
-13.8911
-14.609
-12.7927
-11.394
-11.9497
-13.5699
-13.6404
-12.6326
-12.5879
-13.2329
-13.1299
-12.9806
-14.2509
-16.5379
-18.2916
-16.6772
-13.3541
-11.5597
-12.3067
-14.8512
-16.6108
-16.0461
-15.0439
-13.9447
-12.6071
-12.2654
-13.4037
-14.5103
-13.9312
-13.126
-13.859
-16.0335
-17.1179
-16.2473
-16.0249
-17.2765
-18.9468
-20.3573
-21.66
-22.9798
-24.0867
-21.1979
-16.4412
-14.188
-14.5547
-15.2086
-14.5033
-14.5542
-15.9726
-17.2215
-16.5472
-15.2939
-14.5454
-13.5628
-12.9636
-12.8078
-13.4281
-13.7662
-9.5182
-10.2451
-6.81028
-9.66884
-10.985
-9.81718
-12.9615
-9.47786
-2.39815
-9.18858
-5.16235
-7.4367
-7.90444
-1.2809
-10.4094
-9.64174
-6.41728
-4.8756
-5.94923
-7.60665
-11.399
-8.96912
-14.3002
-13.9147
-9.41043
-4.85974
-7.75522
-7.41871
-12.2315
-10.5064
-8.4058
-6.20021
-6.98803
-10.9914
-16.0785
-14.1854
-14.4856
-14.7366
-15.2625
-14.7515
-12.9129
-11.6278
-12.5316
-14.0376
-14.0147
-13.0841
-14.5361
-15.0757
-13.305
-11.3576
-11.0138
-12.3466
-12.8776
-10.5021
-7.30089
-5.70629
-6.5004
-9.64084
-13.4567
-15.0522
-15.1918
-15.6524
-16.5762
-18.7377
-21.8076
-21.4676
-18.2707
-15.7223
-14.3673
-13.9038
-13.6235
-13.1975
-13.7914
-16.281
-19.2571
-17.7882
-13.8931
-11.807
-12.472
-15.3598
-18.48
-19.6346
-19.3284
-18.0956
-16.8533
-17.0068
-17.734
-16.5546
-13.8407
-12.2132
-12.5754
-14.7481
-17.4454
-18.2118
-17.3907
-17.1078
-17.9522
-18.377
-17.3958
-16.2448
-15.5753
-15.2206
-15.349
-15.9233
-15.3754
-14.0804
-13.9449
-15.3537
-17.04
-17.6054
-17.8034
-18.217
-17.3443
-15.4495
-14.8029
-15.7307
-16.8248
-16.3257
-9.69423
-11.5303
-8.35737
-13.5748
-13.5916
-11.5681
-15.6315
-12.1335
-3.41253
-12.2542
-8.04888
-10.1442
-9.07293
-1.40999
-9.75478
-10.5763
-11.0695
-11.3387
-12.9723
-12.0547
-13.2175
-9.06974
-11.5545
-11.1754
-8.69651
-5.2457
-7.37409
-5.98677
-9.03117
-9.35789
-10.7726
-9.38248
-9.40408
-10.7085
-12.2298
-10.9237
-12.2673
-13.8362
-15.8006
-16.2774
-15.7185
-14.1336
-13.0323
-12.8261
-13.6821
-14.311
-17.6717
-19.5
-19.2212
-17.2291
-15.7795
-15.9295
-15.7898
-14.2499
-10.5975
-8.04099
-8.14267
-11.3419
-16.5909
-20.1324
-19.9877
-18.5101
-16.792
-16.356
-16.6516
-16.6328
-15.9699
-14.6826
-12.8114
-11.8135
-12.805
-14.9957
-16.6013
-17.9047
-20.125
-21.8769
-21.6174
-20.9353
-20.4283
-19.6993
-19.0915
-19.3345
-20.3007
-19.8615
-17.7206
-16.1093
-15.4917
-14.6404
-13.1224
-12.2218
-12.6552
-13.6427
-14.1267
-14.1958
-14.8852
-16.5777
-18.8046
-20.0336
-19.2394
-18.2273
-18.3007
-18.903
-18.6866
-17.679
-16.235
-15.123
-15.2258
-16.5127
-18.3682
-19.8488
-19.4065
-17.1432
-15.5055
-15.405
-16.2354
-16.8818
-16.8641
-16.3228
-10.8703
-13.4635
-9.35168
-15.6087
-15.9745
-14.502
-19.7635
-13.1385
-3.81873
-12.2147
-8.71331
-11.4126
-10.4764
-2.36497
-12.6182
-13.7064
-14.2922
-12.718
-12.9987
-10.606
-11.8729
-8.56625
-12.2339
-12.3438
-10.1701
-7.58856
-12.1136
-9.47234
-12.2363
-9.89026
-8.63601
-6.36442
-7.10073
-10.0165
-15.6468
-16.1952
-18.0762
-17.8289
-15.4751
-13.2875
-12.8998
-14.3124
-16.5035
-18.3062
-19.5754
-17.0047
-15.1338
-14.2692
-14.264
-14.0836
-13.9365
-15.0284
-16.5601
-14.413
-6.4817
-0.88784
0.623361
-1.84061
-7.89286
-15.0766
-17.9463
-16.6792
-15.1766
-14.9019
-14.5697
-13.3251
-12.143
-11.7644
-12.5954
-14.5783
-16.0565
-15.1493
-13.2542
-12.2636
-12.5775
-13.5296
-14.4964
-15.8175
-17.9684
-19.1136
-16.7538
-13.6697
-12.4594
-13.0528
-13.4245
-12.3257
-11.9482
-14.0114
-18.19
-20.8358
-20.25
-19.6796
-19.0577
-17.5737
-16.3872
-16.9287
-19.411
-23.077
-24.7143
-22.2016
-19.5953
-18.7059
-19.2734
-19.8059
-18.5808
-16.3424
-13.9267
-12.3144
-11.8497
-11.8252
-11.4114
-10.7468
-10.7296
-11.5231
-13.0642
-14.1115
-13.9378
-12.938
-8.3001
-8.01553
-5.20413
-9.41691
-11.7074
-10.8793
-13.8829
-11.1168
-4.04874
-13.0128
-9.16704
-11.1646
-10.8735
-2.97816
-18.3302
-20.1895
-18.2192
-15.4007
-15.8397
-13.7933
-15.2119
-10.6072
-15.6274
-15.0305
-11.4318
-8.25592
-13.8195
-11.6105
-17.4677
-14.0158
-11.2495
-7.59886
-8.535
-11.3188
-14.6173
-12.4466
-11.8082
-10.9199
-10.6935
-11.6069
-14.2957
-17.4987
-18.8882
-18.6909
-18.7623
-17.7032
-15.8322
-15.0624
-14.9036
-14.3435
-13.3509
-13.3908
-14.6222
-14.7193
-11.6468
-8.55323
-7.67478
-9.4151
-13.2064
-17.4734
-20.0554
-20.2046
-18.4034
-16.5162
-15.4743
-15.3963
-16.0152
-16.792
-17.2239
-16.8141
-16.3984
-16.423
-15.3961
-13.6128
-13.3524
-15.4343
-18.1202
-17.8716
-15.5004
-13.5464
-12.6025
-12.8058
-14.4072
-17.1858
-18.5864
-16.2606
-14.0828
-14.57
-17.6054
-20.829
-21.498
-20.9217
-20.5808
-19.2039
-15.6704
-12.7497
-12.0958
-13.4214
-15.2654
-16.5587
-17.8793
-19.5841
-20.6663
-20.2003
-18.9031
-17.8003
-17.2089
-16.8815
-15.7218
-13.5417
-12.4311
-13.242
-14.5133
-14.6293
-15.6744
-18.0834
-19.2513
-16.5084
-9.19967
-8.55104
-5.53991
-8.61251
-10.0702
-8.09955
-8.30001
-6.48422
-2.39497
-13.2226
-10.1786
-11.9503
-10.8667
-2.56849
-13.303
-14.5655
-14.5827
-14.5656
-16.6854
-15.4025
-18.768
-13.0497
-20.4332
-18.4471
-12.6825
-7.58325
-11.792
-10.4639
-15.379
-12.9528
-9.86503
-6.56552
-7.42642
-11.9253
-19.6447
-20.4832
-25.0407
-23.6086
-20.374
-17.3524
-15.2634
-14.5913
-15.2589
-16.4407
-17.8561
-2.42924
-7.75604
-12.3968
-13.283
-11.0058
-9.30231
-9.90912
-12.1882
-13.8402
-13.5133
-13.1503
-13.619
-14.8209
-16.5616
-17.1416
-14.1159
-10.4982
-9.27097
-11.1171
-15.2466
-19.1879
-20.1436
-19.543
-18.722
-17.3136
-15.2367
-13.0271
-10.7543
-9.37817
-10.2305
-13.5079
-16.7804
-16.6693
-15.4612
-14.8389
-14.2199
-13.9731
-14.5267
-15.0392
-15.438
-17.0833
-19.7911
-21.1469
-20.7111
-19.8918
-19.0918
-19.3591
-20.2054
-18.4947
-14.4889
-11.5698
-10.6563
-11.1052
-11.891
-13.1283
-15.9115
-19.8736
-21.5105
-20.1506
-19.3415
-18.8151
-17.9964
-18.0153
-19.0733
-18.9869
-17.0493
-15.3193
-13.9669
-13.326
-14.9316
-17.0138
-16.791
-15.6197
-10.9668
-11.696
-7.15526
-10.0053
-11.2307
-10.4429
-13.8016
-11.1429
-3.87877
-14.694
-10.7167
-12.7047
-12.1033
-3.28847
-15.2434
-13.2211
-11.4501
-10.5053
-12.2596
-11.3636
-12.7534
-10.1485
-16.4667
-16.8827
-11.9155
-8.16042
-13.5682
-11.627
-18.8268
-17.5951
-16.405
-10.5555
-8.55445
-9.30526
-12.7704
-14.3664
-17.5586
-17.0684
-15.6429
-15.5151
-15.9708
-15.5586
-15.8173
-16.3949
-13.9655
-5.23448
-9.87099
-14.0098
-15.6445
-15.7906
-14.5301
-12.8488
-11.5366
-10.8488
-9.51428
-8.1136
-7.74646
-8.66039
-9.74232
-9.55373
-8.93632
-9.43849
-10.8317
-13.247
-16.6368
-19.0415
-18.3492
-16.7825
-14.5916
-12.1831
-10.2417
-8.87555
-8.36368
-9.24064
-11.6939
-14.2185
-15.4241
-16.0425
-16.9775
-17.5943
-16.525
-14.0975
-12.3277
-11.5477
-11.4401
-11.4913
-12.0898
-13.7863
-16.661
-20.0757
-22.2088
-22.7061
-22.5003
-21.2974
-18.8875
-16.8302
-15.9633
-15.2038
-13.7989
-13.1331
-14.5935
-18.2582
-21.6966
-21.7835
-20.5768
-18.3933
-15.5751
-14.1093
-14.9031
-16.8334
-17.2949
-15.3809
-11.8185
-9.10754
-9.43495
-12.4205
-16.0422
-17.3595
-11.2485
-12.1142
-6.45035
-7.90045
-7.62155
-7.34689
-11.4325
-11.8161
-4.7109
-13.2396
-8.9698
-11.461
-11.6942
-3.26047
-15.8692
-14.7796
-13.0437
-11.2605
-12.0978
-10.9258
-11.9268
-9.83229
-14.2554
-13.4545
-9.48201
-6.49909
-11.6639
-12.0037
-18.4856
-15.4599
-12.164
-7.03437
-6.56592
-9.05376
-14.4696
-14.7565
-14.9756
-13.9842
-14.456
-16.1538
-17.9059
-16.9988
-15.5793
-15.1163
-15.0582
-9.3553
-10.578
-10.3623
-10.3849
-12.2477
-14.5426
-15.5224
-15.4145
-17.1622
-15.5695
-12.2329
-10.2754
-9.63659
-9.06958
-8.93641
-10.0247
-12.0733
-12.3296
-12.4261
-14.2024
-16.4766
-15.8601
-12.8373
-10.4548
-9.57514
-9.90602
-10.8807
-12.2207
-14.0091
-15.9277
-16.7462
-15.6664
-14.1352
-13.1211
-12.8504
-13.5015
-15.1767
-16.5838
-15.5663
-13.2502
-11.3295
-10.8726
-12.5443
-16.0491
-17.9734
-15.4176
-13.4338
-13.8399
-15.3361
-15.9625
-15.2193
-14.2643
-14.056
-14.827
-15.4986
-15.0718
-14.3508
-14.1072
-14.7599
-16.4785
-18.7517
-19.3318
-17.3064
-15.3839
-14.8134
-14.5367
-13.9383
-12.3847
-10.3604
-9.45684
-9.78616
-10.8138
-11.7632
-9.74486
-12.0323
-8.25039
-10.5079
-9.42744
-8.18515
-11.7828
-10.1909
-3.14306
-10.367
-7.54773
-9.64059
-9.46968
-3.24859
-15.9739
-16.5417
-14.3161
-10.6959
-9.35182
-6.97571
-7.79639
-6.28969
-9.34549
-10.4888
-10.1187
-7.74166
-13.1925
-11.5219
-16.7019
-12.7123
-9.64603
-6.7294
-7.84163
-11.8726
-16.1339
-13.4358
-12.6457
-12.2483
-12.621
-12.7315
-12.9274
-12.2576
-10.6465
-9.58799
-10.1573
-4.49963
-8.90364
-10.7017
-9.95741
-10.7235
-13.2855
-15.5411
-14.6007
-15.7143
-13.6725
-10.7924
-8.9344
-8.69826
-9.41069
-10.5382
-10.513
-10.995
-9.01317
-8.90466
-11.4473
-14.9018
-15.3155
-12.7589
-10.8695
-10.7063
-12.5363
-15.3131
-16.135
-14.868
-13.2657
-11.5526
-10.4611
-10.3563
-10.6331
-10.4311
-10.6616
-11.805
-12.8417
-12.6665
-12.2734
-13.0973
-15.367
-17.3291
-15.7608
-13.0552
-12.5788
-14.8501
-18.2453
-19.5299
-18.8673
-17.9687
-17.6448
-18.1153
-18.5266
-17.27
-14.2936
-11.8874
-11.4702
-13.4675
-16.7562
-17.7433
-14.9006
-11.59
-9.28027
-8.23588
-8.07782
-8.4764
-9.20274
-10.039
-10.8882
-10.9813
-10.2189
-9.67773
-8.03506
-11.0397
-8.44287
-11.9638
-11.207
-10.0808
-12.8753
-8.83484
-2.37688
-8.22219
-6.69066
-7.94303
-6.4056
-0.163713
-4.50731
-2.15315
-0.388402
0.367109
0.292341
-0.419775
-2.67138
-4.31673
-8.04904
-7.85149
-6.14478
-4.19297
-8.45748
-8.98887
-14.5162
-12.056
-8.52647
-4.70115
-4.74285
-7.37899
-10.3425
-9.66066
-10.4746
-11.3635
-13.2486
-15.9485
-18.8984
-17.5211
-11.5737
-6.75571
-4.86871
-9.43017
-11.4087
-13.5941
-14.577
-14.4878
-14.8531
-15.629
-9.40602
8.7346
24.0174
32.3321
35.2981
33.8354
28.6301
22.1965
18.4296
15.633
13.5392
11.1512
7.95851
5.03366
2.75293
0.683945
-0.844933
-1.93611
-4.28706
-7.30935
-8.76994
-9.01091
-10.101
-10.7706
-10.9144
-10.6558
-10.7642
-11.8937
-14.0565
-16.1393
-17.0582
-15.9454
-13.634
-12.565
-13.6513
-14.9948
-14.489
-13.7467
-13.7705
-13.8997
-13.6573
-13.4329
-13.3223
-13.0567
-12.5434
-12.703
-14.2066
-15.5581
-14.2672
-12.1522
-11.8691
-13.8585
-16.3097
-16.4733
-15.8595
-15.6468
-14.1453
-10.7356
-8.0241
-7.42404
-8.76407
-10.9735
-13.1551
-13.923
-13.5445
-12.9896
-9.12872
-10.078
-6.79379
-9.34547
-8.26838
-7.62711
-10.8454
-10.1404
-2.80642
-6.17282
-1.97695
-1.66007
-1.2923
1.739
-3.48538
-3.7235
-3.79474
-3.22779
-3.45887
-3.49558
-4.48921
-3.44998
-3.74886
-2.18456
-0.357458
0.555073
-3.00921
-5.34946
-11.0199
-9.91015
-8.68954
-6.59962
-7.62777
-9.76447
-12.6511
-12.1605
-12.7043
-12.9386
-14.2875
-16.3112
-17.4626
-15.6568
-12.0753
-8.31071
-6.62385
0.584097
-3.76364
-8.1894
-11.1178
-11.5096
-10.7131
-9.62114
-3.98629
21.136
37.4249
46.3068
49.6139
48.2658
42.6189
34.6087
29.6592
26.8513
24.4349
21.8833
18.2147
13.2902
11.583
18.2078
25.1125
28.2489
27.7163
24.3044
19.7946
15.7536
11.5817
7.33951
3.75926
0.808917
-0.848965
-2.09935
-4.28778
-7.28636
-10.6409
-14.1305
-16.9806
-16.817
-14.5153
-12.7771
-12.6348
-13.7213
-14.2926
-13.3677
-11.8047
-10.8324
-10.7863
-11.2819
-11.8256
-12.7977
-14.716
-16.8469
-17.3241
-16.5496
-16.7525
-17.9492
-17.096
-14.6161
-13.5854
-13.5413
-13.0405
-12.4819
-12.3255
-12.4037
-12.4265
-12.0794
-11.6099
-11.4093
-12.4895
-14.7596
-10.8166
-10.3156
-5.39827
-7.80263
-8.49103
-9.23064
-14.3289
-12.3415
-3.43063
-5.60604
0.0934506
1.0567
1.94727
6.31732
10.2414
15.8063
18.8093
19.8501
19.8282
19.172
17.2274
13.8755
8.97496
3.86561
0.73361
0.871454
-1.0709
-2.18394
-5.81201
-6.08966
-6.63868
-6.41782
-8.20387
-9.39266
-10.2922
-8.85363
-9.49433
-9.82765
-9.62064
-10.0542
-11.4944
-11.4511
-9.36552
-7.62053
-7.55889
4.476
-0.101964
-5.39687
-9.26217
-11.2748
-12.8549
-13.4012
-9.90525
11.9243
28.5707
37.8662
41.5658
40.9768
37.1367
32.1999
28.1965
23.8592
20.5986
17.7936
14.1149
10.0225
8.66666
13.4937
19.4059
22.202
21.4477
17.6252
12.3767
7.98423
4.53381
1.5502
-1.16266
-3.7685
-6.53288
-9.52469
-11.1314
-10.3831
-9.69068
-10.0408
-10.5179
-10.6244
-11.2741
-13.2079
-15.4921
-15.8725
-14.4388
-13.4702
-13.01
-12.0179
-11.479
-12.8003
-15.678
-18.6188
-20.4497
-20.6565
-19.8072
-19.5069
-20.1432
-19.8402
-16.7315
-13.7271
-12.9448
-13.7563
-14.048
-12.9817
-11.3893
-10.0785
-9.55325
-10.1237
-11.5546
-12.5432
-12.5972
-12.0902
-8.25811
-8.19265
-5.34645
-9.85307
-11.4903
-9.67156
-10.2631
-7.48474
-2.70378
-10.334
-6.15943
-5.91037
-2.68759
4.39597
7.22776
12.18
15.003
16.3483
17.3689
18.1738
17.3669
14.4974
9.07344
3.02849
-1.31106
-2.82505
-6.37993
-6.84535
-11.7281
-11.7472
-12.4353
-10.576
-11.4241
-12.2767
-14.1152
-13.3716
-14.9568
-14.8998
-13.9555
-13.6044
-14.8732
-16.1992
-16.1677
-14.3294
-12.1879
-13.607
-13.7151
-14.8457
-15.8733
-16.7433
-17.0662
-17.0221
-15.978
5.4733
22.6371
32.52
36.7176
36.5918
33.3001
29.1452
26.1999
22.8059
18.8491
14.1136
9.35177
7.26559
8.03463
12.7836
18.29
20.5559
18.8275
13.5295
7.87215
5.56263
3.37128
0.369928
-3.07045
-7.29822
-12.9474
-16.865
-17.1438
-16.2619
-15.7726
-15.4383
-14.4343
-13.1748
-12.6303
-13.4336
-15.1483
-16.8998
-18.3464
-19.9942
-22.6129
-25.1361
-26.04
-25.1268
-23.9538
-23.8862
-24.497
-24.4729
-23.1881
-21.6621
-20.9345
-20.8333
-20.4823
-20.1216
-20.9053
-22.1762
-20.4596
-15.4219
-11.447
-10.2818
-11.3952
-13.2631
-14.5907
-15.2403
-14.8129
-13.263
-7.95201
-7.63484
-5.49066
-9.85329
-11.0242
-8.10282
-7.62898
-5.51938
-1.95969
-9.55522
-8.39678
-10.1437
-8.81026
-1.71821
-9.13549
-8.36941
-7.73973
-8.36485
-9.19038
-8.33204
-9.95945
-8.91206
-15.0532
-15.828
-12.0742
-8.82389
-12.9709
-10.4585
-14.7103
-14.4679
-15.7104
-12.54
-12.215
-14.3081
-17.0758
-15.0215
-15.2398
-14.6983
-14.7283
-14.2676
-13.1357
-11.868
-11.6815
-12.502
-13.371
-24.1462
-24.1934
-23.6484
-22.7875
-22.3884
-22.7921
-23.436
-22.4857
-11.0606
2.49691
10.6881
13.9497
13.437
11.1058
9.44667
7.71796
3.85924
-1.45931
-5.39252
-8.25852
-10.904
-6.57598
4.05459
11.3078
14.0142
12.8076
8.67499
3.72572
-0.626142
-5.18848
-7.31784
-8.51113
-12.2147
-18.1761
-22.3439
-23.7023
-24.5467
-24.8449
-24.4668
-23.5081
-22.1691
-21.4153
-21.3881
-21.1681
-19.8796
-18.5516
-18.629
-20.4596
-22.7075
-23.2369
-23.2417
-23.9239
-23.9751
-22.2936
-21.1064
-22.0803
-24.7975
-27.0395
-26.4864
-24.122
-21.95
-20.9826
-21.8284
-23.1364
-22.8565
-21.3956
-21.1226
-22.2567
-22.4887
-21.564
-20.2717
-18.9568
-16.7169
-8.64495
-7.66131
-4.80622
-7.51735
-8.89166
-8.65343
-12.5333
-12.0294
-5.55046
-17.0988
-12.1037
-14.1284
-12.3561
-4.07741
-19.6826
-22.9563
-20.7946
-19.3549
-20.4401
-17.9569
-19.5899
-13.4878
-20.7201
-21.1237
-15.4174
-10.7281
-17.5271
-13.9235
-21.3786
-19.1304
-19.0541
-13.5085
-13.305
-15.9267
-20.2287
-18.3725
-19.5001
-18.9052
-17.0872
-15.051
-14.7168
-16.2933
-19.002
-19.9036
-18.9514
-31.2773
-29.5629
-29.0111
-28.3693
-28.9942
-30.4147
-31.1183
-28.8276
-20.5402
-7.98451
0.860845
4.94082
4.82394
1.04323
-5.11552
-11.1593
-17.5129
-24.714
-27.9627
-26.3497
-24.4458
-23.2343
-19.3713
-14.7688
-12.7846
-14.2673
-18.9485
-24.5749
-26.9846
-29.9068
-30.9838
-29.9787
-28.9344
-28.2323
-27.1344
-26.246
-26.1345
-26.1142
-26.3911
-27.9137
-29.5037
-27.7091
-24.3435
-21.977
-21.2118
-22.2103
-24.7798
-27.3558
-26.8164
-24.7293
-24.3605
-25.6289
-26.1118
-25.2998
-25.5374
-27.4509
-29.6067
-29.6114
-27.5341
-25.9205
-26.2292
-28.7784
-31.856
-31.8183
-28.9873
-26.3818
-25.7012
-26.1314
-26.6665
-30.1254
-31.2317
-28.0099
-22.1708
-11.2539
-10.8309
-6.70861
-10.2553
-11.8163
-11.7055
-16.4453
-13.2199
-5.50375
-19.2593
-12.0987
-13.9259
-12.6134
-4.13908
-25.2908
-28.3511
-22.1904
-19.3488
-19.9653
-18.2222
-21.5509
-14.9383
-26.2099
-26.7768
-17.1587
-11.0582
-18.7541
-14.7886
-24.2969
-21.2092
-21.5214
-14.7391
-14.813
-18.5488
-26.444
-22.2151
-25.3474
-26.8895
-27.457
-25.8502
-26.3853
-27.1933
-28.1015
-28.2214
-27.6596
-40.4938
-35.805
-38.4741
-40.7428
-44.376
-46.5327
-44.0461
-39.9549
-31.0664
-18.2862
-9.24455
-5.01183
-4.96754
-8.52138
-14.4763
-20.7482
-27.2735
-34.3796
-38.3317
-39.4789
-38.5966
-36.5175
-30.9112
-27.1552
-26.5156
-28.999
-34.0206
-39.2213
-38.7827
-38.7516
-37.6995
-37.8696
-37.8087
-35.8073
-34.0936
-34.5784
-36.2624
-36.5174
-36.0322
-36.8774
-38
-36.6843
-34.5147
-34.0193
-35.5498
-38.1953
-40.4217
-41.9018
-42.7794
-43.27
-43.4134
-42.0961
-40.321
-39.3896
-39.5596
-40.3856
-41.8818
-44.2849
-45.6193
-43.4052
-40.3064
-39.4986
-39.9983
-38.8456
-36.2481
-33.6167
-33.1786
-33.2919
-32.8776
-37.9084
-42.1609
-36.8709
-31.174
-16.1697
-18.9283
-11.7976
-18.2194
-20.2702
-18.7598
-31.639
-18.6183
-6.61057
-23.8679
-14.6116
-17.0942
-14.8067
-4.7277
-28.6
-31.8568
-23.9842
-20.8685
-22.2196
-19.8323
-24.8461
-16.8709
-39.7775
-37.7544
-19.476
-12.4284
-21.67
-17.2263
-40.1487
-30.295
-29.5971
-16.6635
-16.6403
-21.3191
-41.6061
-30.3005
-39.5914
-40.34
-40.2184
-37.8072
-42.622
-41.8322
-41.2099
-42.0579
-43.6953
-60.0768
-42.9806
-52.201
-56.3967
-58.0877
-59.7236
-60.7432
-60.9103
-58.148
-51.7828
-45.766
-43.0865
-43.844
-46.7554
-50.6012
-52.19
-54.2087
-54.1382
-53.6433
-52.5746
-50.4122
-54.4124
-51.7912
-47.2828
-45.0883
-46.0949
-50.4137
-56.3262
-53.7116
-59.5779
-58.0372
-56.3763
-55.2029
-55.5385
-56.9888
-58.4895
-57.6977
-55.9681
-55.0683
-53.9976
-52.963
-53.4305
-55.3428
-57.0441
-58.7659
-60.7084
-60.5541
-58.9727
-58.6913
-59.5667
-60.2934
-59.6057
-58.976
-58.3466
-58.6257
-58.7154
-58.5726
-58.9195
-59.2376
-56.7055
-53.3649
-54.345
-58.3975
-59.183
-59.8953
-53.5008
-57.4562
-48.8211
-40.8371
-47.6157
-53.4623
-41.3432
-32.8604
-16.9588
-21.31
-13.1172
-21.379
-23.9682
-21.2053
-53.6792
-20.5401
-7.01741
-26.3485
-15.3008
-18.073
-15.5255
-5.09103
-32.8207
-37.1293
-25.8317
-22.0314
-23.2158
-20.5579
-26.1348
-17.5026
-52.9279
-46.7923
-20.2936
-12.7483
-23.3172
-17.978
-54.7436
-32.9601
-31.7798
-17.1355
-16.8818
-21.9126
-60.2765
-33.0913
-53.4616
-59.0971
-54.1998
-43.5421
-57.0324
-60.9205
-61.5131
-56.1751
-53.9075
-71.7314
-43.9714
-58.1841
-69.4733
-73.2947
-74.1147
-72.1581
-71.9335
-71.3472
-74.3069
-74.1328
-71.5072
-72.9135
-68.4386
-68.5303
-65.7626
-69.5143
-72.791
-72.2397
-66.1685
-58.0135
-69.5039
-70.7436
-69.5392
-70.1783
-70.5965
-72.0542
-74.3461
-59.7772
-73.5609
-71.9976
-72.287
-72.2711
-74.5651
-75.0578
-76.1461
-74.3548
-73.7529
-73.4053
-74.1513
-75.4852
-75.3424
-73.9183
-71.4204
-71.902
-72.9994
-74.196
-75.0262
-76.4002
-78.5159
-79.2466
-75.4207
-75.7609
-73.2625
-72.1736
-70.9408
-69.6739
-69.2873
-70.7982
-67.6394
-61.7917
-63.4574
-73.155
-68.4859
-70.6721
-58.7516
-71.1949
-52.1356
-41.854
-50.5414
-62.5794
-42.5348
-33.118
-16.913
-21.3559
-13.0098
-21.5532
-24.2174
-21.152
-67.9195
-20.46
-6.77931
-26.4483
-15.1492
-18.0758
-15.5459
-4.9212
-33.9138
-38.6097
-26.1146
-21.9651
-23.3906
-20.5074
-26.2451
-17.4309
-73.7348
-52.3723
-20.2489
-12.5462
-23.2266
-17.7314
-59.5686
-33.0496
-31.6626
-16.9757
-16.6451
-21.773
-74.7355
-33.1686
-57.7077
-70.001
-58.666
-44.4199
-63.382
-72.7531
-69.3764
-59.5094
-57.5795
-82.9049
-43.9917
-58.7727
-71.1942
-76.965
-80.2212
-78.2908
-79.3025
-75.2827
-79.8058
-81.1315
-76.7892
-82.5184
-77.0872
-79.6697
-73.0593
-73.5616
-76.5523
-77.0762
-70.6826
-60.8514
-78.3535
-78.1667
-74.6154
-77.194
-80.0157
-80.6134
-79.6399
-61.0697
-77.6642
-77.0431
-78.5099
-77.4562
-79.6256
-80.0122
-81.8934
-79.5127
-79.237
-79.1239
-79.4732
-79.6073
-79.5886
-80.1051
-77.3487
-76.4077
-75.8154
-77.3937
-79.1659
-79.3943
-80.0949
-81.1571
-78.4687
-83.1555
-82.9653
-81.1281
-78.0643
-76.9358
-76.5954
-76.3255
-68.6354
-62.3061
-64.2041
-77.2251
-70.4616
-73.5331
-59.1292
-75.399
-52.5125
-41.8569
-50.436
-63.2668
-42.4597
-32.9592
-16.7019
-21.1249
-12.7821
-21.3003
-23.987
-20.9279
-74.4759
-20.2476
-6.54199
-26.2436
-14.8927
-17.8302
-15.3035
-4.66697
-33.8169
-38.3379
-25.957
-21.7334
-23.1607
-20.2317
-26.0318
-17.1828
-77.4991
-52.7849
-20.0211
-12.2887
-23.0738
-17.4698
-61.084
-32.9293
-31.464
-16.7252
-16.3884
-21.5072
-74.7299
-32.9897
-57.4707
-70.8069
-58.7309
-44.2927
-65.0963
-81.9763
-72.3516
-59.5198
-57.6359
