80
-27.0244
-25.6445
-25.1814
-28.6045
-31.2452
-31.669
-33.1744
-33.916
-30.954
-29.3545
-27.3653
-26.849
-29.6196
-32.676
-29.9174
-26.7727
-25.422
-24.6964
-24.7771
-25.8649
-26.2267
-24.7773
-23.4798
-23.6376
-26.1414
-25.6466
-20.6667
-17.3513
-18.2685
-23.6065
-29.3081
-24.9566
-20.2751
-19.1451
-21.7264
-27.4392
-35.1061
-43.5579
-47.131
-40.9381
-35.5218
-31.8505
-30.8459
-32.1965
-35.9682
-33.2933
-25.463
-20.2327
-18.2513
-17.7937
-18.4551
-19.6253
-22.5656
-28.4384
-34.6518
-30.9243
-28.0041
-30.1449
-36.2341
-45.2042
-52.6741
-46.9337
28.6665
40.247
52.4639
59.0704
58.9845
55.7178
47.4325
40.7087
37.8275
38.1756
41.2619
38.5548
40.8248
43.5091
24.7293
30.0444
38.6712
36.4806
22.8305
20.5491
21.5253
30.6395
33.6847
23.4284
36.5019
28.8923
32.9106
38.4199
20.565
31.3725
40.2416
39.7104
38.8204
38.5086
25.3404
33.0755
37.8105
35.5331
37.2645
25.4535
21.5606
25.5712
28.0358
31.4706
35.4725
38.1456
38.6824
39.0488
36.7042
30.1334
19.93
10.6602
5.41704
0.311845
-6.91023
-8.67213
-30.3735
-27.0069
-26.3553
-27.9616
-27.686
-24.9572
-22.7687
-22.0273
-23.1445
-27.0187
-32.9344
-33.3147
-27.8645
-24.5277
-23.1927
-22.8053
-23.1724
-25.1644
-26.7612
-27.3085
-29.883
-35.7993
-39.9289
-42.5548
-45.0155
-42.7768
-35.9181
-30.7858
-30.2576
-33.9257
-40.0204
-35.2955
-29.7647
-29.1333
-32.9653
-40.1364
-42.8654
-42.9991
-42.4744
-40.8918
-37.9757
-37.4138
-37.4518
-36.6899
-34.4052
-32.2652
-32.0721
-32.5023
-30.4962
-28.9229
-28.7008
-30.624
-30.6587
-25.9312
-21.9949
-22.2195
-26.6785
-33.703
-38.514
-40.9213
-47.1677
-28.4922
30.0146
39.0564
52.9044
59.7266
60.3618
56.1783
50.5599
41.6892
42.6132
42.0232
45.5753
40.2906
39.2868
42.494
36.7951
40.5605
29.075
34.6451
41.8771
32.1529
32.1732
39.0281
37.5162
26.9911
36.0469
37.2267
38.6192
35.8533
35.5056
32.8643
33.5594
35.6053
36.2752
37.8797
48.7771
56.0714
61.5557
63.7832
62.1903
56.971
47.1611
36.2961
35.7469
36.7697
36.5039
34.442
35.2524
34.5591
30.9368
24.9096
18.7731
12.5582
7.479
4.66745
0.720649
-7.79501
-29.3293
-26.7064
-24.091
-23.3091
-24.644
-25.3284
-25.2541
-25.9785
-25.9322
-24.1546
-23.9807
-25.4367
-26.2305
-26.8278
-28.4634
-25.719
-21.1413
-19.3077
-21.7794
-27.1864
-28.4283
-26.5923
-27.242
-29.7884
-32.1168
-32.6175
-33.0869
-34.114
-34.1498
-32.2649
-31.4704
-31.4878
-29.2759
-26.5613
-26.7136
-30.0174
-33.3956
-29.3049
-23.7419
-21.7912
-23.7825
-26.7573
-26.9214
-25.4224
-25.6965
-28.6384
-33.6003
-38.2427
-38.9916
-38.2899
-38.9166
-38.476
-31.7415
-25.6128
-23.9705
-26.2606
-31.2072
-35.208
-37.2928
-39.1576
-36.4338
-32.3758
29.7724
43.7889
53.9894
55.9633
54.1853
50.4301
46.8473
52.2452
51.2919
53.0448
43.9982
36.3322
43.7682
39.7319
48.6403
57.3694
58.0012
66.1329
70.8524
79.2095
82.9541
85.2117
84.633
83.4624
82.2547
78.5486
76.7576
75.3998
75.115
76.1618
74.6836
76.8836
78.7649
81.6451
83.6471
83.7122
81.9743
77.1021
69.0374
65.4168
67.2313
66.4185
62.6185
57.2334
50.5969
46.3106
43.0335
40.3759
38.2946
34.4044
28.4609
21.1524
13.712
6.38164
-2.28849
-7.24452
-43.1518
-43.1051
-34.5056
-25.6999
-21.9714
-22.0765
-22.856
-22.1223
-22.7953
-26.6946
-31.9651
-36.9137
-38.1905
-34.4882
-28.4366
-23.4053
-21.2826
-23.1234
-28.8806
-33.7549
-31.4513
-30.5174
-34.0872
-37.637
-29.2212
-21.1788
-16.1663
-14.1285
-14.7272
-17.9556
-23.2397
-29.7995
-36.6909
-40.0607
-37.0308
-35.1576
-34.3238
-31.1921
-27.9134
-25.6104
-25.0985
-27.2516
-29.9491
-28.4184
-26.2382
-26.5807
-29.7524
-32.0246
-29.8166
-27.4703
-28.1957
-31.8188
-34.8539
-35.3588
-36.132
-37.5792
-37.5442
-37.6879
-36.9563
-34.5902
-32.3932
-27.3872
26.5898
53.9965
72.5763
85.0088
93.4561
99.3891
103.483
105.819
106.647
106.734
106.762
106.863
107.18
107.598
107.943
108.326
108.322
107.68
106.279
103.787
101.09
98.3107
96.8723
95.6951
94.5614
94.6418
94.3228
94.2696
94.0942
93.6544
94.2385
94.2842
94.5701
93.5667
90.8822
86.5035
79.051
70.9837
68.666
70.4896
70.3712
68.8069
64.644
57.5551
48.9075
39.7994
37.5099
36.0144
30.5784
25.4263
19.8725
10.6369
4.18141
-1.84118
-6.328
-12.2679
-33.9716
-34.7436
-37.1415
-32.3166
-25.2805
-20.6332
-18.8088
-19.7271
-23.4366
-30.268
-36.9515
-36.3707
-33.8466
-33.9297
-32.3039
-27.073
-24.1261
-24.5066
-26.3428
-25.9247
-24.4797
-24.9444
-28.5997
-35.0192
-38.8514
-31.9277
-26.9569
-25.7091
-26.9857
-29.2017
-33.4944
-41.6149
-49.6849
-46.3387
-36.9267
-30.8488
-28.1998
-29.6848
-33.7824
-37.3409
-37.3415
-37.911
-40.8677
-34.0223
-23.4652
-17.9955
-16.6707
-18.5603
-22.0678
-26.4896
-32.9905
-38.5359
-40.1223
-42.2159
-49.5108
-54.4602
-51.2333
-49.3801
-47.4708
-44.7186
-31.0529
-19.0872
24.3729
59.2451
81.5086
94.8756
102.815
107.079
109.022
110.323
111.889
113.125
113.553
113.285
112.55
111.84
111.337
110.358
108.227
104.378
98.5044
91.2275
80.09
68.9185
59.8927
56.8734
63.4351
65.1053
69.8928
69.6301
66.2511
66.6424
64.464
70.7785
71.2751
69.8981
65.5106
58.2495
59.3451
58.5709
57.7364
52.6602
51.8677
55.5642
61.053
61.5891
57.1791
49.9467
43.6803
39.1877
37.2153
33.1692
25.7037
15.8452
6.00711
1.46783
-2.59978
-11.5466
-38.4269
-39.4974
-40.4614
-36.5147
-32.6234
-30.7146
-30.9242
-32.6239
-33.9747
-35.1995
-37.8838
-39.4279
-34.2897
-29.0142
-27.9175
-29.7326
-29.4687
-28.2323
-30.0887
-34.5392
-35.5572
-34.9748
-35.9069
-35.4611
-32.918
-32.1176
-33.3188
-32.2148
-30.9989
-32.7721
-37.5626
-41.9694
-45.246
-48.5483
-49.2993
-42.2939
-39.0738
-38.5371
-39.4422
-39.9253
-41.6917
-44.3454
-36.6223
-27.8447
-23.0394
-22.5934
-25.3663
-28.4439
-29.4117
-27.8693
-23.9015
-22.1177
-23.7401
-29.6496
-39.4064
-47.5301
-47.4928
-44.8619
-42.9881
-39.8104
-31.6438
-15.237
29.5016
63.1582
81.4166
91.4992
95.1898
93.3655
84.8863
70.3093
70.4918
71.865
71.3018
69.5514
66.5229
59.3488
63.6468
69.1888
66.6759
59.5018
59.7796
54.531
57.7673
61.805
62.3674
61.4662
58.0492
58.6576
55.2804
54.8004
53.7133
50.4864
48.8337
47.0248
50.2997
55.4918
59.3067
61.9228
60.2568
54.2319
46.2048
35.14
46.8564
59.3334
64.4177
64.2449
59.6129
50.6023
43.2932
39.7877
35.7684
30.0276
26.0414
24.2633
20.294
13.1605
1.4735
-8.45832
-27.8623
-31.3536
-34.4612
-39.3435
-46.5864
-48.7185
-47.2186
-44.7331
-43.8146
-39.9377
-35.2597
-32.0193
-31.5872
-32.2341
-32.0158
-31.6378
-30.9476
-30.1826
-31.2984
-35.9202
-41.2048
-41.0018
-31.7534
-23.9201
-20.4271
-21.2072
-26.1765
-33.4443
-34.3888
-33.108
-34.502
-36.9593
-37.342
-39.0212
-41.7977
-38.0066
-33.1921
-30.3846
-29.636
-29.2509
-28.5266
-28.4951
-29.8248
-29.8624
-28.6039
-27.8192
-28.7109
-31.3761
-34.3167
-30.4135
-24.86
-23.1006
-25.576
-31.3014
-37.8948
-42.0713
-44.0205
-40.3927
-35.3186
-34.0467
-29.546
-17.2176
27.5619
62.1196
77.6419
87.38
91.2413
89.905
83.7673
71.4758
58.4069
58.8524
59.5675
59.6324
54.0502
59.1868
60.8271
59.163
57.3896
56.5217
52.087
53.477
60.9493
65.0977
66.2146
60.1386
41.699
54.0408
52.2665
56.001
58.1982
65.2934
69.6668
70.9482
70.6822
68.925
67.9088
68.9254
66.6179
61.2996
49.339
37.8708
52.5479
63.1429
67.5936
67.2494
61.5004
49.9798
43.422
42.6095
39.7224
34.0642
27.7863
25.3878
24.9016
21.9014
15.9996
6.68357
-28.3877
-34.4735
-35.2717
-37.7415
-42.6051
-43.328
-39.8568
-39.2739
-40.663
-40.5697
-36.975
-34.9271
-34.363
-33.9801
-33.8001
-31.1336
-28.5872
-27.9673
-30.4008
-33.4624
-32.9297
-29.1323
-25.2255
-21.7097
-20.1375
-21.7346
-27.1609
-35.4093
-35.6634
-32.699
-32.8871
-33.6163
-30.4609
-26.098
-23.1275
-22.1027
-22.9423
-26.7749
-34.2595
-40.1466
-34.5365
-30.4622
-30.6537
-33.1852
-34.0587
-32.9042
-30.53
-26.6553
-23.3378
-22.0597
-23.4772
-27.5406
-34.917
-42.7312
-45.3386
-48.5527
-52.8673
-53.1444
-52.5264
-52.2054
-34.4797
-31.0429
28.4764
57.5471
72.7571
80.8079
84.0319
84.0157
81.351
76.7388
72.0395
68.0932
69.2387
69.6561
69.695
67.068
66.1594
67.7312
66.9382
61.5486
58.2532
62.5621
65.9973
72.0035
72.3709
74.3194
73.7569
70.1558
69.5953
64.3544
67.0733
64.6626
63.8483
60.3148
64.4064
67.4564
66.2507
60.8654
61.2903
54.6998
53.5298
39.6518
55.5125
64.8568
70.1516
69.8889
64.4437
52.8156
39.7584
40.1467
43.6838
44.9849
45.6328
44.5508
40.7237
34.5296
24.0945
12.1446
-18.7646
-20.4604
-24.9262
-31.7544
-36.8219
-34.8743
-31.2549
-29.0821
-30.3359
-35.1082
-40.1439
-34.9879
-28.9509
-27.0804
-28.2778
-29.2552
-27.0157
-26.9005
-30.4049
-35.109
-37.4204
-39.112
-42.5251
-44.2709
-41.7381
-38.6285
-39.0529
-42.1795
-43.775
-41.3567
-37.4758
-35.5471
-33.8067
-31.1555
-29.6894
-30.5568
-33.047
-32.952
-31.8015
-32.9412
-33.6416
-33.7387
-37.0575
-41.9171
-38.9834
-34.8865
-35.072
-38.2426
-38.1117
-33.3726
-30.6136
-30.9443
-31.8459
-32.0891
-32.6286
-34.0456
-37.9972
-45.2772
-51.8023
-50.5525
-34.7035
-30.8329
29.7228
49.7869
68.248
76.5351
79.51
79.7818
77.2869
72.0675
63.4567
49.3221
51.6985
60.1551
64.0311
72.022
75.9274
75.0039
70.2956
70.1962
80.2341
91.256
97.946
100.724
100.672
98.865
96.8387
92.7088
84.6128
70.448
63.9107
71.3344
77.8506
77.439
77.5536
90.3238
97.5737
98.8612
95.3088
87.2931
74.3094
57.788
62.4779
72.0799
75.7758
75.9786
73.2576
67.4059
57.8986
46.177
44.091
43.1277
40.3062
37.2377
33.6478
28.7862
19.8958
8.80458
-12.4549
-14.0945
-20.1639
-30.0234
-35.5168
-30.7712
-24.6457
-20.6879
-20.0711
-22.612
-24.5391
-23.0424
-22.4492
-23.3705
-25.5887
-27.1938
-28.5269
-27.6637
-26.9595
-28.3619
-30.8915
-32.9449
-34.1907
-38.4038
-43.4841
-41.9869
-41.1241
-43.4444
-49.1887
-45.3743
-39.7683
-34.2959
-32.7761
-34.2148
-36.8746
-36.9772
-32.863
-28.0466
-25.417
-24.3077
-24.4291
-24.7426
-26.0531
-29.6335
-34.4338
-38.1805
-39.9082
-42.0239
-39.6207
-35.1953
-31.6545
-28.2096
-26.2334
-26.4308
-28.9374
-32.7409
-38.1157
-46.9252
-47.4802
-41.6291
-30.3476
-22.2587
31.0447
51.7249
66.2393
77.4467
87.8214
94.9352
99.634
101.8
100.99
96.6462
90.9077
92.3579
98.1855
102.687
106.573
112.117
118.236
123.184
126.791
129.153
130.429
131.034
131.45
131.858
132.049
131.823
131.147
130.246
129.406
128.733
128.053
127.118
125.858
124.342
122.37
119.353
114.606
108.113
101.498
97.4034
95.0029
91.6538
86.7954
82.9089
82.426
82.2805
79.8688
75.4425
70.3883
66.3909
63.6148
61.2839
58.4
53.6057
45.4496
33.7518
-28.5919
-28.785
-31.3077
-34.8429
-34.0337
-28.3841
-23.2666
-22.4187
-25.7732
-30.8952
-29.1823
-26.0597
-26.442
-30.1579
-33.7143
-34.2391
-34.3695
-32.8624
-30.8885
-28.7443
-25.5305
-23.7134
-25.2082
-30.7173
-38.1139
-41.922
-43.5102
-45.7034
-44.6883
-39.5582
-34.3217
-29.8039
-27.9304
-28.5734
-31.6671
-35.3054
-36.2634
-35.3825
-30.8577
-27.2641
-25.2099
-25.5536
-28.1093
-31.529
-35.2506
-37.3136
-38.4124
-37.7331
-35.3569
-30.953
-27.8349
-28.5473
-31.9098
-35.43
-38.1315
-35.6493
-30.8639
-27.9285
-27.0088
-26.341
-23.5099
-22.6117
31.6256
57.8575
77.5349
93.3683
105.131
113.396
118.521
121.137
121.939
121.851
121.557
121.588
121.992
122.232
122.31
123.002
124.946
127.376
128.849
128.282
125.112
119.665
115.009
114.909
117.127
119.125
119.98
119.794
119.169
118.339
117.48
116.591
114.675
110.957
105.83
100.621
95.9968
91.8452
88.9594
86.9828
84.1158
79.4285
75.4817
74.1796
72.9159
70.0281
66.7217
62.9752
59.8075
57.6851
54.7368
52.1125
50.7472
47.6646
39.9998
26.985
-28.1733
-27.1017
-27.8653
-31.5622
-35.3553
-34.2074
-30.3369
-28.8967
-30.4114
-34.1701
-38.3327
-36.3845
-32.7198
-31.6386
-33.6042
-38.8919
-44.6931
-41.5042
-28.7921
-20.4287
-17.146
-18.3947
-23.9106
-31.2738
-34.5223
-34.9447
-36.0656
-38.8953
-42.2093
-40.3382
-31.4712
-25.851
-23.3808
-24.764
-30.0606
-39.9062
-39.4895
-30.8864
-26.122
-25.711
-25.9626
-22.0113
-18.2678
-17.8706
-20.428
-25.4078
-31.1872
-35.148
-34.2363
-29.1229
-24.7266
-23.1441
-25.0934
-27.8479
-26.451
-24.4707
-25.068
-28.788
-35.0836
-41.2245
-21.382
-8.07308
28.0028
56.0486
79.2855
91.7787
98.9319
101.882
101.808
99.7662
99.2389
100.877
102.794
102.886
100.28
95.1607
88.5437
82.5639
75.3122
66.3879
68.7226
74.48
81.2964
82.0275
76.8107
71.2108
75.2113
77.0909
78.1325
75.8551
69.2732
63.6098
62.6691
61.1199
64.3688
62.2514
55.2954
52.4155
54.3233
49.3821
49.3589
49.5622
49.1955
56.8564
61.1662
63.1841
61.0142
56.2004
48.6435
43.1504
38.5603
36.8955
33.7529
28.2513
23.6918
20.6246
14.9367
8.35159
-40.4562
-37.8032
-27.6222
-20.8753
-18.2951
-19.4017
-23.1216
-24.483
-21.7688
-20.4794
-21.6553
-26.1531
-34.1081
-40.6263
-39.4619
-37.6874
-38.0262
-36.1565
-30.7889
-26.3438
-24.0243
-24.3325
-26.6783
-27.6271
-24.4555
-21.5672
-21.6461
-24.183
-27.1494
-27.3959
-29.0803
-32.9781
-37.2516
-35.3212
-32.6219
-30.6945
-28.1151
-24.5518
-23.0803
-23.8387
-26.0841
-28.337
-28.3386
-25.5309
-24.5529
-25.364
-26.5924
-27.019
-27.2449
-27.5931
-28.4957
-29.0745
-27.0738
-24.4988
-23.7781
-24.7093
-26.4521
-29.754
-34.6263
-37.6021
-19.2757
-0.29154
32.3661
54.9614
70.1638
79.278
81.9052
80.5862
76.0283
76.979
80.2706
80.1322
77.4303
73.6831
68.5745
67.3794
61.1162
65.3655
62.6091
64.0604
63.9366
63.4781
59.7449
59.2537
57.1095
60.4035
59.1151
59.1268
58.4162
54.7446
54.4159
55.1625
55.4189
55.8985
54.6876
59.4663
62.9993
63.2929
61.3369
58.6788
56.7642
54.9525
52.2646
53.7125
54.4293
50.5912
42.7244
35.7817
41.1881
43.1543
42.3701
39.9109
36.2297
31.0338
22.5797
16.6564
9.8521
1.74536
-17.0181
-18.2332
-17.7994
-15.5609
-14.8406
-14.1436
-13.4305
-14.5608
-17.1586
-17.3071
-16.6165
-18.8023
-23.7778
-30.5464
-34.9881
-35.0726
-28.0592
-21.7233
-19.5046
-21.4995
-28.1323
-37.5509
-34.5601
-29.3946
-28.3413
-29.0026
-29.3242
-26.8532
-22.4245
-20.4787
-20.4874
-19.6755
-17.5005
-17.6876
-20.0323
-20.3088
-17.8473
-17.449
-20.7359
-26.9336
-29.4
-31.0464
-33.259
-31.9401
-28.1334
-26.9977
-27.878
-29.1756
-26.2325
-23.2285
-24.4569
-30.4747
-32.1789
-26.1784
-22.5728
-19.5253
-18.2468
-20.2407
-26.0096
-28.286
-13.2383
4.23713
31.5375
46.2121
57.8674
63.0107
64.1719
61.9591
60.2656
57.3285
57.0298
56.3744
55.3456
52.6602
57.4532
60.547
62.9667
64.5886
61.177
57.9983
59.0216
63.9812
66.9891
66.3796
61.0795
58.7092
58.3421
56.301
55.7226
43.9476
47.472
48.8491
47.0663
51.0447
51.3873
46.7382
49.3722
45.1024
48.732
45.6853
40.6936
36.9217
36.4824
47.0761
51.2634
51.6938
49.615
46.195
41.8418
35.9934
34.4699
34.995
35.213
31.0562
24.8134
20.4429
14.2352
5.59311
0.966056
-0.997186
-5.75539
-8.70602
-5.17945
-0.47363
1.82405
0.852243
-3.82263
-10.3045
-10.8262
-6.94549
-5.05138
-5.79999
-7.84438
-6.53724
-2.00746
1.06523
1.29899
-1.18116
-4.82256
-5.46423
-2.43707
-0.383731
-0.756201
-2.92731
-5.09339
-5.60762
-5.25123
-5.80926
-6.64992
-4.32769
-1.03566
-0.272696
-2.15752
-3.69169
-1.74444
0.171085
-0.212563
-2.73448
-6.32559
-9.77991
-12.908
-15.6502
-17.3813
-18.5542
-18.983
-17.979
-14.5709
-10.2052
-6.94037
-5.422
-4.4935
-3.32574
-2.70178
-2.07522
-0.910005
-0.18285
-1.2164
-3.21673
-2.40992
9.21614
31.3495
35.8267
55.3378
64.0318
67.7527
67.7446
64.6633
59.8847
55.2211
53.5439
52.4398
59.2774
63.6381
67.0645
71.785
77.6058
82.6921
88.5183
95.1773
100.673
104.47
106.234
106.136
104.754
102.312
100.144
99.1303
99.8119
101.046
101.518
100.703
98.1887
93.9465
89.6714
86.3716
83.7674
79.8726
73.4149
65.5266
60.9714
60.1704
60.5502
62.7368
66.0253
67.8182
67.4613
65.4694
62.727
59.7293
56.7065
51.9245
45.5705
38.5702
32.6426
25.7666
18.1956
-4.43488
-2.55829
-3.73819
-7.63105
-10.0584
-6.02419
-1.0857
1.33795
0.986381
-1.99011
-6.90032
-12.4083
-14.3288
-14.4327
-13.1554
-8.26265
-4.49388
-4.53089
-8.47931
-14.4472
-16.7316
-12.6143
-8.48942
-6.90328
-8.161
-11.0501
-13.4851
-13.9166
-11.0401
-8.28797
-6.75772
-4.95889
-3.66674
-4.11357
-5.51917
-6.17403
-6.71698
-6.28451
-5.38279
-5.71058
-7.66906
-10.0981
-12.8697
-14.7268
-14.6332
-13.6357
-14.2098
-16.862
-19.1903
-16.9538
-12.0185
-8.56733
-6.68174
-4.26553
-1.13057
1.77468
3.56261
3.16605
-0.223324
-6.18778
-8.41893
11.3293
37.6971
50.4523
62.7135
75.1191
86.4101
95.36
101.258
104.671
106.564
107.952
109.453
110.966
112.218
112.826
112.412
111.422
110.892
111.341
111.735
111.009
108.48
104.858
102.538
101.847
101.592
101.01
100.991
101.826
102.675
102.744
101.641
99.5838
96.7783
92.5439
87.2251
82.1915
76.9869
71.6391
66.5258
62.3146
61.728
62.9224
64.9803
66.2805
67.3182
67.7272
65.8794
60.671
53.972
48.6032
43.9966
38.9384
37.1741
34.1038
26.5054
14.5291
-11.3979
-10.4657
-12.4063
-15.6626
-16.7756
-16.8555
-17.8307
-16.4817
-12.9877
-10.9002
-11.7536
-15.2375
-17.9113
-14.2771
-9.79183
-8.6572
-11.3699
-18.0539
-25.6902
-27.7106
-26.9579
-26.9529
-23.623
-21.2005
-19.0754
-15.2515
-12.0582
-11.7106
-12.7683
-11.5036
-8.69658
-7.67076
-8.28381
-8.94639
-10.082
-13.0041
-16.4929
-14.8537
-10.2002
-8.1411
-8.18555
-8.38177
-8.43525
-10.0204
-10.0363
-7.1802
-6.38722
-9.14961
-11.4983
-7.86428
-3.80489
-2.07367
-2.7926
-5.86655
-10.1336
-11.925
-11.9341
-13.0727
-15.1734
-16.792
-18.02
7.95059
28.7835
48.1325
70.6803
85.1624
94.0626
99.2983
102.282
104.583
107.075
109.66
111.696
112.855
112.988
112.122
110.507
107.851
103.128
95.3527
88.7745
87.9362
86.5033
81.5754
74.3732
68.5676
62.1171
54.2473
45.3178
47.5762
53.1597
58.8319
60.6209
59.8871
60.8825
61.9471
59.9099
57.0044
56.6522
54.8093
51.3012
51.6274
53.5406
53.4362
51.4762
52.3127
55.7587
57.2403
55.8104
51.8469
46.3578
40.654
33.9405
31.0894
30.561
27.5515
20.5312
9.25192
-22.931
-23.2571
-24.577
-24.7511
-22.9561
-22.5458
-21.5007
-19.6888
-19.1208
-19.4846
-16.5564
-13.1582
-13.1438
-16.5983
-18.6825
-16.4274
-16.197
-19.4123
-23.0783
-22.1192
-20.413
-18.4742
-17.8149
-17.2557
-16.1888
-15.909
-16.8352
-11.9346
-5.32204
-2.38715
-3.79688
-8.76355
-14.4444
-17.3675
-21.1278
-24.907
-21.6874
-14.4781
-9.00673
-7.33033
-8.83666
-11.6893
-14.1796
-17.1606
-20.9839
-20.584
-17.8699
-15.6284
-13.3706
-11.0435
-9.31161
-9.45249
-11.5655
-13.4127
-11.635
-9.60011
-10.3788
-14.9477
-20.6419
-16.0739
-6.49001
7.54798
32.4839
50.9433
68.4167
77.5913
80.9798
79.1305
73.0977
62.1711
57.1897
52.9297
51.2201
49.8151
54.5987
59.913
61.9687
60.197
60.7616
57.545
49.7025
51.0497
56.1399
59.4451
57.7448
54.1746
58.6416
54.6199
55.1055
53.9207
50.6721
47.6999
47.2826
46.2146
48.8164
51.8153
53.0665
53.6338
50.0378
45.3552
41.8225
33.6458
34.6195
39.6608
43.2616
43.3715
41.3008
39.0981
36.233
31.3522
25.6613
17.8273
8.86
3.7589
2.6002
-1.20243
-1.30053
-0.201665
-17.6549
-20.102
-18.8533
-17.4299
-17.6869
-19.4576
-20.7041
-17.526
-14.4078
-13.3297
-13.4023
-14.0926
-15.5096
-16.2615
-13.9848
-9.88845
-7.66681
-8.74596
-12.7676
-14.8462
-11.9086
-10.5534
-11.5126
-10.8799
-9.07156
-9.10849
-10.2576
-10.2147
-8.03347
-6.88237
-8.36398
-12.4319
-15.2149
-14.0853
-13.0816
-13.7674
-16.2005
-19.0592
-18.4179
-15.9282
-14.7904
-14.9533
-16.2472
-19.1521
-23.9459
-27.4297
-29.0259
-30.0087
-30.2153
-26.0896
-21.7119
-19.4924
-18.5445
-14.5781
-8.95509
-6.13795
-6.67724
-9.62615
-12.4076
-12.8849
-11.6639
-2.70635
29.801
44.0828
56.5963
65.4525
68.8926
68.9754
65.1928
60.8545
54.3886
50.9859
48.8602
46.2911
45.3404
45.0802
49.1278
54.6223
58.204
58.4391
64.0461
70.8073
76.2034
78.981
79.4128
77.5189
75.1227
69.3711
63.084
55.2086
51.2197
55.5368
57.1653
56.2755
53.1877
49.3869
54.0307
56.7418
55.9032
52.6563
45.2934
37.3906
48.3895
57.5675
60.8905
59.4496
53.5221
44.2816
35.981
28.2853
23.3988
20.4106
15.8214
10.6958
2.95365
-4.49334
-9.20014
-5.60257
-15.1266
-16.2259
-17.8305
-20.9388
-23.0746
-22.2593
-20.8248
-20.1489
-19.4155
-18.9723
-17.9028
-13.4128
-8.38731
-6.52964
-8.38479
-12.7512
-14.6273
-12.8085
-12.4124
-14.3363
-14.3771
-11.7054
-10.509
-10.8906
-10.1834
-9.41526
-9.16507
-6.65268
-3.48536
-2.95347
-5.78813
-11.4382
-15.5281
-14.4022
-13.1876
-14.3802
-15.56
-14.3745
-13.201
-14.1318
-17.1186
-21.8448
-24.7971
-24.5315
-22.2838
-18.1476
-14.2725
-12.9296
-14.8106
-20.1404
-25.8693
-26.455
-23.3781
-18.8013
-14.2323
-11.4581
-8.84693
-5.79681
-4.59352
-6.23614
-9.62472
-5.16713
25.2845
24.854
41.639
49.476
55.6642
57.5376
57.1247
57.6271
58.7147
58.5474
54.2719
49.0619
52.9112
59.1243
66.8388
75.635
85.3189
92.5943
97.5247
100.11
100.861
101.137
101.744
101.941
100.483
97.5501
93.5726
89.8835
87.9339
87.58
86.9637
84.8027
81.2123
77.8724
76.0459
74.9683
72.7018
68.3752
62.1355
55.8803
58.6908
66.0539
69.6867
68.9886
64.1693
56.9871
52.1295
48.6608
42.6836
33.1088
20.1531
5.24819
-1.10167
-7.68087
-12.1921
-15.1519
-20.5615
-20.9588
-21.91
-23.6661
-22.0157
-15.522
-9.69093
-7.26937
-8.76122
-13.6501
-16.166
-13.2017
-12.3369
-15.1008
-19.3801
-21.8406
-22.6131
-23.1785
-23.5721
-22.9751
-22.1188
-21.9256
-22.3131
-19.5978
-14.3874
-10.5142
-8.94997
-8.74085
-10.088
-13.7827
-19.5553
-23.0207
-19.9165
-13.7914
-10.5238
-11.0345
-15.0217
-20.2698
-22.2971
-20.9621
-20.5982
-22.4742
-26.0798
-26.307
-23.8989
-22.6833
-22.6353
-21.3697
-20.3283
-19.4185
-18.1398
-18.1589
-21.3751
-27.0792
-30.614
-28.8957
-24.5571
-18.9323
-15.5372
-14.4291
-13.1436
-3.9042
24.4229
33.5399
48.8467
65.0161
78.0151
87.0453
92.418
94.9019
95.1989
94.6488
95.2601
97.3742
99.7158
101.178
101.965
102.816
103.64
104.197
104.192
102.672
98.5558
91.4037
85.2631
83.6149
82.8178
80.3863
79.0903
78.3115
76.8827
75.5278
74.9122
74.2649
72.2877
67.13
60.1251
55.0191
52.1315
48.9817
43.3417
39.394
50.0282
61.6788
67.0655
67.4137
63.3876
56.2818
51.2089
46.0686
37.8625
25.2876
12.6742
1.70364
-7.2733
-10.3437
-15.512
-18.8082
-21.3757
-18.5525
-17.4659
-19.4512
-24.1292
-26.272
-22.2298
-17.3568
-14.9105
-15.3476
-17.9436
-20.4339
-22.0519
-25.3732
-32.7828
-41.0071
-39.5187
-29.8693
-20.8894
-16.3673
-16.3108
-20.1401
-25.5409
-25.9215
-23.3397
-20.4306
-16.2276
-13.5904
-13.9656
-15.7831
-14.8357
-12.6313
-12.6912
-14.9383
-16.817
-17.0919
-18.2135
-21.2718
-24.4493
-26.2834
-28.7548
-31.435
-28.7627
-24.8643
-23.7342
-25.1815
-26.0211
-21.2537
-15.2322
-12.7472
-13.2724
-15.1888
-17.3345
-21.0414
-26.3705
-31.0301
-31.2932
-28.6947
-25.8937
-23.5821
-18.8158
-17.9085
20.2522
37.9491
62.568
75.8882
83.7057
87.2621
88.2857
88.9947
90.4557
92.1432
93.6912
95.0297
95.6055
95.3777
94.5057
92.0337
86.7627
76.7229
62.1561
63.8214
68.0243
68.9063
66.1991
60.3503
51.7638
49.0124
44.8496
47.6957
50.082
54.6772
54.8543
52.0777
48.2428
45.1003
44.9962
46.025
44.3812
42.7426
39.8301
36.2794
50.6432
61.444
66.2257
65.9559
60.648
49.8956
37.2824
27.0161
19.0233
6.9874
-2.78315
-12.5933
-14.8543
-18.2993
-19.4566
-17.346
-22.4399
-22.7351
-18.504
-15.5056
-16.4038
-21.5493
-27.0131
-23.8821
-18.6361
-17.1672
-19.3416
-22.5151
-22.7188
-22.3363
-23.7906
-25.6592
-23.1962
-17.561
-13.7407
-13.9058
-18.005
-23.532
-22.0427
-18.1293
-15.8496
-15.5586
-17.0273
-19.5809
-21.4443
-20.5142
-19.204
-19.2452
-20.6739
-23.1025
-25.7548
-28.4991
-28.1785
-23.7349
-17.9263
-14.6942
-15.0631
-19.4901
-27.099
-32.448
-30.1412
-25.7923
-20.2324
-15.6071
-13.6358
-13.9797
-15.7096
-17.5885
-18.5002
-17.4038
-15.8153
-15.6156
-17.3891
-18.1607
-16.8807
-16.8579
-17.7475
-21.2882
19.9905
43.2796
61.274
71.6187
75.6736
74.8159
69.1517
58.8208
51.4208
49.0446
50.3859
53.9105
55.1258
55.1435
55.3644
57.4047
53.3003
50.1414
52.9999
60.11
63.0916
63.177
59.9682
57.1778
55.9832
53.6102
52.3374
50.7285
49.5478
49.8626
51.078
50.2226
48.5989
43.394
39.4591
39.2039
35.2586
33.0785
31.566
35.3938
50.943
61.699
66.4188
66.0309
60.4577
48.6952
34.0197
24.3546
15.956
4.51057
-1.90585
-5.82889
-9.23995
-12.9148
-16.167
-18.6692
-19.2316
-22.87
-22.6192
-21.2284
-21.3281
-19.7026
-15.8471
-13.8118
-15.4132
-19.7705
-22.3335
-21.8741
-21.5462
-19.907
-17.4741
-17.0903
-19.3071
-22.2188
-23.6983
-25.0062
-27.6814
-30.121
-29.0281
-25.5194
-23.1374
-22.2445
-22.1492
-22.1472
-22.9957
-25.0598
-26.8222
-27.1665
-27.219
-26.6984
-26.6722
-28.0646
-31.0662
-31.6175
-28.6084
-25.364
-23.301
-22.8728
-24.8798
-28.8911
-32.8924
-31.5281
-26.5405
-22.5694
-21.4999
-24.1349
-29.7629
-32.1733
-28.3239
-23.9906
-21.4286
-20.7053
-20.8891
-21.8261
-24.0621
-27.0742
-23.157
-22.5213
19.5165
39.1475
51.9992
60.7899
64.7817
64.2295
59.7242
52.3477
45.4879
44.779
46.2898
48.2216
52.5403
57.9968
62.1014
66.0929
71.3353
77.7351
84.1879
88.9414
92.0456
93.3967
93.2668
92.2127
90.8692
89.1613
86.653
83.083
79.0526
75.7765
73.2613
71.08
69.3861
68.745
68.184
66.8137
63.8369
58.5246
50.1664
41.1769
48.6737
59.6476
64.6242
64.6094
59.7755
49.7903
37.3326
28.4095
20.2396
8.0358
-4.72629
-16.4856
-15.9804
-16.7792
-18.7237
-19.5689
-19.1371
-17.9931
-17.7808
-19.1256
-19.4647
-16.4068
-14.3556
-15.6672
-20.1792
-22.419
-18.6313
-15.6954
-15.9625
-18.4659
-20.043
-19.474
-19.346
-21.03
-23.2944
-24.5575
-24.8762
-25.5888
-27.0289
-27.7116
-27.618
-28.3788
-27.7892
-23.7403
-20.3344
-20.3258
-23.9618
-29.3281
-31.3836
-29.7033
-28.5369
-29.0975
-30.3807
-29.1868
-25.7649
-23.2729
-22.8638
-22.4809
-20.0962
-18.7367
-19.84
-22.0356
-22.2669
-21.6999
-23.1561
-26.9021
-31.4604
-32.6376
-28.5134
-23.6657
-21.8852
-22.6753
-24.2571
-24.6477
-24.8531
-26.041
-22.6498
-14.2525
18.7517
26.189
40.1791
54.9708
67.3162
76.0184
81.2833
83.888
84.3635
84.0954
84.7314
86.3788
88.2
89.3388
89.5035
89.9981
92.0909
94.3876
95.1792
93.8366
90.273
85.2197
81.243
80.1359
80.849
81.844
81.4348
79.3566
76.2197
73.1405
70.6456
69.5529
68.9981
66.3071
61.5689
56.6568
51.8337
46.3106
38.4739
33.0152
43.0527
53.4122
58.4091
58.6572
54.6805
47.4103
39.6031
30.4195
17.3581
1.94302
-10.9164
-16.0672
-18.0798
-17.5702
-18.3491
-18.3356
-29.5837
-28.298
-26.5565
-26.4064
-27.6661
-28.2447
-28.1228
-28.8276
-28.7302
-25.9463
-21.6101
-18.2066
-15.1081
-12.3006
-11.1082
-12.9391
-18.6395
-28.0696
-37.453
-35.611
-29.5842
-24.8402
-22.5861
-21.4264
-20.5361
-21.5074
-25.3266
-28.5353
-23.1412
-18.2828
-17.2791
-20.1267
-25.7848
-30.3373
-30.2499
-28.05
-26.9093
-27.8959
-30.1668
-32.213
-32.1111
-30.3126
-28.676
-27.3752
-27.3494
-28.9449
-31.3365
-31.7839
-30.4263
-30.7431
-30.8371
-26.5526
-20.7994
-17.9838
-18.6802
-22.4389
-27.0751
-30.0575
-30.7156
-28.8615
-22.014
-15.2022
13.5509
33.406
53.1525
68.0181
77.1481
81.9977
83.9135
85.0646
87.5512
90.3529
91.9694
92.3336
91.7953
90.6471
89.0977
86.4705
81.4959
73.4876
63.7662
57.5941
52.706
52.9918
53.026
50.3001
47.233
46.8119
45.7276
45.8122
45.2668
48.3621
52.2723
53.2668
51.4418
45.5597
42.852
41.9842
38.5896
34.6511
31.6667
28.459
35.7619
44.8169
49.0326
48.0941
41.87
29.1208
14.6097
6.65433
-2.78423
-9.2607
-13.8202
-15.1144
-13.9811
-13.9087
-15.5153
-19.6557
-15.1204
-14.4959
-14.8935
-14.8481
-15.0739
-17.7746
-23.4694
-26.2712
-22.9216
-19.2545
-16.4627
-15.459
-16.653
-17.0945
-15.5719
-15.5276
-19.196
-25.6323
-27.2348
-23.4799
-19.8956
-18.6521
-19.7351
-21.7906
-21.922
-21.155
-22.442
-25.1501
-25.5905
-22.8814
-20.9221
-19.8362
-17.3522
-14.4124
-13.4634
-14.8388
-17.5424
-19.8686
-19.6467
-16.5727
-14.8291
-16.3812
-21.2169
-25.2569
-22.1307
-18.845
-18.3087
-20.1603
-22.1321
-22.4635
-23.0267
-25.3555
-27.1469
-22.9392
-17.9874
-15.8655
-16.6964
-19.1697
-21.5461
-22.2382
-17.8036
-16.061
15.1565
38.646
60.7405
71.8298
76.6058
76.3824
71.4743
63.5331
57.9871
55.4981
52.6228
49.3787
51.0454
55.3512
58.118
57.1111
53.957
48.7634
46.8913
57.6458
65.0206
68.5578
69.0305
67.2197
63.316
57.5663
51.4465
46.0122
46.2908
48.2005
49.5372
48.0959
45.5489
42.2677
44.1156
44.9042
43.6244
38.5604
29.7683
21.0974
29.9421
39.6598
44.5939
45.6062
43.0424
37.4741
29.1432
15.516
2.61677
-1.00035
-3.02396
-6.52447
-12.1046
-14.1036
-13.7201
-13.9132
-12.9434
-13.0363
-13.1325
-13.1934
-12.2287
-11.0686
-11.4731
-14.6832
-19.0703
-17.5657
-14.4355
-13.3207
-13.7122
-14.8783
-14.7829
-13.0714
-12.2268
-12.6991
-11.6584
-9.09791
-8.57003
-11.3655
-16.8655
-18.7773
-16.1025
-15.2723
-15.76
-16.2146
-17.3356
-17.9057
-14.7775
-10.8028
-8.87866
-9.01957
-10.0712
-11.143
-12.3996
-13.2015
-11.4272
-7.91303
-6.06856
-6.99645
-10.5947
-15.3508
-19.5177
-23.8253
-28.8691
-28.8048
-23.5455
-20.9875
-22.1083
-24.5562
-23.5447
-20.6278
-16.7164
-11.8476
-8.05552
-6.60283
-7.24217
-8.74207
-7.4159
-3.69666
17.2658
41.3284
57.1618
66.9633
71.3168
71.13
66.9908
59.8138
54.7023
52.1863
50.163
50.1057
55.3646
58.6201
63.0059
70.2081
77.3068
82.0478
84.9073
86.3454
87.2796
87.978
88.2998
87.822
86.8722
85.5228
83.7024
81.6754
79.8315
78.6904
77.2199
74.5921
71.0077
68.1285
65.2766
61.4724
54.8305
46.3217
34.9421
27.8613
26.2103
30.6353
38.0455
42.8657
43.8453
40.5646
32.3912
18.39
3.46534
2.83352
2.72848
-1.18262
-7.75922
-12.2757
-13.8546
-11.0961
-19.3911
-20.4549
-20.969
-19.382
-16.365
-12.8238
-9.27289
-7.55988
-8.54284
-10.8481
-12.0153
-12.6513
-14.3333
-16.0785
-16.0823
-16.2318
-17.6257
-19.6967
-20.774
-20.1981
-19.8168
-20.9457
-22.5221
-23.9433
-25.3806
-22.959
-16.5852
-12.0101
-11.4014
-14.7787
-20.3925
-24.0723
-25.6049
-23.245
-18.5185
-15.2581
-13.4547
-12.1589
-11.7623
-13.0065
-15.2786
-14.9105
-11.8151
-9.89371
-10.6176
-14.2801
-20.7045
-28.3421
-30.8599
-31.9401
-34.1877
-29.9582
-23.111
-20.4151
-20.2523
-17.6549
-12.3339
-9.19793
-9.6585
-13.6412
-14.9426
-0.624973
19.8788
34.0825
50.8884
64.975
76.314
84.654
89.4937
91.415
91.2712
90.6591
90.7644
91.3901
92.2876
93.1347
93.5399
93.5984
92.744
90.8776
88.0843
84.5792
79.7644
73.0547
65.9483
61.9732
62.5143
64.9306
65.6774
64.0529
62.3607
62.2238
61.6213
59.8944
56.9686
51.7133
47.5416
43.2897
41.3994
38.2951
33.2959
27.5418
27.9685
33.1226
38.1854
39.8582
37.7249
32.3813
25.2389
16.853
10.8294
10.3964
9.61397
5.68907
-1.85531
-8.12933
-10.6579
-12.3311
-12.2375
-14.7584
-14.6345
-15.1725
-18.0059
-20.1488
-18.3427
-16.7987
-17.3065
-18.9383
-18.815
-17.295
-16.7821
-17.6127
-19.4777
-21.3739
-22.7377
-21.4028
-18.0373
-15.3161
-13.548
-13.0436
-14.8028
-18.9641
-23.0299
-23.5528
-20.4617
-18.336
-19.8087
-26.1904
-37.8168
-42.5592
-35.2676
-27.377
-21.5354
-18.2321
-16.9849
-17.2649
-18.9741
-22.4195
-23.7153
-17.6101
-11.4637
-8.48026
-8.12968
-9.83459
-13.3676
-18.3368
-21.6589
-21.7212
-21.6905
-22.1679
-23.0287
-22.2459
-17.6128
-13.0459
-11.3487
-11.7468
-11.9249
-11.352
-8.94332
5.19263
24.0105
38.6762
57.8501
74.7922
86.0226
92.129
94.2259
93.5773
92.6657
93.1422
93.9825
94.1067
92.9483
90.6018
88.0454
84.9051
79.8167
71.694
65.3162
65.774
65.4002
65.351
66.6552
68.6191
68.6123
67.2022
63.7459
56.2492
51.6488
50.0516
47.6031
43.4132
43.8854
40.1198
42.3147
45.5551
46.2251
42.956
35.5871
29.4349
30.193
37.5442
42.8575
45.0828
44.0331
39.3675
30.7661
20.0663
14.4894
12.4791
11.2739
7.173
-1.26893
-12.4162
-19.294
-17.9569
-18.4017
-19.6893
-19.0153
-18.0422
-17.9688
-18.5167
-18.9172
-19.7175
-21.9235
-24.756
-25.5386
-23.1943
-19.962
-18.1485
-18.7683
-21.6102
-23.2254
-20.9728
-18.6173
-17.3353
-16.4401
-16.2503
-17.4805
-20.1276
-22.0281
-19.5818
-14.7762
-11.8361
-12.2639
-16.2724
-21.1238
-20.9587
-20.2621
-22.1187
-25.8133
-27.2192
-23.6302
-20.4332
-20.37
-23.6244
-27.7414
-27.2805
-23.0809
-17.5396
-13.2013
-11.5998
-12.9273
-16.7567
-21.563
-22.3856
-19.1951
-17.7185
-18.4751
-18.0523
-16.0858
-16.015
-18.1268
-18.6074
-16.0298
-13.5053
-8.02846
9.08219
27.4161
45.6485
64.2003
75.856
81.6284
82.7485
80.219
76.1277
73.0959
70.8576
70.602
73.5137
77.0901
79.5251
81.4766
83.6879
84.6424
86.7324
95.5416
104.958
110.804
113.116
112.472
109.519
105.032
99.6349
94.0516
90.9169
91.1973
91.6779
90.9563
88.7612
85.3709
81.1632
76.6049
71.2823
64.3115
55.4956
45.369
38.3584
39.5457
46.2781
51.6669
53.4695
51.6066
46.1703
37.2318
25.0842
13.8862
9.54282
6.0591
1.0159
-5.47041
-9.79864
-12.0227
-14.0657
-15.2261
-17.9317
-20.8629
-22.5037
-21.1915
-16.4637
-12.9332
-12.6584
-15.2925
-18.0296
-17.2143
-15.501
-13.9668
-13.161
-13.6722
-15.5371
-16.174
-12.9357
-10.3431
-10.8913
-13.8673
-15.8267
-14.8031
-13.3207
-12.632
-12.563
-12.9256
-14.2616
-17.1145
-20.7079
-22.0715
-20.5639
-19.9783
-22.3059
-26.4961
-27.1703
-23.713
-21.4585
-22.3582
-24.4533
-23.6398
-21.4814
-20.4337
-19.916
-20.1218
-20.8346
-20.3804
-18.8131
-17.3191
-17.4582
-19.2272
-20.4065
-18.1667
-15.4923
-15.1024
-17.0863
-18.8395
-16.3973
-12.7945
-10.1761
-5.30894
9.45291
25.3793
38.7551
52.7492
62.4833
68.531
73.6731
78.4972
80.9664
79.8928
74.9515
68.3253
72.1919
80.3063
86.2707
92.1903
99.5913
107.353
113.615
117.668
119.051
117.842
114.741
111.063
107.536
103.687
99.9794
97.3569
96.5407
96.7804
96.5945
95.094
92.9863
90.5048
86.356
79.5591
70.7213
60.8243
50.3159
44.6583
43.4385
43.4093
46.9201
50.6155
50.4649
46.009
37.7207
28.9185
22.9391
22.9769
24.6683
23.2221
17.3026
7.55667
-0.587942
-6.62394
-12.7894
-11.7042
-12.757
-13.7348
-13.7423
-12.3055
-10.3892
-9.30535
-10.0882
-12.2134
-13.7398
-14.7129
-15.3062
-15.3723
-14.8235
-14.3305
-11.958
-8.91013
-8.21883
-10.4511
-13.0949
-10.1807
-6.63764
-5.69795
-7.41884
-10.2784
-11.8533
-12.6299
-14.08
-16.5344
-17.1445
-14.5888
-11.0947
-9.03509
-9.50443
-10.3712
-9.18007
-8.11973
-9.50475
-12.9061
-16.1781
-17.6579
-17.8901
-16.8243
-14.5517
-13.1186
-12.9625
-10.7876
-6.52191
-4.50449
-6.00282
-10.7246
-15.6643
-16.4547
-14.9439
-13.3015
-11.4111
-7.98879
-5.4887
-4.89133
-6.1996
-3.7969
6.09722
20.9529
29.5901
45.6078
58.8562
69.2652
78.75
86.0721
90.944
93.6727
95.0416
95.9356
97.0498
98.5421
100.07
101.269
102.77
104.438
105.467
104.943
102.549
98.7605
94.632
91.4345
88.7569
85.7059
83.2417
81.2649
78.4763
74.7561
70.3421
67.3985
64.8801
62.2675
59.0081
53.9361
48.9575
45.557
42.5621
40.6579
38.9253
39.8737
47.7488
53.5593
54.8306
51.432
43.1376
31.9028
25.2412
25.7017
27.0906
25.5639
19.3268
8.01749
-1.79005
-8.48069
-17.1617
0.171045
2.16769
3.17547
2.5524
1.1216
0.160836
-0.38586
-1.27333
-2.40185
-3.29091
-3.2409
-2.69716
-3.54551
-6.28523
-7.17652
-3.95599
-2.06088
-3.85013
-9.23318
-12.0723
-6.02844
-1.00561
0.109232
-2.73399
-8.35891
-10.7546
-9.26239
-9.09903
-9.8955
-8.52963
-4.36295
-0.418655
1.3092
0.553984
-1.27349
-1.53698
-1.04481
-2.24197
-4.81804
-5.53164
-3.85756
-2.07681
-0.698367
0.0174773
-0.251523
-0.562256
0.712059
2.17853
1.85258
-0.816087
-4.93749
-7.40337
-5.55311
-2.92394
-1.95471
-2.17638
-2.70105
-2.81747
-2.70927
-2.59052
-0.783879
5.62043
18.7843
24.4246
38.7017
50.8955
57.3143
59.5812
60.2384
65.6098
73.4283
78.2614
79.8932
78.6066
74.6875
69.684
68.9434
68.8078
66.1235
58.733
61.2884
71.9001
76.8947
77.5128
75.2351
74.5711
77.2216
80.1546
81.8765
83.0181
83.8965
85.005
85.7676
85.5799
83.9465
80.6341
75.3391
68.1526
59.8466
53.5716
50.9438
48.8144
44.6931
43.1518
47.2485
49.5953
48.2935
43.7524
37.9887
33.578
29.2811
25.053
20.2704
15.0126
9.59619
5.71641
1.09106
-3.16147
-22.918
-22.773
-20.3567
-16.7341
-13.6338
-12.7403
-14.8667
-18.9237
-19.8638
-18.1462
-17.1972
-16.4027
-16.4629
-17.7323
-17.6473
-15.1971
-13.7139
-14.7696
-17.4782
-19.6326
-19.1802
-16.4021
-14.5978
-15.94
-19.7434
-20.11
-16.0023
-13.7865
-15.0053
-19.2933
-22.8085
-22.1281
-20.8675
-21.7292
-24.5535
-26.347
-24.7498
-23.138
-22.4136
-19.8574
-17.1204
-14.4029
-11.8053
-10.6212
-10.6652
-9.94582
-8.84464
-9.45978
-11.3866
-12.0004
-11.6666
-12.9128
-15.7918
-17.7274
-16.7428
-16.3141
-17.3985
-16.3762
-12.9508
-10.1927
-8.0129
-5.76409
9.96511
15.5106
29.8737
40.0599
45.7115
48.7921
50.6786
51.2442
48.6266
44.5895
44.719
50.9102
54.5429
55.2516
57.3888
62.6301
67.1984
70.9631
75.1304
77.8736
77.9612
74.8174
69.6587
67.1344
71.6144
77.0795
82.6298
87.6705
92.0832
95.4466
97.5436
98.0493
96.6208
92.8376
86.3835
77.1141
66.3155
59.4305
55.6607
50.5147
42.5421
33.5578
30.4681
32.3172
32.4736
31.9015
33.0446
33.8096
31.6289
25.426
15.4824
6.10387
-0.16949
-4.46722
-7.11423
-10.3605
-6.70863
-8.97912
-14.6383
-19.526
-17.9156
-15.3131
-14.3162
-14.5551
-14.3371
-13.0023
-12.8468
-15.7727
-20.8648
-21.2588
-16.7229
-13.6583
-13.4195
-15.2762
-17.5842
-19.0944
-19.8823
-19.6792
-19.1528
-19.0917
-19.7945
-20.4599
-19.8464
-17.4208
-14.382
-12.6073
-13.1739
-16.0336
-19.775
-21.9995
-22.2169
-22.2356
-22.5485
-22.842
-22.7044
-22.6526
-24.3646
-27.5587
-29.2514
-27.205
-23.9198
-20.266
-16.4451
-13.9973
-12.1241
-9.8411
-8.43376
-8.75423
-10.3988
-12.9689
-17.1166
-22.2935
-23.8463
-22.5879
-20.6269
-18.3825
-16.7999
-16.2274
3.44709
-0.630407
9.18966
26.2301
39.9634
52.6138
61.7021
67.0312
69.6107
70.2055
70.1185
71.0086
73.485
76.3708
78.3256
78.6022
76.6471
72.0756
65.8133
61.7551
59.8922
56.6801
49.3704
44.6296
48.4174
49.3218
50.5815
49.502
46.7927
46.9554
51.3136
56.454
59.4179
60.0662
59.2075
59.2079
58.68
55.4041
49.4628
42.6098
38.7129
35.3856
32.7864
31.1786
30.4148
31.1759
32.6116
31.8258
27.3894
18.776
6.91544
3.52809
3.49005
0.737548
-6.1446
-16.2758
-8.78799
-10.9547
-17.191
-24.1023
-22.7481
-20.1909
-18.9935
-18.3987
-16.3525
-13.2572
-11.7525
-12.8607
-16.1297
-19.108
-21.6009
-25.103
-26.3184
-23.8885
-20.7256
-18.2622
-17.1408
-17.4653
-18.9567
-20.8281
-21.9163
-21.6923
-20.8521
-18.32
-14.4273
-12.2898
-13.3621
-17.8245
-23.9857
-27.6903
-27.0441
-25.3203
-24.9253
-25.2828
-23.1511
-20.0941
-19.1963
-20.4199
-21.0236
-20.8146
-21.9329
-23.327
-21.0606
-17.5935
-16.3506
-17.4168
-19.4074
-19.8182
-18.6386
-18.0421
-19.3088
-21.6242
-21.1842
-19.4122
-20.0602
-22.8211
-21.8664
-17.4031
1.7611
-7.65867
2.49028
15.1489
25.9343
34.415
41.3152
48.1201
53.0852
56.3906
58.2693
58.8344
58.9469
58.6538
58.1417
57.0453
55.1491
51.1712
53.2669
60.0778
66.3685
70.1366
71.5102
71.3719
70.3632
69.3042
69.0635
69.6542
70.2191
70.6212
70.9522
72.0214
75.6356
80.2052
82.9479
82.8531
79.5253
72.6316
61.8041
49.0147
41.8101
39.4388
40.7628
43.7956
44.9546
44.598
44.7562
44.7067
42.1056
35.1198
22.662
5.71859
-2.41674
-4.23948
-8.23792
-12.7839
-25.8917
-26.8641
-27.1797
-26.6383
-27.568
-30.0192
-31.0846
-27.0497
-21.4581
-17.9957
-17.0766
-17.1433
-17.4323
-19.4008
-24.5482
-31.52
-34.3909
-33.6638
-32.4636
-29.8169
-26.2907
-24.0937
-24.0124
-25.9128
-29.0105
-31.4587
-30.2798
-28.5393
-28.6193
-27.787
-25.1221
-24.0532
-26.1831
-29.5005
-31.496
-33.3325
-36.139
-38.5861
-37.9559
-36.3513
-34.5329
-30.9188
-27.5201
-26.3774
-27.8624
-29.0948
-26.387
-23.6405
-23.5766
-25.7705
-28.5738
-29.8251
-30.082
-29.533
-27.5539
-24.3395
-21.5648
-20.9428
-23.3316
-28.9291
-34.4403
-33.0779
0.544398
-8.70231
-0.669793
13.0039
23.5083
29.9673
34.1633
35.0857
32.4956
26.8775
29.4451
36.2291
43.7215
48.8617
54.5619
60.8057
66.0512
68.6555
69.0803
67.6407
65.3983
63.6818
63.0988
63.7581
65.7508
67.955
70.2228
71.9974
73.5028
74.6062
75.5014
77.4806
80.0277
81.7159
81.9301
80.1352
75.6847
67.5956
55.0269
42.7566
38.1415
34.0203
33.9196
37.9321
41.0264
42.0757
41.7689
40.1741
36.2197
28.2589
15.1665
0.168772
-10.2736
-14.1045
-18.8678
-22.8433
-31.3227
-26.1733
-19.805
-16.714
-17.3868
-20.5605
-22.1353
-21.3903
-22.1954
-24.3535
-24.5279
-23.03
-22.5882
-23.9091
-26.5111
-28.9998
-28.4106
-25.8953
-23.9473
-22.7985
-22.7724
-24.8301
-29.402
-34.2188
-33.0911
-28.6774
-26.3307
-26.037
-25.2968
-23.2222
-21.3974
-20.7898
-21.7298
-24.0422
-26.597
-28.4034
-29.747
-30.0132
-27.9321
-25.912
-25.5293
-25.5137
-24.5696
-24.1974
-25.6303
-27.2895
-26.9131
-25.9008
-25.8941
-25.9816
-24.3393
-21.2592
-19.4303
-19.6664
-21.1286
-22.3277
-22.338
-22.1169
-22.8947
-23.0415
-19.5719
-16.7897
2.38215
-7.28172
5.12655
21.1898
35.1348
45.157
52.0462
56.7302
59.5492
61.1452
62.4007
63.7182
65.1203
65.9434
66.5717
66.9356
66.5374
64.3649
61.1034
58.5668
57.5734
57.644
56.658
54.7273
54.4823
51.2717
48.1478
44.2531
42.2631
45.0878
49.6595
54.1791
57.8158
60.0658
61.9369
62.7495
61.3764
56.6976
48.2189
40.5355
39.9273
41.1989
42.7741
43.7107
43.093
41.062
37.6415
33.2734
28.6901
21.8843
11.7421
-1.63381
-8.7644
-10.5151
-15.4619
-21.5578
-26.9963
-24.6898
-21.0743
-18.6972
-18.8842
-21.9725
-26.1598
-27.0625
-24.7678
-21.6692
-20.2495
-21.6421
-23.8973
-23.4974
-22.2663
-21.9133
-21.8335
-22.5011
-24.8289
-28.1024
-30.4047
-29.9913
-26.9616
-24.433
-22.7881
-22.4272
-23.7502
-25.8356
-25.7796
-23.9334
-21.9361
-20.4421
-20.1496
-21.8072
-24.9806
-27.5776
-27.1419
-23.4432
-21.1768
-22.1152
-24.9588
-25.3092
-23.6601
-23.9362
-26.1323
-27.0501
-26.0293
-25.3918
-25.6194
-24.5135
-21.3233
-18.7435
-17.8986
-18.5651
-19.8458
-21.8859
-25.0045
-27.5021
-26.5772
-23.6342
-21.5382
-21.2315
0.210115
-7.7528
9.82482
21.0475
28.416
31.6685
34.0908
38.9526
45.3025
49.6398
51.5673
51.2285
48.9037
46.193
45.1906
47.7469
53.478
58.9542
64.834
69.1381
72.5251
75.0326
76.7386
77.8802
77.7159
76.4798
74.6206
72.8544
71.3646
70.5667
70.73
72.4348
75.3725
78.2488
79.4215
78.0671
73.8594
66.4506
55.8395
42.4874
37.3688
40.9878
45.0118
46.6108
45.3405
41.0992
33.9002
24.2132
15.2587
7.45866
0.753424
-0.161232
1.4136
0.287774
-5.74636
-17.2634
-20.9832
-21.8738
-23.2379
-24.4813
-24.9686
-23.9757
-21.9603
-20.4113
-19.2435
-17.0649
-15.2008
-15.4641
-17.0679
-17.5415
-17.2514
-17.9421
-19.4461
-21.5142
-23.3905
-22.0673
-17.8364
-14.1763
-13.0989
-14.6593
-17.4445
-19.6846
-21.4613
-22.5414
-22.5196
-22.1474
-21.7443
-22.3261
-24.452
-24.8536
-22.3346
-20.3317
-19.6826
-19.924
-20.6872
-22.6326
-26.4414
-30.4409
-30.7381
-30.3384
-32.6165
-36.0393
-33.2058
-28.5449
-26.5879
-25.3771
-22.5739
-20.667
-21.3102
-23.3831
-24.9693
-26.2904
-27.7907
-27.2925
-23.8479
-19.9634
-17.5334
-17.8761
-0.805084
-1.26038
12.7357
24.0419
32.8343
40.5306
47.541
51.7275
53.2066
53.9406
55.343
57.7333
60.7836
63.2852
66.0854
71.0966
76.1859
78.8557
78.3329
74.7961
69.0516
64.3035
62.9353
62.285
62.7117
63.3181
64.5834
64.8021
64.202
63.9987
66.1195
68.9432
69.9224
67.9468
63.3006
57.5495
52.2285
48.4764
44.8815
40.986
38.5894
41.7016
44.7088
44.0236
39.9983
35.5166
32.7343
27.8702
19.3539
7.87846
-3.87741
-4.13462
-1.21989
-1.02736
-5.11429
-13.6898
-27.7641
-25.7592
-26.053
-28.8128
-30.0335
-25.9871
-20.7156
-17.6925
-17.1624
-17.723
-17.9626
-18.5194
-20.551
-22.7549
-23.7716
-24.3941
-25.7019
-27.0139
-26.4608
-24.5079
-23.1154
-22.8086
-23.0888
-23.4945
-23.8175
-24.2495
-25.079
-26.3624
-26.5559
-25.3612
-23.8469
-23.2201
-24.1621
-26.375
-27.7272
-25.5601
-22.3103
-20.6861
-21.2224
-22.9437
-24.0725
-24.5009
-25.7643
-27.2362
-27.7314
-27.6479
-27.5557
-27.3924
-27.2079
-27.2789
-27.0787
-26.7022
-26.8149
-26.3499
-24.9616
-23.8168
-23.4289
-22.9445
-22.2817
-21.5818
-20.6472
-19.1521
-1.12175
-3.72626
19.6786
34.7882
43.8141
49.4127
54.6553
61.4178
67.758
71.744
73.4581
73.4228
72.1643
70.5258
69.5114
68.6231
66.61
63.1135
65.5432
74.4316
81.5317
85.35
86.2816
85.1247
82.749
79.6029
75.5274
71.0822
68.9555
69.8756
70.8725
70.2077
69.2723
69.5589
69.6484
67.6378
62.867
55.7619
46.5864
36.1142
35.5337
43.2448
47.7124
47.9259
44.2885
37.7403
30.4815
21.1942
9.87215
-3.07981
-15.0353
-18.6475
-16.2679
-15.1691
-16.7618
-20.2299
-24.6377
-22.2757
-20.5426
-21.7265
-25.6296
-29.4109
-29.5945
-28.9791
-28.9153
-27.7135
-25.6688
-25.3317
-27.3433
-29.945
-30.5181
-29.1465
-27.6302
-26.9273
-28.2972
-31.8407
-34.8546
-33.5697
-29.8207
-27.1352
-25.3528
-23.8335
-23.8995
-26.8512
-32.4199
-34.3887
-31.4456
-29.6191
-29.5273
-29.7704
-29.8482
-29.6723
-28.3017
-26.0403
-24.8655
-24.8832
-25.2713
-25.9961
-27.4689
-29.4419
-30.5667
-29.155
-26.2143
-23.0446
-21.1928
-20.1022
-19.0641
-18.2814
-18.7962
-21.2135
-25.1001
-28.8603
-28.5294
-25.6502
-24.3441
-25.8878
-28.0982
-20.2592
0.478163
7.3723
24.7023
37.1275
43.8289
46.1548
46.0552
46.683
50.0171
53.2651
56.377
58.7938
59.795
59.6427
60.2593
62.7971
67.3091
72.6168
77.5777
80.6645
82.3227
83.1905
83.4205
82.8042
81.4445
79.6869
77.5555
75.5261
75.1397
75.8258
75.8865
74.5502
72.2595
70.1129
68.4003
65.7787
60.4595
51.8171
39.4788
27.5047
27.0266
32.7495
36.192
36.6305
34.6285
31.0357
25.6711
16.887
4.06527
-10.8066
-20.0246
-18.2798
-17.0948
-18.6571
-22.8388
-26.3489
-23.2082
-21.5512
-21.6626
-24.4866
-29.4444
-32.7521
-33.2822
-34.0718
-35.0774
-33.2126
-29.2902
-26.9717
-27.4058
-28.9882
-28.6461
-27.6967
-28.1789
-28.9681
-28.9805
-29.3052
-30.0576
-29.9198
-29.593
-30.0642
-29.601
-28.063
-27.0681
-28.0539
-30.2913
-29.6151
-26.9921
-26.6775
-29.8011
-35.0825
-37.4217
-33.8151
-28.9445
-26.3822
-25.8572
-24.5835
-21.5035
-19.7032
-20.8659
-24.5712
-27.6419
-28.172
-29.1909
-30.7665
-29.6318
-26.0837
-21.8704
-18.17
-15.5231
-14.127
-14.5724
-17.2542
-21.3433
-23.8589
-23.9677
-24.1926
-23.5501
-17.1165
-0.962245
9.09887
23.4017
37.2034
49.2629
58.8587
65.633
69.3242
70.1029
68.6801
66.438
65.331
66.284
67.733
68.465
68.5943
68.5896
68.8118
68.479
66.414
61.9574
56.3677
52.0213
48.0137
44.5847
40.4388
41.0875
40.3453
40.0662
39.4147
36.9726
38.2135
40.4252
40.2228
38.0507
33.8313
29.4496
25.9024
21.5969
17.722
11.9399
16.0355
23.6166
28.0933
29.2912
27.3523
22.3769
14.4204
1.79603
-14.0534
-19.8505
-16.2413
-15.5658
-17.2136
-22.2781
-28.8592
-30.9728
-30.7919
-32.2597
-35.8907
-38.6422
-37.1952
-34.1352
-32.3742
-32.0872
-32.1343
-30.6471
-27.6665
-25.8221
-26.5812
-29.8888
-33.3643
-33.6399
-31.4093
-29.8527
-30.7564
-33.2351
-33
-29.75
-27.7492
-27.7711
-28.5081
-29.0152
-30.2659
-33.0666
-34.4065
-32.6632
-32.3604
-34.4659
-34.85
-31.5319
-28.3798
-26.5249
-26.3655
-27.9767
-30.2018
-28.8623
-25.4917
-24.5915
-26.1608
-27.0583
-26.0018
-26.4557
-29.3819
-30.9105
-28.7554
-26.5489
-24.5411
-21.5096
-19.0932
-19.1865
-21.9861
-25.0413
-24.8444
-24.2716
-25.6567
-28.1841
-24.0451
-5.93173
-3.20462
12.6611
26.9718
38.2587
46.2574
51.5924
54.7925
56.7149
57.7549
58.0341
57.8703
56.8633
55.0147
53.0137
50.7823
47.3994
41.8765
37.3045
39.0878
40.7789
42.0524
43.0302
43.7791
43.984
40.6063
39.417
37.9874
37.041
37.9185
37.5364
36.9785
36.1983
33.1801
32.631
31.6375
29.3436
26.1729
22.3292
17.8145
11.3954
7.32818
13.3569
17.7555
18.1738
14.3859
6.51553
-4.26511
-13.1365
-21.3524
-22.5288
-22.2043
-24.2725
-26.0849
-28.7324
-30.9797
-30.2426
-29.8902
-30.8053
-32.2433
-33.3112
-34.4795
-35.1029
-34.1012
-32.0912
-28.705
-25.2635
-24.2769
-26.7247
-31.5002
-31.7842
-28.5895
-27.6873
-29.8817
-32.9139
-32.0312
-29.1369
-28.4139
-30.6045
-34.1138
-35.8471
-35.7112
-35.4212
-35.1272
-33.953
-30.596
-25.847
-22.2356
-21.0922
-21.9018
-23.0342
-23.8628
-25.1293
-26.4779
-26.096
-25.3099
-25.9227
-27.5468
-28.449
-29.1176
-31.2292
-33.8349
-34.2196
-33.107
-31.2163
-29.206
-28.1341
-27.3659
-23.9263
-20.5599
-20.3738
-23.8123
-28.8231
-31.2237
-32.6106
-34.9313
-36.2375
-33.4881
-7.47513
-7.931
-0.385342
11.7041
21.8866
31.124
39.2223
43.7797
44.4965
41.0928
34.2772
29.7804
28.7503
27.7827
30.4698
34.7867
38.7524
39.0806
38.9028
37.0714
35.2184
31.9391
25.1997
20.0284
27.3587
19.0518
26.6503
25.1425
24.3271
25.8009
23.6785
21.4284
23.3853
16.3993
16.191
13.9214
9.27262
6.82335
5.27472
2.99246
0.208927
5.83079
14.2549
18.6297
19.0478
15.5399
8.14946
-2.36559
-12.8002
-21.2114
-23.0724
-22.1079
-22.577
-24.0699
-27.3202
-29.8226
-29.8728
-26.5301
-23.8369
-22.1404
-22.2723
-24.6842
-28.3104
-30.6507
-29.5552
-25.3049
-21.7444
-21.5153
-25.0149
-29.7602
-29.9402
-28.3314
-28.7848
-31.4065
-33.9935
-33.9549
-32.5405
-31.6924
-31.0236
-30.2041
-30.0698
-31.8899
-35.7323
-39.356
-37.499
-31.4236
-26.0131
-23.3928
-23.968
-26.7918
-28.4008
-27.5269
-27.2162
-27.4642
-27.356
-27.6179
-28.048
-27.0983
-25.7512
-25.8297
-27.6771
-30.871
-34.5263
-35.7802
-33.8414
-32.5995
-33.1743
-33.6086
-31.3565
-28.7796
-28.5935
-30.9774
-34.3526
-35.6917
-33.7674
-30.6721
-29.6082
-30.033
-6.19805
-13.4048
-8.31605
0.940321
15.3443
27.877
36.4949
40.8655
41.556
38.726
34.2888
32.2202
31.7369
30.1726
30.65
32.7621
35.5326
34.6327
33.9401
31.985
29.843
28.4427
25.5718
24.2248
28.5739
17.7851
23.9252
20.1637
17.5636
21.4193
17.5239
15.5508
21.0434
13.7567
14.2504
10.0229
1.02161
0.662311
-0.0429755
2.9701
14.4241
23.7788
27.8722
27.7895
24.2704
19.3132
14.9711
9.80864
1.70851
-7.63894
-14.1683
-18.562
-21.7397
-23.0748
-25.3601
-29.0406
-32.0185
-32.2436
-31.2204
-30.8872
-30.9079
-31.3073
-32.3562
-33.3953
-33.3555
-32.8207
-32.7748
-32.9806
-32.9197
-31.6669
-30.2264
-30.4378
-32.9754
-36.6636
-39.6104
-40.6917
-38.7995
-35.7446
-33.2127
-29.9254
-26.9023
-26.3342
-28.2887
-29.4515
-27.688
-26.6263
-27.1021
-28.4795
-31.2897
-35.8144
-38.2264
-36.9692
-36.3731
-36.0731
-34.1775
-32.3767
-32.4645
-34.1021
-34.5986
-32.6809
-30.9555
-30.6908
-31.5502
-32.7021
-33.6618
-34.4178
-35.7084
-37.3273
-37.596
-36.7716
-36.774
-37.7043
-37.9244
-36.569
-35.3862
-35.0409
-35.2159
-33.7156
-5.87753
-12.0105
-10.0068
-0.467545
8.83752
18.5007
26.6104
30.4329
30.5607
27.5332
26.4886
30.4729
33.692
34.1196
33.7559
35.3715
38.6746
38.5512
37.3472
33.7683
29.6635
27.5923
22.373
19.036
26.4673
8.33161
20.127
16.9386
8.1509
17.2822
13.4933
15.5429
21.931
16.7446
15.5463
9.90247
-0.987578
-3.62953
-2.08355
15.2591
32.5975
44.4075
50.0825
50.8644
47.1414
38.8857
27.6429
15.4155
2.95425
-6.61041
-11.9599
-18.6144
-26.3011
-27.6
-27.3683
-28.9073
-36.5484
-35.6511
-34.02
-32.811
-32.2999
-32.7693
-33.6583
-33.2479
-32.0409
-31.8195
-33.1993
-35.9925
-40.2349
-45.6872
-48.2136
-44.9821
-40.4585
-36.7509
-34.3813
-32.99
-31.5324
-30.5134
-31.0187
-31.2289
-29.6438
-28.4056
-28.9412
-30.0174
-30.0376
-29.9072
-30.6907
-32.7793
-36.0689
-39.2802
-39.0445
-37.7987
-39.2098
-42.0027
-41.5503
-38.6022
-36.3297
-35.2198
-35.8459
-38.3354
-40.0257
-38.7097
-37.4777
-37.2042
-35.7222
-33.2615
-31.8113
-31.6494
-32.6195
-34.0402
-34.7892
-34.2816
-33.8394
-33.7725
-32.3941
-30.9531
-31.3801
-32.1844
-7.47777
-12.8142
-10.5889
-0.591846
8.89802
18.7713
27.9447
34.6798
38.6373
40.6901
42.4251
43.6667
43.522
41.2689
38.0762
34.0257
31.484
27.2824
27.2102
28.5165
31.3979
31.9492
28.8202
25.984
29.5972
18.9695
19.903
13.5603
-2.0539
14.005
11.1027
17.6496
26.0937
26.6733
26.2772
21.6257
12.3391
-0.0230256
-3.4911
13.303
30.1473
41.3306
46.4892
47.2403
44.5925
39.8613
34.072
25.279
11.1367
-5.87423
-15.1963
-21.97
-26.0229
-22.8799
-21.508
-23.6549
-38.4498
-37.0798
-35.0646
-34.3805
-34.7938
-34.3081
-31.7827
-29.0867
-28.3432
-30.1622
-33.802
-36.9577
-39.376
-41.1633
-39.1473
-35.1116
-32.3913
-31.5109
-31.8017
-32.8823
-34.6767
-36.8024
-38.1239
-38.6633
-39.4207
-39.3831
-37.6443
-34.4632
-31.8441
-31.2757
-32.7919
-35.2249
-36.6583
-36.0946
-34.8359
-35.0265
-37.3301
-39.6736
-39.8061
-39.1678
-38.2983
-37.514
-37.7538
-39.2626
-41.3285
-43.5707
-45.7929
-45.7518
-39.8021
-31.1383
-25.5951
-24.075
-26.2306
-30.6068
-33.1425
-33.4567
-34.5806
-36.0936
-34.7885
-32.4554
-31.7206
-31.5065
-6.41103
-11.7674
-9.2738
-2.72596
3.95644
11.5202
22.0819
27.1167
28.0291
24.3077
19.7845
20.1136
22.5785
22.2145
24.1148
23.555
23.9211
19.6818
23.3024
22.2408
17.7482
18.2211
15.7555
17.5478
25.4754
10.0779
18.3432
14.9937
-5.65297
11.9952
7.28857
13.6397
22.5189
20.755
20.6552
16.3469
6.6305
-2.10188
-4.16373
1.38544
15.8251
24.463
28.1014
28.2202
27.3202
27.8932
27.7142
23.9127
15.3859
1.32888
-15.6942
-21.6822
-15.309
-9.75126
-8.66345
-12.1081
-31.8135
-32.4912
-33.8219
-35.9216
-37.4101
-36.6432
-35.0255
-33.8344
-33.7542
-35.4887
-38.968
-41.7106
-41.7762
-41.1181
-40.2429
-37.3551
-34.1161
-32.6192
-32.4367
-31.5048
-30.5347
-31.4127
-34.5567
-38.8933
-41.048
-38.8681
-35.1128
-33.0563
-33.2874
-35.2046
-37.0761
-36.6828
-34.4129
-32.5042
-32.2517
-33.3241
-33.9766
-33.6295
-34.4655
-37.4616
-40.8628
-40.8637
-38.8612
-37.6091
-38.0275
-40.1946
-42.3487
-40.7165
-37.2852
-34.4819
-33.1803
-33.9196
-36.0611
-36.361
-34.2704
-32.9683
-32.9709
-33.816
-35.4444
-35.9441
-31.9714
-26.5988
-6.74388
-10.7856
-5.58145
2.68487
8.99635
16.6761
26.0162
32.1005
35.902
37.192
37.3052
36.3304
33.7901
29.7019
26.5895
23.772
23.3307
14.6089
18.4961
17.4739
9.87041
13.6131
12.3566
17.2805
25.7505
10.3767
18.1082
13.9615
-9.51485
10.1425
5.0505
8.70405
18.4251
12.076
13.566
10.1441
0.0132938
-7.05576
-5.14722
4.70624
18.2946
28.283
32.7453
33.0691
31.6756
31.3198
30.7227
26.9616
19.2575
8.51316
-3.27845
-12.0604
-15.3776
-15.2083
-17.1048
-22.2866
-33.4107
-31.4435
-31.4913
-33.8523
-37.9073
-40.2975
-39.9862
-39.0639
-38.1546
-37.7242
-38.6652
-40.2254
-40.3112
-38.9291
-38.2245
-39.0776
-40.7185
-40.6697
-38.0672
-35.5442
-34.8875
-35.9322
-37.4112
-38.8218
-39.7472
-39.5628
-38.663
-37.7722
-36.0557
-34.2887
-34.0206
-35.3683
-37.2021
-38.4045
-38.5827
-37.0664
-33.9126
-31.8625
-32.4476
-35.632
-38.9844
-39.7224
-39.564
-39.4452
-39.7028
-41.0661
-42.2397
-40.5025
-38.1316
-38.0153
-40.8635
-46.1959
-50.7844
-48.7173
-44.9535
-42.8978
-41.8008
-40.2304
-38.6417
-38.4887
-37.0947
-29.4297
-6.89839
-6.97997
-2.05653
4.36317
9.79415
17.9734
26.2528
30.5408
31.0953
28.2327
24.2883
20.8188
19.5641
14.8662
15.9547
13.0229
15.2941
3.90947
17.4414
15.0255
2.70551
7.43196
-0.774971
10.2297
23.7652
-0.987295
15.4015
12.121
-14.6648
9.77356
3.05171
4.42299
15.3772
1.40342
5.79574
3.66526
-10.0955
-10.8969
-8.44131
3.70085
18.7599
28.5279
32.7019
32.3402
28.2933
22.7343
19.5302
16.9904
13.4607
7.01023
-4.00812
-13.3991
-13.5738
-13.9001
-18.4972
-27.5325
-36.0467
-37.9871
-38.8595
-39.1799
-40.4491
-41.4387
-40.0166
-38.8696
-40.4779
-43.7635
-43.8231
-40.7576
-38.9475
-39.4148
-41.4304
-43.0842
-42.6518
-40.0123
-37.2025
-35.9319
-36.406
-37.9689
-39.8643
-41.709
-42.0837
-41.1704
-41.2123
-43.5333
-47.4173
-48.6001
-47.2456
-45.5231
-44.1458
-43.228
-43.2113
-43.295
-41.9586
-39.9625
-39.4328
-40.9693
-43.52
-44.9985
-43.1879
-38.9039
-36.4986
-37.5828
-41.4227
-43.2877
-41.6842
-41.7602
-44.7566
-49.0644
-49.6138
-46.0287
-42.0935
-40.0209
-39.7281
-38.5609
-35.6594
-33.7097
-29.8768
-17.1262
0.258364
4.17142
6.34284
6.74159
12.9689
23.9299
34.2931
39.9128
41.3706
38.7343
32.5127
24.5267
16.8175
13.711
16.6231
14.9185
17.9936
11.4969
18.6758
14.6947
0.288147
6.60905
-1.85317
9.46722
22.8768
-6.43482
14.3867
11.7829
-16.1262
9.28822
2.03006
0.294159
13.5503
-11.6391
1.44656
0.303068
-15.2302
-13.2479
-7.69943
1.6524
16.5281
25.9793
30.0786
29.9929
27.0893
23.8689
21.0071
15.5392
5.72014
-7.69582
-20.9299
-25.5254
-23.8771
-24.0462
-28.1667
-35.2321
-40.0959
-44.7198
-47.364
-45.6976
-43.2119
-41.4122
-40.6112
-41.0227
-42.645
-44.7569
-46.513
-47.4039
-47.6741
-46.7308
-44.336
-42.4845
-41.9651
-41.7124
-40.9929
-40.83
-42.3951
-45.9786
-50.4572
-51.8647
-48.7304
-45.1576
-43.641
-44.1759
-46.1818
-48.3963
-48.883
-48.0306
-47.1165
-46.0183
-44.669
-43.7974
-44.0823
-45.3082
-46.5058
-47.6303
-49.4587
-51.624
-51.233
-49.6641
-49.087
-49.2168
-49.1679
-47.8829
-45.7305
-44.6563
-45.7052
-47.8682
-48.2713
-46.5721
-45.3765
-45.161
-45.0981
-44.3574
-43.166
-41.3198
-32.5661
-13.2111
4.11407
9.74645
11.7154
9.5565
8.88153
20.2073
29.9334
34.3012
34.2167
29.6689
21.743
14.0399
11.39
6.51412
13.5091
13.8123
19.2317
18.6527
22.1627
19.2047
14.4917
17.8587
18.6999
19.9614
25.0126
9.9175
15.5484
12.722
-6.58184
9.23768
3.38041
1.56292
13.2696
-11.7759
0.529901
-0.619864
-15.6687
-13.9122
-7.55975
5.34742
21.0638
30.8566
35.0226
34.6519
30.8276
25.6298
20.8471
13.4914
1.34401
-14.0258
-26.072
-33.6355
-39.1368
-39.6871
-41.3536
-42.6184
-39.6004
-41.1107
-43.6092
-45.6629
-44.9462
-42.4165
-41.0949
-41.8973
-44.7164
-48.5315
-51.6664
-51.5196
-48.9478
-46.1076
-42.4634
-39.117
-37.7339
-38.8885
-42.2614
-46.5913
-49.102
-47.9753
-46.5453
-46.9273
-48.1861
-47.0713
-43.2795
-40.7567
-41.1923
-43.8353
-44.888
-42.4644
-40.3857
-39.8229
-40.9482
-42.9642
-44.5833
-45.4611
-46.6551
-49.0326
-50.9031
-50.925
-49.6915
-47.4529
-45.7332
-45.8105
-47.6126
-49.1644
-48.6581
-46.6319
-44.9077
-45.1112
-47.1851
-49.0794
-48.506
-46.3196
-44.8449
-45.0357
-46.7023
-47.4787
-34.0935
-16.9143
1.01179
5.12889
6.66829
4.19868
4.04604
12.3102
21.3328
25.4173
25.5809
21.5439
16.7058
13.4315
11.6912
5.12172
10.9156
8.01146
14.3717
6.39375
17.5553
17.6061
18.5676
24.1124
25.924
26.0911
27.6812
14.8948
18.4811
16.2629
8.63997
13.6547
9.27592
7.59136
14.7601
-5.65618
1.69401
0.689727
-10.9181
-13.3809
-8.20648
-0.228959
17.5777
28.2939
33.0663
33.0576
29.0433
22.892
17.7981
11.3685
-0.0990843
-16.2162
-32.7709
-37.8675
-40.1387
-40.5078
-43.4616
-46.569
-43.4523
-45.499
-47.9249
-50.0025
-50.0438
-48.3405
-46.8104
-46.2838
-46.605
-47.3566
-48.967
-50.8777
-51.1853
-49.2478
-46.6151
-44.4462
-43.8137
-44.7798
-45.7655
-45.8668
-46.0102
-46.5064
-47.2829
-48.3726
-49.6018
-48.8992
-45.8855
-43.613
-43.9965
-46.8472
-49.2372
-47.428
-44.4121
-42.8937
-43.5908
-45.9015
-48.0855
-48.7057
-49.5501
-51.8816
-54.2177
-53.8194
-52.2224
-50.5737
-49.071
-48.1657
-47.3982
-45.459
-43.4869
-42.9989
-43.7416
-44.2351
-44.3968
-44.8042
-45.5715
-47.0397
-48.7095
-48.9344
-47.7777
-46.7293
-32.3674
-15.7478
1.18826
5.79695
7.36189
4.96859
-0.478714
-3.32556
6.21628
9.98571
12.5001
10.1234
9.52561
10.605
12.9924
14.023
18.6219
19.3667
21.4619
18.0008
21.607
23.6096
25.9792
29.4051
30.366
30.7529
31.8146
25.7201
25.7124
22.7872
18.6722
19.4631
15.9849
12.8232
15.744
4.87932
6.55511
3.28787
-7.38439
-13.7051
-8.37071
-10.4573
-2.88521
6.87734
14.3084
18.9007
21.2637
21.0048
17.4862
9.71322
-3.18234
-19.2127
-27.4113
-35.7382
-47.0801
-48.1086
-51.9294
-50.4955
-44.2306
-46.5938
-48.305
-49.8053
-50.07
-48.7725
-48.7116
-50.467
-51.9539
-51.6568
-51.2182
-50.2065
-47.4791
-45.7486
-46.5243
-49.3365
-51.8991
-53.0233
-53.231
-52.9849
-52.4278
-51.8989
-50.4647
-47.6846
-45.5862
-45.3331
-46.0481
-45.7729
-45.0624
-46.0794
-49.1452
-52.1723
-51.6912
-48.9238
-46.8387
-46.3873
-45.9312
-44.8796
-45.0221
-47.4372
-49.9023
-49.7871
-49.5
-50.1221
-48.5301
-45.9011
-44.75
-44.2234
-43.3453
-43.0596
-43.2096
-42.7084
-42.5361
-44.0698
-46.5966
-48.2156
-49.0806
-50.2917
-51.6931
-51.0954
-31.3313
-12.7305
3.49502
8.28531
9.8517
7.44532
2.35171
-3.39937
-1.06907
-1.73722
2.98151
4.67349
9.29977
12.4149
15.2757
16.4018
20.2472
20.6847
23.2835
24.8428
28.9721
29.8741
28.7565
28.6644
28.6171
29.4066
31.4242
28.1759
28.5803
26.2306
22.7933
22.4429
20.2418
19.0829
20.6364
14.4675
12.0149
7.48935
0.0241546
-7.66748
-8.37554
-11.0915
-1.02779
7.56698
13.7858
17.9905
21.6459
23.3214
21.6188
15.6316
4.64712
-8.4149
-19.1053
-28.1586
-38.7758
-41.317
-44.099
-44.3816
-44.4121
-42.7002
-43.6191
-47.8393
-53.6583
-53.971
-51.2487
-50.702
-51.4037
-51.4315
-50.5526
-49.2672
-48.1466
-48.6607
-51.8424
-57.2727
-61.24
-59.8931
-56.1886
-52.6487
-50.1162
-48.4586
-45.9878
-42.2887
-40.0864
-40.6414
-43.0627
-44.653
-45.4053
-46.8982
-47.7434
-47.4911
-47.7301
-47.6334
-46.0362
-44.4041
-44.3302
-45.1572
-46.1267
-46.7464
-46.5885
-46.239
-45.8153
-45.6323
-45.7975
-46.3258
-46.6181
-46.1178
-44.4169
-43.1145
-44.2326
-48.5076
-52.9876
-51.1996
-48.6191
-48.0038
-47.2968
-46.1062
-46.241
-47.698
-29.6365
-7.22505
8.56371
15.4331
17.6322
15.5807
11.0471
9.55085
12.5149
13.5027
16.2175
19.2419
22.5796
24.5817
26.1883
27.2947
28.9978
29.7229
29.693
27.7474
29.6453
32.8699
35.2654
37.4747
38.0701
37.9051
37.8329
35.7758
35.7755
35.575
34.7859
34.5232
33.7066
32.5421
31.6271
27.6357
24.4948
19.7057
12.9871
4.53136
-0.363882
-4.63829
9.43914
19.1911
24.0196
25.0236
23.9635
22.4845
20.1517
15.1116
6.80552
-3.71111
-15.4647
-24.3585
-30.1754
-33.2342
-37.3234
-39.3973
-47.6642
-48.4262
-48.3012
-45.6137
-42.9915
-42.1805
-42.9991
-44.4263
-45.7591
-45.9868
-44.7861
-43.7391
-43.547
-43.8813
-44.8283
-47.0575
-49.9537
-50.138
-47.8458
-46.575
-46.901
-47.3323
-47.0431
-47.2678
-48.8728
-50.4065
-50.0749
-48.9454
-48.341
-46.4324
-42.9892
-41.3929
-43.1848
-47.6638
-49.3761
-44.1612
-39.7427
-38.631
-40.5495
-43.0537
-42.7011
-42.0533
-43.3313
-45.3172
-46.3407
-47.544
-49.0924
-48.8667
-48.0927
-48.919
-50.1562
-49.6032
-48.319
-47.3534
-47.0862
-47.1264
-46.8653
-46.2433
-45.2604
-43.3484
-26.9342
-7.91079
7.74309
14.2556
16.2113
14.0114
10.8004
12.9772
17.8585
19.5025
20.3483
21.1209
23.7106
26.1511
28.5467
29.9453
31.6479
33.4076
36.4152
38.8318
40.8652
41.2933
41.4194
41.7907
41.1201
39.1524
37.3503
34.4672
34.3764
33.6268
32.8303
33.2901
33.2628
33.2535
33.2824
31.7478
30.3205
27.2999
21.8884
14.3615
6.22557
3.67022
15.9574
27.6543
33.4092
34.2163
30.5696
23.1717
15.7794
9.51972
1.49567
-8.36014
-15.8894
-23.3441
-32.1916
-37.0512
-40.765
-40.3276
-48.8595
-50.1919
-47.9673
-43.1819
-39.8519
-38.6511
-38.9784
-39.8434
-41.1735
-43.027
-44.7645
-45.6703
-46.3461
-47.9877
-49.1553
-48.1829
-47.1767
-47.5231
-47.8058
-46.9482
-46.171
-46.2848
-47.1625
-48.6479
-50.6138
-52.5817
-52.8713
-48.7948
-43.0371
-39.053
-37.7574
-39.3364
-43.6642
-49.6833
-54.0542
-52.252
-46.5244
-42.8852
-42.383
-43.6078
-44.0657
-43.9093
-44.5951
-46.2031
-48.0347
-49.0142
-47.0201
-43.537
-41.9732
-43.2807
-47.0918
-50.5603
-50.1629
-48.3138
-45.5856
-42.4076
-40.9353
-42.2226
-45.603
-47.0315
-30.0257
-15.3786
1.59466
6.2913
8.18521
7.3375
9.58882
16.1112
22.1609
25.6254
27.7658
29.6623
32.5446
35.6662
37.761
38.041
37.434
36.9404
38.2587
40.4052
42.6379
43.4089
43.6057
43.4444
41.9204
39.8009
39.1378
38.5777
39.0436
37.8832
36.6677
37.0721
38.1899
39.695
40.5099
38.8293
35.1782
29.175
21.6508
14.1232
6.59004
1.61624
3.50006
12.5067
18.8513
21.0293
20.562
18.7637
15.6364
9.51071
-0.399702
-10.1304
-15.8365
-22.2955
-30.4946
-34.6897
-39.695
-42.8206
-41.1058
-40.2569
-40.6935
-42.3094
-43.7461
-44.1287
-43.5566
-42.1034
-40.828
-40.7226
-42.0501
-44.0263
-45.1829
-45.899
-46.5705
-46.509
-46.0667
-45.5989
-44.9255
-44.8123
-45.8019
-46.8238
-47.2094
-47.9396
-49.4494
-50.7979
-51.4794
-51.6919
-50.7923
-49.1586
-48.6315
-48.9138
-47.5399
-44.5665
-42.8289
-43.176
-45.0688
-47.1868
-48.1128
-48.1958
-48.8117
-49.576
-48.1684
-45.8818
-45.133
-45.8
-46.0122
-44.5532
-42.945
-42.4975
-42.4933
-41.1271
-39.3675
-38.6813
-39.2957
-40.0274
-39.7581
-39.385
-39.67
-40.1484
-32.6339
-16.7638
0.550817
5.87937
8.44102
11.1179
16.8262
23.6558
29.6885
33.4322
35.9531
37.5597
39.214
41.6162
44.8687
47.9321
50.1637
50.9148
50.2011
48.7028
48.1896
50.0926
53.1369
55.5911
56.7065
56.2621
54.7802
53.119
52.7077
52.1418
50.8038
49.8613
49.0531
47.2371
43.8581
39.0734
34.6177
29.3612
22.972
17.1481
11.7101
5.49408
7.882
14.6455
19.5763
22.3595
23.4107
22.3826
18.3849
10.8519
1.67106
-4.13074
-8.23634
-15.0284
-23.0763
-29.223
-36.4914
-42.0291
-43.1119
-43.6548
-44.8636
-46.2645
-46.8783
-46.2359
-45.3902
-45.6402
-47.15
-47.4179
-45.4923
-44.5509
-45.464
-46.752
-47.088
-46.4925
-44.0011
-40.8887
-39.7817
-41.4579
-45.0647
-47.8948
-48.1058
-46.8594
-45.4627
-44.7746
-45.4056
-46.7577
-46.9564
-45.267
-43.1061
-41.6302
-41.74
-43.8109
-46.7756
-47.7327
-46.8526
-46.299
-46.3436
-45.8388
-44.4983
-43.6565
-43.9776
-44.7053
-44.9358
-44.6448
-44.1194
-43.9577
-44.5666
-45.0984
-45.3531
-46.1408
-47.2533
-48.0876
-48.6384
-48.1682
-46.0037
-43.4498
-41.8967
-40.9619
-33.7226
-16.1686
-0.162449
6.77312
13.3533
22.0653
28.8385
32.8421
35.5074
38.5827
41.9922
44.5465
46.3785
47.9512
49.497
51.441
53.6265
55.6637
57.4616
58.6667
59.0404
58.8942
59.4783
60.733
61.4385
61.0143
59.6028
57.0847
53.8452
50.9464
49.2593
48.4375
46.9021
44.146
39.9484
33.0879
26.9895
23.7624
19.6446
14.3393
8.40441
4.82863
9.4574
16.8873
20.9038
21.0916
18.8178
15.9311
12.6508
7.22735
-0.045859
-6.33197
-11.054
-18.1845
-26.7543
-33.1027
-40.2192
-44.1768
-46.9159
-45.348
-43.0304
-42.2588
-43.2052
-43.9319
-43.8167
-44.5059
-46.7414
-49.1035
-49.9046
-50.2751
-51.3174
-51.3012
-48.3014
-45.1808
-43.6808
-43.314
-43.1463
-43.5822
-45.5255
-48.5504
-49.8653
-48.5685
-46.544
-45.0773
-45.153
-46.377
-46.7568
-45.7307
-44.2102
-41.8192
-39.7295
-39.7206
-41.7411
-42.6984
-41.1856
-40.038
-39.9406
-39.6521
-38.3736
-37.2953
-37.6903
-39.9794
-42.7035
-42.6269
-40.9392
-40.6642
-42.51
-45.0221
-45.977
-46.0641
-47.0894
-48.742
-49.5882
-49.2754
-48.9339
-48.1084
-46.5666
-44.5565
-33.0616
-14.8424
1.49086
7.8771
13.9255
22.6703
30.8476
36.9795
41.0651
42.78
42.3594
41.0604
41.0117
42.3008
43.7327
44.4571
45.2733
46.905
48.5709
48.7178
48.8404
50.678
53.6693
56.1624
57.7083
58.2954
57.2674
53.6339
48.001
41.6369
37.9725
38.1077
37.7367
36.926
35.0561
30.1529
25.3212
21.1603
16.4163
11.766
6.09593
-0.288154
-3.65743
2.26559
8.25337
10.3186
9.06463
5.4026
-0.245632
-8.19371
-16.476
-21.3262
-25.5947
-31.4546
-40.4231
-44.5387
-46.3636
-45.7072
-48.9253
-46.9909
-46.4697
-47.0304
-48.205
-49.5946
-49.6023
-48.8187
-49.2263
-51.0597
-52.0157
-50.5561
-49.1278
-48.5589
-46.6759
-42.6058
-40.1179
-40.8377
-43.9377
-46.3257
-46.3572
-46.0762
-45.06
-42.6909
-40.7279
-40.4666
-41.6936
-42.8657
-43.5195
-44.776
-46.332
-45.2911
-41.3847
-38.4675
-37.9426
-39.2704
-41.2976
-42.5647
-42.1388
-41.1562
-41.4958
-43.3913
-45.8154
-48.0915
-49.8345
-49.9208
-48.0963
-46.2785
-45.8403
-46.4051
-46.4478
-45.2805
-44.663
-45.6284
-47.8381
-49.8064
-50.0038
-48.4218
-47.1683
-47.5305
-33.8269
-17.1124
0.854737
6.38691
11.2544
17.8796
24.1338
29.0358
33.037
36.3462
38.712
40.0026
40.8843
42.3888
44.754
46.7333
47.2636
45.7572
43.0798
40.0261
39.0929
40.0433
42.7687
45.4921
45.9525
44.0999
41.8182
38.8107
38.0074
37.3639
36.7673
36.42
34.1227
31.7918
31.6513
29.3659
27.2623
24.7004
20.5361
15.427
9.00016
0.34861
-4.75506
-3.98673
-0.137953
1.71644
4.00135
5.65957
4.232
-1.56001
-12.0341
-23.792
-35.2339
-41.1782
-47.0582
-47.0477
-48.0173
-47.6284
-42.7557
-41.6053
-42.2302
-44.0094
-45.3191
-46.6424
-48.6717
-50.1464
-50.5173
-51.093
-51.1631
-49.5618
-47.2988
-45.1599
-44.1127
-44.5471
-45.5603
-45.6733
-45.4057
-45.676
-45.9997
-45.9439
-45.3891
-45.1551
-46.0918
-47.9584
-49.2499
-49.6756
-50.6622
-51.503
-50.1307
-46.8454
-43.1558
-40.8433
-40.3473
-41.5659
-43.8485
-46.2733
-47.9199
-47.9103
-46.863
-45.4098
-44.858
-46.1131
-48.1082
-47.732
-45.2537
-43.9092
-44.5055
-45.6584
-46.0513
-46.2216
-46.864
-47.9845
-49.9945
-52.5586
-51.8007
-48.7292
-47.2456
-47.9454
-36.31
-18.1138
0.538074
5.26878
9.19829
14.5251
20.9906
27.1334
32.9404
37.7655
40.9121
42.5544
43.579
44.4539
44.9087
44.8147
44.6657
44.2731
43.6767
43.214
43.82
44.4784
45.6262
46.8045
46.9554
46.1417
45.0023
41.5877
37.2716
33.6764
33.4758
35.3202
35.0265
33.8812
33.5772
32.2935
30.1537
26.1233
19.7975
13.7076
7.48727
1.74113
-1.07952
-2.62027
-0.264062
2.70186
6.61242
8.90674
7.59291
1.48316
-10.1445
-24.9518
-35.3935
-41.2405
-49.3197
-50.9632
-52.081
-51.2053
-49.2886
-46.2844
-45.1831
-45.3985
-45.6737
-46.0545
-47.0385
-48.264
-49.0151
-48.8874
-47.5426
-45.0848
-42.6953
-41.5439
-42.267
-44.6242
-47.324
-48.9712
-49.8333
-49.7578
-48.4185
-46.7578
-44.993
-43.1229
-42.4877
-44.0127
-46.9609
-48.1985
-47.3439
-46.4118
-45.7182
-44.8805
-43.6379
-42.7082
-42.6861
-43.3653
-44.0167
-44.1051
-44.2762
-45.1973
-47.058
-49.458
-51.4707
-52.3882
-50.9458
-48.7095
-47.6327
-46.7218
-44.2513
-41.6214
-40.7831
-42.2028
-45.1798
-47.0471
-45.6203
-43.289
-41.741
-41.5993
-43.2118
-45.8533
-38.3034
-20.3968
-1.35635
3.7507
8.42404
14.3886
21.4102
28.4475
35.0764
39.4391
41.804
43.047
43.9383
44.3979
44.0706
42.6516
40.8474
39.9356
40.5578
41.6674
43.3496
44.049
43.7099
42.9803
41.3782
38.8049
36.7889
32.8202
31.5549
30.9751
32.954
35.2572
34.724
32.4305
30.153
26.9112
25.3225
22.1677
16.2052
9.16331
1.52554
-4.51172
-6.6964
-10.1225
-7.66332
-6.54507
-6.49854
-6.93356
-9.17528
-15.2806
-24.0849
-33.3665
-36.4283
-38.8693
-42.9755
-43.9969
-45.4112
-44.6739
-42.2397
-41.0654
-42.0825
-45.1745
-48.6216
-48.5466
-45.4965
-43.8101
-44.9943
-47.7233
-48.0622
-45.4489
-43.4977
-43.5412
-45.5642
-48.2056
-49.633
-50.1787
-50.6814
-50.2697
-48.1981
-45.3749
-42.2251
-39.5644
-38.7648
-40.5065
-44.6595
-49.135
-51.1558
-49.2996
-44.6687
-41.1365
-40.5174
-41.994
-43.0952
-42.7378
-42.8172
-43.7535
-44.7966
-45.6496
-45.9576
-46.2235
-47.5742
-50.4538
-52.8286
-51.759
-49.4218
-47.9741
-46.6585
-45.409
-45.12
-45.8349
-46.6659
-45.8561
-42.5252
-38.8589
-36.811
-37.0214
-39.2659
-42.2986
-42.714
-27.1493
-5.85771
-0.937421
3.55069
8.69895
15.4735
20.512
23.4052
23.5077
23.3851
25.0105
27.1627
27.6683
26.485
24.5815
25.1631
25.9274
28.7556
30.8573
34.0204
35.0483
35.2694
35.3444
34.4272
32.8914
32.5398
26.706
24.496
21.7907
19.306
21.919
20.4582
18.2448
18.7358
11.345
11.1308
8.39562
-0.152505
-5.81223
-6.5434
-11.1483
-12.3895
-10.5508
-5.87501
-6.19479
-10.8593
-18.4673
-25.2042
-35.7419
-38.2623
-41.4984
-41.1549
-40.4
-44.0197
-43.9989
-45.0104
-45.5851
-41.0402
-40.2342
-41.6375
-44.1475
-44.3867
-42.1612
-41.0718
-42.689
-47.0579
-51.071
-49.4939
-46.5299
-45.857
-47.119
-47.8724
-46.7189
-45.2355
-44.312
-43.8934
-43.748
-43.9234
-43.9976
-43.0025
-41.8969
-42.0995
-44.0697
-46.5146
-47.4556
-47.1672
-45.4407
-42.7517
-41.1283
-41.4276
-42.761
-43.527
-43.6928
-43.7244
-43.6141
-44.0181
-45.1133
-46.1094
-46.502
-47.4336
-49.9978
-53.8124
-54.6292
-50.2105
-46.2797
-44.8398
-45.2683
-46.1306
-46.4821
-46.8116
-47.1727
-46.8398
-45.8657
-45.2941
-45.5261
-45.9244
-46.1254
-38.26
-19.5127
-1.13463
5.10247
11.1087
17.007
21.2006
23.758
26.7061
29.0744
30.6397
31.3131
31.869
32.7755
34.7163
36.2477
37.0974
36.8024
36.6417
36.0818
37.1192
39.4105
41.871
43.3735
42.6862
40.3282
38.6199
35.7145
34.5928
33.044
31.4268
30.8017
28.0394
25.2216
24.7677
22.484
20.7644
16.1326
6.30617
-4.66527
-8.78295
-13.6972
-7.36846
-0.333124
4.53431
4.74626
0.766772
-6.66408
-16.7181
-28.0225
-34.2967
-34.7899
-35.0247
-36.7623
-43.3053
-47.0357
-48.6614
-46.9205
-45.8757
-43.8742
-44.3262
-46.5731
-48.0776
-47.1212
-45.7768
-45.8957
-47.7805
-49.1031
-47.0497
-44.4282
-43.6982
-44.8425
-46.6105
-47.9065
-48.8579
-49.2565
-48.8991
-48.3487
-47.7042
-46.9468
-46.4547
-46.7869
-48.163
-50.5178
-52.8112
-53.6897
-53.6179
-51.8815
-48.4021
-45.4133
-44.0399
-43.7842
-43.8474
-44.3277
-45.6632
-47.8171
-50.2506
-51.1401
-49.3427
-47.3646
-46.8941
-47.7558
-49.1201
-49.7035
-48.0103
-45.7825
-44.8906
-45.574
-46.776
-47.0633
-46.4696
-45.5407
-45.5766
-47.0511
-49.4331
-50.0321
-47.5633
-45.412
-31.6697
-14.8119
2.27654
7.22511
11.464
15.8025
20.1117
22.8572
25.4451
29.0598
32.7184
35.0315
36.2239
36.7537
37.3331
37.7209
37.9132
38.1939
39.3325
40.1513
42.599
44.976
47.1302
48.5842
49.2148
49.2428
48.2734
45.3327
41.9852
38.4152
35.1968
32.9891
30.2931
27.987
27.5936
24.9718
22.9787
18.4433
9.74572
-1.84719
-11.6979
-11.6464
-6.36922
2.37116
8.63803
10.5892
8.89667
3.86387
-4.48839
-17.7699
-28.6833
-30.945
-30.0979
-30.8423
-35.1327
-38.8534
-41.753
-42.5161
-46.6302
-44.2362
-42.3446
-41.2778
-41.1968
-42.4504
-44.7568
-45.876
-44.2827
-42.4554
-42.48
-43.8045
-44.1647
-43.5156
-43.7129
-44.8367
-45.142
-44.3508
-44.1481
-45.1958
-46.5126
-47.5545
-48.3984
-48.4389
-47.5764
-47.3242
-47.5049
-46.9936
-46.5628
-47.1349
-48.3382
-49.5405
-49.1547
-46.6128
-43.7172
-42.2958
-42.7128
-43.7905
-43.5903
-42.5411
-42.019
-41.8869
-41.7765
-42.1214
-43.3204
-45.0869
-46.151
-45.3695
-44.0425
-43.9782
-45.1083
-46.2216
-46.3963
-45.833
-45.1896
-44.8622
-44.8748
-45.4194
-46.9535
-49.2815
-30.4192
-12.0027
4.39588
10.1386
14.1065
17.434
21.3072
24.9307
28.4537
32.232
36.5232
40.6768
43.8479
45.1665
44.3011
41.466
38.5029
38.5668
42.3555
45.6675
48.1561
49.7971
51.0823
52.1612
52.2812
51.1963
49.0035
45.829
43.373
41.1499
39.1276
37.483
35.2709
32.6807
31.0664
27.4679
22.9325
15.5852
3.40731
-6.79942
-12.2453
-8.39653
0.355141
10.9831
16.5184
17.0148
12.6908
2.99215
-12.0379
-28.3159
-31.7924
-36.6529
-36.3482
-36.5729
-39.4167
-39.4676
-40.7705
-43.9196
-45.6542
-44.5397
-43.2288
-42.5133
-42.0585
-41.7522
-41.9547
-42.5841
-43.2954
-43.9131
-44.9542
-45.3493
-44.0337
-42.2889
-41.7108
-42.7645
-45.1104
-47.3201
-47.9016
-47.2811
-45.5597
-43.3601
-42.0489
-41.4392
-40.4125
-39.0979
-38.9386
-40.4891
-43.2571
-46.411
-49.8461
-52.8551
-52.3048
-49.1875
-46.5649
-45.0227
-44.2747
-43.5609
-41.9184
-40.2819
-40.1422
-41.6869
-43.4771
-44.3486
-44.9081
-45.4881
-45.9234
-45.61
-44.1812
-42.4418
-42.0687
-44.0219
-47.696
-49.8375
-49.0133
-47.5095
-46.6705
-47.0755
-48.68
-49.2941
-29.6776
-10.4617
4.56739
12.562
19.5806
25.6458
29.2643
30.2919
30.3619
32.4857
37.319
42.923
47.5366
50.0444
50.0869
47.5416
43.6642
41.7832
43.3751
45.8628
48.0015
49.1213
49.4466
49.7109
49.5693
48.4408
46.4977
43.2733
40.6771
38.6597
37.3526
36.9558
36.258
35.3246
33.9331
30.2984
26.3933
21.2286
13.5431
4.82717
-3.59661
-8.76189
-2.50704
7.71527
13.7121
14.5386
10.4744
0.912742
-13.303
-24.5554
-23.3623
-20.773
-18.0422
-18.6938
-23.808
-32.3131
-40.1063
-43.8462
-41.18
-42.2503
-43.8491
-46.096
-47.704
-46.8745
-44.4204
-42.3384
-42.0603
-43.7579
-46.1257
-45.1702
-41.9824
-40.6489
-42.1461
-45.4162
-47.7978
-48.2047
-46.7806
-44.1945
-42.1082
-41.4836
-42.4258
-44.855
-47.8462
-48.4748
-46.7672
-45.9649
-46.492
-46.7472
-45.8837
-45.3575
-46.041
-47.4076
-47.0135
-44.113
-41.391
-40.6786
-42.1517
-44.9075
-46.8447
-46.5175
-45.3971
-44.7548
-44.4004
-44.1001
-44.1663
-44.5747
-44.9
-45.4065
-46.9102
-49.1792
-50.282
-48.6731
-46.1985
-44.5065
-43.8439
-43.4746
-42.7832
-42.2165
-28.3237
-10.27
4.66921
12.5437
20.0755
27.5923
33.3058
36.4118
37.3287
37.3778
38.7807
42.1627
45.7582
47.5299
46.8945
44.1529
41.2611
40.4687
41.1187
41.7277
42.2573
42.2023
41.7227
42.0422
42.2806
41.8365
40.9612
38.0261
36.7228
35.7564
34.3162
33.6546
32.3557
30.9329
29.4019
25.2999
22.007
17.6281
9.54306
-0.0111821
-5.96249
-13.105
-15.6609
-17.2589
-9.8199
-7.31576
-7.61253
-6.56755
-4.28191
-2.79167
-2.14677
-0.771593
0.656294
-0.466156
-5.78992
-16.2081
-30.4206
-40.2937
-45.6512
-46.7227
-47.422
-47.0618
-46.186
-45.6971
-45.7879
-46.5683
-48.1541
-48.9415
-47.4863
-45.329
-43.4817
-41.6645
-40.2382
-40.2935
-42.108
-44.052
-44.0283
-43.5347
-44.3712
-45.6991
-46.3022
-46.7817
-46.3929
-43.3612
-40.5322
-40.3838
-42.7752
-45.2061
-44.9709
-42.9639
-41.0753
-40.5626
-41.3282
-42.0015
-42.242
-43.2599
-45.3376
-47.2209
-47.6239
-46.9969
-46.8398
-48.1802
-50.2394
-50.3288
-48.0119
-45.9727
-45.2391
-45.5976
-46.9019
-48.0563
-46.9076
-44.25
-42.7023
-42.7431
-42.7338
-41.2759
-40.3838
-42.1167
-31.844
-12.9565
4.17292
11.5156
18.9701
25.2008
29.6814
32.6723
34.897
36.0421
36.3116
36.5935
38.0826
39.1953
38.3693
35.3668
33.16
33.5819
35.0066
34.8939
34.8205
33.5683
31.4974
30.5593
29.5374
29.1747
30.3531
26.5196
27.592
28.4261
27.2001
26.533
23.3182
20.8915
21.0345
16.5423
14.297
11.0355
3.28527
-2.8314
-6.34973
-14.3481
-16.5048
-31.1883
-21.6784
-16.8017
-10.4121
0.991897
10.9844
16.9052
19.111
18.2806
15.0104
9.5194
0.956671
-12.014
-26.7183
-36.3867
-45.7359
-47.3033
-47.2437
-46.7347
-46.87
-48.1763
-49.6451
-50.676
-51.8295
-52.4522
-50.6323
-46.3711
-42.4399
-40.8592
-41.6524
-43.8329
-46.0946
-47.4307
-46.8678
-44.9216
-43.4581
-43.364
-45.1279
-48.2738
-49.1652
-45.8945
-43.2064
-42.8316
-44.3295
-46.4367
-48.0899
-49.1716
-49.579
-48.7305
-46.4649
-43.941
-43.3545
-45.6748
-50.3625
-54.3969
-54.9522
-52.3803
-48.9967
-47.427
-48.0074
-47.9186
-44.83
-42.0826
-41.6836
-43.2104
-45.0286
-45.9794
-46.5634
-46.2112
-44.4564
-42.9344
-43.03
-44.9461
-47.6825
-49.3364
-39.0294
-23.4693
-1.95108
0.556131
9.65062
18.0196
24.8077
29.5808
32.4545
33.1429
32.659
32.4075
33.7365
35.0957
35.1795
33.9278
32.7739
31.9479
32.1068
31.0073
30.8862
31.4769
32.597
33.5112
32.8387
32.1544
32.7837
30.369
30.0387
28.8244
25.9004
24.858
22.1198
20.4782
21.2791
19.3806
20.4794
19.127
13.4578
5.23457
-4.33901
-12.4944
-13.7868
-17.1082
-11.8196
-11.1623
-11.7844
-3.99048
8.64381
17.0811
20.8881
20.4086
15.6523
6.28564
-7.53149
-23.2853
-32.6546
-39.4359
-48.8766
-51.6154
-53.2544
-54.8934
-53.4488
-50.4325
-49.3478
-50.5549
-51.7593
-50.7484
-49.2537
-47.4141
-45.5476
-45.2393
-47.1318
-50.0285
-50.7787
-48.9116
-46.9989
-46.3689
-46.8523
-47.6247
-48.3653
-49.5803
-51.2706
-52.6683
-53.0538
-52.0827
-50.8528
-50.0754
-49.8509
-49.381
-48.3121
-47.6751
-47.4111
-47.2799
-48.0184
-50.4817
-53.9563
-55.5653
-55.8393
-56.7213
-56.3336
-53.0599
-49.8096
-47.8825
-46.3318
-44.633
-43.5734
-44.2488
-46.4995
-48.4597
-48.894
-49.1364
-49.9939
-49.2767
-47.4621
-47.0623
-48.7533
-50.6423
-46.5844
-32.9969
-7.09401
-8.55677
1.25981
13.9672
22.4616
26.5509
28.6103
31.0552
34.5256
36.8958
37.6936
37.1542
36.6591
36.6371
37.4104
37.5804
37.2996
35.7855
35.625
36.1927
37.5813
39.51
40.8207
41.471
41.0821
37.5425
34.3439
30.9213
26.8511
24.6201
21.0595
19.4305
20.4714
15.1432
13.0461
9.96804
1.89773
-5.76418
-7.99415
-13.8154
-13.6949
-16.8767
-11.988
-12.7926
-18.2358
-24.8576
-21.4364
-15.3719
-9.84589
-8.51872
-10.6524
-16.3335
-25.2898
-35.5017
-42.3265
-45.1556
-55.1566
-54.3712
-54.4691
-54.7146
-54.361
-53.0484
-50.9226
-48.6527
-47.3518
-47.795
-50.0296
-52.7839
-54.0026
-53.8056
-53.0082
-52.4
-52.5337
-52.8664
-52.7183
-51.6962
-50.7953
-51.0894
-52.6199
-54.5148
-55.8986
-55.6866
-53.8795
-52.4587
-52.4061
-52.7515
-52.8835
-53.1233
-52.7817
-50.955
-48.8488
-48.1572
-49.6191
-52.4421
-54.3691
-54.8331
-55.1973
-54.9315
-53.7221
-52.7619
-52.9344
-54.1054
-54.732
-52.6017
-49.667
-48.7131
-50.1951
-52.3383
-52.7082
-52.1812
-52.4768
-53.1285
-53.2929
-53.7996
-54.9588
-55.4537
-48.2536
-32.3111
-7.23328
-5.63877
0.204441
10.6248
18.674
22.8631
26.0243
30.1861
34.6302
36.5304
35.6855
33.2274
31.8973
31.6872
31.9151
31.8648
33.4966
34.2568
35.1219
35.7622
36.7644
38.8071
39.9832
39.9057
38.4832
33.0326
29.0678
26.3291
21.0882
19.6255
15.7119
14.0925
15.7028
2.56563
1.15049
0.743327
-15.2725
-17.8504
-10.3113
-14.5053
-15.2126
-19.7253
-12.7659
-11.472
-14.4563
-20.1208
-27.2689
-34.8559
-30.552
-31.5917
-33.4876
-38.15
-47.7533
-51.0957
-52.6967
-53.776
-58.6322
-59.7502
-60.5259
-60.7102
-60.8184
-60.5937
-58.9422
-56.1167
-54.1119
-53.7971
-54.7076
-56.0973
-57.6412
-59.3757
-60.2715
-60.1533
-60.1151
-59.7787
-59.4786
-59.4016
-59.6444
-59.9633
-60.2293
-60.3342
-60.8331
-61.5639
-61.5906
-60.8009
-60.6378
-60.7101
-60.3083
-60.1356
-61.2538
-63.2675
-63.935
-62.3663
-61.5229
-61.7123
-61.3463
-59.885
-58.3685
-58.2806
-59.4595
-60.638
-60.2258
-58.9767
-58.0861
-57.6481
-57.8791
-58.7683
-59.5217
-59.352
-58.2959
-57.2402
-56.6919
-56.77
-57.4901
-58.2917
-58.6075
-58.7324
-53.6046
-45.5321
-9.75763
-13.9927
-17.3908
-11.4912
-2.77243
2.11825
8.19972
10.9064
14.8561
15.948
17.3662
19.0359
21.0592
20.7651
20.207
15.1566
12.3096
5.75255
16.2145
17.3613
12.8018
13.8374
9.24935
10.3068
20.508
3.98393
12.8273
13.089
-5.44469
7.63069
-2.57413
-2.2106
10.5723
-22.7517
-3.60049
-1.42273
-20.8562
-19.7733
-11.0483
-14.7308
-16.2163
-38.6827
-26.2515
-27.2251
-36.9095
-37.8698
-35.1957
-43.8514
-37.5238
-40.5197
-41.1683
-43.9318
-52.8572
-54.7552
-58.1224
-63.9742
-66.1053
-66.7552
-65.3479
-65.8658
-67.4375
-66.7939
-63.3429
-61.06
-61.6492
-63.8711
-65.9302
-67.2014
-68.2706
-68.8603
-69.2424
-70.1542
-70.883
-69.1032
-66.6189
-65.8592
-66.6798
-65.9885
-63.7613
-62.7244
-63.4762
-64.8853
-66.5105
-67.3479
-68.2441
-68.5807
-67.8804
-67.3427
-68.6934
-71.7213
-73.1625
-71.8298
-70.7337
-69.3068
-65.31
-61.7457
-60.7935
-62.6975
-65.1509
-65.9041
-66.4976
-67.7093
-67.8082
-66.8175
-66.5866
-67.4808
-68.4986
-68.5816
-68.2607
-67.3578
-67.2015
-68.4257
-70.1469
-70.1762
-69.7964
-69.0645
-65.1016
-58.8317
-10.396
-16.7168
-27.5946
-32.9747
-19.5851
-26.2863
-8.02487
-12.9092
-2.67961
-13.8488
-6.05326
-5.25519
-1.13999
-25.6011
5.3963
-0.734746
6.19807
-23.0698
11.605
11.0722
-21.2449
1.27008
-9.31241
3.6693
19.1668
-25.3681
10.0269
11.0656
-26.4282
6.43558
-4.98276
-4.07178
10.2219
-27.6381
-4.00602
-1.63066
-21.1745
-19.9813
-11.2961
-14.8133
-16.4532
-41.3154
-27.543
-30.1505
-55.5646
-48.7004
-38.7106
-56.9087
-44.0911
-55.6893
-51.6535
-50.6542
-67.4242
-65.4779
-67.0396
-73.4125
-68.2826
-67.3198
-66.1748
-67.3578
-69.5076
-69.4362
-66.4268
-64.355
-65.5861
-68.9893
-72.5704
-73.5462
-71.9124
-69.5427
-67.6513
-66.8748
-67.703
-69.4264
-69.9747
-68.5534
-67.4151
-67.5462
-68.9588
-70.6618
-71.6617
-71.5231
-71.0466
-69.0292
-67.8513
-67.9792
-68.7476
-69.216
-69.3399
-69.4109
-69.0055
-68.9017
-69.6514
-70.311
-68.8758
-66.9362
-66.3539
-67.985
-69.9135
-68.9132
-66.0837
-63.7396
-62.7278
-63.2657
-64.9156
-66.6245
-68.1652
-69.7715
-71.388
-72.0084
-71.9889
-71.2266
-69.6189
-67.4656
-66.286
-65.0556
-62.17
-63.1826
-10.3006
-17.3769
-29.2927
-37.344
-20.2587
-36.5324
-10.2065
-23.0937
-5.20632
-24.6335
-7.90287
-6.75845
-1.60429
-43.2513
5.28169
-1.12667
6.33594
-48.335
11.71
10.9779
-33.3865
0.936655
-10.7776
3.74657
19.3782
-39.5238
10.1363
11.0634
-32.1466
6.6312
-4.85117
-3.76246
10.4407
-27.5923
-3.78661
-1.43789
-20.9735
-19.8115
-11.0975
-14.6149
-16.2351
-41.5349
-27.5613
-30.1485
-61.7033
-51.495
-39.1869
-65.2201
-45.0207
-62.7041
-54.7289
-51.898
-73.1292
-65.0203
-66.0762
-70.2268
-67.6066
-67.1959
-68.4988
-71.5159
-72.4364
-70.7858
-68.0321
-65.3709
-65.0552
-66.7562
-69.0802
-69.0031
-67.5991
-66.5986
-65.408
-64.3104
-64.7006
-66.5957
-68.8671
-70.6195
-72.284
-72.5871
-71.6384
-71.2232
-71.3398
-70.109
-68.9809
-68.2458
-68.588
-69.2616
-69.4787
-68.6006
-67.2377
-66.1236
-65.3115
-65.2097
-65.7055
-66.3335
-67.4489
-69.4986
-71.3376
-72.7646
-72.321
-70.5108
-68.651
-67.0703
-66.3324
-67.4775
-70.5295
-72.7089
-73.081
-72.338
-71.5067
-70.8105
-71.3464
-72.1774
-71.577
-70.2974
-70.3897
-71.1544
-68.7465
-71.5162
-10.0222
-17.3655
-29.156
-37.738
-19.952
-46.8665
-11.0784
-42.8065
-6.18146
-33.9987
-7.87427
-6.60022
-1.36176
-45.3809
5.47808
-0.895522
6.68704
-62.6823
11.9905
11.1765
-34.6609
1.11104
-10.9462
3.95646
19.6319
-47.7491
10.3788
11.2334
-32.5491
6.88811
-4.5658
-3.50901
10.6789
-27.3347
-3.53051
-1.21901
-20.7657
-19.6142
-10.8314
-14.3597
-16.0083
-41.5491
-27.4291
-29.8738
-60.9673
-50.5122
-38.9115
-64.0285
-44.8102
-64.038
-54.892
-51.9874
-72.0471
-63.0702
-64.408
-68.1297
