80
-8.14476
-4.20525
-4.85885
-8.70363
-7.92512
-5.12713
-5.15537
-7.23164
-7.40594
-8.81991
-10.3645
-13.215
-17.2346
-21.2962
-21.0171
-11.126
-2.28261
1.19995
-0.949236
-4.81098
-4.75745
-0.407426
0.681325
2.98538
5.39673
8.69348
10.5351
9.85041
6.17391
-1.37687
-7.73407
-8.42855
-2.34739
2.86064
4.34418
5.09011
16.6967
26.5482
33.8884
45.4539
56.874
63.7363
66.9821
67.6378
69.9169
72.1396
73.0943
73.9002
73.2858
73.3555
72.1285
72.0749
71.5745
70.0797
68.4703
65.0035
61.1298
55.244
55.9709
54.1342
54.4175
50.9506
48.8439
45.1494
39.0182
45.5614
52.7991
56.2977
56.0917
57.145
61.4397
64.8303
65.1309
61.5843
54.6375
43.1865
32.3244
24.9744
26.7144
30.3663
29.2488
23.7499
14.8128
10.5519
5.42396
-4.13842
-11.9209
-10.7839
-9.9993
-10.1679
-10.4265
-8.94448
-12.4874
-7.52751
-3.75143
-1.09875
-3.64518
-7.05391
-11.2074
-9.59237
-7.84646
-5.91665
-2.39516
-0.178282
0.198545
-3.94868
-10.6346
-11.848
-7.36405
-2.98425
-0.651227
0.547545
1.09812
1.21549
-1.8834
-9.52606
-16.5981
-5.24053
-7.64294
-5.16937
-0.302214
1.36577
0.979313
0.551298
-0.311048
-2.27036
-2.34917
-0.879002
-1.91244
-7.12503
-15.5865
-21.125
-11.7469
-5.55021
-2.85398
-3.33103
-4.54112
-5.34888
-6.2653
-10.0015
-15.4559
-16.7655
-9.58458
-0.734815
4.71406
5.48474
1.24237
-6.00666
-9.4361
-7.34701
-2.07926
1.48939
2.02226
5.62935
18.4382
27.9588
32.3113
45.5418
58.2555
67.6151
71.7023
71.4026
66.2054
58.3045
53.0574
44.8761
47.4031
47.309
51.7598
53.0244
54.9559
58.8939
61.4536
68.697
74.9712
79.2369
81.6234
84.0519
85.8894
86.979
87.4344
87.1031
86.3447
85.9021
85.9841
85.979
85.6916
85.0895
84.0428
81.7865
77.486
70.2091
58.6326
44.9917
33.3333
35.5323
40.1259
40.8081
37.3134
29.2659
19.1457
12.3444
2.01691
-9.30839
-3.96607
-1.26101
-1.90345
-6.60656
-12.2984
-16.6631
-13.7496
-10.2117
-8.08038
-7.66713
-5.95857
-3.31386
-2.14324
-1.80369
0.439687
2.35597
3.71178
4.97969
4.89047
2.75614
-1.97543
-7.15855
-11.8199
-10.6596
-7.58598
-7.28774
-9.66139
-4.54333
0.477206
2.15341
1.92724
1.54732
-12.0561
-6.3507
-1.08256
0.939213
0.0473092
-2.00956
-4.31371
-7.73762
-10.3812
-9.53212
-9.75278
-13.5311
-19.1167
-18.3712
-15.1257
-12.3255
-13.0247
-15.2706
-9.9335
-3.73839
-2.72397
-6.72546
-13.862
-17.7712
-12.5448
-6.29558
-3.05725
-3.54605
-6.631
-9.44632
-9.22347
-5.30246
0.202453
3.69464
4.12266
3.18888
4.35622
12.057
25.6549
35.6037
52.5038
70.2193
80.2044
85.9817
89.1892
90.7885
91.9407
92.9428
93.5606
94.2482
94.9654
95.5822
96.2268
96.618
97.155
97.5195
97.6146
97.3025
96.9569
96.1253
94.9645
93.2281
90.1472
85.6572
81.0878
79.8167
78.6351
75.1719
71.0416
69.0137
67.5932
66.8952
66.0336
62.6334
53.8713
39.0577
24.4226
35.3088
44.5507
49.181
49.0427
44.3463
34.5261
21.2025
6.04091
-4.22472
-6.15322
-5.7501
-7.43689
-11.6054
-12.9464
-13.5018
-13.0376
-8.35398
-2.41682
0.652293
0.786729
-0.0307319
1.25921
4.2366
6.56528
7.36692
5.26808
0.829879
-1.77877
-2.18535
-4.42487
-7.41046
-7.50161
-6.97543
-3.26982
3.54084
9.14803
12.0102
12.5974
11.2754
9.02653
8.19438
-1.45249
-1.5541
-4.55531
-7.84853
-9.47407
-12.9159
-13.9942
-7.42278
-2.44671
-0.0334962
-1.04074
-4.94644
-8.35756
-6.63154
-4.83335
-4.12213
-1.94434
1.01251
2.41564
0.967284
-2.87161
-6.82738
-6.59
-2.30523
2.17862
4.88832
4.75432
1.82109
-2.5588
-4.19841
-2.14191
-0.44092
-1.64259
-6.58141
-12.01
-19.5952
-12.412
-2.69774
22.5259
47.3347
65.0405
74.7104
78.6929
80.6753
84.1013
87.5433
88.8429
88.8574
89.2492
89.2986
89.1488
88.8554
87.4541
86.2783
85.3569
84.3824
81.0259
75.8739
70.5143
70.1089
72.6409
76.6377
82.0378
84.763
85.2269
84.278
85.2344
86.6095
86.103
83.7217
80.24
76.2987
71.5967
66.336
59.3625
50.712
42.6728
44.1099
50.5266
54.3095
53.8669
48.8008
39.1561
28.3849
19.6201
14.8499
15.3541
15.454
11.8769
5.59949
-1.00879
-2.5948
-4.07465
-3.62957
0.893119
4.25295
3.88277
-0.565912
-8.03087
-15.8309
-12.8775
-7.88447
-5.99592
-7.16209
-6.95552
-2.63469
3.32531
6.69493
7.17966
5.43517
4.07036
3.78942
3.8868
3.54048
1.19534
-2.93998
-4.62289
-1.71754
5.57404
4.13961
-1.84046
-11.2573
-19.2884
-13.0948
-4.72298
-0.764263
-0.868254
-4.17314
-6.98854
-8.52611
-10.4647
-8.74967
-5.84279
-5.05622
-3.43061
-1.94919
-3.3517
-10.0743
-21.8153
-23.9205
-15.2019
-5.9584
0.568989
4.18168
5.25116
4.15551
1.64909
-1.69824
-5.34891
-4.46416
-2.14589
-2.67226
-7.20241
-8.12317
2.68617
9.51987
23.1823
52.4275
71.6112
85.1768
93.3361
97.4495
97.8162
95.1957
91.7255
90.1894
91.2445
92.6283
93.8404
94.8705
95.6282
96.4157
96.7525
96.9899
98.0726
99.2864
99.8418
99.8707
99.4423
98.4837
96.0041
91.9984
87.5119
85.5648
85.2312
83.8526
81.2755
77.2882
71.5635
63.2061
53.3002
43.7015
40.0624
34.5696
34.1848
39.4008
46.2693
49.9681
49.6871
45.5564
38.1999
30.5247
25.1473
21.9995
19.4708
15.6946
10.5239
4.33873
0.543351
-3.34934
-7.03589
-9.73919
-8.61757
-4.00653
0.482299
2.38934
0.236484
-5.00963
-8.27076
-5.54909
-4.0807
-6.37364
-12.205
-10.7487
-2.17371
2.54366
2.56177
0.11735
-1.88663
-3.06867
-5.59482
-9.02242
-6.39192
-0.0387533
2.91618
1.69318
-0.957569
-0.0439303
-3.34352
-10.1169
-9.52015
-3.35103
1.85839
4.21416
3.24563
-1.46994
-9.61488
-18.5951
-22.3381
-16.3072
-6.80225
1.30083
4.96693
4.55887
-0.100876
-6.82259
-8.36506
-6.03921
-5.90134
-8.47485
-15.1154
-20.7907
-19.79
-17.1408
-14.6441
-12.4633
-9.5933
-8.12568
-9.1732
-13.1819
-13.8464
-2.1702
11.626
21.6405
27.2211
44.4231
64.2579
78.4902
88.0457
94.7128
99.5372
102.632
104.299
104.936
104.881
104.623
104.224
103.589
102.741
101.703
100.531
99.0507
96.9297
94.3159
91.5423
88.609
85.7954
82.2439
78.5382
73.4736
66.8326
62.854
62.4044
60.9805
57.6122
56.3332
55.1754
54.6858
53.1427
48.714
40.7518
29.2249
22.562
26.5782
33.4242
35.1107
31.9269
22.9172
8.11117
-0.104964
1.17487
-0.762149
-4.3488
-2.34109
1.8088
4.38351
4.6953
2.73885
0.0133653
-3.27195
-8.25267
-16.1805
-17.3932
-10.1939
-5.95566
-6.12675
-9.36886
-10.7156
-10.5897
-8.33211
-5.06376
-3.97215
-4.24928
-1.44641
1.03126
-0.229232
-6.19058
-10.5807
-8.90066
-5.77373
-4.38176
-4.58403
-4.73906
-3.01001
-10.988
-5.68988
-4.23881
-5.62169
-7.5224
-8.48016
-8.91197
-8.91157
-8.40511
-8.11978
-8.63242
-10.0533
-11.8761
-14.0863
-14.3535
-10.8983
-5.36318
-2.54106
-1.70735
-1.88348
-0.869843
1.22257
2.14366
0.634921
-1.49061
-2.10823
-0.612546
0.9815
0.805239
-2.11371
-7.8944
-14.1999
-16.2298
-13.4093
-8.68643
-3.37826
9.07536
19.0829
27.6315
34.482
48.7873
57.9908
62.242
65.264
70.7485
76.1627
78.1995
76.5732
72.9535
68.5838
65.9577
64.3743
59.5296
53.1993
57.7248
63.6699
66.8255
67.5872
67.4493
69.1997
70.2172
70.9839
71.473
70.5634
69.868
67.8367
66.2652
64.2335
61.9766
59.6785
57.6141
54.4119
49.1785
42.0451
30.9649
17.6706
6.65619
16.5385
23.1287
25.6132
23.6161
17.3364
7.03053
2.74897
2.23552
4.44427
4.75002
4.28462
4.64664
2.39139
-4.0432
-8.34368
-6.98568
-7.31254
-12.1126
-17.7935
-12.8847
-6.23537
-3.38019
-3.99392
-6.19507
-9.94263
-8.12419
-2.87951
-0.0267501
-1.21755
-2.95417
-0.187441
3.38768
4.57279
4.37368
3.37512
2.42163
-0.0141005
-2.76728
-3.51672
-1.16172
-0.0158872
-13.3534
-14.5478
-14.652
-14.515
-17.5377
-20.2668
-20.5597
-18.1429
-15.0757
-10.6089
-8.09191
-9.19406
-14.1788
-19.0086
-17.9769
-16.8983
-15.4605
-12.5476
-9.58641
-6.83224
-5.35161
-6.4008
-10.2282
-17.1724
-26.1003
-24.3854
-18.944
-13.0766
-10.4752
-10.4825
-9.50569
-4.77784
1.53681
6.74135
9.20657
9.38613
8.1982
6.40296
9.42899
36.5307
48.6185
60.3288
65.5742
66.8794
67.5231
68.825
72.3103
74.5892
75.1826
75.8115
76.3924
76.9555
77.6204
77.0119
77.3721
77.2476
76.1306
73.4922
70.5437
68.2291
65.6139
62.7076
57.491
53.4588
48.5072
46.6535
43.314
39.0095
35.3265
31.8707
26.9744
28.854
29.9434
27.2406
23.4258
18.2791
9.84538
9.02146
11.1348
12.9309
13.1367
13.4778
14.5633
14.5642
12.907
9.42878
6.72652
7.97103
8.40195
5.21861
0.116649
-3.75884
-6.70457
-9.95345
-14.8138
-14.9749
-10.1624
-6.47296
-5.9481
-4.93026
-2.43642
-0.31703
-0.601186
-2.2461
-3.14548
-1.39871
1.22314
1.65291
-0.565295
-3.86249
-6.52631
-7.50124
-6.53273
-3.59301
-2.37291
-0.66831
2.4548
3.31579
-7.83393
-7.07158
-7.41803
-9.62939
-12.0265
-13.2159
-12.8287
-14.7927
-17.0296
-18.693
-12.1576
-6.55264
-2.93318
-0.508353
0.903997
0.691607
-2.69928
-9.10429
-13.1869
-9.21582
-4.46399
-3.77097
-7.69474
-16.8597
-23.2599
-18.3878
-14.5863
-15.5229
-21.5484
-28.8518
-29.581
-24.404
-14.9294
-6.37841
0.479024
5.78307
12.7468
17.8558
20.9114
30.7052
45.7145
52.6881
56.2719
57.4955
61.4132
66.7386
68.5775
69.298
69.6035
69.2739
69.2331
68.2049
64.8783
63.3743
60.7303
59.2576
55.1694
48.1063
45.694
47.8229
53.0725
55.9169
56.9374
56.363
53.7508
50.7948
47.8249
45.7103
43.4044
40.0531
35.4729
29.6669
25.4476
23.8732
19.994
11.9027
5.75223
3.31479
11.6865
17.2758
19.7074
17.911
13.24
11.5463
10.9027
8.76193
8.19155
8.42789
6.0401
0.895225
-2.61604
-2.24699
0.998228
1.89028
-0.348633
-5.66951
-9.8574
-10.9336
-6.12933
-1.5884
-0.55377
-3.88994
-9.15718
-9.81359
-7.15232
-7.86106
-9.4537
-6.94821
-4.21796
-4.8949
-8.4248
-10.8917
-6.93571
-5.12352
-6.2183
-6.53808
-5.2493
-0.866736
-5.31723
-8.30648
-6.81839
-3.96054
-2.64145
-3.73163
-7.23472
-13.4184
-21.1558
-24.3725
-22.3821
-13.8821
-5.15474
0.392968
1.60658
-1.37466
-5.89423
-6.93764
-6.5406
-6.34469
-5.05422
-4.31915
-5.85969
-8.62241
-9.62692
-7.53554
-4.63327
-3.01994
-3.827
-7.16603
-10.9357
-12.4725
-10.8876
-9.47277
-6.70312
2.14678
14.0461
22.3328
25.452
24.6537
32.8673
48.6587
57.5977
61.4264
61.0047
58.5214
58.9964
60.5815
61.5654
61.8807
62.4208
63.1249
63.3732
62.8882
62.1767
61.6255
61.9602
62.3147
62.6687
63.3752
62.7933
60.9069
57.0306
50.6612
44.6292
41.0969
40.7144
38.3362
34.0217
29.5755
29.0646
27.746
28.1093
26.3981
21.8361
14.1762
5.58232
15.6694
24.2219
28.9902
28.7255
23.6127
13.8454
7.23611
7.34046
8.13832
8.04103
7.0106
4.97754
4.07306
3.37837
1.97813
-1.47976
-5.50216
-10.413
-10.8025
-4.05196
1.94163
4.0129
2.86351
0.368995
0.167997
1.17156
0.693169
-1.50846
-2.89532
-3.25606
-5.62767
-10.1168
-12.6171
-12.3089
-9.90522
-5.35537
-1.25308
0.625831
-0.314896
-2.09569
1.24236
-13.2985
-13.051
-12.1841
-10.0432
-7.47582
-4.87834
-3.68863
-5.02901
-8.85086
-8.3527
-2.73317
0.0136817
-1.02427
-4.58629
-7.01269
-7.36778
-7.10159
-6.76364
-7.39017
-9.63379
-12.3192
-12.8902
-11.225
-8.90603
-8.18451
-9.63189
-10.2818
-8.88653
-8.50849
-9.53796
-5.53795
-0.329808
1.4424
-0.822398
-6.14658
-4.56341
5.67355
12.8224
16.6312
22.2368
37.1711
44.5876
49.1857
52.5608
56.67
59.6505
61.2974
62.4555
63.044
63.3558
63.0567
62.0817
61.0393
59.9981
58.6795
56.6212
53.023
48.6868
47.1456
46.9198
47.4497
48.0711
48.4686
48.2305
46.2902
44.4671
42.6851
40.4237
37.9592
35.4508
32.2829
29.2822
25.4248
18.8921
10.4144
-0.538419
7.47745
19.3598
28.7502
32.0709
30.756
25.141
16.4611
8.55118
3.45733
-1.07927
-1.93683
-2.73573
-5.8092
-4.12258
1.63371
4.71151
4.00779
-0.111967
-7.89957
-16.7742
-12.742
-3.35557
3.56039
7.21238
7.57763
5.82842
3.48516
0.470213
-3.89164
-5.77611
-4.20892
-4.56627
-7.01933
-7.09229
-3.14384
-0.336763
-1.00396
-3.43925
-6.25878
-9.262
-11.1088
-4.74175
-10.9438
-10.5656
-12.1036
-16.7361
-15.8851
-10.0704
-7.93798
-10.311
-14.8058
-9.14894
-1.9891
1.64732
1.8809
-1.06226
-5.69017
-7.75482
-8.09259
-9.95948
-14.7015
-21.7617
-21.6375
-13.5721
-9.23008
-8.53169
-11.3321
-15.4843
-18.1178
-17.078
-14.7557
-8.70245
-2.99771
-0.703055
-3.05033
-9.62082
-15.7753
-17.7095
-8.24657
-2.43206
3.48314
18.8113
32.4464
44.3318
50.1355
51.4334
48.8546
45.0705
46.5528
49.7319
51.2289
51.3797
53.0522
54.2279
55.5167
55.9763
56.2612
57.3379
58.5123
59.066
57.6522
55.5221
52.4587
48.0272
41.1537
31.3698
26.836
28.7033
27.7204
23.9595
18.9654
13.0147
10.1592
3.44009
2.42797
-3.41908
-8.03569
-16.7526
2.63104
17.8534
25.8792
29.2412
27.702
21.0217
11.1863
5.19034
4.28197
3.86979
3.63865
1.67149
-3.88569
-12.5142
-12.9183
-8.08111
-4.01929
-2.97522
-4.07631
-7.75585
-13.694
-16.8929
-11.2206
-6.37386
-4.436
-4.3079
-5.7038
-8.12644
-9.86189
-11.0353
-12.8558
-13.8993
-12.0142
-9.37419
-5.37933
-1.11232
0.462284
-2.43463
-9.9588
-18.0971
-15.8702
-9.8725
-6.46115
-8.02936
-10.0687
-12.0349
-13.3036
-10.8065
-6.64787
-5.64135
-7.8031
-11.0508
-11.4137
-11.4052
-8.98233
-5.34153
-5.17605
-10.0051
-18.3633
-24.476
-26.2062
-21.9349
-11.8728
-3.89777
0.746348
2.63328
2.5045
0.133093
-4.85383
-11.3136
-13.2163
-10.5535
-6.39493
-3.51759
-2.90773
-4.93005
-7.88068
-9.75384
-4.68398
1.79981
4.12076
9.86584
23.9063
32.1024
38.3406
44.5708
50.6665
55.5129
58.2068
60.0825
61.1654
61.7181
61.2637
60.1188
57.8398
55.2115
52.8212
50.5148
47.9871
45.5886
46.271
47.6768
49.0121
49.4394
48.1826
44.9341
39.8022
35.0258
32.1827
29.3104
26.7656
26.2462
23.5182
16.866
6.61488
0.836183
-4.59178
-4.48726
8.83702
22.0349
29.0123
30.622
27.532
19.5245
6.31334
-3.32412
-6.58536
-2.71067
3.10375
4.50172
1.78482
-4.16799
-9.72572
-12.1559
-13.1409
-11.1401
-10.2763
-8.97374
-8.12397
-8.73815
-11.3795
-13.2475
-9.53785
-5.88815
-4.53919
-5.07083
-4.91809
-4.83259
-6.77918
-10.6621
-11.5965
-10.0164
-6.5749
-3.82709
-3.19459
-4.67637
-6.8608
-7.95778
-8.21794
-9.44922
-4.01699
-2.29851
-4.1992
-9.29495
-13.6662
-14.0372
-11.4594
-7.97404
-5.78914
-4.08348
-3.2984
-4.09108
-6.18947
-7.71725
-8.97999
-10.8755
-13.9608
-17.9817
-25.2809
-25.9207
-17.723
-13.0144
-11.6935
-7.39246
-1.21236
1.8104
1.18184
-2.52074
-6.91665
-9.93227
-9.08139
-6.05961
-4.4589
-4.44969
-4.28618
-2.18826
2.73255
6.26643
6.32767
9.36901
14.176
26.3913
32.5783
35.5289
35.7366
35.9848
37.7657
40.7308
42.9395
43.6844
43.5334
44.2054
46.3446
47.6603
50.2333
53.5318
55.3893
55.81
55.6377
54.8214
53.4782
51.2092
47.8136
42.4596
34.5624
28.2811
29.0598
28.1666
24.693
20.035
19.6539
17.3719
15.2961
9.87949
2.69653
-7.62367
1.75175
14.7053
21.5021
23.586
20.8125
12.5112
-1.94773
-12.1722
-12.0492
-9.93785
-5.79453
-2.88781
-2.35153
-3.8153
-7.02171
-11.1926
-12.2426
-10.8581
-11.4668
-11.7665
-9.61226
-9.53409
-12.1956
-12.9992
-12.7147
-15.043
-21.0387
-25.5931
-23.219
-19.5259
-19.3833
-18.6142
-12.4815
-6.8024
-5.79895
-9.24872
-15.8581
-15.6446
-12.0543
-11.3065
-13.2774
-13.0983
-8.19936
-4.7632
-2.70601
-3.49305
-7.67134
-14.0044
-16.4483
-15.7325
-11.9832
-6.66148
-3.77485
-4.8529
-9.09803
-7.33574
0.0738277
3.7127
3.20549
-0.478896
-3.63763
-3.69115
-2.72821
-3.91115
-7.33144
-8.19296
-6.21078
-6.78343
-11.0228
-12.0423
-8.0195
-4.96462
-4.6969
-3.82714
-0.608654
0.348664
-2.89785
-5.7932
1.61247
6.95605
8.0553
4.44521
18.2531
26.2238
31.6077
33.9249
35.4154
39.738
44.0251
48.4821
50.402
50.2846
49.0134
46.2471
44.2491
45.9268
48.9078
48.9447
45.1506
38.2209
32.109
34.9174
37.7711
39.9525
39.3614
35.8856
29.728
24.6462
23.1387
23.6797
23.3199
20.9923
17.3905
16.5791
17.0484
14.5827
9.15923
1.54987
4.07071
10.8372
18.1863
20.9246
19.0772
13.2431
7.63155
6.23372
5.42297
2.81261
-2.29987
-8.97269
-11.1646
-9.73268
-9.11417
-10.1597
-12.1555
-13.6288
-13.1549
-11.6745
-9.77238
-8.27496
-8.59455
-12.2895
-16.2788
-12.3192
-7.22779
-5.46622
-6.87569
-10.3743
-12.6771
-9.54664
-5.04885
-3.39899
-4.8906
-9.74572
-15.6927
-19.161
-21.2788
-22.1479
-20.6104
-14.9488
-4.10792
-2.08898
-2.3085
-3.8817
-6.84346
-11.4406
-16.2765
-17.5987
-16.4395
-15.1951
-12.6511
-8.71217
-4.31772
0.279991
5.01279
7.92488
7.72446
4.03516
-2.26555
-5.00558
-4.38889
-4.09696
-4.79014
-6.31818
-7.76211
-8.47866
-7.67497
-4.23416
-0.971905
-0.891807
-3.90954
-6.92962
-6.86878
-5.59217
-5.72543
-5.60317
2.37108
10.4531
13.4581
16.0459
28.0708
39.3196
45.8984
48.739
49.0498
48.6001
48.5266
49.4529
51.0144
52.6382
54.0947
55.3227
56.14
55.9114
54.1948
51.6739
49.0661
46.6732
43.9576
41.4168
38.934
38.1414
38.5083
37.7601
35.134
32.092
31.8039
30.6677
27.664
24.5584
23.0068
20.5144
15.894
7.37764
-0.838459
-4.92761
-1.61209
8.6385
16.737
20.2099
19.4435
14.4282
5.5668
0.947677
2.42473
2.65032
0.993766
-1.49526
-5.46305
-12.7341
-17.6534
-10.497
-5.77756
-5.4127
-9.32629
-16.6686
-22.5005
-18.9436
-14.9503
-12.3427
-9.183
-6.11903
-4.72056
-4.67067
-3.61761
-2.49151
-3.62428
-7.61044
-13.3285
-17.5107
-17.9241
-16.2755
-15.4233
-13.8909
-10.2222
-5.42939
-2.78206
-3.364
-18.1968
-13.3891
-8.01952
-2.66834
0.201532
-0.306384
-4.33427
-11.5976
-17.6464
-18.1785
-15.7482
-14.0889
-14.036
-15.041
-13.7397
-9.00585
-5.67791
-5.25039
-6.77415
-9.73023
-13.8698
-16.3711
-15.0817
-12.9397
-11.4323
-10.5304
-11.0572
-11.3624
-6.85584
-2.83426
-2.4981
-6.54149
-13.5549
-17.6207
-15.6443
-2.09142
9.64639
16.0277
17.4769
17.6023
28.7833
37.0325
41.7505
44.2574
47.2357
49.7969
51.3358
51.4619
51.2334
51.7389
52.2534
52.1663
51.213
49.4607
47.4459
45.3594
44.7599
45.4614
46.0766
46.2448
45.8599
43.9443
39.8203
35.775
33.984
33.3055
30.192
24.3468
16.0076
11.4298
9.31476
9.92186
10.6673
7.2608
0.623057
-5.95856
-6.46354
-3.76408
-2.59041
-0.0162743
0.980464
-0.622208
-4.49438
-2.84901
1.51224
5.85697
5.89633
1.93973
-4.6844
-11.672
-17.3191
-17.0248
-15.4317
-13.1113
-9.38785
-5.4128
-2.44282
-0.137887
0.737425
0.623751
-0.0814723
-0.69385
-1.29745
0.0278351
1.50379
0.221744
-4.02609
-9.40796
-13.7719
-20.4509
-23.42
-18.404
-12.0379
-4.83099
0.450363
3.44852
3.18254
-0.780578
-20.0922
-14.5902
-9.19763
-4.6555
-2.54902
-3.46906
-6.99167
-11.3885
-15.9369
-16.5254
-12.6201
-11.2255
-13.8601
-20.4263
-30.8278
-32.6443
-22.3086
-16.3077
-13.4374
-12.9564
-13.1185
-13.8479
-14.6208
-11.9942
-7.79906
-6.06833
-7.49357
-9.56327
-8.16445
-3.27383
0.705904
2.91963
3.28375
3.15193
3.8058
4.78312
7.70153
11.4406
12.6931
14.3367
22.0823
33.7216
38.2966
38.6647
37.0725
41.0844
45.556
49.0085
50.5513
51.0443
51.0708
51.4015
51.3599
51.0386
50.4947
49.9142
48.912
47.0492
44.6418
41.7785
38.4665
36.2044
35.1873
33.376
29.6037
23.5161
18.2532
13.3048
7.54087
-0.0756838
3.45198
-0.0920077
1.12672
-4.04521
-11.4423
-15.4909
-15.3079
-3.78275
3.0281
5.78551
4.34026
-0.590816
-7.63411
-11.1723
-5.65075
1.27169
4.16078
2.61797
-3.41966
-11.077
-11.8733
-10.8858
-11.7655
-10.9883
-6.27681
-3.24218
-1.69136
-0.183681
-0.0725776
-3.0657
-8.09155
-11.2018
-11.3946
-8.93709
-4.38022
-1.7607
-2.59661
-6.91904
-13.2404
-17.7063
-18.3084
-19.7456
-16.2523
-8.39179
-0.865607
2.31408
1.5971
-2.11134
-8.59803
-6.57595
-5.777
-4.71519
-3.47847
-3.2689
-4.4872
-5.35601
-3.09494
0.932977
4.46047
6.04496
4.8917
0.421444
-6.61095
-12.7126
-9.52531
-4.13015
-1.05188
-0.293677
-1.64961
-4.42815
-7.91545
-9.83112
-9.45532
-8.52473
-7.86324
-8.83402
-12.3561
-16.99
-18.6411
-15.7169
-12.9257
-9.91709
-7.73094
-4.71866
2.37686
8.07367
9.67829
9.62532
21.4844
32.0486
39.0883
42.049
43.5973
45.1934
47.3648
48.7724
49.3163
49.6328
49.4418
48.0822
45.8932
42.9052
41.8154
42.9381
44.3165
46.0242
47.2968
48.2829
48.016
45.9741
42.0533
36.0138
28.8615
25.4533
25.7661
24.248
19.7306
12.3831
6.08133
3.50035
2.97141
-1.08482
-0.672517
-1.43676
0.907406
7.8993
13.3432
14.89
11.9385
4.66572
-3.66938
-8.94205
-11.7919
-11.5927
-10.0976
-10.5842
-12.3593
-13.4215
-12.7895
-11.9561
-12.2003
-11.2545
-9.67255
-8.52467
-6.21602
-3.32886
-1.97938
-2.76602
-4.58607
-3.87505
-0.924042
1.16153
0.281622
-3.44233
-8.56591
-12.9267
-16.4176
-20.7308
-20.3192
-14.5354
-10.7357
-9.25187
-8.3287
-8.11133
-9.94847
-13.0585
-11.1058
-8.21945
-8.35757
-11.4743
-14.225
-12.769
-11.4326
-11.9022
-11.888
-10.5859
-9.07929
-8.40847
-8.23267
-7.69109
-6.21453
-4.01636
-3.37943
-5.40016
-9.2617
-13.1022
-14.8355
-13.8417
-11.3199
-7.97495
-4.53424
-2.83833
-3.71026
-5.86188
-7.85552
-10.834
-15.4372
-18.3748
-15.6699
-13.5139
-12.745
-11.8394
-7.10679
-2.74309
-2.77442
4.85163
20.2898
30.5163
36.2521
38.3344
39.1152
40.8012
42.2666
45.2262
47.1389
47.4729
47.6877
47.9143
48.0429
48.6375
48.6516
47.2794
44.9329
42.1723
39.979
37.2135
33.424
30.0579
27.7555
26.7441
25.671
23.1598
20.2792
19.7969
18.5375
14.577
9.88392
3.63606
2.36543
0.622515
-0.97726
0.70696
2.91263
5.69104
9.47441
10.8888
8.46208
1.54548
-8.31823
-9.89953
-8.22409
-7.43924
-7.08954
-5.14914
-4.11781
-6.04742
-10.8833
-16.5915
-21.128
-23.4304
-21.3404
-16.8913
-11.2721
-7.21272
-5.14916
-5.57739
-7.83417
-10.703
-9.31034
-4.86816
-2.53882
-3.96985
-8.72899
-13.5895
-16.9413
-19.8458
-18.6793
-13.4304
-11.2464
-12.7974
-17.6546
-20.5501
-18.6803
-14.0643
-17.8493
-20.0163
-20.449
-17.3704
-12.6272
-10.1195
-10.6158
-14.1731
-20.29
-23.1701
-16.3884
-9.49968
-5.38787
-4.05537
-3.30229
-1.7662
-1.24957
-3.37166
-8.48775
-12.9665
-12.9469
-12.2767
-10.6982
-6.47985
-3.18966
-2.48058
-3.86103
-5.50604
-6.50452
-7.40753
-7.26591
-6.07654
-6.576
-9.51616
-14.0829
-13.2429
-9.44276
-8.26626
-10.2534
6.20502
25.8554
37.346
42.9436
44.2878
42.8483
41.8605
44.7613
48.8239
51.2667
52.5329
52.8622
53.2444
53.382
52.8298
51.4778
49.8946
47.7957
44.6758
40.6853
36.8362
32.9473
29.8684
29.637
29.6627
27.5844
23.6792
20.474
17.3475
12.9524
7.75553
2.32105
1.46651
0.947662
-3.83836
-8.98386
-10.549
-10.1666
2.13658
9.82399
12.438
10.2912
3.28642
-7.27737
-13.7674
-16.6085
-19.2214
-18.9953
-12.1098
-5.87753
-3.44398
-4.45975
-7.22534
-7.9863
-7.42434
-8.60175
-11.9801
-14.8176
-12.6914
-9.667
-7.42216
-5.95384
-5.97201
-7.64208
-7.34813
-5.12829
-5.01103
-8.381
-13.2997
-13.3447
-12.1015
-13.1693
-15.194
-14.8528
-13.9418
-14.9603
-17.5873
-18.4462
-15.5689
-15.2832
-11.8529
-12.2953
-16.2322
-20.6222
-20.9717
-20.1841
-21.0027
-19.2761
-16.7188
-13.6747
-11.2451
-11.1657
-14.2956
-17.5077
-13.0115
-6.61451
-4.57665
-6.99298
-12.3661
-11.3628
-5.99881
-4.05165
-5.47505
-7.85224
-7.88542
-6.23914
-5.91149
-7.52319
-9.50775
-10.3022
-9.93825
-6.30981
-1.86739
0.403406
0.396896
0.105418
-0.0112114
-2.97341
10.4979
30.72
43.839
50.5903
53.3055
54.4329
56.4998
59.2847
61.1931
61.7792
61.4687
60.6317
59.0784
56.7484
54.1413
52.5542
52.4364
52.3868
52.0527
51.6103
50.4488
48.1948
44.9048
40.9892
35.869
29.9932
26.2077
25.7477
23.7897
18.7425
11.4295
7.55792
2.75697
0.309027
-3.70827
-5.71969
-6.48955
-1.71783
5.95666
11.0661
12.4292
9.99381
5.59662
2.7635
0.0242074
-4.99975
-11.7688
-16.9723
-17.0841
-13.2702
-11.0143
-12.7111
-14.493
-11.21
-8.13523
-7.52322
-9.53343
-13.3295
-12.9756
-6.65852
-2.97103
-3.60723
-8.16379
-12.939
-10.5451
-7.30721
-7.39754
-10.6153
-11.2691
-5.80831
-1.76793
-1.39732
-4.38401
-8.58055
-10.1091
-9.18442
-9.5328
-12.7068
-18.1492
-9.89134
-4.8679
-2.12214
-0.0416429
1.84275
2.66936
1.15158
-3.18214
-9.36121
-11.8835
-11.8543
-14.4185
-18.6657
-13.6464
-6.01969
-1.7517
-0.707926
-1.70799
-4.22136
-8.30049
-11.4011
-8.68631
-6.32455
-7.75306
-13.3093
-19.3989
-18.2272
-15.8354
-14.6892
-13.8361
-11.7774
-7.66211
-4.11182
-3.24543
-4.71777
-5.17328
-0.777008
3.70383
5.18381
13.2255
32.3777
45.5842
53.2558
56.6365
56.9301
56.916
60.055
64.1252
66.4383
66.9488
66.5287
66.1067
65.922
65.9252
65.9502
64.7549
62.0677
58.0606
53.9286
51.2633
50.187
49.8055
47.8113
43.2181
36.8577
31.7166
28.8703
26.2007
22.6812
16.7178
6.13257
-3.05148
-2.41319
-4.95379
-5.29608
-3.28393
-1.49896
2.07624
4.33273
4.77506
2.75094
0.05917
-1.42365
-3.27551
-6.99992
-8.82001
-9.56672
-11.1555
-13.2172
-14.6488
-11.7725
-7.02695
-3.70864
-3.16984
-5.63748
-8.2929
-6.30807
-1.71335
0.414814
-1.14242
-6.19879
-11.3847
-11.2786
-11.2052
-14.0989
-18.1575
-18.5054
-15.4307
-12.4636
-11.3017
-11.9995
-12.4686
-8.58373
-2.90864
0.0715591
-0.932699
-6.25501
-12.8278
-11.9893
-10.2251
-5.87301
-4.10418
-4.13765
-3.00877
-0.880235
-0.337677
-1.37119
-2.81562
-5.34558
-10.6976
-13.4518
-7.72939
-3.12005
-2.02264
-3.15235
-4.93585
-6.75405
-9.84007
-11.6925
-9.87538
-8.68064
-10.7246
-16.1202
-20.1848
-16.8704
-11.3118
-7.40025
-6.4348
-8.22861
-9.94988
-7.84166
-5.05425
-4.24356
-4.18364
-0.33814
5.43193
8.1904
14.0147
27.2843
40.6911
48.1637
53.2666
57.8262
61.9328
65.4487
67.3866
67.6849
67.071
66.8624
67.0318
67.282
67.7019
68.5431
70.3045
72.4078
73.1156
71.7122
68.4124
64.2632
60.2999
57.0862
54.2942
50.5336
45.2356
40.2456
36.2367
30.8137
23.2884
12.3301
-1.39839
-0.462773
-1.05597
-3.06363
-5.0612
-6.58852
-4.72894
-0.517747
1.89939
1.10096
-2.23824
-5.49212
-7.49608
-6.98027
-3.72509
-1.32736
-2.79218
-8.2516
-11.5161
-5.64562
-0.406772
0.964102
-1.32286
-6.47182
-10.9488
-8.14742
-2.69911
0.0383349
-0.600402
-4.26803
-8.63663
-9.81308
-8.60805
-8.75462
-11.0842
-12.9332
-10.2345
-6.26707
-3.65074
-3.21592
-4.72286
-6.59201
-7.423
-6.9001
-6.20095
-6.32056
-7.67439
-7.24783
-3.84423
-3.51611
-5.81219
-8.86689
-10.2196
-9.77691
-7.04652
-4.64166
-5.55011
-10.1701
-16.7329
-14.8865
-9.1365
-6.64814
-7.33915
-9.16028
-7.46923
-3.90008
-2.50731
-3.50378
-5.71122
-8.23823
-11.0354
-13.5031
-14.6309
-14.7553
-12.4077
-8.06977
-5.41161
-5.64322
-6.52714
-6.30013
-6.9714
-10.1907
-12.1519
-5.7699
-0.421658
0.841937
5.12177
16.2742
27.3561
33.9057
37.7402
40.7978
43.912
48.414
53.9038
58.3275
61.7097
64.7652
67.6562
69.3937
69.8091
69.6083
69.142
67.9438
66.1767
64.6625
64.4284
64.702
64.6541
63.2237
59.9208
54.3178
47.9889
44.8565
42.5882
37.9097
29.5982
19.377
7.12633
2.00385
-2.61676
-9.86125
-10.3927
-7.28022
-2.08096
-0.773877
-2.83785
-7.13176
-7.12736
-4.44815
-5.3186
-9.13865
-10.3364
-7.18089
-6.36073
-8.52871
-8.60736
-4.28039
-1.41937
-0.334994
-1.13208
-4.05085
-8.24226
-11.1057
-13.1653
-15.0336
-13.3028
-9.53939
-7.00312
-5.92243
-6.08966
-6.68724
-7.37317
-8.71011
-9.6174
-8.28456
-7.0221
-8.11078
-12.253
-18.1742
-19.667
-15.6525
-12.1173
-10.1787
-8.07004
-9.0985
-6.3035
-6.97967
-10.71
-15.1323
-18.4102
-17.2471
-13.6004
-12.1739
-13.0725
-14.0688
-13.9337
-12.5938
-10.2157
-8.74524
-9.64672
-12.7556
-15.6742
-14.6849
-9.81643
-6.07916
-4.02092
-3.79903
-6.13877
-11.5708
-18.6437
-20.7909
-16.9617
-13.4225
-11.7748
-10.693
-9.94742
-8.6542
-7.49805
-8.2824
-11.2211
-9.9932
-4.93847
-1.60216
1.09388
9.52292
15.3386
21.9142
25.9824
27.3551
28.6505
32.9262
41.2828
47.4236
50.999
52.9281
54.1861
55.063
55.2171
54.5487
53.0427
50.7627
49.3267
50.4272
52.2515
53.3992
53.1741
51.9349
49.8948
49.4657
50.304
50.6761
48.8148
44.8705
38.989
30.0395
17.5452
9.8868
8.4865
5.94545
0.707922
-2.72589
-1.85122
-1.1829
-1.14839
-1.44284
-1.98167
-2.58831
-3.68911
-7.23605
-10.6543
-11.1325
-12.4263
-16.8033
-22.1756
-20.4113
-13.2586
-7.56014
-5.13163
-6.51089
-12.1536
-19.7514
-17.2847
-10.8778
-7.15136
-7.25801
-11.3084
-17.2098
-15.7744
-10.9101
-8.65844
-8.56078
-7.85544
-6.21135
-6.32177
-9.1435
-12.7163
-15.0967
-18.62
-23.8228
-24.4147
-19.8708
-16.018
-5.10381
-5.65894
-8.94614
-14.2177
-17.3852
-15.8141
-10.7066
-5.81101
-3.95612
-5.35956
-6.91795
-5.11501
-3.88942
-5.61525
-9.42326
-12.7736
-14.774
-15.8044
-15.9476
-14.7269
-9.34693
-4.58316
-3.52771
-6.46535
-12.3787
-15.7191
-13.9246
-12.6561
-13.6874
-14.661
-14.4275
-13.6803
-13.3314
-11.5575
-9.1679
-7.02254
-3.25695
0.63726
1.8197
2.60937
10.0521
19.269
24.7457
27.0382
27.2763
28.3336
32.5205
39.0482
43.9812
47.3509
48.7705
47.8703
44.7403
40.9916
41.8528
46.4199
49.7496
51.2796
51.6721
51.5844
50.2894
47.214
42.6689
39.5666
39.0277
41.8602
45.8564
47.7602
46.265
41.353
33.7854
23.9694
13.1581
7.02231
3.55568
1.14955
-0.810041
-0.235536
-0.212183
-1.9917
-5.72291
-10.6441
-11.8754
-8.95045
-7.84196
-8.99239
-10.9592
-12.066
-12.7655
-13.6341
-14.4562
-12.6577
-10.4225
-9.6805
-8.97801
-7.83456
-7.96534
-9.9945
-11.9856
-10.6776
-6.38962
-3.57313
-3.68834
-6.77794
-12.0276
-15.5135
-13.3066
-9.98399
-9.14581
-10.8541
-14.4062
-17.0813
-16.27
-15.0822
-17.0099
-22.4809
-25.3585
-19.4375
-6.31439
-6.9917
-8.90561
-9.17129
-7.52301
-6.85038
-8.30397
-11.1942
-13.9364
-15.6878
-13.2131
-9.17432
-6.20916
-5.10217
-6.21827
-8.35556
-7.80584
-4.91949
-3.91624
-5.98401
-9.28007
-8.35744
-5.44495
-5.03468
-5.7712
-4.55805
-3.12072
-4.29337
-7.3717
-7.7009
-5.26837
-4.62906
-6.04858
-8.29562
-9.6519
-9.63745
-8.14309
-7.1041
-7.94772
-6.30158
0.493094
7.662
15.6926
21.3483
26.8268
29.9816
32.4997
34.2263
35.9344
37.2876
38.0598
41.1791
45.7917
48.9013
50.3242
51.2136
52.3548
52.9503
51.5878
48.2014
43.5713
39.726
38.8008
38.8386
37.6972
35.7533
33.6266
30.8268
27.8707
25.1653
21.1446
14.6651
6.70438
2.70664
2.46987
1.51924
-2.83651
-4.58423
-4.07726
-3.85377
-4.79095
-5.35332
-4.33081
-3.87089
-5.83445
-9.32375
-10.7733
-9.99093
-9.53477
-10.9236
-13.5476
-12.9608
-8.61754
-3.33398
-0.0777008
0.176609
-1.96769
-3.46991
-2.97061
-3.34798
-4.10762
-3.33842
-2.99221
-5.18908
-9.85839
-13.8919
-13.9064
-11.9565
-11.3526
-11.6143
-11.8317
-12.245
-12.2298
-11.8707
-11.9849
-12.702
-13.4804
-14.0926
-7.91835
-8.46298
-9.58483
-9.73999
-9.47389
-10.0162
-11.5536
-12.057
-11.3604
-11.8577
-14.433
-16.2449
-16.7717
-18.3275
-19.9436
-20.1039
-18.6453
-16.329
-14.5617
-14.3221
-12.9136
-9.47815
-7.23256
-6.85334
-6.60031
-4.89167
-3.19037
-3.56151
-6.63041
-10.6756
-11.2383
-9.88137
-9.45925
-9.05811
-9.10159
-10.542
-12.2325
-12.2116
-13.8109
-9.34273
1.0713
5.32825
8.28339
9.8602
11.9112
17.544
26.0648
35.381
42.1055
46.3329
49.54
52.2142
54.3648
55.3682
55.3566
54.6506
52.9393
49.1711
43.4934
40.5033
43.0202
45.0949
44.9441
42.6779
39.4249
37.1592
36.0145
34.1009
30.1572
23.9334
15.5929
6.34669
3.40906
4.73298
6.14099
4.39788
-0.868402
-3.89218
0.0642905
4.12413
4.78179
1.83118
-3.90746
-9.46902
-14.7461
-20.4271
-19.9106
-14.3187
-9.3591
-6.48192
-5.78479
-6.71965
-8.41309
-7.84111
-6.31478
-6.68006
-9.16875
-10.2567
-9.06355
-7.45147
-3.52552
-0.450886
-0.182601
-2.56157
-6.34785
-11.2156
-17.8405
-18.321
-12.692
-9.75959
-9.22358
-9.23312
-8.70659
-8.08741
-8.03039
-9.35728
-12.4345
-14.7275
-16.4925
-11.2557
-7.29305
-5.69657
-6.83501
-9.90287
-11.0037
-9.05658
-8.33288
-10.5522
-14.8637
-17.4726
-17.0353
-17.4813
-20.192
-22.4224
-20.269
-17.5297
-16.7141
-17.2599
-14.9799
-11.6906
-10.3362
-11.0567
-13.1491
-15.8005
-16.2798
-12.6713
-10.1614
-10.2123
-11.5236
-12.4835
-13.0947
-10.3589
-5.82663
-3.43502
-3.27484
-3.0672
-1.84496
-1.36795
8.12018
15.213
20.9858
23.6048
26.1072
28.8176
29.6759
29.8378
29.9294
30.8626
32.297
34.5276
37.0142
38.5912
39.5715
39.0635
36.558
32.488
30.0493
28.761
26.0506
22.7138
18.7678
18.5551
19.9158
22.6105
23.8805
23.7597
23.5273
24.0278
23.1266
19.5245
13.4187
6.66153
1.78608
-1.02964
-6.60968
-11.2527
-9.43696
-1.43893
2.59446
2.61974
-1.24284
-8.16521
-17.3579
-25.8414
-25.3936
-21.2165
-18.2274
-15.6379
-12.2111
-9.41164
-9.16723
-12.0755
-15.1149
-11.103
-6.36901
-4.74665
-5.27111
-5.17888
-3.00696
-1.36558
-2.09544
-4.77489
-6.4711
-6.05385
-5.86752
-7.13308
-10.6411
-15.5336
-16.7319
-14.1622
-12.3981
-11.1288
-9.31187
-7.74656
-7.65976
-6.51602
-17.1804
-15.5892
-12.5262
-9.46416
-7.02364
-5.89644
-6.77605
-9.88201
-12.6342
-10.1135
-6.74466
-6.07451
-7.99656
-11.6127
-15.0742
-16.4748
-14.3243
-11.0742
-9.54456
-10.3205
-11.4639
-11.6906
-12.6327
-15.7192
-20.7929
-26.1016
-25.7277
-18.4949
-13.1688
-11.798
-13.7706
-15.3152
-11.8806
-8.97248
-9.46281
-11.2366
-7.43723
-2.88115
-1.67636
0.544335
8.85266
17.2505
22.5763
25.8129
28.5764
30.9858
32.0642
32.332
31.8117
31.1854
31.1551
32.3602
33.276
32.7818
31.0256
28.6873
24.1128
18.4578
13.3421
10.6975
8.0667
8.40431
10.0817
13.4266
13.1543
12.816
13.0669
15.0987
17.3958
17.8821
15.504
12.7165
12.0671
11.4259
8.48971
2.42118
-6.23299
-7.18705
-5.91478
-4.9528
-6.46301
-6.90717
-3.50848
-0.69477
-0.663994
-3.89248
-9.46786
-14.5054
-16.7002
-15.8537
-13.569
-11.3785
-10.4921
-11.1039
-12.3279
-11.1347
-8.98728
-8.80135
-11.4611
-15.4469
-16.8702
-15.6243
-15.0616
-16.0599
-13.2493
-6.48299
-2.92333
-3.76402
-8.63999
-13.4411
-12.6875
-11.7276
-12.4056
-12.6472
-9.80636
-6.59012
-4.37056
-1.7974
-17.0403
-14.8745
-10.7621
-6.34641
-3.68411
-3.65581
-6.70348
-12.9513
-21.122
-23.1111
-18.7084
-14.8684
-14.3255
-16.5018
-17.4554
-14.0862
-11.6407
-11.5438
-13.0705
-14.3048
-13.3679
-11.6757
-11.6445
-14.6952
-20.6853
-25.7926
-24.1481
-19.3969
-16.5832
-15.821
-15.3251
-12.8575
-9.94853
-8.76118
-9.56957
-11.1362
-8.87124
-5.0866
-3.82045
-1.40209
6.07956
15.6359
22.3344
26.421
28.2979
29.7609
31.671
32.5167
31.5714
29.2486
28.164
28.9705
29.2093
26.9992
22.0881
18.424
19.4942
20.2563
19.4462
17.2179
13.6741
11.6241
10.9041
12.9361
15.5523
16.9311
16.8685
17.8699
19.5664
19.3003
17.5209
17.0963
20.6024
23.5623
23.8176
20.5691
13.7791
4.22054
1.0401
2.1507
1.61671
2.05352
4.91073
6.26343
3.92062
-2.44379
-11.2271
-13.6908
-9.05743
-6.28778
-6.80517
-8.38165
-7.40722
-5.96144
-7.3315
-12.2239
-19.5461
-23.7075
-22.3144
-17.9532
-11.781
-7.98585
-7.91049
-10.5284
-11.8239
-9.08433
-6.77225
-6.77691
-7.8342
-6.61224
-3.75561
-3.1753
-5.19043
-8.12297
-9.73815
-10.4561
-9.34675
-6.20476
-16.4899
-15.1075
-11.414
-7.93334
-5.94868
-6.4933
-10.1184
-16.3257
-20.5796
-23.1501
-25.741
-27.5308
-25.7317
-23.1546
-19.0485
-13.6431
-10.4012
-10.6154
-14.2815
-19.4791
-20.3183
-15.1382
-10.3083
-9.09197
-12.0746
-17.9339
-14.6091
-7.13404
-3.19161
-2.54749
-4.14439
-5.51372
-5.98903
-7.23899
-9.49582
-7.46308
1.36446
7.31904
8.56742
6.70263
6.68632
11.0943
14.0916
14.4256
13.1624
13.315
13.0234
14.7331
13.3001
10.3922
1.95735
4.54391
10.5648
13.9351
13.7001
12.1383
9.41824
8.94907
8.79671
8.68132
7.94049
7.90281
5.51466
4.89056
3.04727
5.56274
7.85255
9.35869
10.6861
12.0745
14.4625
17.259
21.407
23.8748
23.4446
19.9046
13.2103
4.247
-0.624852
-0.17455
0.679498
0.425302
-1.14051
-4.98048
-10.8712
-16.1464
-17.384
-14.6122
-12.0884
-11.76
-12.0584
-11.5309
-9.14776
-6.72191
-5.11169
-3.76662
-2.87767
-2.22309
-1.61766
-1.43395
-2.63285
-4.66597
-5.98044
-6.79991
-7.9128
-8.61315
-7.76456
-6.58436
-7.40756
-10.8423
-15.0477
-15.2591
-12.7874
-10.6836
-9.07698
-7.5352
-5.91424
-4.75059
-8.24832
-5.27833
-0.917535
0.527557
-1.5952
-6.13069
-9.00725
-8.49104
-6.65289
-5.07439
-4.61816
-6.12068
-9.84936
-14.4812
-14.9948
-11.6192
-10.2319
-12.3221
-17.5888
-20.4796
-16.9442
-11.6228
-7.57382
-6.62089
-9.64529
-16.789
-22.1404
-19.7976
-17.7896
-15.6226
-10.5293
-4.13596
0.833293
3.03203
2.80872
2.99275
9.12727
15.7672
18.7154
17.482
12.7336
4.54975
2.91187
4.65647
7.43441
9.43509
9.53645
10.9156
10.8642
10.6853
9.67557
12.0073
14.1561
15.1865
13.3308
11.3591
5.81537
0.318057
-3.84393
-4.49064
-2.37313
1.19645
2.44183
4.63974
4.58653
3.82062
1.036
0.117748
1.92795
4.19593
7.46147
13.0937
21.9467
27.3997
28.6185
25.3998
17.3722
7.6509
4.61273
6.25464
4.70608
0.103988
-4.85629
-6.97396
-8.74003
-11.5597
-14.8985
-14.811
-12.4996
-11.366
-11.4455
-8.86965
-4.4103
-2.12749
-2.80706
-4.34989
-3.18592
-0.508624
0.760312
-0.53674
-4.20923
-7.85594
-8.44223
-8.44462
-8.92885
-9.285
-9.72723
-10.6247
-10.8744
-9.71358
-7.84974
-6.96327
-7.67403
-7.54663
-5.12081
-3.047
-2.39165
-1.9458
-5.57167
-4.85535
-4.36734
-5.07608
-7.19812
-7.48949
-5.22656
-3.51009
-2.61435
-2.24564
-3.13278
-5.80126
-9.81195
-13.4441
-13.4832
-9.21685
-4.93339
-2.91565
-3.46068
-6.07607
-8.95373
-10.5095
-11.7587
-14.1333
-17.562
-20.118
-19.5576
-18.2824
-16.1692
-11.0318
-6.71764
-5.73255
-6.57171
-4.89463
-0.955753
2.01138
4.97007
7.65197
8.85553
7.61692
3.65073
-2.60546
-3.62776
1.00559
4.7204
5.7215
6.61675
9.63952
11.0854
11.3202
8.51992
7.1085
8.45321
7.8544
2.50376
0.146955
-3.50433
-2.61257
0.712697
2.63196
2.87579
2.71814
-0.540516
-0.30414
-1.65559
-1.85205
-2.3352
-2.44501
-3.00274
-3.23749
-1.79829
10.7585
20.9659
26.2754
27.0127
23.4246
15.3869
6.58098
5.30021
6.19744
4.31636
-1.00348
-7.07278
-9.38944
-10.1466
-11.3338
-11.8348
-8.41148
-4.78023
-3.84538
-5.95567
-9.187
-9.9173
-9.00953
-8.63313
-10.017
-12.4175
-13.6546
-12.0802
-9.03032
-6.25404
-4.66041
-5.11282
-7.48619
-10.4356
-10.0251
-7.11819
-5.50381
-6.55388
-9.39097
-10.9607
-10.9136
-10.9022
-10.3447
-9.06089
-9.31401
-11.4652
-11.649
-5.41496
-6.70751
-7.29624
-7.12434
-5.61108
-4.27946
-5.15238
-8.52519
-11.6432
-12.1145
-12.2951
-14.081
-17.527
-21.108
-19.8759
-16.1386
-14.0238
-11.8779
-8.50041
-6.02267
-5.40192
-5.85079
-7.06061
-9.95041
-15.4902
-19.9743
-16.7815
-12.5072
-9.85203
-7.87926
-5.59177
-3.61217
-3.18017
-4.83719
-7.41722
-4.50832
5.22645
11.5811
13.2508
10.4201
4.25946
-4.78416
-7.42494
-2.17959
3.28464
4.77777
2.66174
1.81492
0.877335
1.65013
0.659788
2.03471
5.63882
3.34931
-2.97153
-0.882659
-3.56343
-3.46295
-6.67538
-8.50481
-7.96516
-2.31864
-2.58781
-2.2864
-5.06141
-3.94093
-2.19943
-1.31016
-0.765937
-2.07676
-1.24371
10.0195
20.497
25.3835
25.4237
21.0778
13.1947
9.36951
11.9752
12.7443
9.33906
1.03594
-9.22795
-9.15396
-5.08603
-2.46778
-1.60562
-1.82852
-2.97884
-5.45754
-8.4315
-7.27025
-4.0362
-2.50049
-3.04203
-5.00932
-8.38761
-13.5479
-15.9582
-11.5161
-7.08726
-4.82847
-3.98403
-4.16876
-5.242
-6.70186
-6.7022
-6.69465
-8.67052
-11.961
-13.2387
-12.1735
-11.6153
-9.44605
-5.96072
-4.09062
-5.17932
-9.13549
-1.68945
-1.85669
-2.94652
-3.33249
-4.52227
-8.17737
-13.3941
-15.7323
-14.8635
-15.1381
-17.0243
-18.5843
-17.0646
-14.0975
-12.8673
-14.2445
-16.6011
-16.305
-13.5045
-10.8098
-9.45754
-9.78526
-11.1365
-12.5848
-14.0913
-15.3593
-14.6376
-11.4132
-8.40663
-7.2157
-7.20447
-7.36993
-7.72883
-9.16264
-10.3753
-3.43877
8.40627
15.3214
17.3421
15.146
9.22858
1.38135
-3.52219
-3.31403
0.668678
2.92961
2.33127
2.92867
3.01617
3.57694
0.427997
-0.247485
3.02661
2.46448
0.573055
2.97952
1.75878
-0.966335
-3.61616
-3.90486
-4.22999
-2.63311
-3.07246
-1.76521
-2.02161
0.296162
3.64283
6.16941
6.35601
3.83099
2.54103
8.42676
18.7957
23.6293
23.716
19.2354
10.4749
7.48268
10.6027
11.7916
8.80763
1.10711
-7.76211
-8.2938
-6.08404
-5.8341
-6.8817
-7.36524
-7.55218
-9.16369
-12.6126
-15.1768
-13.7747
-11.0649
-10.1273
-11.5423
-14.0965
-15.3802
-13.1415
-8.82314
-5.79016
-5.23197
-6.97965
-10.5169
-13.7121
-12.4881
-8.93648
-6.94122
-7.79996
-11.2381
-14.158
-13.5374
-12.3322
-11.7172
-9.65272
-6.82362
-5.83329
-7.52023
-11.8141
-11.2237
-11.1896
-10.5731
-10.5779
-12.0054
-13.1949
-12.2969
-12.0176
-14.0885
-17.2797
-17.3068
-14.5612
-10.8515
-7.06126
-5.21569
-5.80694
-8.14615
-10.6038
-13.0576
-15.686
-17.7381
-18.9802
-18.9526
-17.1686
-14.1631
-12.3759
-11.5575
-9.29848
-6.69201
-6.24797
-7.37074
-7.26427
-6.11054
-5.52102
-2.2801
6.92037
13.3598
15.0899
12.383
6.68443
1.06257
-1.6933
-3.90605
-3.14229
-2.75806
-3.6825
-0.411509
2.4117
5.08074
4.20445
4.27906
6.51975
5.58171
2.19702
1.60916
-1.68743
-4.63871
-5.29223
-4.49368
-4.85481
-6.03567
-12.2362
-10.8011
-12.3655
-11.6399
-10.5983
-7.93697
-3.95823
-3.58076
-0.887586
9.77627
19.6718
24.1696
23.636
18.3346
7.86402
5.46687
9.5677
10.709
7.33849
-0.118115
-5.05563
-3.34289
-2.14066
-1.53756
-0.435703
-0.22268
-2.16606
-6.1084
-9.76023
-11.2692
-14.0025
-19.049
-18.108
-11.4681
-7.71955
-7.30241
-9.07318
-11.5338
-14.0249
-15.8589
-15.4394
-13.2325
-11.2501
-11
-11.5818
-12.4618
-13.8005
-14.8711
-13.607
-11.8386
-12.7151
-15.5205
-15.1832
-12.285
-10.7832
-10.9117
-8.88001
-7.14522
-6.88825
-5.61228
-3.88659
-4.16818
-7.1553
-11.5248
-14.1383
-12.513
-8.78078
-7.38249
-9.08705
-11.2971
-10.3479
-9.05459
-9.82701
-10.4531
-9.76302
-10.5936
-14.409
-18.4295
-18.9777
-18.8795
-19.3651
-17.4308
-12.1907
-6.71043
-3.32257
-1.93163
-1.76084
-2.60776
-4.33332
-5.91837
-4.68994
1.23842
11.4265
17.8228
19.4478
16.3664
8.84445
-3.24243
-8.45877
-6.69863
-1.8451
0.459347
-1.37183
0.633104
3.4448
6.88877
5.57929
5.87373
7.67215
7.15043
2.49743
1.63072
-0.128269
-0.439789
-2.83526
-6.31647
-8.69158
-8.56104
-13.2065
-9.9041
-8.97395
-5.87009
-3.08549
-0.128404
1.68733
1.31233
1.96201
13.5666
23.5807
28.2912
28.246
23.4873
14.6392
13.4674
20.8322
24.7365
24.4133
19.7756
10.8049
-1.07443
-8.37961
-9.91182
-8.47044
-6.92939
-5.66775
-4.95751
-5.96115
-9.00059
-13.4965
-17.5896
-16.4588
-12.6304
-9.77804
-6.78821
-4.92673
-5.93256
-10.2504
-15.1306
-13.629
-8.40631
-5.13335
-4.74664
-6.1452
-6.98247
-7.52541
-9.82881
-14.0226
-18.3831
-22.7204
-24.5387
-21.547
-17.6602
-15.6649
-15.0321
-11.801
-10.282
-8.142
-6.32768
-5.78127
-7.2609
-10.7467
-14.6474
-16.4497
-16.2656
-13.3281
-9.09348
-6.89307
-7.52802
-9.55021
-11.1228
-13.1141
-16.8509
-17.6884
-14.735
-13.0966
-13.8936
-16.4038
-17.7168
-16.1061
-13.6193
-11.5936
-9.31488
-7.94955
-8.23424
-9.57605
-10.6299
-9.90561
-7.38886
-4.74023
-0.56498
7.85643
13.7433
15.1026
11.9746
4.8461
-2.25826
-4.90986
-4.28223
-1.23232
0.954396
-0.900193
-0.0809345
0.960666
2.4088
1.47242
2.43538
4.79802
4.10082
1.17593
1.48104
-0.137269
-2.11348
-4.33735
-5.41716
-7.43666
-7.12819
-7.87526
-4.64179
-4.72315
-4.92411
-5.30661
-6.1981
-6.37122
-5.51411
1.69349
13.1296
23.2538
27.8213
27.5686
22.9307
14.9206
16.2428
23.426
27.6902
28.0446
24.2916
16.2497
7.40154
2.91249
1.00677
-2.04658
-5.17962
-6.98841
-7.21945
-5.52959
-4.57378
-5.50448
-7.65001
-7.87227
-4.69578
-1.80639
-1.42852
-2.99024
-4.30984
-4.74042
-6.25824
-9.25935
-12.7416
-14.939
-15.9972
-15.8241
-14.2739
-12.2301
-10.7889
-11.0721
-14.1202
-19.7729
-24.9298
-20.3906
-15.2442
-12.6866
-10.5464
-10.6537
-9.485
-8.12866
-7.1704
-7.45251
-8.54354
-9.07261
-9.83595
-12.2332
-13.9048
-10.7726
-7.05543
-6.16795
-8.06276
-10.1827
-9.31862
-8.1118
-8.5844
-10.5428
-12.5101
-13.7874
-14.1758
-13.0396
-11.0418
-9.42974
-8.85079
-7.65953
-5.50032
-4.6655
-6.57669
-10.0731
-10.7911
-8.62903
-5.82184
-3.21158
-0.217251
7.20394
13.0605
14.55
11.7129
5.85925
-0.490028
-1.99452
-1.67707
-0.445105
-0.00355455
-2.44094
-0.929578
0.49003
2.40507
1.48989
2.91536
5.80884
6.5317
3.92175
3.00349
0.391428
-0.683335
-0.981772
-1.42737
-4.03776
-7.17254
-10.3379
-6.2528
-7.68876
-10.1025
-11.2888
-7.90391
-5.39444
-4.1807
-0.437816
8.56887
18.7992
23.5735
23.5085
18.6932
12.5841
21.1572
30.7257
35.4027
35.5403
31.3986
23.5312
15.1138
10.8044
7.67102
3.85021
-1.87776
-8.81216
-11.0184
-9.37162
-6.89517
-6.19428
-8.3797
-11.8894
-9.85276
-5.97987
-5.09878
-7.2143
-10.9794
-14.3609
-15.2951
-12.311
-8.22938
-6.03953
-6.61222
-9.855
-14.0908
-16.0506
-14.7128
-12.3116
-11.2119
-12.4089
-14.8695
-14.3649
-10.6057
-7.27259
-4.60103
-6.17207
-5.88948
-7.64844
-10.7072
-9.73768
-7.16851
-7.49857
-10.7388
-13.1539
-10.5798
-6.78471
-4.7512
-4.26744
-4.45785
-5.04508
-5.55812
-5.29197
-5.16572
-6.81826
-10.741
-15.2082
-17.7151
-18.316
-15.5301
-9.9078
-6.15113
-5.79381
-8.18119
-11.5392
-14.0497
-14.6262
-11.6382
-8.74476
-8.32324
-7.74741
-0.0560826
11.5327
18.0127
19.5343
16.3031
8.64969
-0.829362
-4.16685
-4.37045
-1.92669
-0.0569447
-1.59201
-0.483507
-0.37929
1.8645
2.09748
3.66594
5.0909
4.6083
-0.146556
0.384633
-1.30449
-2.59291
-5.59146
-8.17189
-10.7315
-9.03062
-10.9434
-6.54408
-8.52209
-10.7086
-11.8939
-9.84306
-7.37454
-6.72125
-2.46622
10.7187
20.3205
24.6391
24.1347
18.7539
12.1401
21.3063
29.4417
32.446
30.9194
24.7898
14.1383
4.42107
0.432914
-1.61085
-4.46642
-7.43314
-9.63184
-7.5281
-4.63389
-4.09819
-5.72653
-8.28657
-10.3897
-10.7822
-9.72911
-8.37735
-7.81503
-8.9086
-10.5946
-9.65128
-7.56069
-7.08505
-8.39605
-10.1343
-11.3127
-12.3353
-13.3419
-14.1452
-14.785
-15.428
-15.6629
-15.3939
-13.7222
-11.7691
-11.1368
-10.8599
-11.0284
-9.49623
-9.5114
-11.4604
-11.5949
-9.54041
-7.94702
-6.90907
-6.69879
-7.34761
-7.10415
-5.19472
-3.78251
-3.2766
-3.64467
-5.18899
-7.79742
-10.1971
-11.6117
-9.71795
-5.76349
-4.31114
-6.29009
-9.17644
-8.63217
-6.17458
-3.46875
-0.758507
0.229045
-1.68711
-6.31985
-10.5539
-10.3946
-9.2556
-8.14868
-0.254018
11.7917
18.3556
19.7535
16.339
8.18447
-3.82977
-9.63508
-10.0618
-5.43503
-2.53891
-5.75886
-5.25326
-5.00381
-2.28256
-4.35854
-4.60091
-0.313815
-1.97406
-9.39298
-5.23527
-5.40599
-5.04916
-6.62561
-8.10572
-7.61654
-5.96149
-8.23983
-7.7518
-10.7232
-11.8445
-10.904
-9.36899
-10.5484
-7.9815
5.10973
18.2364
26.2909
29.0992
27.2282
20.5973
17.1608
29.387
37.2548
39.5755
36.9358
28.802
14.1425
0.237833
-0.611154
0.634716
0.68626
-0.538664
-2.65226
-5.34594
-8.21865
-11.6393
-16.4685
-18.9093
-14.7074
-9.66042
-7.4363
-8.27851
-11.436
-13.5961
-12.7477
-11.2408
-10.8243
-11.2398
-11.3726
-10.0108
-8.20007
-8.05732
-10.2535
-13.869
-16.377
-17.0909
-16.3267
-13.7306
-11.37
-10.2809
-10.5547
-12.2088
-13.8069
-14.513
-13.4428
-9.91568
-6.61205
-5.85484
-7.55968
-9.61838
-10.3477
-11.1766
-12.6984
-13.8896
-13.5681
-12.8502
-13.3722
-15.4228
-17.2419
-15.6906
-11.1805
-6.93254
-5.01471
-5.07633
-5.52221
-6.18429
-8.73181
-13.06
-12.8696
-9.16248
-7.33629
-7.89213
-9.83521
-11.8899
-13.2209
-14.0581
-11.3214
0.400986
13.6112
20.8804
22.8718
20.1129
13.0865
3.85841
-0.647416
-3.12733
-2.9475
0.12946
-2.40261
-1.59865
-3.38789
-3.95109
-8.11367
-7.11555
-2.08795
-0.844439
-4.38081
-2.9272
-3.82692
-4.26021
-4.65855
-5.86365
-6.72885
-4.5702
-2.72105
-1.1182
-3.91188
-5.87889
-5.99883
-6.67796
-8.35559
-6.23261
4.469
17.0355
23.9071
25.7951
23.1689
15.9651
20.72
35.7295
44.2648
47.1748
45.1178
37.6252
23.246
5.6971
3.87754
4.26855
1.87593
-2.36526
-6.32609
-8.50628
-8.72597
-8.49439
-9.48916
-11.3645
-10.931
-4.99144
-0.136923
0.810058
-2.28639
-8.17377
-11.0303
-10.2259
-10.6719
-13.1306
-15.5307
-15.3648
-14.0124
-13.7513
-13.8165
-11.947
-8.44484
-5.52513
-3.75948
-3.80784
-5.4672
-6.80859
-6.85484
-7.5713
-7.14334
-8.0218
-8.87316
-9.12436
-9.06064
-8.61369
-6.81614
-4.5976
-3.52616
-4.29459
-7.03452
-12.1943
-18.2831
-17.2825
-11.8982
-9.41642
-9.30832
-7.90164
-4.2094
-1.99045
-2.3333
-4.43839
-6.78059
-9.08316
-12.2108
-15.7956
-17.9727
-16.5499
-12.9664
-10.1285
-9.07801
-10.063
-12.1134
-13.5931
-10.2588
2.22208
15.5844
22.5631
24.2549
21.0863
12.9763
2.45133
-3.85998
-5.30261
-3.13245
0.208523
-0.210969
0.866561
-0.395302
-1.41482
-5.61091
-3.67063
1.87367
3.33387
1.88195
2.08322
0.137715
-2.03099
-3.37529
-3.36378
-3.77844
-2.74059
-2.5541
-1.06443
-2.76459
-5.24995
-6.05702
-4.13299
-2.96487
-2.8029
9.48209
22.0516
28.8623
30.6532
27.8063
20.0591
21.9286
36.6814
45.0954
47.8263
45.5649
37.799
23.091
4.78768
-0.029907
-0.275605
-1.62782
-4.26188
-7.51469
-11.3514
-14.1318
-10.738
-6.49831
-5.72233
-8.30727
-11.6446
-11.1969
-10.2002
-11.6334
-14.2967
-12.8374
-9.77395
-9.5437
-12.3011
-16.2962
-18.9749
-20.3738
-20.7731
-19.848
-17.3298
-14.397
-11.4249
-8.55247
-6.66893
-6.20132
-6.57238
-7.36586
-9.03781
-9.37058
-12.7006
-12.8498
-9.86328
-8.10158
-8.34268
-8.65521
-7.50986
-5.89469
-5.02345
-5.80712
-8.8415
-13.4984
-16.4119
-15.7671
-13.5199
-9.91496
-6.90941
-6.565
-9.48771
-13.8254
-13.6622
-11.8988
-12.0899
-13.7956
-15.1192
-15.9717
-16.3416
-14.135
-9.68852
-6.46096
-5.72919
-7.30824
-9.69091
-7.66844
2.37605
14.9071
21.7608
23.4169
20.1733
11.7376
-2.12758
-8.12409
-8.8802
-6.97951
-5.16313
-5.97975
-0.764965
2.28718
3.70642
0.225662
-1.91469
0.047005
1.12868
-0.280048
0.672965
-2.09215
-5.29177
-7.60401
-8.51168
-11.0433
-10.2426
-12.9621
-8.12425
-6.44762
-5.96083
-7.66085
-9.44183
-9.40956
-5.14494
11.8097
24.1192
30.6824
32.1381
28.8055
20.2688
17.6098
32.0202
41.1462
44.5687
43.0646
36.3067
22.9523
5.39769
-3.8703
-4.47502
-2.92128
-2.05857
-4.03289
-9.23867
-15.9062
-15.6908
-11.9587
-10.8604
-12.8325
-16.4551
-17.8572
-16.271
-14.324
-11.9325
-7.92379
-4.77472
-4.74708
-8.3468
-13.4681
-13.1907
-11.1455
-11.2011
-11.8575
-10.9578
-8.95366
-6.95078
-5.82209
-5.56281
-5.44502
-5.5455
-6.95664
-10.3227
-4.8253
-7.73335
-8.66287
-6.91207
-6.4617
-8.67013
-11.555
-12.1001
-10.7044
-9.65143
-9.48865
-10.9292
-13.8649
-16.5326
-16.611
-14.312
-11.4971
-8.68071
-6.93448
-6.95875
-7.76577
-7.07874
-5.35616
-5.02069
-6.86908
-10.194
-13.5812
-16.4742
-16.2372
-13.2285
-11.6001
-12.5139
-14.8108
-15.6703
-9.80215
2.17558
14.7893
21.4607
22.9035
19.3869
10.7177
-1.7163
-6.32994
-6.14638
-4.88999
-3.92822
-6.23221
-4.08946
-1.47286
1.32271
-0.748425
-3.13822
-1.72708
-2.61723
-8.99127
-6.61657
-6.15475
-5.35186
-5.67132
-7.55455
-8.712
-6.26306
-6.994
-6.6356
-6.90383
-4.13054
-2.40144
-3.09699
-5.54939
-2.06647
10.3358
23.5924
30.2381
31.7152
28.4358
20.117
9.85468
15.5804
24.464
29.0016
29.1082
24.6944
15.0497
2.37913
-11.7075
-12.8067
-10.1009
-8.48582
-10.3446
-15.5309
-19.112
-16.1422
-13.304
-12.373
-13.0015
-13.853
-14.1187
-14.3669
-14.5266
-13.0885
-10.5978
-9.50731
-10.4209
-11.8737
-12.746
-13.3837
-13.4663
-12.385
-10.1382
-8.24214
-8.03801
-9.86365
-12.356
-13.2137
-11.1116
-7.9866
-6.84226
-8.49563
-8.52175
-11.6483
-8.97453
-5.5602
-4.86839
-7.12365
-11.0299
-13.7164
-14.4096
-13.5947
-11.2608
-9.92623
-10.7537
-12.3483
-12.4555
-11.1669
-9.50798
-7.9181
-7.21051
-7.98533
-9.58755
-9.82484
-8.58116
-7.45584
-7.40395
-9.34044
-13.9878
-19.5586
-19.6659
-15.6669
-12.5858
-10.4857
-8.7409
-7.31136
-4.06184
5.03454
16.7589
23.3515
24.8922
21.6201
13.0415
0.352679
-6.87004
-7.64249
-4.77349
-2.5657
-0.49924
3.46913
7.04266
9.04018
9.35527
9.98567
10.5808
9.74711
5.89387
2.96247
-0.928579
-2.25619
-1.66591
-0.290822
0.46458
1.00792
-1.58949
-3.01549
-5.36148
-6.53441
-7.77193
-7.97368
-6.52645
2.22096
14.4168
26.3398
32.8508
34.3144
30.9948
22.3948
11.6775
16.1716
24.1769
27.8709
27.2784
22.3432
13.0581
1.82037
-4.38007
-7.76255
-9.25158
-8.47989
-7.13
-7.67099
-10.9271
-14.4959
-14.0806
-12.8427
-13.4721
-14.814
-14.2234
-12.6853
-12.7685
-14.9146
-18.0939
-20.6212
-21.7126
-21.3173
-20.4188
-19.8343
-18.5789
-17.0933
-14.195
-10.3098
-8.16606
-8.38734
-9.10133
-8.53516
-8.21384
-8.26804
-6.70391
-4.25899
-9.58566
-10.8408
-9.05746
-7.75725
-8.55703
-11.0604
-12.9598
-13.6831
-14.8297
-13.3719
-8.83184
-5.03064
-3.62
-4.40623
-6.33306
-8.15426
-8.93485
-8.63698
-6.83663
-5.13406
-5.11595
-6.58055
-7.28395
-6.12516
-4.84177
-4.70703
-6.29024
-9.31366
-11.9562
-13.1748
-13.9506
-14.695
-15.5306
-15.5827
-10.6948
-0.107348
12.4316
19.4093
21.3116
18.7441
12.6632
4.90009
-0.541396
-4.37027
-2.89667
-0.360172
1.70737
5.12494
7.31521
7.53445
4.65387
2.87604
5.30992
5.50415
3.02335
1.36233
-1.77314
-1.68406
0.170499
2.19626
3.0311
2.34099
-1.0203
-3.54002
-5.43798
-5.57701
-5.01428
-4.70419
-4.28886
-1.24667
7.40886
17.4127
23.0822
24.009
20.2737
12.1675
5.77712
14.8671
25.6473
31.6297
32.8697
29.4975
21.1041
8.36112
-1.69661
-4.49434
-6.28725
-6.9621
-6.64329
-7.60969
-11.061
-15.0346
-15.1122
-12.8994
-11.5651
-11.3888
-10.8502
-9.47078
-8.74646
-9.34932
-10.7755
-12.7595
-15.8782
-19.647
-22.0114
-22.7683
-20.8725
-15.4458
-10.8032
-8.78924
-9.00619
-10.5297
-11.6027
-11.141
-8.89783
-5.92572
-2.86872
0.00912196
-7.64671
-6.64353
-6.47481
-7.3872
-9.56521
-11.5439
-10.6156
-8.15114
-6.36263
-5.68302
-5.86926
-5.83796
-5.20254
-4.12739
-2.62033
-1.68698
-2.84638
-5.95468
-6.94781
-5.45069
-5.56631
-7.42424
-7.74827
-6.66244
-7.30134
-9.89546
-12.4831
-13.1223
-12.9918
-12.8549
-11.8893
-10.0593
-8.43862
-7.5664
-5.69875
0.923654
10.9432
16.8673
18.1632
14.9786
7.70025
0.0084329
-3.42595
-2.7069
1.11303
3.85387
6.6464
9.80876
11.6633
12.3671
10.4734
8.3481
7.14886
6.64922
5.20445
5.76938
5.22757
4.7624
4.20992
4.25568
3.75139
2.40572
0.347958
1.17582
1.67925
1.929
1.09966
1.00126
2.49997
5.92598
10.4485
14.5935
17.3342
17.2227
13.6144
6.34231
-1.46767
-2.0604
5.60316
11.333
12.9617
10.5731
4.90577
-0.238552
-3.44875
-7.03544
-10.5752
-11.5414
-10.8023
-10.9407
-13.0703
-15.5751
-15.3742
-13.0451
-11.5888
-11.6544
-11.9109
-9.83893
-7.26542
-6.39376
-7.01847
-7.88402
-9.02181
-11.2203
-13.7367
-15.9981
-17.0312
-14.7296
-11.876
-11.3542
-13.3602
-15.7725
-15.2689
-11.6925
-8.59782
-7.98306
-9.72513
-11.8329
-11.0226
-8.36524
-6.76532
-6.73241
-7.55626
-8.27972
-8.3353
-8.20564
-8.06838
-8.32033
-9.44998
-11.5123
-13.2306
-12.0618
-9.7584
-8.65385
-8.29538
-6.69162
-4.03471
-2.9119
-4.15289
-6.02633
-6.37348
-6.87717
-9.55563
-13.8231
-17.1994
-17.996
-16.1512
-12.86
-10.0517
-8.65763
-8.79854
-10.0574
-10.3401
-2.85059
9.48926
16.9215
19.4456
17.6891
12.5939
7.07515
8.06107
13.2882
17.7156
20.6741
22.2438
23.391
23.9348
23.4809
21.6691
19.4436
17.6049
16.0566
13.747
12.0143
11.3943
11.982
12.0528
11.8267
12.1137
12.4379
11.5067
10.9593
11.5495
12.7535
13.6524
13.7285
13.3377
12.2396
9.54778
5.09217
3.65559
5.77159
6.55204
4.26626
0.322031
2.55845
10.2934
15.0353
15.6537
12.3784
6.59827
2.87935
0.419162
-3.59721
-9.18138
-12.7762
-14.6106
-16.1982
-18.1826
-19.292
-17.4682
-15.2313
-14.183
-13.3535
-12.979
-14.0806
-15.1919
-14.2896
-12.6761
-11.3079
-9.46453
-8.40042
-9.43658
-12.2184
-14.6407
-15.547
-15.7944
-15.8216
-15.7898
-16.138
-16.2622
-15.0639
-12.4682
-10.2478
-9.15269
-8.19935
-8.14561
-7.39664
-7.82767
-9.48793
-10.4713
-9.53641
-8.89477
-8.00955
-5.53226
-4.03665
-5.25657
-8.38725
-11.005
-10.8062
-7.82394
-5.56303
-5.94645
-8.09682
-9.22321
-9.37724
-10.2079
-10.6394
-9.6786
-9.46163
-11.5666
-15.4465
-17.5571
-15.5771
-13.3121
-12.1962
-10.8296
-8.9882
-8.43764
-9.91191
-10.1332
-2.76081
8.24226
14.3976
15.6596
12.311
4.46903
-3.50782
-0.769533
6.0531
12.4178
16.7735
21.4122
25.5944
28.4026
28.8923
26.7308
23.6819
22.7089
22.9809
21.9993
21.2499
20.9479
20.853
20.9063
23.2603
26.7094
27.9085
25.4974
19.7747
14.8219
15.8065
17.0852
16.0384
12.4257
7.36616
3.17721
2.06485
3.95113
3.49878
-0.054566
-4.53233
-3.64798
1.63849
8.81008
13.3521
13.9993
10.6637
3.59588
-4.40339
-10.9336
-12.0104
-9.54327
-8.21626
-9.24744
-11.7049
-13.3919
-13.661
-13.7574
-13.0935
-11.8175
-11.4822
-12.9199
-15.4189
-16.731
-16.1424
-15.4491
-14.4238
-11.994
-9.87437
-9.09661
-8.12058
-6.8271
-7.17054
-9.5881
-11.9259
-11.1522
-8.98474
-7.82368
-8.75641
-11.5731
-14.5059
-14.513
-10.8972
-8.90546
-9.0717
-11.1276
-13.477
-14.2445
-13.6625
-11.9902
-10.3519
-9.32242
-8.40953
-7.51043
-7.92337
-10.0591
-11.5585
-9.98881
-8.31966
-8.62852
-9.76848
-9.01636
-7.04886
-6.47099
-8.6471
-13.4987
-17.1218
-14.8466
-11.2989
-8.71357
-7.42325
-7.92871
-10.0355
-11.4685
-10.2786
-9.33989
-10.1413
-10.4233
-1.53843
11.0657
18.2176
20.1604
17.3114
9.83958
-1.16298
-6.48769
-5.14948
0.458624
4.98702
6.88392
8.37028
9.39121
9.72257
7.5675
4.25353
3.90813
4.9502
4.23015
4.20954
5.75147
8.52365
10.4915
12.6688
14.5257
14.4947
11.6263
7.06193
4.06961
2.53777
0.484992
-1.44353
-2.40029
-3.20771
-2.67184
-2.06451
-0.260097
-0.962123
-3.60209
-5.31731
-3.18529
-1.36322
-0.333265
0.999558
1.32611
-1.1383
-6.24298
-10.0259
-11.2499
-11.2647
-9.82883
-7.42386
-6.35886
-7.24867
-9.00061
-10.3512
-11.4119
-11.7047
-11.0213
-10.967
-12.2272
-13.3145
-12.7691
-11.3309
-10.1989
-9.98964
-9.57447
-8.374
-8.23225
-10.4874
-14.5005
-17.3179
-17.2914
-14.7682
-11.4227
-9.23815
-8.26351
-7.82975
-8.301
-10.1226
-12.3968
-13.0021
-10.9894
-11.2273
-11.1299
-11.9169
-14.0687
-16.9717
-19.5602
-19.4389
-15.0457
-10.5186
-8.11024
-7.99672
-9.87235
-12.9591
-15.4042
-14.8043
-11.835
-8.84254
-6.45681
-4.91452
-4.75683
-6.5026
-10.1619
-13.4695
-12.893
-10.645
-9.63778
-9.53753
-9.69382
-10.1726
-10.8103
-10.6578
-10.054
-10.0482
-9.11476
-2.02757
9.56985
16.2358
17.8349
14.8039
7.57068
-0.470341
-3.77724
-5.10598
-3.13904
-2.47155
-2.68987
-0.0720723
2.81886
4.76921
2.56049
-0.218193
0.273676
-0.603846
-1.56086
1.54495
3.83769
4.45496
3.61929
2.55428
1.33604
-0.520102
-4.94138
-8.31756
-10.0759
-8.14416
-5.40786
-2.85786
-0.756588
-0.395635
-1.86093
-4.56731
-5.66212
-5.91193
-5.69445
-5.32347
-3.89758
-1.08789
1.20855
0.910817
-2.82444
-9.0516
-10.9569
-8.28331
-8.14397
-10.6702
-12.4827
-11.2489
-10.2471
-10.9387
-12.4651
-13.4219
-13.2735
-11.347
-8.79771
-7.41395
-7.69503
-9.11619
-10.4265
-10.6206
-10.3609
-11.3236
-14.0387
-16.1455
-16.3119
-16.5141
-17.678
-19.3357
-21.1324
-21.0323
-17.9022
-14.398
-11.9331
-11.234
-12.5381
-15.2243
-17.1413
-16.8909
-15.4494
-14.9645
-12.5156
-9.75688
-8.56424
-9.41209
-10.6293
-8.84901
-6.23327
-5.94602
-7.36807
-6.97113
-4.88384
-3.7713
-3.03222
-2.30886
-2.81006
-5.246
-8.83464
-10.9818
-9.81694
-7.965
-8.46684
-11.3941
-14.4858
-15.9737
-17.1844
-17.9914
-16.0809
-11.8439
-8.00661
-6.59087
-7.93926
-10.6104
-10.4446
-4.1116
7.38481
14.026
15.6323
12.569
5.43962
-3.37367
-7.04862
-7.70835
-5.64019
-2.68255
-0.321022
4.4591
7.83713
8.89256
6.15946
1.76515
0.891316
0.97458
-1.53403
0.504834
1.16759
1.44357
1.50472
2.70557
3.80579
4.37082
2.96659
1.00606
-1.66586
-2.86433
-1.70176
-1.13241
-2.33763
-4.22403
-3.76444
-3.82803
-3.6206
-5.26943
-5.73351
-5.19196
-3.2411
5.01645
12.9412
16.2448
14.836
8.56346
-1.34241
-5.92265
-6.39587
-8.35435
-9.07866
-7.70136
-7.30626
-8.55294
-10.7997
-12.9395
-13.6192
-12.1039
-9.43642
-6.65493
-4.8708
-4.98394
-7.43935
-11.72
-13.8593
-12.152
-11.497
-13.6376
-17.539
-20.4688
-20.5915
-18.7168
-16.3033
-14.3557
-13.2214
-11.8563
-9.75609
-7.80234
-6.69937
-6.57703
-7.56227
-9.01386
-10.8932
-10.4765
-11.2204
-12.2262
-11.6536
-11.257
-12.0026
-12.2326
-11.7871
-12.1728
-11.9673
-9.76509
-7.80364
-6.49845
-4.9143
-4.11712
-5.57609
-9.25244
-12.3155
-12.7731
-12.3422
-12.0183
-11.62
-10.7476
-9.94776
-10.0072
-11.0092
-11.7804
-11.1618
-9.18119
-7.23677
-6.65397
-7.9756
-10.6142
-10.8188
-3.38795
8.24349
15.0518
16.8295
13.8736
6.39136
-3.35996
-6.24998
-5.98104
-4.21643
-4.01277
-7.35752
-5.00629
-0.796086
2.24967
0.492786
-2.52085
-2.98153
-1.93517
-5.98436
-4.32996
-5.13559
-5.44041
-5.54699
-2.7027
1.19366
3.9238
3.10002
1.1177
-0.475024
0.316687
0.96347
1.21607
1.46696
1.28193
-0.154367
-2.24784
-2.37756
-3.33779
-5.48192
-6.44129
-2.09265
9.10308
19.3951
24.6526
25.1499
20.8886
11.0447
-4.64192
-15.9194
-15.9341
-14.7264
-11.974
-9.60081
-8.7334
-9.23583
-10.023
-10.2635
-10.8579
-12.3965
-13.0513
-11.4687
-10.6523
-12.3724
-15.4188
-13.9147
-9.012
-6.24391
-6.6955
-9.64892
-13.2021
-15.3949
-14.2099
-10.0966
-7.3598
-7.70356
-10.491
-13.8198
-15.0217
-13.1873
-10.9103
-10.3317
-10.409
-10.4956
-10.5442
-9.8382
-9.93305
-11.0685
-12.2067
-11.0934
-8.65887
-7.89804
-9.92948
-13.0584
-14.2326
-13.622
-12.3796
-11.6314
-11.996
-12.9076
-12.1629
-10.6636
-10.5089
-11.6883
-13.0515
-12.5486
-10.8225
-9.59607
-8.95556
-8.25784
-7.05923
-6.18257
-5.719
-5.01427
-3.08671
-1.08309
-1.0347
-3.75743
-4.90845
3.40043
10.2014
12.3798
10.3497
5.25998
0.629244
0.0181411
1.08671
1.73405
0.178993
-6.72473
-10.3829
-7.94632
-4.33569
-5.02565
-4.04879
-2.08225
-2.139
-5.69897
-4.66899
-5.58122
-5.96481
-6.59476
-6.84425
-6.55851
-5.7027
-7.03845
-6.54136
-5.57687
-3.75946
-2.73211
-2.1584
-0.394479
0.872847
0.375953
-2.68581
-4.5694
-5.28533
-6.04887
-7.45892
-7.38654
-0.00847758
11.6477
19.023
21.5123
19.3975
12.4109
0.736814
-8.52145
-9.37101
-8.29125
-8.00779
-9.27438
-11.2707
-12.5634
-12.473
-11.8016
-11.5491
-11.7574
-11.7089
-10.5681
-9.2398
-9.26754
-10.9095
-13.0394
-14.5285
-13.861
-10.5735
-7.98811
-8.23381
-11.2596
-15.7378
-18.2113
-16.5191
-13.7628
-12.7197
-13.2686
-11.1886
-6.36933
-3.58539
-3.49361
-4.0025
-8.62958
-8.33197
-8.01951
-8.17355
-9.29005
-10.5692
-10.5804
-8.62202
-6.24973
-5.33888
-6.43562
-8.64679
-10.0512
-9.97341
-9.22662
-9.17838
-10.826
-13.3094
-13.3004
-10.7027
-8.5856
-8.11778
-8.6856
-8.5778
-7.82444
-8.5132
-10.6385
-11.705
-11.3771
-11.324
-10.5136
-9.18837
-9.4917
-11.6279
-13.1187
-9.61799
-0.971389
5.38278
7.56298
6.44289
4.51406
3.27889
1.92584
-0.9018
-3.83029
-5.66856
-13.7138
-16.1345
-13.8493
-7.48535
-8.06992
-5.886
-2.64382
-3.12978
-8.10917
-6.37519
-7.86704
-9.19137
-11.797
-13.1891
-13.8203
-11.5212
-10.6218
-6.64082
-5.86949
-6.76579
-8.48561
-8.20748
-6.73586
-5.62886
-6.10772
-9.62601
-10.5892
-10.7764
-11.397
-12.5649
-11.0302
-1.88515
6.29714
10.7249
11.2167
7.94412
1.60245
-4.3151
-6.12336
-6.94049
-6.6832
-5.74986
-5.72693
-7.31906
-9.85145
-10.9567
-10.5767
-11.1188
-12.4463
-11.7589
-9.57506
-8.1725
-7.56999
-7.0742
-7.4582
-9.87159
-12.9106
-11.9813
-9.29422
-8.58379
-9.31184
-9.81319
-9.94925
-10.7728
-11.6745
-11.6393
-11.948
-13.6908
-15.9181
-16.0683
-13.8775
-9.90956
-8.93347
-9.04224
-9.13574
-9.22768
-9.89632
-11.1294
-11.8439
-10.8714
-9.583
-9.59714
-10.1572
-8.7856
-6.44181
-5.95937
-7.90437
-11.0754
-13.3627
-14.2952
-12.8792
-9.31035
-7.16439
-7.95083
-11.0169
-13.2586
-12.709
-12.4271
-13.1735
-13.8644
-13.5161
-11.4714
-9.16165
-8.253
-9.30101
-11.2471
-11.8403
-8.86473
-2.48435
2.40863
4.31835
3.91829
2.78905
-0.19758
-4.16308
-8.65252
-8.21287
-6.96528
-11.9112
-12.2501
-11.2785
-8.01528
-8.97781
-6.86514
-4.17922
-5.99165
-15.4448
-12.2165
-9.57509
-6.10411
-5.19181
-6.07332
-8.58815
-9.74692
-12.1087
-9.81317
-10.2384
-10.1757
-10.1038
-9.23834
-8.22178
-7.74381
-7.14788
-7.23107
-5.57198
-6.1003
-9.18827
-13.2163
-14.6759
-13.4993
-12.0277
-10.4123
-9.43157
-9.36714
-10.5964
-12.2998
-12.8255
-11.3158
-9.54738
-9.35898
-10.7691
-12.5668
-11.7764
-8.69613
-6.584
-7.31933
-10.7591
-14.5551
-16.0195
-15.992
-13.1466
-8.28088
-5.45114
-5.98407
-9.38457
-13.1564
-14.4814
-14.514
-14.0131
-13.0754
-12.4239
-12.7674
-13.9762
-14.2367
-12.8539
-11.4978
-10.6243
-10.4486
-11.3656
-12.1809
-7.95676
-8.58772
-9.51706
-9.46651
-9.34193
-10.2139
-10.5122
-9.37721
-8.38208
-7.98303
-6.95589
-5.48541
-5.01032
-6.262
-8.72948
-11.0233
-11.6882
-10.9935
-10.7334
-12.1905
-14.9973
-15.812
-13.6963
-11.8985
-11.8393
-12.8638
-14.1792
-15.0717
-14.7563
-12.1849
-8.92764
-5.57211
-2.86929
-1.96559
-3.37891
-4.63871
1.38492
7.67755
9.8334
7.67713
2.16939
-6.16452
-11.672
-14.157
-8.63615
-6.73608
-8.1841
-5.09671
-1.39513
0.872286
-1.09774
-3.88898
-4.32515
-5.03131
-12.3766
-9.87333
-8.1467
-6.90055
-8.55158
-10.8163
-11.891
-9.87782
-9.88941
-9.23336
-10.7929
-12.1794
-12.7495
-13.5886
-14.5479
-15.5563
-15.0269
-15.7838
-12.6953
-10.6658
-10.106
-11.5283
-14.4594
-13.5945
-9.732
-7.00141
-7.0266
-9.25481
-12.0636
-13.5607
-14.3032
-13.8959
-12.4018
-11.4529
-11.1818
-11.0218
-10.5089
-9.98642
-10.3416
-11.8973
-13.7244
-13.7469
-12.1367
-9.87367
-7.8021
-6.68629
-6.93097
-8.68073
-11.5996
-14.0821
-14.2311
-13.6859
-13.1642
-11.3176
-9.45444
-9.52605
-11.5854
-13.4932
-12.8237
-10.3938
-7.76865
-6.25368
-6.16964
-7.28139
-8.74726
-9.93555
-10.0735
-7.37393
-4.27177
-3.2353
-4.21096
-6.01238
-7.75928
-9.82695
-11.3803
-11.3888
-11.0563
-11.0071
-10.9534
-10.8177
-10.5769
-10.1268
-10.3607
-12.0353
-14.496
-15.6349
-14.5634
-13.485
-13.8243
-15.6915
-17.7674
-18.0451
-16.9266
-15.7167
-14.3478
-10.9328
-6.86783
-4.87058
-4.37317
-1.95851
4.94504
9.9411
11.0425
8.29675
3.07832
-2.33388
-5.87875
-8.19422
-6.66027
-6.12699
-8.91271
-7.90372
-4.76965
-2.93517
-4.40232
-4.77266
-3.03617
-4.28131
-8.95125
-8.00893
-8.2298
-7.04051
-6.92341
-6.79029
-6.3895
-5.13993
-6.58885
-6.62431
-8.2565
-9.84448
-11.1657
-10.2499
-8.69146
-7.99722
-9.05695
-13.4028
-11.9286
-7.30108
-4.01967
-3.89224
-6.32672
-8.50054
-8.71717
-8.63496
-9.67366
-9.37928
-6.8976
-4.9366
-4.58614
-5.14904
-5.9278
-7.25611
-9.77141
-13.1017
-14.2761
-11.968
-9.58628
-8.71986
-8.78327
-7.8974
-5.69742
-4.07965
-4.43331
-6.57999
-8.44885
-7.97314
-7.14827
-7.95988
-9.62827
-10.2072
-8.30711
-6.03839
-5.34974
-6.80988
-10.0273
-13.6822
-15.7393
-13.5116
-9.15224
-5.72739
-3.97972
-3.48897
-7.40556
-8.19344
-6.93665
-2.86734
0.0988546
0.0394254
-2.87762
-7.0367
-10.349
-13.0454
-14.3203
-12.285
-9.35745
-7.64131
-6.98349
-6.62876
-6.93608
-8.67693
-10.8853
-12.0614
-13.2374
-15.7086
-19.48
-22.9039
-21.7219
-18.0451
-15.8133
-14.5024
-13.5178
-13.165
-13.0129
-11.7195
-10.4981
-11.1216
-10.2632
-2.03052
9.28932
15.8142
17.4758
14.5954
7.66805
-0.363704
-3.47685
-4.54412
-4.27695
-4.93518
-9.24985
-8.57771
-5.46714
-1.03709
0.828345
2.41465
2.56421
-0.208156
-7.66867
-7.53001
-6.42072
-4.7153
-4.77128
-6.05655
-7.74259
-6.08872
-5.24746
-3.8083
-4.65025
-6.98919
-9.10085
-7.8428
-5.46536
-3.64331
-3.62422
-6.96791
-7.75059
-6.23228
-4.88746
-5.19296
-6.69653
-7.71119
-7.63146
-7.33427
-8.09454
-9.24916
-8.47694
-6.3561
-5.48629
-5.25523
-4.28154
-3.04712
-3.33708
-5.60813
-8.41308
-9.52635
-9.42996
-9.24884
-9.00158
-7.06015
-4.46307
-4.00486
-6.63784
-10.2053
-10.1763
-8.71669
-9.17615
-11.4535
-13.7232
-13.9203
-12.5575
-11.5154
-10.9658
-11.1476
-12.9403
-16.5512
-18.6478
-15.6932
-11.7891
-8.64057
-7.18804
-7.49207
-6.82469
-3.38768
-2.42099
-3.21136
-4.42103
-5.80752
-8.31177
-11.0593
-10.8063
-7.58047
-4.65313
-3.86517
-5.45514
-8.7661
-11.4901
-11.1922
-9.89999
-9.96791
-11.1377
-11.8321
-12.0095
-12.376
-12.2457
-12.208
-13.5717
-14.6227
-12.3391
-9.62801
-8.30046
-6.74968
-4.29166
-2.83125
-3.55265
-5.98689
-5.25745
3.05182
14.1826
20.8444
22.6856
19.9541
13.0024
5.07077
2.87449
2.40236
2.07221
2.70028
3.69534
6.32525
7.82311
8.98517
9.73135
10.5421
9.99777
6.06378
-2.08081
-5.24752
-5.52585
-5.38369
-6.50416
-6.95546
-6.21533
-4.54938
-5.67271
-6.01713
-6.26067
-6.02485
-6.9027
-7.44783
-6.46766
-5.8196
-6.89724
-10.0665
-9.85971
-10.0444
-10.5982
-10.998
-9.93764
-6.7241
-4.32252
-3.53837
-4.84497
-7.17403
-8.07847
-7.48024
-7.24333
-7.80362
-8.81313
-9.97324
-10.9369
-12.5999
-15.8552
-19.0872
-20.1796
-20.2249
-19.2942
-16.3185
-13.6175
-12.1966
-11.54
-11.5116
-12.2762
-12.9269
-12.276
-10.71
-9.484
-9.00398
-9.27026
-10.0499
-10.3082
-9.97334
-10.3174
-11.8754
-12.9477
-11.0532
-8.16986
-6.523
-6.49962
-7.83905
-4.57222
-4.38943
-5.00201
-5.50011
-6.11799
-7.15063
-8.65198
-10.8967
-13.1194
-12.353
-8.45928
-5.42766
-5.14629
-7.49599
-10.5252
-11.9177
-12.858
-14.15
-14.8376
-14.5177
-13.9951
-13.9066
-14.0452
-13.9191
-13.8871
-13.0735
-9.58043
-5.70734
-3.69547
-2.99743
-2.68657
-2.94741
-4.09744
-4.96441
-3.14149
2.78374
12.19
18.0765
19.4479
16.5121
10.2792
4.64967
2.22889
0.00438735
-0.164687
4.5335
8.76378
13.1047
15.1834
15.0059
13.9975
14.1886
14.1718
11.5738
5.26917
0.641364
-0.272864
1.5543
2.06817
0.453508
-1.73747
-0.311795
2.73595
5.80506
6.52561
4.8233
0.729957
-4.18589
-7.30256
-7.0249
-4.44179
-2.56203
-0.541341
-0.590043
-2.74549
-5.92692
-8.21394
-7.05768
-4.68191
-3.69722
-5.09988
-8.01337
-7.70123
-4.79489
-4.15561
-6.26024
-9.13046
-9.90759
-9.87682
-11.0502
-13.4044
-16.3048
-17.6785
-13.8572
-8.91135
-5.69138
-3.5012
-1.89448
-1.95852
-4.56524
-8.62987
-10.759
-9.93742
-8.2821
-7.18952
-7.07034
-7.52911
-8.15994
-8.43415
-8.49156
-9.37872
-11.3597
-12.8071
-12.274
-10.5672
-9.01557
-8.52216
-9.09335
-8.34371
-9.66653
-9.62352
-8.85779
-9.24809
-10.4807
-11.1687
-11.3306
-10.8841
-9.4375
-8.00304
-7.21324
-6.55852
-5.41245
-4.58173
-5.53296
-9.14102
-14.2198
-16.3874
-16.2281
-15.8565
-15.052
-14.8183
-15.9604
-17.3314
-17.5394
-16.4385
-13.8113
-10.2468
-7.10731
-5.51196
-5.53225
-6.74466
-8.89295
-9.36218
0.69327
13.9674
21.0939
23.0058
20.2198
12.9401
3.87911
1.53817
2.76759
4.63712
10.1714
16.5972
21.0768
22.5752
21.809
20.772
21.8285
22.498
20.0891
14.7175
12.9477
16.9613
20.7419
22.0161
20.4592
16.5302
13.6439
16.761
20.6065
21.4391
18.7164
12.4553
4.19702
-2.50392
-4.89148
-2.70471
1.48343
10.0177
15.035
15.6205
11.6683
3.34709
-4.03265
-2.0859
2.71837
4.79999
3.50531
-0.163722
-2.8231
-3.58431
-5.61627
-9.05878
-10.4964
-10.0195
-10.6031
-12.1769
-12.153
-10.6722
-10.0205
-10.5326
-11.0191
-11.1084
-11.3227
-10.6662
-8.41469
-6.57364
-6.64731
-8.78759
-11.463
-12.072
-11.1149
-10.9539
-11.6288
-11.7871
-11.6476
-11.7223
-10.8325
-9.31108
-8.41821
-8.12487
-7.60025
-6.78855
-6.26412
-9.23056
-10.9314
-10.4185
-9.84755
-10.4135
-11.4173
-11.9505
-11.7861
-9.82455
-6.30792
-4.20803
-4.96426
-8.00091
-10.1578
-8.63021
-5.66917
-4.007
-4.61413
-7.02969
-9.15867
-9.24748
-8.70086
-8.68557
-8.58607
-8.09559
-7.88263
-8.19638
-8.5516
-7.64374
-5.44586
-3.42852
-2.69938
-3.2889
-5.11194
-6.23412
3.58149
17.2433
24.6704
26.7355
23.9054
15.7638
2.42067
-6.4107
-5.91958
-2.96957
2.05548
5.82816
8.73377
9.12025
7.87267
6.23908
6.59059
6.76741
4.31505
3.52723
7.83767
12.348
15.9874
17.2439
15.674
11.854
9.87237
11.4543
12.3751
10.6243
6.4575
1.1975
-2.82794
-5.34529
-6.58433
-5.09756
3.73111
14.1676
19.7463
20.5173
16.5559
7.46145
-3.51453
-2.72887
1.98517
3.36894
1.08346
-4.13819
-8.93859
-9.58418
-7.26905
-4.96542
-3.35183
-2.68942
-3.43834
-5.07797
-5.36592
-4.3825
-4.16972
-5.20321
-6.6934
-8.46303
-9.96509
-9.52402
-8.0392
-7.16815
-7.24036
-7.06154
-4.785
-2.23832
-1.96755
-4.52447
-8.56569
-11.6521
-13.8102
-14.566
-13.444
-11.8879
-10.1576
-8.09156
-6.54965
-6.20274
-6.08527
-14.8401
-12.2921
-9.69457
-8.28669
-8.36035
-9.7723
-11.9958
-14.6349
-15.9012
-13.5538
-10.7275
-9.84698
-10.17
-10.0649
-8.78099
-7.51503
-7.55064
-9.2564
-10.6695
-9.35811
-7.42554
-6.87071
-7.50939
-8.21443
-8.82747
-10.2378
-12.8932
-15.4853
-15.8556
-14.1326
-11.8856
-10.0714
-8.74027
-7.59093
-4.82195
1.45774
11.5754
17.693
19.0548
15.762
8.00329
-1.84963
-5.49361
-7.04173
-6.19274
-4.70489
-7.57126
-7.63815
-6.98848
-4.33131
-5.15901
-4.49586
-2.98282
-3.71579
-5.98075
-3.74327
-2.69131
-0.940868
-0.631758
-2.17651
-5.59881
-6.06851
-5.4484
-3.07912
-2.73425
-3.21108
-2.91992
-1.74374
-1.87221
-3.15618
-3.91924
-0.665196
5.60954
9.07277
8.69261
4.55274
-1.42551
-3.34295
-1.31969
0.899171
0.868363
-2.10418
-7.85714
-13.8986
-14.7212
-10.2086
-6.68082
-5.0082
-4.46084
-4.66324
-5.33894
-5.60755
-5.68573
-7.11736
-9.86261
-10.6977
-8.61504
-7.06972
-7.33424
-8.79811
-9.50778
-8.9515
-8.40207
-7.35244
-5.48724
-4.64808
-5.98357
-8.81962
-11.0543
-11.7398
-11.1163
-9.70939
-8.09606
-6.65606
-5.69902
-6.03001
-7.64444
-8.25382
-6.01953
-5.38143
-5.44511
-6.4579
-7.97697
-9.27877
-10.115
-11.0141
-11.1191
-9.47237
-7.68575
-7.62176
-9.68054
-12.4975
-12.2658
-9.76917
-8.5967
-9.33003
-11.1203
-12.8979
-12.6623
-9.79595
-7.40791
-6.57855
-7.0427
-8.66104
-11.181
-13.6618
-15.368
-15.0715
-12.5199
-9.28232
-6.70422
-5.8791
-5.70961
1.71686
14.0636
21.0991
22.9434
19.9858
12.1297
1.12002
-4.8208
-6.97523
-6.11842
-4.8641
-7.33477
-6.79895
-5.45592
-3.57288
-6.12023
-6.77299
-4.46032
-4.9581
-9.25783
-9.48359
-11.7159
-9.59954
-7.62363
-5.53312
-4.42463
-3.32892
-4.47279
-5.36845
-7.44793
-8.93936
-8.84728
-5.94993
-1.98931
0.81315
1.83259
2.68068
7.3418
11.0683
11.2527
7.70677
2.31989
0.0560425
0.650803
1.95649
1.91046
-0.817166
-6.2567
-11.1458
-10.0733
-7.19938
-5.84324
-5.95107
-6.70123
-7.66321
-8.47333
-8.19476
-7.74955
-8.74459
-11.4447
-12.9932
-10.2663
-7.23681
-6.60617
-8.32141
-10.8058
-12.3579
-12.8324
-12.0103
-11.151
-11.3046
-12.2801
-13.2685
-13.5806
-12.4765
-10.4918
-8.6797
-7.76921
-7.77559
-8.24208
-8.46458
-8.61589
-8.92996
-10.9972
-11.0201
-10.0786
-8.77534
-7.52873
-6.74027
-6.94101
-8.25
-9.73642
-10.4021
-10.2727
-9.78655
-9.33126
-9.4543
-9.8585
-9.772
-9.2815
-9.29425
-10.1603
-11.5349
-12.2129
-10.922
-9.30111
-8.59339
-8.61316
-8.58627
-7.64644
-6.41359
-6.45489
-8.47897
-11.2596
-12.5754
-12.449
-11.1699
-7.38225
-0.538439
8.81017
14.7546
16.1975
13.1789
6.47776
-0.169847
-2.33467
-4.80772
-6.57003
-6.63862
-10.9538
-10.4143
-9.32742
-6.38258
-7.08724
-4.88574
-1.64117
-1.95439
-4.32716
-3.22442
-3.75699
-4.11069
-3.9912
-2.37847
-1.82299
-2.04472
-3.36515
-3.85207
-5.69357
-6.92864
-6.73783
-5.05402
-3.28678
-2.68834
-2.70303
-2.85829
0.802835
3.67391
3.638
-0.149681
-6.48566
-9.5555
-7.25977
-5.27277
-5.57497
-7.85397
-10.9986
-13.5546
-14.8575
-13.4197
-11.0151
-9.55351
-9.28614
-10.0489
-11.2001
-11.7945
-11.4942
-10.7961
-10.0573
-9.57096
-9.2893
-9.57624
-10.9666
-12.656
-12.0437
-10.431
-10.6543
-12.5602
-13.2767
-12.2229
-11.9002
-13.2984
-14.7935
-15.1235
-14.9132
-14.848
-14.7996
-13.8654
-11.4847
-8.89391
-7.56758
-7.81835
-6.07797
-7.74713
-9.92921
-10.2722
-9.87791
-10.9477
-13.4791
-15.7955
-15.8191
-13.5197
-10.8715
-8.96868
-7.9843
-7.82442
-8.00759
-7.02841
-5.42651
-5.5188
-7.9703
-11.2165
-11.9067
-10.239
-8.12682
-6.79616
-6.55861
-6.31856
-5.42421
-5.04185
-5.67239
-6.07331
-5.44188
-4.97764
-5.50537
-6.27526
-5.77989
-2.08422
6.20969
12.0023
13.4107
10.3894
3.71581
-3.52057
-6.28597
-7.63268
-7.46717
-6.66482
-9.69875
-9.29021
-8.48424
-6.49218
-10.7146
-11.0445
-5.39915
-3.67756
-5.75837
-5.41679
-7.40417
-7.32112
-5.96195
-3.90042
-2.83187
-2.11259
-3.3139
-4.52144
-6.82616
-8.18307
-8.09476
-6.99971
-6.81864
-8.5407
-9.38916
-6.71305
-0.465829
3.14872
3.4205
0.499422
-4.3163
-7.8336
-8.47844
-6.6339
-5.15139
-4.90605
-6.49086
-9.73934
-12.7897
-11.3963
-7.93891
-6.03248
-6.2643
-8.07451
-9.98188
-10.6472
-9.96392
-8.78086
-7.44436
-6.16082
-5.89022
-7.26554
-10.1016
-12.4943
-12.0786
-10.0095
-9.22159
-10.2981
-11.7271
-11.7964
-10.4846
-8.28622
-6.54497
-6.33256
-7.42449
-9.11178
-10.4662
-9.98161
-7.68266
-6.37239
-6.1443
-5.37093
-5.82313
-7.79223
-8.90756
-7.55471
-5.65337
-4.07431
-3.2594
-4.29412
-7.40294
-9.86121
-9.04299
-7.81957
-7.13129
-5.79868
-4.21709
-3.89503
-5.34089
-7.73251
-9.30115
-8.86712
-6.81637
-4.53745
-3.46972
-4.07474
-5.1321
-4.33759
-2.92806
-3.23663
-5.42232
-7.76687
-8.63967
-8.71374
-7.98358
-5.54124
-2.89389
0.333454
7.21227
12.8027
14.2794
11.2612
4.09329
-2.99787
-4.27951
-4.7039
-4.58485
-4.17168
-4.4357
-2.05424
-0.495314
0.539221
-1.46531
-2.33583
-1.27237
-1.47207
-5.25996
-5.20432
-5.88336
-5.86969
-7.14759
-8.27745
-7.0681
-2.74849
0.0679205
1.45675
-0.0395952
-3.06082
-6.25567
-7.64772
-6.96368
-6.62776
-6.1071
-4.9758
-1.19872
1.05515
0.784334
-1.91586
-5.36773
-7.78835
-9.04093
-8.23772
-6.13186
-5.01112
-5.35887
-5.84441
-5.89131
-5.93286
-6.3633
-7.47487
-9.98788
-13.4299
-14.8701
-13.5908
-11.8205
-10.3472
-8.75311
-7.21532
-6.9313
-8.67502
-11.9582
-13.8561
-12.6687
-10.983
-9.71136
-8.56631
-7.25412
-6.08131
-5.26422
-4.61122
-3.76854
-3.36891
-4.48197
-7.27652
-10.4631
-11.0181
-8.56456
-6.27373
-5.58907
-5.63924
-14.6487
-12.096
-10.0942
-9.59288
-9.15702
-8.07933
-7.35599
-7.44812
-7.92723
-8.30195
-8.24665
-6.83501
-3.88987
-1.70867
-2.1472
-5.74772
-10.7615
-11.6337
-9.84294
-9.42864
-9.92008
-9.20879
-8.22916
-8.78594
-10.2043
-9.0109
-6.14278
-5.3325
-7.16684
-9.82532
-10.8737
-11.1721
-10.8336
-8.98715
-6.43428
-3.57167
1.25223
5.13392
5.80045
2.86782
-1.43398
-2.89095
-0.386017
1.17109
1.75505
1.92146
1.81445
4.07084
6.24521
7.54069
6.74759
5.1743
2.98194
-0.553488
-5.36932
-3.32231
-1.42067
-0.843134
-2.17608
-3.46132
-3.78062
-2.38324
-1.73819
-1.33443
-2.91019
-4.46422
-5.18561
-5.76044
-6.37809
-7.90394
-8.92574
-10.1776
-7.18607
-4.74786
-3.45255
-3.50841
-4.09599
-4.63478
-6.0389
-7.84359
-9.13047
-9.19539
-8.45375
-7.72856
-7.7418
-7.91177
-8.21214
-8.96208
-10.3188
-11.7308
-12.5689
-12.8703
-12.3285
-11.057
-9.90389
-9.38893
-9.50412
-9.75093
-9.81548
-9.41771
-8.844
-8.39573
-7.18479
-5.73252
-5.61101
-7.15544
-8.67986
-8.57815
-7.68277
-7.29705
-8.07774
-9.45359
-10.2525
-10.107
-9.31282
-8.60179
-8.33056
-6.35328
-12.5042
-9.45406
-6.1011
-5.10968
-6.67832
-9.42855
-11.5047
-12.6199
-11.5553
-7.38324
-3.47557
-1.62867
-1.93402
-3.89572
-6.20527
-7.46849
-7.2467
-6.35291
-6.0005
-7.24972
-10.5958
-14.6251
-15.743
-14.0051
-11.9451
-10.9118
-11.1275
-11.3306
-10.5452
-10.1275
-11.0859
-11.0069
-7.93287
-5.3836
-5.40139
-5.6363
0.232587
6.19447
8.17666
6.17871
2.07383
-0.588991
0.225141
1.13555
2.60649
4.79408
6.94053
9.16219
10.0739
10.2442
9.77121
9.84407
9.09161
5.64831
0.204946
-1.35436
-1.66464
-1.62872
-1.57853
-0.433895
1.2645
3.32668
4.10791
3.77551
1.78482
0.950937
3.2564
4.87004
3.76747
0.2741
-3.12177
-5.55039
-5.82536
-5.66733
-6.30565
-8.14504
-9.0388
-8.05015
-6.7792
-4.7644
-2.963
-1.97471
-1.13191
-0.185754
-0.551541
-3.09979
-6.80826
-8.75254
-8.6214
-8.19673
-7.77276
-7.95788
-8.9659
-9.2909
-8.54695
-8.78505
-10.4059
-10.1894
-6.93803
-4.29975
-3.56149
-4.18533
-4.722
-4.77729
-5.56338
-7.57258
-9.41496
-8.85888
-7.08039
-6.20746
-6.55393
-7.55421
-8.02075
-6.75597
-5.04907
-4.91004
-6.34175
-7.09329
-10.8082
-9.94225
-8.76825
-8.90449
-10.661
-13.2913
-15.1
-15.7606
-15.7897
-14.1927
-10.6276
-7.34889
-6.25874
-7.71537
-10.4755
-11.1836
-8.75508
-6.55047
-6.47247
-8.27114
-10.0776
-10.3943
-10.2014
-10.1035
-9.80532
-9.69642
-9.20001
-7.29131
-5.84317
-6.31037
-7.19246
-6.11335
-4.30832
-3.56642
-4.03343
-5.35192
-5.46215
-3.49746
-2.13263
-2.71868
-3.87379
-6.08626
-7.52853
-8.5257
-6.24942
-2.28922
0.253839
2.41032
2.61427
2.55586
1.23833
1.6382
2.70483
0.600731
-3.92641
-5.66062
-7.08985
-6.81879
-6.6487
-6.47621
-6.43883
-2.92853
0.330699
2.49664
2.05142
0.798246
0.467249
0.626399
-0.279206
-2.30258
-3.07425
-3.87124
-4.50916
-5.78274
-6.72999
-8.70314
-11.8914
-13.437
-12.6097
-10.462
-8.64496
-7.35402
-6.45635
-6.51332
-8.4952
-11.8549
-13.0192
-11.874
-11.3613
-11.1143
-9.97948
-8.74814
-8.23947
-8.45716
-9.67913
-11.7269
-13.1802
-12.5315
-10.6488
-8.8049
-7.47737
-6.09388
-4.92154
-4.95837
-6.34655
-7.99898
-8.70133
-8.46372
-7.52288
-6.47498
-6.08574
-5.98918
-5.60292
-5.79077
-7.44452
-9.53535
-10.145
-9.93614
-6.85585
-6.77558
-7.92569
-9.56588
-10.7367
-11.5453
-12.3605
-13.2134
-14.1222
-14.1598
-12.1712
-8.94882
-6.64712
-6.06901
-6.99518
-8.67499
-10.2032
-11.0201
-11.5833
-12.8026
-13.6095
-12.5564
-10.8951
-9.81639
-9.01673
-8.45802
-8.80511
-10.0329
-10.6458
-9.30134
-7.32806
-6.73197
-7.71722
-8.68624
-8.29011
-7.20492
-4.67547
-1.38711
-0.117823
-1.79513
-4.94428
-8.98017
-9.14708
-7.74018
-5.03447
-4.56275
-7.01953
-7.60408
-7.82341
-7.14374
-11.574
-8.83304
-2.23979
-0.416264
-3.61502
-5.95385
-7.22566
-6.01562
-5.96132
-6.4584
-7.12096
-6.79997
-7.50772
-7.11417
-9.03484
-12.1516
-12.999
-10.4911
-7.08333
-4.28692
-3.02617
-4.19422
-5.49297
-5.54861
-4.26196
-4.53998
-6.95019
-9.30316
-9.85443
-9.09555
-8.50203
-8.18702
-8.61461
-10.1691
-12.1942
-12.8777
-12.9535
-13.5582
-13.9687
-13.6028
-13.0491
-12.9731
-13.3892
-12.5521
-9.37633
-6.71184
-6.29484
-7.83529
-10.0209
-11.5957
-12.2126
-11.6587
-10.5395
-10.0794
-9.97817
-8.79342
-7.39102
-7.20996
-7.61035
-7.44747
-6.92361
-6.55724
-6.12016
-6.05634
-6.87888
-8.37895
-10.069
-10.6554
-10.5098
-12.179
-11.5312
-10.1659
-9.85543
-10.6859
-12.0131
-13.5843
-15.8944
-18.7979
-20.7408
-19.0178
-14.9094
-11.6054
-10.0952
-10.033
-10.5705
-11.3336
-12.7065
-14.3713
-14.6077
-12.9426
-11.2518
-10.4764
-10.7729
-11.7601
-12.4614
-12.6523
-12.8937
-12.885
-11.9733
-11.3659
-12.1801
-13.8909
-14.7002
-13.6535
-11.4578
-9.26513
-8.36491
-8.8365
-7.48913
-7.29583
-7.10922
-8.78727
-8.54893
-7.9574
-12.8486
-13.9102
-13.1108
-9.71963
-12.2618
-9.68938
-4.59512
-4.66986
-10.6646
-11.5978
-11.5115
-9.49746
-9.37105
-9.40503
-8.58676
-6.74344
-7.07259
-7.26492
-9.30734
-10.3504
-8.77918
-6.49074
-6.34683
-8.15946
-8.96126
-10.2124
-9.34714
-7.54906
-5.30321
-4.87701
-7.59026
-12.5925
-17.0886
-15.4288
-12.331
-10.397
-9.99877
-11.3287
-14.4365
-17.3912
-17.6017
-16.452
-15.3961
-13.4544
-10.8237
-9.30507
-9.6603
-10.3081
-9.05886
-7.46197
-7.47221
-9.00329
-10.841
-12.3133
-13.1336
-12.5818
-11.2379
-10.9576
-12.4242
-14.7077
-15.7327
-15.2937
-14.7415
-13.8184
-12.3367
-11.4286
-11.6416
-12.1023
-11.3643
-10.1584
-10.1446
-11.4179
-14.8133
-14.8476
-15.8991
-17.2123
-17.6594
-17.7797
-18.0305
-18.2593
-18.2227
-18.2025
-18.9763
-20.5885
-21.505
-20.6962
-20.1122
-20.684
-20.9574
-19.9155
-18.6824
-18.0594
-17.1455
-15.5291
-14.8147
-16.0481
-18.071
-18.2116
-16.8834
-15.7297
-14.5736
-13.4289
-13.2623
-14.5864
-16.2685
-15.7822
-14.4434
-14.0572
-10.9517
-5.68357
-3.22426
-4.64528
-7.97404
-13.6381
-16.3877
-16.4728
-11.4035
-8.8343
-12.1507
-13.0825
-12.4039
-8.68088
-11.1725
-10.5296
-6.32393
-6.77129
-13.6462
-14.1896
-17.1153
-15.7375
-15.2591
-14.8901
-15.7244
-15.0188
-18.1257
-17.1704
-19.1009
-17.7686
-15.1566
-12.631
-12.2505
-11.8016
-10.4777
-10.7557
-10.4881
-11.3872
-12.5722
-14.4685
-16.8435
-18.0982
-18.842
-18.6852
-17.7242
-16.0467
-15.0745
-15.7522
-17.7654
-18.624
-18.0531
-17.8732
-18.5065
-19.0755
-19.2538
-19.4252
-19.9605
-21.0967
-21.7296
-21.2467
-20.1049
-18.2116
-16.402
-15.8097
-16.3594
-16.591
-15.6742
-14.6859
-14.5011
-14.5348
-14.5317
-15.2422
-16.9609
-18.5004
-19.2045
-19.704
-19.6334
-18.4543
-16.16
-14.2862
-13.7955
-14.7154
-22.6704
-23.3883
-23.4094
-22.865
-22.6924
-22.4897
-21.3614
-20.342
-20.5002
-21.4176
-22.2088
-23.3243
-24.6295
-25.3532
-25.8632
-26.5945
-26.3934
-25.046
-24.0097
-23.6533
-23.0563
-22.3852
-22.9241
-25.0256
-27.6359
-28.8008
-28.6942
-28.3557
-26.6392
-23.8843
-22.7343
-24.0049
-25.7693
-25.5145
-24.7437
-25.1808
-23.9235
-19.8334
-17.3794
-17.1475
-14.9291
-18.7968
-21.785
-21.6325
-14.684
-13.0694
-22.0848
-22.7917
-20.4735
-14.1036
-20.2543
-18.2705
-10.3033
-10.8754
-22.2463
-19.9589
-24.7609
-21.6915
-22.052
-21.2021
-22.0128
-19.7218
-24.4313
-20.7979
-24.628
-26.7711
-26.2158
-23.327
-22.6206
-23.3414
-21.9728
-26.9925
-23.8378
-24.225
-24.4677
-25.1363
-26.7974
-25.6062
-25.8682
-25.3927
-25.6265
-25.7543
-24.9006
-23.7496
-24.0332
-24.466
-24.6713
-25.3418
-25.4006
-23.9267
-22.5906
-22.8279
-24.1504
-25.4083
-26.3051
-26.3912
-25.0798
-22.8777
-21.2569
-20.9462
-22.0372
-23.7283
-24.9419
-26.0088
-26.7567
-25.7529
-24.0072
-23.5394
-24.3308
-24.8095
-24.5876
-24.8297
-26.0238
-26.882
-26.1597
-25.4002
-25.6792
-26.6981
-31.514
-32.529
-34.0455
-35.1651
-35.5973
-35.77
-36.0394
-36.8696
-37.4054
-37.5415
-36.2641
-34.3986
-32.6306
-32.0251
-31.8235
-30.6497
-29.569
-30.0946
-31.8083
-32.5235
-31.6709
-31.2132
-32.1393
-33.7829
-34.3989
-33.0101
-31.9982
-33.3473
-36.5986
-38.6191
-38.944
-38.9695
-38.238
-37.0262
-36.6459
-36.3958
-33.3475
-29.2434
-28.5592
-29.3094
-20.4354
-26.9118
-32.615
-33.009
-18.3683
-15.2581
-29.612
-27.5208
-23.1917
-15.8085
-29.6778
-24.2071
-11.7509
-12.2517
-29.766
-23.4278
-31.9545
-27.4994
-30.078
-29.8394
-30.5651
-22.8899
-29.5454
-22.8816
-27.9303
-32.2789
-33.1711
-27.0125
-26.2655
-27.9779
-25.4458
-32.8484
-27.2194
-29.6996
-30.98
-31.2655
-34.2974
-33.2577
-36.3129
-35.0683
-34.5093
-35.0282
-36.7091
-36.9687
-38.6968
-39.1269
-39.7094
-40.1055
-38.3831
-35.6229
-34.1151
-35.1251
-37.7712
-39.3733
-38.4469
-36.8349
-35.8369
-35.0137
-33.7584
-31.3719
-29.1405
-28.4899
-30.1044
-34.0406
-37.6459
-36.4232
-32.7507
-30.6061
-31.0516
-33.6339
-36.6466
-37.8673
-37.5463
-37.1567
-35.7834
-34.7749
-35.2782
-36.7799
-45.018
-46.2389
-46.7809
-44.7271
-42.6412
-41.715
-41.2331
-41.4482
-42.851
-45.9947
-47.0603
-45.6468
-44.4995
-45.2508
-46.9437
-47.7384
-46.8655
-46.4863
-45.6116
-44.7082
-44.2842
-44.2544
-44.4426
-44.4324
-45.1369
-47.2647
-49.7989
-50.9907
-50.9278
-49.8309
-48.8231
-46.7394
-45.8607
-47.0955
-49.428
-50.7199
-46.202
-40.1148
-42.1022
-43.1846
-22.4219
-30.2953
-39.0879
-39.5759
-19.3544
-15.8629
-39.2616
-36.2636
-26.8666
-16.85
-38.915
-28.1485
-12.3514
-12.7253
-34.2734
-24.8772
-36.7275
-31.5516
-38.0991
-37.9361
-41.079
-25.9902
-40.582
-26.7627
-34.741
-40.2539
-38.4155
-29.0399
-27.8076
-30.1608
-27.0096
-41.9
-33
-45.1493
-45.5783
-38.5868
-41.1573
-38.6401
-49.5121
-48.306
-47.4903
-46.2163
-44.3478
-40.6362
-43.2204
-45.6676
-47.0777
-48.7163
-50.4466
-50.8121
-48.8514
-48.1194
-47.8841
-45.9154
-43.2257
-42.1792
-43.1895
-43.8264
-43.4359
-42.5948
-42.0776
-41.5128
-41.9199
-44.22
-46.4593
-46.8307
-45.8439
-44.7007
-44.3584
-44.8813
-45.8623
-46.2145
-45.8582
-46.7146
-48.3283
-50.033
-48.9216
-44.9813
