32.0587
45.3343
36.9771
30.2187
38.4196
38.2791
42.9145
39.3414
42.1808
30.8477
26.2522
26.0925
37.8384
30.6165
23.7363
31.3909
29.4366
41.5371
34.9025
21.5587
29.0508
24.7544
26.3319
15.1368
22.175
25.6789
24.6533
22.6764
20.9587
22.2414
14.6594
25.0046
30.1036
26.0232
30.0418
33.1512
24.2999
-7.71165
-7.71165
-7.71165
-7.71165
-7.71165
-7.71165
-7.71165
-7.71165
-7.71165
-7.71165
-7.71165
-7.71165
-7.71165
-7.71165
-7.71165
-7.71165
-7.71165
-7.71165
-7.71165
-7.71165
-7.71165
-7.71165
-7.71165
-7.71165
-7.71165
-7.71165
-7.71165
-7.71165
-7.71165
-7.71165
-7.71165
-7.71165
-7.71165
-7.71165
-7.71165
-7.71165
-7.71165
-7.71165
-7.71165
-7.71165
-7.71165
-7.71165
-7.71165
19.4503
14.1447
13.3306
8.14622
14.0022
9.65145
15.9032
18.0936
16.1529
18.413
32.0921
31.5184
46.7393
50.4437
39.5489
41.3734
45.4137
45.7646
45.2136
52.8116
54.2059
60.8738
63.1525
70.392
72.9998
61.1805
63.0245
53.7279
40.1437
42.271
32.0172
26.7487
22.8247
13.6282
16.3061
12.6303
4.77049
-7.71165
-7.71165
-7.71165
-7.71165
-7.71165
-7.71165
-7.71165
-7.71165
-7.71165
-7.71165
-7.71165
-7.71165
-7.71165
-7.71165
-7.71165
-7.71165
-7.71165
-7.71165
-7.71165
-7.71165
-7.71165
-7.71165
-7.71165
-7.71165
-7.71165
-7.71165
-7.71165
-7.71165
-7.71165
-7.71165
-7.71165
-7.71165
-7.71165
-7.71165
-7.71165
-7.71165
-7.71165
-7.71165
-7.71165
-7.71165
-7.71165
-7.71165
-7.71165
-4.44637
3.79362
8.7931
9.8325
3.27431
-2.46443
8.09077
14.7522
5.61269
8.82305
6.81701
11.7606
16.941
-0.0754317
-0.892277
-1.11726
-10.5561
-1.83244
-2.57118
4.20749
-1.33406
-0.961391
9.49778
1.84583
-2.1851
-0.097017
-10.1188
-5.39886
3.34801
-7.60098
-6.77284
1.10212
7.05459
5.88962
-6.27781
-5.82953
-5.75153
-7.71165
-7.71165
-7.71165
-7.71165
-7.71165
-7.71165
-7.71165
-7.71165
-7.71165
-7.71165
-7.71165
-7.71165
-7.71165
-7.71165
-7.71165
-7.71165
-7.71165
-7.71165
-7.71165
-7.71165
-7.71165
-7.71165
-7.71165
-7.71165
-7.71165
-7.71165
-7.71165
-7.71165
-7.71165
-7.71165
-7.71165
-7.71165
-7.71165
-7.71165
-7.71165
-7.71165
-7.71165
-7.71165
-7.71165
-7.71165
-7.71165
-7.71165
-7.71165
-6.32149
-12.7517
-15.6424
-10.5269
-10.6822
-7.93782
-2.95267
-13.7764
-7.60071
-15.9015
-6.58507
-6.20758
-9.27775
-7.70115
-9.87765
-4.33371
-14.9187
-30.9581
-15.146
-13.2538
-16.219
-16.9618
-31.1431
-23.0124
-16.9966
-15.0572
-15.4969
-15.4582
-23.1913
-33.8572
-34.4818
-24.529
-30.8184
-32.7207
-32.3661
-29.715
-30.3081
-7.71165
-7.71165
-7.71165
-7.71165
-7.71165
-7.71165
-7.71165
-7.71165
-7.71165
-7.71165
-7.71165
-7.71165
-7.71165
-7.71165
-7.71165
-7.71165
-7.71165
-7.71165
-7.71165
-7.71165
-7.71165
-7.71165
-7.71165
-7.71165
-7.71165
-7.71165
-7.71165
-7.71165
-7.71165
-7.71165
-7.71165
-7.71165
-7.71165
-7.71165
-7.71165
-7.71165
-7.71165
-7.71165
-7.71165
-7.71165
-7.71165
-7.71165
-7.71165
33.1109
42.9836
36.4508
30.0589
37.143
36.9732
44.9397
41.5214
43.7839
32.0262
24.9055
32.6554
39.8703
34.6636
26.1046
34.355
28.8989
39.4502
40.2817
22.5821
31.9118
26.7664
26.9571
13.5591
21.3864
26.6285
23.9257
25.6313
21.9091
29.7242
18.8107
26.5409
28.5311
21.9257
30.905
34.366
29.3359
-7.71165
-7.71165
-7.71165
-7.71165
-7.71165
-7.71165
-7.71165
-7.71165
-7.71165
-7.71165
-7.71165
-7.71165
-7.71165
-7.71165
-7.71165
-7.71165
-7.71165
-7.71165
-7.71165
-7.71165
-7.71165
-7.71165
-7.71165
-7.71165
-7.71165
-7.71165
-7.71165
-7.71165
-7.71165
-7.71165
-7.71165
-7.71165
-7.71165
-7.71165
-7.71165
-7.71165
-7.71165
-7.71165
-7.71165
-7.71165
-7.71165
-7.71165
-7.71165
20.2792
16.8664
19.9998
12.0067
19.6527
20.6266
23.3143
19.6105
14.8352
22.3021
35.5921
28.1705
48.3194
50.9125
45.6555
40.6305
47.88
41.6342
40.6858
49.5071
55.3367
55.9997
61.7986
69.8023
72.0585
61.1417
64.4666
57.8614
43.3424
44.5294
36.9632
35.2507
28.5917
17.0013
20.5367
12.1191
5.81471
-7.71165
-7.71165
-7.71165
-7.71165
-7.71165
-7.71165
-7.71165
-7.71165
-7.71165
-7.71165
-7.71165
-7.71165
-7.71165
-7.71165
-7.71165
-7.71165
-7.71165
-7.71165
-7.71165
-7.71165
-7.71165
-7.71165
-7.71165
-7.71165
-7.71165
-7.71165
-7.71165
-7.71165
-7.71165
-7.71165
-7.71165
-7.71165
-7.71165
-7.71165
-7.71165
-7.71165
-7.71165
-7.71165
-7.71165
-7.71165
-7.71165
-7.71165
-7.71165
1.24908
8.28459
4.84607
8.22343
-1.0076
-5.22447
5.27674
16.2355
14.5939
12.8023
1.20812
16.1602
20.6458
-0.0619532
4.61978
5.85724
-4.48792
5.8146
-7.42568
0.277291
-2.26711
4.25191
12.5946
4.24612
-6.51598
-4.97332
-11.6989
-6.30116
-1.35514
-4.89068
-0.488389
2.71821
8.42341
5.73533
-2.38772
-1.76458
0.642404
-7.71165
-7.71165
-7.71165
-7.71165
-7.71165
-7.71165
-7.71165
-7.71165
-7.71165
-7.71165
-7.71165
-7.71165
-7.71165
-7.71165
-7.71165
-7.71165
-7.71165
-7.71165
-7.71165
-7.71165
-7.71165
-7.71165
-7.71165
-7.71165
-7.71165
-7.71165
-7.71165
-7.71165
-7.71165
-7.71165
-7.71165
-7.71165
-7.71165
-7.71165
-7.71165
-7.71165
-7.71165
-7.71165
-7.71165
-7.71165
-7.71165
-7.71165
-7.71165
-2.62335
-4.54934
-11.2031
-5.65935
-6.75505
-9.11911
-3.69486
-10.9216
-9.33724
-18.3235
-9.38737
-6.27429
-10.6651
-6.7428
-12.5604
-8.54153
-13.0328
-21.1268
-14.0728
-13.1453
-15.4407
-14.2675
-28.9885
-22.1042
-19.9652
-15.997
-13.7125
-13.1449
-19.0803
-32.4377
-35.998
-28.3198
-30.9469
-34.4399
-33.89
-28.0359
-29.2345
-7.71165
-7.71165
-7.71165
-7.71165
-7.71165
-7.71165
-7.71165
-7.71165
-7.71165
-7.71165
-7.71165
-7.71165
-7.71165
-7.71165
-7.71165
-7.71165
-7.71165
-7.71165
-7.71165
-7.71165
-7.71165
-7.71165
-7.71165
-7.71165
-7.71165
-7.71165
-7.71165
-7.71165
-7.71165
-7.71165
-7.71165
-7.71165
-7.71165
-7.71165
-7.71165
-7.71165
-7.71165
-7.71165
-7.71165
-7.71165
-7.71165
-7.71165
-7.71165
29.2538
39.0592
36.9906
30.3305
37.6907
39.8591
45.79
42.9908
44.1403
31.6779
25.4139
39.7249
40.0869
36.4361
26.3433
35.0661
31.7857
37.0689
43.501
27.4346
32.6228
25.4282
25.7839
14.0886
19.61
24.6503
22.122
27.8246
24.0471
33.1674
23.6083
27.6025
25.9268
23.6198
30.3923
32.8248
31.4065
-7.71165
-7.71165
-7.71165
-7.71165
-7.71165
-7.71165
-7.71165
-7.71165
-7.71165
-7.71165
-7.71165
-7.71165
-7.71165
-7.71165
-7.71165
-7.71165
-7.71165
-7.71165
-7.71165
-7.71165
-7.71165
-7.71165
-7.71165
-7.71165
-7.71165
-7.71165
-7.71165
-7.71165
-7.71165
-7.71165
-7.71165
-7.71165
-7.71165
-7.71165
-7.71165
-7.71165
-7.71165
-7.71165
-7.71165
-7.71165
-7.71165
-7.71165
-7.71165
20.2437
17.6895
24.5197
16.5061
25.0992
27.9537
30.0662
18.2145
14.9508
28.0556
36.697
25.1167
48.4974
49.705
50.7176
42.8422
48.0951
39.558
37.1514
49.1968
57.9181
52.8305
58.1362
68.2161
69.024
60.1258
64.4366
60.1126
45.6075
44.0107
40.1474
39.6306
31.7554
21.216
24.1001
11.4449
5.70025
-7.71165
-7.71165
-7.71165
-7.71165
-7.71165
-7.71165
-7.71165
-7.71165
-7.71165
-7.71165
-7.71165
-7.71165
-7.71165
-7.71165
-7.71165
-7.71165
-7.71165
-7.71165
-7.71165
-7.71165
-7.71165
-7.71165
-7.71165
-7.71165
-7.71165
-7.71165
-7.71165
-7.71165
-7.71165
-7.71165
-7.71165
-7.71165
-7.71165
-7.71165
-7.71165
-7.71165
-7.71165
-7.71165
-7.71165
-7.71165
-7.71165
-7.71165
-7.71165
2.15175
8.23423
-0.813296
4.36086
-0.924722
-4.12945
5.46924
19.8617
20.5399
15.3289
5.22419
17.2938
21.3507
5.16413
8.8374
12.0717
3.01763
10.7006
-2.10009
-2.08014
0.915244
9.05732
14.0606
8.07098
-5.0953
-3.25656
-15.5018
-7.88215
-3.57097
-0.0914278
3.09808
1.62486
6.05269
4.05274
0.502485
0.948968
2.8686
-7.71165
-7.71165
-7.71165
-7.71165
-7.71165
-7.71165
-7.71165
-7.71165
-7.71165
-7.71165
-7.71165
-7.71165
-7.71165
-7.71165
-7.71165
-7.71165
-7.71165
-7.71165
-7.71165
-7.71165
-7.71165
-7.71165
-7.71165
-7.71165
-7.71165
-7.71165
-7.71165
-7.71165
-7.71165
-7.71165
-7.71165
-7.71165
-7.71165
-7.71165
-7.71165
-7.71165
-7.71165
-7.71165
-7.71165
-7.71165
-7.71165
-7.71165
-7.71165
0.325285
0.0532317
-11.3867
-3.27853
-6.15458
-9.91575
-7.78286
-10.78
-12.5554
-16.1745
-12.6026
-8.06439
-13.3679
-7.97297
-16.2424
-12.4237
-10.5608
-15.7302
-13.1738
-14.0656
-17.005
-13.3632
-28.5798
-19.6366
-22.7326
-17.1381
-14.9909
-11.8764
-16.9328
-27.3036
-36.0253
-32.9054
-28.7289
-33.8624
-36.0357
-27.2205
-28.572
-7.71165
-7.71165
-7.71165
-7.71165
-7.71165
-7.71165
-7.71165
-7.71165
-7.71165
-7.71165
-7.71165
-7.71165
-7.71165
-7.71165
-7.71165
-7.71165
-7.71165
-7.71165
-7.71165
-7.71165
-7.71165
-7.71165
-7.71165
-7.71165
-7.71165
-7.71165
-7.71165
-7.71165
-7.71165
-7.71165
-7.71165
-7.71165
-7.71165
-7.71165
-7.71165
-7.71165
-7.71165
-7.71165
-7.71165
-7.71165
-7.71165
-7.71165
-7.71165
25.1765
33.0549
36.8943
30.423
39.7144
42.6105
44.3952
44.827
43.9735
29.2008
29.1058
43.2209
38.4605
35.1109
25.4683
33.1998
34.2292
35.5131
44.3035
30.3928
31.0288
23.9232
23.6325
13.5357
18.4692
19.0651
19.6298
28.5396
26.4149
32.8564
26.7692
26.8772
23.7972
29.565
30.4793
29.5563
30.1624
-7.71165
-7.71165
-7.71165
-7.71165
-7.71165
-7.71165
-7.71165
-7.71165
-7.71165
-7.71165
-7.71165
-7.71165
-7.71165
-7.71165
-7.71165
-7.71165
-7.71165
-7.71165
-7.71165
-7.71165
-7.71165
-7.71165
-7.71165
-7.71165
-7.71165
-7.71165
-7.71165
-7.71165
-7.71165
-7.71165
-7.71165
-7.71165
-7.71165
-7.71165
-7.71165
-7.71165
-7.71165
-7.71165
-7.71165
-7.71165
-7.71165
-7.71165
-7.71165
21.3653
17.103
25.3848
18.2174
27.0942
29.9792
32.7105
19.488
22.9738
32.2779
34.851
31.4103
48.5648
47.6003
52.6947
45.3099
44.9467
38.5984
44.0878
53.8575
60.8212
60.7599
54.7085
67.6403
65.4028
60.07
64.5097
60.0381
49.1486
45.1992
43.7376
40.7391
31.3516
24.2722
24.5325
11.6433
5.58527
-7.71165
-7.71165
-7.71165
-7.71165
-7.71165
-7.71165
-7.71165
-7.71165
-7.71165
-7.71165
-7.71165
-7.71165
-7.71165
-7.71165
-7.71165
-7.71165
-7.71165
-7.71165
-7.71165
-7.71165
-7.71165
-7.71165
-7.71165
-7.71165
-7.71165
-7.71165
-7.71165
-7.71165
-7.71165
-7.71165
-7.71165
-7.71165
-7.71165
-7.71165
-7.71165
-7.71165
-7.71165
-7.71165
-7.71165
-7.71165
-7.71165
-7.71165
-7.71165
0.720536
4.31626
-3.50537
-0.83206
1.7192
1.07097
9.44385
21.8127
22.3385
16.5217
12.4922
14.5247
18.5347
7.19639
8.64741
15.0956
8.4143
12.0839
6.10942
2.72866
3.05911
10.5123
13.1284
10.452
-0.918627
2.96705
-12.9625
-4.42174
1.47558
2.59114
2.94605
-0.0210625
0.6436
2.45656
2.76415
1.56719
1.08322
-7.71165
-7.71165
-7.71165
-7.71165
-7.71165
-7.71165
-7.71165
-7.71165
-7.71165
-7.71165
-7.71165
-7.71165
-7.71165
-7.71165
-7.71165
-7.71165
-7.71165
-7.71165
-7.71165
-7.71165
-7.71165
-7.71165
-7.71165
-7.71165
-7.71165
-7.71165
-7.71165
-7.71165
-7.71165
-7.71165
-7.71165
-7.71165
-7.71165
-7.71165
-7.71165
-7.71165
-7.71165
-7.71165
-7.71165
-7.71165
-7.71165
-7.71165
-7.71165
0.887004
0.105501
-12.8171
-4.79718
-9.03877
-10.7132
-11.9582
-15.1063
-12.2469
-8.50017
-9.79468
-7.48424
-17.9088
-9.1644
-18.8565
-12.264
-8.72496
-13.6637
-13.2751
-16.6913
-18.7374
-13.3791
-27.039
-15.9859
-24.9243
-14.1799
-15.3872
-12.4017
-17.0754
-24.0956
-34.1983
-35.4032
-27.0483
-31.8367
-39.0929
-28.8089
-29.5245
-7.71165
-7.71165
-7.71165
-7.71165
-7.71165
-7.71165
-7.71165
-7.71165
-7.71165
-7.71165
-7.71165
-7.71165
-7.71165
-7.71165
-7.71165
-7.71165
-7.71165
-7.71165
-7.71165
-7.71165
-7.71165
-7.71165
-7.71165
-7.71165
-7.71165
-7.71165
-7.71165
-7.71165
-7.71165
-7.71165
-7.71165
-7.71165
-7.71165
-7.71165
-7.71165
-7.71165
-7.71165
-7.71165
-7.71165
-7.71165
-7.71165
-7.71165
-7.71165
23.2496
30.2101
38.3652
32.702
39.0534
41.2851
39.4913
44.4444
42.3715
25.4246
32.2455
42.9471
36.4984
31.5091
25.6993
29.1474
32.8146
32.9366
42.6027
30.7249
29.5889
24.4236
21.1936
11.0057
18.0558
15.343
20.3185
27.9126
28.2747
30.0079
28.4691
25.0325
24.3304
33.4784
31.5395
29.6367
26.7098
-7.71165
-7.71165
-7.71165
-7.71165
-7.71165
-7.71165
-7.71165
-7.71165
-7.71165
-7.71165
-7.71165
-7.71165
-7.71165
-7.71165
-7.71165
-7.71165
-7.71165
-7.71165
-7.71165
-7.71165
-7.71165
-7.71165
-7.71165
-7.71165
-7.71165
-7.71165
-7.71165
-7.71165
-7.71165
-7.71165
-7.71165
-7.71165
-7.71165
-7.71165
-7.71165
-7.71165
-7.71165
-7.71165
-7.71165
-7.71165
-7.71165
-7.71165
-7.71165
23.4529
18.063
22.8289
17.4691
25.0196
26.8989
31.4665
24.7743
30.3421
33.7175
31.3795
36.5292
47.1965
46.0557
52.5149
46.5209
42.0221
39.9463
55.5426
61.7589
65.2192
68.2392
55.4849
67.7814
61.9981
59.3437
63.2765
57.6872
51.8551
48.0719
46.3895
39.3234
28.2506
26.2348
21.4337
11.1914
7.17688
-7.71165
-7.71165
-7.71165
-7.71165
-7.71165
-7.71165
-7.71165
-7.71165
-7.71165
-7.71165
-7.71165
-7.71165
-7.71165
-7.71165
-7.71165
-7.71165
-7.71165
-7.71165
-7.71165
-7.71165
-7.71165
-7.71165
-7.71165
-7.71165
-7.71165
-7.71165
-7.71165
-7.71165
-7.71165
-7.71165
-7.71165
-7.71165
-7.71165
-7.71165
-7.71165
-7.71165
-7.71165
-7.71165
-7.71165
-7.71165
-7.71165
-7.71165
-7.71165
0.250735
0.69412
0.109099
-5.8963
1.58851
2.61771
11.2786
20.0288
20.1246
17.7917
15.5486
7.26097
11.9595
4.76311
3.90463
14.9111
10.0977
10.404
9.80716
6.79172
4.29286
8.85455
9.335
11.0988
0.770648
6.92808
-3.56763
1.8539
6.50825
1.51465
0.514216
1.30547
-5.05963
1.79687
4.63415
0.104332
-4.9107
-7.71165
-7.71165
-7.71165
-7.71165
-7.71165
-7.71165
-7.71165
-7.71165
-7.71165
-7.71165
-7.71165
-7.71165
-7.71165
-7.71165
-7.71165
-7.71165
-7.71165
-7.71165
-7.71165
-7.71165
-7.71165
-7.71165
-7.71165
-7.71165
-7.71165
-7.71165
-7.71165
-7.71165
-7.71165
-7.71165
-7.71165
-7.71165
-7.71165
-7.71165
-7.71165
-7.71165
-7.71165
-7.71165
-7.71165
-7.71165
-7.71165
-7.71165
-7.71165
-1.27513
-4.55007
-11.7281
-9.56379
-11.8116
-12.474
-9.97736
-21.7205
-8.64729
-3.92935
-7.29265
-4.9156
-16.8739
-7.90178
-21.3697
-9.67666
-8.84838
-13.8636
-13.7831
-17.505
-15.5655
-13.159
-20.2887
-12.6432
-24.125
-10.1384
-12.9633
-15.8542
-19.7384
-24.258
-32.7601
-34.7841
-27.3531
-29.073
-41.4674
-31.827
-32.1826
-7.71165
-7.71165
-7.71165
-7.71165
-7.71165
-7.71165
-7.71165
-7.71165
-7.71165
-7.71165
-7.71165
-7.71165
-7.71165
-7.71165
-7.71165
-7.71165
-7.71165
-7.71165
-7.71165
-7.71165
-7.71165
-7.71165
-7.71165
-7.71165
-7.71165
-7.71165
-7.71165
-7.71165
-7.71165
-7.71165
-7.71165
-7.71165
-7.71165
-7.71165
-7.71165
-7.71165
-7.71165
-7.71165
-7.71165
-7.71165
-7.71165
-7.71165
-7.71165
28.8519
33.1414
40.1186
35.6486
35.529
35.0573
30.0351
40.3085
37.9022
22.2666
33.2128
38.7152
35.5013
31.3299
29.7828
25.1555
27.1963
27.1519
39.0886
30.5298
29.7768
24.4903
18.3168
11.5086
16.9688
17.1693
23.9615
25.882
28.4959
26.5034
28.8089
24.2551
26.254
34.7662
31.1155
32.9176
23.4773
-7.71165
-7.71165
-7.71165
-7.71165
-7.71165
-7.71165
-7.71165
-7.71165
-7.71165
-7.71165
-7.71165
-7.71165
-7.71165
-7.71165
-7.71165
-7.71165
-7.71165
-7.71165
-7.71165
-7.71165
-7.71165
-7.71165
-7.71165
-7.71165
-7.71165
-7.71165
-7.71165
-7.71165
-7.71165
-7.71165
-7.71165
-7.71165
-7.71165
-7.71165
-7.71165
-7.71165
-7.71165
-7.71165
-7.71165
-7.71165
-7.71165
-7.71165
-7.71165
26.2732
20.3543
17.9774
16.8045
19.6061
17.9244
27.6334
26.9117
33.076
34.0227
31.2467
36.8107
43.9366
48.0485
53.1408
46.3338
46.4689
46.9897
62.5719
68.4739
70.6217
71.4948
57.9343
67.9789
59.6251
56.1806
58.4156
54.0761
51.5697
48.2575
46.049
35.9478
25.1396
26.6092
16.094
9.64548
9.55738
-7.71165
-7.71165
-7.71165
-7.71165
-7.71165
-7.71165
-7.71165
-7.71165
-7.71165
-7.71165
-7.71165
-7.71165
-7.71165
-7.71165
-7.71165
-7.71165
-7.71165
-7.71165
-7.71165
-7.71165
-7.71165
-7.71165
-7.71165
-7.71165
-7.71165
-7.71165
-7.71165
-7.71165
-7.71165
-7.71165
-7.71165
-7.71165
-7.71165
-7.71165
-7.71165
-7.71165
-7.71165
-7.71165
-7.71165
-7.71165
-7.71165
-7.71165
-7.71165
0.524491
3.17707
4.18116
-2.01655
-2.59061
-0.513895
8.82789
13.7355
14.0297
20.0977
14.455
-4.82577
2.399
-0.0211132
-3.94608
12.047
8.83802
7.93939
9.84752
7.21095
6.39032
5.92794
6.3203
10.9635
-0.6775
7.85116
2.81908
4.62785
7.99545
-3.04029
-0.52346
3.52894
-6.42596
0.727157
5.07439
-1.37016
-12.6677
-7.71165
-7.71165
-7.71165
-7.71165
-7.71165
-7.71165
-7.71165
-7.71165
-7.71165
-7.71165
-7.71165
-7.71165
-7.71165
-7.71165
-7.71165
-7.71165
-7.71165
-7.71165
-7.71165
-7.71165
-7.71165
-7.71165
-7.71165
-7.71165
-7.71165
-7.71165
-7.71165
-7.71165
-7.71165
-7.71165
-7.71165
-7.71165
-7.71165
-7.71165
-7.71165
-7.71165
-7.71165
-7.71165
-7.71165
-7.71165
-7.71165
-7.71165
-7.71165
-7.33864
-12.9616
-10.1219
-12.2305
-8.11735
-11.8882
-7.53854
-21.416
-5.81217
-3.72853
-7.85342
-4.27751
-11.3569
-6.9096
-18.6219
-6.9999
-11.0089
-14.7422
-15.5839
-14.632
-9.58689
-10.9871
-12.7153
-11.043
-18.8393
-8.43579
-11.5908
-22.5506
-24.2659
-27.5471
-32.8798
-32.2884
-28.7442
-27.9402
-43.2092
-33.3253
-35.4098
-7.71165
-7.71165
-7.71165
-7.71165
-7.71165
-7.71165
-7.71165
-7.71165
-7.71165
-7.71165
-7.71165
-7.71165
-7.71165
-7.71165
-7.71165
-7.71165
-7.71165
-7.71165
-7.71165
-7.71165
-7.71165
-7.71165
-7.71165
-7.71165
-7.71165
-7.71165
-7.71165
-7.71165
-7.71165
-7.71165
-7.71165
-7.71165
-7.71165
-7.71165
-7.71165
-7.71165
-7.71165
-7.71165
-7.71165
-7.71165
-7.71165
-7.71165
-7.71165
39.2076
38.4531
39.3475
36.1285
33.5421
25.6895
24.6777
35.0266
30.981
24.4524
33.8964
30.6735
34.7393
33.8077
34.5439
23.7326
21.3606
19.52
37.6277
31.5408
29.1271
23.6838
14.9937
14.8597
15.252
19.155
26.8689
22.0354
26.6368
24.1604
28.6354
24.7736
28.4657
33.626
28.0765
34.4201
20.4443
-7.71165
-7.71165
-7.71165
-7.71165
-7.71165
-7.71165
-7.71165
-7.71165
-7.71165
-7.71165
-7.71165
-7.71165
-7.71165
-7.71165
-7.71165
-7.71165
-7.71165
-7.71165
-7.71165
-7.71165
-7.71165
-7.71165
-7.71165
-7.71165
-7.71165
-7.71165
-7.71165
-7.71165
-7.71165
-7.71165
-7.71165
-7.71165
-7.71165
-7.71165
-7.71165
-7.71165
-7.71165
-7.71165
-7.71165
-7.71165
-7.71165
-7.71165
-7.71165
28.1724
19.6836
14.7326
16.3319
15.3267
9.87553
25.7252
26.6791
31.4805
34.3776
35.9739
35.5238
39.8918
52.4547
55.2293
44.0751
51.5781
54.0945
65.7972
73.2561
74.9741
71.016
59.3996
69.427
60.6858
54.5672
49.0049
52.5333
47.6186
43.9346
42.2051
30.5932
23.5088
24.4434
14.3613
11.3838
10.9685
-7.71165
-7.71165
-7.71165
-7.71165
-7.71165
-7.71165
-7.71165
-7.71165
-7.71165
-7.71165
-7.71165
-7.71165
-7.71165
-7.71165
-7.71165
-7.71165
-7.71165
-7.71165
-7.71165
-7.71165
-7.71165
-7.71165
-7.71165
-7.71165
-7.71165
-7.71165
-7.71165
-7.71165
-7.71165
-7.71165
-7.71165
-7.71165
-7.71165
-7.71165
-7.71165
-7.71165
-7.71165
-7.71165
-7.71165
-7.71165
-7.71165
-7.71165
-7.71165
-1.07177
6.27638
5.36453
4.83623
-5.64261
-7.06378
1.63131
4.1063
10.0111
21.9122
9.83687
-19.4759
-3.3308
-1.15732
-5.34504
6.73215
7.60469
8.32189
7.17873
4.89049
7.23149
6.02796
7.85281
10.1463
-3.13128
6.49174
4.805
3.53268
6.13972
-7.2639
0.085468
5.33663
-2.63387
-1.16378
3.79445
0.281028
-12.129
-7.71165
-7.71165
-7.71165
-7.71165
-7.71165
-7.71165
-7.71165
-7.71165
-7.71165
-7.71165
-7.71165
-7.71165
-7.71165
-7.71165
-7.71165
-7.71165
-7.71165
-7.71165
-7.71165
-7.71165
-7.71165
-7.71165
-7.71165
-7.71165
-7.71165
-7.71165
-7.71165
-7.71165
-7.71165
-7.71165
-7.71165
-7.71165
-7.71165
-7.71165
-7.71165
-7.71165
-7.71165
-7.71165
-7.71165
-7.71165
-7.71165
-7.71165
-7.71165
-17.2014
-22.5618
-9.90387
-11.6401
-2.76476
-9.46852
-8.31733
-17.5083
-4.79608
-6.66575
-10.1028
-6.04823
-8.62145
-7.70513
-11.9268
-5.36247
-14.2805
-15.7468
-16.9133
-13.029
-6.46265
-7.27129
-9.39426
-11.0566
-11.9974
-9.92179
-12.6835
-28.2971
-27.3283
-31.2243
-34.1381
-30.4235
-29.2448
-29.3741
-41.1158
-33.6409
-36.8906
-7.71165
-7.71165
-7.71165
-7.71165
-7.71165
-7.71165
-7.71165
-7.71165
-7.71165
-7.71165
-7.71165
-7.71165
-7.71165
-7.71165
-7.71165
-7.71165
-7.71165
-7.71165
-7.71165
-7.71165
-7.71165
-7.71165
-7.71165
-7.71165
-7.71165
-7.71165
-7.71165
-7.71165
-7.71165
-7.71165
-7.71165
-7.71165
-7.71165
-7.71165
-7.71165
-7.71165
-7.71165
-7.71165
-7.71165
-7.71165
-7.71165
-7.71165
-7.71165
45.6614
41.8805
36.2854
34.3338
34.4593
26.0524
29.8383
36.6719
26.8542
28.9316
37.5595
22.0103
32.5558
33.3676
36.313
22.3477
22.6377
19.9934
39.6459
31.8387
26.235
24.1982
13.3444
17.6868
16.9728
20.8218
26.8661
18.7983
23.1959
25.6852
29.414
26.4018
30.5328
30.4157
23.1851
33.3289
18.6848
-7.71165
-7.71165
-7.71165
-7.71165
-7.71165
-7.71165
-7.71165
-7.71165
-7.71165
-7.71165
-7.71165
-7.71165
-7.71165
-7.71165
-7.71165
-7.71165
-7.71165
-7.71165
-7.71165
-7.71165
-7.71165
-7.71165
-7.71165
-7.71165
-7.71165
-7.71165
-7.71165
-7.71165
-7.71165
-7.71165
-7.71165
-7.71165
-7.71165
-7.71165
-7.71165
-7.71165
-7.71165
-7.71165
-7.71165
-7.71165
-7.71165
-7.71165
-7.71165
28.1776
15.2925
11.9751
11.7742
16.565
14.4287
28.2291
27.3853
29.3178
33.9786
38.2647
38.6203
41.996
55.1874
56.4927
39.807
54.399
57.9433
65.8348
75.7395
76.3733
68.6515
63.7296
72.4714
63.8196
59.3994
42.4758
55.6851
43.8005
35.5928
37.0646
25.3838
20.9503
19.27
18.008
15.6937
13.2127
-7.71165
-7.71165
-7.71165
-7.71165
-7.71165
-7.71165
-7.71165
-7.71165
-7.71165
-7.71165
-7.71165
-7.71165
-7.71165
-7.71165
-7.71165
-7.71165
-7.71165
-7.71165
-7.71165
-7.71165
-7.71165
-7.71165
-7.71165
-7.71165
-7.71165
-7.71165
-7.71165
-7.71165
-7.71165
-7.71165
-7.71165
-7.71165
-7.71165
-7.71165
-7.71165
-7.71165
-7.71165
-7.71165
-7.71165
-7.71165
-7.71165
-7.71165
-7.71165
-3.51002
7.82616
4.14265
8.05708
-0.480177
-7.93809
-4.1415
0.137021
14.7622
21.5372
3.86984
-10.7665
-3.83584
-1.35516
0.106177
1.07452
9.07947
9.4928
4.27758
3.08532
4.61163
8.89931
8.70406
7.04763
-3.62406
4.1711
2.65616
0.378433
2.99783
-4.79504
0.194209
5.92424
1.21907
-3.0933
1.73526
2.88601
-8.48555
-7.71165
-7.71165
-7.71165
-7.71165
-7.71165
-7.71165
-7.71165
-7.71165
-7.71165
-7.71165
-7.71165
-7.71165
-7.71165
-7.71165
-7.71165
-7.71165
-7.71165
-7.71165
-7.71165
-7.71165
-7.71165
-7.71165
-7.71165
-7.71165
-7.71165
-7.71165
-7.71165
-7.71165
-7.71165
-7.71165
-7.71165
-7.71165
-7.71165
-7.71165
-7.71165
-7.71165
-7.71165
-7.71165
-7.71165
-7.71165
-7.71165
-7.71165
-7.71165
-32.6346
-25.6075
-10.3708
-11.2056
-1.06685
-8.8382
-11.1686
-17.4037
-5.02119
-9.14639
-12.5698
-7.69152
-7.124
-7.93732
-7.31257
-6.19909
-15.0598
-15.9625
-15.7458
-14.4506
-6.77723
-5.88475
-9.75168
-12.2873
-8.48803
-13.5331
-16.344
-28.0908
-27.6621
-29.8685
-32.0238
-31.0245
-29.7579
-32.373
-40.5275
-31.83
-43.1593
-7.71165
-7.71165
-7.71165
-7.71165
-7.71165
-7.71165
-7.71165
-7.71165
-7.71165
-7.71165
-7.71165
-7.71165
-7.71165
-7.71165
-7.71165
-7.71165
-7.71165
-7.71165
-7.71165
-7.71165
-7.71165
-7.71165
-7.71165
-7.71165
-7.71165
-7.71165
-7.71165
-7.71165
-7.71165
-7.71165
-7.71165
-7.71165
-7.71165
-7.71165
-7.71165
-7.71165
-7.71165
-7.71165
-7.71165
-7.71165
-7.71165
-7.71165
-7.71165
46.538
41.1847
35.0706
34.3547
33.2233
31.0945
32.6027
40.4819
28.6516
34.3995
42.2962
21.7196
27.6759
27.8339
34.8523
20.2981
24.9186
24.3209
40.9087
30.0243
21.5495
25.8081
15.2995
19.3295
20.6609
21.206
23.3441
19.2458
20.6496
31.1511
30.2881
30.21
33.188
26.7423
21.8375
31.9826
22.2273
-7.71165
-7.71165
-7.71165
-7.71165
-7.71165
-7.71165
-7.71165
-7.71165
-7.71165
-7.71165
-7.71165
-7.71165
-7.71165
-7.71165
-7.71165
-7.71165
-7.71165
-7.71165
-7.71165
-7.71165
-7.71165
-7.71165
-7.71165
-7.71165
-7.71165
-7.71165
-7.71165
-7.71165
-7.71165
-7.71165
-7.71165
-7.71165
-7.71165
-7.71165
-7.71165
-7.71165
-7.71165
-7.71165
-7.71165
-7.71165
-7.71165
-7.71165
-7.71165
27.2319
8.43181
5.68829
5.9935
17.9412
16.3157
29.0627
28.7271
30.9177
33.0498
37.2566
40.3576
49.7104
56.9069
56.6456
42.438
55.4629
57.714
63.6166
75.421
74.1892
66.5766
69.8636
74.6881
66.1338
64.4851
48.5456
60.6441
46.7629
36.0091
38.0794
23.0203
19.5615
15.5382
22.0391
18.336
16.9843
-7.71165
-7.71165
-7.71165
-7.71165
-7.71165
-7.71165
-7.71165
-7.71165
-7.71165
-7.71165
-7.71165
-7.71165
-7.71165
-7.71165
-7.71165
-7.71165
-7.71165
-7.71165
-7.71165
-7.71165
-7.71165
-7.71165
-7.71165
-7.71165
-7.71165
-7.71165
-7.71165
-7.71165
-7.71165
-7.71165
-7.71165
-7.71165
-7.71165
-7.71165
-7.71165
-7.71165
-7.71165
-7.71165
-7.71165
-7.71165
-7.71165
-7.71165
-7.71165
-1.0982
7.41244
3.35922
7.30642
4.95165
2.59008
-5.27684
3.02437
17.4599
18.6974
2.55033
-0.210971
-3.93024
-4.19702
5.30236
2.41678
10.8239
7.9905
3.18701
4.19711
-1.50932
11.4325
6.58086
0.231045
-3.72443
2.07162
-3.54495
-1.71313
1.13724
-1.18914
0.865911
6.04008
2.43407
-4.03637
-0.807961
3.65976
-8.60984
-7.71165
-7.71165
-7.71165
-7.71165
-7.71165
-7.71165
-7.71165
-7.71165
-7.71165
-7.71165
-7.71165
-7.71165
-7.71165
-7.71165
-7.71165
-7.71165
-7.71165
-7.71165
-7.71165
-7.71165
-7.71165
-7.71165
-7.71165
-7.71165
-7.71165
-7.71165
-7.71165
-7.71165
-7.71165
-7.71165
-7.71165
-7.71165
-7.71165
-7.71165
-7.71165
-7.71165
-7.71165
-7.71165
-7.71165
-7.71165
-7.71165
-7.71165
-7.71165
-37.2579
-25.118
-10.9841
-9.73908
-3.35145
-10.453
-15.6422
-20.5867
-4.78541
-10.331
-14.0692
-7.11854
-4.95495
-4.81077
-7.54759
-9.08453
-12.2596
-12.2243
-14.3519
-15.8815
-9.5792
-7.96053
-12.2921
-13.7781
-9.06894
-16.7698
-20.4046
-27.8991
-26.3795
-28.469
-29.1838
-32.563
-32.6064
-35.4721
-36.7682
-30.1333
-40.0655
-7.71165
-7.71165
-7.71165
-7.71165
-7.71165
-7.71165
-7.71165
-7.71165
-7.71165
-7.71165
-7.71165
-7.71165
-7.71165
-7.71165
-7.71165
-7.71165
-7.71165
-7.71165
-7.71165
-7.71165
-7.71165
-7.71165
-7.71165
-7.71165
-7.71165
-7.71165
-7.71165
-7.71165
-7.71165
-7.71165
-7.71165
-7.71165
-7.71165
-7.71165
-7.71165
-7.71165
-7.71165
-7.71165
-7.71165
-7.71165
-7.71165
-7.71165
-7.71165
42.3815
35.9893
36.6526
35.8553
28.2876
34.4598
36.2195
43.39
35.5398
41.033
46.2113
26.7713
22.4924
19.2879
31.1386
20.4192
26.281
29.7234
39.6496
28.5394
18.2898
26.4447
16.5415
18.7464
21.9212
19.2143
17.516
19.3484
19.4921
35.589
30.6779
33.3661
36.356
26.6171
25.1027
31.8762
27.6691
-7.71165
-7.71165
-7.71165
-7.71165
-7.71165
-7.71165
-7.71165
-7.71165
-7.71165
-7.71165
-7.71165
-7.71165
-7.71165
-7.71165
-7.71165
-7.71165
-7.71165
-7.71165
-7.71165
-7.71165
-7.71165
-7.71165
-7.71165
-7.71165
-7.71165
-7.71165
-7.71165
-7.71165
-7.71165
-7.71165
-7.71165
-7.71165
-7.71165
-7.71165
-7.71165
-7.71165
-7.71165
-7.71165
-7.71165
-7.71165
-7.71165
-7.71165
-7.71165
25.9558
7.36461
-7.89969
6.88707
18.2479
15.7309
26.2833
26.5886
32.2939
32.4839
35.0583
38.4553
54.271
58.9438
58.1774
50.84
54.9969
53.8381
59.8617
72.0291
67.9782
63.8769
73.1439
74.0406
66.5486
66.4747
55.4728
63.3283
49.3204
42.1489
40.6383
21.8028
21.3908
16.5832
24.8856
18.6754
19.5513
-7.71165
-7.71165
-7.71165
-7.71165
-7.71165
-7.71165
-7.71165
-7.71165
-7.71165
-7.71165
-7.71165
-7.71165
-7.71165
-7.71165
-7.71165
-7.71165
-7.71165
-7.71165
-7.71165
-7.71165
-7.71165
-7.71165
-7.71165
-7.71165
-7.71165
-7.71165
-7.71165
-7.71165
-7.71165
-7.71165
-7.71165
-7.71165
-7.71165
-7.71165
-7.71165
-7.71165
-7.71165
-7.71165
-7.71165
-7.71165
-7.71165
-7.71165
-7.71165
3.05128
6.86081
2.67552
5.05386
7.82531
8.40011
-0.696614
3.93319
15.9339
14.0777
7.37073
5.43471
-5.92567
-9.12614
6.89922
7.33983
10.9609
4.98773
4.71231
6.19964
-7.07411
11.4828
2.62096
-10.4762
-4.94308
0.637495
-12.2143
-3.57234
-0.0711592
-0.157531
3.01696
5.39862
0.710325
-4.0833
-3.87818
1.41175
-10.9429
-7.71165
-7.71165
-7.71165
-7.71165
-7.71165
-7.71165
-7.71165
-7.71165
-7.71165
-7.71165
-7.71165
-7.71165
-7.71165
-7.71165
-7.71165
-7.71165
-7.71165
-7.71165
-7.71165
-7.71165
-7.71165
-7.71165
-7.71165
-7.71165
-7.71165
-7.71165
-7.71165
-7.71165
-7.71165
-7.71165
-7.71165
-7.71165
-7.71165
-7.71165
-7.71165
-7.71165
-7.71165
-7.71165
-7.71165
-7.71165
-7.71165
-7.71165
-7.71165
-34.6595
-21.9676
-11.9355
-7.62459
-9.04204
-14.5786
-19.5948
-26.4834
-3.78628
-11.9291
-12.1954
-6.71233
-3.50237
-3.06144
-12.5642
-13.1886
-10.315
-6.88147
-14.7955
-15.6065
-12.9113
-13.2149
-13.4891
-15.6875
-13.774
-18.922
-22.327
-28.9375
-24.7303
-26.4664
-27.3778
-29.9613
-34.8071
-35.7022
-31.9029
-27.4311
-34.2472
-7.71165
-7.71165
-7.71165
-7.71165
-7.71165
-7.71165
-7.71165
-7.71165
-7.71165
-7.71165
-7.71165
-7.71165
-7.71165
-7.71165
-7.71165
-7.71165
-7.71165
-7.71165
-7.71165
-7.71165
-7.71165
-7.71165
-7.71165
-7.71165
-7.71165
-7.71165
-7.71165
-7.71165
-7.71165
-7.71165
-7.71165
-7.71165
-7.71165
-7.71165
-7.71165
-7.71165
-7.71165
-7.71165
-7.71165
-7.71165
-7.71165
-7.71165
-7.71165
33.8281
29.4968
35.7633
34.6003
21.2277
37.4858
39.8939
43.3626
41.3839
46.0693
47.9611
31.2628
24.7187
21.287
28.3212
24.8097
27.8539
33.9232
35.8837
30.1783
17.7187
26.4872
16.4392
14.6819
20.4066
16.657
13.5151
16.4808
17.0379
37.1441
31.1202
33.812
37.8212
28.9209
27.7117
30.7413
30.1979
-7.71165
-7.71165
-7.71165
-7.71165
-7.71165
-7.71165
-7.71165
-7.71165
-7.71165
-7.71165
-7.71165
-7.71165
-7.71165
-7.71165
-7.71165
-7.71165
-7.71165
-7.71165
-7.71165
-7.71165
-7.71165
-7.71165
-7.71165
-7.71165
-7.71165
-7.71165
-7.71165
-7.71165
-7.71165
-7.71165
-7.71165
-7.71165
-7.71165
-7.71165
-7.71165
-7.71165
-7.71165
-7.71165
-7.71165
-7.71165
-7.71165
-7.71165
-7.71165
23.6903
8.10427
-8.29387
10.8639
17.576
16.69
19.2439
21.5607
29.7596
31.0733
35.2895
34.811
54.3937
60.3115
59.4453
55.6147
52.5928
49.0142
54.5312
65.7816
56.5453
58.1326
72.2985
69.8697
64.2621
64.7736
58.0163
62.372
47.714
44.0577
40.1925
21.9374
21.8381
17.2755
25.5786
17.2141
18.9005
-7.71165
-7.71165
-7.71165
-7.71165
-7.71165
-7.71165
-7.71165
-7.71165
-7.71165
-7.71165
-7.71165
-7.71165
-7.71165
-7.71165
-7.71165
-7.71165
-7.71165
-7.71165
-7.71165
-7.71165
-7.71165
-7.71165
-7.71165
-7.71165
-7.71165
-7.71165
-7.71165
-7.71165
-7.71165
-7.71165
-7.71165
-7.71165
-7.71165
-7.71165
-7.71165
-7.71165
-7.71165
-7.71165
-7.71165
-7.71165
-7.71165
-7.71165
-7.71165
7.04972
8.45961
2.89096
5.39246
7.16845
9.88867
7.26561
4.72548
12.1157
11.1735
10.0288
7.73848
-9.18458
-9.62149
4.79584
10.3546
9.43463
2.9556
6.96716
7.22169
-8.42455
8.29022
-1.63862
-15.0662
-6.94646
-0.273898
-14.1772
-6.2055
-1.08463
-0.910813
4.53809
3.29274
-3.64579
-4.84635
-7.43073
-3.83014
-11.3645
-7.71165
-7.71165
-7.71165
-7.71165
-7.71165
-7.71165
-7.71165
-7.71165
-7.71165
-7.71165
-7.71165
-7.71165
-7.71165
-7.71165
-7.71165
-7.71165
-7.71165
-7.71165
-7.71165
-7.71165
-7.71165
-7.71165
-7.71165
-7.71165
-7.71165
-7.71165
-7.71165
-7.71165
-7.71165
-7.71165
-7.71165
-7.71165
-7.71165
-7.71165
-7.71165
-7.71165
-7.71165
-7.71165
-7.71165
-7.71165
-7.71165
-7.71165
-7.71165
-33.8817
-16.6091
-10.7506
-6.65142
-15.3232
-19.1683
-22.6696
-27.9302
-2.91146
-12.5436
-9.32112
-7.25345
-5.04532
-4.91204
-22.2778
-16.6744
-10.1731
-2.33712
-17.7065
-16.6034
-16.4068
-17.8772
-13.1917
-18.3083
-21.0279
-23.2397
-24.2398
-30.9535
-22.9232
-25.9944
-27.2809
-26.1102
-35.1565
-33.832
-28.6735
-25.7037
-29.4671
-7.71165
-7.71165
-7.71165
-7.71165
-7.71165
-7.71165
-7.71165
-7.71165
-7.71165
-7.71165
-7.71165
-7.71165
-7.71165
-7.71165
-7.71165
-7.71165
-7.71165
-7.71165
-7.71165
-7.71165
-7.71165
-7.71165
-7.71165
-7.71165
-7.71165
-7.71165
-7.71165
-7.71165
-7.71165
-7.71165
-7.71165
-7.71165
-7.71165
-7.71165
-7.71165
-7.71165
-7.71165
-7.71165
-7.71165
-7.71165
-7.71165
-7.71165
-7.71165
27.0453
32.4572
33.0786
31.2533
20.9543
39.9522
40.3551
39.73
43.0806
48.4348
47.1808
33.2251
30.494
26.6156
29.3957
29.2969
31.4145
36.9192
31.3511
32.2546
19.3639
26.0813
17.0387
8.08005
19.9366
16.9851
13.4953
11.8187
14.4644
35.7449
32.381
31.756
36.9161
29.6371
28.0424
26.8324
28.6043
-7.71165
-7.71165
-7.71165
-7.71165
-7.71165
-7.71165
-7.71165
-7.71165
-7.71165
-7.71165
-7.71165
-7.71165
-7.71165
-7.71165
-7.71165
-7.71165
-7.71165
-7.71165
-7.71165
-7.71165
-7.71165
-7.71165
-7.71165
-7.71165
-7.71165
-7.71165
-7.71165
-7.71165
-7.71165
-7.71165
-7.71165
-7.71165
-7.71165
-7.71165
-7.71165
-7.71165
-7.71165
-7.71165
-7.71165
-7.71165
-7.71165
-7.71165
-7.71165
19.9313
6.44918
0.369101
15.2941
16.6909
20.3808
10.6852
20.1993
23.3496
26.8166
35.3718
33.8565
50.0342
58.9442
57.8585
56.0047
48.09
47.6015
47.1593
58.4759
42.6685
49.0735
67.2724
62.2616
59
58.9787
56.3511
57.3955
41.2357
41.2129
36.2757
22.2057
18.7727
15.0072
23.7189
14.6224
14.2896
-7.71165
-7.71165
-7.71165
-7.71165
-7.71165
-7.71165
-7.71165
-7.71165
-7.71165
-7.71165
-7.71165
-7.71165
-7.71165
-7.71165
-7.71165
-7.71165
-7.71165
-7.71165
-7.71165
-7.71165
-7.71165
-7.71165
-7.71165
-7.71165
-7.71165
-7.71165
-7.71165
-7.71165
-7.71165
-7.71165
-7.71165
-7.71165
-7.71165
-7.71165
-7.71165
-7.71165
-7.71165
-7.71165
-7.71165
-7.71165
-7.71165
-7.71165
-7.71165
12.495
11.4042
4.78139
5.61898
4.00321
7.07961
12.8306
10.4434
11.0802
10.6158
8.9989
8.01403
-7.98639
-8.32811
0.18465
11.8726
6.0983
1.59272
7.75749
6.37911
-7.32036
2.4328
-3.10495
-11.7239
-8.08111
-2.11528
-10.0755
-6.52039
-0.514306
-2.25059
4.07545
-0.259349
-9.30829
-4.55082
-10.2672
-10.9556
-9.15998
-7.71165
-7.71165
-7.71165
-7.71165
-7.71165
-7.71165
-7.71165
-7.71165
-7.71165
-7.71165
-7.71165
-7.71165
-7.71165
-7.71165
-7.71165
-7.71165
-7.71165
-7.71165
-7.71165
-7.71165
-7.71165
-7.71165
-7.71165
-7.71165
-7.71165
-7.71165
-7.71165
-7.71165
-7.71165
-7.71165
-7.71165
-7.71165
-7.71165
-7.71165
-7.71165
-7.71165
-7.71165
-7.71165
-7.71165
-7.71165
-7.71165
-7.71165
-7.71165
-37.915
-13.1146
-7.45468
-6.39528
-16.1404
-21.1415
-21.9742
-23.7148
-2.52088
-11.1388
-9.40304
-9.20895
-9.3886
-10.1426
-29.623
-17.6224
-7.72145
0.396229
-20.4369
-21.1005
-20.8656
-18.2097
-14.7721
-19.3949
-27.4888
-29.8454
-28.9533
-31.1029
-21.7538
-27.3906
-28.641
-24.4752
-37.347
-32.1173
-27.406
-25.567
-27.8646
-7.71165
-7.71165
-7.71165
-7.71165
-7.71165
-7.71165
-7.71165
-7.71165
-7.71165
-7.71165
-7.71165
-7.71165
-7.71165
-7.71165
-7.71165
-7.71165
-7.71165
-7.71165
-7.71165
-7.71165
-7.71165
-7.71165
-7.71165
-7.71165
-7.71165
-7.71165
-7.71165
-7.71165
-7.71165
-7.71165
-7.71165
-7.71165
-7.71165
-7.71165
-7.71165
-7.71165
-7.71165
-7.71165
-7.71165
-7.71165
-7.71165
-7.71165
-7.71165
34.1673
36.7283
32.9131
29.2784
23.7316
41.0439
36.406
32.2003
40.1295
48.4713
44.7433
33.9621
35.4207
27.9508
31.5414
31.5381
35.5282
38.0569
31.5208
33.9872
20.0455
23.6948
18.0266
6.16512
23.3699
18.189
15.325
10.6549
15.5579
31.6966
33.2615
29.2773
34.9944
29.063
27.8167
21.5867
24.5748
-7.71165
-7.71165
-7.71165
-7.71165
-7.71165
-7.71165
-7.71165
-7.71165
-7.71165
-7.71165
-7.71165
-7.71165
-7.71165
-7.71165
-7.71165
-7.71165
-7.71165
-7.71165
-7.71165
-7.71165
-7.71165
-7.71165
-7.71165
-7.71165
-7.71165
-7.71165
-7.71165
-7.71165
-7.71165
-7.71165
-7.71165
-7.71165
-7.71165
-7.71165
-7.71165
-7.71165
-7.71165
-7.71165
-7.71165
-7.71165
-7.71165
-7.71165
-7.71165
14.8948
6.78317
4.50835
18.9071
17.3858
22.7029
8.41997
21.4676
16.6088
19.514
32.0652
31.5762
41.5518
53.5644
51.8376
52.4563
42.9505
45.4241
39.8127
50.8471
34.3516
38.0317
59.1838
52.663
51.9821
49.2686
50.5123
48.5762
30.3142
33.4244
29.1357
21.8596
13.2681
10.448
18.9262
10.9818
5.64375
-7.71165
-7.71165
-7.71165
-7.71165
-7.71165
-7.71165
-7.71165
-7.71165
-7.71165
-7.71165
-7.71165
-7.71165
-7.71165
-7.71165
-7.71165
-7.71165
-7.71165
-7.71165
-7.71165
-7.71165
-7.71165
-7.71165
-7.71165
-7.71165
-7.71165
-7.71165
-7.71165
-7.71165
-7.71165
-7.71165
-7.71165
-7.71165
-7.71165
-7.71165
-7.71165
-7.71165
-7.71165
-7.71165
-7.71165
-7.71165
-7.71165
-7.71165
-7.71165
14.9951
13.0252
7.34328
5.63349
3.01467
1.73604
14.6592
14.9124
10.8145
8.36083
5.80877
7.11806
-4.39452
-6.79591
-4.45786
11.5887
2.71093
-0.058081
7.19693
4.4661
-2.97954
-3.21466
-0.278099
-6.52641
-5.99564
-4.56194
-5.97543
-2.74298
-1.28623
-3.8373
1.54184
-1.27024
-13.3787
-1.65668
-9.23139
-15.1585
-7.57655
-7.71165
-7.71165
-7.71165
-7.71165
-7.71165
-7.71165
-7.71165
-7.71165
-7.71165
-7.71165
-7.71165
-7.71165
-7.71165
-7.71165
-7.71165
-7.71165
-7.71165
-7.71165
-7.71165
-7.71165
-7.71165
-7.71165
-7.71165
-7.71165
-7.71165
-7.71165
-7.71165
-7.71165
-7.71165
-7.71165
-7.71165
-7.71165
-7.71165
-7.71165
-7.71165
-7.71165
-7.71165
-7.71165
-7.71165
-7.71165
-7.71165
-7.71165
-7.71165
-26.0264
-11.2157
-5.38911
-6.95074
-12.7641
-24.6694
-19.2976
-18.7831
-3.83692
-9.32845
-13.3711
-12.0988
-15.0312
-15.2563
-27.9964
-15.6762
-3.7676
0.36493
-20.3086
-26.4271
-20.9445
-16.5978
-19.3154
-19.2164
-29.2092
-33.2469
-32.8257
-27.8905
-22.1005
-30.5916
-30.2451
-25.6163
-41.4975
-30.9883
-27.3596
-27.4329
-28.9652
-7.71165
-7.71165
-7.71165
-7.71165
-7.71165
-7.71165
-7.71165
-7.71165
-7.71165
-7.71165
-7.71165
-7.71165
-7.71165
-7.71165
-7.71165
-7.71165
-7.71165
-7.71165
-7.71165
-7.71165
-7.71165
-7.71165
-7.71165
-7.71165
-7.71165
-7.71165
-7.71165
-7.71165
-7.71165
-7.71165
-7.71165
-7.71165
-7.71165
-7.71165
-7.71165
-7.71165
-7.71165
-7.71165
-7.71165
-7.71165
-7.71165
-7.71165
-7.71165
42.5944
38.3471
33.1611
28.3122
23.4416
40.1861
31.804
25.361
33.8686
46.6697
42.2813
35.5477
37.4992
26.4872
31.397
30.5769
36.7766
37.2783
36.9703
35.7684
18.4262
19.137
17.5811
12.3543
25.5445
19.9995
19.3967
14.5473
18.6206
26.5839
32.4866
28.0619
34.5185
29.1599
30.2608
22.7593
24.2952
-7.71165
-7.71165
-7.71165
-7.71165
-7.71165
-7.71165
-7.71165
-7.71165
-7.71165
-7.71165
-7.71165
-7.71165
-7.71165
-7.71165
-7.71165
-7.71165
-7.71165
-7.71165
-7.71165
-7.71165
-7.71165
-7.71165
-7.71165
-7.71165
-7.71165
-7.71165
-7.71165
-7.71165
-7.71165
-7.71165
-7.71165
-7.71165
-7.71165
-7.71165
-7.71165
-7.71165
-7.71165
-7.71165
-7.71165
-7.71165
-7.71165
-7.71165
-7.71165
11.5439
9.11995
7.99783
20.2849
17.2653
22.5744
9.43106
19.3952
11.8855
12.5792
24.0145
24.6654
30.5719
43.4488
39.5584
45.765
38.4793
40.1465
34.3144
41.9897
30.46
31.3678
50.5943
45.1608
45.6599
39.5648
41.7342
38.1057
22.2423
23.338
21.0008
21.1954
9.02881
6.85052
11.4024
8.01623
-0.125095
-7.71165
-7.71165
-7.71165
-7.71165
-7.71165
-7.71165
-7.71165
-7.71165
-7.71165
-7.71165
-7.71165
-7.71165
-7.71165
-7.71165
-7.71165
-7.71165
-7.71165
-7.71165
-7.71165
-7.71165
-7.71165
-7.71165
-7.71165
-7.71165
-7.71165
-7.71165
-7.71165
-7.71165
-7.71165
-7.71165
-7.71165
-7.71165
-7.71165
-7.71165
-7.71165
-7.71165
-7.71165
-7.71165
-7.71165
-7.71165
-7.71165
-7.71165
-7.71165
13.76
11.8894
10.583
8.781
5.23891
-2.59988
12.5113
15.209
7.00505
3.6389
4.96309
3.67437
-0.981621
-7.82243
-6.26066
8.53378
0.164172
-1.75305
6.82224
3.81491
1.74384
-3.88093
3.16845
-2.87621
-4.15811
-4.70082
-2.25616
1.12342
-4.63815
-7.59164
-2.17325
1.80582
-9.37019
0.818649
-5.33938
-12.4655
-7.19237
-7.71165
-7.71165
-7.71165
-7.71165
-7.71165
-7.71165
-7.71165
-7.71165
-7.71165
-7.71165
-7.71165
-7.71165
-7.71165
-7.71165
-7.71165
-7.71165
-7.71165
-7.71165
-7.71165
-7.71165
-7.71165
-7.71165
-7.71165
-7.71165
-7.71165
-7.71165
-7.71165
-7.71165
-7.71165
-7.71165
-7.71165
-7.71165
-7.71165
-7.71165
-7.71165
-7.71165
-7.71165
-7.71165
-7.71165
-7.71165
-7.71165
-7.71165
-7.71165
-16.7497
-9.00408
-5.73439
-8.92962
-12.2924
-27.4564
-17.6206
-17.5703
-7.22355
-7.91543
-18.7597
-15.5274
-19.8141
-16.5135
-25.6328
-14.2089
-3.12642
-2.76521
-18.0703
-25.3544
-17.0621
-16.2358
-25.6009
-19.7248
-28.1816
-29.2644
-29.4234
-25.5318
-24.1817
-33.7057
-31.8749
-28.9437
-45.2675
-30.7789
-29.358
-30.7715
-31.2645
-7.71165
-7.71165
-7.71165
-7.71165
-7.71165
-7.71165
-7.71165
-7.71165
-7.71165
-7.71165
-7.71165
-7.71165
-7.71165
-7.71165
-7.71165
-7.71165
-7.71165
-7.71165
-7.71165
-7.71165
-7.71165
-7.71165
-7.71165
-7.71165
-7.71165
-7.71165
-7.71165
-7.71165
-7.71165
-7.71165
-7.71165
-7.71165
-7.71165
-7.71165
-7.71165
-7.71165
-7.71165
-7.71165
-7.71165
-7.71165
-7.71165
-7.71165
-7.71165
48.1745
40.3489
30.972
28.1511
21.3188
37.3631
31.4528
30.1018
30.8363
43.2018
39.963
37.6186
36.8257
25.3902
28.1055
26.7257
34.0734
34.7606
41.1939
35.9059
15.9898
16.6389
16.2389
16.7608
24.7204
20.5068
22.8779
18.5877
20.3753
23.095
29.2131
26.2939
34.9839
29.6821
32.8571
27.4597
27.1754
-7.71165
-7.71165
-7.71165
-7.71165
-7.71165
-7.71165
-7.71165
-7.71165
-7.71165
-7.71165
-7.71165
-7.71165
-7.71165
-7.71165
-7.71165
-7.71165
-7.71165
-7.71165
-7.71165
-7.71165
-7.71165
-7.71165
-7.71165
-7.71165
-7.71165
-7.71165
-7.71165
-7.71165
-7.71165
-7.71165
-7.71165
-7.71165
-7.71165
-7.71165
-7.71165
-7.71165
-7.71165
-7.71165
-7.71165
-7.71165
-7.71165
-7.71165
-7.71165
10.5709
9.04615
9.24157
19.1161
13.4341
19.8853
8.73538
13.9646
7.15342
7.35059
10.9917
15.1279
22.4251
30.69
25.0069
38.3685
33.9519
32.3453
28.7528
31.2112
25.7105
26.1958
42.9959
39.6119
38.3684
32.5843
32.9091
29.3662
18.6482
15.6423
18.1694
19.4389
7.27204
6.63127
5.55894
9.55664
3.91049
-7.71165
-7.71165
-7.71165
-7.71165
-7.71165
-7.71165
-7.71165
-7.71165
-7.71165
-7.71165
-7.71165
-7.71165
-7.71165
-7.71165
-7.71165
-7.71165
-7.71165
-7.71165
-7.71165
-7.71165
-7.71165
-7.71165
-7.71165
-7.71165
-7.71165
-7.71165
-7.71165
-7.71165
-7.71165
-7.71165
-7.71165
-7.71165
-7.71165
-7.71165
-7.71165
-7.71165
-7.71165
-7.71165
-7.71165
-7.71165
-7.71165
-7.71165
-7.71165
8.27156
9.23199
12.9024
10.3644
5.71744
-5.16963
6.10089
11.3918
-1.1588
1.55473
5.39727
-1.69794
0.0172621
-11.6702
-7.7788
2.65428
-1.96172
-4.92903
5.68365
4.34577
5.49931
-3.59194
4.85987
-2.2666
-5.22169
-3.37724
-0.235706
2.75458
-5.03248
-11.3434
-6.87127
4.33407
-4.10711
0.426928
-3.2072
-8.6445
-6.97319
-7.71165
-7.71165
-7.71165
-7.71165
-7.71165
-7.71165
-7.71165
-7.71165
-7.71165
-7.71165
-7.71165
-7.71165
-7.71165
-7.71165
-7.71165
-7.71165
-7.71165
-7.71165
-7.71165
-7.71165
-7.71165
-7.71165
-7.71165
-7.71165
-7.71165
-7.71165
-7.71165
-7.71165
-7.71165
-7.71165
-7.71165
-7.71165
-7.71165
-7.71165
-7.71165
-7.71165
-7.71165
-7.71165
-7.71165
-7.71165
-7.71165
-7.71165
-7.71165
-13.0609
-7.52933
-7.97578
-11.9236
-14.5088
-20.8231
-17.3912
-21.531
-10.998
-6.70149
-19.3465
-17.4909
-21.9717
-16.9985
-23.0048
-15.1145
-6.86582
-8.46807
-16.641
-24.2142
-14.3143
-15.467
-26.6222
-20.6727
-27.2191
-26.3458
-26.0244
-24.8392
-26.7282
-34.3812
-32.866
-32.6727
-45.0178
-30.2654
-33.4547
-33.5174
-32.3291
-7.71165
-7.71165
-7.71165
-7.71165
-7.71165
-7.71165
-7.71165
-7.71165
-7.71165
-7.71165
-7.71165
-7.71165
-7.71165
-7.71165
-7.71165
-7.71165
-7.71165
-7.71165
-7.71165
-7.71165
-7.71165
-7.71165
-7.71165
-7.71165
-7.71165
-7.71165
-7.71165
-7.71165
-7.71165
-7.71165
-7.71165
-7.71165
-7.71165
-7.71165
-7.71165
-7.71165
-7.71165
-7.71165
-7.71165
-7.71165
-7.71165
-7.71165
-7.71165
48.6829
43.398
31.7719
28.3052
26.4066
32.2554
29.4657
33.55
32.6641
36.832
35.5903
40.3319
35.6639
29.137
22.6064
23.0549
27.6486
31.533
41.9659
32.8502
17.4868
18.1252
15.1443
18.9722
21.9167
18.2416
23.4399
22.4742
21.1803
19.8664
23.1356
22.6835
34.2972
29.132
33.0547
30.1529
28.2269
-7.71165
-7.71165
-7.71165
-7.71165
-7.71165
-7.71165
-7.71165
-7.71165
-7.71165
-7.71165
-7.71165
-7.71165
-7.71165
-7.71165
-7.71165
-7.71165
-7.71165
-7.71165
-7.71165
-7.71165
-7.71165
-7.71165
-7.71165
-7.71165
-7.71165
-7.71165
-7.71165
-7.71165
-7.71165
-7.71165
-7.71165
-7.71165
-7.71165
-7.71165
-7.71165
-7.71165
-7.71165
-7.71165
-7.71165
-7.71165
-7.71165
-7.71165
-7.71165
10.2609
4.8986
7.86231
14.7239
4.1843
15.8721
10.2718
12.5312
7.43459
8.50439
5.13404
4.90384
23.1736
24.5464
20.834
30.5785
26.8704
25.3221
21.6721
17.9129
20.0183
19.3577
34.4459
34.2626
28.3353
22.2018
24.7806
20.0418
12.9366
12.28
16.5067
15.7368
6.58388
7.20907
3.32726
12.2459
8.22569
-7.71165
-7.71165
-7.71165
-7.71165
-7.71165
-7.71165
-7.71165
-7.71165
-7.71165
-7.71165
-7.71165
-7.71165
-7.71165
-7.71165
-7.71165
-7.71165
-7.71165
-7.71165
-7.71165
-7.71165
-7.71165
-7.71165
-7.71165
-7.71165
-7.71165
-7.71165
-7.71165
-7.71165
-7.71165
-7.71165
-7.71165
-7.71165
-7.71165
-7.71165
-7.71165
-7.71165
-7.71165
-7.71165
-7.71165
-7.71165
-7.71165
-7.71165
-7.71165
0.213006
7.02804
12.3523
7.5005
2.73322
-8.84402
-3.79476
5.32226
-7.71635
2.49891
3.769
-6.18267
-0.391779
-14.2423
-7.40492
-1.55046
-4.17887
-9.36389
1.94012
3.90604
6.55253
-4.13969
3.56921
-4.14655
-7.38895
-4.1388
-1.21695
1.50167
-0.970436
-8.50013
-9.82761
4.53686
-2.60489
-2.88624
-2.60794
-6.97015
-8.16473
-7.71165
-7.71165
-7.71165
-7.71165
-7.71165
-7.71165
-7.71165
-7.71165
-7.71165
-7.71165
-7.71165
-7.71165
-7.71165
-7.71165
-7.71165
-7.71165
-7.71165
-7.71165
-7.71165
-7.71165
-7.71165
-7.71165
-7.71165
-7.71165
-7.71165
-7.71165
-7.71165
-7.71165
-7.71165
-7.71165
-7.71165
-7.71165
-7.71165
-7.71165
-7.71165
-7.71165
-7.71165
-7.71165
-7.71165
-7.71165
-7.71165
-7.71165
-7.71165
-13.3155
-8.73303
-12.5806
-15.1661
-13.3052
-12.3557
-18.4095
-29.509
-13.34
-5.37821
-18.2617
-18.9435
-19.9084
-18.2529
-18.7256
-18.1128
-13.25
-12.8517
-16.3558
-25.1848
-13.8008
-12.7572
-22.4608
-21.2864
-26.8457
-27.5561
-25.5561
-25.5467
-29.5996
-30.0901
-33.3007
-38.0418
-41.1749
-30.0095
-35.9687
-35.3504
-33.1727
-7.71165
-7.71165
-7.71165
-7.71165
-7.71165
-7.71165
-7.71165
-7.71165
-7.71165
-7.71165
-7.71165
-7.71165
-7.71165
-7.71165
-7.71165
-7.71165
-7.71165
-7.71165
-7.71165
-7.71165
-7.71165
-7.71165
-7.71165
-7.71165
-7.71165
-7.71165
-7.71165
-7.71165
-7.71165
-7.71165
-7.71165
-7.71165
-7.71165
-7.71165
-7.71165
-7.71165
-7.71165
-7.71165
-7.71165
-7.71165
-7.71165
-7.71165
-7.71165
44.1686
44.2235
35.8688
28.7881
33.0738
27.087
23.3825
32.8687
32.4663
27.8845
29.7772
42.1633
36.7119
33.1614
17.7488
24.2556
23.266
29.7001
39.0717
26.0573
20.1437
18.5882
14.3883
20.768
20.1791
12.5675
21.6834
26.3731
21.172
14.0986
18.3378
20.7003
32.8496
28.4618
31.6972
31.1598
27.6322
-7.71165
-7.71165
-7.71165
-7.71165
-7.71165
-7.71165
-7.71165
-7.71165
-7.71165
-7.71165
-7.71165
-7.71165
-7.71165
-7.71165
-7.71165
-7.71165
-7.71165
-7.71165
-7.71165
-7.71165
-7.71165
-7.71165
-7.71165
-7.71165
-7.71165
-7.71165
-7.71165
-7.71165
-7.71165
-7.71165
-7.71165
-7.71165
-7.71165
-7.71165
-7.71165
-7.71165
-7.71165
-7.71165
-7.71165
-7.71165
-7.71165
-7.71165
-7.71165
9.31537
-2.22838
2.7508
8.51675
-6.30823
12.0999
13.4811
17.0659
12.6446
9.95199
7.32306
9.20955
25.7821
25.2686
19.0242
22.9154
18.6056
19.3829
14.8787
4.99059
11.9349
12.0922
23.5139
28.7642
17.0476
9.92231
15.911
10.7948
7.6081
9.91998
13.6287
9.67756
6.71664
6.87515
4.58896
12.9489
9.08837
-7.71165
-7.71165
-7.71165
-7.71165
-7.71165
-7.71165
-7.71165
-7.71165
-7.71165
-7.71165
-7.71165
-7.71165
-7.71165
-7.71165
-7.71165
-7.71165
-7.71165
-7.71165
-7.71165
-7.71165
-7.71165
-7.71165
-7.71165
-7.71165
-7.71165
-7.71165
-7.71165
-7.71165
-7.71165
-7.71165
-7.71165
-7.71165
-7.71165
-7.71165
-7.71165
-7.71165
-7.71165
-7.71165
-7.71165
-7.71165
-7.71165
-7.71165
-7.71165
-0.849809
6.75809
8.21202
-0.283415
-3.15033
-9.90141
-10.2644
-0.0551783
-7.6533
1.62136
0.7629
-6.60564
-0.0169234
-6.93157
-5.52825
-1.16405
-2.52535
-5.46747
-1.17465
2.36684
4.25826
-6.35555
-0.781177
-5.86975
-7.60177
-7.28194
-5.64857
-2.09666
1.15898
-3.13187
-10.2464
2.61792
-5.31284
-6.23102
-1.91477
-7.81766
-10.7753
-7.71165
-7.71165
-7.71165
-7.71165
-7.71165
-7.71165
-7.71165
-7.71165
-7.71165
-7.71165
-7.71165
-7.71165
-7.71165
-7.71165
-7.71165
-7.71165
-7.71165
-7.71165
-7.71165
-7.71165
-7.71165
-7.71165
-7.71165
-7.71165
-7.71165
-7.71165
-7.71165
-7.71165
-7.71165
-7.71165
-7.71165
-7.71165
-7.71165
-7.71165
-7.71165
-7.71165
-7.71165
-7.71165
-7.71165
-7.71165
-7.71165
-7.71165
-7.71165
-16.1721
-13.3628
-19.0736
-20.059
-6.76842
-7.81713
-19.9722
-24.4724
-12.9663
-6.10046
-17.0641
-20.9022
-15.5826
-17.5998
-14.689
-20.8905
-13.3741
-14.454
-15.7003
-23.1594
-15.2587
-9.61362
-16.8134
-22.3377
-26.6442
-31.5361
-27.1672
-27.7117
-31.9464
-26.0225
-31.0273
-41.1157
-38.4575
-29.713
-33.9573
-35.966
-36.2873
-7.71165
-7.71165
-7.71165
-7.71165
-7.71165
-7.71165
-7.71165
-7.71165
-7.71165
-7.71165
-7.71165
-7.71165
-7.71165
-7.71165
-7.71165
-7.71165
-7.71165
-7.71165
-7.71165
-7.71165
-7.71165
-7.71165
-7.71165
-7.71165
-7.71165
-7.71165
-7.71165
-7.71165
-7.71165
-7.71165
-7.71165
-7.71165
-7.71165
-7.71165
-7.71165
-7.71165
-7.71165
-7.71165
-7.71165
-7.71165
-7.71165
-7.71165
-7.71165
35.2482
41.1416
38.9823
29.7331
35.7344
27.1179
24.1416
32.4767
28.5541
19.9713
27.3216
41.9597
37.2788
34.4899
15.3653
27.0908
28.7442
29.6013
33.2299
19.6658
19.7418
17.9423
14.31
22.0128
22.0271
8.14087
19.1051
29.0289
19.8048
8.07152
20.0761
23.2276
32.8846
29.4741
31.6348
32.7858
28.8681
-7.71165
-7.71165
-7.71165
-7.71165
-7.71165
-7.71165
-7.71165
-7.71165
-7.71165
-7.71165
-7.71165
-7.71165
-7.71165
-7.71165
-7.71165
-7.71165
-7.71165
-7.71165
-7.71165
-7.71165
-7.71165
-7.71165
-7.71165
-7.71165
-7.71165
-7.71165
-7.71165
-7.71165
-7.71165
-7.71165
-7.71165
-7.71165
-7.71165
-7.71165
-7.71165
-7.71165
-7.71165
-7.71165
-7.71165
-7.71165
-7.71165
-7.71165
-7.71165
5.71501
-7.95373
-2.36875
3.30003
-2.84317
9.43504
12.176
19.4468
15.2912
7.36496
6.19125
12.589
25.2063
23.6455
17.5526
17.5104
13.583
13.6101
9.29284
3.04071
2.8146
7.84758
12.4633
22.1296
8.64163
4.60888
5.88012
2.70459
3.57592
5.39299
7.71928
4.6572
6.12269
6.40682
8.23298
11.8531
5.88672
-7.71165
-7.71165
-7.71165
-7.71165
-7.71165
-7.71165
-7.71165
-7.71165
-7.71165
-7.71165
-7.71165
-7.71165
-7.71165
-7.71165
-7.71165
-7.71165
-7.71165
-7.71165
-7.71165
-7.71165
-7.71165
-7.71165
-7.71165
-7.71165
-7.71165
-7.71165
-7.71165
-7.71165
-7.71165
-7.71165
-7.71165
-7.71165
-7.71165
-7.71165
-7.71165
-7.71165
-7.71165
-7.71165
-7.71165
-7.71165
-7.71165
-7.71165
-7.71165
0.918197
7.88513
2.99975
-10.2539
-8.90547
-9.58349
-13.4647
-3.94416
-9.20005
-3.24697
-1.39285
-3.01528
1.98941
0.935559
-5.05127
-1.68453
1.04579
3.87833
1.87788
0.578038
-1.2377
-11.5566
-5.57972
-4.82636
-6.56184
-12.0364
-11.5937
-5.6489
0.547804
0.306322
-7.32899
-1.0329
-10.9042
-5.96851
-1.97558
-9.85855
-13.9051
-7.71165
-7.71165
-7.71165
-7.71165
-7.71165
-7.71165
-7.71165
-7.71165
-7.71165
-7.71165
-7.71165
-7.71165
-7.71165
-7.71165
-7.71165
-7.71165
-7.71165
-7.71165
-7.71165
-7.71165
-7.71165
-7.71165
-7.71165
-7.71165
-7.71165
-7.71165
-7.71165
-7.71165
-7.71165
-7.71165
-7.71165
-7.71165
-7.71165
-7.71165
-7.71165
-7.71165
-7.71165
-7.71165
-7.71165
-7.71165
-7.71165
-7.71165
-7.71165
-21.3019
-16.3421
-21.2777
-26.4731
-1.7506
-5.68702
-18.19
-15.9556
-13.2943
-9.51244
-13.6293
-19.7288
-12.2293
-14.2113
-13.4533
-21.3891
-9.10651
-14.9071
-14.9799
-18.1737
-18.9028
-7.12606
-12.3486
-22.574
-26.4393
-35.9933
-27.3679
-31.6196
-35.6948
-23.5591
-28.4071
-42.2083
-37.3635
-30.5167
-33.1839
-35.3172
-41.7885
-7.71165
-7.71165
-7.71165
-7.71165
-7.71165
-7.71165
-7.71165
-7.71165
-7.71165
-7.71165
-7.71165
-7.71165
-7.71165
-7.71165
-7.71165
-7.71165
-7.71165
-7.71165
-7.71165
-7.71165
-7.71165
-7.71165
-7.71165
-7.71165
-7.71165
-7.71165
-7.71165
-7.71165
-7.71165
-7.71165
-7.71165
-7.71165
-7.71165
-7.71165
-7.71165
-7.71165
-7.71165
-7.71165
-7.71165
-7.71165
-7.71165
-7.71165
-7.71165
31.0682
36.2239
39.9441
30.7202
34.1256
29.3325
30.2097
37.8177
25.521
16.8305
31.1295
38.6999
35.1126
32.7974
16.0382
29.4504
34.2469
29.0514
27.9034
19.9399
16.4747
19.07
15.2375
21.6153
24.1769
9.51587
18.3113
29.6315
17.9794
8.24783
23.8614
26.5407
34.3241
31.5433
32.5476
34.7568
30.657
-7.71165
-7.71165
-7.71165
-7.71165
-7.71165
-7.71165
-7.71165
-7.71165
-7.71165
-7.71165
-7.71165
-7.71165
-7.71165
-7.71165
-7.71165
-7.71165
-7.71165
-7.71165
-7.71165
-7.71165
-7.71165
-7.71165
-7.71165
-7.71165
-7.71165
-7.71165
-7.71165
-7.71165
-7.71165
-7.71165
-7.71165
-7.71165
-7.71165
-7.71165
-7.71165
-7.71165
-7.71165
-7.71165
-7.71165
-7.71165
-7.71165
-7.71165
-7.71165
-0.925501
-11.3026
-3.9161
1.12722
4.18745
8.10706
5.3133
18.1334
13.6379
-0.605106
0.858212
12.2274
20.2588
18.3786
12.6121
12.6431
11.2798
7.49085
7.2341
2.81869
-4.33072
1.90786
4.49809
12.5041
3.79288
6.12744
1.24523
-2.16145
1.41568
0.106208
1.55874
2.80532
4.46088
6.74327
11.7475
10.4862
-0.35716
-7.71165
-7.71165
-7.71165
-7.71165
-7.71165
-7.71165
-7.71165
-7.71165
-7.71165
-7.71165
-7.71165
-7.71165
-7.71165
-7.71165
-7.71165
-7.71165
-7.71165
-7.71165
-7.71165
-7.71165
-7.71165
-7.71165
-7.71165
-7.71165
-7.71165
-7.71165
-7.71165
-7.71165
-7.71165
-7.71165
-7.71165
-7.71165
-7.71165
-7.71165
-7.71165
-7.71165
-7.71165
-7.71165
-7.71165
-7.71165
-7.71165
-7.71165
-7.71165
-0.197415
10.3491
0.273572
-15.7881
-10.8557
-10.4907
-18.0898
-7.38263
-9.21846
-12.5922
-3.40993
1.02436
2.60425
4.99393
-3.96649
-3.67143
1.92577
8.35547
4.85561
-0.986048
-7.18625
-20.564
-5.41151
-2.42261
-7.26848
-15.0966
-15.0187
-4.19951
-0.90736
1.13907
-4.33024
-4.51858
-13.1242
-5.24439
-4.137
-10.3185
-12.9168
-7.71165
-7.71165
-7.71165
-7.71165
-7.71165
-7.71165
-7.71165
-7.71165
-7.71165
-7.71165
-7.71165
-7.71165
-7.71165
-7.71165
-7.71165
-7.71165
-7.71165
-7.71165
-7.71165
-7.71165
-7.71165
-7.71165
-7.71165
-7.71165
-7.71165
-7.71165
-7.71165
-7.71165
-7.71165
-7.71165
-7.71165
-7.71165
-7.71165
-7.71165
-7.71165
-7.71165
-7.71165
-7.71165
-7.71165
-7.71165
-7.71165
-7.71165
-7.71165
-23.8309
-12.488
-17.0711
-31.3579
0.250058
-3.68466
-17.4894
-11.6339
-16.5809
-11.86
-10.6985
-14.3423
-8.62739
-12.6172
-13.7605
-18.7668
-7.46752
-12.5362
-15.0133
-16.0017
-22.3039
-6.45734
-9.71079
-21.5846
-27.7648
-35.6733
-24.8573
-35.3004
-39.5568
-23.8698
-26.2012
-34.78
-38.0754
-31.5751
-32.2935
-33.5075
-41.9669
-7.71165
-7.71165
-7.71165
-7.71165
-7.71165
-7.71165
-7.71165
-7.71165
-7.71165
-7.71165
-7.71165
-7.71165
-7.71165
-7.71165
-7.71165
-7.71165
-7.71165
-7.71165
-7.71165
-7.71165
-7.71165
-7.71165
-7.71165
-7.71165
-7.71165
-7.71165
-7.71165
-7.71165
-7.71165
-7.71165
-7.71165
-7.71165
-7.71165
-7.71165
-7.71165
-7.71165
-7.71165
-7.71165
-7.71165
-7.71165
-7.71165
-7.71165
-7.71165
30.1688
35.3076
38.978
31.2272
29.4797
29.1645
32.0217
44.408
27.5655
17.7425
33.7146
35.7803
31.0495
28.7157
19.3852
29.2588
36.2744
27.2664
26.1813
20.1172
15.0201
22.2935
17.7689
19.2762
24.2693
10.0353
17.5653
29.0165
17.6657
10.7357
26.9418
28.1799
34.2389
33.3914
32.2771
34.8709
30.7165
-7.71165
-7.71165
-7.71165
-7.71165
-7.71165
-7.71165
-7.71165
-7.71165
-7.71165
-7.71165
-7.71165
-7.71165
-7.71165
-7.71165
-7.71165
-7.71165
-7.71165
-7.71165
-7.71165
-7.71165
-7.71165
-7.71165
-7.71165
-7.71165
-7.71165
-7.71165
-7.71165
-7.71165
-7.71165
-7.71165
-7.71165
-7.71165
-7.71165
-7.71165
-7.71165
-7.71165
-7.71165
-7.71165
-7.71165
-7.71165
-7.71165
-7.71165
-7.71165
1.02586
-6.08221
-2.55536
-0.483331
9.70571
6.49289
-4.88848
13.0827
9.14221
-11.8072
-9.06143
8.44469
11.6058
9.52761
3.48764
7.93599
10.3473
3.93063
5.73794
-0.382303
-7.45169
-1.05951
-2.43274
4.30464
1.34195
7.2633
3.51853
-1.88911
2.59138
0.771235
1.49386
2.25672
1.77045
6.82259
12.5446
9.17469
-4.95086
-7.71165
-7.71165
-7.71165
-7.71165
-7.71165
-7.71165
-7.71165
-7.71165
-7.71165
-7.71165
-7.71165
-7.71165
-7.71165
-7.71165
-7.71165
-7.71165
-7.71165
-7.71165
-7.71165
-7.71165
-7.71165
-7.71165
-7.71165
-7.71165
-7.71165
-7.71165
-7.71165
-7.71165
-7.71165
-7.71165
-7.71165
-7.71165
-7.71165
-7.71165
-7.71165
-7.71165
-7.71165
-7.71165
-7.71165
-7.71165
-7.71165
-7.71165
-7.71165
0.150944
10.4151
0.206893
-19.8212
-10.9027
-10.145
-15.2939
-8.11541
-3.60477
-18.2362
-7.66635
1.68402
1.06085
5.0936
-0.969168
-3.17964
-1.33516
8.32694
4.74786
-3.70237
-9.34643
-25.0287
-3.73521
-0.954648
-9.33679
-12.7956
-13.7464
-0.498955
-1.60738
-0.706812
-3.40391
-5.55826
-9.78931
-5.82568
-8.02843
-10.1399
-9.95567
-7.71165
-7.71165
-7.71165
-7.71165
-7.71165
-7.71165
-7.71165
-7.71165
-7.71165
-7.71165
-7.71165
-7.71165
-7.71165
-7.71165
-7.71165
-7.71165
-7.71165
-7.71165
-7.71165
-7.71165
-7.71165
-7.71165
-7.71165
-7.71165
-7.71165
-7.71165
-7.71165
-7.71165
-7.71165
-7.71165
-7.71165
-7.71165
-7.71165
-7.71165
-7.71165
-7.71165
-7.71165
-7.71165
-7.71165
-7.71165
-7.71165
-7.71165
-7.71165
-21.3277
-7.00404
-15.3535
-24.7225
-0.111305
-2.40382
-19.517
-11.4296
-22.3296
-12.3817
-9.35621
-11.1602
-4.97998
-13.4413
-13.9589
-17.8249
-9.52501
-11.0879
-14.902
-16.6696
-20.8376
-7.83374
-9.59756
-20.8338
-30.2391
-29.7059
-23.6684
-35.4579
-40.8948
-26.4407
-26.2274
-30.2211
-40.0603
-32.672
-31.5435
-33.9267
-40.5531
-7.71165
-7.71165
-7.71165
-7.71165
-7.71165
-7.71165
-7.71165
-7.71165
-7.71165
-7.71165
-7.71165
-7.71165
-7.71165
-7.71165
-7.71165
-7.71165
-7.71165
-7.71165
-7.71165
-7.71165
-7.71165
-7.71165
-7.71165
-7.71165
-7.71165
-7.71165
-7.71165
-7.71165
-7.71165
-7.71165
-7.71165
-7.71165
-7.71165
-7.71165
-7.71165
-7.71165
-7.71165
-7.71165
-7.71165
-7.71165
-7.71165
-7.71165
-7.71165
29.9995
35.4481
35.2584
34.1104
26.9409
27.0298
34.119
48.7294
33.0093
20.5451
33.0482
38.2848
28.7152
22.6484
24.4344
26.2791
34.9046
27.182
28.003
17.7165
19.596
24.899
19.591
16.6708
21.5152
7.92435
16.2307
28.7062
17.8215
13.748
28.2135
27.763
31.2383
34.3719
30.798
32.6831
29.6628
-7.71165
-7.71165
-7.71165
-7.71165
-7.71165
-7.71165
-7.71165
-7.71165
-7.71165
-7.71165
-7.71165
-7.71165
-7.71165
-7.71165
-7.71165
-7.71165
-7.71165
-7.71165
-7.71165
-7.71165
-7.71165
-7.71165
-7.71165
-7.71165
-7.71165
-7.71165
-7.71165
-7.71165
-7.71165
-7.71165
-7.71165
-7.71165
-7.71165
-7.71165
-7.71165
-7.71165
-7.71165
-7.71165
-7.71165
-7.71165
-7.71165
-7.71165
-7.71165
9.36788
0.396158
4.00072
3.31608
13.8016
4.5168
-7.95169
5.89994
5.43996
-12.7771
-10.2049
4.62282
4.63505
3.55947
-4.10798
7.88611
8.17808
2.73538
3.77585
-5.13763
-5.7752
3.10567
-4.2839
3.537
-0.386212
5.52796
4.27482
0.887924
3.98317
1.94051
2.8972
2.03837
-1.10649
6.42135
10.8563
7.15286
-5.69296
-7.71165
-7.71165
-7.71165
-7.71165
-7.71165
-7.71165
-7.71165
-7.71165
-7.71165
-7.71165
-7.71165
-7.71165
-7.71165
-7.71165
-7.71165
-7.71165
-7.71165
-7.71165
-7.71165
-7.71165
-7.71165
-7.71165
-7.71165
-7.71165
-7.71165
-7.71165
-7.71165
-7.71165
-7.71165
-7.71165
-7.71165
-7.71165
-7.71165
-7.71165
-7.71165
-7.71165
-7.71165
-7.71165
-7.71165
-7.71165
-7.71165
-7.71165
-7.71165
2.69596
6.51694
-1.49946
-17.8387
-6.13336
-7.38478
-9.68446
-8.96066
1.0886
-11.2158
-14.7603
-1.8673
-1.0663
1.39538
0.381098
-1.51001
-8.38974
4.671
2.93286
-7.94281
-10.9466
-19.419
-4.35721
-0.749563
-10.6719
-8.42456
-8.90907
1.77742
-2.38965
-4.88036
-4.84567
-3.11375
-5.89935
-7.32161
-11.6002
-11.276
-9.45641
-7.71165
-7.71165
-7.71165
-7.71165
-7.71165
-7.71165
-7.71165
-7.71165
-7.71165
-7.71165
-7.71165
-7.71165
-7.71165
-7.71165
-7.71165
-7.71165
-7.71165
-7.71165
-7.71165
-7.71165
-7.71165
-7.71165
-7.71165
-7.71165
-7.71165
-7.71165
-7.71165
-7.71165
-7.71165
-7.71165
-7.71165
-7.71165
-7.71165
-7.71165
-7.71165
-7.71165
-7.71165
-7.71165
-7.71165
-7.71165
-7.71165
-7.71165
-7.71165
-20.329
-3.17282
-15.8545
-16.1129
-2.57558
-3.30018
-22.7603
-15.309
-28.4513
-13.0886
-8.89426
-11.9267
-2.05836
-13.069
-11.7007
-16.8327
-15.5905
-12.8732
-14.578
-17.4565
-16.0271
-10.5176
-11.7185
-21.6543
-31.3077
-23.7591
-23.1392
-30.4988
-38.8881
-30.1398
-29.157
-29.2532
-42.1192
-33.8753
-32.3312
-36.6621
-41.7611
-7.71165
-7.71165
-7.71165
-7.71165
-7.71165
-7.71165
-7.71165
-7.71165
-7.71165
-7.71165
-7.71165
-7.71165
-7.71165
-7.71165
-7.71165
-7.71165
-7.71165
-7.71165
-7.71165
-7.71165
-7.71165
-7.71165
-7.71165
-7.71165
-7.71165
-7.71165
-7.71165
-7.71165
-7.71165
-7.71165
-7.71165
-7.71165
-7.71165
-7.71165
-7.71165
-7.71165
-7.71165
-7.71165
-7.71165
-7.71165
-7.71165
-7.71165
-7.71165
31.7599
33.0145
31.3783
36.4394
30.5238
25.3788
36.6592
50.3739
37.76
22.925
29.4305
41.477
27.4534
13.6316
29.5792
23.2382
31.3774
29.0606
30.6841
19.8118
25.5304
25.225
20.2635
16.284
16.5068
5.95196
18.425
29.5543
18.8056
18.3097
27.0736
25.9593
25.9443
33.8012
28.9673
30.0562
28.7993
-7.71165
-7.71165
-7.71165
-7.71165
-7.71165
-7.71165
-7.71165
-7.71165
-7.71165
-7.71165
-7.71165
-7.71165
-7.71165
-7.71165
-7.71165
-7.71165
-7.71165
-7.71165
-7.71165
-7.71165
-7.71165
-7.71165
-7.71165
-7.71165
-7.71165
-7.71165
-7.71165
-7.71165
-7.71165
-7.71165
-7.71165
-7.71165
-7.71165
-7.71165
-7.71165
-7.71165
-7.71165
-7.71165
-7.71165
-7.71165
-7.71165
-7.71165
-7.71165
13.0531
3.63534
9.00375
8.1843
15.9031
4.06427
-5.28372
2.61748
3.34662
-8.55735
-1.79648
1.85729
4.74457
3.49198
-1.66878
7.98294
3.31873
0.490967
3.56952
-4.96664
-4.70829
7.02301
-1.79322
3.58372
-0.691169
0.986547
4.46932
4.00375
3.90649
-0.0183901
1.89903
2.01913
-2.57642
7.72159
9.90987
3.82542
-6.18778
-7.71165
-7.71165
-7.71165
-7.71165
-7.71165
-7.71165
-7.71165
-7.71165
-7.71165
-7.71165
-7.71165
-7.71165
-7.71165
-7.71165
-7.71165
-7.71165
-7.71165
-7.71165
-7.71165
-7.71165
-7.71165
-7.71165
-7.71165
-7.71165
-7.71165
-7.71165
-7.71165
-7.71165
-7.71165
-7.71165
-7.71165
-7.71165
-7.71165
-7.71165
-7.71165
-7.71165
-7.71165
-7.71165
-7.71165
-7.71165
-7.71165
-7.71165
-7.71165
3.63963
-0.484272
-5.53531
-10.2598
-2.18541
-5.73387
-6.97953
-11.6881
3.30508
-8.397
-24.4047
-7.67103
-2.30123
-4.39641
-0.650684
-1.19007
-15.4171
-0.0406704
1.77315
-11.3697
-13.8525
-15.6066
-8.36216
-2.07797
-9.95809
-6.56645
-3.68259
1.58846
-3.36698
-10.0513
-6.77992
-0.0542899
-3.73815
-9.41113
-12.5177
-12.2023
-10.4997
-7.71165
-7.71165
-7.71165
-7.71165
-7.71165
-7.71165
-7.71165
-7.71165
-7.71165
-7.71165
-7.71165
-7.71165
-7.71165
-7.71165
-7.71165
-7.71165
-7.71165
-7.71165
-7.71165
-7.71165
-7.71165
-7.71165
-7.71165
-7.71165
-7.71165
-7.71165
-7.71165
-7.71165
-7.71165
-7.71165
-7.71165
-7.71165
-7.71165
-7.71165
-7.71165
-7.71165
-7.71165
-7.71165
-7.71165
-7.71165
-7.71165
-7.71165
-7.71165
-16.2338
-0.6307
-17.8548
-9.89223
-5.50503
-6.93954
-27.4958
-21.9134
-32.0508
-15.307
-9.21862
-15.714
-0.279135
-10.2071
-9.05689
-11.5693
-22.1203
-16.1626
-15.0616
-17.6576
-12.175
-13.1954
-15.2727
-23.0056
-30.316
-19.7257
-23.2147
-25.3735
-33.428
-32.8054
-35.3329
-30.9733
-40.0351
-35.5924
-34.5231
-40.1672
-45.8337
-7.71165
-7.71165
-7.71165
-7.71165
-7.71165
-7.71165
-7.71165
-7.71165
-7.71165
-7.71165
-7.71165
-7.71165
-7.71165
-7.71165
-7.71165
-7.71165
-7.71165
-7.71165
-7.71165
-7.71165
-7.71165
-7.71165
-7.71165
-7.71165
-7.71165
-7.71165
-7.71165
-7.71165
-7.71165
-7.71165
-7.71165
-7.71165
-7.71165
-7.71165
-7.71165
-7.71165
-7.71165
-7.71165
-7.71165
-7.71165
-7.71165
-7.71165
-7.71165
33.9814
29.6424
32.7934
34.851
34.2067
26.0385
37.1777
48.9086
39.151
25.6481
23.7888
42.7614
26.3508
10.2738
33.9593
23.4762
27.0986
28.8134
32.9368
25.4501
29.5665
23.3129
19.94
17.4063
11.5309
7.41106
23.6099
30.7979
22.4326
21.8249
24.177
23.8031
22.0137
31.367
27.4801
28.9626
27.2536
-7.71165
-7.71165
-7.71165
-7.71165
-7.71165
-7.71165
-7.71165
-7.71165
-7.71165
-7.71165
-7.71165
-7.71165
-7.71165
-7.71165
-7.71165
-7.71165
-7.71165
-7.71165
-7.71165
-7.71165
-7.71165
-7.71165
-7.71165
-7.71165
-7.71165
-7.71165
-7.71165
-7.71165
-7.71165
-7.71165
-7.71165
-7.71165
-7.71165
-7.71165
-7.71165
-7.71165
-7.71165
-7.71165
-7.71165
-7.71165
-7.71165
-7.71165
-7.71165
12.1016
3.45719
10.8123
8.32605
15.1698
7.18672
-4.5886
6.41795
2.34982
-4.30472
2.91984
1.20056
6.33069
6.37817
1.14732
6.32217
-0.807443
-1.52284
4.84279
-0.688082
-2.36544
8.75991
1.85591
1.83989
1.66724
-3.37269
6.41136
6.36771
2.19282
-4.61058
-0.658665
3.14407
-1.05053
11.2331
11.0095
-0.282802
-7.48776
-7.71165
-7.71165
-7.71165
-7.71165
-7.71165
-7.71165
-7.71165
-7.71165
-7.71165
-7.71165
-7.71165
-7.71165
-7.71165
-7.71165
-7.71165
-7.71165
-7.71165
-7.71165
-7.71165
-7.71165
-7.71165
-7.71165
-7.71165
-7.71165
-7.71165
-7.71165
-7.71165
-7.71165
-7.71165
-7.71165
-7.71165
-7.71165
-7.71165
-7.71165
-7.71165
-7.71165
-7.71165
-7.71165
-7.71165
-7.71165
-7.71165
-7.71165
-7.71165
2.87326
-2.4946
-3.66427
-2.08282
-0.238859
-6.46947
-6.53092
-11.3368
2.80975
-9.53372
-17.0205
-10.59
-3.48349
-3.48842
-1.5821
-2.5095
-15.1557
-3.36328
0.783994
-12.1532
-13.3913
-11.5459
-16.0169
-3.79604
-6.47392
-7.34898
-0.625206
-0.241361
-4.32364
-12.0041
-7.81286
1.45115
-3.90433
-12.0436
-8.484
-10.0324
-11.9946
-7.71165
-7.71165
-7.71165
-7.71165
-7.71165
-7.71165
-7.71165
-7.71165
-7.71165
-7.71165
-7.71165
-7.71165
-7.71165
-7.71165
-7.71165
-7.71165
-7.71165
-7.71165
-7.71165
-7.71165
-7.71165
-7.71165
-7.71165
-7.71165
-7.71165
-7.71165
-7.71165
-7.71165
-7.71165
-7.71165
-7.71165
-7.71165
-7.71165
-7.71165
-7.71165
-7.71165
-7.71165
-7.71165
-7.71165
-7.71165
-7.71165
-7.71165
-7.71165
-8.59525
1.17509
-18.6383
-6.07914
-4.20884
-12.89
-29.2205
-26.9903
-26.2126
-16.829
-10.1114
-18.4842
0.261378
-9.09642
-7.90244
-5.8958
-18.7085
-17.0416
-16.09
-18.7051
-11.1261
-15.5582
-19.7101
-22.5886
-29.366
-17.6322
-24.469
-22.678
-28.4034
-33.8626
-39.2173
-31.5949
-34.5315
-36.2573
-35.5348
-40.2331
-49.3933
-7.71165
-7.71165
-7.71165
-7.71165
-7.71165
-7.71165
-7.71165
-7.71165
-7.71165
-7.71165
-7.71165
-7.71165
-7.71165
-7.71165
-7.71165
-7.71165
-7.71165
-7.71165
-7.71165
-7.71165
-7.71165
-7.71165
-7.71165
-7.71165
-7.71165
-7.71165
-7.71165
-7.71165
-7.71165
-7.71165
-7.71165
-7.71165
-7.71165
-7.71165
-7.71165
-7.71165
-7.71165
-7.71165
-7.71165
-7.71165
-7.71165
-7.71165
-7.71165
30.2771
29.3259
35.0873
28.6269
35.0485
28.9704
34.9407
43.9165
36.4234
28.3256
20.1568
42.6308
27.6576
14.6665
37.256
24.2491
22.9775
25.7823
35.5605
28.2963
30.5866
21.1186
19.0016
16.9843
9.51726
12.1588
27.4544
32.1429
27.4724
23.8865
22.0735
22.6044
21.7475
27.7506
26.6064
28.0873
24.1968
-7.71165
-7.71165
-7.71165
-7.71165
-7.71165
-7.71165
-7.71165
-7.71165
-7.71165
-7.71165
-7.71165
-7.71165
-7.71165
-7.71165
-7.71165
-7.71165
-7.71165
-7.71165
-7.71165
-7.71165
-7.71165
-7.71165
-7.71165
-7.71165
-7.71165
-7.71165
-7.71165
-7.71165
-7.71165
-7.71165
-7.71165
-7.71165
-7.71165
-7.71165
-7.71165
-7.71165
-7.71165
-7.71165
-7.71165
-7.71165
-7.71165
-7.71165
-7.71165
7.76899
2.71313
9.21422
2.9462
11.611
9.30766
-2.93792
7.98305
4.01443
-1.60256
4.05619
7.3513
8.79708
9.01193
1.52006
4.93629
0.725873
-1.57977
4.61599
1.3639
1.1837
8.68147
5.63234
1.84974
4.32396
-5.17305
7.54907
6.38299
0.673595
-8.26701
-0.88405
5.00688
2.405
14.6452
11.1093
-0.483691
-5.37208
-7.71165
-7.71165
-7.71165
-7.71165
-7.71165
-7.71165
-7.71165
-7.71165
-7.71165
-7.71165
-7.71165
-7.71165
-7.71165
-7.71165
-7.71165
-7.71165
-7.71165
-7.71165
-7.71165
-7.71165
-7.71165
-7.71165
-7.71165
-7.71165
-7.71165
-7.71165
-7.71165
-7.71165
-7.71165
-7.71165
-7.71165
-7.71165
-7.71165
-7.71165
-7.71165
-7.71165
-7.71165
-7.71165
-7.71165
-7.71165
-7.71165
-7.71165
-7.71165
1.60936
2.8122
2.55548
2.42355
-1.72525
-5.97424
-4.97821
-9.77643
-0.256479
-11.8506
-9.5708
-7.25305
-3.99341
1.16797
-1.58051
-5.9188
-15.5638
-7.45746
-2.52466
-12.6305
-7.81681
-5.48527
-18.5226
-2.0891
-2.60107
-9.90038
-0.458907
-2.10037
-6.33397
-11.6165
-9.46055
0.90289
-6.34729
-13.4028
-3.41521
-8.56659
-14.2128
-7.71165
-7.71165
-7.71165
-7.71165
-7.71165
-7.71165
-7.71165
-7.71165
-7.71165
-7.71165
-7.71165
-7.71165
-7.71165
-7.71165
-7.71165
-7.71165
-7.71165
-7.71165
-7.71165
-7.71165
-7.71165
-7.71165
-7.71165
-7.71165
-7.71165
-7.71165
-7.71165
-7.71165
-7.71165
-7.71165
-7.71165
-7.71165
-7.71165
-7.71165
-7.71165
-7.71165
-7.71165
-7.71165
-7.71165
-7.71165
-7.71165
-7.71165
-7.71165
-5.03222
1.98933
-16.9037
-4.46916
-1.00612
-18.0459
-26.8496
-20.7589
-16.5464
-13.9359
-10.4151
-17.4204
-0.701361
-10.0945
-8.44888
-3.56771
-14.0732
-13.2403
-15.8409
-19.7095
-13.1396
-17.742
-24.5748
-19.5631
-27.0038
-17.0292
-26.0675
-21.7488
-24.671
-34.8813
-36.1579
-29.9285
-31.2807
-36.0724
-32.8822
-36.6581
-50.5216
-7.71165
-7.71165
-7.71165
-7.71165
-7.71165
-7.71165
-7.71165
-7.71165
-7.71165
-7.71165
-7.71165
-7.71165
-7.71165
-7.71165
-7.71165
-7.71165
-7.71165
-7.71165
-7.71165
-7.71165
-7.71165
-7.71165
-7.71165
-7.71165
-7.71165
-7.71165
-7.71165
-7.71165
-7.71165
-7.71165
-7.71165
-7.71165
-7.71165
-7.71165
-7.71165
-7.71165
-7.71165
-7.71165
-7.71165
-7.71165
-7.71165
-7.71165
-7.71165
21.1065
29.9136
34.1326
21.8173
32.4727
30.8677
34.0911
36.2666
33.2952
30.8665
18.3287
41.8524
32.9933
19.5867
38.6373
23.7788
22.308
26.5452
37.8867
28.2782
28.9407
20.2273
18.2724
15.289
12.0201
16.678
28.8536
33.0335
30.866
25.1723
21.3374
23.459
21.4531
24.365
25.1364
26.7668
21.2766
-7.71165
-7.71165
-7.71165
-7.71165
-7.71165
-7.71165
-7.71165
-7.71165
-7.71165
-7.71165
-7.71165
-7.71165
-7.71165
-7.71165
-7.71165
-7.71165
-7.71165
-7.71165
-7.71165
-7.71165
-7.71165
-7.71165
-7.71165
-7.71165
-7.71165
-7.71165
-7.71165
-7.71165
-7.71165
-7.71165
-7.71165
-7.71165
-7.71165
-7.71165
-7.71165
-7.71165
-7.71165
-7.71165
-7.71165
-7.71165
-7.71165
-7.71165
-7.71165
1.25441
2.36885
5.20282
-5.60731
8.38895
8.88942
-0.909599
5.25963
4.9171
-1.50728
2.42634
13.7333
12.3923
8.89522
0.181245
5.10201
3.14109
0.555805
3.23807
0.8213
2.97301
8.2628
7.98857
3.34172
5.40662
-6.78686
5.58524
3.4749
2.0036
-7.24222
2.31687
6.70517
5.72025
16.6244
9.09027
2.96467
-0.87263
-7.71165
-7.71165
-7.71165
-7.71165
-7.71165
-7.71165
-7.71165
-7.71165
-7.71165
-7.71165
-7.71165
-7.71165
-7.71165
-7.71165
-7.71165
-7.71165
-7.71165
-7.71165
-7.71165
-7.71165
-7.71165
-7.71165
-7.71165
-7.71165
-7.71165
-7.71165
-7.71165
-7.71165
-7.71165
-7.71165
-7.71165
-7.71165
-7.71165
-7.71165
-7.71165
-7.71165
-7.71165
-7.71165
-7.71165
-7.71165
-7.71165
-7.71165
-7.71165
-0.185037
4.53136
5.16216
2.70481
-7.11573
-3.37006
-2.5838
-11.4704
-3.37232
-9.85999
-6.04343
-5.71218
-2.0258
2.84161
-3.45996
-11.8028
-17.7583
-12.2351
-8.81437
-11.425
-4.02769
-0.405093
-12.4457
1.92125
-1.60769
-11.9823
-2.9909
-3.43569
-9.33167
-12.3504
-12.5901
-1.38425
-9.54523
-10.9031
-1.06799
-9.5588
-18.1818
-7.71165
-7.71165
-7.71165
-7.71165
-7.71165
-7.71165
-7.71165
-7.71165
-7.71165
-7.71165
-7.71165
-7.71165
-7.71165
-7.71165
-7.71165
-7.71165
-7.71165
-7.71165
-7.71165
-7.71165
-7.71165
-7.71165
-7.71165
-7.71165
-7.71165
-7.71165
-7.71165
-7.71165
-7.71165
-7.71165
-7.71165
-7.71165
-7.71165
-7.71165
-7.71165
-7.71165
-7.71165
-7.71165
-7.71165
-7.71165
-7.71165
-7.71165
-7.71165
-6.35188
0.668729
-13.3986
-5.59965
-0.360772
-20.1207
-24.105
-14.5679
-10.5623
-10.1196
-10.3849
-16.6869
-3.55415
-11.3928
-10.1265
-4.68382
-12.1227
-9.13348
-15.0434
-19.6045
-16.9765
-18.9403
-30.3192
-16.2711
-21.2128
-16.1289
-25.2718
-21.3707
-23.4296
-37.8304
-33.2673
-29.7846
-31.7494
-36.2977
-29.668
-32.0271
-51.7118
-7.71165
-7.71165
-7.71165
-7.71165
-7.71165
-7.71165
-7.71165
-7.71165
-7.71165
-7.71165
-7.71165
-7.71165
-7.71165
-7.71165
-7.71165
-7.71165
-7.71165
-7.71165
-7.71165
-7.71165
-7.71165
-7.71165
-7.71165
-7.71165
-7.71165
-7.71165
-7.71165
-7.71165
-7.71165
-7.71165
-7.71165
-7.71165
-7.71165
-7.71165
-7.71165
-7.71165
-7.71165
-7.71165
-7.71165
-7.71165
-7.71165
-7.71165
-7.71165
6.42739
28.0105
29.903
19.4573
29.2385
31.8492
36.9504
34.7325
37.9387
33.9512
19.2016
40.2806
37.8521
25.675
37.3199
21.6224
27.3174
31.1753
38.2921
27.4904
26.2564
19.904
19.1539
15.2514
15.0338
19.1097
27.9815
32.6239
31.3348
25.8638
19.9702
25.2434
19.4318
21.8007
22.1391
25.7598
18.9873
-7.71165
-7.71165
-7.71165
-7.71165
-7.71165
-7.71165
-7.71165
-7.71165
-7.71165
-7.71165
-7.71165
-7.71165
-7.71165
-7.71165
-7.71165
-7.71165
-7.71165
-7.71165
-7.71165
-7.71165
-7.71165
-7.71165
-7.71165
-7.71165
-7.71165
-7.71165
-7.71165
-7.71165
-7.71165
-7.71165
-7.71165
-7.71165
-7.71165
-7.71165
-7.71165
-7.71165
-7.71165
-7.71165
-7.71165
-7.71165
-7.71165
-7.71165
-7.71165
-5.58348
3.58616
5.91626
1.9061
9.40123
6.27912
0.831313
0.861046
1.92236
-2.00713
0.89661
15.8951
15.2886
6.11029
-0.509436
5.76716
5.28411
5.61019
5.08531
0.123202
1.38432
7.63871
8.62463
3.56148
4.10404
-9.5009
1.27149
1.18561
5.26382
-5.15088
7.18887
9.2849
9.2532
18.2297
6.39404
4.33148
1.05475
-7.71165
-7.71165
-7.71165
-7.71165
-7.71165
-7.71165
-7.71165
-7.71165
-7.71165
-7.71165
-7.71165
-7.71165
-7.71165
-7.71165
-7.71165
-7.71165
-7.71165
-7.71165
-7.71165
-7.71165
-7.71165
-7.71165
-7.71165
-7.71165
-7.71165
-7.71165
-7.71165
-7.71165
-7.71165
-7.71165
-7.71165
-7.71165
-7.71165
-7.71165
-7.71165
-7.71165
-7.71165
-7.71165
-7.71165
-7.71165
-7.71165
-7.71165
-7.71165
-2.94388
1.61108
3.22792
-1.10678
-12.0989
-2.4208
-1.54583
-12.3533
-0.461611
-5.52403
-6.2889
-5.52902
2.0455
0.450458
-8.16948
-18.3259
-16.644
-13.2487
-14.6879
-7.27864
-3.46551
1.32354
-7.88711
3.7847
-3.96824
-12.4259
-5.70352
-3.13868
-11.0789
-13.1066
-14.3591
-4.33605
-7.34477
-5.25258
-2.16759
-10.0802
-15.4647
-7.71165
-7.71165
-7.71165
-7.71165
-7.71165
-7.71165
-7.71165
-7.71165
-7.71165
-7.71165
-7.71165
-7.71165
-7.71165
-7.71165
-7.71165
-7.71165
-7.71165
-7.71165
-7.71165
-7.71165
-7.71165
-7.71165
-7.71165
-7.71165
-7.71165
-7.71165
-7.71165
-7.71165
-7.71165
-7.71165
-7.71165
-7.71165
-7.71165
-7.71165
-7.71165
-7.71165
-7.71165
-7.71165
-7.71165
-7.71165
-7.71165
-7.71165
-7.71165
-10.8911
-3.36619
-12.5664
-9.43151
-3.07412
-24.2723
-22.1447
-11.1656
-8.87951
-9.18671
-11.8908
-16.2969
-7.5706
-12.2341
-11.1531
-8.10314
-12.4224
-6.87882
-15.4884
-19.3448
-18.2008
-17.7198
-29.3878
-14.8004
-16.0705
-15.6738
-21.323
-22.0702
-23.874
-39.6606
-33.5548
-31.9182
-34.1008
-37.3015
-28.4327
-27.7459
-50.4025
-7.71165
-7.71165
-7.71165
-7.71165
-7.71165
-7.71165
-7.71165
-7.71165
-7.71165
-7.71165
-7.71165
-7.71165
-7.71165
-7.71165
-7.71165
-7.71165
-7.71165
-7.71165
-7.71165
-7.71165
-7.71165
-7.71165
-7.71165
-7.71165
-7.71165
-7.71165
-7.71165
-7.71165
-7.71165
-7.71165
-7.71165
-7.71165
-7.71165
-7.71165
-7.71165
-7.71165
-7.71165
-7.71165
-7.71165
-7.71165
-7.71165
-7.71165
-7.71165
1.95069
26.7783
20.1765
18.1331
27.6416
35.0223
38.4929
39.1131
41.5688
36.4167
26.2617
38.4357
40.2619
28.6091
33.183
17.5033
31.7087
35.38
36.2314
28.2174
24.9749
18.9979
20.4229
18.5337
17.9199
19.1192
25.3226
29.9889
28.7301
25.1367
19.864
25.4005
19.4273
20.4465
19.4053
24.7949
16.4133
-7.71165
-7.71165
-7.71165
-7.71165
-7.71165
-7.71165
-7.71165
-7.71165
-7.71165
-7.71165
-7.71165
-7.71165
-7.71165
-7.71165
-7.71165
-7.71165
-7.71165
-7.71165
-7.71165
-7.71165
-7.71165
-7.71165
-7.71165
-7.71165
-7.71165
-7.71165
-7.71165
-7.71165
-7.71165
-7.71165
-7.71165
-7.71165
-7.71165
-7.71165
-7.71165
-7.71165
-7.71165
-7.71165
-7.71165
-7.71165
-7.71165
-7.71165
-7.71165
-7.22398
7.26068
9.52586
9.62447
10.6929
4.27157
2.1415
3.90867
-3.79178
1.31369
-0.282745
13.9705
15.6095
2.87728
0.199629
5.29143
6.04199
10.2872
7.77853
1.78867
-2.66311
5.08176
7.67933
2.73113
1.47633
-11.9974
-1.75789
3.70794
7.40445
-3.00865
10.6763
13.4784
13.0185
21.1128
6.67408
2.58049
-0.593248
-7.71165
-7.71165
-7.71165
-7.71165
-7.71165
-7.71165
-7.71165
-7.71165
-7.71165
-7.71165
-7.71165
-7.71165
-7.71165
-7.71165
-7.71165
-7.71165
-7.71165
-7.71165
-7.71165
-7.71165
-7.71165
-7.71165
-7.71165
-7.71165
-7.71165
-7.71165
-7.71165
-7.71165
-7.71165
-7.71165
-7.71165
-7.71165
-7.71165
-7.71165
-7.71165
-7.71165
-7.71165
-7.71165
-7.71165
-7.71165
-7.71165
-7.71165
-7.71165
-6.9513
-4.99078
-2.24057
-5.73116
-7.67695
-1.40262
-0.331836
-3.0815
4.66385
-4.6811
-7.40015
-4.4487
4.90635
-5.30741
-14.3145
-18.5467
-10.1075
-8.84329
-13.0631
-4.23578
-5.33581
-0.215848
-5.00764
2.46777
-6.88473
-11.1073
-5.09685
0.0378067
-11.2754
-11.8475
-11.4034
-3.91607
-2.53603
-0.66367
-5.03599
-6.16738
-9.17373
-7.71165
-7.71165
-7.71165
-7.71165
-7.71165
-7.71165
-7.71165
-7.71165
-7.71165
-7.71165
-7.71165
-7.71165
-7.71165
-7.71165
-7.71165
-7.71165
-7.71165
-7.71165
-7.71165
-7.71165
-7.71165
-7.71165
-7.71165
-7.71165
-7.71165
-7.71165
-7.71165
-7.71165
-7.71165
-7.71165
-7.71165
-7.71165
-7.71165
-7.71165
-7.71165
-7.71165
-7.71165
-7.71165
-7.71165
-7.71165
-7.71165
-7.71165
-7.71165
-12.5351
-9.74113
-14.9721
-13.5591
-8.8072
-25.7764
-18.2947
-9.50265
-10.9198
-10.2295
-15.5745
-14.4368
-8.26616
-12.1261
-10.0398
-10.6578
-14.5916
-6.58031
-15.7964
-17.6687
-17.0247
-15.0213
-20.2021
-15.2483
-13.7584
-16.4405
-18.3301
-24.9459
-25.0636
-36.3085
-35.7357
-33.0119
-30.1127
-36.7497
-28.9832
-24.4583
-43.3441
-7.71165
-7.71165
-7.71165
-7.71165
-7.71165
-7.71165
-7.71165
-7.71165
-7.71165
-7.71165
-7.71165
-7.71165
-7.71165
-7.71165
-7.71165
-7.71165
-7.71165
-7.71165
-7.71165
-7.71165
-7.71165
-7.71165
-7.71165
-7.71165
-7.71165
-7.71165
-7.71165
-7.71165
-7.71165
-7.71165
-7.71165
-7.71165
-7.71165
-7.71165
-7.71165
-7.71165
-7.71165
-7.71165
-7.71165
-7.71165
-7.71165
-7.71165
-7.71165
66.9948
65.1687
62.2743
56.4807
54.2109
52.8581
50.8794
52.0894
51.8866
52.1242
51.0606
45.8564
50.0318
46.1244
43.2251
42.8515
42.9672
46.146
42.9531
41.0219
39.0376
38.4307
37.4096
38.0364
37.7204
34.1971
35.7724
36.3907
35.7531
34.4238
34.5165
34.4345
33.9125
33.1334
33.6516
32.603
26.4786
-7.71165
-7.71165
-7.71165
-7.71165
-7.71165
-7.71165
-7.71165
-7.71165
-7.71165
-7.71165
-7.71165
-7.71165
-7.71165
-7.71165
-7.71165
-7.71165
-7.71165
-7.71165
-7.71165
-7.71165
-7.71165
-7.71165
-7.71165
-7.71165
-7.71165
-7.71165
-7.71165
-7.71165
-7.71165
-7.71165
-7.71165
-7.71165
-7.71165
-7.71165
-7.71165
-7.71165
-7.71165
-7.71165
-7.71165
-7.71165
-7.71165
-7.71165
-7.71165
16.9113
20.5129
21.5973
22.9868
20.0454
21.573
18.7994
22.4669
20.5947
19.6882
21.1739
15.9426
24.9892
15.8914
20.1148
20.4114
19.8507
20.3225
21.3581
20.0443
19.5521
17.7036
19.4859
20.0332
19.6979
16.9624
20.1594
20.9282
19.6926
18.8236
22.2324
24.1141
23.8612
28.1605
22.3533
19.9964
15.6501
-7.71165
-7.71165
-7.71165
-7.71165
-7.71165
-7.71165
-7.71165
-7.71165
-7.71165
-7.71165
-7.71165
-7.71165
-7.71165
-7.71165
-7.71165
-7.71165
-7.71165
-7.71165
-7.71165
-7.71165
-7.71165
-7.71165
-7.71165
-7.71165
-7.71165
-7.71165
-7.71165
-7.71165
-7.71165
-7.71165
-7.71165
-7.71165
-7.71165
-7.71165
-7.71165
-7.71165
-7.71165
-7.71165
-7.71165
-7.71165
-7.71165
-7.71165
-7.71165
11.3505
12.9035
10.1481
8.78446
12.3076
11.2389
13.9785
11.8072
15.123
11.8871
11.8195
12.3941
14.7488
12.5997
10.1499
12.6894
11.3177
11.3639
12.7977
12.6883
13.6153
13.4888
12.05
14.1153
12.7835
11.8714
13.6519
16.2093
11.782
13.218
13.8064
14.6578
14.6881
15.6911
15.1624
14.9567
11.4194
-7.71165
-7.71165
-7.71165
-7.71165
-7.71165
-7.71165
-7.71165
-7.71165
-7.71165
-7.71165
-7.71165
-7.71165
-7.71165
-7.71165
-7.71165
-7.71165
-7.71165
-7.71165
-7.71165
-7.71165
-7.71165
-7.71165
-7.71165
-7.71165
-7.71165
-7.71165
-7.71165
-7.71165
-7.71165
-7.71165
-7.71165
-7.71165
-7.71165
-7.71165
-7.71165
-7.71165
-7.71165
-7.71165
-7.71165
-7.71165
-7.71165
-7.71165
-7.71165
2.57637
6.07521
6.34889
5.50763
5.36574
7.66728
8.73233
6.57506
3.57694
9.07801
4.14651
7.30284
11.4252
8.90793
8.97412
9.0039
8.96439
7.32209
9.87949
8.57041
9.30742
9.50035
9.26096
9.68943
10.7794
8.87932
10.1475
10.9006
10.0724
9.59049
10.8936
10.9792
10.9332
12.0203
11.9222
12.007
8.39479
-7.71165
-7.71165
-7.71165
-7.71165
-7.71165
-7.71165
-7.71165
-7.71165
-7.71165
-7.71165
-7.71165
-7.71165
-7.71165
-7.71165
-7.71165
-7.71165
-7.71165
-7.71165
-7.71165
-7.71165
-7.71165
-7.71165
-7.71165
-7.71165
-7.71165
-7.71165
-7.71165
-7.71165
-7.71165
-7.71165
-7.71165
-7.71165
-7.71165
-7.71165
-7.71165
-7.71165
-7.71165
-7.71165
-7.71165
-7.71165
-7.71165
-7.71165
-7.71165
99.5862
92.5397
74.9394
57.7095
48.2126
57.2126
61.8417
65.8486
58.5213
44.2426
43.4746
45.3214
39.0187
34.7387
27.4712
26.6333
34.1815
41.5236
37.2963
33.21
28.6846
23.2024
27.4015
27.3009
25.9179
21.3957
22.4925
27.3868
24.8962
23.5515
26.9608
25.3701
27.0671
24.4526
24.3232
23.6544
17.6224
-7.71165
-7.71165
-7.71165
-7.71165
-7.71165
-7.71165
-7.71165
-7.71165
-7.71165
-7.71165
-7.71165
-7.71165
-7.71165
-7.71165
-7.71165
-7.71165
-7.71165
-7.71165
-7.71165
-7.71165
-7.71165
-7.71165
-7.71165
-7.71165
-7.71165
-7.71165
-7.71165
-7.71165
-7.71165
-7.71165
-7.71165
-7.71165
-7.71165
-7.71165
-7.71165
-7.71165
-7.71165
-7.71165
-7.71165
-7.71165
-7.71165
-7.71165
-7.71165
3.11687
11.4102
10.4582
12.5053
13.5238
6.18228
14.7093
19.7492
23.2466
28.4269
22.5764
10.0027
13.3171
14.1457
2.56672
7.42894
7.52507
10.0173
6.93243
10.3056
4.02324
4.8518
5.48429
7.8233
7.7483
4.12457
4.7274
8.64851
7.48564
6.82895
11.2777
17.2152
23.3794
29.799
19.5319
11.2802
-2.99742
-7.71165
-7.71165
-7.71165
-7.71165
-7.71165
-7.71165
-7.71165
-7.71165
-7.71165
-7.71165
-7.71165
-7.71165
-7.71165
-7.71165
-7.71165
-7.71165
-7.71165
-7.71165
-7.71165
-7.71165
-7.71165
-7.71165
-7.71165
-7.71165
-7.71165
-7.71165
-7.71165
-7.71165
-7.71165
-7.71165
-7.71165
-7.71165
-7.71165
-7.71165
-7.71165
-7.71165
-7.71165
-7.71165
-7.71165
-7.71165
-7.71165
-7.71165
-7.71165
-15.87
-4.32154
1.61811
0.204011
0.942367
-0.264389
5.94602
9.80639
8.73952
1.87206
5.35396
12.7695
5.10522
-12.1765
-10.8352
-2.89591
-2.61533
1.29219
-1.2336
-1.05244
-4.07679
1.99008
-1.65581
-0.455216
-0.560644
-2.79066
0.586721
5.13084
-6.1321
0.842073
-2.24716
5.15768
2.43343
4.15038
0.679566
3.66779
-0.309938
-7.71165
-7.71165
-7.71165
-7.71165
-7.71165
-7.71165
-7.71165
-7.71165
-7.71165
-7.71165
-7.71165
-7.71165
-7.71165
-7.71165
-7.71165
-7.71165
-7.71165
-7.71165
-7.71165
-7.71165
-7.71165
-7.71165
-7.71165
-7.71165
-7.71165
-7.71165
-7.71165
-7.71165
-7.71165
-7.71165
-7.71165
-7.71165
-7.71165
-7.71165
-7.71165
-7.71165
-7.71165
-7.71165
-7.71165
-7.71165
-7.71165
-7.71165
-7.71165
-3.53334
-8.00742
-8.67158
-7.1812
-3.81054
-0.165601
2.16313
2.69836
10.7718
9.17492
0.85013
0.697767
3.11199
-2.85497
-7.97806
-12.0209
-6.89859
0.980136
4.55891
-1.19647
-12.2243
0.252885
0.573266
-4.43098
-9.66418
-12.7076
-7.72739
-11.8244
-12.5761
-12.5847
-11.5632
-13.894
-8.41898
-9.56664
-9.93586
-9.68082
-14.0573
-7.71165
-7.71165
-7.71165
-7.71165
-7.71165
-7.71165
-7.71165
-7.71165
-7.71165
-7.71165
-7.71165
-7.71165
-7.71165
-7.71165
-7.71165
-7.71165
-7.71165
-7.71165
-7.71165
-7.71165
-7.71165
-7.71165
-7.71165
-7.71165
-7.71165
-7.71165
-7.71165
-7.71165
-7.71165
-7.71165
-7.71165
-7.71165
-7.71165
-7.71165
-7.71165
-7.71165
-7.71165
-7.71165
-7.71165
-7.71165
-7.71165
-7.71165
-7.71165
119.558
114.473
94.7267
75.2674
79.2482
86.697
88.4615
78.8596
72.5797
64.6374
57.0396
49.8185
55.7693
51.6726
52.3592
47.2966
47.6305
45.299
47.1287
45.3886
41.6595
41.7726
42.1178
41.8697
40.5673
38.1148
38.9905
41.2333
38.132
36.9227
38.2165
37.4589
37.0132
36.8408
37.3203
36.8856
31.3201
-7.71165
-7.71165
-7.71165
-7.71165
-7.71165
-7.71165
-7.71165
-7.71165
-7.71165
-7.71165
-7.71165
-7.71165
-7.71165
-7.71165
-7.71165
-7.71165
-7.71165
-7.71165
-7.71165
-7.71165
-7.71165
-7.71165
-7.71165
-7.71165
-7.71165
-7.71165
-7.71165
-7.71165
-7.71165
-7.71165
-7.71165
-7.71165
-7.71165
-7.71165
-7.71165
-7.71165
-7.71165
-7.71165
-7.71165
-7.71165
-7.71165
-7.71165
-7.71165
22.7576
25.8099
24.5307
28.8201
29.793
25.9143
29.5087
36.4002
33.3252
46.1955
40.6244
33.6628
41.7603
39.1652
24.7412
14.8998
11.3144
21.6419
19.223
20.3981
17.1658
20.4268
19.6253
19.3074
20.4225
18.9612
18.8883
19.6235
20.9463
21.3286
25.4698
24.834
36.904
43.0901
33.8959
29.1242
22.1289
-7.71165
-7.71165
-7.71165
-7.71165
-7.71165
-7.71165
-7.71165
-7.71165
-7.71165
-7.71165
-7.71165
-7.71165
-7.71165
-7.71165
-7.71165
-7.71165
-7.71165
-7.71165
-7.71165
-7.71165
-7.71165
-7.71165
-7.71165
-7.71165
-7.71165
-7.71165
-7.71165
-7.71165
-7.71165
-7.71165
-7.71165
-7.71165
-7.71165
-7.71165
-7.71165
-7.71165
-7.71165
-7.71165
-7.71165
-7.71165
-7.71165
-7.71165
-7.71165
