0.0221631
-0.0551841
-0.0197844
0.0261142
0.0246535
-0.0138756
-0.0240054
0.0150435
-0.0541328
-0.0202126
0.0262839
0.0246575
-0.0137699
-0.024163
-0.00567613
-0.0607369
-0.0235371
0.0248741
0.0240118
-0.0142388
-0.0249536
0.0221631
-0.0551841
-0.0197844
0.0261142
0.0246535
-0.0138756
-0.0240054
0.0150435
-0.0541328
-0.0202126
0.0262839
0.0246575
-0.0137699
-0.024163
-0.00567613
-0.0607369
-0.0235371
0.0248741
0.0240118
-0.0142388
-0.0249536
0.0221631
-0.0551841
-0.0197844
0.0261142
0.0246535
-0.0138756
-0.0240054
0.0150435
-0.0541328
-0.0202126
0.0262839
0.0246575
-0.0137699
-0.024163
-0.00567613
-0.0607369
-0.0235371
0.0248741
0.0240118
-0.0142388
-0.0249536
0.0221631
-0.0551841
-0.0197844
0.0261142
0.0246535
-0.0138756
-0.0240054
0.0150435
-0.0541328
-0.0202126
0.0262839
0.0246575
-0.0137699
-0.024163
-0.00567613
-0.0607369
-0.0235371
0.0248741
0.0240118
-0.0142388
-0.0249536
0.0221631
-0.0551841
-0.0197844
0.0261142
0.0246535
-0.0138756
-0.0240054
0.0150435
-0.0541328
-0.0202126
0.0262839
0.0246575
-0.0137699
-0.024163
-0.00567613
-0.0607369
-0.0235371
0.0248741
0.0240118
-0.0142388
-0.0249536
0.0221631
-0.0551841
-0.0197844
0.0261142
0.0246535
-0.0138756
-0.0240054
0.0150435
-0.0541328
-0.0202126
0.0262839
0.0246575
-0.0137699
-0.024163
-0.00567613
-0.0607369
-0.0235371
0.0248741
0.0240118
-0.0142388
-0.0249536
0.0221631
-0.0551841
-0.0197844
0.0261142
0.0246535
-0.0138756
-0.0240054
0.0150435
-0.0541328
-0.0202126
0.0262839
0.0246575
-0.0137699
-0.024163
-0.00567613
-0.0607369
-0.0235371
0.0248741
0.0240118
-0.0142388
-0.0249536
0.0221631
-0.0551841
-0.0197844
0.0261142
0.0246535
-0.0138756
-0.0240054
0.0150435
-0.0541328
-0.0202126
0.0262839
0.0246575
-0.0137699
-0.024163
-0.00567613
-0.0607369
-0.0235371
0.0248741
0.0240118
-0.0142388
-0.0249536
0.0221631
-0.0551841
-0.0197844
0.0261142
0.0246535
-0.0138756
-0.0240054
0.0150435
-0.0541328
-0.0202126
0.0262839
0.0246575
-0.0137699
-0.024163
-0.00567613
-0.0607369
-0.0235371
0.0248741
0.0240118
-0.0142388
-0.0249536
0.0221631
-0.0551841
-0.0197844
0.0261142
0.0246535
-0.0138756
-0.0240054
0.0150435
-0.0541328
-0.0202126
0.0262839
0.0246575
-0.0137699
-0.024163
-0.00567613
-0.0607369
-0.0235371
0.0248741
0.0240118
-0.0142388
-0.0249536
0.0221631
-0.0551841
-0.0197844
0.0261142
0.0246535
-0.0138756
-0.0240054
0.0150435
-0.0541328
-0.0202126
0.0262839
0.0246575
-0.0137699
-0.024163
-0.00567613
-0.0607369
-0.0235371
0.0248741
0.0240118
-0.0142388
-0.0249536
0.0221631
-0.0551841
-0.0197844
0.0261142
0.0246535
-0.0138756
-0.0240054
0.0150435
-0.0541328
-0.0202126
0.0262839
0.0246575
-0.0137699
-0.024163
-0.00567613
-0.0607369
-0.0235371
0.0248741
0.0240118
-0.0142388
-0.0249536
0.0221631
-0.0551841
-0.0197844
0.0261142
0.0246535
-0.0138756
-0.0240054
0.0150435
-0.0541328
-0.0202126
0.0262839
0.0246575
-0.0137699
-0.024163
-0.00567613
-0.0607369
-0.0235371
0.0248741
0.0240118
-0.0142388
-0.0249536
0.0221631
-0.0551841
-0.0197844
0.0261142
0.0246535
-0.0138756
-0.0240054
0.0150435
-0.0541328
-0.0202126
0.0262839
0.0246575
-0.0137699
-0.024163
-0.00567613
-0.0607369
-0.0235371
0.0248741
0.0240118
-0.0142388
-0.0249536
0.0221631
-0.0551841
-0.0197844
0.0261142
0.0246535
-0.0138756
-0.0240054
0.0150435
-0.0541328
-0.0202126
0.0262839
0.0246575
-0.0137699
-0.024163
-0.00567613
-0.0607369
-0.0235371
0.0248741
0.0240118
-0.0142388
-0.0249536
0.0221631
-0.0551841
-0.0197844
0.0261142
0.0246535
-0.0138756
-0.0240054
0.0150435
-0.0541328
-0.0202126
0.0262839
0.0246575
-0.0137699
-0.024163
-0.00567613
-0.0607369
-0.0235371
0.0248741
0.0240118
-0.0142388
-0.0249536
0.0221631
-0.0551841
-0.0197844
0.0261142
0.0246535
-0.0138756
-0.0240054
0.0150435
-0.0541328
-0.0202126
0.0262839
0.0246575
-0.0137699
-0.024163
-0.00567613
-0.0607369
-0.0235371
0.0248741
0.0240118
-0.0142388
-0.0249536
0.0221631
-0.0551841
-0.0197844
0.0261142
0.0246535
-0.0138756
-0.0240054
0.0150435
-0.0541328
-0.0202126
0.0262839
0.0246575
-0.0137699
-0.024163
-0.00567613
-0.0607369
-0.0235371
0.0248741
0.0240118
-0.0142388
-0.0249536
0.0221631
-0.0551841
-0.0197844
0.0261142
0.0246535
-0.0138756
-0.0240054
0.0150435
-0.0541328
-0.0202126
0.0262839
0.0246575
-0.0137699
-0.024163
-0.00567613
-0.0607369
-0.0235371
0.0248741
0.0240118
-0.0142388
-0.0249536
0.0221631
-0.0551841
-0.0197844
0.0261142
0.0246535
-0.0138756
-0.0240054
0.0150435
-0.0541328
-0.0202126
0.0262839
0.0246575
-0.0137699
-0.024163
-0.00567613
-0.0607369
-0.0235371
0.0248741
0.0240118
-0.0142388
-0.0249536
0.0221631
-0.0551841
-0.0197844
0.0261142
0.0246535
-0.0138756
-0.0240054
0.0150435
-0.0541328
-0.0202126
0.0262839
0.0246575
-0.0137699
-0.024163
-0.00567613
-0.0607369
-0.0235371
0.0248741
0.0240118
-0.0142388
-0.0249536
0.0221631
-0.0551841
-0.0197844
0.0261142
0.0246535
-0.0138756
-0.0240054
0.0150435
-0.0541328
-0.0202126
0.0262839
0.0246575
-0.0137699
-0.024163
-0.00567613
-0.0607369
-0.0235371
0.0248741
0.0240118
-0.0142388
-0.0249536
0.0221631
-0.0551841
-0.0197844
0.0261142
0.0246535
-0.0138756
-0.0240054
0.0150435
-0.0541328
-0.0202126
0.0262839
0.0246575
-0.0137699
-0.024163
-0.00567613
-0.0607369
-0.0235371
0.0248741
0.0240118
-0.0142388
-0.0249536
0.0221631
-0.0551841
-0.0197844
0.0261142
0.0246535
-0.0138756
-0.0240054
0.0150435
-0.0541328
-0.0202126
0.0262839
0.0246575
-0.0137699
-0.024163
-0.00567613
-0.0607369
-0.0235371
0.0248741
0.0240118
-0.0142388
-0.0249536
0.0221631
-0.0551841
-0.0197844
0.0261142
0.0246535
-0.0138756
-0.0240054
0.0150435
-0.0541328
-0.0202126
0.0262839
0.0246575
-0.0137699
-0.024163
-0.00567613
-0.0607369
-0.0235371
0.0248741
0.0240118
-0.0142388
-0.0249536
0.0221631
-0.0551841
-0.0197844
0.0261142
0.0246535
-0.0138756
-0.0240054
0.0150435
-0.0541328
-0.0202126
0.0262839
0.0246575
-0.0137699
-0.024163
-0.00567613
-0.0607369
-0.0235371
0.0248741
0.0240118
-0.0142388
-0.0249536
0.0221631
-0.0551841
-0.0197844
0.0261142
0.0246535
-0.0138756
-0.0240054
0.0150435
-0.0541328
-0.0202126
0.0262839
0.0246575
-0.0137699
-0.024163
-0.00567613
-0.0607369
-0.0235371
0.0248741
0.0240118
-0.0142388
-0.0249536
0.0221631
-0.0551841
-0.0197844
0.0261142
0.0246535
-0.0138756
-0.0240054
0.0150435
-0.0541328
-0.0202126
0.0262839
0.0246575
-0.0137699
-0.024163
-0.00567613
-0.0607369
-0.0235371
0.0248741
0.0240118
-0.0142388
-0.0249536
0.0221631
-0.0551841
-0.0197844
0.0261142
0.0246535
-0.0138756
-0.0240054
0.0150435
-0.0541328
-0.0202126
0.0262839
0.0246575
-0.0137699
-0.024163
-0.00567613
-0.0607369
-0.0235371
0.0248741
0.0240118
-0.0142388
-0.0249536
0.0221631
-0.0551841
-0.0197844
0.0261142
0.0246535
-0.0138756
-0.0240054
0.0150435
-0.0541328
-0.0202126
0.0262839
0.0246575
-0.0137699
-0.024163
-0.00567613
-0.0607369
-0.0235371
0.0248741
0.0240118
-0.0142388
-0.0249536
0.0221631
-0.0551841
-0.0197844
0.0261142
0.0246535
-0.0138756
-0.0240054
0.0135619
-0.0546957
-0.0207933
0.0266881
0.0253465
-0.0139028
-0.024901
0.00850633
-0.0595157
-0.021386
0.0297876
0.0253943
-0.0159925
-0.024371
