0.0179547
-0.0149045
0.0229242
-0.000947589
-0.00763094
0.00749914
0.00410685
0.0126093
-0.0194419
0.0300738
0.00151895
-0.0145732
0.00809002
0.00410259
0.0111898
-0.019893
0.025407
-0.0042189
-0.00948575
0.00380189
0.000632134
0.0100391
-0.0189964
0.0300537
-0.000872869
-0.00963472
0.00371788
-0.00177361
0.00713967
-0.0248411
0.0279595
0.00188151
-0.013735
0.00738414
0.00507918
0.00939882
-0.0227646
0.031401
-3.67879e-05
-0.0157218
0.00966503
0.00720067
0.0141474
-0.0260376
0.0323781
0.00189404
-0.011551
0.00680124
-0.00213077
0.017994
-0.0136412
0.0219882
-0.00166377
-0.00920662
0.00223048
0.000206597
0.0234392
-0.0087998
0.0117105
-0.00227795
-0.00241317
-0.00107185
0.000276354
0.0247227
-0.00518286
0.0116638
0.00235313
-0.00113971
-0.00306348
-0.00066383
0.0258208
-0.00291626
-5.8327e-05
0.0029633
0.00769856
-0.00483634
-0.00414568
0.0255184
-0.00262538
0.00131204
0.00249475
0.00773989
-0.00218483
-0.00608571
0.0304362
0.00115013
0.00242972
0.00356744
0.00435058
-0.00320832
-0.00356472
0.023917
-0.000609776
0.000374542
-0.00167949
0.00251852
-0.00128694
-0.00325033
0.0283729
-0.0013699
0.00400246
-0.00108606
0.00127892
-0.00352696
-0.00423613
0.0234338
0.00227565
0.00393818
-0.00292297
0.0016111
-0.00312489
-0.00545558
0.038132
0.024137
0.0266524
0.0160652
0.00533219
0.00947645
0.00235422
0.0322281
0.0331328
0.040295
0.0227655
-0.00687805
0.00349312
0.00445098
0.0113512
0.0318388
0.0570278
0.018621
-0.00520519
-0.00423795
0.00314744
0.0133143
0.0341593
0.0512425
0.0141031
-0.00584948
-0.00384905
0.00768798
0.0189553
0.036743
0.0556643
0.0110836
-0.0144776
-0.0113731
0.00722658
0.023475
0.028182
0.0447306
0.00805476
-0.0169467
-0.0143342
0.00401699
0.0298437
0.0261111
0.030453
0.00720391
-0.0123825
-0.0124246
0.000508342
0.0437612
0.0171581
0.0249433
0.00298299
-0.012028
-0.015768
-0.00306483
0.0458002
0.0169636
0.0185397
0.00262528
-0.0148694
-0.0144728
-0.00510588
0.053088
0.0137146
0.0195633
-0.00114132
-0.0119477
-0.00906392
-0.0074421
0.0580577
0.0079903
0.015818
-0.000856967
-0.00836949
-0.00630351
-0.0104525
0.0567265
0.0102028
0.0183101
-0.0079944
-0.00772119
-0.00483413
-0.0042005
0.053065
0.0136584
0.0162444
-0.000148887
-0.00363401
-0.00233007
-0.00814585
0.0219505
0.0145375
0.00864365
0.00181255
-0.00396805
-0.000103063
-0.00817868
-0.0163861
0.020683
0.00963381
-0.00088024
-0.00968725
0.00383563
-0.00900181
-0.0303739
0.0279626
0.00891547
0.0029518
-0.00737193
0.00963168
-0.0071227
-0.045797
0.0300244
0.00948855
-0.00106219
-0.0158401
0.00272135
-0.00914364
-0.0489524
0.0351558
0.00789245
0.00148661
-0.0184409
0.00700667
-0.00745164
-0.0568504
0.0305439
0.00863064
0.000154738
-0.0196592
0.0041531
-0.00526229
-0.0628005
0.0225431
0.00813485
-0.000452164
-0.0207073
0.00525861
-0.0036627
-0.0639498
0.0235979
0.00427628
0.00497905
-0.0124607
0.00813864
-0.00458053
-0.0655086
0.0250691
0.00671274
0.00151831
-0.0201878
0.00393888
-0.00149839
-0.0658193
0.0297707
0.00141663
0.000906752
-0.0129291
0.00608809
-0.00207161
-0.0691416
0.024873
0.00155972
0.000579944
-0.0162848
0.00473212
-0.00372668
-0.0670799
0.0273561
0.00319141
0.00819715
-0.015325
0.007733
7.7494e-05
-0.0675408
0.032265
0.00348915
0.00230012
-0.0111482
0.00468757
-0.00428549
-0.0633451
0.0307922
0.00600156
0.000653709
-0.0106832
0.00752885
-0.00298672
-0.0628887
0.0280318
0.00626762
0.0017899
-0.00936643
0.00868821
-0.00348574
-0.0648989
0.0312049
0.0108995
0.0016497
-0.0117572
0.00890573
-0.0055964
-0.0529457
0.0295373
0.0118709
-0.00200044
-0.00933895
0.00844503
-0.00641793
-0.0431337
0.0239908
0.0110635
-0.00278784
-0.00848669
0.00630986
-0.00379831
-0.0363157
0.00634323
0.021018
-0.00240874
-0.0142664
0.00614083
-0.00551027
-0.00776014
0.0164102
0.0244313
0.000556005
-0.00970814
0.0139727
-0.00370324
0.00111191
0.00793669
0.00917239
0.000869203
-0.00394946
0.00654024
-0.0063758
0.0108713
0.00146669
0.00502256
0.00653325
-0.0070365
0.00895791
-0.00640958
0.021263
0.00199643
0.00517778
0.00583462
-0.00365521
0.00469207
-0.00239774
0.0283819
0.001014
-0.00542875
0.00549363
0.0050519
-0.00192151
-0.00231133
0.0270746
-0.000341098
0.000597176
0.00630374
0.00863307
-0.00217689
-0.00349743
0.0205555
-0.00117244
0.000774294
0.00109922
0.00627494
-0.000683869
-0.00606625
0.0255698
-0.0025711
-0.000179399
-0.000717808
0.0043074
-0.00388414
-0.0086826
0.026496
-0.000301039
-0.000347881
-0.000329387
0.00296446
-0.00234555
-0.00490135
0.0316979
-0.00186251
-8.74135e-05
0.00118441
0.0037979
-0.00324888
-0.00280411
0.0260812
0.000935209
9.73536e-05
-0.00178792
0.00170327
-0.00663071
-0.000787538
0.0243792
-0.000682888
0.00399138
0.00323937
0.00425524
-0.00229623
-0.00220549
0.0290888
-0.00415422
0.000640728
-0.00118495
0.0038587
-0.00490785
-0.00804894
0.022691
-0.000653772
0.00518619
0.00176061
0.000761558
-0.00139197
0.000238141
0.0233639
-0.00220453
-0.00262556
0.00580894
0.00178966
0.00294504
0.00419315
