27
24
3
-11
-19
-23
-48
-33
-62
-46
-41
-15
11
-25
-25
-55
-22
24
38
56
56
62
50
48
46
9
18
44
46
17
10
-6
-11
-35
-66
-81
-42
3
-44
-57
-56
-21
-14
-52
-46
-67
-43
-17
4
4
-35
-4
12
60
60
38
5
29
107
119
58
-24
-6
28
81
73
21
0
-28
12
-5
-40
-94
-121
-72
-36
10
-28
-76
-90
-52
-2
-29
-41
-67
-41
-36
-17
-22
-52
-54
-44
-4
-8
-46
-83
-71
-50
-42
-24
-38
-26
13
45
26
-11
-22
-1
54
45
27
-5
26
44
11
-20
-51
-6
17
18
-9
-46
-29
0
3
2
5
-11
-17
14
73
38
-21
-39
2
44
17
9
4
18
14
-20
-2
-5
0
-30
-33
52
74
28
-28
-14
34
45
21
-4
-8
12
-2
-27
-22
6
1
-31
-16
26
15
-42
-41
8
19
-31
-53
-10
44
59
17
-1
15
50
45
24
47
60
49
41
64
75
71
59
57
75
90
80
25
21
51
40
12
4
35
19
-18
4
41
37
-18
-52
-47
-18
14
-8
-38
-58
-16
1
-51
-95
-88
-22
-4
-32
-68
-70
-27
-20
-20
-32
-35
-16
41
57
20
6
16
57
89
92
53
43
87
107
100
53
64
100
111
97
83
106
84
63
48
52
61
62
32
16
31
49
24
-19
-29
-32
-20
-9
-7
-34
-41
-26
-13
-33
-37
-21
-9
31
44
30
7
14
47
42
49
62
72
102
111
98
54
70
118
112
94
115
136
109
100
81
73
34
41
80
120
101
34
-9
1
67
70
41
10
27
67
55
27
8
31
31
-8
-24
-66
-82
-77
-30
-21
-85
-126
-163
-143
-160
-144
-188
-267
-275
-261
-213
-248
-310
-370
-345
-271
-268
-320
-388
-363
-276
-216
-217
-243
-236
-213
-142
-123
-136
-140
-44
36
20
-51
-44
59
108
102
58
87
156
196
184
148
161
191
219
187
170
185
184
180
177
218
257
257
213
203
277
303
345
366
410
406
417
438
450
502
575
642
627
602
594
650
739
784
717
637
638
731
854
818
672
597
683
764
713
628
529
565
601
638
545
379
293
262
312
273
138
-99
-238
-239
-220
-211
-367
-618
-754
-673
-590
-621
-813
-969
-925
-837
-809
-955
-1031
-990
-897
-814
-889
-941
-958
-872
-744
-676
-660
-706
-685
-652
-549
-464
-442
-468
-468
-404
-310
-227
-306
-352
-277
-113
-2
-77
-112
-74
61
147
127
127
157
269
320
316
335
374
388
381
389
407
446
441
428
423
409
370
328
313
301
322
296
251
140
75
84
92
15
-82
-63
-57
-59
-136
-181
-186
-235
-239
-280
-267
-246
-219
-221
-280
-316
-327
-272
-253
-264
-278
-233
-196
-175
-174
-170
-102
-102
-30
70
170
188
167
256
380
524
575
604
650
737
909
1024
1002
932
1034
1243
1335
1213
1092
1114
1300
1454
1320
1105
1014
1101
1159
1068
923
802
747
728
660
548
412
321
264
175
90
-30
-161
-302
-387
-345
-359
-487
-719
-817
-735
-697
-805
-965
-1025
-1034
-1017
-1026
-1109
-1166
-1157
-1119
-1165
-1250
-1253
-1169
-1113
-1159
-1248
-1227
-1078
-1032
-1062
-1027
-951
-923
-921
-828
-719
-679
-707
-676
-536
-380
-343
-409
-435
-325
-91
-11
-99
-168
-110
63
154
105
-6
78
240
236
193
207
339
344
316
385
528
590
519
462
546
749
839
743
649
767
935
978
937
945
1169
1247
1114
1075
1237
1601
1641
1448
1270
1520
2001
2055
1740
1549
1830
2309
2340
1997
1806
2028
2295
2236
1950
1973
2072
1987
1590
1293
1470
1531
1053
209
-219
183
451
-197
-1355
-1838
-1331
-975
-1506
-2463
-2939
-2545
-2113
-2413
-2978
-3261
-2993
-2734
-2738
-2909
-3112
-3003
-2833
-2736
-2633
-2558
-2551
-2639
-2596
-2258
-1934
-2006
-2307
-2295
-1822
-1475
-1498
-1661
-1590
-1170
-853
-819
-858
-614
-293
-149
-23
203
517
709
719
762
1082
1442
1509
1352
1361
1623
1867
1836
1543
1431
1546
1646
1483
1150
987
960
953
773
448
267
214
177
28
-206
-315
-369
-386
-458
-589
-579
-578
-622
-684
-708
-622
-622
-668
-691
-639
-525
-562
-617
-549
-457
-461
-571
-554
-342
-244
-395
-425
-262
-49
-59
-169
-62
183
385
448
568
686
856
1062
1250
1421
1470
1577
1760
2002
2107
2172
2221
2309
2322
2368
2419
2431
2344
2251
2347
2448
2321
2113
2051
2133
2124
2038
1928
1968
1951
1790
1804
1897
1992
1696
1212
924
1137
1357
1002
211
-452
-455
-353
-654
-1250
-1910
-2267
-2435
-2522
-2697
-3088
-3588
-3793
-3671
-3519
-3745
-4253
-4350
-3971
-3507
-3522
-3832
-3896
-3510
-2992
-2755
-2818
-2877
-2753
-2319
-1930
-1817
-1901
-1884
-1550
-1247
-1199
-1234
-1217
-1061
-800
-643
-590
-555
-436
-247
-33
134
141
124
319
688
902
796
735
935
1273
1423
1268
1132
1208
1486
1600
1432
1319
1259
1257
1299
1205
1095
904
735
649
617
644
426
122
2
154
171
-72
-362
-378
-207
-124
-338
-478
-385
-163
-140
-353
-383
-85
79
18
-112
51
418
477
335
353
710
958
939
827
1082
1537
1775
1676
1688
2124
2668
2733
2550
2618
3260
3814
3801
3437
3668
4285
4694
4294
4020
4306
4846
4844
4310
3924
4296
4503
3917
2787
2508
3021
2824
1274
-243
126
782
126
-1957
-3263
-2764
-2018
-2667
-4193
-5302
-4968
-4264
-4290
-5197
-6108
-5991
-4945
-4460
-5092
-5948
-5651
-4470
-3835
-4281
-4909
-4681
-3730
-3058
-3155
-3572
-3582
-3077
-2438
-2171
-2380
-2590
-2268
-1612
-1313
-1405
-1459
-1157
-772
-368
-185
-124
-65
345
788
1044
1053
1166
1450
1713
1837
1880
2097
2292
2499
2573
2652
2533
2582
2746
2886
2606
2337
2251
2333
2218
1981
1639
1341
1188
1142
836
378
51
58
16
-316
-662
-795
-818
-899
-1009
-1096
-1207
-1332
-1234
-1062
-1175
-1464
-1354
-943
-815
-1226
-1444
-1003
-579
-619
-760
-703
-459
-232
-61
284
279
206
617
1299
1595
1214
1172
2088
2891
2811
2354
2565
3478
3908
3896
3709
3836
4252
4602
4743
4679
4370
4616
4988
5161
4685
4487
4717
4902
4459
4009
4243
4486
3485
2355
2331
3222
2804
247
-1336
-194
1224
-240
-3815
-5236
-3157
-1947
-3738
-6770
-7487
-5725
-4796
-6096
-7746
-8079
-6827
-5850
-5929
-6719
-7224
-6440
-4777
-4020
-4693
-5490
-4815
-2847
-1868
-2638
-3522
-2743
-959
-595
-1650
-1953
-1106
-311
-383
-786
-734
-528
-362
-292
1
57
-210
-388
203
923
506
-87
435
1301
1470
847
713
1460
1773
1898
2117
2426
2251
1308
1712
3756
4081
2148
344
1528
4016
3568
1049
-40
1017
2379
1425
-530
-827
-182
172
-478
-1337
-1827
-2021
-1646
-985
-1526
-2600
-2978
-2172
-1058
-1350
-2527
-2516
-1613
-860
-1246
-1999
-1522
-827
-506
-519
-893
-904
-350
279
707
288
0
480
1342
1581
1456
1460
1933
2571
2636
2512
2767
3390
3831
3697
3682
4225
4687
4608
4562
5037
5682
5589
5190
5144
5849
6378
6122
5451
5453
5922
5805
5527
5347
4686
3574
3346
4284
3503
362
-1080
858
2178
-803
-5268
-5372
-2096
-1668
-5238
-8564
-7469
-5104
-5466
-7687
-8726
-7948
-6814
-6446
-6651
-7346
-7571
-6095
-4214
-4007
-5435
-5666
-3552
-1311
-1598
-3042
-2868
-890
596
-56
-1105
-748
331
1152
798
-59
-326
177
1115
1245
199
-612
-328
868
1333
112
-769
-194
982
1286
302
-302
200
1070
1549
1057
324
898
1695
2058
1369
675
1330
2350
2006
1147
404
1108
1651
974
378
-87
-157
-112
-426
-623
-934
-1701
-1562
-1239
-1236
-1977
-2682
-1923
-1145
-1769
-2344
-2064
-1347
-934
-1387
-1404
-909
-688
-343
-254
-213
-59
54
579
1056
574
592
1270
1979
1924
1405
1546
2430
2933
2871
2636
2541
3045
3609
3614
3599
3405
3284
4029
4253
4123
3648
3232
4289
5033
4549
3827
3229
4237
5310
4800
4294
3545
4061
5199
4816
4131
3484
3208
3493
3300
2888
1501
-880
-402
1359
851
-3019
-5806
-4048
-1602
-3482
-7228
-8335
-6444
-5336
-7323
-9288
-9208
-7873
-7324
-7916
-8645
-8654
-8018
-6708
-5709
-6127
-6798
-6097
-4023
-2821
-3384
-3755
-2533
-870
-587
-942
-648
513
1054
1080
1262
1711
1635
1639
2091
2778
2701
1739
1489
2187
2861
2461
1416
1307
2214
2232
1194
445
1045
1868
1335
209
270
803
858
635
193
165
257
635
903
-581
-1422
384
1584
752
-1572
-1862
272
763
-199
-1286
-1709
-359
-239
-1141
-1467
-1713
-830
-672
-1138
-1498
-2114
-1708
-619
-588
-1080
-1932
-1738
-826
-337
-367
-833
-1156
-795
-21
462
-94
-438
215
1257
1496
728
640
1502
2715
2886
2174
1869
2845
3610
3733
3423
3510
3777
4203
4474
4407
4033
3969
5212
5440
4711
4037
4499
5421
5543
4861
5040
4922
4790
4931
4910
5251
4572
4243
4167
3703
3063
3272
2456
684
-548
894
1989
-970
-5019
-4751
-1553
-1587
-5264
-8509
-7027
-4902
-5764
-8350
-9489
-8665
-7229
-7447
-8171
-9031
-9197
-7565
-6301
-6008
-6939
-7368
-5782
-3595
-3205
-3665
-3810
-2300
-655
-211
-251
-208
547
2064
3003
2508
1904
2303
3744
4396
3813
3060
2970
3341
3794
3553
3027
2413
2021
2265
2113
1446
824
769
1000
557
-217
-263
-189
-407
-867
-585
-463
-876
-1841
-1954
-528
-306
-1548
-2664
-1959
-259
-797
-2174
-2092
-1605
-606
-1173
-1822
-1512
-1765
-1328
-735
-775
-1357
-2306
-1469
104
-161
-1238
-1705
-678
541
367
-575
-157
693
984
512
527
1113
1289
1150
1520
1791
1668
1271
1460
2578
3004
2214
1454
2405
3537
3600
2895
3012
3597
4135
4210
4176
4416
4838
5150
5470
6053
5905
5620
5109
5905
7087
7585
6644
5480
5735
6830
7204
6026
5929
6207
5735
4120
3698
4188
3153
156
185
2192
1458
-3182
-6701
-4088
-1520
-3556
-8035
-9841
-8026
-6751
-8479
-10386
-11372
-10384
-9363
-9330
-9767
-11150
-10973
-8846
-6433
-6449
-8412
-8521
-5662
-3172
-2832
-3741
-3306
-1426
-126
705
498
871
1798
3031
4259
3640
2793
3010
4549
5625
4569
3312
3616
4339
4357
3264
2632
2908
2568
2170
1396
777
515
437
150
-460
-1377
-1389
-1117
-1768
-1750
-1850
-1677
-2037
-3214
-2370
-991
-1341
-2057
-2845
-1571
-601
-1681
-1584
-1662
-760
-381
-901
-531
-328
-1055
-513
309
1064
-214
-1690
-241
931
934
-438
-944
8
757
1
-540
-317
383
91
-157
-125
-113
-404
-358
273
222
150
-227
-40
695
752
715
922
1209
2208
2151
1844
2125
3239
4596
4172
3346
4061
5372
6047
6109
5969
6450
7047
7110
7141
7522
7628
8129
8604
8020
7898
6829
7220
8461
7984
7090
5739
4422
4984
3282
556
-483
885
2976
-1627
-8041
-8304
-4586
-3204
-7180
-11409
-10657
-9514
-10150
-11679
-12782
-11936
-11364
-10712
-9968
-10908
-12183
-11256
-8299
-5113
-5488
-7871
-7634
-3960
-705
-781
-2004
-1051
1042
2217
2799
3103
2964
3393
4809
5803
5573
3981
3277
4627
5200
4527
3213
2273
2257
1533
854
862
41
-878
-1893
-2554
-2355
-2906
-3834
-4055
-3895
-3938
-4626
-5024
-4364
-3846
-3949
-3464
-2568
-3167
-4422
-3564
-735
533
-949
-2642
-1594
657
1248
772
-435
-123
1435
2233
1880
433
-174
885
2020
2377
992
-385
-362
680
2006
1080
-649
-1495
-357
1365
874
-737
-1561
-724
854
298
-726
-558
429
976
72
451
1055
882
1326
1866
2665
2763
1925
2615
3248
3832
4493
4634
4775
4191
4146
5237
6003
6593
6214
5690
5595
5794
6746
6650
6278
6430
6275
6248
6242
6151
6065
5991
6256
6489
5660
3708
3375
2139
-221
-1262
278
2545
-392
-8452
-10347
-6193
-3221
-5921
-11834
-11664
-9708
-10475
-12529
-13432
-12089
-10804
-11176
-10081
-9947
-11353
-11708
-9434
-4329
-3015
-5324
-6283
-3962
-722
465
1009
2215
2982
2572
3077
4735
5497
5402
5416
5705
6179
5035
3648
3242
3494
3992
2997
2234
1475
-592
-2053
-1761
-562
-909
-3037
-5018
-5322
-4114
-3536
-4345
-5110
-4841
-4230
-4073
-4189
-3790
-2669
-1565
-925
-554
-703
-1742
-1745
1111
3947
3058
-110
-1068
1024
3070
3360
1825
85
142
848
1070
527
-551
-978
-1115
-803
-844
-2261
-3049
-2832
-1857
-999
-1762
-2709
-2724
-1680
-395
-268
44
398
493
987
1377
2279
3313
3460
3399
3559
4039
4344
4047
4155
4528
4671
4877
4764
4414
4057
3925
4614
4867
4605
4363
3917
4143
4260
4564
5178
4910
5512
5240
4208
4559
5076
6766
7575
6401
5258
5069
6079
8095
8182
8051
7015
4150
2666
-191
-2053
312
3202
2605
-6308
-13882
-10884
-6596
-5963
-10430
-14597
-13568
-14407
-14872
-15136
-15589
-13224
-13600
-12281
-10539
-11860
-11839
-11170
-6017
-1476
-2349
-3531
-4023
-1063
2397
3869
5107
5313
5192
4822
5325
6546
6844
6152
5126
5632
5573
3852
1821
559
1161
1321
374
-755
-2904
-4392
-4902
-4614
-3298
-3672
-5533
-6591
-5604
-3768
-3852
-4417
-3956
-2732
-1471
-1254
-791
-251
971
2686
3584
3253
379
-459
4210
7215
6125
2158
285
1714
2151
3760
2538
-660
-272
-400
-174
-1432
-3492
-2641
-3443
-2391
-2734
-4306
-3549
-4037
-3165
-2160
-1789
-1220
-1714
-457
436
1243
1986
2113
2843
2961
4021
4196
4311
5008
4398
4782
4673
4746
4729
4167
4892
4053
3743
3746
2940
3414
3106
3581
3747
2914
3374
2419
3371
4104
4162
4955
4726
5033
4572
4337
4517
5692
7156
8166
7067
6247
6192
6405
7343
10291
11767
11858
7556
1391
-4076
-6175
2720
8941
5356
-8047
-19109
-15414
-9281
-6127
-8888
-15548
-16505
-18913
-17278
-14847
-15233
-13904
-15935
-12406
-8980
-9721
-10638
-11428
-5620
119
1469
834
-1049
616
2653
5272
7968
8732
7772
4781
3981
4528
6502
7105
4788
2713
937
767
-763
-2998
-3315
-3441
-3304
-4606
-6083
-6857
-8403
-8586
-6968
-5172
-4714
-6357
-6126
-3977
-3086
-3030
-1526
1421
2930
1675
1154
3373
4913
6355
5201
4085
4538
4259
4436
3661
3076
2803
-130
-709
-745
-963
-1181
-4192
-4257
-4330
-3900
-4269
-6417
-5331
-4386
-4203
-4262
-4539
-2764
-2033
-1677
-774
-188
1469
2227
3282
4438
4798
4972
5582
6272
7421
7418
7085
7294
6300
5881
5918
6037
6229
4466
3087
3198
3144
2969
1733
1042
2209
2737
2283
797
-187
1769
4301
5724
4492
2722
3384
5425
9395
9913
8237
5948
5152
8964
11635
11427
8802
4875
6350
8765
10470
13441
9924
5663
-7193
-17701
-12873
80
9341
-1685
-21272
-26284
-23026
-15549
-13090
-16213
-14613
-19320
-20276
-18923
-17220
-11801
-13151
-11961
-7374
-5134
-3281
-5762
-3733
1362
3986
6214
5639
5650
5658
5185
6613
9335
10129
7646
2966
669
1448
1869
2028
144
-2609
-4132
-6396
-7413
-7396
-6927
-6290
-7879
-8150
-7327
-7221
-6899
-6832
-4813
-2279
-1105
-35
468
937
1620
2270
4042
6941
7541
6439
3922
3371
6040
6810
6211
4789
2715
1150
-1555
-864
868
-85
-1239
-3834
-5012
-5613
-5502
-4136
-3790
-2614
-3235
-4422
-4864
-3848
-1952
-435
1083
1556
1736
1688
1925
2668
4379
5692
6178
5857
5136
4337
3772
4104
4912
5082
4541
3257
2115
1663
1166
1476
1072
1582
1268
839
1507
2051
2698
2266
2920
3800
4934
5655
6148
7314
7910
7818
8477
9738
10134
9186
8816
10092
8952
8591
8229
8331
8818
7132
6754
5652
7192
9253
7490
9719
9127
4569
-9374
-21928
-15005
-667
6523
-4857
-22376
-26002
-23143
-17578
-14352
-14698
-13012
-16837
-17700
-15467
-12731
-8856
-9604
-9064
-5045
-1446
427
-552
-121
2559
3639
3718
5128
5808
5657
3028
2047
4220
4394
2375
-1243
-3212
-3544
-4106
-4076
-4818
-5077
-5839
-8006
-8979
-8194
-6218
-5565
-5332
-3846
-3144
-3187
-2794
-214
2162
3435
3292
4201
6461
7030
7173
6683
6777
6855
6180
6720
6571
5471
4210
-307
-2980
-967
2024
1101
-4895
-7910
-6906
-6275
-4440
-4638
-5997
-5859
-7308
-5211
-3805
-1373
-1292
-3890
-1273
427
2045
2195
2607
3851
2796
3480
4271
5038
5270
4130
4005
4001
4082
3363
2041
1960
2318
2142
1681
1369
1447
982
573
805
1274
2267
3034
3294
3967
4725
5875
6329
6263
7535
8912
10628
9831
8615
9070
10174
11362
8201
5851
7134
10273
10527
6180
2313
1726
4025
7044
6931
4317
3172
2590
4878
9278
14545
14488
2549
-15284
-25661
-15121
4589
9728
-4614
-21538
-25367
-22976
-19277
-17084
-13919
-12097
-15100
-16528
-16110
-11115
-9385
-11689
-10044
-4786
1324
1863
838
1972
2626
3106
3265
4981
6410
6011
3887
3282
4090
3233
702
-2962
-4070
-4909
-5496
-4612
-3957
-3599
-6880
-10129
-10515
-9178
-6408
-4803
-2824
-1684
-1881
-1799
-1431
705
3342
5603
6560
7009
7103
6741
6165
5673
6459
6987
6577
4629
2489
1789
-993
-4874
-5074
-2496
-1145
-4677
-8458
-8809
-9051
-7793
-6620
-5166
-2743
-3233
-3086
-2688
-191
1540
-314
1403
3731
5423
4746
3823
4703
3793
3145
2906
3445
3903
2688
1622
1340
1157
691
203
45
14
196
557
525
411
899
1205
1214
1686
2883
3811
4099
5042
6523
7317
7228
7199
8127
9161
9623
8999
7771
7831
8382
8512
8209
8020
7659
6717
6666
7486
6880
3406
1659
3134
5969
5989
4627
4039
4861
6477
7392
8983
11884
14632
5735
-12716
-24770
-16781
931
5125
-6501
-19759
-23837
-22210
-21703
-20786
-17525
-15157
-14718
-14983
-13127
-9877
-9498
-10953
-9508
-4525
2148
4770
5667
6330
5741
4481
2226
3144
5977
7425
5514
2144
1478
1114
-730
-4974
-8299
-9073
-8832
-7709
-6934
-5831
-6970
-10160
-12013
-10301
-5724
-2195
-1052
-1027
-626
748
2076
3911
5940
7194
6948
6860
7780
8514
7708
6230
6127
5230
4001
2046
2015
51
-3148
-5042
-5307
-5381
-6248
-6394
-7022
-7842
-7222
-5357
-5085
-3469
-2393
-510
-829
479
2094
2274
2890
2858
4129
3912
4050
3444
2994
2943
2280
1559
1597
1599
839
75
340
205
-406
-195
248
-35
388
1073
1441
1678
2425
3445
3522
4460
5620
6135
6754
7469
8496
9011
9165
9263
8457
7961
8014
7967
7485
7365
7820
6582
4988
4873
5733
5757
5887
6236
5637
4357
4158
4085
3317
5696
7910
8731
7584
6512
6520
6228
9857
14685
15883
11542
-2053
-18877
-25183
-13837
-226
-1125
-13034
-21016
-22871
-23510
-22387
-21662
-16664
-14366
-13022
-11993
-7441
-1412
-3789
-8060
-7390
1084
7477
8652
7542
7291
7453
6268
3995
2483
2109
1496
276
-127
-443
-2733
-6167
-8940
-11164
-12661
-11556
-8489
-4648
-3708
-5195
-6906
-5966
-2883
-947
568
1852
4373
6400
7767
7970
7128
6500
5039
4793
5166
5708
5525
3732
2387
409
-1831
-3337
-3218
-905
-1407
-7487
-11916
-7707
-1778
-838
-5256
-6225
-5518
-3563
1910
2761
3524
664
-717
-423
2852
8527
4959
1074
-334
1234
1395
237
1067
408
-837
-3639
-4854
-2747
167
281
-2159
-2265
-1229
429
2478
3279
2074
343
2255
4462
5225
5447
5330
4552
3313
3220
4422
7440
9384
8250
5013
3478
4701
7043
8206
5781
4047
4702
6577
6388
5188
5327
4910
5914
7327
8349
7724
5691
4698
4248
5569
7003
8345
8355
6770
5987
8736
14541
16935
10647
-7291
-24064
-24314
-7767
3589
-3473
-16313
-21775
-21176
-21335
-21319
-19267
-15965
-14134
-12599
-8449
-1059
2104
-3233
-9009
-6926
1078
7481
9871
10083
8941
5891
2957
1153
1690
1913
355
-1293
-1347
-555
-2529
-6414
-9630
-11851
-13167
-11226
-6561
-1913
-1493
-4063
-6276
-5536
-1997
869
2638
4398
5826
6020
6847
8530
8986
5966
3074
2691
3927
4669
4392
3007
662
-2411
-5188
-5711
-4640
-3416
-4658
-8021
-9263
-7064
-4406
-3337
-4215
-3775
-3753
-2063
1784
3778
4541
2529
1060
831
3081
6163
4146
1687
447
56
-1356
-2581
-1218
-1080
-1766
-3510
-4558
-3244
-1645
-1149
-1218
8
1532
1546
2486
4400
4745
3935
4155
6233
7677
7209
6496
5645
5419
5292
5222
6478
7716
7313
4398
2731
3874
5884
6563
6075
5491
5948
7117
6903
6071
6559
8520
8875
7431
7355
7211
7860
6764
5578
4072
4543
7057
7613
7311
7256
8769
10783
13116
7799
-7205
-23876
-24051
-9213
1099
-2992
-14269
-18923
-18605
-19906
-20944
-18014
-12337
-9435
-8883
-5176
1637
3220
-1512
-5896
-4018
1883
6397
9569
9768
7779
4428
1387
261
57
-888
-3044
-4210
-3096
-2447
-4005
-7004
-9272
-10819
-11484
-10334
-7018
-2488
-274
-969
-2740
-2236
-287
1384
2939
4920
6523
6562
6401
6944
7169
5733
3800
2661
2727
2202
1891
1216
-303
-2186
-3763
-4130
-4596
-4083
-3846
-5005
-6312
-5348
-3470
-2537
-2615
-1916
-1228
-772
1049
2534
3425
2676
1706
1245
1708
2761
1946
449
-489
-1296
-2399
-3121
-2740
-2682
-3051
-3171
-3347
-2909
-1751
-589
123
932
2060
2877
3723
4667
4945
4975
5316
5854
6233
6374
5806
4726
4185
4711
4964
5213
5574
4830
2912
2170
3841
5961
6306
5116
3868
3705
5120
5826
6100
6419
6880
5704
4633
5846
7413
8203
7767
6281
3352
3384
5545
7564
6975
5841
5300
6278
11516
13933
9651
-5654
-21917
-26867
-16084
-2622
-1532
-9856
-17238
-20728
-21980
-19579
-16032
-12734
-12626
-10152
-4759
2425
5251
664
-4831
-5251
-91
4869
8457
9967
8900
5352
1781
254
119
-175
-2650
-5532
-5566
-3667
-2295
-3715
-6585
-10057
-12070
-10921
-7393
-3173
-1046
-640
-1373
-723
848
2138
2296
2923
4956
6280
6813
7180
7733
6198
3377
1246
837
1160
1490
828
-783
-1894
-2795
-3490
-4321
-4026
-4735
-6041
-5472
-3371
-1887
-2097
-1292
-671
-989
-485
1253
2786
2963
2179
1711
1416
2281
1803
556
45
-311
-1516
-2718
-2370
-1561
-1463
-2093
-3013
-4010
-3491
-2279
-760
559
1417
2110
2662
3001
3705
4179
5134
4602
4153
4933
5794
5920
4325
3061
2103
2180
3315
4559
4148
2862
1759
2788
4205
4712
4327
3528
4134
4775
5390
5630
5899
6152
6000
5619
6363
6672
7076
7645
7015
5378
4164
5779
7357
7813
7732
7564
7623
10926
13182
10152
-3968
-21432
-27163
-17291
-3168
-2389
-10394
-16761
-19428
-20495
-19887
-16713
-12752
-11604
-9609
-4750
2604
6180
1999
-3688
-4460
-350
4466
8292
10885
10379
5872
1967
766
990
-290
-4168
-6843
-6214
-3872
-2728
-4228
-6601
-9867
-12624
-12006
-8400
-4089
-1690
-1665
-1833
-600
1626
2899
2059
1815
3016
4788
6455
7685
8551
6736
3434
1189
1064
1261
1053
310
-346
-971
-2124
-2751
-3332
-3656
-5212
-7618
-7264
-3947
-1009
-1217
-2095
-1303
-1358
-1797
-133
1987
2406
1153
963
2036
3234
3539
1433
-923
-1910
-2410
-2489
-1473
-392
-910
-2563
-3399
-3780
-3850
-3236
-2310
-945
618
1731
2150
2491
3272
3368
2296
1885
3212
5524
6590
5840
4722
4295
3757
3118
2741
3396
3955
4350
4974
5427
6142
6132
5200
4084
4647
6227
7127
7417
7792
7834
7321
6497
5672
5530
6408
7752
7179
5166
3898
4371
4967
5237
6216
7616
8262
9011
10942
10631
1285
-16112
-26793
-20905
-7542
-3262
-9681
-15709
-17767
-19088
-20353
-19189
-14820
-12822
-12154
-8299
-211
5809
2883
-3757
-6823
-3839
852
4379
7164
7791
5629
2328
1001
1089
-302
-4093
-6858
-6009
-3735
-2537
-3325
-4975
-7079
-9582
-10432
-8488
-4646
-1656
-1293
-1571
-34
2677
3718
2703
2411
3870
5018
5786
7013
8334
7599
4616
1872
926
1437
1053
136
-539
-495
-1495
-3027
-3675
-4100
-4129
-6034
-7718
-6697
-1740
1388
-234
-2405
-1698
-851
-1334
500
1999
2533
1629
2182
3151
3624
3176
-825
-3495
-2791
-1169
-1226
-834
-330
-1896
-4237
-3859
-2514
-1456
-436
-381
-227
962
3172
4449
4570
3747
2509
2227
4295
6303
6411
5265
4185
4122
4838
5371
4326
2835
2729
3671
4550
4868
4670
3867
3365
3330
4037
4752
4856
4570
4849
6747
8484
7680
4999
3873
5431
7369
7722
7296
6441
5315
4964
5817
7176
8262
8853
9539
11619
12912
8171
-6051
-20641
-22569
-12646
-4387
-6570
-13366
-16807
-17930
-19197
-19286
-17818
-15685
-15668
-12319
-4744
3008
3662
-2419
-6503
-4938
-528
2584
5796
8155
8049
4285
1884
1993
1753
-1248
-5004
-5218
-3139
-2148
-3433
-5782
-7190
-8705
-10243
-9963
-7661
-5051
-3901
-3697
-2359
-518
693
1570
2189
3110
3582
4609
6810
8295
8414
6924
4883
3637
2487
2167
2100
1532
768
-332
-1218
-2122
-3342
-3959
-5349
-6647
-6547
-4652
-2448
-2390
-3178
-2955
-2422
-2113
-910
868
2300
2246
2533
3404
3881
3823
2323
817
290
495
572
-58
-986
-2390
-3410
-3134
-2900
-3178
-3212
-2641
-1814
-1063
-53
640
1213
1878
2481
3242
4408
5063
5080
5313
5866
6015
6032
6190
5763
5248
4854
4840
5097
5709
6315
6010
5035
3593
3484
4785
5568
5466
5564
7520
8177
5908
4942
7674
8680
7698
6412
8325
8921
8755
8613
8649
8893
8974
8974
11399
13667
10363
-1232
-15296
-19823
-13769
-6695
-8135
-14671
-16845
-16786
-18074
-19090
-18904
-18092
-18863
-16438
-9390
-1680
565
-3319
-7590
-6185
-2216
2207
5589
7430
7895
6309
5675
6466
5254
1741
-2132
-2197
249
912
-264
-3016
-6167
-9491
-11013
-9584
-7225
-7219
-7578
-7005
-4956
-3129
-2828
-2198
-1150
425
1395
2768
5263
6865
6804
5825
5501
6105
5740
4349
3454
3166
2564
1468
868
1272
-187
-2316
-4094
-4028
-3782
-4944
-5605
-4396
-3244
-3932
-4849
-3831
-3271
-3674
-2958
-1405
50
784
1134
1608
2091
2372
1307
660
1848
2156
1322
413
10
-434
-1035
-1191
-1476
-1553
-1359
-1805
-1714
-650
110
351
515
1187
2085
3132
4314
4403
4173
4639
5473
6761
7075
6435
5409
5442
6186
6734
6313
6555
6507
6511
5476
4724
5687
6562
6461
5711
5869
7350
7459
5966
4841
4899
5758
5461
5531
6730
7104
6935
6091
6461
7800
9070
9981
10232
9090
4930
-4431
-12162
-12946
-8260
-5874
-9267
-13019
-14566
-15776
-17423
-18422
-18295
-18086
-18541
-14782
-9255
-5156
-6302
-9341
-9973
-7412
-4069
-193
2666
4742
4638
3982
5331
6052
4821
1687
448
2139
3785
3330
1926
-219
-2591
-5887
-7328
-6479
-6220
-6991
-7791
-6998
-5693
-5418
-6303
-6366
-5328
-3717
-3039
-1482
912
2327
2619
2191
2938
3957
4135
3628
3668
4314
4556
3966
3636
3317
2058
1068
263
824
669
-1526
-3579
-3190
-1720
-2734
-4176
-3863
-3296
-3319
-2466
-1438
-1237
-1300
-1405
-518
788
1946
513
-165
961
1788
1523
1870
2229
1457
901
1078
1536
1799
1932
529
11
885
1577
964
346
234
131
646
1663
1876
1743
1503
1553
1890
2619
3434
3988
4508
4576
4943
5683
6185
6367
6383
6130
5903
6280
6803
7039
6778
6694
5958
5463
5405
5212
4926
4974
5163
4833
4419
4586
5587
6090
5763
5081
5925
7862
7197
3409
-2252
-6586
-8056
-6375
-4630
-5660
-8596
-10110
-11095
-12178
-12893
-13827
-14435
-14830
-12478
-9136
-7123
-7494
-8798
-9002
-7658
-6203
-4458
-2362
-670
255
467
1826
3191
2795
755
-214
1251
3110
3357
2995
2020
419
-1532
-2257
-1481
-1528
-2923
-3888
-3177
-2477
-3409
-4509
-4061
-3339
-3857
-4390
-3225
-971
-298
-1033
-1117
401
1346
720
73
610
1174
1150
1501
2313
2856
2685
2004
1837
1265
153
-673
246
484
-709
-2045
-2169
-2303
-2677
-2505
-2715
-2881
-3239
-3002
-2722
-2392
-3011
-3748
-3344
-2261
-1496
-932
-394
-196
332
1142
1596
1660
1544
1571
2053
3062
3493
2801
2249
2165
2103
1969
2324
2809
2522
1719
1754
2667
3057
2591
2544
3025
3595
4040
4428
4711
5038
5160
5271
6007
6614
6453
6247
6610
7009
7411
7751
7547
7063
5933
4097
3177
4494
5717
5051
4141
4143
3640
2979
2326
1709
652
28
308
1237
1885
1831
670
-485
-1950
-4051
-4378
-3496
-3079
-4403
-4513
-3177
-3384
-5413
-6516
-6712
-6716
-6924
-6609
-5631
-4707
-4784
-5710
-6166
-5673
-5565
-5794
-5142
-3707
-2474
-2267
-2222
-1564
-1550
-2154
-2610
-1892
-878
-36
403
653
783
893
289
-447
-696
-796
-1271
-1368
-669
-477
-1044
-1554
-1990
-2739
-3013
-2359
-1709
-1784
-1370
-912
-560
-334
-35
73
298
694
1295
878
166
-83
894
850
-316
-1166
-945
-1296
-1689
-1628
-1696
-1567
-1786
-1341
-1362
-1230
-1821
-1649
-1176
-530
-187
409
570
1059
1628
1785
2028
2290
2083
1845
2955
3682
3033
2938
3678
3574
2937
3110
3284
2856
2424
2786
3139
3282
2743
1626
1952
3164
3015
1821
2602
3935
2977
2597
4301
3626
1826
3013
4523
4362
4167
5144
5062
4949
5332
3808
2874
3254
2694
2155
2780
2786
1516
1106
1063
264
179
122
-638
-772
-388
-522
-648
-555
-1133
-1459
-954
-536
-661
-359
-604
-950
-1054
-841
-977
-1590
-2546
-2993
-3257
-3573
-3939
-3861
-3551
-3714
-3719
-3830
-4102
-4836
-5037
-5139
-4818
-4374
-3912
-3622
-3386
-2953
-2792
-2787
-2916
-2628
-2564
-2329
-1861
-1526
-1282
-565
-232
-985
-932
-32
473
471
1011
1405
1138
1328
1733
1463
1027
1449
1630
1540
803
221
143
732
615
45
-555
-158
238
-992
-404
-152
344
-956
-1544
233
772
545
-1810
539
667
-173
1170
854
853
2509
1855
88
2072
2570
1485
826
2313
1182
2451
2634
1894
2919
818
178
2507
-306
-278
1366
1436
-280
2901
1172
-1584
2192
64
-983
3206
1949
-2010
4467
6317
-2335
408
5694
341
250
6364
2016
-1732
4977
3848
-1732
2539
2420
-603
-269
1334
1049
-944
805
-2398
1597
-493
-3039
921
-1009
-2889
-916
3022
-1546
-3454
664
-1642
-641
-2010
-1938
-240
-3000
-1340
1851
-215
-4680
438
1628
-4667
-1866
2550
-534
-2068
1314
759
-447
-688
456
1577
25
-723
225
2099
-462
-880
308
-1370
-1468
-1527
-1465
-1945
-971
-1572
-1670
-863
-3271
-2366
-680
-2328
-3965
-1233
-440
-2329
-322
11
-2567
-331
773
-3306
-282
2482
-2817
-794
3713
-2083
-3278
2985
516
-2695
214
2297
-286
-2554
1106
1968
-2897
-2524
3526
-171
-3187
270
1354
-1041
-2650
2251
829
-4515
-204
5714
-3452
-4556
6064
333
-5100
2679
6549
-3898
-2346
5544
583
-2726
1156
2070
-3396
4322
1365
-2624
2453
966
-1141
-1
2686
-1346
372
223
2406
2346
-5944
4651
2872
-4831
1971
4925
-2631
-2876
6270
-3884
-2530
7336
-2651
-3344
4419
1488
-4587
1481
6075
-5217
1783
5189
-4647
2904
711
-736
-35
3959
1908
-4224
2833
1721
-370
-1980
1102
-474
-2725
6418
-4344
-1881
4590
-2923
-3034
409
4684
-3452
-2238
4738
730
-1756
-4305
3901
2865
-5667
756
5174
-2357
-3073
7095
-3808
-2815
4257
-3774
-381
1683
6
-3475
-948
1141
-587
-1008
-2064
788
-768
-1262
272
-2633
-612
1199
-3954
719
1780
-2587
-4168
2088
-1688
-2479
2271
-108
-4040
-2411
3648
-1341
-3696
1518
-723
-3576
1809
4309
-5739
-2603
3463
-1346
1670
-966
-2508
2238
-148
-1221
1431
1527
-4365
1036
4942
-1592
-2868
2317
4686
-1658
-1701
2941
2845
-5903
5827
3295
-7105
1379
8259
-3299
-5454
9805
-1945
-3776
6126
1552
-3336
-461
9029
-5644
48
9020
-6604
1970
5696
-602
-2226
4468
3404
-4341
4799
1222
773
1440
-1244
5951
-1673
3285
-567
2120
3949
-805
-88
6934
2757
-7623
10189
1447
-356
483
5388
2036
239
4010
961
4365
-5119
8212
1347
554
2193
3539
1283
-2921
6985
860
-945
918
3006
1938
-1976
5395
-2730
431
1376
710
1756
-2346
4321
1453
-7158
-2247
11139
-6003
-12424
12362
217
-9631
1518
3211
-6670
-4851
3445
-3034
134
-1909
-3532
2095
-2000
-4646
-2013
2420
-7091
669
4894
-7579
-5745
2208
2104
-8933
171
-391
-3953
-883
970
-434
-9019
2331
702
-3971
234
2253
-5052
-4697
4295
3435
-6240
-3412
2821
-1065
-1750
-1976
3135
-3321
1338
-1339
-4313
6431
-385
-8986
2710
9694
-6667
-9828
11634
3157
-17107
8761
13739
-18147
-517
16508
-6526
-10367
8715
4173
-11662
6594
8355
-9947
1965
8233
-4011
-4528
4546
7533
-12357
7662
8022
-9148
6313
-594
-600
141
7319
-4488
-2974
11821
-2578
-4498
4508
7126
-9017
-2179
12323
-4223
-3489
4445
4616
-2013
-1676
463
-47
5858
-3262
-587
3059
-3202
2052
2903
2731
-3564
-778
5604
-2166
-1647
2277
4625
-6722
4389
6380
-8079
197
7263
-3224
-3069
6863
3574
-7085
-2322
13247
-3037
-3663
522
2708
-2083
-1522
6558
-4302
670
-258
3397
-1129
-4447
1452
518
-3035
650
984
-4474
2697
3354
-9323
397
6577
-9927
782
5016
-1696
-4889
-395
3419
-5145
916
-1559
-1835
2394
-4488
1686
2201
-1215
-3702
-368
4611
-3349
-1118
88
496
338
1020
-3875
3673
1090
-4599
5007
-4008
4859
776
-2450
-81
5297
-3283
1299
8009
-9588
4578
4665
-958
-4352
4708
5151
-5105
6529
-4180
3893
-954
-3194
6548
-4805
1964
-3124
4148
1006
-4779
1766
-1146
4145
-5706
907
-11
-5796
1904
-281
-1009
-3827
2739
-2947
-10481
10085
689
-13151
1206
10044
-10389
-6037
6336
-4705
-7739
2696
1708
-8631
3863
-884
-6433
4590
-6232
-2618
3405
-2980
-2585
-1077
1537
-4521
-660
214
957
-4792
361
5086
-5956
-958
3944
689
-1209
-2346
124
2020
2692
-5665
3437
5726
-419
-2906
5036
4756
-4610
6791
3975
-2057
-53
2951
2959
1182
121
1213
6742
43
-2274
9392
-6400
-1002
6932
214
1213
-1822
2444
1445
2126
-2743
-162
4418
-2313
905
1822
283
-625
-3048
4841
147
-5148
1359
-2800
5077
-2153
-4385
7613
-6414
-3082
4838
2310
-6831
-3358
5125
3
-2586
-3422
6913
593
-10124
2703
8787
-11406
-3280
13655
-10292
-1900
10686
-3952
-7288
10524
-3114
-4674
9484
-3487
-2082
7265
-3912
163
4088
-2400
-453
2997
1720
-2677
3425
4280
-4022
-4777
12057
4
-12049
8039
9659
-14150
2323
14297
-15017
1761
10799
-5634
-3957
3640
3212
-11406
2004
8288
-3761
-5902
3137
6787
-8253
-390
420
1487
190
-4657
4521
-3321
-3022
4571
-4856
-452
5
743
-4679
1927
77
-5166
8871
-9969
-2845
11279
-9428
-4821
5191
2949
-8004
-2126
4417
-726
-2171
-5569
6768
-13
-12782
7448
587
-3871
-526
1913
-4760
-3930
4790
-4938
1076
-660
-2933
5802
-1802
-8517
4103
3995
-10675
1596
6029
-8850
-577
1234
1873
-5294
-612
7201
-10306
-179
3138
1501
-8658
2755
9339
-16351
3451
6786
-7068
-2178
4824
-699
-8558
14372
-6761
-9787
14311
-5937
-9573
12205
3641
-16425
8057
12934
-18425
2358
12143
-7676
-5575
5277
5799
-4368
-4954
4431
3838
-2210
-3614
558
7513
-4591
-2398
6624
683
-1211
-6307
11030
-670
-6243
3031
4916
-288
-6804
10667
-2994
-1522
4583
435
1659
-4248
1368
6237
-2257
-2088
-152
6011
980
-6249
6029
5019
-6387
-1414
6948
7073
-9733
311
12171
-7422
-2519
6220
3859
-10072
7887
9116
-13501
4718
6530
-2429
-1582
4452
5041
-10541
5639
5864
-2473
-7712
11621
4298
-16523
14927
2431
-6855
-1505
8949
-2974
-2294
6762
-4909
1837
-648
5051
2270
-8172
5494
-509
1614
-4964
2750
4722
-7347
3849
-30
2616
-3031
644
5834
-7441
1999
7712
-5879
-3808
10464
-631
-11510
8771
3452
-4692
382
7498
-3030
-5507
11601
-6093
-3848
2330
4706
-2711
-3201
6705
-1827
-3427
1743
6009
-4471
-2926
1636
1910
-468
-3221
-4974
6783
-2976
-2619
2674
-6194
3242
982
-1913
-2476
-1524
6098
-12950
7272
1921
-9646
3378
1484
-5618
405
3494
-6191
-2286
4946
-1620
-8591
7143
1247
-9540
-1709
8099
-5529
-5486
8955
-2430
-6170
4850
-2335
-961
69
2872
-6536
2059
8882
-10604
-1910
9346
-5328
-3314
5859
-4084
-1637
3800
-656
-2230
1641
350
-2160
20
565
1497
-3622
2279
4582
-7964
1800
4762
-3981
-3831
1945
3275
-3689
4816
-4101
-4290
6755
-338
-2708
-2517
5569
-2204
891
1052
-3957
6141
-4192
2422
-1201
4904
-5282
-6710
14323
-909
-5367
-42
10925
-6003
-7798
15528
-6951
-3076
7484
-6035
1712
3040
2405
-8356
4212
5959
-6648
3351
1260
-1079
-768
89
4764
-7364
2954
3107
-6538
2752
2799
707
-8778
2292
8049
-2461
-9487
3911
7033
-7170
-2744
2402
4909
-6857
-3966
9894
-3897
-11003
8500
4425
-10007
-1328
8316
-2380
-7553
4496
1553
-4974
513
4040
-239
-6389
4664
-698
2150
-1651
-3753
7875
-3263
-2608
2615
2236
-1777
-2650
5594
3171
-7661
3740
3824
-4023
1399
4447
-4602
4029
426
-2920
4075
-186
1000
-1170
4929
-3384
2933
-1164
-379
6806
-9678
4220
1623
5408
-11696
5093
8150
-8466
1329
1425
4421
-8080
4140
11089
-15171
404
8022
-456
-8508
2134
10808
-11933
259
7467
-1851
-4124
-195
5129
-4420
-3002
6828
-86
-4199
-3556
5161
-1519
-1580
2870
-3958
1050
3815
-5524
-936
1148
-1352
-366
116
1845
-4587
2012
2013
-3815
-2241
4731
-3456
-1332
4077
-3761
1482
-2020
-2350
3127
-4434
2399
-2123
2390
-2496
-1902
4892
-7491
4364
1432
-1729
-4017
3652
3741
-7132
4845
806
-1981
-2440
6130
-1067
-4981
5763
257
76
-1735
1203
2488
-2171
-685
2324
1227
-2881
207
7305
-1021
-6091
5698
2518
1077
-1313
-1856
5125
2092
-5539
-84
10537
-7238
-2948
9081
-2265
-6839
5988
6881
-12064
4649
10400
-11039
1283
4781
595
-5396
1370
4247
-3769
272
-2442
1487
689
-1854
-1124
573
453
1500
-9488
6129
3521
-10475
2389
3017
822
-9334
2995
5346
-8500
1016
2975
-4238
-76
1187
-1704
-3285
771
654
-3099
3290
-3910
-1638
2691
1894
-7239
729
8835
-10846
873
10054
-5669
-8497
11204
2591
-13528
4798
7548
-5374
-1109
2979
676
-344
-715
2933
103
-678
986
2790
1780
-5252
5341
1994
-3196
1885
2682
3088
-2925
2625
2600
-41
-2975
2409
5674
-6067
409
7270
-1421
-7056
7202
8681
-15201
4531
12016
-8623
-1525
7413
657
-7171
6751
1720
-3753
1296
1651
-2284
-1033
4576
-87
-2830
-390
3934
-3915
11
2583
-1355
-1366
1341
3096
-3804
-1700
1549
-412
-745
759
-3636
1720
2282
-5688
-215
614
-457
-1849
847
-945
-2201
1244
-189
-3470
-893
722
-1124
-2387
-1365
3782
-5115
-546
400
-2965
4686
-6982
-1753
5962
-3025
-4467
-514
7726
-11398
-168
4559
-2039
-495
-8678
9241
-3533
-3271
-315
5402
-4795
-5374
11731
-5797
-4524
4971
4396
-7067
523
5507
-3716
-145
2402
-482
558
-313
2262
923
-1937
1160
1102
2874
-2071
5246
-206
-3566
8137
-1253
-947
1377
3096
-701
-179
5442
-2490
-32
778
1927
828
-3097
4438
819
-3119
4253
-64
-1720
-1063
1498
3354
-1304
-2293
3250
663
-2526
2244
460
-2885
669
4168
-3891
-353
3148
-353
-2990
-1465
6080
-2991
-3772
4246
1517
-3567
-137
5169
-4619
-2427
4672
-1349
-2802
4907
-931
-4125
2391
3078
-3962
-1028
2020
1172
-1559
-545
2143
-2201
-763
149
992
-3373
1769
3501
-4962
-2761
4551
1076
-7267
1745
2115
-4951
1997
314
-3909
383
1220
-3250
-1491
1223
-891
-4467
4282
-957
-6184
3435
-386
-4733
376
-1039
-464
1002
-3554
-604
3754
-4015
-4244
8504
-4866
-3526
4696
145
-3504
-137
2813
-472
-3113
-998
6414
-3747
-2533
5896
-1793
-1008
-66
4557
-2917
-2735
8228
-3564
-1510
6199
-1132
1192
-710
-148
2785
-90
-443
-272
2442
266
-1869
133
4105
-4976
2085
1614
-387
-1325
1351
2611
-5538
2211
967
-1779
-86
-634
19
-637
3076
-2575
-4658
6540
-2226
-4425
3820
1554
-4743
-748
7607
-4746
-5221
7510
2717
-7520
3051
4692
-2394
-174
-596
5721
-4529
-441
3241
811
-1760
-422
3045
296
-1453
-1239
4585
-369
-5331
4023
6635
-8756
-947
9223
-7543
-2279
5230
2167
-8689
1241
6884
-7073
-1095
493
1839
-5571
-151
2961
-5931
881
410
-2440
-2430
-2017
1650
-4287
-302
-1061
185
-6260
3912
-1103
-6555
3946
-1515
-2177
-2763
5336
-2418
-6194
3458
1949
-3930
-430
4045
-1969
-4187
6325
1264
-4232
1896
4848
758
-3739
6526
1871
-3584
2947
4132
3388
-5825
5955
5214
-2694
3379
1830
5596
-3167
4333
6124
-2109
2289
2830
4156
-2144
4783
3205
-3218
5959
1694
-211
467
6010
-323
-2111
5315
135
-783
-1064
7940
-5379
-2273
11871
-5877
-5269
6547
2951
-5406
-1607
7339
-2933
-6904
5792
1571
-6291
226
1975
772
-4879
-161
2809
-5062
-798
709
581
-4571
1273
-1492
-2691
-1325
-381
2354
-7614
1525
3496
-6648
-2726
5241
-6210
-1390
2613
-4664
-1709
918
2644
-7968
1660
1921
-1365
-3570
1109
1469
-5574
581
3253
-3504
-3744
3594
-575
-3393
-126
470
80
-68
-1823
-1235
2865
-2263
-37
-1035
1111
-1124
-2252
5487
-3115
-2993
5054
943
-7435
5759
1725
-6502
4336
1059
-3308
641
903
559
-2865
2532
165
-1437
289
3619
-2554
-97
3984
-1992
-3744
6185
2727
-9239
6302
-554
996
-2279
1981
2090
-5420
6263
-4793
3947
-2432
1159
2440
-5091
5166
-3724
4768
-6406
1206
4616
-3067
1602
-1371
3070
-3193
1069
1760
-334
-106
2892
415
-4426
7404
-1478
-3644
3278
2276
-1582
-2288
6332
-2363
-3727
9900
-5768
-2632
8510
-809
-5642
1242
10470
-9658
1805
6583
-7274
3092
2653
1635
-5515
2555
6232
-3378
-1609
1859
5848
-7224
3069
3883
-4646
1121
3600
-3543
-15
4081
-2788
-1983
4403
-1058
-5005
287
6087
-4080
-4179
5650
-2565
-4473
3142
103
-1844
-3540
2542
-1351
-1362
-892
-645
552
-2748
-1252
1483
-616
-3489
-667
1107
-1932
367
-3484
-807
3765
-8553
1667
833
-2507
-1624
-1111
1790
-5470
1052
-851
-734
2444
-7854
4766
-1066
-2914
1167
-4429
2027
-2254
1238
-1976
-3881
4885
-3607
-272
-726
2346
-79
-3384
2330
1372
1951
-4222
2094
3939
-3371
106
2721
-2299
2445
1592
-3676
4233
2714
-4376
1674
3725
1381
-2957
2127
3170
1232
-2608
1541
7366
-5006
2680
4357
-1329
403
3971
3724
-4394
3905
4355
-38
-1414
-510
5748
1148
-4911
3952
4393
-561
-2469
-443
8381
-2639
-4170
6642
3710
-5198
3752
3525
-858
-1973
3370
3206
-4201
4124
-1631
4454
-4081
1336
4662
-4252
2195
-1669
4447
-4271
-1486
3938
-2301
741
-2882
1863
1424
-3057
-247
-911
-1058
2696
-1720
-3327
5820
-3441
-2598
3973
-1723
-1391
-666
1312
-1916
317
2610
-5893
-167
4147
-121
-10234
3979
4438
-7298
-2437
6717
-1967
-5346
3217
5917
-6968
-3490
8966
-3291
-4932
5427
1687
-5198
3912
2131
-6856
2780
2572
-5142
-1772
4950
-2726
-3829
4330
669
-6442
1251
3671
-4535
-591
2828
2747
-5201
1659
3010
-1009
-1066
659
1596
-2271
-124
4215
-3105
-2851
3848
498
-1493
-3113
2302
-103
-5310
4362
-960
-104
-792
-198
2634
-4096
2336
-2448
488
890
-2330
2464
-1887
1695
-2807
-722
2503
-1824
-2386
655
2338
-4023
-2065
7662
-4889
-6795
10698
-3345
-6352
3216
5875
-6893
-4530
10645
-4894
-2185
1597
3384
-4078
-2963
6364
16
-4667
2897
4701
-6635
3139
7570
-7830
-1531
9066
-2927
-4397
6048
1874
-5597
-187
7577
-5023
-3075
4680
730
-5207
2037
4128
-4884
1828
604
1127
-995
-1349
2635
-3200
3910
-2840
-1868
5194
-1793
-3762
-2375
4598
-3707
-2243
3632
-7750
4182
1277
-8553
-141
2744
-523
-8480
2597
4545
-9232
-419
1471
-2064
-4494
-1680
6079
-9618
1549
264
-2635
-432
-2184
691
-3251
-25
286
-1052
-2916
1137
-89
-2248
221
-1466
1169
-1657
986
-497
615
1946
-4072
5655
788
-1544
4462
-3782
6452
662
-1189
2157
1376
6325
-2074
879
4678
2875
-399
-580
9516
802
-4698
8242
1739
2028
410
-550
8322
1650
-3110
6327
3153
-335
2857
4716
-2327
2217
6918
-2473
-478
6361
1659
-2768
3649
4404
-2157
-995
5275
-1773
-1989
3015
2484
-3664
-1928
6900
-2575
-8450
7878
4699
-15759
5477
8411
-11402
-2546
5412
-2513
-3613
1341
-3950
345
116
-4643
-1937
-1165
2145
-4759
-6838
1190
2414
-9585
-654
2819
-7961
-834
1801
-1129
-5719
223
1150
-6191
1118
-262
-2965
-1700
1044
313
-3449
1202
-2182
-1602
537
138
-1192
-1613
3382
-2948
-2019
2324
1069
-3589
1255
4767
-2650
-2330
3980
2275
-2317
494
3779
-3912
5542
919
-3537
1418
1520
868
-1990
5721
-4176
908
3431
-85
481
-2998
4869
557
-1673
2777
-1269
3770
676
-1924
313
2990
-35
-2034
2561
3065
-4586
1570
4149
-2161
-3139
2367
3949
-4503
3530
1899
-3614
1386
3611
145
-2454
-417
6378
-1308
-6350
7321
1125
-5231
1274
6494
-3940
-333
3880
-3663
1751
4388
-3593
-1914
7295
-99
-2645
485
5613
-4325
2363
2539
-2203
1217
705
3596
-4298
-849
5920
-458
-6954
5168
5441
-6472
-4209
14817
-8801
-5819
9894
2435
-12047
7047
6334
-11870
3157
9043
-7964
-8122
13172
-750
-10151
1272
7131
-2003
-11834
7871
3722
-8600
1380
1897
-226
-4364
2487
-1628
-1500
282
-2963
2497
-4383
-2079
5000
-4665
-4950
2215
3473
-6150
-875
-907
4828
-5890
-2671
4749
-1902
-3281
-1311
4554
-4610
828
2876
-5622
38
5197
-4023
-2892
3494
2437
-5601
-948
8254
-4845
-4314
6060
1614
-6173
3878
3705
-3440
-1565
3335
2562
-2964
-2139
6917
-563
-3741
1576
5745
-613
-5368
5724
1311
-2065
780
-1044
4044
-408
-3142
2644
3921
-4251
-1704
7002
-2962
-2038
4020
1005
-972
2311
-1311
-28
3277
-4325
177
5830
-5193
-2505
7025
-52
-6853
5707
1497
-2889
414
141
2062
702
-607
-4111
5263
-1063
-4940
6443
-2269
-2464
3057
643
-4280
1109
3686
-6686
3629
-697
-491
1840
-3927
2271
-2429
831
-1606
4801
-1753
-5726
4562
553
-126
-5413
3395
81
-2666
3953
-4616
2080
-1134
-1992
1473
-1311
1447
1088
-55
-807
-1165
2608
882
-2235
1019
1426
1806
-3326
4608
3330
-9591
3359
7832
-3879
-4018
6723
558
-3972
4379
246
-2721
2912
1932
-105
108
544
2628
-2631
2791
-2795
3774
3260
-6089
2718
3022
-706
-6451
5056
3991
-6221
-363
3029
-2472
1202
1003
-6658
3128
5131
-5798
-1950
6526
-5070
-3450
1360
2483
-2707
-3977
4069
-1169
955
-4495
-807
1863
143
-3164
335
1379
-1682
2338
-2215
-1651
-1159
3741
53
-5070
2785
-54
3462
-2701
-3116
5148
1735
-6959
1696
9403
-11022
-469
10381
-2009
-7055
4538
5689
-6552
2321
2774
-6692
4647
2532
-877
-2238
-1969
9089
-5689
-5440
7742
-1479
-2332
982
1077
982
-433
-1460
696
2409
-2993
215
4153
-2323
1027
-710
-330
2595
-4605
2156
861
2121
-4975
941
4623
-6035
502
2243
4047
-5689
-3137
9527
-4087
-5375
4618
2294
-2956
-3138
3063
4546
-3695
-4401
5570
1142
-3920
1864
2217
-5542
3327
2831
-6479
4382
1041
-5283
2801
2395
-5314
1789
6227
-5962
-2153
7362
-2354
-1488
-692
3995
-2263
-3664
5284
2329
-3493
-3868
8662
-1912
-4584
4229
808
-1113
-2835
4188
-228
-61
-1113
2384
2314
-5549
1529
5643
-3825
-524
5233
-4167
-1175
5513
-1176
-2454
5381
-3975
-108
5284
-1649
-4766
4067
2688
-4579
3595
1726
-1402
-4890
5006
6792
-9880
668
4747
-965
-4179
2976
1376
-4895
1743
1721
-1702
-2180
-4150
5996
-1680
-6868
5284
173
-4068
-1934
3142
-2583
-3636
-558
4692
-3936
-7158
6145
42
-2941
-3776
2196
1128
-4644
-333
-3839
7281
-8289
-1825
5805
-4948
-360
-174
3561
-10309
4110
5088
-6577
-2159
2642
3996
-7189
5455
-4008
-108
6294
-10858
3071
5481
-1847
-5213
6287
1355
-6436
6662
-584
-5294
4201
4167
-5321
-1376
10134
-6602
487
1808
429
2783
-1798
-3278
1959
8995
-12429
932
13750
-10475
-1426
6325
-1511
-3518
4130
32
-4661
4581
1736
-1963
-4806
3975
4838
-7040
678
2811
737
-5537
3678
3414
-6036
-379
3717
2917
-10746
6978
1982
-8190
4379
3447
-4968
-1301
8317
-4317
-7814
10088
-1460
-5732
2737
3827
-3560
-6072
11835
-6818
-8392
13446
-2143
-6415
-1246
10148
-5285
-4276
5556
-2017
2034
-536
-755
3541
-2682
2572
-3344
-285
4630
-1972
913
-3509
8747
-2513
-6335
8709
-3335
-799
1026
4211
-4009
2785
5949
-7941
4879
2615
2778
-5800
2402
6113
-6224
2973
2650
3680
-7442
4514
7179
-9121
4551
249
183
46
3706
-1649
-86
4222
-1627
-2686
3873
5262
-11179
2547
9270
-4576
-1728
1734
3059
-4179
60
3104
-1602
-3123
1678
3329
-1244
-3424
6950
-1292
-7475
6870
767
-6119
4470
-358
-4701
4739
3103
-2522
-4885
3321
3056
-5608
1698
2136
-127
-1823
2202
3051
-4981
549
4072
-4405
-1037
5978
-3344
-942
3291
3546
-4647
-3339
10165
-2588
-5170
2382
4717
-1086
-2931
4175
-1213
921
2400
-3787
835
5231
-4892
-1381
9221
-1958
-9939
8416
4305
-11161
1903
9958
-6144
-6819
10764
-2111
-7495
6756
-138
-6429
3658
1147
-2981
-1420
-396
1167
-1611
-3919
-868
5905
-7218
-5131
9194
-5715
-6405
8243
-1414
-9361
3119
5878
-8957
-2964
4915
-2248
-4199
1232
457
-5195
554
-678
-1762
-2128
-38
1402
-2698
-1828
1239
547
-5174
501
3568
-3108
-5209
7039
-1157
-5438
3380
2032
-2324
-2454
1192
3332
-526
-2234
609
-1031
4121
115
-2478
1312
2693
-2171
-2087
8632
-3330
-4950
7251
3563
-6092
-895
7163
-3358
-4322
7746
-2064
-969
1296
-799
-255
1494
2413
-3398
-2480
3862
3625
-5783
-3051
7118
-996
-3644
881
3593
-7394
2783
2677
-3690
-960
-970
5963
-6304
15
552
-823
2909
-9647
10630
-3611
-5821
5078
-2139
-1144
-1502
3633
-6396
3033
3009
-6853
2576
-136
-887
180
-1775
1082
1899
-5058
381
2494
-851
-1686
-138
3255
-2814
561
942
-435
118
2122
-2425
-226
2134
-2343
2636
992
-2733
-1369
6300
650
-6372
3142
2439
522
-4490
6455
-394
-4281
4617
-21
-1782
2031
1811
-2523
690
2783
-514
-179
1066
3054
-4092
498
3022
389
-3467
1021
4859
-2452
-2401
6012
-1270
-3343
6000
-1310
-4422
5234
3519
-8295
5367
4047
-8098
3591
4963
-4805
-2375
6723
-854
-6056
7685
2100
-9416
4413
6236
-7785
-1607
7405
-1753
-6435
7605
-1363
-3388
3931
-831
-2870
2325
2150
-4225
-112
4073
-1869
-1989
2152
1287
-2294
-2722
6362
-3141
-4034
4406
831
-280
-5372
6330
-2422
-3256
4558
-2885
-1432
-101
6208
-8592
917
8829
-8401
-1379
4412
799
-3891
2443
2687
-4596
-502
3490
-481
904
-3503
1958
3817
-5107
2084
1254
-584
-2802
1885
4091
-6564
2148
3746
-1998
-3026
4349
120
-4755
4806
2643
-5723
1654
1880
-1267
-91
-1331
2908
-4737
2452
3050
-4474
1763
979
-2010
-1647
3971
-3044
-1291
1316
-2315
5959
-5216
-855
1799
-2693
1233
1650
-3673
-1012
3906
-2953
-4635
6040
-2681
-4961
4807
-271
-5390
2301
4641
-6690
-2286
8615
-3824
-4992
5112
-1529
121
-2264
1462
-171
96
1877
-5874
4229
2592
-2360
-1784
2299
1925
-3392
2232
-1685
45
3857
780
-6565
6863
1919
-5732
1590
1854
1139
-3789
6052
-3426
372
2047
-1131
-34
-1437
4185
-2799
-405
4300
-4423
-627
5999
-5545
768
3172
-3485
-944
3206
-1443
-4700
8438
-4932
-3628
5184
-2141
1299
-4569
732
1804
1267
-3482
880
2564
-5527
6145
-4241
23
3751
-3285
-912
906
4857
-8555
2607
4545
-5436
830
3323
-139
-1941
1120
-138
79
2109
-2153
-225
2328
-210
-4522
5073
556
-5548
3587
1205
-630
-587
162
3020
-3638
1702
1805
-3061
-406
4658
-1195
-4525
6220
581
-6404
5600
1747
-5698
1644
2965
-464
-2683
1064
519
1378
-3113
-1615
7355
-5303
-2761
5846
-219
-2940
105
2252
-2321
3161
-1256
-4988
6431
-885
-4209
3412
2751
-7263
3407
5930
-7835
936
3672
-733
-3113
2730
1925
-6820
5361
1306
-3457
2118
181
1321
-4098
3920
705
-5027
3735
-612
149
-1594
2272
-678
-3233
2868
952
178
-3392
3308
-1310
-1840
4013
-1642
-3698
523
4812
-3975
-2735
4730
-1127
-4098
3831
-197
-975
-2027
347
1623
-3384
3483
-2043
-1127
1679
-131
1460
-5785
1734
3192
-2849
172
-529
1776
-5590
4676
-886
-3034
1476
-1023
2251
-5528
4404
3240
-6041
-3472
7495
3548
-12037
3069
8191
-4765
-5961
6704
556
-3628
-3098
5606
1098
-7551
6911
-1566
-3455
4073
730
-1311
-1767
3663
93
-2543
3972
-2538
540
2894
-1532
768
-898
4636
-3234
-1539
5308
-1394
-292
-1175
3863
3279
-6961
1429
6014
-942
-3437
2514
4229
-4798
4627
-848
-1351
3704
-1335
-385
695
1467
-98
-992
480
1963
-1290
1567
1194
-2490
3345
-74
208
-2493
3628
1535
-6275
3882
1668
-3843
1271
733
-317
-1610
3288
-2047
-2755
5875
-2912
-3901
4770
-284
-4472
4385
-2186
-2032
3082
1733
-5180
222
6933
-9056
370
4977
-3152
-1744
-592
677
646
60
-4091
1005
1757
-2481
246
347
-1916
349
3685
-3197
-2533
3895
-553
-3910
1067
2796
-2240
-2768
2871
1899
-4316
-1065
2897
867
-4188
2418
2485
-3274
-562
4264
-1807
-4085
6737
-1764
-3108
2973
967
-1347
-4416
7137
-2627
-2382
3867
-1862
-722
217
2275
-4615
2877
2297
-5343
1468
1456
-1699
-200
2410
-3828
1473
3537
-3984
-434
3033
280
-3790
1250
1795
-2420
-1783
2111
-190
-3944
1858
2373
-4121
-189
2594
-1759
-168
1160
-107
-1042
1065
1494
-1465
245
519
-575
-44
1031
-1440
-1945
1896
2151
-2215
-2545
3654
1532
-3520
921
1287
-292
1194
-1091
1776
-432
-2415
2414
1
-998
504
1931
-955
-2261
3513
-962
-278
-581
726
2617
-3327
-1513
4017
1545
-6494
2998
4481
-3808
-1688
3692
1602
-5275
1452
4706
-2589
-3760
3411
1834
-4475
903
3224
-2192
-2859
3469
881
-3838
642
2407
-1038
-1266
498
431
-369
-191
-142
208
-72
1061
-494
-898
2045
-466
-1253
613
414
-1535
539
1236
-1565
-768
1523
1661
-2586
-557
3536
-1667
-2124
3633
-32
-2985
1569
2968
-2493
690
1908
-2344
1256
554
-1789
347
204
-1174
-22
1179
-151
-790
171
1400
-1529
-512
634
809
-858
141
2021
-1891
548
1340
-992
-218
617
1782
-1937
-665
2359
-1418
-809
86
366
182
-1856
688
432
-703
-278
1863
-379
-1030
3122
-1528
-1221
2807
-414
-1473
336
1130
-1613
-114
404
-2845
2459
-463
-2555
2108
-719
47
-274
164
324
13
252
-371
266
363
648
33
131
1187
-737
382
685
-2042
-37
1200
-3054
-1277
2873
-1719
-2803
2926
1086
-2709
2025
1888
-2078
61
2346
1045
-2450
1895
1134
-1500
659
-210
43
-2475
1182
187
-4425
1873
260
-778
-188
-114
618
-61
1590
-1139
184
1121
-682
1769
-850
-1345
689
1031
-1358
-845
1446
-1580
-554
433
-1336
-472
216
335
282
-332
-715
495
1441
-362
-1046
2231
671
-1690
947
885
-823
-1037
1542
-247
-1613
764
547
-930
-1713
888
998
-1802
-503
1975
-244
-1413
2154
1476
-1640
79
964
-40
-391
856
-1022
-85
2281
-1354
-76
1352
-247
-800
214
-31
-2078
1133
-145
-1292
1205
310
89
-510
1345
62
-530
-257
-650
1478
-347
-675
-247
772
-197
-470
1727
-946
-307
590
-1381
364
676
-806
-1191
699
541
-561
187
439
154
-35
467
552
332
-504
109
574
-221
-133
396
470
-988
70
127
-1110
172
314
-776
-303
1062
-267
-475
758
-333
-125
570
-458
-263
1042
63
-640
516
1083
-260
-1
591
-849
4
-233
-838
-211
-620
254
-351
-551
501
86
-17
-266
-35
407
932
175
-485
506
80
-169
857
491
-981
183
678
-1133
-891
219
-724
-1055
804
22
-1334
433
1057
-421
-164
194
-302
600
1143
-267
-821
932
1498
-241
-162
550
12
-692
-861
-208
-1026
-1171
-169
-671
-358
64
-46
-54
324
516
-171
977
1323
282
-114
455
646
99
27
-241
-365
-73
-394
-721
-146
-279
-854
-472
531
265
-429
-20
186
299
299
265
751
589
244
152
625
168
-6
585
-260
-886
-249
-9
-801
-990
-432
-608
-202
-165
-315
30
495
265
-148
205
668
649
183
-107
380
508
245
-156
-172
124
12
-273
-511
-381
-131
-510
-741
20
195
-482
-111
520
-98
-682
-10
623
667
276
82
690
941
623
161
-163
286
319
-580
-366
218
-267
-865
-724
201
255
-548
-351
257
281
-204
-234
573
888
-170
-283
881
892
-238
134
892
-231
-557
325
26
-465
-398
-516
-733
-141
647
-603
-783
547
-59
-250
574
195
-452
505
1275
228
-137
698
849
-139
-85
683
150
-42
-17
-140
-352
-583
-106
-12
-197
-119
88
219
219
328
-102
-157
231
666
446
-369
292
847
-100
-252
229
-28
-408
-502
-423
-599
-707
-503
-201
-777
-581
125
-690
-311
734
178
-435
704
1062
483
698
188
-119
396
-4
-547
345
187
-768
-455
314
-282
-745
-279
-91
-112
-335
76
340
409
199
301
421
462
672
36
36
316
-184
-421
-217
3
-531
-716
-495
-304
-145
-290
-362
-505
24
230
60
47
-31
123
562
585
149
302
609
311
-103
183
211
-215
-310
-283
-342
-293
-13
-515
-249
497
163
20
464
779
349
149
391
293
250
340
273
174
94
-161
-202
198
-63
-736
-440
-161
-491
-597
-721
-778
-346
-5
-602
-495
515
380
-261
137
737
-42
-313
396
180
-551
-530
-21
-127
-179
-264
-398
-131
213
-164
-609
137
256
-315
12
519
250
83
152
39
152
370
242
-140
208
264
-297
-338
-119
-198
-450
-322
-286
-234
-51
-265
-517
-302
-52
-89
-86
104
-86
-112
412
233
-5
424
349
-67
162
588
80
-615
-208
187
-121
-328
-173
-47
132
239
103
266
378
309
57
-109
13
122
169
69
308
470
204
148
297
92
-291
-266
77
194
-32
-254
-264
-59
127
195
182
182
182
19
65
167
-176
-402
-41
253
-223
-431
95
109
-408
-355
185
148
-134
-396
-389
18
-45
-97
277
396
138
261
404
-45
122
582
128
-134
253
303
-198
-298
-209
-458
-97
98
-335
-319
-56
-128
-261
-96
-159
243
649
186
-32
223
394
165
-45
25
-143
-39
34
-290
-373
-465
-501
-316
-157
-235
-270
-268
-92
271
11
38
475
370
97
426
589
42
249
640
371
96
1
130
-109
-298
-359
-512
-438
-250
-79
-325
-452
-28
167
231
535
792
643
340
502
605
317
108
127
257
283
103
-9
-37
-344
-334
10
-104
-401
-374
-76
-66
-82
187
281
333
398
373
138
-24
106
167
-11
-257
-170
-81
-173
-322
-420
-152
96
-107
-327
-102
22
-409
-487
-31
18
-210
-47
205
-2
-171
129
242
-17
3
263
92
-233
-289
-248
-330
-283
-170
-151
-147
-337
-439
-356
-296
-134
44
57
-115
93
303
-29
-63
268
331
212
419
448
-28
-178
15
44
-78
-32
129
-16
-129
-115
-40
97
153
152
-18
-202
-136
56
37
-74
102
286
374
393
234
37
-24
149
145
-44
-88
7
-128
-405
-359
-28
245
266
221
196
178
137
-13
-204
-191
101
319
273
103
-51
-111
-133
-110
-206
-306
-229
-244
-560
-724
-461
-327
-321
-199
-117
-12
129
132
46
128
246
282
278
215
168
158
174
157
111
184
234
71
-257
-514
-409
-150
-87
-130
28
195
219
201
61
8
131
296
289
253
366
279
-75
-287
-167
-67
-32
61
-84
-338
-324
-142
-262
-444
-191
57
12
-94
-37
64
80
39
34
202
320
275
216
130
28
148
263
124
31
106
27
-88
29
122
86
176
303
172
16
28
39
4
76
194
352
472
399
272
167
120
180
249
272
101
-90
-146
-121
-167
-317
-252
-65
-17
-99
-152
-152
-279
-304
-253
-264
-203
-97
-78
-238
-209
-2
15
31
133
-29
-279
-220
-73
-171
-76
189
81
-130
-95
-63
-264
-289
-190
-208
-61
145
119
27
-145
-249
-103
110
112
102
88
-162
-217
-82
-313
-503
-184
102
28
73
231
54
-115
71
201
63
86
325
274
25
-4
110
81
19
136
185
83
128
206
-15
-180
-83
48
-63
-157
-32
-6
50
199
286
344
505
607
375
66
-6
139
257
33
-153
-134
-31
-31
-194
-291
-281
-43
164
82
-20
-10
-36
-170
-200
-88
31
236
301
181
129
180
163
14
-105
-109
27
77
-53
-134
-179
-207
-176
-176
-174
-20
43
-119
-169
-50
1
46
206
341
315
276
280
249
74
-135
-100
12
-25
-129
-172
-198
-154
64
212
205
215
268
183
0
-82
-116
-153
-87
73
126
78
116
178
76
1
73
144
77
-31
-60
-107
-246
-328
-209
-25
46
186
296
169
5
-2
-12
-91
-63
-42
-148
-159
-55
-142
-317
-143
142
126
35
80
41
-101
-71
-8
-121
-172
-49
26
-109
-257
-209
-48
0
43
164
137
-9
-60
-67
-191
-167
47
118
73
73
52
-20
-88
-85
-40
-30
28
207
235
-1
-27
156
77
-59
62
118
-31
-79
-103
-235
-226
-141
-149
-160
-27
88
22
-56
-117
-145
-123
-86
-115
-180
-102
37
73
74
178
287
264
160
5
-92
-93
-116
-161
-142
-114
-171
-159
-163
-182
-62
83
109
115
135
83
35
48
31
28
125
208
184
100
64
71
71
10
-74
-80
2
90
85
23
25
51
33
3
50
97
121
211
241
154
127
243
268
106
-19
39
71
14
9
4
-93
-139
-72
-105
-194
-139
-1
62
116
219
204
18
-50
46
29
-52
-12
-8
-139
-130
-26
-109
-212
-113
58
96
51
18
-44
-83
-103
-96
-78
-78
-47
12
52
28
23
25
-2
42
49
-67
-135
-112
-115
-158
-61
48
25
-4
35
78
24
28
97
20
-123
-103
-68
-213
-265
-88
-5
-92
-87
-15
-55
-66
-25
-146
-238
-51
126
11
-73
60
88
-32
-45
11
-8
-24
55
36
-58
-55
8
-14
-38
33
92
121
86
24
-2
26
71
86
116
111
110
155
149
113
78
15
-53
-67
-86
-184
-162
-19
7
-68
35
222
176
-10
-24
88
105
66
65
-16
-22
113
141
11
2
118
63
-43
30
109
8
-87
-68
-119
-234
-241
-201
-216
-154
9
70
76
97
45
-35
-22
26
-41
-89
-65
-115
-214
-180
-54
-26
-70
-79
-102
-134
-108
-78
-132
-218
-181
-68
-35
-118
-139
-48
21
80
125
94
-21
-80
-67
-85
-83
17
80
-13
-84
-34
3
-23
-3
94
167
187
129
73
118
211
211
170
221
270
194
94
66
33
37
132
171
85
44
70
45
-7
28
60
30
39
113
118
40
-22
-23
21
68
120
113
50
6
29
67
30
-19
-30
-56
-124
-173
-186
-204
-167
-71
-12
-13
54
154
149
21
-51
26
116
84
-35
-107
-49
34
23
-28
1
37
-22
-86
-92
-90
-154
-269
-298
-144
59
85
-59
-54
115
156
78
96
152
75
-30
-31
16
-46
-161
-149
-32
-5
-57
-23
26
-77
-176
-115
-7
24
29
47
-4
-9
69
74
6
-5
-1
-47
-21
70
4
-186
-194
-46
10
-63
-91
-52
-29
-10
12
9
34
123
141
85
118
192
151
63
83
140
149
68
-70
-149
-113
-65
-113
-149
-115
-164
-267
-286
-210
-123
-72
-83
-158
-155
-128
-157
-165
-150
-128
-65
83
109
-67
-221
-195
-105
-72
-40
-70
-136
-140
-133
-133
-67
13
-42
-80
99
267
156
-34
6
132
128
113
142
137
56
17
78
214
259
152
39
61
116
91
90
173
166
64
53
145
163
69
23
89
170
104
-23
-39
-13
-98
-203
-137
11
-1
-116
-223
-219
-102
-17
-39
-74
-7
29
2
16
89
69
-15
-38
-20
38
68
-10
-122
-88
17
-51
-140
-128
-122
-209
-210
-87
-77
-143
-101
-6
75
144
105
-6
8
134
137
56
85
153
101
29
104
157
58
-28
-28
2
-21
-92
-29
92
16
-136
-66
179
199
-76
-200
41
260
141
-66
-25
169
157
-47
-60
116
122
-10
9
137
42
-156
-138
18
57
8
24
115
120
8
-113
-6
192
81
-133
4
276
237
11
-61
18
100
93
69
133
149
33
-33
72
142
88
31
87
142
116
50
35
38
13
-89
-205
-64
124
-65
-360
-320
-105
-46
-217
-345
-324
-272
-266
-167
-75
-111
-203
-306
-271
-82
-71
-215
-232
-103
15
-36
-114
-113
-132
-101
146
317
274
52
-67
44
239
87
-78
115
418
412
132
-49
74
216
128
1
95
319
374
214
122
169
212
345
387
218
12
20
202
373
345
173
-41
-47
70
62
-79
-122
-91
-94
-156
-128
-107
-127
-142
-168
64
290
132
-199
-221
55
317
211
5
62
232
174
-66
-245
-202
-16
108
42
-123
-354
-311
3
155
-97
-356
-142
284
334
-69
-329
-12
513
424
-94
-244
63
364
339
23
-81
-40
-72
-115
-267
-395
-141
87
-22
-112
-243
-403
-348
-178
-52
41
89
88
5
-210
-236
-92
-186
-376
-390
-57
101
-283
-702
-570
-120
60
-332
-764
-526
104
283
-125
-349
-25
296
200
8
-14
61
255
303
11
-148
-93
7
168
47
-295
-144
260
225
-152
-391
-205
260
439
262
158
289
325
192
220
422
458
234
119
181
232
238
85
-122
-149
-15
51
-39
-193
-283
-232
-99
-33
-61
-88
-192
-79
285
265
-51
-110
-46
-48
-34
-73
-181
-55
102
-155
-448
-375
-230
-269
-334
-337
-354
-136
253
164
-287
-449
-161
241
335
78
-78
136
424
315
28
20
123
124
-21
-226
-294
-212
-104
-306
-536
-334
214
566
174
-632
-615
371
836
265
-414
-373
439
1046
466
-353
-133
377
321
33
-179
-198
-66
217
298
-39
-93
175
139
-54
-170
-26
371
421
89
-37
279
487
235
-98
90
583
455
-186
-378
24
483
204
-498
-404
172
297
21
-422
-564
-146
202
226
-8
-513
-447
361
416
-324
-494
-65
229
116
-348
-498
-13
328
138
-215
-276
-57
-81
-255
-203
-102
37
-6
-528
-622
164
579
58
-617
-467
57
325
143
-291
-484
-107
583
681
124
-159
-169
-76
181
71
-389
-336
190
335
-185
-519
-54
423
140
-459
-508
93
606
358
-117
87
527
423
241
417
434
-43
-244
157
476
215
-166
-270
-104
25
-11
-64
-162
-563
-624
71
546
-15
-651
-292
375
429
-6
-326
-45
488
331
-88
-126
-28
-55
-85
-162
-156
-206
-371
-281
-150
-419
-731
-664
-92
371
-226
-736
-197
537
646
254
-135
-22
372
401
368
527
384
63
176
556
350
-220
-546
-365
12
140
-173
-233
-95
-38
82
-123
-342
-2
532
660
406
51
166
535
944
927
167
-458
51
709
507
-265
-932
-649
72
23
-597
-780
-561
-168
152
141
-208
-444
-198
583
1086
326
-502
105
1055
902
121
-308
-285
-112
17
92
-302
-738
-560
-369
-344
-116
-409
-633
-8
243
-32
-323
-271
390
1056
653
-196
-312
235
676
506
-141
-718
-697
221
774
-51
-838
-800
-288
547
350
-849
-947
185
717
266
-165
-249
37
683
813
207
-205
70
505
465
38
-260
-309
-115
193
-20
-255
41
25
-216
-109
-97
-211
-147
-81
212
404
4
-168
220
533
555
246
-126
137
540
541
37
-503
-156
573
642
269
-52
54
366
267
-79
-532
-781
-448
180
265
-109
-439
-395
204
840
482
-623
-1011
140
1337
908
-202
-272
548
729
401
89
-159
-116
-184
-382
-388
-548
-986
-1005
-682
-641
-485
-160
-39
-74
-266
-300
172
425
262
260
485
594
373
404
550
229
-160
-451
-641
-268
159
-188
-994
-1139
-611
72
308
-156
-874
-812
582
1399
498
-651
-566
572
1481
1019
-311
-867
62
788
135
-611
-859
-679
-113
390
67
-553
-491
-131
92
164
89
0
-97
219
561
328
146
179
111
221
339
223
130
101
-262
-207
258
-213
-666
93
876
392
-424
-129
511
557
290
-437
-1141
-607
794
1179
223
-858
-778
506
1002
126
-930
-1139
-14
1243
882
-481
-753
666
1351
173
-730
-280
230
-48
-351
-474
-510
-378
-322
-146
156
114
-240
-390
-41
309
192
-97
267
929
680
-47
22
621
682
256
-281
-713
-726
-84
175
-547
-1204
-831
-62
74
-255
-475
-488
-362
143
636
237
-373
131
1053
780
-270
-418
210
542
-24
-1021
-1372
-556
189
-184
-1026
-1366
-825
303
708
-256
-914
-190
708
809
354
-172
50
693
645
136
58
316
-14
-337
-20
46
-156
-313
-630
-255
672
508
-805
-826
912
1941
933
-523
-590
291
1094
820
-504
-1152
-330
904
1020
-311
-1169
-185
949
385
-726
-554
217
871
976
281
-139
80
432
687
642
-369
-1367
-873
308
608
-271
-1027
-686
90
423
-117
-639
-25
255
-118
169
647
540
197
156
282
97
-267
-566
-671
-367
-62
-717
-1321
-691
-267
-442
-489
-509
-461
-75
511
467
72
-56
207
730
813
309
-251
-130
463
662
-132
-1094
-1022
-97
412
-45
-807
-634
202
502
322
218
431
612
502
281
141
329
824
639
-78
-146
165
203
-124
-680
-526
233
-1
-696
-401
364
555
267
56
20
194
647
966
781
388
45
95
228
-155
-604
-676
-604
-720
-673
-402
-294
-383
-272
-161
-392
-349
335
909
594
-46
78
905
974
115
-48
777
630
-719
-1212
-517
125
-152
-791
-970
-377
-47
-478
-565
-120
179
65
96
475
835
842
627
445
550
588
317
465
835
190
-751
-577
-17
-164
-498
-605
-575
-68
64
-568
-538
407
651
139
65
546
1055
919
328
38
362
445
-257
-269
284
50
-374
-203
-295
-698
-431
-156
-552
-579
-68
-203
-486
-146
301
411
522
250
-124
71
301
325
215
-152
-516
-244
376
545
-69
-843
-872
-28
566
10
-702
-380
540
877
448
-372
-748
-246
375
398
-282
-546
-196
83
401
525
87
-261
-336
-100
683
827
-146
-602
319
923
360
-464
-243
1005
1081
-428
-1165
-298
385
239
63
-432
-1017
-385
759
863
20
-487
-205
553
1296
977
-105
-457
538
1263
714
-161
-619
18
860
372
-924
-1002
-263
-79
-322
-476
-652
-668
-157
206
326
12
-484
-166
684
634
-137
-190
349
428
19
-505
-683
-325
138
69
-619
-1171
-1156
-485
239
-79
-1054
-1157
-69
704
464
-173
-477
-113
577
850
506
-6
-166
219
548
335
-128
-172
0
139
76
-347
-595
-369
92
389
526
279
12
224
566
291
-246
-303
101
313
83
81
-12
-272
5
426
111
-609
-873
-130
728
221
-706
-416
633
997
484
20
199
276
-112
-248
-25
227
-141
-747
-634
-141
-181
-471
-335
-101
-222
-369
70
490
154
-273
-143
309
404
-5
-181
153
131
-338
-671
-695
-232
151
-456
-1124
-691
-77
-234
-552
-449
8
407
73
-355
121
883
815
194
103
508
732
310
-223
-256
32
207
-105
-510
-506
-319
87
572
226
-568
-563
-74
282
668
533
-98
-167
603
1064
426
-347
-260
208
294
256
255
-138
-530
-338
107
140
-64
-113
25
256
374
-22
-442
-36
680
568
-184
-416
32
480
483
-85
-760
-508
465
509
-536
-1120
-440
264
307
125
13
103
171
263
697
842
-195
-910
112
1064
394
-723
-645
97
378
-251
-920
-583
10
-90
-281
134
329
-117
-443
-52
609
519
-37
-6
512
608
194
-192
-249
106
417
89
-498
-495
-17
-18
-307
-240
-168
-219
-152
47
170
-160
-464
7
872
838
-197
-614
43
655
518
-83
-437
-69
370
71
-159
193
261
-78
-115
54
46
107
121
-10
68
135
166
376
278
-79
-95
42
119
384
445
-89
-438
15
345
27
-179
76
196
95
17
-122
-247
-159
-69
10
-107
-176
4
76
-91
-232
-174
-126
-114
-174
-247
-167
-141
-190
-35
226
106
-99
17
455
412
-325
-512
183
449
-102
-237
211
434
-115
-613
-297
192
182
-159
-72
336
226
-278
-431
-113
328
415
221
185
303
229
119
215
338
226
-47
-65
263
456
198
-363
-734
-342
352
352
-268
-486
-194
-136
-161
12
59
-153
-238
-30
54
-163
-302
-174
-69
-137
-386
-557
-149
296
-40
-463
-464
-320
19
170
-91
-220
158
422
207
63
156
273
343
226
35
67
119
-123
-61
237
-8
-301
-245
105
482
510
3
-555
-296
397
631
358
17
-146
172
662
523
13
-255
-32
117
-337
-564
-18
92
-202
-105
-49
-202
17
621
573
-118
-348
95
388
242
-81
-210
246
594
119
-649
-692
-138
97
-62
-192
-318
-416
-291
22
149
-134
-310
90
478
120
-354
-35
449
56
-493
-234
78
36
-15
-328
-623
-343
-100
-241
-132
60
-3
-60
145
243
121
215
421
450
246
-80
-106
145
147
21
142
41
-222
-270
-117
150
51
-453
-656
-41
647
394
-110
31
303
284
342
330
164
44
232
443
251
-107
-257
-140
-22
-51
-287
-327
-65
118
84
-115
-72
-10
-73
-2
83
75
266
367
1
-297
-214
-40
71
-5
-399
-564
-270
-74
-145
-227
-232
-61
479
542
-107
-275
140
334
146
45
212
283
274
154
-181
-410
-117
123
-121
-230
-144
-173
-159
131
46
-471
-197
527
413
-203
-281
32
325
275
14
-201
-295
-28
233
-20
-395
-306
-107
-149
-114
-8
1
79
254
215
41
68
254
248
128
192
345
63
-282
-10
298
77
-246
-221
-107
-148
-170
-121
-166
-84
122
184
145
243
316
119
89
282
403
208
117
239
102
15
62
118
3
-142
-104
-68
-242
-383
-141
210
259
74
-132
-184
76
334
238
-53
-89
210
369
223
-105
-233
-51
208
80
-433
-573
-145
256
223
-220
-460
-200
225
231
-211
-318
5
177
33
2
63
-105
-160
-93
-211
-364
-230
-25
-7
-116
-245
-226
62
254
115
-14
86
207
96
-25
67
237
151
-106
-228
-285
-278
-121
11
-171
-326
-188
-121
-300
-368
-195
103
282
-1
-374
-232
307
445
22
-236
-143
33
309
303
-130
-286
-82
62
74
11
-280
-167
527
594
-178
-294
486
710
299
-66
-99
163
309
207
33
7
173
306
112
-125
-95
-4
-120
-181
-89
-149
9
506
441
-167
-334
-124
-14
63
-17
-88
82
-28
-364
-239
30
-130
-310
-294
-352
-196
-15
-254
-513
-199
208
127
-145
-300
-172
113
220
-41
-220
-36
185
205
-70
-350
-163
253
212
-84
-177
-147
20
263
155
-324
-331
257
485
107
-311
-266
160
455
232
-227
-376
0
446
149
-382
-197
167
120
130
271
167
31
130
159
-17
-59
29
163
265
224
166
148
40
-18
165
307
265
243
190
165
216
217
83
27
185
306
114
-186
-182
132
265
93
-72
-208
-135
173
141
-220
-195
49
13
-20
-24
-277
-327
-10
142
-75
-308
-315
-194
-214
-409
-496
-384
-298
-176
-113
-386
-495
-220
-54
-81
-146
-189
-37
186
-23
-311
-118
218
367
377
184
-105
-117
243
289
-20
7
294
337
35
-103
95
390
445
121
-100
99
240
-2
-197
-10
74
37
34
-133
-270
-42
286
135
-153
-58
175
150
-96
-216
5
297
344
122
-15
102
314
356
152
-36
61
254
219
-24
-200
-47
183
134
39
157
90
-166
-130
127
264
262
211
17
-165
-80
102
70
-58
-95
-77
20
-80
-484
-502
13
185
-157
-357
-321
-253
-84
11
-119
-200
-80
43
69
-45
-213
-132
119
48
-270
-500
-538
-303
-39
19
-173
-371
-196
158
85
-332
-343
91
319
98
-171
-201
-77
173
275
25
-40
279
371
-1
-396
-384
-58
285
275
-131
-240
200
451
221
7
117
358
403
180
-44
59
387
455
138
7
173
239
213
131
18
138
343
284
106
63
59
119
292
337
148
127
331
344
211
125
121
115
36
-80
4
194
-31
-328
-165
162
177
-9
-129
-218
-133
10
-52
-141
-84
-54
-163
-257
-260
-169
-146
-241
-228
-210
-339
-290
-91
-166
-296
-150
-61
-212
-295
-234
-211
-132
-20
-45
-104
-57
-56
-110
-14
52
-74
-196
-191
-146
-73
-29
-84
-70
56
53
-5
134
150
-36
26
222
129
-81
23
166
133
140
162
95
91
142
-10
-186
-148
19
91
27
-40
-121
-124
9
76
-47
-86
31
105
64
-9
-35
12
132
136
57
53
126
223
251
216
173
160
113
95
125
75
27
34
-24
-31
71
55
-47
-61
-32
77
243
110
-242
-258
-19
-20
-107
-52
-26
-65
27
81
-167
-390
-266
100
165
-99
-192
-12
64
9
-85
-151
-118
78
193
-20
-222
-178
-10
127
129
-28
-171
-26
109
-21
-161
-138
55
268
230
-56
-97
243
306
-67
-239
-36
178
259
83
-211
-149
248
355
41
-136
-17
76
132
134
-177
-298
301
678
207
-115
187
316
138
159
218
6
-139
-34
116
104
-88
-125
93
163
50
83
132
26
3
16
-82
-210
-199
21
160
13
-149
-139
-37
1
-65
-350
-485
-169
-4
-210
-212
-128
-265
-129
171
-4
-259
-32
262
112
-113
-115
-139
-113
107
159
-153
-253
57
226
9
-171
-172
-176
-43
54
-64
-129
-31
88
214
138
-182
-171
202
364
136
-101
-124
-12
166
229
124
32
156
326
250
53
72
274
389
346
109
-113
49
334
154
-159
-124
-57
-97
-124
-190
-291
-258
-50
30
-151
-298
-156
11
-36
-92
-71
1
154
194
-19
-149
-27
51
11
-79
-182
-210
-79
-96
-257
-214
-10
209
263
146
-15
-44
1
25
-5
-107
-97
16
-34
-149
-52
135
210
204
88
-75
-52
-38
-169
-202
-31
85
47
68
155
168
144
136
128
89
129
157
15
-211
-239
-34
226
325
180
84
208
286
111
-105
-122
2
182
160
-91
-250
-151
53
240
247
-49
-143
133
187
-142
-241
-75
1
117
204
-39
-308
-146
55
-18
-97
20
118
8
-92
-142
-157
34
237
102
-170
-84
182
244
110
-68
-36
186
210
-19
-188
-158
-88
-13
-170
-463
-316
125
212
-39
-148
-51
105
226
118
-193
-269
30
202
-101
-411
-242
87
67
-89
-104
-90
-32
-5
-164
-351
-286
-12
58
-190
-221
19
109
87
182
189
58
50
36
-208
-275
18
192
182
157
112
179
335
250
-8
-46
97
182
41
-248
-274
26
338
293
31
-31
101
111
-64
-230
-301
-161
176
207
-144
-158
341
466
129
45
153
132
101
-3
-402
-569
-104
302
43
-236
-122
-51
-90
-64
-140
-290
-50
221
4
-289
-183
8
127
290
171
-101
-62
77
-42
-192
-145
-139
-114
-32
-81
-210
-146
-29
-31
45
155
148
144
234
169
-26
-8
142
139
31
57
71
-56
-96
28
78
39
84
131
26
10
138
65
-76
-12
50
-49
-85
25
92
108
116
44
27
136
102
-38
-40
-6
16
98
136
57
-33
36
128
95
45
-11
-58
28
92
-36
-99
52
175
148
82
19
-30
-1
91
33
-85
-88
-75
-122
-156
-29
188
230
89
28
8
-93
-86
-64
-189
-269
-53
133
28
-42
8
44
123
183
46
-133
-112
-105
-219
-238
-161
-90
-24
-14
-161
-265
-125
43
-36
-188
-242
-235
-123
8
17
-4
134
235
77
-60
8
33
82
191
79
-90
7
138
-19
-96
91
177
105
54
-76
-137
129
327
143
-97
-40
120
38
-139
-250
-211
-30
112
-36
-305
-273
-9
205
293
191
-43
-95
55
69
-76
-64
104
162
118
-36
-160
-62
125
174
114
4
-116
-110
-93
-218
-261
-52
164
179
109
8
-20
119
217
175
117
60
-105
-207
-168
-160
-137
38
165
91
-48
-120
-157
-89
80
79
-118
-207
-205
-191
24
194
28
-95
14
-34
-179
-161
-195
-314
-219
-34
-50
-123
-116
-96
-43
-9
-94
-108
18
73
-16
-80
-14
158
299
244
86
-40
-118
-102
-41
19
78
94
8
-53
12
81
116
133
22
-174
-231
-73
135
216
244
250
153
43
-19
-58
-67
-45
-51
-150
-132
-9
122
268
295
174
120
209
148
-91
-196
-101
0
48
50
13
60
114
85
32
-18
-72
-39
18
-123
-315
-283
-4
245
318
222
56
-69
-110
-32
53
35
-61
-70
-85
-191
-218
-136
-114
-131
-142
-136
-111
-32
65
93
35
-38
-55
-28
0
-45
-141
-147
-57
56
153
135
-49
-157
-26
60
-11
-20
63
149
274
371
261
138
179
175
65
-46
-73
-29
41
110
140
271
374
340
250
188
155
73
19
23
-5
-53
16
131
122
79
105
83
-46
-142
-140
-74
-67
-118
-105
-23
39
8
-26
-35
-59
-57
-6
35
7
14
18
-46
-189
-326
-320
-238
-252
-281
-179
-44
-55
-89
15
92
104
118
51
-35
-34
-12
-52
-51
-35
-35
56
119
-39
-191
-150
-105
-159
-145
-52
8
65
176
210
157
163
240
244
131
-14
-79
2
141
210
251
180
-8
-97
42
161
142
108
61
-56
-57
109
211
152
53
62
148
59
-160
-196
-107
-116
-139
-84
-90
-143
-91
-11
-51
-160
-173
-56
-14
-68
-90
-68
-60
-107
-203
-342
-466
-436
-312
-283
-327
-260
-52
112
101
-24
-102
-80
8
30
27
66
58
47
181
325
285
232
201
77
-110
-177
-76
-9
-34
-15
54
76
77
92
151
174
106
64
106
156
147
164
182
189
195
200
77
-100
-200
-227
-129
-10
6
-22
11
45
51
62
11
-116
-196
-204
-156
-94
-83
-64
28
74
20
-52
-105
-159
-230
-332
-352
-185
-10
-65
-273
-310
-84
113
85
-51
-183
-362
-461
-229
71
91
-40
-20
-8
-70
-70
-11
-11
-57
-35
38
94
140
145
154
245
277
190
99
41
-43
-51
61
112
60
34
101
161
82
45
156
233
203
205
248
219
135
115
115
99
84
79
61
-56
-152
-23
193
188
37
-16
-48
-150
-154
26
140
68
4
61
104
110
160
170
66
-144
-407
-452
-182
12
-102
-226
-223
-222
-158
-36
-31
-162
-204
-90
-73
-153
-78
68
20
-155
-187
-49
-19
-192
-356
-352
-247
-91
129
216
107
10
50
79
81
171
233
183
101
-11
0
156
242
216
239
247
160
63
-47
-97
76
319
361
235
121
85
120
186
196
137
82
4
-66
3
182
210
96
35
-5
-63
17
164
111
-80
-84
96
181
185
217
217
68
-81
-174
-229
-202
-143
-113
-193
-234
-107
55
80
-36
-203
-263
-175
-63
-11
-34
-89
-138
-173
-179
-137
-86
-61
-161
-304
-339
-244
-146
-16
47
-21
-54
-11
-10
-62
-52
50
214
319
213
-68
-177
44
184
69
-57
-68
-116
-132
20
180
221
149
120
198
287
310
283
224
120
59
219
451
479
311
86
-48
-64
-34
-24
-23
-64
-120
-94
17
135
178
187
119
-31
-162
-140
-35
-53
-210
-294
-187
-56
29
18
-8
-55
-123
-121
-93
-145
-160
-36
14
-121
-126
54
122
-16
-104
-70
-24
-12
11
12
-32
-73
9
112
83
7
-18
22
137
184
119
59
79
75
85
119
18
-195
-334
-276
-153
-47
11
17
-111
-276
-207
95
228
2
-189
-131
-84
-32
142
240
120
-118
-228
-134
17
-12
-105
-147
-252
-257
-10
187
59
-127
-169
-101
-24
125
183
39
-52
-4
70
95
149
168
40
-174
-222
-90
43
97
79
29
20
80
90
40
-38
-13
93
171
212
210
179
191
223
191
171
108
-90
-280
-223
-47
11
-56
-79
-18
58
132
198
63
-160
-220
-206
-192
-119
22
63
-37
-72
85
242
248
115
-19
-106
-128
-46
23
-3
-74
-194
-290
-149
76
67
-121
-308
-457
-341
32
106
-151
-225
-36
2
-102
20
291
302
88
130
331
266
74
116
215
107
14
106
66
-96
-67
49
15
7
88
80
22
60
115
98
123
202
163
119
251
298
79
-117
-117
-117
-120
-6
85
-93
-277
-125
143
137
25
-26
-66
-89
-99
-72
-18
70
21
-90
-105
-21
-36
-216
-362
-430
-449
-405
-278
-126
-65
-105
-157
-173
-39
202
177
-118
-218
-73
32
157
227
130
88
193
166
-81
-219
-146
-125
-280
-234
39
149
6
-52
28
118
208
165
-42
-135
-21
58
42
91
131
109
125
227
264
156
26
-4
20
40
190
283
128
-33
-53
-32
58
169
62
-149
-169
-111
-93
-100
-91
-107
-187
-203
-115
-52
-44
-39
-43
-22
69
171
163
30
-93
-115
-27
41
-32
-161
-126
-25
-29
-75
-10
15
-118
-160
37
199
121
70
107
39
-22
60
79
-45
-144
-131
-125
-173
-125
-1
19
-4
57
80
86
170
237
66
-37
198
392
247
139
145
-29
-226
-180
-52
-160
-364
-466
-404
-244
-100
-61
-59
70
120
0
36
222
105
-136
38
301
145
-71
9
36
-132
-146
6
-13
-149
-190
-196
-186
-35
111
52
-10
147
234
74
-16
104
-14
-260
-151
89
23
-122
-27
32
-50
29
236
230
90
134
217
208
254
378
412
330
269
323
279
94
-11
-48
-139
-144
-42
4
-29
-37
-28
-7
71
99
87
78
41
-3
10
18
11
91
163
95
-28
-149
-255
-241
-160
-124
-134
-202
-225
-132
-51
-94
-54
14
-48
-187
-174
-71
-154
-404
-415
-172
-98
-172
-118
-8
-90
-241
-109
146
191
148
188
157
41
137
381
483
337
197
210
186
95
52
-35
-199
-162
84
227
158
46
4
14
112
264
286
150
56
10
21
86
128
86
24
46
100
5
-156
-115
-58
-179
-186
67
176
35
-14
74
58
60
201
197
-123
-316
-237
-190
-280
-255
-161
-223
-251
-80
21
-116
-172
-32
27
13
117
156
6
-34
131
201
129
104
41
-98
-125
-80
-110
-136
-136
-153
-61
202
287
15
-152
132
342
173
174
421
294
-94
-10
352
384
153
151
221
55
-125
-38
84
77
71
78
58
82
127
-21
-180
-90
73
73
33
5
-167
-372
-378
-219
-73
-29
-67
-133
-178
-199
-160
-44
81
84
-64
-162
-100
-43
-82
-86
-7
45
23
-114
-294
-316
-231
-183
-159
-53
39
-29
-60
77
213
144
50
165
268
165
63
138
195
119
110
218
268
180
47
-29
-34
-2
23
17
51
131
128
63
118
221
55
-259
-216
136
94
-375
-549
-225
14
-66
-14
275
229
-217
-236
225
370
46
-44
210
286
113
114
278
222
12
-72
-47
-6
-44
-289
-570
-491
-120
79
37
18
-62
-366
-501
-185
125
72
-100
-154
-224
-257
-142
19
74
107
109
-84
-217
-22
154
3
-38
262
389
193
78
106
14
-69
12
68
67
80
-12
-238
-286
-129
-72
-98
21
175
55
-162
-68
127
119
112
239
173
-56
-110
16
5
-145
-156
-31
-14
-218
-407
-338
-202
-316
-571
-413
132
251
-226
-516
-224
-16
-137
-71
214
146
-285
-412
-17
346
229
3
92
262
120
-31
145
305
152
11
299
672
549
150
-35
-14
23
148
280
195
-78
-319
-404
-270
69
272
43
-249
-208
-43
-98
-213
-124
14
31
13
24
51
59
-81
-296
-227
117
181
-117
-290
-200
-155
-151
16
200
132
3
9
-21
-138
-125
-8
15
68
153
57
-85
-3
115
38
24
182
135
-131
-100
141
139
-9
48
99
-52
-51
101
-23
-334
-374
-204
-52
29
-31
-295
-404
-183
0
5
111
260
55
-200
105
579
425
23
166
427
223
34
250
363
83
-123
35
276
335
126
-252
-430
-205
90
139
78
40
-69
-250
-254
-36
114
15
-166
-174
-5
12
-188
-234
-7
130
-29
-110
-1
-52
-341
-408
-110
116
92
29
-50
-168
-166
-74
-136
-218
-38
124
64
56
189
145
-1
186
508
497
304
280
289
138
149
459
605
405
195
175
211
146
27
-75
-128
-122
-108
-68
2
-32
-294
-529
-375
62
192
-193
-527
-382
-128
-187
-223
26
152
-161
-386
-41
252
24
-153
140
269
-4
-11
324
302
-21
-25
153
167
143
174
-42
-240
-45
152
35
-18
136
-70
-448
-238
295
259
-73
44
280
112
-53
153
265
43
-81
107
275
246
139
-43
-137
16
235
197
-20
-76
-81
-172
-177
-8
138
101
-56
-170
-155
-97
-97
-178
-207
-109
42
58
35
82
56
-71
-63
121
187
101
13
-52
-81
5
142
170
121
-30
-253
-228
29
51
-258
-305
-31
5
-148
-36
133
-96
-328
-114
133
-19
-170
-11
54
-65
35
253
164
-85
-111
-67
-119
-21
156
53
-172
-77
170
105
-84
33
196
16
-144
84
263
19
-175
91
340
182
53
170
155
-47
-15
238
239
32
65
252
167
-3
75
64
-162
-147
117
106
-76
-24
-23
-300
-364
-14
94
-182
-279
-135
-138
-172
-12
-4
-204
-173
62
33
-118
-31
28
-147
-176
118
300
133
15
37
-71
-186
4
243
127
-61
-12
86
104
101
70
-1
-32
-40
-63
27
189
139
-57
0
233
268
117
58
82
43
-4
61
173
183
55
-61
14
171
188
4
-100
-80
-146
-256
-222
-55
0
-60
-124
-154
-163
-126
-86
-155
-207
-126
-33
-48
-91
-51
-2
8
29
94
109
26
-36
-48
-98
-130
-40
61
27
-21
25
44
-42
-132
-109
36
72
-82
-138
7
97
65
22
28
110
158
71
-5
116
189
-9
-175
0
213
138
-1
24
14
-128
-148
-56
-52
-91
-114
-180
-247
-114
72
-30
-269
-242
-40
-41
-91
27
-30
-275
-222
123
180
-63
-49
97
-18
-117
124
332
78
-229
-151
64
92
42
79
30
-58
-42
16
24
53
59
-93
-209
-65
104
30
-129
-110
3
52
74
87
6
-175
-235
-114
37
116
99
45
25
75
127
108
79
114
123
41
43
219
233
29
-24
202
353
211
26
-2
47
-23
-101
-18
86
93
42
28
57
57
10
-68
-76
-25
-27
-68
-87
-57
-58
-86
-55
-4
-16
-73
-134
-173
-191
-195
-168
-96
-63
-94
-95
-47
-49
-114
-100
-44
-23
-40
-22
48
87
46
-16
15
115
156
80
16
51
57
-37
-98
11
135
85
-59
-97
-7
16
-78
-133
-116
-67
-5
53
42
-10
-34
-52
-38
21
93
60
-4
18
37
5
-6
42
-4
-41
4
68
79
34
-31
-91
-65
22
96
101
35
-22
-42
-62
-9
92
99
14
30
155
140
2
-7
39
18
36
160
208
72
-16
41
39
-34
11
94
-16
-116
-16
31
-64
-57
41
-55
-171
-58
39
-108
-215
-107
-65
-127
-62
73
21
-54
68
149
-12
-56
58
-29
-151
35
223
129
35
78
-3
-153
-26
116
22
-48
5
-44
-158
-84
68
104
9
-32
55
25
-117
-151
-85
-56
23
122
94
34
34
-21
-131
-83
113
165
38
-8
47
62
30
69
79
61
115
156
61
-22
8
3
-49
-48
32
104
67
-26
-41
-49
-91
-61
-46
-88
-18
52
-53
-151
-64
24
-17
-43
-18
-6
-5
-6
-66
-98
-51
-13
-30
-5
37
-33
-118
-74
-1
-20
-57
23
63
-70
-185
-145
-39
13
11
15
45
24
-6
15
52
28
2
6
34
106
122
51
34
133
147
33
-34
-1
34
-68
-112
19
130
65
-39
-49
-9
25
7
-34
-30
11
-42
-57
21
63
42
29
67
83
32
-41
-60
-58
-32
-7
26
65
72
-12
-111
-46
75
31
-74
-72
-60
-98
-57
74
37
-82
-2
101
54
-18
-30
-49
-51
-8
33
79
93
46
-23
-44
24
129
111
7
-58
-72
-27
-2
-48
-61
-59
-47
-8
-5
-62
-105
-65
-74
-41
-13
-15
12
-23
-128
-167
28
170
89
-6
-37
-28
-8
23
14
-11
14
48
66
47
10
-22
-21
64
114
72
-8
-20
-23
-65
-107
-70
39
77
60
-45
-155
-90
60
-2
-133
-27
76
58
38
86
81
24
54
112
98
38
40
25
-91
-127
1
94
43
-29
-74
-103
-74
-16
-18
-85
-44
20
30
5
44
86
21
11
79
164
138
59
-31
-106
-74
57
142
56
-13
-5
-54
-86
-26
-28
-74
-51
-52
-92
-57
-16
-33
1
24
-35
-52
20
20
-99
-123
-4
105
129
66
-46
-61
10
41
35
49
34
2
1
-10
-21
45
97
77
15
-23
-11
32
45
-7
-31
50
157
111
8
32
111
106
66
68
87
102
62
-39
-51
-30
-72
-38
28
-62
-150
-74
-33
-120
-160
-84
-22
-24
-47
-34
-15
1
33
27
2
22
92
77
-27
-60
-57
3
44
90
53
5
84
85
-23
-88
-22
18
-4
-3
-1
-10
-12
-7
8
-13
-57
-49
-36
-47
-71
-84
-68
9
128
95
1
-19
17
2
-49
-21
5
-48
-82
-60
-56
-29
16
-13
-131
-209
-164
-70
-73
-178
-230
-138
-52
-20
-38
-63
-60
-42
-30
-20
-32
-92
-83
-73
-81
-77
-1
37
-5
-31
-57
-90
-152
-136
-46
-10
-20
-11
29
31
15
-28
-60
-32
33
106
109
10
-64
-12
105
161
143
48
21
59
63
9
-55
0
77
71
-11
-2
55
61
2
-24
5
60
