14
-7
-14
1
12
0
-14
-8
12
22
13
0
-3
2
12
15
1
-10
-1
16
14
-6
-22
-15
2
1
-24
-41
-29
-7
-2
-23
-36
-16
10
7
-19
-35
-19
17
23
-2
-16
-8
21
34
9
-12
-7
14
23
7
-13
-13
2
9
-7
-22
-19
-12
-6
-10
-15
-7
-1
-3
-1
-5
-14
-16
-11
-10
-16
-14
-7
-11
-12
-7
-5
-10
-15
-12
-5
5
6
-2
-6
6
24
27
18
12
20
31
34
25
15
9
8
14
16
7
-1
1
13
18
17
12
10
20
24
23
11
6
17
20
11
-1
-13
-12
-3
4
4
1
0
-9
-10
-6
-12
-8
-1
-1
-2
-1
0
-2
-4
-5
-1
5
3
-4
-8
-4
2
1
-13
-24
-15
-2
-5
-12
-17
-11
4
3
-16
-32
-21
6
14
0
-21
-21
4
12
-13
-43
-40
-8
10
-2
-23
-20
3
19
13
-5
-5
15
37
32
4
-5
14
35
33
14
2
3
11
8
-11
-24
-13
7
8
-4
-8
-10
-3
5
-1
-17
-25
-12
3
-6
-15
-12
-7
-2
-2
-11
-16
-9
0
2
0
-1
-4
-4
1
10
8
0
1
9
21
24
18
13
20
32
31
21
7
10
20
18
7
0
-1
2
8
9
7
8
8
11
12
4
0
-2
3
11
7
-4
-9
-8
-3
-1
-4
-11
-10
1
4
1
-2
-5
-1
5
4
-2
-3
3
4
-1
-8
-11
-5
4
4
-1
-10
-10
-7
-13
-18
-24
-29
-25
-12
-2
-6
-14
-14
-12
-14
-16
-17
-12
-2
-2
-13
-13
-3
1
-1
-8
-6
3
5
3
1
-2
1
6
8
10
8
6
5
7
7
1
-3
-8
2
23
16
-7
-9
9
23
15
-6
-10
18
41
24
-17
-27
7
43
32
-17
-40
-11
43
53
3
-35
-16
40
57
21
-14
-1
42
52
19
-22
-15
24
34
8
-16
-9
4
4
-1
-4
3
11
0
-19
-19
-4
-2
-16
-30
-27
-3
11
-7
-35
-28
4
19
0
-31
-30
-4
7
-10
-36
-41
-20
-1
-9
-32
-37
-23
-13
-9
-15
-21
-9
2
-1
-11
-21
-11
0
0
-2
-6
-1
4
4
4
9
15
16
11
7
15
26
20
4
2
14
17
7
-6
-4
17
27
1
-26
-14
30
48
13
-26
-17
32
53
13
-38
-37
18
50
12
-40
-38
30
69
25
-39
-44
17
57
24
-36
-38
21
56
16
-48
-49
8
41
13
-42
-46
8
44
8
-53
-51
9
53
23
-36
-43
1
42
25
-25
-35
12
54
32
-10
-18
13
48
39
-4
-18
9
33
18
-16
-26
-6
15
4
-23
-22
3
21
8
-19
-20
1
13
5
-19
-27
-10
8
10
-3
-14
-14
-11
-3
7
-1
-11
-6
1
3
0
-5
-12
-11
-10
-10
-10
-10
-17
-32
-35
-11
14
7
-24
-36
-5
33
33
-4
-35
-18
35
45
5
-24
-18
17
24
-4
-18
-2
20
16
-14
-26
-6
12
-7
-40
-31
9
26
-8
-39
-23
20
44
18
-19
-10
39
59
28
-19
-22
19
41
24
-7
-14
19
36
8
-13
6
39
28
-18
-34
-5
29
19
-27
-34
15
52
26
-24
-30
15
50
14
-48
-48
11
41
3
-52
-36
19
24
-22
-53
-14
31
21
-31
-52
0
45
28
-23
-33
5
29
9
-28
-27
18
45
21
-17
-17
13
29
13
-4
4
17
15
-12
-35
-26
-6
2
-9
-31
-36
-21
-1
-5
-24
-21
5
30
30
7
-8
4
33
33
-4
-31
-16
22
35
4
-30
-20
23
48
22
-14
-16
14
36
22
-3
-14
8
32
22
0
-10
-2
12
9
0
1
5
7
-2
-15
-11
5
4
-11
-24
-20
1
9
-7
-17
-2
18
13
-16
-28
-16
-2
-4
-22
-26
-10
-3
-15
-27
-23
-6
0
1
1
-4
-4
-1
1
-1
-12
-22
-15
6
12
-3
-13
-6
5
0
-8
-12
-9
4
-1
-11
-1
21
20
-5
-13
2
13
12
2
2
16
23
17
-7
-18
1
16
17
1
-6
3
7
11
8
1
6
10
7
3
4
7
9
6
6
6
8
6
-4
-9
0
7
-2
-7
1
8
8
3
-1
9
31
27
-8
-20
5
23
9
-7
-4
-5
1
17
12
-5
-13
-12
16
36
9
-30
-35
4
36
13
-32
-36
4
32
10
-25
-20
7
16
-4
-21
-1
25
13
-20
-38
-17
17
20
-9
-34
-19
4
5
-21
-46
-27
19
21
-24
-51
-35
8
34
4
-41
-42
-2
22
12
-8
-19
-7
16
27
9
-13
-19
-12
-3
2
7
-2
-7
4
20
17
-4
-17
-20
-14
-3
-7
-17
-9
0
-6
-5
14
20
19
23
35
55
55
32
14
28
52
38
-9
-29
-9
21
20
-5
-12
1
9
-3
-21
-10
28
40
-8
-53
-22
43
52
-9
-55
-28
42
65
6
-50
-21
50
66
3
-53
-34
10
23
-12
-45
-25
15
7
-39
-50
-10
24
11
-32
-47
-8
24
1
-44
-41
9
24
-10
-39
-23
21
28
0
-8
8
31
27
2
-2
22
38
17
-17
-13
14
14
-9
-29
-13
15
18
-4
-29
-14
17
16
-4
-14
-6
10
14
-8
-32
-23
2
8
-8
-31
-30
-7
3
-11
-28
-27
-17
1
7
-10
-22
-12
7
15
4
-6
-8
7
29
32
11
-5
-1
12
21
10
-3
-2
16
20
-5
-15
-2
16
20
6
-2
4
21
29
8
-13
-10
20
40
18
-12
-11
11
19
9
-22
-29
7
38
18
-40
-59
-21
27
20
-35
-45
2
35
16
-27
-30
9
23
5
-17
-18
6
16
0
-12
-2
9
3
-14
-10
7
7
8
13
4
-12
-13
16
38
22
-18
-40
-2
39
22
-23
-27
16
42
20
-24
-35
1
29
19
0
-1
10
9
-3
-2
9
18
14
-6
-18
-7
1
0
-1
1
1
-14
-24
-12
0
-9
-27
-26
-7
4
2
-6
-8
2
8
2
-10
-8
0
-6
-12
-5
2
-5
-19
-20
-3
16
2
-17
-4
9
11
1
-10
-7
4
3
-2
-7
-5
12
17
11
13
18
6
-17
-20
-3
8
-2
-21
-22
2
17
2
-28
-35
2
39
23
-23
-39
-5
42
37
-11
-41
-14
26
25
-7
-27
3
45
50
8
-36
-30
21
50
14
-32
-31
16
47
18
-38
-49
3
48
35
-13
-43
-15
40
39
-19
-66
-31
48
65
6
-55
-40
34
69
13
-57
-42
42
88
29
-62
-61
27
89
50
-39
-72
-6
71
59
-10
-55
-26
39
60
17
-41
-43
0
30
14
-23
-37
-15
14
14
-6
-25
-34
-12
12
7
-15
-30
-18
12
26
5
-22
-16
2
10
7
-12
-20
-9
3
3
-11
-14
-8
4
7
-11
-19
-9
10
12
-1
-13
-8
6
13
6
-15
-12
11
19
0
-12
-5
11
19
15
5
-4
9
28
33
23
7
8
22
29
22
5
-6
-4
1
8
3
-3
-6
-14
-10
9
28
16
-14
-24
-6
22
15
-18
-31
-12
11
7
-15
-35
-27
-4
9
7
0
-7
-15
-8
11
26
15
-4
-5
12
28
21
-5
-28
-12
22
24
-1
-23
-16
8
7
-22
-30
-9
12
11
-14
-23
-1
19
5
-24
-27
-5
7
-6
-43
-59
-22
11
-5
-43
-49
-17
15
11
-28
-51
-25
22
28
-5
-40
-30
16
33
13
-27
-36
6
47
39
0
-24
-5
38
51
22
-14
-19
9
37
36
13
-8
-7
21
39
27
3
-6
13
40
38
4
-31
-24
21
48
16
-36
-40
8
52
23
-43
-54
3
65
41
-40
-69
-15
56
50
-38
-93
-35
68
87
1
-73
-43
52
92
28
-63
-67
16
80
43
-53
-79
-18
57
64
-2
-49
-26
33
55
7
-43
-35
7
33
7
-34
-34
-3
21
6
-30
-34
-5
17
17
-3
-15
-1
23
22
-12
-32
-19
7
21
10
-15
-22
-1
13
-3
-27
-21
-4
2
-7
-26
-23
-3
5
-3
-13
-23
-18
-1
12
12
-3
-16
-14
9
27
12
-12
-23
-3
32
28
-15
-44
-15
28
25
-21
-52
-20
32
39
-6
-48
-28
27
46
17
-25
-25
28
71
44
-16
-23
32
73
38
-18
-24
9
42
26
-23
-37
-1
33
13
-34
-43
1
36
21
-23
-38
-8
30
27
-22
-50
-20
22
25
-8
-30
-15
10
12
-7
-8
14
27
6
-25
-11
29
43
-3
-57
-28
58
93
28
-51
-40
55
104
29
-68
-64
30
85
36
-48
-59
15
64
28
-35
-50
-5
34
24
-15
-27
-4
9
-6
-23
-17
-3
-1
-6
-10
-12
-15
-13
-5
-6
-7
-9
-12
-1
6
-2
-16
-12
5
7
-12
-32
-24
12
31
3
-34
-22
22
37
7
-39
-41
1
24
-4
-38
-28
10
20
-7
-23
-6
24
21
-12
-21
9
34
19
-20
-32
1
29
8
-33
-39
-13
17
16
-14
-30
-14
18
22
-7
-34
-25
11
30
14
-24
-21
15
28
-1
-36
-25
25
60
28
-37
-51
18
77
29
-55
-56
37
107
53
-52
-61
35
95
48
-33
-40
34
78
34
-32
-32
21
46
12
-30
-21
18
28
-3
-28
-10
24
18
-18
-37
-16
13
17
1
-15
-15
-1
4
-4
-7
9
20
11
2
-1
1
1
-12
-14
1
16
6
-21
-26
0
20
9
-14
-20
1
22
10
-22
-44
-34
-5
2
-17
-24
-18
-18
-23
-18
-6
-10
-26
-31
-3
30
23
-21
-49
-28
12
24
-6
-39
-24
18
32
3
-31
-34
-17
-2
-5
-8
-3
-5
-9
-3
21
30
6
-15
-3
45
76
54
8
-10
18
51
52
25
4
-1
9
25
28
9
-24
-31
3
32
25
-5
-26
-13
32
66
41
-9
-20
14
56
52
6
-27
-11
34
42
4
-33
-35
-8
10
-1
-25
-33
-15
-2
-8
-23
-30
-23
-14
-13
-13
-3
4
4
-2
1
14
21
8
-13
-14
5
14
7
-6
-15
-16
-10
-11
-15
-12
-9
-1
6
5
-8
-11
4
12
0
-13
-10
-2
3
-2
-15
-15
-1
1
-12
-16
-5
9
9
-5
-13
-4
12
8
-14
-29
-12
19
24
-1
-27
-20
11
27
12
-12
-15
11
34
20
-5
-17
-4
18
14
-4
-7
2
14
13
7
6
17
23
11
3
2
8
12
2
-3
3
12
13
10
0
-10
-7
1
1
-8
-16
-15
-13
-14
-13
-15
-19
-8
1
0
-2
2
-2
-9
-6
-2
-3
-6
-4
-5
-8
-7
-2
0
-1
0
-1
2
9
10
1
-10
-7
9
17
5
-6
-3
0
6
8
3
-2
0
14
19
13
6
-2
0
11
21
18
5
-1
3
14
16
-2
-23
-22
-5
4
-6
-18
-23
-15
1
-1
-14
-17
-5
7
5
6
0
-7
-5
2
7
3
4
2
-3
3
8
-2
-24
-28
-9
0
-12
-22
-14
3
14
6
-12
-18
2
25
18
-1
0
18
26
14
-4
-9
2
13
14
0
-7
3
16
15
2
8
27
33
19
9
21
36
31
6
-2
0
8
16
4
-6
-1
6
1
-15
-18
-3
11
0
-24
-28
-17
-6
-8
-17
-25
-22
-12
-10
-17
-16
-3
4
6
11
9
6
2
-4
-10
-12
-9
-2
-4
-17
-22
-21
-9
1
-4
-16
-17
5
15
7
-3
-4
-1
0
-5
-20
-17
-2
6
2
-8
-9
-4
1
2
-1
0
1
4
8
2
-7
-13
-12
-4
-1
-5
-5
0
8
10
3
0
0
2
7
9
3
2
8
5
-7
-7
0
3
8
9
2
0
5
3
-5
-8
5
18
18
12
9
19
29
22
9
1
4
20
26
13
-1
0
12
14
6
4
6
8
16
21
14
11
13
15
18
15
11
7
10
15
14
7
-4
-10
-12
-10
-10
-16
-24
-30
-28
-20
-18
-21
-25
-32
-25
-10
-11
-15
-12
-1
9
5
-4
-14
-18
-17
-13
-11
-17
-21
-13
-5
-4
-8
-8
-1
8
10
3
-1
0
6
10
3
5
11
7
2
0
0
4
4
1
1
4
11
8
0
-5
-7
-2
-5
-9
-8
-7
-6
-3
-2
-7
-7
2
3
-3
-11
-12
-12
-18
-18
-22
-24
-13
-7
-5
0
3
11
10
1
6
15
19
21
26
22
13
14
16
18
26
29
23
22
22
18
14
12
15
18
21
12
3
3
1
0
1
0
6
15
17
13
6
-4
-6
-2
-2
0
-1
-4
-7
-16
-20
-15
-10
-6
-6
-8
-5
-4
-10
-13
-12
-15
-14
-10
-15
-18
-14
-6
-5
-4
1
7
8
2
0
1
5
10
4
-6
-10
-11
-13
-17
-12
-3
0
1
-3
-11
-18
-19
-15
-10
-10
-13
-8
-2
-2
-5
-9
-6
-1
2
4
2
0
2
6
4
1
0
-1
0
0
-2
-3
-3
0
1
1
10
15
17
15
12
9
6
5
5
10
9
8
8
2
-4
-5
-2
3
7
2
2
6
11
6
-1
-3
-4
1
2
0
2
6
7
3
4
8
15
18
14
9
11
17
12
7
8
17
23
20
20
21
19
14
14
22
22
13
11
10
5
3
3
-2
-4
-4
-6
-4
-1
-1
-3
-3
-5
-8
-14
-22
-24
-22
-18
-17
-21
-26
-29
-26
-22
-24
-27
-23
-16
-17
-18
-20
-21
-15
-12
-15
-11
-7
-7
-5
-7
-8
-7
-4
2
2
0
0
2
-1
-9
-12
-13
-11
-10
-12
-17
-21
-19
-16
-9
-1
0
1
4
6
8
10
17
15
6
8
12
12
10
11
9
5
9
12
14
11
12
20
24
24
19
20
24
26
27
21
14
15
20
25
24
17
12
12
12
14
9
4
10
9
7
8
1
0
8
16
20
17
9
5
5
9
13
11
3
-7
-12
-9
-3
-1
-7
-9
-7
-3
2
-4
-12
-15
-13
-8
-5
-3
-3
-11
-13
-11
-12
-14
-17
-20
-21
-19
-16
-17
-15
-16
-15
-9
-6
-5
-7
-6
-5
-2
0
-1
1
-1
0
0
-9
-14
-12
-14
-13
-10
-6
-2
-3
-1
1
6
7
5
9
11
9
8
8
7
7
8
6
4
1
-2
-2
4
10
11
6
5
5
2
2
4
10
11
11
13
16
15
10
7
5
7
8
7
7
2
0
4
7
12
15
13
9
7
5
2
0
1
3
2
0
1
-1
-7
-9
-11
-15
-17
-17
-16
-17
-20
-18
-16
-17
-18
-20
-17
-12
-7
-6
-8
-9
-12
-13
-6
0
1
2
0
-2
-2
-3
0
3
4
7
8
4
0
-7
-7
0
0
3
11
17
9
3
1
-5
-9
-6
4
6
5
1
-2
-6
-8
-6
-6
0
1
2
5
0
0
2
9
6
3
5
1
0
0
0
-4
-3
-1
0
2
0
-2
0
-1
0
3
1
0
-1
0
0
6
16
19
20
18
13
6
11
20
21
25
28
18
9
6
2
-1
-3
0
-1
-1
2
0
3
0
-2
-3
-2
-1
-9
-10
-9
-17
-22
-24
-27
-28
-25
-21
-18
-10
-5
-9
-8
-3
-1
1
2
-2
-7
-7
-3
-1
0
0
0
1
2
0
4
9
6
5
4
3
10
13
15
18
12
6
2
0
2
4
8
13
12
8
2
-3
-2
-3
-2
-2
0
-3
-14
-18
-20
-16
-14
-10
-1
-1
-6
-14
-17
-14
-7
0
1
7
6
-1
-4
-3
-3
-4
-1
-1
0
-4
-12
-7
-5
-4
-1
1
3
2
0
2
1
0
1
2
5
13
19
16
15
18
19
23
25
24
25
23
22
20
17
14
16
15
10
3
-1
3
3
0
3
7
3
0
3
2
3
5
3
-4
-13
-16
-19
-19
-16
-13
-11
-15
-20
-18
-19
-18
-15
-18
-19
-15
-12
-14
-16
-20
-18
-19
-21
-17
-14
-9
-8
-4
2
-1
-5
-2
1
3
5
11
12
11
15
12
7
7
4
7
10
8
1
-3
1
2
0
1
1
0
0
4
10
6
4
3
3
8
6
11
16
19
18
11
12
4
-1
4
8
12
12
11
5
-5
-8
-3
0
3
10
16
14
9
6
5
5
4
4
5
7
8
11
9
6
8
5
3
-1
-5
-6
-8
-10
-10
-5
1
0
-4
-5
-5
-4
-5
-5
-1
-5
-10
-9
-10
-14
-13
-13
-15
-15
-18
-21
-16
-13
-17
-20
-25
-29
-28
-25
-18
-13
-9
-9
-11
-13
-16
-11
-7
-4
-3
-3
-5
-10
-9
-4
0
5
11
16
16
11
10
13
14
16
15
16
17
17
13
5
4
3
0
-1
1
2
2
6
5
1
3
7
13
14
13
14
11
9
8
10
14
13
8
6
1
-5
-9
-9
-2
0
0
0
0
-5
-9
-7
-8
-6
-1
3
5
6
7
10
13
14
18
18
17
15
15
18
15
6
1
0
-2
-1
3
2
0
0
0
2
1
2
1
0
1
0
0
-1
-5
-10
-12
-10
-7
-3
-1
-2
1
-4
-11
-12
-10
-5
-5
-4
-8
-12
-14
-13
-12
-9
-1
-6
-5
0
0
3
4
4
4
3
4
9
11
5
7
9
9
13
14
13
6
1
0
-2
-4
-7
-7
-12
-20
-19
-22
-20
-13
-14
-14
-9
-2
1
7
12
13
13
13
12
9
10
4
1
2
0
0
0
2
1
-3
-5
-4
-2
-4
-4
-6
-8
-9
-9
-4
0
0
0
0
0
0
1
3
5
11
9
4
5
3
3
0
2
10
9
2
-5
-11
-11
-7
-3
2
0
-2
-1
-2
-2
-2
3
6
4
0
-5
-6
-7
-6
-4
-4
-4
-3
-1
-1
1
5
4
2
-1
-4
-8
-13
-10
-2
-1
1
4
1
-1
-5
-8
-5
-1
4
8
7
6
6
5
3
2
2
0
3
7
4
-1
-4
-7
-9
-15
-16
-13
-13
-7
-4
-1
2
4
6
12
16
10
4
0
1
1
3
7
6
3
1
-2
-6
-10
-14
-12
-3
-1
-1
0
-2
-1
-6
-4
0
1
3
4
9
9
11
8
7
13
15
13
6
0
0
1
3
6
10
17
20
15
14
13
13
12
11
10
4
3
6
4
3
3
5
5
2
2
1
7
6
-3
-4
-8
-10
-11
-10
-8
-12
-10
-11
-9
-7
-8
-6
-8
-8
-5
-10
-14
-15
-22
-25
-18
-14
-13
-10
-6
-7
-9
-7
-5
-1
-3
-1
3
6
11
13
10
3
2
8
6
6
9
6
3
-1
0
2
-2
-2
0
-3
-3
-2
0
0
2
3
0
0
0
0
-2
-5
-3
-2
-6
-10
-10
-7
-5
0
2
4
4
3
3
4
8
7
6
6
4
3
0
0
-5
-9
-11
-15
-7
-2
-3
-1
0
-1
-1
0
-2
2
5
6
3
2
4
-3
-5
-1
3
3
1
3
7
8
7
9
10
5
6
7
6
9
4
4
7
7
7
6
5
2
4
2
-5
-7
-2
3
3
2
3
-2
-5
-3
1
5
11
20
15
6
2
-1
1
-1
0
2
3
7
5
2
0
-1
-1
-5
-6
-6
-9
-10
-9
-7
-9
-18
-14
-10
-11
-10
-12
-4
0
-2
3
5
-1
-13
-21
-23
-26
-24
-22
-23
-19
-13
-14
-9
-7
-12
-11
-7
1
0
-1
0
3
11
9
11
10
4
3
3
4
7
11
18
21
24
24
20
18
17
15
18
18
15
14
15
13
11
13
12
9
2
-1
1
3
6
7
12
9
2
0
-1
-1
0
6
9
10
8
2
-2
-2
-2
-3
-11
-13
-15
-19
-19
-19
-14
-12
-11
-6
-2
-1
4
4
0
-4
-10
-9
-8
-9
-15
-14
-8
-9
-9
-8
-8
-6
-4
-1
0
-1
0
0
0
-1
-2
-2
-4
-4
-1
-1
-3
-1
-1
1
2
0
0
-4
-6
-6
-2
-2
-6
-7
-7
-6
-4
0
5
6
6
9
9
8
6
5
4
4
6
2
-3
-6
-5
-3
0
2
4
5
3
3
4
5
2
1
3
8
15
18
19
18
11
2
0
1
1
0
3
0
-4
-1
-4
-5
-6
-7
-5
-7
-5
2
8
9
7
5
5
-2
-6
-2
-1
4
9
8
1
-2
1
1
2
-1
-3
-3
-6
-10
-9
-6
-6
-2
0
-1
-5
-12
-10
-1
5
5
2
0
-1
2
5
3
4
12
13
8
9
13
11
2
-1
2
-2
-6
-10
-12
-16
-17
-17
-18
-10
-8
-9
-5
-3
1
2
6
14
15
13
17
18
15
11
5
1
2
-3
-6
-8
-7
-8
-10
-7
-6
-1
2
4
2
-3
-6
-6
-6
-4
-1
-3
-4
0
10
8
4
4
2
4
3
0
0
-1
-3
-2
-4
-10
-8
-2
1
3
1
2
1
1
3
5
3
-4
-9
-10
-5
0
0
1
0
2
4
0
3
9
6
6
2
1
0
-6
-6
-4
-3
-3
-4
-7
-5
-8
-13
-5
2
8
8
6
4
1
1
1
1
2
1
-5
-6
-4
-2
-3
-3
1
0
0
2
3
10
12
4
4
9
12
9
11
14
14
10
1
1
1
-1
-5
-9
-5
-2
-1
-2
-3
-2
-9
-12
-12
-9
-8
-14
-12
-5
-8
-8
-2
-2
2
4
-4
-6
-6
-6
-11
-14
-7
-9
-14
-16
-15
-10
-13
-11
-1
0
-4
-2
4
4
5
6
6
6
3
1
2
3
1
5
5
8
14
13
17
23
21
16
15
20
15
11
12
12
11
11
10
10
7
9
6
1
5
4
-1
-5
-2
0
-4
-7
-10
-5
-4
1
4
1
5
4
3
1
-2
-7
-8
-9
-11
-14
-20
-19
-23
-31
-25
-20
-16
-12
-14
-8
-1
0
2
1
2
3
0
2
12
17
13
9
8
6
3
5
8
14
13
14
17
11
3
-3
-4
-2
4
8
9
6
3
4
4
4
7
13
12
10
14
15
10
0
-4
-11
-10
-7
-6
-2
-4
-6
-5
2
6
6
5
4
-2
-10
-12
-10
-8
-8
-10
-13
-13
-11
-11
-7
-6
-5
-3
-4
-2
0
-3
-3
-4
-6
-9
-8
-4
-7
-4
-4
-8
-12
-14
-16
-18
-19
-17
-16
-16
-14
-12
-12
-11
-6
-5
-4
-8
-8
0
7
19
15
13
14
14
16
12
14
12
10
20
21
21
21
21
27
25
23
22
15
11
13
12
10
10
12
15
16
15
15
14
9
4
-1
-1
-3
-9
-11
-11
-11
-9
-10
-14
-13
-4
-3
-1
1
2
1
-1
0
0
0
3
1
2
6
6
2
0
3
1
-5
-7
-14
-18
-19
-18
-12
-9
-13
-15
-12
-14
-12
-9
-10
-9
-8
-7
-11
-7
-5
-6
-4
-7
-5
1
2
4
7
10
12
10
15
10
6
5
5
7
1
6
10
1
4
7
4
0
5
14
11
8
6
7
5
0
-3
-7
-1
-1
-8
-7
-17
-24
-25
-25
-19
-23
-30
-38
-47
-60
-69
-70
-72
-77
-79
-81
-74
-67
-67
-70
-62
-55
-49
-47
-41
-32
-27
-12
-5
8
19
37
51
65
94
107
131
155
177
208
227
259
280
296
319
332
354
368
375
385
386
393
386
372
353
330
306
263
231
183
125
70
5
-59
-133
-200
-274
-348
-410
-477
-544
-611
-663
-706
-749
-787
-829
-851
-862
-877
-873
-864
-844
-820
-792
-749
-703
-644
-582
-511
-423
-331
-237
-139
-28
98
227
346
476
630
770
893
1030
1188
1338
1453
1544
1644
1738
1800
1833
1839
1840
1798
1715
1632
1536
1395
1191
984
787
572
316
40
-211
-475
-748
-1009
-1255
-1485
-1726
-1957
-2133
-2265
-2394
-2522
-2619
-2649
-2663
-2660
-2619
-2545
-2454
-2371
-2231
-2062
-1849
-1653
-1454
-1216
-959
-667
-420
-93
233
535
809
1117
1507
1804
2120
2362
2627
2879
3084
3290
3411
3536
3548
3521
3501
3471
3348
3119
2877
2637
2362
2048
1722
1320
933
505
103
-269
-651
-1014
-1487
-1835
-2131
-2404
-2648
-2903
-3044
-3230
-3321
-3324
-3328
-3240
-3188
-3089
-2946
-2719
-2399
-2207
-1960
-1707
-1416
-1110
-824
-484
-263
-31
192
423
701
891
1037
1108
1226
1389
1472
1545
1583
1594
1581
1578
1632
1627
1577
1503
1441
1435
1398
1364
1257
1171
1114
1015
958
859
764
601
445
362
255
150
-9
-149
-264
-352
-414
-511
-592
-656
-727
-763
-760
-745
-766
-819
-807
-752
-696
-677
-688
-651
-614
-570
-531
-501
-469
-501
-506
-471
-434
-441
-528
-557
-578
-591
-623
-708
-741
-804
-863
-888
-900
-891
-933
-937
-789
-682
-544
-462
-237
35
314
655
853
1232
1452
1800
2116
2386
2661
2727
2890
3027
3128
3142
3028
2889
2729
2528
2376
2077
1775
1389
1012
730
388
69
-376
-779
-1064
-1345
-1611
-1884
-2171
-2384
-2599
-2655
-2661
-2778
-2815
-2873
-2721
-2598
-2482
-2361
-2295
-2064
-1890
-1647
-1501
-1378
-1227
-1126
-901
-747
-679
-655
-662
-503
-422
-346
-356
-426
-350
-288
-26
116
173
244
478
861
1215
1516
1699
1956
2219
2615
2967
3168
3287
3225
3228
3333
3400
3275
2895
2584
2310
2067
1842
1464
1057
523
137
-108
-390
-609
-1018
-1413
-1684
-1751
-1811
-1978
-2110
-2259
-2281
-2248
-2033
-1921
-1966
-1847
-1692
-1450
-1226
-1040
-929
-893
-671
-498
-464
-435
-371
-383
-524
-533
-548
-705
-798
-899
-1010
-1111
-1124
-1191
-1386
-1097
-812
-821
-956
-616
-57
200
645
912
1238
1549
2072
2620
2851
3246
3280
3278
3553
3912
3979
3506
3338
3137
2843
2716
2422
2023
1328
851
530
260
129
-450
-1161
-1510
-1448
-1587
-1932
-2160
-2294
-2500
-2539
-2326
-2377
-2299
-2346
-2423
-2228
-2004
-1635
-1812
-1816
-1528
-1613
-1465
-1290
-1146
-1322
-1611
-1416
-1383
-1309
-1371
-1607
-1541
-1481
-1416
-1483
-1053
-493
-705
-830
-137
735
1129
1243
1678
2139
2584
3144
3555
3919
4050
4081
4005
4258
4624
4345
3803
3464
3295
2998
2613
2278
1667
947
384
160
-49
-590
-1180
-1680
-1906
-1990
-2168
-2504
-2609
-2709
-2733
-2668
-2644
-2328
-2350
-2422
-2123
-1888
-1604
-1596
-1518
-1313
-1397
-1227
-1029
-1065
-1236
-1373
-1267
-1315
-1284
-1340
-1599
-1565
-1475
-1401
-1509
-974
-445
-738
-771
58
962
1241
1505
1982
2360
2875
3556
4011
4138
4282
4336
4139
4477
4776
4290
3565
3228
3059
2634
2264
1851
1050
243
-129
-302
-643
-1088
-1783
-2292
-2347
-2205
-2439
-2842
-2859
-2860
-2834
-2672
-2464
-2350
-2354
-2195
-1845
-1658
-1386
-1211
-1275
-1175
-1041
-810
-769
-952
-1080
-1192
-1129
-1102
-1355
-1491
-1577
-1640
-1565
-1520
-1512
-1581
-1040
-551
-725
-555
356
1096
1401
1636
2265
2827
3103
3799
4138
4411
4535
4348
4467
4655
4787
4223
3518
3393
2971
2566
2158
1601
903
49
-351
-468
-871
-1495
-2112
-2361
-2373
-2473
-2682
-2795
-2661
-2860
-2745
-2453
-2195
-1950
-2093
-1862
-1501
-1324
-1075
-1027
-1032
-1017
-929
-725
-869
-1129
-1252
-1258
-1270
-1556
-1601
-1693
-1971
-1922
-1894
-1796
-1904
-1789
-905
-803
-1172
-453
664
1297
1566
1793
2619
3290
3774
4509
4611
4992
5130
4768
5026
5268
5244
4326
3582
3454
2873
2559
1865
976
351
-491
-818
-1417
-1851
-2063
-2926
-3272
-3274
-3268
-3328
-3397
-3357
-3379
-3129
-2768
-2387
-2245
-2021
-1728
-1652
-1197
-839
-815
-1022
-875
-416
-614
-945
-1019
-999
-1010
-1268
-1498
-1606
-1744
-1657
-1593
-1726
-1621
-1775
-1225
-301
-370
-432
447
1444
2089
2661
3014
3683
4157
4874
5550
5422
5779
5677
5142
5275
5312
4924
3847
3195
2667
1851
1465
732
-184
-1104
-1742
-2069
-2768
-3066
-3251
-4019
-4279
-4128
-4011
-3909
-3832
-3561
-3348
-2883
-2216
-1879
-1498
-985
-611
-399
26
498
420
72
109
480
270
-311
-564
-760
-824
-1017
-1472
-1776
-1913
-1916
-1928
-2008
-1818
-1997
-2292
-1037
-126
-694
-571
743
1629
2180
2827
3393
3935
4288
5173
5560
5482
6017
5522
4831
5032
5160
4318
3220
2682
1788
1168
550
-193
-839
-1926
-2627
-3226
-3273
-3090
-3852
-4404
-4318
-3843
-3649
-3299
-2858
-2838
-2365
-1832
-1144
-509
-329
-37
-82
275
717
513
268
-5
47
-280
-908
-1224
-1446
-1526
-1957
-2402
-2708
-2821
-2684
-2798
-2621
-2535
-2547
-2692
-2044
-11
319
-583
217
1885
2989
4052
4512
4739
5030
5699
6940
6780
6862
6811
5417
5193
5328
5236
3945
2551
1727
238
102
-308
-1428
-2430
-3504
-3803
-4399
-4220
-3819
-4578
-4834
-4700
-4057
-3420
-2783
-2197
-2271
-1672
-927
-275
459
787
951
668
723
1110
829
372
150
-193
-893
-1643
-1907
-1826
-2059
-2599
-3179
-3464
-3255
-2942
-2913
-3036
-2782
-2567
-2455
-2418
-1067
1098
647
-153
1372
3403
4872
5345
5455
5951
6449
7465
7897
7538
7620
6797
5495
5010
4914
4309
2498
1154
-57
-1164
-1551
-2425
-3269
-4083
-5008
-5329
-5307
-4921
-4448
-4798
-4586
-3739
-3277
-2280
-1249
-568
-186
-19
736
1670
2035
2088
1654
1294
1364
953
390
-357
-873
-1209
-2386
-3184
-3227
-3184
-3479
-4299
-4406
-4048
-3831
-3486
-3305
-3044
-2453
-2184
-1559
-901
-574
1205
2464
1902
2279
4335
5570
6219
6741
6861
6893
7207
8139
7712
6888
6370
5150
3930
3310
3094
1436
-343
-1267
-2766
-3219
-3360
-4212
-4963
-5776
-5637
-5257
-4861
-4000
-3803
-3606
-2761
-1784
-737
574
1327
1291
1562
2381
3100
3222
2749
2136
1354
1038
676
-439
-1338
-2517
-3290
-3559
-4230
-4727
-5143
-5224
-4991
-4913
-4439
-4017
-3861
-3229
-2523
-2009
-1426
-538
-58
381
329
1159
3925
4302
3116
3585
5362
6694
7114
7015
6918
6573
6529
7189
6231
5591
4988
2985
1633
1219
991
-381
-1882
-2883
-3971
-4264
-4020
-4015
-4447
-4578
-4093
-4066
-3197
-1706
-1208
-774
-249
451
1046
1878
2979
3055
2492
2332
2244
2179
2349
1648
309
-871
-1566
-2037
-2873
-3562
-4257
-5347
-5898
-5967
-5715
-5412
-5250
-4933
-4583
-3836
-2944
-2118
-1327
-651
-251
79
564
1392
1953
2060
1345
1651
3947
4516
3188
3219
4607
5766
6326
5862
5590
5446
5771
5794
4623
4011
3694
2182
666
393
-89
-867
-1776
-2725
-3221
-3104
-2854
-2749
-2864
-2591
-1939
-1780
-1321
-465
-17
320
889
941
1020
1324
1546
1508
1274
996
365
-301
-418
-662
-1243
-2071
-3013
-3434
-4024
-3923
-4276
-4985
-5145
-5061
-4521
-4534
-4115
-3412
-2741
-2222
-1834
-1054
-345
550
922
598
760
1329
1852
1702
1467
1284
777
2474
3850
2732
2210
3349
4493
5307
5309
5361
5115
4695
5592
4827
4263
4087
3069
1769
833
961
341
-361
-1029
-1969
-2240
-2118
-1826
-1937
-2047
-1663
-1771
-1612
-1143
-648
-356
-404
-376
-534
-417
-9
-123
-530
-963
-1239
-1033
-976
-1406
-1511
-1706
-2017
-2042
-2427
-2220
-2212
-2492
-2909
-3575
-3268
-2747
-2712
-2858
-2954
-2910
-2465
-1593
-905
-769
-611
-449
-254
-65
442
645
299
132
-88
176
-377
-180
2052
2998
1915
1706
3312
5213
6906
6991
6872
6441
6736
7758
6884
6546
5952
4515
2453
1384
1159
230
-342
-1853
-3277
-3963
-3981
-3313
-3642
-3706
-3432
-3712
-3264
-2556
-1829
-1202
-641
-654
-1000
-837
197
1214
670
70
-94
-177
-162
-120
-557
-817
-1318
-2026
-2676
-3077
-2411
-2651
-3469
-4027
-4067
-3668
-3245
-2348
-2224
-2630
-2178
-1481
-678
94
361
242
-191
-124
82
139
102
-55
-452
-397
-449
-1414
772
3466
3516
2133
2980
5137
6920
8414
8365
8427
6626
7672
7617
6215
6526
4618
2854
66
-611
-904
-2042
-2370
-4143
-5329
-5856
-5065
-4230
-4472
-3666
-3496
-3550
-2524
-1300
-322
3
765
935
745
1498
1859
1844
1155
987
453
-595
-699
-1481
-2199
-2790
-3179
-3691
-4568
-4384
-4132
-3886
-3747
-3358
-3329
-3283
-1893
-1072
-795
-1209
-884
-216
108
632
527
176
122
209
141
382
406
697
277
470
129
419
3280
4447
3889
3986
5394
6748
8074
8328
8577
7450
6617
6783
5008
4315
3589
1640
-707
-2500
-3017
-3495
-4051
-4194
-5126
-5701
-5141
-4296
-3674
-2872
-1628
-1611
-749
357
604
1023
2070
2921
1862
1461
1550
1590
914
368
-600
-2272
-2419
-3192
-3899
-4464
-4638
-4725
-5545
-4942
-4096
-3887
-3407
-2647
-2278
-2173
-1140
-104
200
13
7
131
258
564
333
18
115
259
-217
-403
-218
-21
-195
214
-328
144
2757
3843
4001
4204
5566
7245
8342
8398
8733
7771
7097
6767
4873
3880
2484
886
-1157
-3222
-3901
-4445
-4895
-4954
-5346
-5333
-4717
-3724
-2924
-2128
-790
-142
546
911
1654
2525
2253
2315
2382
1718
1037
508
-534
-1007
-2209
-2752
-3589
-4653
-4380
-5142
-4998
-4718
-4489
-3933
-3176
-2090
-1552
-924
94
524
521
958
1145
1125
662
279
100
-217
-482
-1135
-1513
-1406
-1321
-1436
-1316
-1158
-987
-353
-107
-191
1734
4198
4975
5179
5992
7238
8607
9411
9346
8458
7007
6368
5036
3253
1914
52
-1965
-3731
-4994
-5743
-5974
-5645
-5267
-5140
-4788
-3612
-2476
-1388
84
1045
1860
2362
3027
2699
1872
2339
2586
1824
472
-910
-1991
-2509
-2873
-3303
-4464
-4919
-4736
-4964
-4507
-3832
-3002
-2486
-1905
-954
-568
27
903
1324
1215
1041
1057
801
241
-232
-558
-892
-1306
-1861
-2157
-2050
-2120
-2059
-1831
-1460
-908
-414
1
459
387
2079
5246
6124
6269
6810
7573
8588
9175
9033
8055
6537
5176
3514
1359
164
-1167
-3183
-4796
-6039
-6445
-6139
-5315
-4577
-3931
-3097
-2025
-684
283
2084
3229
3393
3897
3743
3144
2355
1791
1113
246
-1072
-2600
-4024
-4875
-4676
-4996
-5168
-5023
-5027
-4371
-3466
-2337
-1497
-788
198
653
906
1269
1543
1794
1797
1392
870
334
-184
-708
-1351
-1616
-1762
-2159
-2460
-2754
-2682
-2212
-1887
-1597
-1302
-826
-227
341
559
624
2781
5555
6163
6024
6564
7316
8286
8752
8228
6658
4911
4013
2230
90
-1253
-2708
-4351
-5462
-6190
-6166
-5649
-4444
-3281
-2579
-1285
122
1203
1923
3383
4128
4467
4321
2906
1876
1202
453
-741
-2145
-3541
-4503
-5646
-5902
-5745
-5612
-4660
-4158
-3446
-2278
-1042
349
1408
2168
2784
2956
2803
2470
2068
1714
1208
285
-727
-1652
-2503
-2997
-3441
-3512
-3295
-3022
-2780
-2483
-2017
-1425
-936
-370
100
742
1024
1021
855
1085
3652
5766
5885
5502
5682
6657
7662
7546
7003
5568
4190
3216
1058
-700
-2004
-3274
-4018
-4776
-5389
-5387
-4803
-3539
-2360
-1286
-52
929
1857
2593
3277
3665
3677
3426
2355
1184
122
-824
-1613
-2426
-3152
-3978
-4615
-4561
-4264
-3755
-2993
-2316
-1592
-902
-195
413
897
1236
1599
1498
1004
378
-395
-509
-677
-974
-1511
-2027
-2305
-2765
-2782
-2535
-2060
-1531
-1209
-1047
-1150
-1085
-685
-321
-192
-59
44
-430
-364
-454
295
2995
4462
4763
5023
5641
6902
7645
7657
7436
5867
4452
3169
887
-384
-1753
-2921
-3657
-4758
-4993
-5113
-4512
-2979
-1838
-561
736
1751
2554
3166
3909
4226
4132
3333
2859
2326
240
-1383
-2303
-2608
-3317
-4329
-5437
-5934
-5578
-4566
-3861
-3580
-2364
-1609
-572
149
756
1435
1738
2118
1726
880
637
594
491
54
-843
-1501
-1943
-2042
-2294
-2490
-2108
-1890
-1956
-2209
-2145
-1897
-1532
-999
-809
-438
-603
-380
-101
91
2280
4402
5017
5418
6023
6965
7639
7663
7536
6101
4695
3739
1694
28
-1399
-2616
-3399
-4339
-4687
-4855
-4393
-2871
-1614
-414
654
1818
2830
3237
3690
3675
3535
3503
2412
804
-596
-1706
-2728
-3953
-4792
-5392
-5772
-5535
-5326
-4934
-4000
-2964
-1695
-711
329
1271
1770
2235
2327
2179
1780
1288
869
390
-174
-722
-1239
-1829
-2238
-2430
-2547
-2653
-2615
-2243
-1856
-1694
-1658
-1662
-1388
-768
-403
-315
-185
-158
374
232
1061
2970
3981
4923
5610
6431
7168
7537
7352
6857
5793
5250
3748
1513
89
-1687
-2674
-3604
-4381
-4589
-4724
-4042
-2939
-2146
-710
748
1583
2450
2948
3314
3638
3358
2651
1760
619
-308
-1672
-3245
-4259
-5011
-4959
-4990
-5274
-4978
-4612
-3571
-2391
-1504
-257
607
1467
2003
1993
2187
2027
1772
1329
773
339
-231
-834
-1474
-2153
-2585
-2799
-2797
-2643
-2501
-2304
-2278
-2112
-1757
-1330
-837
-485
-275
-110
-22
-40
-571
535
3224
4772
5251
5522
6311
7294
8099
8224
7322
5920
5175
3994
1806
-190
-2157
-3580
-4520
-5090
-5353
-5529
-4683
-3335
-2268
-832
635
2340
3382
3688
3772
3896
4136
3487
2018
362
-761
-1958
-3092
-4489
-5291
-5666
-5450
-4988
-4962
-4317
-3452
-2057
-847
93
1048
1649
2126
2370
2149
1774
1254
874
457
-150
-744
-1352
-1775
-2136
-2381
-2489
-2534
-2517
-2357
-2135
-2079
-1985
-1758
-1634
-1296
-911
-601
-469
-247
-155
-236
1457
3949
5303
5796
6506
7412
8316
8366
7900
6906
5949
5376
3351
1004
-1122
-2671
-3841
-4906
-5472
-5664
-5227
-4117
-2950
-1878
-452
1031
2375
3506
4054
3988
3957
4043
3186
1501
-55
-1187
-2294
-3446
-4515
-5417
-5771
-5575
-5166
-4777
-4033
-3044
-1996
-923
-57
603
1075
1533
1781
1578
1203
718
219
-114
-444
-830
-1209
-1566
-1968
-2511
-2714
-2667
-2365
-2111
-1916
-1853
-1881
-1580
-1411
-1220
-804
-191
182
178
-101
1427
3907
5472
6151
6774
7813
8468
8536
7769
6614
5547
4971
3431
1252
-896
-2803
-4007
-4975
-5381
-5344
-4839
-3720
-2681
-1820
-660
689
2113
3293
4024
4336
4028
3833
3123
1460
60
-933
-1575
-2573
-3957
-5002
-5638
-5594
-5113
-4832
-4136
-3064
-2033
-1156
-618
113
697
1144
1655
1662
1379
810
236
-237
-690
-915
-1056
-1367
-1803
-2242
-2611
-2613
-2370
-1956
-1845
-1724
-1404
-1243
-1052
-1105
-835
-353
360
400
348
1823
3917
5318
5689
6312
7200
8061
8031
7253
5647
4482
3904
2592
835
-1246
-2629
-3832
-4657
-4848
-4681
-3968
-2791
-1778
-965
-190
808
1940
2661
3404
3747
3665
3413
2477
967
-442
-1278
-1686
-2500
-3444
-4161
-4756
-4876
-4841
-4625
-3965
-2902
-1753
-976
-414
87
471
712
963
1140
1078
787
354
-236
-719
-996
-1003
-1115
-1563
-1822
-2004
-1977
-2046
-2039
-1818
-1659
-1501
-1237
-1221
-1383
-1272
-846
-371
-269
726
2689
4494
5505
6018
6614
7488
8209
8046
6955
5408
4470
3421
1740
-120
-1831
-3043
-3930
-4545
-4702
-4536
-3701
-2501
-1586
-739
156
1050
1719
2417
3072
3301
3330
3270
2389
931
-303
-1047
-1595
-2180
-2744
-3485
-4080
-4274
-4516
-4618
-4015
-2858
-1726
-970
-505
-277
-217
294
670
836
745
642
427
-254
-666
-1245
-1215
-1324
-1223
-1477
-1793
-1893
-2161
-2065
-2127
-1852
-1619
-1185
-1025
-999
-771
-597
-365
1020
3328
4924
5697
6399
7160
7681
7532
6995
5855
4862
4391
3195
1407
-645
-2169
-3317
-4178
-4444
-4353
-3791
-2674
-1705
-1111
-458
341
1133
1792
2265
2525
2629
2715
2360
1587
787
-63
-819
-1544
-2239
-2715
-3079
-3356
-3678
-3946
-3892
-3591
-2982
-2390
-1839
-1185
-620
-275
-267
-250
-199
-193
-139
-191
-497
-804
-970
-1103
-1088
-1057
-906
-860
-1008
-1138
-1328
-1348
-1192
-1161
-1041
-761
-454
-562
-471
1116
3177
4106
4913
6041
7068
7747
7434
6569
5300
4605
4103
2802
1190
-299
-1563
-2549
-3487
-4128
-4186
-3583
-2389
-1386
-641
108
684
1069
1490
1768
1988
2108
2132
1832
1245
522
-293
-971
-1504
-1987
-2416
-2664
-2914
-3287
-3465
-3421
-3193
-2745
-2174
-1632
-1443
-1250
-951
-719
-697
-945
-1277
-1367
-1204
-1124
-1215
-1305
-1191
-900
-565
-403
-488
-475
-315
-285
-543
-1013
-1144
-999
-666
-718
-391
1162
2827
3679
4204
5050
6146
6973
7041
6426
5306
4825
4328
2994
1387
-169
-1258
-2003
-2661
-3123
-3522
-3297
-2509
-1949
-1310
-599
290
1187
1653
1820
1647
1504
1673
1523
971
490
192
-89
-825
-1733
-2404
-2742
-2640
-2592
-2689
-2586
-2337
-2047
-1905
-1746
-1380
-1090
-911
-976
-1320
-1754
-2015
-1936
-1955
-2001
-1851
-1505
-1068
-669
-303
-93
173
547
683
439
93
-330
-546
-637
-679
-946
-647
981
2398
2831
3368
4380
5320
5960
6151
5847
5047
4757
4380
3099
1618
333
-771
-1718
-2342
-2737
-3054
-2860
-2234
-1921
-1633
-1055
-344
402
1075
1505
1710
1930
2138
1832
1129
573
184
-161
-713
-1324
-1921
-2342
-2390
-2397
-2477
-2404
-2110
-1739
-1503
-1404
-1422
-1561
-1637
-1723
-1940
-2165
-2355
-2457
-2442
-2295
-1997
-1653
-1116
-542
-154
19
235
440
436
328
211
276
338
393
167
26
781
2079
2895
3356
4102
4899
5459
5485
5104
4423
4098
4031
3247
2061
1088
290
-621
-1545
-2053
-2450
-2572
-2137
-1924
-1845
-1506
-857
-366
-177
271
809
1156
1555
1682
1294
964
709
382
-394
-1096
-1500
-1974
-2210
-2486
-2768
-2810
-2544
-2264
-2267
-2302
-2098
-2013
-1871
-1699
-1725
-1801
-1853
-1747
-1623
-1371
-1050
-912
-810
-567
-359
-201
-67
14
149
307
420
502
374
328
250
652
1597
2468
2917
3321
3876
4486
4963
4913
4819
4470
4407
3973
3140
2239
1388
612
-197
-875
-1419
-1766
-1943
-1915
-2192
-2172
-1858
-1339
-838
-411
39
308
603
911
837
582
598
566
392
-23
-536
-1234
-1918
-2342
-2810
-3237
-3195
-2853
-2611
-2514
-2421
-2321
-2205
-1854
-1497
-1344
-1125
-726
-433
-412
-576
-730
-765
-743
-596
-625
-633
-511
-333
-136
-156
-41
193
622
803
1081
1657
2375
2714
2949
3458
3827
4323
4474
4360
3947
3783
3673
3132
2447
1830
1196
584
-1
-632
-1298
-1656
-1622
-1732
-1805
-1719
-1531
-1480
-1131
-466
-98
15
193
597
577
479
115
-280
-665
-797
-931
-1542
-2042
-2590
-2847
-3125
-3046
-2870
-2654
-2174
-1710
-1389
-1327
-1084
-838
-612
-441
-217
-7
10
-45
-353
-549
-603
-494
-552
-566
-306
-37
134
166
339
445
742
976
1361
1764
2199
2501
2860
3320
3612
3725
3549
3425
3205
3145
2952
2557
2090
1681
1229
725
183
-389
-839
-951
-962
-1184
-1269
-1143
-1055
-1058
-905
-641
-569
-450
-400
-488
-729
-780
-913
-1215
-1389
-1535
-1692
-2084
-2250
-2497
-2584
-2440
-2267
-2102
-2007
-1682
-1456
-1212
-955
-777
-641
-470
-233
-268
-277
-170
-38
26
-107
-92
-187
33
363
473
499
522
721
780
1024
1153
1264
1363
1588
1952
1884
1934
2079
2430
2658
2654
2531
2240
2355
2339
2223
1930
1733
1682
1405
1078
480
161
-208
-305
-557
-894
-942
-887
-752
-942
-936
-1156
-1017
-864
-793
-1020
-1268
-1302
-1470
-1578
-1920
-2110
-2180
-2062
-2051
-2059
-2034
-1889
-1579
-1416
-1211
-998
-763
-605
-414
-537
-700
-582
-472
-342
-268
-296
-362
-124
34
287
554
482
657
1022
1163
954
845
924
1194
1620
1279
1163
1029
1057
1028
937
869
725
1377
1446
1569
1321
1411
1659
1771
1873
1541
1664
1654
1600
1106
477
92
-188
-215
-433
-521
-635
-644
-523
-850
-990
-1111
-932
-844
-856
-968
-1277
-1110
-1313
-1551
-1832
-1793
-1562
-1364
-1108
-1433
-1422
-1231
-857
-960
-1136
-731
-602
-202
-111
-257
-522
-439
-81
-179
-37
-54
274
453
493
505
98
150
451
837
635
907
1216
996
1108
899
707
681
972
876
875
993
890
1085
820
731
828
837
751
1075
1043
859
1147
947
675
514
700
300
250
339
304
20
-244
-175
-705
-657
-737
-860
-998
-741
-888
-1346
-1120
-1125
-1205
-1376
-955
-839
-1016
-797
-712
-1148
-1188
-668
-1092
-995
-683
-618
-633
-583
-512
-957
-544
-581
-162
-343
-207
284
45
288
-27
415
-164
774
992
712
774
763
1395
740
927
518
535
630
894
699
96
493
738
770
364
473
526
840
1158
965
698
770
738
630
527
66
382
-81
113
68
-138
-473
-462
195
-509
-328
-298
123
-311
-91
65
-634
-198
-484
-142
-409
-517
-739
-559
130
-583
-569
-617
-574
-395
-279
-55
-956
-498
-367
-57
-427
-922
-230
-495
125
-440
-261
-549
-296
374
-265
37
-366
578
138
215
393
-200
384
31
831
-231
176
-24
181
352
-171
288
-519
858
355
829
279
515
789
274
1123
2
303
279
988
266
-205
278
-319
257
-253
-134
-672
-101
444
-473
-84
-699
147
-90
146
125
-796
29
53
456
-838
-383
-158
-440
-119
-227
-256
-898
76
166
-111
-201
-192
292
340
445
285
161
491
-56
401
148
60
-40
7
312
-351
419
-480
623
-179
-119
525
-31
624
-1016
835
-135
-234
131
-185
126
-1154
714
-553
-322
270
-196
446
-727
711
26
-170
113
56
530
-219
320
-313
112
-81
-192
-311
-361
274
-441
-183
-460
483
-676
-256
174
-12
122
-844
934
-414
191
-602
371
282
-686
940
-744
740
-124
599
67
-95
971
-473
926
138
408
173
108
535
-154
179
246
124
-484
151
325
-107
-329
146
119
-205
281
-198
210
-209
-69
101
-275
35
-499
150
-435
-439
65
-491
71
-1306
372
-146
-533
-116
-739
550
-364
409
-697
78
124
-608
-114
-515
-92
-517
-160
2
-414
55
-536
240
88
-6
122
-133
299
124
424
-390
773
-635
722
377
134
173
-286
1569
-379
807
56
592
474
112
598
-175
834
58
357
243
19
403
-330
442
-148
-447
419
-172
482
-827
8
349
-399
155
-423
262
-276
388
-29
-218
-330
-165
104
-75
-347
-514
125
-107
-60
-770
9
-105
-151
23
-25
-355
-158
47
-246
-580
-259
-151
-485
250
-337
-89
-848
644
227
-534
-422
339
402
-102
271
-197
373
88
372
122
244
-86
588
56
1089
-32
-76
885
228
908
-323
767
31
875
606
-317
609
-196
824
-420
295
-175
137
230
-485
-112
-326
458
-689
-81
-298
-246
9
-665
-52
-503
-756
38
-355
-374
-492
-489
-179
350
-486
-560
4
-458
537
-579
-143
-150
-49
-103
-77
-45
-885
362
-467
250
-525
-222
-303
-144
-63
-350
377
-391
170
237
592
-249
201
143
1023
-187
388
746
-276
753
-90
995
-770
747
439
-155
631
-144
404
-300
666
-97
395
-299
285
537
-74
84
350
-196
103
633
-786
1191
-1445
1085
-572
-6
-258
-812
1007
-1622
1509
-2009
971
-828
-126
22
-1248
1327
-2187
1377
-1105
311
-471
-706
966
-1063
817
-1193
1279
-655
-185
764
-1003
1161
-879
84
517
-551
970
-1081
613
164
-475
816
-947
1496
-754
838
329
73
1145
-1099
1689
-423
673
179
-69
1198
-1222
1313
-304
-153
398
-594
1150
-694
126
55
10
308
-43
517
-755
417
512
-459
378
-390
-111
496
-832
385
-881
-440
-24
-743
757
-1893
765
-1206
256
289
-1926
1366
-1857
1292
-781
-590
351
-1108
1428
-1590
1093
-966
-155
642
-887
925
-1730
1205
-645
97
686
-1758
1924
-1419
905
401
-1319
2550
-2050
1770
-738
634
604
-1265
2235
-1769
2000
-1164
838
113
-401
890
-692
1342
-1251
1143
-354
-281
797
-391
208
-384
463
297
-309
-154
400
-45
-11
149
526
-692
455
658
-850
480
-398
492
-788
238
-72
-764
-198
-118
191
-1222
289
-202
122
-349
260
-148
-441
982
-671
386
-359
-11
478
-331
363
-483
225
-281
552
-730
370
191
-696
497
-419
1288
-1377
13
633
283
-140
-609
1238
-870
957
-322
556
19
-940
2045
-991
497
-616
750
122
-745
1122
-1144
1207
-875
222
255
-507
732
-1299
1181
-500
-191
-35
-134
545
-620
27
-322
644
-156
-612
30
-493
387
-257
-943
838
-1180
374
-2
-365
516
-1492
1207
-410
380
-335
-442
648
-470
1136
-1703
1045
-714
-95
1197
-1960
1461
-1611
1376
-232
-319
391
-811
1900
-1098
867
-128
-46
707
83
724
-941
523
727
-262
432
-498
489
12
262
631
-609
328
3
460
28
-345
642
-692
428
341
-484
65
-212
619
-576
293
-294
-664
1195
-617
260
-1153
934
-150
-629
838
-1310
822
-958
404
23
-758
179
-437
552
-664
-70
-153
-311
670
-484
39
-261
-554
1006
-491
-378
-326
116
1171
-1606
870
-662
409
226
-846
1161
-1368
1183
-1042
1006
-191
-879
1034
-1191
1724
-1321
482
-27
-121
628
-63
334
-1136
1438
94
-24
-405
423
219
-98
178
37
-251
-201
844
-569
568
-317
8
325
581
-248
-224
519
-126
369
-120
-88
-327
523
-170
38
-542
-91
614
-680
257
-522
241
26
-104
-93
-422
273
-51
80
113
-738
941
-597
701
-755
384
44
-751
1749
-2117
1799
-2120
1707
-226
-1368
1681
-2049
2274
-1848
1347
-478
-631
1690
-1644
1533
-901
419
156
-452
1310
-1117
736
-508
275
1086
-1981
1670
-891
428
425
-1265
1795
-2461
2168
-1427
183
530
-1412
1939
-2420
2420
-1662
844
-80
-526
1880
-2166
1991
-1555
1019
-460
-499
1100
-1924
1829
-1904
1016
-527
-318
470
-1556
1698
-1715
1454
-1352
142
792
-1327
1303
-1618
1372
-827
150
245
-736
974
-949
531
-410
601
-160
-643
669
-21
213
93
-272
310
248
243
-409
147
720
-818
1140
-765
601
190
-484
1219
-1146
1165
-866
768
-131
-534
718
-1176
1626
-1682
905
-429
-25
739
-1138
1385
-1042
1094
-1011
1291
-412
-137
479
-1167
1795
-1372
570
-1169
1046
-222
-571
396
-747
1073
-1341
1704
-1940
1069
354
-1186
1684
-2083
2014
-1962
1189
-368
-1129
2026
-2952
2772
-2383
1499
-436
-1239
2421
-3180
3659
-3203
1939
-202
-905
2349
-3235
3356
-3111
2643
-1161
-308
1244
-2510
3309
-3086
2338
-1867
569
867
-1694
2338
-2703
2224
-1588
949
193
-984
1428
-1792
1830
-1106
934
-615
-130
934
-905
821
-650
60
101
-80
80
-330
-119
68
219
241
-705
12
236
569
-343
-266
334
-209
766
-219
-156
-59
136
-118
188
102
-132
-581
413
465
-528
281
-864
1131
-395
-123
59
-279
508
-140
-112
-53
373
-403
660
-769
579
-43
-116
311
-375
729
-943
765
-413
263
-244
-209
890
-1348
1351
-1072
621
154
-634
767
-1026
1861
-2207
1514
-235
-499
880
-1358
1894
-2178
1707
-688
-164
707
-1124
1493
-1484
1410
-1203
577
63
-484
1199
-2162
1662
-763
89
-214
-310
660
-1223
1299
-1336
874
148
-937
1073
-695
1036
-832
277
144
-262
701
-1289
1205
-586
71
303
-715
602
-170
322
-817
565
-230
182
190
-972
873
-390
162
-301
292
-31
-296
24
647
48
-1087
1074
-547
663
-458
-251
383
-464
499
-719
745
-829
297
-166
132
378
-1048
725
-421
638
-204
-288
-165
368
225
-568
166
189
-103
-56
243
-39
-54
162
-12
69
-44
-409
634
-87
-178
-268
208
154
-177
309
-547
330
63
-14
264
-184
235
-656
1414
-762
140
548
-1388
2199
-1667
785
-415
-31
385
-611
1140
-2011
1980
-1188
557
-70
-972
1725
-1570
985
-499
-182
606
-968
1364
-1420
470
520
-979
1115
-1481
1633
-1431
698
297
-1136
1492
-1822
1829
-1242
176
206
-793
1455
-1768
1213
-741
58
659
-1148
1540
-1428
563
216
-210
465
-972
1230
-1053
1071
-517
-386
879
-923
1066
-942
410
97
-484
611
-119
-77
-546
678
529
-865
630
-755
672
227
-662
742
-1005
818
-105
224
-729
124
272
-339
1018
-1472
742
-112
-110
588
-768
324
-433
1091
-858
267
501
-1180
1415
-929
982
-1215
712
231
-726
1275
-1626
1447
-1407
1506
-740
-467
544
-853
1653
-1502
825
-700
710
-194
145
367
-1073
1081
-847
1075
-756
-80
-158
146
335
-498
334
-947
1100
-447
-12
249
-628
536
-143
269
-414
87
-86
-49
667
-788
471
-829
1010
125
-808
788
-1008
1411
-1022
172
337
-529
292
-789
1513
-1350
465
-371
291
418
-851
820
-956
1317
-655
-200
162
83
157
-212
-88
-25
163
0
246
-905
1016
-1029
1105
-499
-80
422
-926
1501
-1618
1297
-1099
592
80
-603
558
-766
1057
-925
780
-835
797
-428
243
374
-1365
1523
-1172
1021
-777
73
-308
529
85
-822
901
-1092
1480
-1837
2102
-1168
-107
47
328
973
-1958
2072
-2266
2416
-1252
571
-575
-647
2000
-1647
1489
-1977
1484
-406
209
142
-943
1573
-1760
1575
-665
-186
510
-1014
1258
-603
318
-564
183
577
-861
970
-939
625
-471
202
338
-453
464
-1163
1493
-1295
1454
-1400
206
531
-712
1365
-1690
936
-866
1386
-942
-19
310
-718
1001
-704
541
-642
358
-89
-7
470
-808
866
-562
-260
867
-764
469
-262
-162
601
-808
557
-203
-191
218
-30
44
184
-526
553
230
-656
529
-568
902
-727
244
-290
-170
217
-98
250
-1071
1464
-1237
595
4
-568
726
-1049
1377
-1556
1523
-1099
144
773
-1460
1834
-1872
1288
-671
699
-421
-415
1169
-1146
1266
-1162
900
-452
308
266
-528
382
-210
966
-1317
751
72
-502
857
-939
984
-916
411
660
-1220
1202
-1011
1426
-1832
1352
-3
-1182
1881
-2551
2736
-2023
1456
-1012
128
855
-1590
2227
-2989
3093
-2214
820
199
-950
1450
-1807
1659
-1538
1129
-681
473
-175
-303
664
-947
1207
-960
531
-427
446
-356
91
-67
-337
531
-687
845
-814
545
-387
397
-626
805
-558
-5
383
-577
819
-1274
1303
-614
-254
453
34
-258
475
-1091
1454
-797
-99
617
-775
1087
-1180
1380
-1715
1552
-940
608
-433
-591
1793
-2071
1966
-2282
1702
-436
-553
925
-1489
1869
-1566
956
-515
132
506
-787
1035
-1322
1236
-659
209
300
-797
734
-464
460
-482
-52
412
-328
542
-1101
858
-307
-99
481
-863
833
-812
948
-607
200
-151
53
298
-405
57
-86
678
-549
50
44
-225
884
-1036
713
-584
436
1040
-1923
1988
-1393
729
-121
2
425
-954
944
-746
972
-929
190
426
-1064
1345
-734
9
-356
466
502
-893
594
-1095
1539
-833
482
-415
-640
1636
-1143
625
-375
-295
254
410
-160
-99
-544
208
482
-59
-192
-305
284
281
-280
464
-458
-14
220
178
168
-617
171
-80
361
131
-807
102
461
-219
3
-819
792
-251
256
50
-1107
1428
-1066
787
-228
-689
595
-478
889
-1299
1350
-1845
1474
-531
-300
1078
-2248
2463
-1556
793
-213
-712
875
-464
583
-565
-53
-204
870
-178
-694
1128
-1542
1853
-1221
626
-129
-657
1140
-647
602
-1361
1640
-1509
1694
-1483
967
-419
-598
1799
-1558
1060
-1223
819
190
-226
-104
-397
616
-356
277
25
-794
1201
-1077
1209
-1165
533
443
-1188
1524
-1415
1121
-1110
865
-253
-453
575
-475
739
-759
879
-1163
1433
-890
331
522
-1000
1086
-867
592
-39
-175
-342
804
-851
772
-567
193
102
-11
-168
678
-568
-214
895
-1145
1782
-2185
1919
-1500
887
388
-1434
1404
-1625
1789
-1487
958
-910
228
656
-1287
1527
-2392
2559
-1811
450
875
-1900
2012
-1448
1144
-1046
814
-173
-120
132
-519
783
-352
-316
-188
651
-454
17
185
-390
5
970
-1049
49
555
-438
361
-389
208
-134
-12
343
-483
664
-623
460
-153
-115
218
-44
27
-423
709
-502
199
-170
92
261
-351
51
177
-316
679
-783
445
-233
501
-561
269
255
-928
1833
-2425
1484
-81
-133
104
-582
570
-464
938
-1086
278
334
-559
455
-545
511
-580
677
-636
451
411
-1720
2432
-1984
1372
-478
-243
315
499
-722
164
872
-1477
1729
-1925
1826
-955
135
175
-560
1101
-687
-41
352
-249
177
602
-1229
1367
-1096
596
150
-333
-288
723
-425
-108
682
-1709
2220
-1741
612
-234
207
-43
-603
783
-560
381
-473
518
-886
1022
-743
460
-301
-81
273
-544
901
-1055
1001
-1034
1076
-566
191
-64
-98
485
-816
1485
-1724
1355
-1104
1126
-718
-229
538
-744
956
-1403
1385
-1153
702
-276
40
48
-221
604
-1013
1223
-1113
783
-399
-190
768
-993
1072
-1317
1032
-326
-343
822
-1136
1031
-897
483
169
-470
292
-474
700
-805
854
-499
-608
1505
-1332
917
-244
-503
1222
-1239
1057
-627
77
370
-234
201
-573
989
-627
225
-187
529
-429
393
-92
-588
1311
-987
554
-379
245
-295
925
-1583
1346
-696
221
463
-1095
1463
-1500
1848
-1987
1655
-1168
612
131
-979
1697
-2595
2820
-2221
1269
-276
-926
1718
-1835
1763
-1679
953
-83
-111
-35
-413
1110
-1335
1100
-606
-368
768
-569
389
-528
-67
798
-939
583
-547
166
349
-311
99
-216
249
25
-136
-27
-46
218
-54
-376
429
-305
798
-1208
992
-393
-194
995
-1671
1490
-798
195
255
-409
280
-462
1004
-1133
704
-399
534
-386
-90
903
-1591
1796
-1629
1229
-282
-559
725
-421
105
-222
718
-1273
1367
-858
231
151
-236
86
-351
1013
-1141
673
-466
519
-273
-150
292
-448
905
-1447
1404
-1016
333
532
-971
1120
-1427
1597
-905
-99
586
-848
889
-711
687
-936
785
71
-1134
1517
-1155
465
43
-773
1392
-1444
1003
-728
457
180
-1153
1782
-2223
2149
-1400
385
874
-1906
2159
-1599
1239
-959
759
-395
-434
1415
-1917
1947
-1695
1115
-58
-855
1167
-897
644
-472
443
-135
-156
447
-534
448
-108
-160
335
-245
40
258
27
-653
1148
-846
264
200
-694
1105
-921
211
-54
154
212
-698
578
-327
-14
365
-528
179
-73
183
-157
289
-282
-163
66
347
-272
-38
-308
374
-161
48
66
-646
1239
-1623
1604
-1158
692
-514
46
1140
-1958
2097
-1972
1774
-1002
-2
995
-1385
1590
-1924
1693
-767
83
78
-506
1339
-1879
1827
-1362
564
404
-1029
1593
-1893
1619
-805
-29
870
-1128
974
-985
1268
-882
164
269
-550
905
-1461
1615
-1082
158
112
-410
544
-394
254
-892
1339
-1132
732
-448
216
294
-1291
1761
-954
223
-89
-468
799
-367
-6
30
-601
902
-698
815
-783
379
142
-484
1216
-1299
1059
-1281
1447
-313
-747
1056
-1314
1637
-1250
479
-179
-253
988
-1207
1065
-890
745
-71
-288
446
-471
330
-254
427
-304
-265
216
54
76
-222
-82
417
-684
822
-904
471
20
-340
104
-350
1160
-1695
1699
-1781
1300
-264
-592
1098
-1572
1650
-1251
846
-576
3
459
-597
457
-474
574
-667
681
-475
52
518
-844
1001
-841
650
-473
336
238
-670
825
-832
1037
-855
182
-160
589
-367
-736
1575
-1810
1776
-1157
115
633
-999
1339
-1377
811
-479
564
-2
-890
1014
-703
873
-918
316
196
-307
645
-1160
1476
-826
-173
549
-624
1137
-1156
396
236
-633
1294
-1370
1025
-668
117
848
-1246
1143
-955
576
-538
706
-145
-409
50
104
399
-603
373
-446
314
-421
948
-1098
988
-874
-16
902
-788
603
-924
815
-581
507
-351
52
-471
357
50
-454
756
-1230
1120
-1093
1113
-570
-144
551
-1162
1901
-2065
1604
-411
-981
2164
-2615
2343
-1183
-175
1220
-2133
2889
-2803
2287
-1257
-553
2346
-3139
3358
-3067
2087
-771
-657
2020
-2838
3323
-3126
2089
-449
-1070
2424
-3433
3195
-1788
205
1179
-2409
2771
-1943
1128
-290
-1064
2003
-1802
1906
-1440
426
272
-617
1235
-1495
1522
-1610
797
498
-837
853
-1576
1336
-343
-340
502
-470
41
-218
811
-484
-48
-191
27
718
-797
230
55
-64
169
-192
91
9
68
-221
453
-573
487
-385
-207
564
-539
360
-676
575
-34
-97
-217
170
277
-348
323
-487
585
-459
404
-117
-208
397
-812
1148
-849
188
37
196
-33
-166
747
-1243
1534
-1285
846
-286
-337
1242
-1890
1903
-1347
683
223
-1162
1486
-1193
590
-454
-28
638
-1245
1292
-1165
386
522
-657
473
-659
1014
-1037
908
-381
-571
1298
-1480
1080
-123
-467
201
-475
1198
-1293
429
218
-882
1155
-732
-45
254
-171
120
-139
229
-413
555
-223
-228
580
-753
883
-639
225
-130
330
40
-857
1002
-442
273
-558
338
64
-151
166
-308
-125
784
-788
397
-121
-305
1023
-1468
1393
-1096
971
-725
-159
1417
-2026
1834
-1453
852
219
-841
827
-820
1129
-1163
981
-216
-905
1702
-1635
1102
-329
-620
1401
-1707
1406
-924
715
-306
-449
1382
-1818
1920
-1251
201
843
-1004
472
97
-151
12
-35
242
-614
743
-429
-452
1170
-1577
1358
-649
30
360
-455
499
-400
566
-740
585
-84
-329
392
-274
192
-87
-447
940
-948
540
-141
-109
149
-386
749
-1122
1197
-1031
557
151
-703
824
-706
600
-398
36
161
113
-437
658
-641
324
74
-258
385
-608
627
-497
596
-886
916
-603
120
298
-781
1292
-1428
1091
-772
519
-214
-207
373
-874
1583
-1507
681
122
-500
507
-383
306
153
-592
418
96
168
-582
277
276
-648
1244
-2043
2122
-1448
319
665
-1312
1764
-2383
2420
-1741
1095
-557
-229
956
-1392
1849
-2125
1803
-1020
218
601
-1159
1359
-1148
588
-446
722
-600
-79
429
-542
887
-751
278
-351
570
-256
-118
-28
9
234
-237
150
-137
-78
257
-80
-289
704
-1041
950
-367
11
167
-503
870
-803
679
-470
249
251
-449
373
338
-914
710
139
-590
490
-544
435
-364
486
-696
765
-1159
706
665
-1674
2035
-2207
1831
-445
-529
903
-1269
1167
-253
149
-678
592
-225
-326
568
-671
404
-75
-653
1103
-621
188
-376
33
706
-757
499
-439
7
309
-69
-293
52
-164
215
-181
309
-597
436
-458
391
76
-866
1043
-1028
996
-776
453
-366
161
498
-1077
1327
-783
132
78
-11
570
-730
328
-17
526
-455
-382
1045
-1131
969
-678
209
389
-760
717
-621
642
-661
86
548
-698
688
-418
-123
1081
-1553
1664
-936
-98
837
-969
1209
-1136
720
-316
322
-125
-460
761
-549
-46
865
-1246
945
-415
-87
539
-750
1083
-1825
2425
-2113
1205
-1
-1294
2013
-1873
1333
-934
981
-956
251
517
-801
777
-651
1
358
29
-457
485
-584
306
164
-30
-504
182
261
-186
48
-276
9
484
-362
-389
807
-747
567
-123
-508
866
-540
158
-260
351
-53
178
-320
-65
281
-128
440
-761
349
-190
775
-836
475
-464
572
-249
-51
457
-805
885
-918
985
-835
360
-168
-115
595
-788
528
21
-536
687
-447
318
-145
-70
200
-383
924
-1200
965
-453
-417
1120
-1131
566
-135
-157
625
-576
223
-315
708
-737
581
-337
294
-446
162
606
-1091
850
-942
936
-720
196
28
-447
288
251
-756
830
-771
218
499
-810
1178
-1177
714
30
-161
69
-69
0
-40
-114
57
-93
142
-505
616
-378
245
-110
-513
1115
-1056
873
-1374
1252
-293
-550
529
-401
244
217
-992
1337
-880
-64
1094
-1531
1500
-1181
516
62
215
-547
399
66
70
-49
-11
53
508
-477
209
182
91
410
-1756
2564
-1708
833
-371
-313
1377
-1402
1230
-1574
1655
-638
-200
474
-745
1171
-893
558
-609
810
-502
-49
414
-889
1060
-1138
488
35
-218
44
-628
824
-311
35
-448
101
664
-674
173
153
359
-1219
1499
-904
427
346
-1527
1784
-893
710
-1222
843
-149
-346
728
-1291
1187
-1231
1269
-1211
872
-160
-988
2007
-2432
2060
-1511
960
-329
-568
1448
-1601
945
-262
127
-525
521
-235
-264
481
-643
551
-405
324
-228
-53
401
-423
665
-1039
1071
-401
33
14
-310
898
-1038
872
-515
335
-313
181
417
-973
1027
-720
658
-200
-290
496
-754
1046
-982
633
-441
332
-261
403
-435
29
907
-1757
2052
-1736
1153
-476
-400
1002
-923
513
-249
276
-525
567
-858
853
-456
-65
-115
28
280
-374
-80
158
-256
26
705
-1400
1176
-689
777
-643
15
543
-747
698
-757
825
-608
194
-298
341
154
-721
1028
-1131
1023
-662
541
-607
520
-240
-208
1014
-960
614
-416
492
-454
1056
-1318
1073
-220
-56
111
64
249
-601
414
110
238
-648
485
-129
560
-659
313
-173
-13
144
254
-646
182
155
-484
834
-975
448
75
-588
995
-647
563
-967
788
65
-254
706
-1650
1818
-1764
2080
-1589
153
378
-614
1565
-2218
1707
-1474
1453
-1316
1039
-750
-285
808
-1154
1587
-1844
1302
-1010
837
-529
242
-359
99
241
-145
-28
-325
719
-1031
1260
-1613
1850
-1781
1005
-275
283
-125
-603
1270
-1661
2026
-2088
1809
-1467
934
106
-450
205
-276
754
-708
839
-1356
1543
-693
-24
465
-784
659
113
-644
298
570
-685
64
453
-478
541
-460
-306
1235
-1260
528
336
-675
306
180
-24
-313
383
-795
1139
-515
-242
283
36
143
-320
384
-278
466
-1007
1478
-880
234
-149
-280
914
-1109
971
-1031
924
-662
525
-139
-451
541
-319
467
-751
1199
-1239
711
-153
-195
678
-837
306
-236
827
-934
325
-212
-216
771
-782
69
-35
205
-359
167
-54
-467
565
-333
-57
283
-365
-20
8
378
-249
-126
238
-191
432
-9
-787
1108
-957
571
6
-293
336
-945
1369
-922
744
-1411
1349
-563
111
664
-1636
2101
-1944
1925
-1255
526
-210
172
645
-1070
1353
-1592
1964
-1707
1262
-589
-12
484
-1137
1424
-1189
804
-872
284
608
-407
-382
279
66
264
-457
554
-763
603
43
-446
763
-1107
1000
-1135
2008
-2083
937
118
-367
908
-1646
2076
-2219
1894
-1425
1125
-596
-642
1222
-1322
1914
-2516
2036
-1328
885
-111
-574
846
-1267
1752
-1679
1265
-890
537
-398
311
145
-595
749
-1156
1188
-680
460
-1174
1067
-515
-111
390
-972
841
-706
787
-1031
846
-651
251
307
-679
922
-1087
1006
-710
836
-446
-439
1053
-1019
1140
-1001
674
-397
310
263
-834
1146
-1189
832
-42
-172
265
-383
491
-305
558
-495
-207
699
-429
91
-109
38
-17
-81
204
-532
458
-272
-43
283
-302
206
-341
390
-77
-112
150
-270
337
-3
-216
-33
39
-11
3
153
-136
-136
75
295
-221
118
-250
70
529
-621
536
-578
288
233
-279
100
-294
606
-624
756
-608
260
-138
84
350
-659
795
-907
835
-504
285
-22
-781
1056
-409
-258
208
-319
207
45
10
-183
-121
470
-430
486
-609
472
-322
231
242
-475
246
-266
641
-527
110
-160
428
-371
-173
495
-186
-164
-73
394
-62
-160
-275
545
-198
139
-550
527
-53
-242
361
-630
537
-391
196
-298
334
-26
-247
176
16
173
-258
110
-136
447
-348
202
-128
240
-40
-153
309
-215
261
-350
271
-148
299
-657
170
299
-305
6
-222
361
-82
-181
164
276
-400
206
148
85
-193
180
9
44
-173
288
-150
-145
98
106
-94
-47
45
-158
562
-706
446
-204
136
-224
52
229
-511
484
-500
493
-358
-39
315
-388
362
-495
498
-275
-93
265
-316
470
-629
596
-503
366
-74
-188
323
-412
482
-659
643
-632
253
60
-405
420
-535
491
-258
-12
-197
345
15
-283
372
-307
533
-435
245
58
-7
80
-165
358
-456
528
-506
233
109
-200
131
-466
694
-461
287
-304
154
229
-515
641
-515
298
-135
130
79
-163
223
-196
232
-121
362
-236
-3
41
233
192
-477
136
18
239
-216
54
27
-137
48
-6
269
-485
33
61
84
16
-385
234
-212
184
16
-205
82
-252
315
-87
-137
119
-161
286
-166
221
-209
-225
477
-301
261
-386
125
145
-2
-208
43
219
-461
484
-203
-100
-6
117
-6
104
-286
107
97
-161
111
-260
237
-291
217
-37
-143
-1
-149
258
-162
-12
-79
138
68
-111
182
-178
110
61
-31
107
-179
172
-59
209
-156
-102
217
-140
97
-9
-9
-159
274
-240
135
-172
35
243
-442
445
-255
164
-109
40
239
-375
200
80
-96
75
92
-293
256
-37
-37
-25
5
87
44
-78
-24
89
-113
184
-302
291
-297
292
-15
-478
606
-153
-72
-200
206
22
23
-114
130
116
-98
87
-43
373
-355
81
134
8
-18
-304
95
38
3
-302
-16
135
-275
212
-223
-274
374
-53
-38
-203
323
-126
-153
327
-114
-50
-16
139
-71
231
-207
-81
73
83
64
-292
135
-3
11
123
-206
-39
157
-14
127
-219
-19
150
-45
53
-156
-42
161
121
-174
124
37
32
270
-244
175
-96
19
210
-311
88
-222
193
-10
-183
43
-8
158
-140
104
6
137
-95
97
-37
65
-43
-108
190
-243
297
-190
410
-378
57
330
-276
304
-396
439
-221
81
25
-95
43
-232
292
-183
89
-217
148
90
-40
-7
-185
321
-120
50
-19
4
-5
-126
79
-38
-107
27
-81
-13
-82
20
18
-270
-62
131
133
-220
-9
-112
181
-134
-104
62
-230
180
77
11
-169
88
-119
86
15
-133
-94
-107
451
-275
-187
46
45
163
-281
388
-81
-136
251
123
70
-416
386
-53
-163
46
-31
86
-231
374
-162
-202
67
308
29
-30
86
-162
-83
-16
571
-180
-383
92
222
32
-32
-65
68
-112
26
452
-231
-92
-122
225
218
-275
-116
-151
227
25
-136
64
-56
-37
53
127
-126
-47
122
-91
85
-93
21
-93
-78
159
-31
-70
-219
204
-6
-18
23
-113
92
-81
325
-80
-32
54
76
244
-159
71
-66
153
-25
129
86
-180
90
12
101
-57
31
-55
-42
154
80
-73
-147
65
157
30
-159
-97
84
-185
114
105
-214
-347
-109
504
-71
-475
-232
387
142
-221
-75
-116
27
72
212
-22
-392
-102
273
59
-245
-374
-23
164
79
-159
-363
-67
186
227
-86
-245
-43
254
292
-8
-213
-137
239
336
-14
-282
-71
288
231
31
-242
-153
182
207
102
-318
-197
183
224
141
-330
-282
125
439
125
-410
-168
221
284
112
-28
-276
-24
360
276
-184
-391
164
242
194
-66
-188
-24
146
394
-102
-242
-63
232
250
-103
-123
-150
75
127
-20
-183
-230
63
243
54
-139
-262
73
360
113
-232
-268
192
206
42
-225
-147
-17
162
161
-130
-222
-129
339
97
-241
-278
37
238
-37
-161
-187
-112
11
84
-60
-244
-107
202
182
-125
-170
24
85
55
16
-122
-59
25
224
91
-215
-145
103
196
-3
-48
-95
123
105
37
-192
-140
95
33
49
-181
-63
89
95
47
-106
-45
17
113
108
-205
-135
129
130
127
-178
-79
156
170
63
-119
-2
14
136
125
9
-97
-25
138
68
-96
-118
9
114
36
-51
34
-86
142
122
-78
-93
-74
248
-98
9
-78
-49
129
-40
136
-97
31
169
153
47
-101
55
124
74
-147
-149
39
16
-135
-176
-27
-234
-148
-171
-208
-142
-304
17
-112
-70
-109
41
223
19
181
122
237
97
218
252
92
149
65
180
-17
8
1
-36
-6
-138
-46
-82
-119
-127
-140
-89
-119
-144
-151
-121
-55
-24
29
-89
-36
81
23
1
-68
54
125
25
58
-11
-35
-6
49
25
-68
-8
72
66
-30
-24
38
66
23
40
-10
51
98
69
101
40
65
91
61
63
0
-12
98
-1
-43
-50
-47
39
-85
-36
-46
-55
-12
-57
-34
-88
-15
3
3
16
-28
48
46
67
28
14
139
125
61
-6
74
69
17
-25
5
-38
-26
44
-5
-33
-84
80
30
-24
8
39
83
12
26
-29
-53
-19
0
-53
-109
-73
13
-17
-75
-41
-75
-36
-22
-23
-22
-56
-38
-5
-33
-51
-57
-32
-4
-15
-3
19
-8
-13
37
15
3
-47
39
51
-19
23
3
31
16
-10
12
5
-12
0
-6
35
19
11
64
-5
7
-31
9
10
-28
-20
-33
9
-30
-41
-30
-41
-15
3
-82
-16
19
30
0
-28
1
-25
-2
-33
15
-23
8
49
36
45
24
63
28
34
59
62
34
13
55
31
30
15
-8
-5
17
45
26
-46
-4
29
26
33
-42
-1
-26
1
-17
-61
-29
-30
38
-17
-50
-21
-3
21
-32
-51
-29
-30
-24
-28
-12
-34
-37
34
-14
-32
0
68
72
13
29
19
-2
2
29
15
22
1
16
-3
-27
1
16
12
-19
2
-23
-14
-42
-52
-26
-44
-13
-34
-22
-26
-26
14
1
15
13
17
20
31
39
13
14
25
22
11
-22
-27
-14
-27
-23
-35
-27
-7
3
8
-9
-31
-7
34
40
12
32
44
59
66
8
-5
1
58
24
9
21
26
25
-5
18
-22
2
26
12
-4
-26
29
23
1
-12
-12
25
8
50
-5
-13
10
18
36
-13
14
6
39
4
-21
-35
-53
-32
-50
-34
-51
-18
2
6
-19
-47
-10
5
0
-10
5
26
-6
-21
-19
-30
-8
-33
-7
-16
-18
-5
-27
3
-12
2
-16
26
20
-17
12
-10
13
-20
-19
3
4
30
34
18
-18
-8
7
10
-13
-17
20
42
14
-9
-38
-35
-34
-17
-8
-51
-7
-25
4
-47
-47
12
38
75
32
51
35
62
44
-2
-7
0
25
23
12
1
-2
6
30
2
-11
-11
16
23
0
-3
-12
17
-2
-8
-8
9
15
17
-6
-27
-20
-20
-2
-31
-15
-31
-18
-5
-3
3
-5
16
10
9
-10
6
-10
15
5
-8
-9
-17
6
-16
-5
-52
-35
-38
-20
2
-25
-6
5
30
-4
-2
0
26
31
29
17
5
25
22
30
-16
5
2
19
17
-3
-8
-16
9
1
18
0
29
16
19
15
-2
10
-6
22
7
32
25
29
28
7
6
-5
-4
-18
-12
-37
-27
-12
-6
-2
-33
-47
-34
-25
-19
-19
-28
-11
7
9
1
-1
22
41
36
22
-6
-11
12
26
22
-7
0
13
15
10
-3
0
-15
7
4
-9
-5
15
35
-2
-6
-16
3
4
7
11
-7
9
-1
20
-8
-16
-8
-10
-6
-40
-26
-34
-27
-37
-53
-47
-43
-37
-38
-37
-31
-37
-43
-22
-25
-18
-6
12
3
5
2
7
9
-8
0
-8
7
21
33
28
23
12
1
16
22
19
15
23
33
32
2
-18
-26
-8
5
8
-1
2
20
7
-3
-31
-5
12
20
11
-1
19
27
42
12
7
0
22
28
21
15
7
23
14
28
4
6
7
12
16
14
14
6
13
-4
-2
-14
1
3
-7
-26
-29
0
14
6
-12
-6
-2
24
12
26
30
31
37
19
23
11
34
21
7
-21
-24
-1
-3
-10
-20
1
6
17
-5
4
-1
13
23
-7
-7
-20
9
-2
-14
-9
-9
-6
-18
-20
-46
-51
-37
-42
-54
-65
-59
-52
-61
-63
-65
-50
-35
-48
-51
-61
-47
-38
-32
-22
-28
-13
-7
4
6
14
14
21
35
25
25
31
43
37
35
34
34
32
28
23
13
12
18
18
12
12
-5
6
23
33
37
43
52
43
39
17
14
25
36
48
53
45
38
41
41
36
9
-1
6
8
-5
-19
-40
-40
-13
-12
-18
-28
-35
-36
-30
-25
-23
3
5
4
0
-5
5
8
21
30
30
14
16
15
-2
-6
-10
-4
-16
-29
-27
-16
-2
13
32
17
19
18
7
-8
-23
-14
-12
-5
-12
-18
-27
-24
-28
-34
-29
-13
-4
1
-2
-28
-36
-48
-37
-50
-57
-51
-54
-47
-51
-34
-52
-49
-32
-35
-24
-18
-11
-13
-4
14
20
29
35
19
12
21
28
29
21
-1
-5
2
7
20
20
27
25
25
33
27
26
36
40
40
45
50
46
35
44
42
31
18
8
13
-6
-8
-8
-12
-3
0
2
-4
-16
-11
-2
-12
-15
-11
-9
0
18
12
12
22
17
25
17
2
5
9
7
4
-6
0
6
5
-2
2
16
11
17
4
-2
1
-1
4
-5
3
15
11
9
8
6
10
19
32
26
13
1
-15
-27
-35
-32
-35
-37
-41
-55
-53
-54
-51
-31
-30
-24
-14
-18
-24
-37
-50
-59
-53
-37
-20
-10
0
15
10
-5
-6
-5
-3
5
17
11
4
5
-1
0
0
-2
-2
-2
1
-3
-10
-4
8
23
32
38
31
8
-4
-9
-10
-3
4
11
30
30
16
0
-19
-23
-16
-1
6
25
35
14
13
2
-3
6
0
11
7
12
25
8
22
40
40
53
48
41
29
22
24
25
24
15
12
4
2
-1
-2
-10
-11
-8
-10
-2
-1
8
8
1
6
8
8
4
-4
-9
-9
-4
9
8
-5
-6
-15
-15
-12
-18
-3
1
4
-4
-19
-23
-32
-22
-15
-7
13
12
-1
1
0
-1
14
14
12
18
18
12
14
9
-1
7
1
7
11
0
2
-2
1
4
-1
-6
-27
-51
-68
-76
-74
-57
-46
-43
-39
-48
-48
-40
-31
-14
-2
8
15
16
16
8
-4
-6
-9
-16
-21
-28
-31
-37
-46
-45
-34
-22
-5
5
5
-1
-11
-6
-6
8
30
46
49
47
52
51
53
50
42
49
37
20
20
18
26
26
20
15
2
-7
-2
-10
-13
-1
1
1
-6
-9
-10
-11
-6
-3
2
13
18
9
10
9
7
6
2
5
19
26
15
11
8
3
1
12
13
2
-9
-16
-11
-13
-3
-7
-13
-26
-33
-21
-15
-1
-2
9
17
19
27
29
26
5
6
22
31
34
30
17
0
-13
-22
-8
-2
-7
-6
-14
-21
-16
-16
-8
5
9
17
17
-5
-18
-7
2
0
-2
-3
-8
-11
-6
-4
-15
-19
-25
-33
-29
-29
-30
-34
-35
-40
-35
-28
-18
-17
-37
-35
-37
-44
-41
-34
-21
-6
10
16
11
9
13
16
14
14
17
21
17
24
35
22
13
5
1
-6
-16
-13
-7
-4
-3
12
13
9
18
22
37
39
37
37
27
30
34
42
57
51
45
47
19
4
10
12
13
25
40
28
18
7
-2
8
1
8
25
22
23
16
11
18
15
8
13
7
3
5
-9
-19
-31
-33
-26
-18
-2
7
7
2
-9
-30
-43
-44
-48
-46
-35
-30
-31
-39
-47
-57
-61
-54
-39
-29
-21
-17
-28
-32
-26
-18
-8
3
5
10
17
15
5
-7
-9
-6
-8
-12
-8
-5
-8
-9
-3
-8
-18
-19
-17
-6
0
-3
-1
-4
9
12
11
17
22
25
14
1
0
5
5
15
25
33
32
32
33
15
15
22
18
25
23
21
20
7
0
-9
-6
4
5
10
9
12
24
16
22
33
31
33
24
19
11
-1
-2
-3
-1
2
-6
-16
-25
-36
-33
-29
-27
-10
-1
5
4
1
-7
-14
-25
-31
-20
-20
-11
-18
-16
-16
-28
-25
-26
-24
-29
-13
6
9
7
6
10
6
0
4
12
15
3
5
13
6
2
0
3
8
19
17
12
13
7
10
19
23
20
20
19
9
1
-10
-16
-2
0
2
3
-2
0
-12
-21
-30
-34
-34
-37
-30
-23
-32
-36
-29
-34
-28
-27
-14
-1
-12
-8
-8
-3
-2
1
16
10
8
0
5
18
16
20
26
25
22
30
36
30
26
29
34
41
32
31
47
46
36
28
20
7
-1
9
27
27
16
22
17
-1
-2
-3
-21
-20
-6
-1
4
-5
-8
-14
-23
-10
5
5
4
12
16
0
-21
-28
-18
-18
-20
-12
-24
-31
-32
-29
-24
-22
-23
-27
-21
-16
-13
-13
-16
-16
-8
-5
-2
-4
-5
-4
0
5
9
21
25
18
10
0
-3
-5
-2
-4
-10
-4
-4
-7
-9
-14
-9
-8
-5
-11
-23
-11
-4
-3
-3
5
7
0
1
6
17
11
0
5
5
4
4
0
-7
-17
-24
-38
-29
-5
4
5
6
2
-5
-2
1
-2
15
13
6
9
9
9
7
16
20
25
18
6
8
14
8
-6
-8
-12
-13
3
9
15
36
43
28
16
14
10
9
20
28
32
25
17
0
-8
-1
8
12
2
10
12
9
-3
-9
-3
-3
-1
3
8
9
4
-4
-12
-11
-9
-6
-4
-14
-17
-29
-38
-39
-46
-41
-26
-2
6
5
-1
-9
-7
-5
-3
3
7
9
8
4
-8
-18
-13
-13
-16
-10
-8
-9
-7
-4
-5
-7
-8
-4
9
7
4
4
-2
-5
-6
0
-3
-6
-1
-5
-9
-22
-32
-26
-21
-16
-17
-13
-7
-7
-8
-8
-7
1
15
15
3
2
13
8
12
14
7
12
4
-1
-15
-20
-4
-1
6
11
6
-6
-4
9
15
29
44
57
64
51
25
22
22
20
28
34
42
37
21
13
13
2
-4
-1
4
15
14
2
13
22
11
13
17
8
-7
-17
-21
-13
-7
-15
-19
-21
-25
-18
-9
-4
5
2
-2
-1
-5
-8
-8
-5
-8
-14
-24
-32
-28
-27
-21
-16
-13
-11
-8
-7
-16
-2
7
4
0
1
5
0
4
12
22
30
18
20
27
11
-5
-25
-42
-50
-45
-35
-33
-26
-30
-39
-30
-31
-28
-16
-7
2
15
20
19
26
23
19
10
-1
0
-6
-13
-8
-10
-6
-11
-16
-6
-7
-5
-2
-2
1
10
17
20
6
-1
-1
-9
-8
-1
9
25
25
25
24
17
10
1
-1
0
10
17
14
-2
-15
-14
-26
-25
-7
5
14
17
4
-11
-19
-5
-1
-1
11
16
20
15
10
15
14
14
27
31
30
35
35
27
26
29
14
13
11
1
-1
-4
2
-10
-16
-11
4
13
6
19
37
35
34
38
32
25
17
8
0
-13
-18
-22
-20
-14
-11
-19
-27
-20
-20
-22
-25
-27
-29
-31
-20
-15
-3
1
-8
-9
-21
-20
-9
-7
1
4
-3
-8
-6
-5
-8
-7
-4
-9
-14
-14
-19
-3
11
12
6
-2
-4
-15
-13
-13
-20
-15
-11
-7
0
0
5
9
9
20
9
-2
-9
-7
4
6
-3
-5
-2
-11
-13
-22
-21
-11
-5
0
3
18
19
15
5
-10
-5
5
18
31
38
34
17
12
14
6
12
21
10
7
3
-3
-13
-18
-18
-15
-9
-3
-3
-15
-11
-3
0
3
2
13
16
6
11
19
17
3
-4
-5
-11
-7
-8
-16
-14
-7
-8
-9
-8
-6
0
-1
6
9
-2
4
8
4
-9
-19
-27
-39
-41
-53
-44
-28
-17
-5
-15
-5
2
-9
-10
-11
-15
-19
-6
2
7
7
15
26
20
19
23
25
25
28
29
22
15
10
20
16
3
-3
-5
8
10
7
12
23
22
11
3
2
7
5
17
27
26
22
11
2
-13
-21
-16
2
13
6
3
-4
1
0
-14
-22
-24
-23
-32
-25
-7
3
6
5
16
24
26
35
36
35
24
17
13
5
6
2
8
12
6
6
3
0
-5
-12
-12
-16
-18
-29
-36
-32
-32
-23
-14
-2
4
9
17
23
20
8
4
-10
-22
-22
-26
-34
-40
-40
-46
-41
-25
-19
-25
-28
-22
-10
-3
-8
-11
-7
-1
1
6
12
5
1
1
3
6
24
45
49
45
40
28
20
21
24
30
28
17
6
0
-1
0
5
7
5
9
5
2
3
1
1
-6
-7
2
2
5
8
3
0
-9
-19
-25
-29
-37
-37
-39
-47
-48
-45
-33
-33
-31
-34
-42
-39
-29
-13
-4
4
8
5
0
-8
1
8
15
35
43
45
38
29
23
19
16
16
19
18
16
8
13
31
40
30
22
19
2
-3
6
13
25
35
33
36
35
22
28
22
8
14
12
16
26
26
20
7
1
2
5
22
34
27
19
9
-4
-5
-1
1
-3
-13
-19
-25
-42
-52
-53
-41
-18
-15
-18
-13
-12
-15
-21
-12
10
11
4
-1
-2
-8
-14
-13
-22
-30
-31
-29
-21
-10
-16
-20
-22
-21
-9
-8
-13
-14
-13
-16
-16
-9
-10
-11
-14
-21
-19
-20
-23
-23
-30
-37
-41
-38
-30
-15
-6
-10
-10
-15
-15
-15
-25
-19
-23
-22
-14
-15
-9
-12
-9
0
-1
12
17
7
13
14
0
3
21
23
31
50
50
48
43
45
67
73
71
66
48
37
31
27
24
23
28
21
9
15
17
20
28
24
33
41
35
30
25
15
12
19
14
12
3
3
7
-1
-3
-12
-20
-27
-27
-26
-23
-19
-17
-17
-23
-25
-25
-22
-19
-29
-21
-12
-20
-20
-17
-16
-17
-20
-36
-45
-38
-33
-22
-15
-13
-14
-9
-6
-5
0
-3
0
-1
-6
-7
-7
-2
-1
-1
3
11
4
-7
-1
12
23
31
29
23
11
-2
-13
-21
-10
-9
-12
2
4
-3
1
10
17
25
22
17
14
1
0
7
0
4
17
16
10
14
23
22
25
32
22
10
4
7
2
-12
-12
-9
-14
-13
-4
4
13
11
7
6
-2
-7
-8
-9
-2
-9
-13
-11
-29
-31
-33
-38
-28
-26
-32
-29
-23
-19
-12
-19
-21
-15
-6
0
2
1
0
6
7
21
26
19
17
9
5
6
-5
-13
-14
-21
-21
-21
-22
-14
-2
5
3
14
14
15
29
40
49
36
25
25
22
16
16
21
24
19
13
13
8
15
17
12
11
4
7
8
3
-1
5
5
-1
6
20
37
40
42
31
12
6
1
1
-2
1
6
1
2
-1
-3
-14
-23
-18
-30
-35
-35
-41
-41
-49
-45
-34
-42
-45
-37
-35
-32
-30
-30
-29
-30
-28
-21
-8
1
9
10
7
3
3
6
3
11
12
7
6
1
8
11
7
1
-4
2
-4
-8
-2
0
3
8
14
20
19
26
28
18
24
33
28
20
12
15
14
10
11
1
1
-2
-10
-9
-2
13
16
8
-6
-7
-7
-14
-6
1
4
1
2
2
-12
-19
-29
-35
-23
-11
-9
-9
-13
-15
-13
-11
-5
-7
-6
-2
-5
-5
3
4
0
3
13
12
9
16
8
13
24
24
26
28
23
16
12
6
19
26
16
8
8
13
5
-1
0
-1
0
1
0
-2
-8
-16
-17
-11
-5
-13
-13
-9
-15
-21
-18
-10
-10
-3
1
-8
-8
-4
1
3
-7
-13
-3
-8
-13
-12
-20
-16
-8
0
9
14
16
10
3
12
25
29
30
26
17
12
7
9
13
9
4
0
0
-6
-7
-9
-15
-19
-30
-27
-21
-18
-13
-10
2
13
21
23
15
2
-12
-16
-12
-6
-5
-11
-20
-26
-27
-30
-25
-17
-14
-15
-22
-18
-22
-30
-33
-24
-5
-6
0
-9
-17
-7
-5
4
6
8
9
7
9
11
17
19
18
21
26
26
29
31
30
29
34
39
37
39
44
57
54
48
55
51
36
19
8
8
9
8
6
3
-1
-1
-9
-23
-24
-21
-9
0
-5
-9
-4
-7
-19
-21
-16
-14
-10
-16
-25
-26
-35
-36
-31
-27
-27
-30
-35
-33
-21
-22
-17
-14
-13
-10
-7
-1
-5
-15
-21
-16
-10
-6
-8
-10
-12
-27
-34
-27
-15
-9
-12
-8
4
14
16
22
20
15
16
13
10
10
19
25
20
6
0
-5
-16
-17
-6
6
10
17
20
20
20
29
40
32
22
23
15
10
17
21
23
21
15
6
2
-3
-4
-2
-5
6
12
14
19
13
18
23
9
15
32
35
39
40
37
20
-1
-5
-6
-7
-13
-22
-36
-47
-46
-33
-13
6
18
14
1
-8
-15
-20
-22
-12
-3
-4
-8
-21
-31
-40
-43
-39
-41
-40
-34
-28
-36
-32
-18
-10
-9
-17
-8
2
7
13
21
24
14
7
-1
-12
-19
-15
-1
4
5
4
3
3
2
2
0
3
4
8
17
13
16
26
36
31
24
19
11
14
18
13
9
16
22
15
2
-4
-5
-3
-7
-2
0
-5
5
11
5
-4
-1
-6
-8
0
3
12
19
23
24
18
26
26
16
14
9
0
-12
-10
-7
-10
-10
-12
-17
-25
-20
-16
-18
-7
0
2
3
-9
-12
-8
-12
-7
-8
-11
-8
-6
3
9
11
11
3
11
13
6
3
-13
-25
-16
-8
-19
-25
-24
-24
-26
-25
-27
-26
-15
-16
-14
-3
0
0
0
-5
-1
4
1
3
6
2
-1
2
3
10
14
6
3
3
1
4
8
9
12
16
16
12
10
8
2
8
18
17
0
-2
2
0
0
-16
-12
-1
-5
-2
2
-2
-7
-9
-11
-13
-11
-9
-3
-2
1
-10
-18
-11
-8
-5
-9
-9
-1
-2
-2
2
5
5
0
-1
-1
-1
-2
-2
8
16
17
8
3
11
16
16
11
8
5
2
-1
-2
-4
-14
-5
-5
-10
-3
-3
3
19
27
25
16
17
23
24
14
9
17
19
19
16
18
17
9
8
21
34
33
29
26
26
20
12
18
9
-7
-7
-16
-10
0
0
-6
-22
-23
-21
-16
-13
-20
-21
-23
-16
-8
-12
-14
-11
-8
-13
-10
-1
0
-1
-9
-16
-15
-23
-33
-33
-30
-23
-14
-19
-21
-21
-23
-11
-7
-5
2
1
-4
-6
-10
-11
-7
-4
-6
-11
-9
-9
-7
-4
2
7
8
12
0
-7
-12
-27
-21
-11
-18
-14
-12
-20
-17
-15
-17
-13
-6
13
37
47
41
29
22
15
8
14
28
31
29
33
30
39
49
43
41
40
37
33
29
22
12
9
1
3
19
20
27
0
0
0
0
0
0
0
0
0
0
0
0
0
0
0
0
0
0
0
0
0
0
0
0
0
0
0
0
0
0
0
0
0
0
0
0
0
0
0
0
0
0
0
0
0
0
0
0
0
0
0
0
0
0
0
0
0
0
0
0
0
0
0
0
0
0
0
0
0
0
0
0
0
0
0
0
0
0
0
0
0
0
0
0
0
0
0
0
0
0
0
0
0
0
0
0
0
0
0
0
0
0
0
0
0
0
0
0
0
0
0
0
0
0
0
0
0
0
0
0
0
0
0
0
0
0
0
0
0
0
0
0
0
0
0
0
0
0
0
0
0
0
0
0
0
0
0
0
0
0
0
0
0
0
0
0
0
0
0
0
0
0
0
0
0
0
0
0
0
0
0
0
0
0
0
0
0
0
0
0
0
0
0
0
0
0
0
0
0
0
0
0
0
0
0
0
0
0
0
0
0
0
0
0
0
0
0
0
0
0
0
0
0
0
0
0
0
0
0
0
0
0
0
0
0
0
0
0
0
0
0
0
0
0
0
0
0
0
0
0
0
0
0
0
0
0
0
0
0
0
0
0
0
0
0
0
0
0
0
0
0
0
0
0
0
0
0
0
0
0
0
0
0
0
0
0
0
0
0
0
0
0
0
0
0
0
0
0
0
0
0
0
0
0
0
0
0
0
0
0
0
0
0
0
0
0
0
0
0
0
0
0
0
0
0
0
0
0
0
0
0
0
0
0
0
0
0
0
0
0
0
0
0
0
0
0
0
0
0
0
0
0
0
0
0
0
0
0
0
0
0
0
0
0
0
0
0
0
0
0
0
0
0
0
0
0
0
0
0
0
0
0
0
0
0
0
0
0
0
0
0
0
0
0
