15.2387
11.5079
7.28686
7.28084
4.93341
-1.6297
14.4465
4.93209
-11.2505
-13.2265
-19.0979
-29.9624
-30.3615
-28.5809
-33.7102
-36.3751
-35.4226
-37.9658
-39.8196
-54.352
-51.5502
-52.6466
-51.1034
-49.5372
-53.9327
-47.7256
-46.2364
-49.2267
-42.5696
-41.5251
-42.1697
-42.9281
-39.0387
-32.9517
-41.9161
-51.1498
-40.3896
-38.3476
-33.4807
-25.7815
-29.4433
-29.3324
-31.9485
-29.884
-15.1779
-3.01037
3.86907
4.61426
-3.05368
-4.4805
-1.97651
3.63945
9.04238
-7.17089
-29.7416
-23.7979
-30.5545
-26.486
-36.2806
-44.2464
-44.2276
-44.9087
-43.0142
-47.338
-50.8076
-45.9472
-55.6908
-54.3188
-58.1668
-58.6698
-61.8668
-47.1588
-37.882
-45.6213
-51.4382
-39.8952
-39.2155
-60.8341
-61.2654
-57.3474
17.2185
23.6125
14.2961
14.618
14.2809
10.2941
22.8274
12.0407
-2.9693
-4.33893
-10.5126
-22.4256
-21.4518
-24.6166
-27.8145
-29.7481
-34.5697
-34.6022
-32.7344
-52.8758
-46.3141
-47.7955
-50.6595
-47.6795
-52.64
-46.3262
-44.1963
-46.8327
-35.8595
-32.9697
-42.1049
-44.0315
-39.4145
-35.2475
-43.378
-49.7616
-40.4111
-39.6407
-32.8295
-25.2673
-24.6247
-23.848
-24.9045
-24.8036
-10.9431
1.2307
8.65285
10.1727
5.37298
6.5512
6.18507
10.0204
14.6353
1.50799
-18.1232
-11.8445
-18.6158
-20.4054
-27.9463
-41.2883
-40.8823
-42.4567
-39.8136
-44.8862
-48.1581
-42.4921
-54.2923
-51.9111
-53.904
-50.2067
-51
-42.2022
-33.5182
-41.1378
-49.5737
-39.4378
-38.8981
-55.9903
-52.5798
-45.8384
22.4295
33.376
21.0843
19.5934
26.2216
19.9528
27.4741
13.8906
5.51232
2.03277
-1.90611
-6.22987
-13.0553
-17.9435
-20.1523
-18.237
-22.6702
-23.9927
-21.2258
-28.9915
-29.4794
-29.462
-30.9601
-29.6259
-31.3445
-32.1532
-30.8182
-29.8219
-26.3899
-25.7771
-31.0624
-32.4873
-31.9323
-31.2601
-34.5269
-35.4676
-32.2599
-33.5322
-26.8573
-23.5569
-16.2057
-18.2643
-17.9939
-17.8969
-8.25624
2.36166
10.5898
14.704
15.6992
17.4014
15.4857
17.7034
18.1991
8.84316
-4.40552
3.46814
-4.03909
-10.8009
-15.8427
-29.1982
-32.7618
-38.7595
-33.6227
-34.9392
-40.3894
-38.2091
-43.2245
-42.2112
-41.3122
-38.6578
-33.0401
-33.9538
-29.3703
-34.5182
-40.4212
-35.9836
-36.468
-42.2736
-37.9205
-33.4811
33.7691
39.7595
22.0043
29.5534
36.5758
24.3812
27.8881
16.0972
8.93334
2.85433
3.98437
-0.508605
-16.0405
-23.2943
-23.5014
-20.7227
-22.5515
-27.689
-23.9483
-39.2284
-38.2329
-34.6513
-39.3523
-35.8759
-39.0326
-42.5118
-39.0572
-35.1458
-28.4526
-26.9845
-35.9719
-35.5009
-37.8725
-42.2451
-39.9018
-44.7598
-37.5544
-38.3409
-28.3441
-21.7662
-9.83459
-15.6188
-13.612
-12.8028
-8.14981
1.25895
11.0436
17.956
26.047
26.8217
25.3713
26.1248
21.3701
15.4685
8.03595
17.7407
9.3206
-0.708115
-8.91467
-25.7337
-30.0706
-34.138
-28.4879
-28.8754
-41.9211
-43.118
-47.3819
-43.4396
-38.0809
-33.5329
-20.9252
-26.2702
-26.8954
-32.7789
-40.8322
-38.4625
-39.3411
-41.6414
-32.4509
-27.9553
43.9959
43.373
16.523
37.895
44.4879
25.0296
24.8887
19.7503
12.0943
-0.30918
10.0895
4.56539
-18.4722
-20.7106
-27.2039
-20.3125
-17.1604
-29.7336
-24.7567
-37.2522
-32.6899
-34.4483
-40.6218
-33.2213
-41.0153
-39.7797
-41.1269
-33.0758
-29.9054
-29.6045
-36.1631
-33.8374
-40.7698
-41.9856
-40.4976
-38.1834
-35.9958
-35.9933
-25.1042
-16.7895
-1.71717
-9.28988
-7.87012
-7.69458
-5.8154
0.57076
12.3973
19.1201
33.4835
34.085
33.7303
32.0559
24.2069
20.3324
17.182
27.2387
19.4697
9.60606
-2.74945
-19.7829
-21.8988
-24.4595
-21.4617
-21.6102
-39.9966
-47.4411
-49.3625
-41.2768
-34.7864
-29.0498
-10.0064
-15.4054
-21.2841
-28.1146
-37.7791
-39.9103
-39.3199
-36.9732
-27.4532
-24.6378
51.0383
44.827
14.947
43.8195
49.0456
24.1487
18.1271
23.267
14.1298
-6.70151
13.9072
6.65992
-20.6046
-15.4016
-29.8703
-22.5359
-13.5924
-39.2994
-28.1713
-34.0256
-32.2496
-30.3699
-51.178
-33.8891
-45.6283
-38.6524
-41.2479
-33.5287
-35.4006
-34.9594
-37.9921
-34.7742
-47.2549
-43.8226
-38.5067
-33.4505
-32.2612
-30.6795
-21.1772
-8.95204
3.81509
-4.38721
-4.03727
-5.70557
-3.2595
1.13709
13.6536
18.6177
37.2129
39.265
39.2585
34.5691
26.5913
22.7073
22.5193
32.1916
25.81
16.8379
3.11785
-12.2628
-12.165
-15.9471
-16.896
-17.3396
-35.1602
-48.9931
-51.8278
-39.8558
-33.6481
-21.6734
-2.12213
-6.79071
-15.5648
-23.3312
-36.9195
-44.0941
-36.9239
-29.8551
-23.3739
-24.1995
56.1556
45.7658
18.514
47.3708
50.4941
22.9335
7.55524
24.5674
15.6836
-8.72947
15.7451
6.27877
-18.4858
-9.83942
-25.2667
-22.2962
-12.329
-40.1751
-26.3882
-30.0641
-26.3325
-25.829
-39.8013
-31.0895
-45.4457
-35.2617
-36.0171
-30.7858
-41.2375
-38.1343
-37.1699
-35.287
-44.1705
-38.5469
-34.9327
-27.7626
-28.446
-19.1593
-14.8999
-0.439718
7.6392
-1.77403
-1.95048
-6.8217
-1.91717
1.58954
13.6847
18.8231
38.4887
42.1182
41.7831
34.0322
29.3673
23.1385
25.0084
33.6425
29.0096
21.3799
8.79113
-3.93912
-4.07147
-9.88285
-15.2293
-15.2064
-30.3641
-46.2019
-50.6478
-40.1568
-35.0116
-14.62
3.03243
-0.862027
-9.25336
-17.5578
-36.2299
-46.9378
-33.6138
-21.6511
-17.4009
-24.7052
60.6674
49.2724
20.7307
48.0837
49.7279
20.1264
3.69866
23.8472
14.6768
-4.61362
15.9403
3.7292
-14.0595
-6.24125
-22.6078
-18.5424
-12.6989
-32.3142
-21.2103
-26.8611
-19.8069
-23.2275
-34.2099
-25.1576
-38.1693
-34.502
-31.4876
-26.7411
-43.2025
-38.3425
-35.069
-34.9399
-35.7849
-28.2467
-26.4812
-21.5562
-18.6661
-8.71111
-3.94845
7.34551
10.2536
-0.175672
-1.66252
-10.0189
-1.04891
1.69316
14.6799
22.2012
39.7809
42.4792
41.9689
31.7128
31.7152
23.4994
26.2685
33.4082
29.593
24.7797
12.7192
2.26885
0.232867
-6.61859
-15.4301
-13.7532
-24.5113
-39.6941
-45.7718
-41.5062
-36.1486
-9.84668
5.72377
2.46613
-3.95475
-11.4152
-31.9632
-45.8591
-31.6822
-14.8024
-10.9505
-25.5768
65.2033
56.0125
22.5176
46.4307
48.6054
17.3558
3.7682
21.3629
10.6264
-2.41208
15.8928
-2.9587
-12.2619
-5.59197
-21.6169
-12.7213
-11.7934
-32.7468
-19.1017
-27.6315
-15.3833
-20.2024
-28.7516
-22.2475
-34.6731
-34.2882
-27.459
-23.9265
-48.8366
-42.1083
-33.7164
-34.2374
-31.9413
-19.6446
-16.777
-12.958
-5.67563
-0.255685
7.13886
15.5092
12.7365
1.52419
-1.92862
-9.02801
-0.058614
5.70345
18.3802
28.1226
41.998
41.0354
41.2146
29.6623
32.0194
25.2049
28.2404
34.3274
28.9299
27.4746
14.4268
5.82602
1.50857
-5.60438
-15.4431
-12.509
-18.3488
-33.3599
-44.2583
-42.7324
-31.8674
-7.85632
7.08862
4.44173
0.686371
-5.77798
-25.465
-40.958
-29.7739
-9.54538
-6.56719
-26.5607
69.3708
62.6289
24.7306
46.0383
49.639
16.1005
8.09918
18.4735
7.57021
-0.954008
17.0964
-9.88672
-7.65762
-1.17401
-14.296
-3.13756
-7.34111
-18.9822
-11.0685
-20.1598
-7.6987
-14.4733
-16.8779
-16.9463
-21.9864
-25.3611
-20.2115
-18.0141
-31.247
-26.4599
-25.9218
-24.3501
-20.9099
-9.05565
-7.03483
-4.41044
5.76804
7.78801
16.5513
24.378
16.2101
5.65936
2.28409
1.53031
2.58663
14.0882
24.2918
34.7074
43.4138
40.0194
41.1863
28.5861
30.0858
27.1747
31.2283
36.5036
29.7481
28.8776
14.9323
8.13761
2.91835
-4.86328
-12.8138
-10.8586
-12.7485
-26.2125
-35.227
-32.9027
-20.7505
-6.27142
8.93262
6.70298
5.00016
-1.36836
-21.0407
-33.5638
-25.5347
-6.39225
-4.74366
-25.1972
72.6838
66.691
26.4334
51.7788
54.3579
21.8025
11.7441
21.6941
3.85641
7.34869
18.4342
-1.36932
-2.36589
2.21698
-19.0349
2.67648
-5.05541
-15.0716
-5.92848
-22.9456
-2.73591
-10.3059
-11.4922
-10.7673
-13.7669
-14.9737
-12.3992
-10.7308
-15.4551
-19.1125
-18.6795
-16.0341
-12.4366
-1.39817
-1.13313
1.29707
13.6614
15.855
24.3425
33.0201
20.3816
12.3615
11.1857
9.07946
10.7825
21.9243
32.2314
40.0663
43.3091
40.4944
41.8416
27.9137
27.4088
29.0806
33.6213
38.3793
32.6933
28.7857
16.2038
9.51929
5.85961
-2.95482
-9.67884
-8.07917
-9.12847
-22.9009
-32.5073
-27.0935
-13.2061
-3.90006
10.9745
9.5539
8.90216
2.9182
-14.8744
-26.9183
-20.7282
-5.61634
-5.32902
-22.3467
74.7493
67.8347
27.8152
59.0817
62.2695
30.2644
18.4496
28.4017
0.448802
11.1639
22.3127
-5.8587
1.15219
8.02938
-16.5957
6.95634
0.0929402
-10.9355
-1.81601
-21.0364
1.41376
-10.5207
-4.91064
-8.79749
-6.54711
-13.4893
-5.94069
-7.60594
-8.381
-14.9942
-8.83889
-9.64108
-9.03802
8.54855
5.3903
5.47039
21.6681
24.0893
31.1289
41.3631
25.5462
23.2651
22.4754
17.8622
23.9704
27.9915
39.5259
43.6551
42.5227
40.8744
42.098
28.3608
27.1268
30.9747
34.4966
39.6736
35.2773
27.7996
18.7728
10.1725
8.34447
1.00095
-4.64659
-3.50047
-5.67792
-23.1448
-34.5261
-26.0801
-9.79618
-2.44264
11.9559
13.4632
13.1199
9.48037
-3.58629
-24.8882
-19.2904
-7.30134
-8.22022
-22.4977
75.3326
66.7409
28.594
65.1315
70.0261
37.7757
26.4623
35.7756
1.74859
15.6658
27.065
2.72988
10.089
15.9482
-8.04208
12.9611
5.13941
-3.84641
7.18035
-12.2723
8.15191
-8.78226
2.21129
-1.39094
0.977336
-5.6211
1.4969
-1.55315
1.01488
-6.08815
3.34004
0.47984
2.80819
18.2955
14.4213
13.6921
30.2011
32.2922
38.5976
48.3036
32.5662
33.627
32.9905
29.1768
36.9374
35.4985
45.057
46.1019
42.4979
40.6859
41.8964
29.8459
29.0687
32.3168
34.7488
40.3937
35.8699
26.8363
21.0706
10.6844
9.54269
5.3434
0.974788
3.32239
-1.85816
-20.3274
-28.9234
-24.5617
-9.77014
-3.42837
11.6609
18.3649
18.781
18.0372
9.82534
-15.964
-16.8742
-8.55106
-9.38886
-20.0578
74.7344
64.6835
22.424
69.3815
76.286
45.964
30.9641
42.506
18.3989
19.7354
31.2395
11.3148
15.0065
23.6265
-5.50991
17.9927
10.912
0.113044
15.1819
-5.45585
14.0531
-2.91399
7.78375
5.02086
8.41786
2.47525
7.31804
6.31857
9.48051
1.69297
13.8544
10.8717
17.1197
27.3651
24.1959
25.667
37.7051
39.374
46.6132
53.2289
40.2527
42.5291
41.7349
40.1357
47.0497
43.7794
48.7265
47.6875
43.4922
41.135
42.4062
32.2754
31.965
33.8109
37.2361
40.7399
34.4827
26.5632
22.1138
11.3568
10.6505
7.69042
4.46312
7.79925
-0.0102014
-18.8906
-28.3192
-28.1418
-13.4996
-7.03061
10.6827
22.9384
24.9775
24.517
18.404
-8.35735
-14.5805
-6.0672
-5.20328
-16.8908
73.6132
63.2422
25.1057
71.7223
80.6849
53.8319
33.1448
49.6592
29.0121
20.8985
36.4185
12.9728
20.4645
29.5585
-2.32482
22.8722
18.45
1.34598
22.1056
-0.879372
19.009
6.49018
12.0751
10.9478
14.5935
11.9166
12.9872
12.7761
16.0292
10.1733
22.2889
19.8395
28.909
35.1301
32.9746
35.5678
43.0633
44.6781
53.2016
55.9965
46.4953
49.3235
47.9104
48.6985
53.7789
49.6848
50.6328
48.0691
44.4836
42.6503
44.1202
36.0375
35.6429
37.1021
41.9752
41.5931
32.5114
27.0568
21.7336
12.1993
12.6188
7.75077
5.88448
9.45773
-0.128502
-17.8765
-26.6238
-33.8281
-18.5422
-10.596
10.1816
26.5676
30.0891
28.1004
22.5448
-1.76752
-9.25383
-1.73179
-0.291192
-13.1491
72.3938
62.7143
25.4529
72.5134
83.0569
57.75
38.2354
57.7547
38.9326
25.3907
41.4791
14.8277
25.3529
36.709
0.69434
28.3256
24.4917
5.71949
27.6679
8.45855
23.309
14.1872
16.2453
16.4406
20.1324
18.5524
17.635
18.4293
21.735
15.0564
28.5832
27.0521
37.5521
41.3881
40.0678
42.3829
46.1322
48.3035
57.5498
56.5774
50.6721
53.5109
51.4773
54.8222
57.117
52.9632
51.6387
47.4077
45.0045
44.0095
45.7977
39.9216
39.8609
40.9319
46.0769
43.3903
31.8372
27.4316
20.8
13.8846
15.3082
6.93438
7.61786
9.6399
0.588271
-16.2042
-21.9049
-32.9156
-19.4705
-11.2224
10.0698
28.464
32.7003
29.2523
23.3847
4.89522
-2.94659
1.04001
1.94533
-10.372
71.0281
61.5973
29.6776
72.536
83.3724
57.3777
46.6091
65.5711
48.5153
32.0333
45.8351
20.7943
31.8201
42.4928
9.18701
32.3273
29.3653
10.7354
32.3818
13.6219
27.4336
18.7811
21.3063
21.1386
24.5388
22.873
22.2205
23.1061
26.1458
18.4811
33.4775
33.8098
44.0042
46.7172
45.8206
47.3804
47.5325
50.6299
59.7661
55.7475
53.0607
55.6734
53.3773
59.3244
57.9379
54.5318
52.7109
46.5175
45.3016
44.218
46.4751
43.0194
43.9451
44.1133
48.4559
45.1031
32.4875
27.7241
20.8484
15.6907
17.5296
7.51511
11.5105
10.5046
3.84317
-14.6123
-19.7598
-37.2346
-22.2076
-12.5297
9.01659
27.9431
32.3015
28.5165
22.1655
10.7597
1.46256
1.13406
0.925687
-10.6194
69.6909
58.7959
31.2731
72.8613
81.713
52.8173
53.098
72.541
55.0297
36.4688
49.4877
21.1404
37.4403
47.0112
9.63384
35.2405
31.613
19.1215
35.7788
14.2195
31.4888
19.912
27.4273
25.0011
28.752
25.0525
27.3044
26.469
29.8525
21.8447
37.027
40.4385
48.0589
51.4054
50.003
51.3927
48.1991
51.8167
60.2135
55.1238
53.9083
56.3407
54.6099
62.0252
57.546
55.0271
53.2387
46.4857
45.5912
43.9302
46.4208
45.0829
46.7324
46.4189
49.6472
45.8611
33.2508
28.6573
22.4207
17.0099
18.705
10.3009
15.973
11.7607
6.4354
-12.8161
-17.9737
-32.6921
-24.8374
-14.857
6.11734
24.6596
28.792
26.1242
20.1744
14.5169
4.02376
-0.0842372
-1.51493
-12.5492
68.5165
55.1316
32.5767
73.318
78.542
45.2831
58.5887
77.6006
59.6437
41.3927
52.259
17.8428
41.3281
49.727
6.59875
36.2848
31.6601
24.9855
38.3423
13.1702
34.1918
19.3286
32.2585
27.6681
32.0536
25.3534
31.5732
28.7795
31.9488
25.6316
39.9777
45.8662
50.6654
54.9143
52.7339
53.7043
48.7338
52.0059
59.1232
55.2688
53.4236
55.7317
55.1806
62.994
56.9976
54.4091
52.3351
46.8595
45.8132
43.9904
46.0928
45.8002
47.657
47.8549
50.1351
45.7028
33.0885
29.4407
23.4082
18.4833
18.9264
14.2963
20.2606
12.843
7.54543
-12.9418
-18.8813
-38.1733
-33.2823
-20.0782
1.13855
18.7503
22.571
21.9441
17.5093
16.1271
6.05165
0.855113
-1.06129
-15.3051
67.5453
52.4714
34.3947
73.0339
74.7962
36.7596
61.4054
80.9348
62.6167
45.5977
55.1578
16.2158
43.1684
51.3205
3.10054
36.3186
30.4794
28.36
40.5802
13.5768
35.8702
18.5312
35.2092
29.9558
33.5465
25.5924
34.4258
31.9266
32.8986
28.6146
43.9261
49.388
53.9274
56.9319
54.3994
53.7866
48.9073
51.4293
57.0116
54.9358
52.1906
54.4833
54.5048
63.4516
56.7153
53.0491
50.8289
46.664
46.2069
43.7389
45.9306
45.31
46.9946
48.3573
49.9183
45.8443
32.2833
29.2733
22.5441
20.6907
19.029
17.7871
24.527
16.0141
9.58391
-12.707
-18.8146
-35.3679
-33.9212
-24.4488
-2.6424
11.8499
15.9414
16.8088
14.1082
17.4324
8.88261
4.08187
1.97802
-15.4315
66.5302
51.8996
33.5628
71.4242
71.7994
31.2366
61.4508
82.6031
64.7641
47.5777
57.694
20.4228
43.7465
52.6346
10.8468
36.5248
30.8808
28.1836
42.2118
16.2277
36.3478
21.1896
35.9687
32.2815
33.3566
27.0535
35.9488
35.5032
34.3213
30.3128
48.5872
51.0114
58.2715
57.688
55.3527
51.7776
48.0807
49.9811
54.9872
53.2076
50.8523
53.4444
52.5247
64.9569
56.8444
52.2511
50.6013
45.927
46.625
42.6149
46.4812
44.6814
45.4315
48.0102
49.2104
47.0846
32.1855
29.0755
20.7607
22.5284
19.0671
19.173
27.2004
19.516
12.5924
-10.7461
-17.1165
-31.8323
-31.9965
-27.0804
-4.74359
6.75643
12.1065
13.3125
11.6705
18.5974
11.1813
6.09711
3.0074
-14.7785
65.5375
52.0032
30.2855
68.8424
69.9343
29.2738
59.719
83.0158
65.3176
47.3618
59.1617
22.0152
43.6242
54.0866
13.6932
37.7689
32.7764
25.2877
43.1265
18.4227
36.1749
24.7751
35.2725
33.7067
32.582
28.479
36.876
37.7021
37.151
31.7665
52.5555
51.9831
61.4853
57.9553
55.5727
49.0679
46.4469
47.7065
53.699
50.3144
49.3563
52.616
50.6939
66.422
57.225
52.5082
50.7619
45.4551
46.4444
41.569
47.2325
44.489
43.4665
46.742
48.6109
48.2409
33.1885
30.0177
20.774
22.5455
18.3457
18.0989
27.3612
20.8345
13.4365
-8.788
-17.2068
-35.8432
-37.9089
-30.7688
-7.16247
4.10429
10.347
11.4334
10.3246
17.8013
11.4022
5.86298
1.31378
-14.8564
64.14
51.4318
26.0948
66.9611
68.3011
29.3244
59.7447
82.6057
63.414
46.1581
60.1363
21.2081
44.247
55.1972
13.5346
39.2611
34.2953
21.9493
43.6657
18.3865
36.33
25.8599
34.889
33.5639
32.965
28.4912
37.8519
37.6744
40.5082
33.7535
55.3534
53.9501
62.5958
58.2702
54.9125
47.7548
45.791
45.6194
52.2579
46.9812
47.1653
51.3188
50.5614
66.5837
57.4352
52.6149
49.8777
45.6435
45.4265
41.1003
46.541
43.4597
40.8528
44.3504
47.9896
47.8316
33.7458
30.9854
22.4382
20.2954
16.4214
14.9688
24.955
20.106
11.4417
-7.70502
-18.1061
-33.3054
-36.1256
-31.459
-10.5274
1.3607
8.28705
8.44204
7.79589
13.631
9.71705
5.26576
-0.911122
-14.1935
62.9309
49.1757
23.2839
66.652
66.7758
28.4819
63.0856
81.794
58.6117
46.7693
61.1071
23.5732
45.5318
55.6712
10.5624
40.8051
35.0402
23.945
43.4771
16.7767
36.9835
24.3555
35.3422
32.5188
33.7701
26.4895
38.5168
36.5917
43.2546
35.2024
57.3557
56.3943
62.3772
58.3397
53.5017
48.0542
47.0537
44.8209
50.061
44.3173
44.6985
49.8123
51.4195
65.8627
57.8971
52.1391
48.1807
45.9465
44.0002
40.2667
43.3557
40.4399
37.7064
41.1907
46.693
45.8569
33.1213
31.6241
22.5365
15.8308
13.3464
11.457
21.1377
18.7488
8.32007
-7.73445
-17.9855
-28.9399
-29.6466
-27.645
-13.5179
-1.16736
6.82426
3.85882
3.11314
5.91019
7.13169
5.38694
-0.604291
-13.802
62.6865
46.1497
12.7519
66.9161
66.0485
27.5713
65.9868
80.9874
50.7298
49.0491
61.8687
25.0357
47.0071
55.6535
5.53534
42.7875
35.5902
26.6007
43.5396
11.9801
37.9826
22.0218
36.7213
31.8684
34.6242
24.7486
38.9969
36.1792
45.4664
36.2779
58.6026
58.214
62.2918
57.8322
52.0001
48.3204
48.1324
44.1162
47.5313
42.634
43.2283
48.3656
51.6446
65.1368
58.5153
51.5424
46.8863
45.9691
42.8972
38.98
38.5029
36.3026
35.3033
38.8217
45.5604
44.2125
32.9568
32.2191
20.5397
11.634
11.0126
9.33824
17.877
17.6425
6.99952
-9.26835
-18.449
-40.3267
-42.1187
-39.0729
-20.0106
-2.05843
6.8292
-1.12811
-1.61454
-2.09925
3.9833
4.60531
0.0265528
-16.2751
62.9539
44.9278
15.0419
67.0536
65.5979
30.844
67.9702
80.1934
43.8546
50.3198
62.0248
21.2186
47.8047
55.3906
5.67762
44.2934
35.9087
30.558
43.8489
8.92952
39.0057
21.7611
37.3656
31.6507
35.2499
24.4659
39.1339
36.5341
47.1239
37.1529
58.96
59.055
62.5845
57.0432
50.8958
48.3829
47.5095
42.4151
44.6298
41.352
42.1929
46.3616
50.6734
64.2197
58.2765
51.8127
46.6848
45.5958
41.5796
37.3876
35.1803
33.6308
34.6783
38.0575
46.1109
44.5153
34.6004
32.3574
18.668
10.6891
11.0092
9.37645
16.2992
16.8913
6.43763
-10.2149
-17.4657
-38.4345
-41.7572
-41.7551
-28.1428
-1.33164
6.47451
-4.41382
-4.16514
-5.82245
0.2977
2.14165
-1.19467
-18.6172
63.5657
45.3083
17.3556
67.3659
64.9861
33.3348
69.5231
79.7236
38.736
50.8396
61.2043
19.9689
47.7779
54.7069
9.53855
44.7188
36.397
32.7632
44.1366
11.221
39.6756
23.4796
37.0605
31.3003
35.4901
25.6543
38.899
36.5989
47.6735
37.8993
58.368
58.6498
62.6197
56.1454
50.1129
48.883
45.3446
39.6526
41.1788
39.8359
40.4345
43.5956
48.8788
62.4984
56.78
52.953
47.5447
44.7099
39.3468
35.4155
34.2894
32.661
34.6453
37.946
47.1586
45.2803
36.3779
31.2762
18.8849
12.2325
12.4112
10.047
15.4259
16.4345
5.35334
-10.6449
-17.427
-32.6267
-36.8966
-36.7284
-30.6118
-0.565776
5.26204
-6.39613
-6.58757
-6.80568
-1.92161
-0.581345
-4.36863
-16.5419
64.537
47.5086
25.2709
68.4046
65.2575
32.5744
71.4009
79.4795
41.2164
49.1333
59.3074
21.3439
46.6355
53.1176
15.0375
44.3344
36.9037
31.5686
43.6498
13.0004
39.6454
24.8611
35.8638
30.8801
35.1735
26.8629
37.9813
35.7052
46.6273
37.5039
57.0244
56.7278
61.7767
54.7503
49.4159
49.4899
42.076
36.2313
37.2459
37.5278
37.7108
40.7959
47.0102
60.0345
54.7332
53.5957
48.032
43.1077
36.2828
33.2924
32.7914
30.9803
33.9628
37.7827
46.5818
45.1607
36.8818
28.6693
19.9069
14.7179
13.8972
10.0364
13.4968
15.312
5.11794
-8.72543
-16.4412
-30.5482
-36.6805
-35.0404
-28.8191
0.326539
5.79438
-8.02222
-10.7115
-8.10349
-2.50897
-2.08156
-6.64828
-10.5023
65.3145
50.4142
33.36
70.1055
66.0817
35.1716
73.0009
78.7429
43.8679
45.5612
56.1764
20.5753
44.0223
50.1971
18.4876
43.8438
36.8187
28.6158
41.8029
13.9116
38.7475
24.9717
34.2481
29.8556
34.3813
26.8591
36.3321
33.5613
43.5595
35.94
55.064
53.5146
59.5777
52.8997
48.1467
48.8974
38.1644
32.526
33.3039
34.704
34.1905
38.2874
44.7814
56.8198
52.8414
52.6667
46.6386
40.4386
32.9166
31.1493
29.9024
27.9748
32.2384
36.7854
43.6314
44.3713
36.3144
25.1182
19.8328
16.1001
14.1053
8.87992
10.0421
12.7588
6.43319
-5.6716
-14.4917
-28.1959
-32.5544
-30.7495
-25.4285
1.60717
8.43552
-9.80018
-16.5093
-10.6609
-3.67822
-3.63713
-5.25827
-6.28492
65.5805
51.3584
37.747
71.3765
66.2231
37.0487
73.1346
76.4645
43.4966
41.1181
52.0878
13.2125
39.4854
46.1852
18.8989
42.9721
35.0044
25.3218
38.9087
11.9971
36.8059
23.7361
32.2961
26.8625
32.7224
25.8404
33.5061
29.9514
39.0368
33.8387
52.2107
49.8012
55.8687
50.6018
45.6577
46.1567
34.0954
28.5034
29.5008
31.1114
29.9066
35.2716
41.5534
52.5647
50.5983
49.9594
42.8736
36.523
28.9411
28.1709
26.5494
23.4434
29.0578
33.9129
38.2952
42.9725
35.0841
21.8514
17.8398
14.9991
12.3644
6.3717
6.97803
9.67411
8.36617
-3.54141
-16.072
-33.1349
-37.5546
-34.0754
-27.4637
1.57567
9.37803
-13.1231
-25.2932
-16.0418
-6.06442
-4.96352
-3.62099
-5.80744
64.5162
50.3686
42.2112
70.7485
65.1331
36.1768
70.9566
71.91
40.5474
37.9403
47.7155
8.05303
33.5639
41.5714
20.1144
40.1559
31.9107
22.2627
35.0648
9.56508
33.4003
22.3053
29.1647
22.2695
29.44
24.8979
29.4543
25.6128
33.6388
33.1253
48.0619
46.6949
50.7337
47.1281
41.3881
40.9009
29.5845
24.1005
25.9951
26.2733
24.528
30.4696
36.8228
46.901
47.1354
45.4819
37.4695
31.6273
23.6405
24.1377
23.7306
17.41
23.858
28.1731
31.1609
40.0485
33.4934
20.9108
14.0263
11.673
8.94762
3.72265
7.25046
8.94848
9.80626
-1.67593
-10.0346
-11.2123
-16.2056
-19.5594
-19.2705
-0.0236814
7.62615
-14.1666
-23.3715
-17.5333
-6.40914
-4.23412
-2.62739
-6.76704
60.9058
47.5826
43.8055
67.5037
62.2097
31.6329
66.309
64.4632
39.9457
34.1649
42.2168
18.0846
29.1689
35.4028
20.6744
34.5618
26.2168
18.4217
29.4504
4.99908
28.0069
18.7933
24.2176
15.7881
24.2515
23.3888
23.5122
20.8128
27.645
32.5332
42.7145
44.044
44.2952
41.562
35.4049
33.0806
23.5839
18.7674
22.5055
19.8449
17.902
22.9466
30.1579
40.0881
41.9779
39.0969
32.0008
26.3997
17.6086
18.9074
21.2503
12.056
17.1127
19.9736
23.8635
34.6671
31.5192
21.9514
11.4311
12.5541
14.5604
14.0866
15.0462
17.3637
16.3182
16.0183
14.3538
-4.2612
-11.7353
-22.4461
-24.4262
-4.61298
3.00427
-9.35012
-5.11379
-6.67237
-5.75549
-4.6771
-4.96428
-10.1568
53.7507
41.4268
42.4999
60.9557
56.9591
27.3407
59.3613
54.0033
38.5779
29.7183
34.6308
21.6463
26.9505
27.0417
17.9186
25.5376
17.681
11.419
21.8518
2.57332
19.3158
14.6376
16.5772
11.2291
17.9777
19.7242
15.9988
15.582
20.7487
30.3786
37.321
40.4029
35.7485
33.7687
27.3087
22.8339
14.2751
12.1476
17.4319
11.3663
11.2137
13.2987
21.71
32.4333
34.6923
30.6865
26.2284
22.0115
12.7152
14.2832
18.2688
11.1814
11.6345
14.674
19.2297
27.0652
29.2035
23.1572
16.9229
24.4953
28.9689
28.7531
30.4775
33.349
29.0884
32.901
31.894
17.0374
8.58121
6.43449
-3.75207
-4.7109
3.88643
8.42811
16.8449
13.0826
7.79285
-0.185687
-2.56404
-5.20418
42.5178
29.8117
38.4117
50.8262
49.4862
30.2408
50.4013
41.8793
36.301
23.3381
22.758
20.8861
25.72
15.7568
11.0143
12.8479
4.6738
1.99382
11.5648
-1.26925
7.86706
10.0542
6.85491
9.53805
13.7986
12.4689
6.77779
8.01726
14.6547
25.4036
33.1223
34.4425
25.4961
24.7739
17.8698
14.4377
6.77193
4.97046
10.0222
3.08935
5.88312
6.65858
13.1875
23.1782
24.7188
20.2443
21.5302
21.1964
13.7547
15.3371
18.7591
14.9375
9.02148
15.9588
19.209
21.7083
30.0096
25.598
26.9312
35.7497
40.779
42.1186
43.9154
47.4254
41.4158
44.5209
42.6291
32.576
24.6346
23.4735
14.1621
8.8045
11.9063
22.2092
32.4142
28.5231
22.1185
11.7898
4.37289
2.18997
26.1629
15.1164
32.9207
40.9477
41.1079
29.6926
38.9641
31.5395
32.7126
21.9849
3.22025
17.5878
22.7148
4.0494
2.9661
-2.60432
-15.8254
-6.94484
-0.584382
-6.31674
-2.82469
5.88961
-2.38987
7.87438
11.0756
2.18234
-0.178206
-1.32287
9.09254
17.6009
28.8576
25.741
17.6351
17.5166
12.0477
15.589
7.3833
0.595239
4.67063
-2.61404
1.99957
7.56947
8.03918
12.3441
15.2789
12.6871
21.841
24.84
21.9554
20.7644
25.1717
19.8041
10.3597
17.6228
22.0798
25.78
35.8347
31.4082
36.5512
42.4498
49.5596
51.1301
52.6043
58.2042
51.6117
51.9429
49.1056
42.7955
36.2324
35.165
25.6223
20.9807
22.6239
32.2771
42.8157
40.6099
34.0666
25.7585
15.0363
9.55588
11.5649
11.3614
27.5521
35.6945
34.1675
22.8417
25.0514
18.4054
26.9406
19.6003
-7.24103
14.0438
17.0091
-8.24455
-3.83625
-6.34149
-22.8702
-17.8458
-16.9808
-12.4234
-6.62064
2.51617
-7.11288
4.41077
7.24297
-5.47138
-5.03527
-7.07549
1.5023
9.63178
23.3928
17.0087
15.5713
16.4063
13.9136
19.1138
10.0038
-1.48448
7.38036
-4.78485
0.924718
10.2523
7.04372
5.7149
16.1634
14.3375
25.1423
30.0044
30.4345
26.0665
30.734
23.3115
19.4465
18.1699
27.1785
32.6064
40.5269
40.3428
44.7822
46.5403
56.9518
57.4765
58.7396
66.2306
59.9649
56.5906
53.0488
48.6752
42.8865
43.2726
31.8223
29.5489
33.9089
39.5687
49.1394
49.5426
43.2857
36.1215
24.6309
15.9982
1.14626
9.059
18.0086
29.4969
24.8484
12.4037
10.8571
-4.14937
18.7213
14.0927
-5.80172
11.5264
7.97501
-8.71857
-2.32542
-4.98984
-20.6592
-19.6714
-22.4436
-20.1119
-4.95644
0.822176
-1.4709
0.0829445
2.03889
-6.89767
-8.05612
-9.96141
-7.73402
9.7537
19.5941
12.2934
15.4058
21.0158
16.0491
19.8281
12.8382
0.232942
12.6599
-4.13325
5.31095
14.338
9.94117
8.25245
20.6703
17.1826
27.4155
33.8062
37.1884
29.8819
33.158
24.3214
29.4598
20.4819
31.9054
37.6084
42.32
48.0521
50.7787
50.0306
62.2807
61.3748
63.4408
71.7475
65.7633
59.2372
55.7418
51.8388
46.8344
48.2552
34.5476
36.3814
42.1866
45.0313
53.2904
55.2884
49.0348
42.1897
31.1994
20.6709
1.91192
3.54335
5.68959
18.0504
13.1743
0.119799
-2.66948
-10.3422
6.4482
7.25603
-3.73128
7.41149
-0.979176
-10.0981
0.589142
-7.54131
-20.7815
-21.9541
-15.2123
-19.1392
1.03071
5.14494
5.10898
0.0746238
-2.21258
-6.93301
-6.63958
-10.2201
-12.5635
14.7738
20.516
10.8188
15.4689
23.9645
16.3217
17.9656
14.8016
6.11942
17.3813
-0.409174
11.6739
17.2467
13.9778
12.3494
23.2434
18.2445
27.6919
35.2458
40.7862
32.1491
33.4434
23.6062
35.8214
24.1259
34.7381
40.6126
42.5053
51.7928
54.5555
54.3435
64.8124
63.4019
65.867
74.1232
69.0554
60.7178
58.342
55.0912
50.7369
50.8716
37.2205
41.3617
46.5266
49.2576
56.1511
58.7539
51.7929
44.564
34.5776
24.0786
9.10583
0.702318
-8.12103
9.10458
7.17389
-5.84728
-11.0028
-8.52164
-4.45271
0.948809
-5.63319
1.9593
-8.31202
-3.20203
-0.221535
-10.6639
-19.912
-15.9787
-10.9833
-16.8091
6.72154
8.41761
10.7787
3.67652
-1.41307
-5.58945
-3.78644
-9.77922
-8.55662
17.8319
22.7382
10.6281
15.7841
23.2382
15.0312
16.4169
16.0364
11.2866
19.7783
4.92274
16.6279
17.4316
16.0923
14.4344
22.9178
17.898
26.9273
34.5717
41.1146
33.466
33.0976
23.4161
37.9136
25.9295
36.7727
43.0743
43.0467
51.4538
56.4208
58.9929
65.7005
64.6987
66.2014
73.8866
70.8326
62.5044
61.1209
60.0349
55.5925
52.3235
41.0848
43.974
47.561
52.9694
58.678
60.4346
52.008
44.1356
35.5056
27.1356
9.85557
-6.59816
-14.0844
5.75797
7.25278
-7.93855
-17.3611
-5.96006
-10.2414
-2.85547
-9.54449
-6.50064
-7.72288
0.998734
-1.45102
-11.6859
-19.8975
-9.92911
-4.51009
-13.5047
9.46958
9.09368
13.8099
5.95567
3.14786
-4.50734
-2.08262
-8.19841
-4.39361
17.7788
23.0302
11.2719
15.4984
19.2307
13.098
16.7533
16.7845
14.2012
19.3824
9.54631
19.6782
15.9035
15.7413
14.575
20.2976
17.1673
26.8839
32.7001
38.7873
34.5036
32.6298
25.163
36.3339
26.3293
39.0731
45.4332
44.8
47.4843
57.1918
62.6484
66.9384
66.0102
67.0212
72.6911
72.4635
64.6288
63.1081
64.2206
58.7623
52.9047
44.4261
44.9269
46.6175
56.3502
61.3047
61.3647
51.0106
42.6196
35.7795
30.5338
6.74975
-7.66836
-14.5474
1.84607
4.99562
-8.48642
-20.0293
-4.92053
-12.6913
-5.25634
-10.9466
-12.5103
-5.77418
1.83129
-3.13317
-11.724
-15.4163
-6.39243
0.443715
-10.4027
9.05166
7.96067
14.6372
6.93521
6.79586
-4.98784
-2.18249
-7.48511
-3.47927
15.0857
20.9766
12.5537
14.9015
14.8494
10.7925
16.0618
16.4857
15.6444
16.9855
12.2584
20.3903
14.8251
14.1195
14.174
17.7012
15.8359
28.3641
31.221
35.7936
35.1018
32.728
28.7076
33.2865
28.4514
40.5029
46.6844
47.9124
43.0625
56.9009
64.5782
67.9205
67.3412
69.6855
72.0451
74.0761
65.5647
62.9767
65.7689
58.8921
52.1705
46.9621
45.6979
46.4483
58.6641
63.3231
62.3532
50.8859
42.1506
37.1707
34.207
1.7445
-4.91642
-18.286
-2.96816
0.276407
-11.6339
-18.3143
-5.9615
-11.6568
-9.99349
-9.97257
-13.3661
-2.00994
-0.755966
-5.80106
-13.7218
-12.5374
-3.29155
2.72313
-6.12354
5.7689
8.13596
13.115
6.75575
8.05369
-7.32688
-2.776
-7.57493
-5.56838
10.7903
17.1518
12.8489
14.0446
13.8803
9.61804
13.0165
14.4711
16.5667
14.5034
12.8507
18.535
14.3561
14.0433
13.9697
16.7033
14.0073
30.2756
31.1604
34.0565
34.3817
34.5426
33.0105
33.2182
32.2008
39.5398
46.3549
51.145
43.5947
54.8261
65.3508
67.2428
68.4274
71.4096
71.1332
74.5685
64.5783
60.2106
64.4376
56.0532
50.1549
49.1099
46.6562
48.3561
59.3767
64.2893
63.0439
51.8523
43.3481
39.0199
36.6802
-4.09121
-6.00419
-22.8365
-7.50604
-4.34808
-14.2791
-21.3253
-10.0298
-10.2781
-13.6569
-10.075
-10.4361
2.23531
-2.71886
-8.52547
-14.3376
-9.3012
-1.31022
2.16697
-2.07454
2.28395
8.40829
9.37231
4.36008
6.55819
-10.2783
-2.42448
-8.30858
-10.7804
6.49709
12.2009
10.8694
13.1956
14.4658
11.2734
10.9688
11.4489
16.8454
12.3855
11.7522
13.9652
12.3987
15.7661
13.8314
15.653
12.6805
30.857
31.2318
31.9181
31.9812
36.4848
35.8523
35.1238
34.484
35.9145
45.0332
52.4912
44.8864
50.7713
65.775
65.7787
69.0191
70.7285
69.4023
73.0737
62.7545
56.6157
60.7721
51.3536
47.8015
50.0131
47.0361
50.2293
58.5527
64.261
62.5639
52.7008
44.855
39.8279
37.0822
-11.7361
-6.92763
-21.4037
-11.1531
-7.43283
-17.9302
-22.0887
-18.7705
-10.4478
-11.638
-9.98882
-5.09422
5.21271
-0.212272
-12.3829
-9.26777
-4.8553
-1.8395
-0.686339
0.763269
1.48995
6.54908
3.04175
-1.16819
1.73843
-10.2943
-1.55535
-9.39201
-14.4253
1.60488
7.24483
7.65378
13.5057
14.2803
13.0713
12.0916
9.6043
15.536
9.55581
9.18784
6.86484
8.86901
16.3398
12.7356
14.1403
13.1388
29.0927
29.3642
27.8488
29.0275
36.3569
35.9455
35.7123
34.6987
31.2439
43.4891
51.3018
44.235
46.5114
65.6084
65.7094
68.792
68.2145
68.9214
69.6727
61.5984
56.9017
56.5501
47.0348
45.7832
48.6445
46.2705
50.8656
56.7042
63.2983
60.5254
52.9337
45.7747
39.0364
34.9768
-34.5465
-11.6786
-16.2858
-16.6008
-9.26798
-19.3578
-28.2859
-24.6698
-15.5098
-9.15617
-4.91207
-1.01216
4.78841
1.58564
-10.0026
-5.01208
-1.73732
-6.08519
-4.54621
0.807088
0.916535
1.89232
-3.49822
-9.53022
-6.06958
-12.3647
-2.17632
-11.1309
-17.6778
-4.01354
0.825934
4.52932
16.334
13.7374
11.9784
12.8709
8.34299
12.1699
6.26084
5.80608
-1.57671
3.86594
13.811
10.2258
13.2976
14.3247
25.1039
25.0035
23.0598
27.8317
33.5858
33.4309
34.885
33.2165
28.4215
41.9677
47.8224
41.7843
44.7479
63.9866
65.7438
67.7687
65.8147
69.132
65.2186
60.4343
59.1051
54.117
44.2931
43.9745
45.3592
44.299
50.3097
54.1669
61.1979
57.64
52.5199
45.8621
36.9622
30.8219
-21.1571
-9.74731
-10.5151
-17.6497
-10.3423
-15.8579
-19.52
-23.2934
-20.3551
-9.71704
-0.776315
0.100497
1.81459
1.49426
-5.48558
-4.13865
-1.7161
-11.9898
-6.20249
-2.85298
-2.88772
-0.207068
-5.761
-14.5733
-14.0507
-17.4389
-5.37331
-14.2713
-20.4913
-9.90817
-8.05103
1.75803
19.0999
12.9598
7.79187
10.8591
6.14232
7.38949
3.68253
3.47943
-6.62608
-1.57083
7.1848
6.85816
12.7126
14.9308
20.8749
20.5953
20.7614
27.6531
28.3767
29.5649
33.6976
31.3683
27.566
39.9752
42.8609
38.0577
43.5103
60.9483
64.1145
66.5012
65.478
67.6525
61.6965
57.7883
59.2689
52.8621
44.2466
43.1734
43.1791
41.8464
49.6495
51.0321
58.0869
55.1243
51.2827
45.2228
34.4245
27.4515
-15.6124
-9.44411
-8.06043
-14.9213
-10.9975
-12.0921
-14.1598
-19.0344
-22.9402
-11.6577
-0.696824
-1.75092
-1.76211
-0.604946
-4.24172
-6.55839
-4.63694
-11.5513
-4.69722
-10.6387
-9.35008
0.963885
-2.74023
-17.0875
-16.2395
-27.0147
-11.0648
-20.125
-22.5565
-13.0609
-11.7424
-0.0962996
19.0885
11.2993
2.21475
5.742
4.31043
3.93317
3.33028
1.8985
-6.4541
-6.84777
-3.77585
4.53202
11.7438
14.4918
18.4141
18.9681
20.7335
26.27
22.1903
25.8463
32.8599
30.2942
27.0354
36.9936
37.3566
33.2596
40.8287
58.5096
61.1894
65.4644
67.1906
64.3318
60.7973
53.7002
56.8438
50.8928
46.0166
43.7751
44.0128
40.98
49.3015
48.365
55.5834
54.4536
50.7502
44.2286
32.5849
27.9732
-12.2385
-12.1438
-8.95756
-10.2003
-10.7843
-8.22736
-7.31371
-12.957
-9.90672
-6.64975
-3.94014
-4.23741
-3.03242
-3.6841
-6.57737
-10.698
-6.61113
-6.52695
-2.79781
-11.7651
-11.9513
1.52794
-0.993517
-18.1293
-17.8249
-33.4431
-18.9682
-25.7529
-18.4773
-10.151
-4.81261
0.278099
15.317
7.98044
-1.69476
0.0635788
4.44287
4.08255
6.41332
-0.429932
-5.50418
-9.13952
-12.0723
5.77756
11.6728
14.4688
16.1441
18.1369
20.1589
24.07
20.034
23.1684
32.2661
29.945
28.5858
35.2007
34.4906
30.7425
39.0246
57.4825
58.1884
63.9892
68.7804
62.3099
61.9155
49.3916
52.8908
48.4012
48.3302
44.5574
44.9544
41.668
48.6776
48.8275
55.58
55.7988
52.4969
43.4919
31.5887
29.7314
-9.41909
-10.4309
-10.2176
-8.21311
-8.77878
-4.45406
-2.70349
-3.36605
4.16649
2.66846
-3.42837
-6.50608
-0.148754
-3.60782
-12.8554
-12.5281
-3.28207
-2.49647
-2.95659
-6.74894
-10.7553
-0.666608
-2.40044
-17.7224
-19.1305
-28.3378
-21.2318
-22.5929
-7.35057
0.327203
1.51951
1.22627
7.35344
2.77308
-3.818
1.90207
4.64022
4.5188
9.46654
-2.71205
-6.83642
-10.9513
-10.8198
6.94685
11.8534
15.9708
15.0668
15.9667
18.2267
23.7335
21.3565
22.8376
31.1459
29.4566
31.3285
38.4901
37.8408
34.3027
42.3665
57.2632
55.7513
61.2326
68.8585
63.4546
62.6659
45.8248
50.2728
47.8244
50.0164
44.9459
44.5592
41.3314
47.7982
51.9187
56.9742
57.3689
53.9845
43.3746
30.5585
30.4563
-9.30074
-3.40427
-8.06
-11.263
-8.17285
-3.16724
-1.44708
4.87815
12.8501
9.57812
1.77254
-4.5992
5.04625
0.839411
-22.7301
-10.786
-1.00258
-0.368847
-6.36478
-4.39468
-11.3375
-6.21268
-7.46338
-13.4299
-17.5357
-25.4066
-20.8793
-16.7712
1.27397
9.3146
7.30468
0.419291
-2.29982
-2.00677
-3.78795
6.9366
4.23961
4.2588
10.017
-3.15302
-10.1234
-12.1148
-9.5381
5.54727
10.9544
17.6006
16.4303
11.741
16.5062
25.0251
21.9761
23.9167
29.5414
28.4839
32.2524
42.4249
41.8715
38.4739
47.2054
57.2854
54.9868
58.0413
68.3111
65.3592
61.8613
43.5416
50.2172
49.0263
50.1324
44.9089
43.3499
39.2631
47.8169
54.7271
57.4295
57.3509
53.2898
43.3059
29.654
30.1521
-10.4788
0.615917
-6.42685
-19.4327
-12.0285
-5.32629
-4.35847
10.1996
17.0811
11.3638
4.54435
0.598257
8.81437
3.76119
-15.3306
-7.64207
-2.77627
-1.03317
-10.4981
-5.68075
-13.743
-12.6496
-11.38
-8.78622
-11.5499
-23.0271
-21.0834
-14.7168
5.78065
13.5418
10.6046
-2.62295
-3.85215
-0.966182
-0.0717008
10.1141
4.27696
2.48593
8.78364
-3.45247
-12.9312
-11.107
-10.3039
1.76019
9.24577
18.3141
18.1246
6.95945
16.5495
25.7286
23.5249
24.7503
28.857
27.2995
30.9176
44.1103
45.5284
40.2182
50.588
56.6069
55.2061
58.1849
68.5517
67.2996
60.3831
43.3378
50.9298
50.6599
49.1053
45.4623
41.73
36.0215
49.4643
56.0432
56.8358
55.2124
50.7291
42.4348
30.3301
29.2598
-18.8375
0.860711
-7.59563
-25.0092
-21.4218
-11.423
-11.1058
11.0524
17.3813
8.71197
3.78704
4.47088
10.0417
4.74994
-11.0503
-6.14466
-8.40699
-4.26097
-10.5119
-9.53964
-14.8973
-11.3259
-7.41977
-5.96536
-6.93179
-20.2296
-23.1554
-16.2776
6.56489
13.2673
10.815
-6.83558
-1.67781
3.69921
6.6003
10.7667
4.03167
-0.996883
8.0781
-5.30355
-13.8558
-9.8639
-13.0093
-2.72286
9.22305
18.38
18.6316
8.53547
16.372
26.2126
27.4091
24.7482
30.4724
26.4824
28.991
44.9305
48.6015
39.357
52.548
54.6474
54.6661
61.1943
69.3878
69.1476
59.0724
46.145
52.7277
52.6006
48.4784
46.8924
39.671
32.5128
51.0037
55.8138
55.6578
52.422
47.9632
41.1773
33.6202
29.4763
-18.7092
-3.95179
-10.5047
-25.36
-25.3706
-22.3557
-15.6206
7.60521
13.439
3.10419
-0.0923806
6.79145
9.80216
3.77688
-9.11298
-6.80028
-14.2027
-7.01619
-10.2019
-10.1748
-11.0349
-7.52184
-3.25248
-6.14891
-5.32261
-17.7324
-22.2483
-18.6553
4.28759
8.91492
7.94343
-7.89853
-0.358252
6.51503
12.5917
10.4199
1.31031
-6.00928
8.16511
-8.62508
-13.8764
-8.86983
-15.7401
-3.97094
12.0091
18.4797
18.4504
11.8324
14.1093
26.3169
31.1199
24.9833
32.7343
25.9364
28.2034
47.0142
50.0572
36.8614
53.3613
53.8896
55.4344
64.1249
69.5933
70.2885
57.7785
51.4112
56.0523
54.3182
48.874
47.3584
37.5271
32.7145
50.8462
54.3141
53.7077
51.9702
46.2259
40.6828
37.6103
32.0104
-17.7102
-10.8496
-14.1519
-24.8753
-25.7144
-22.183
-19.6618
0.167737
5.41128
-2.72915
-5.94657
6.66012
9.7223
0.57415
-8.9029
-7.7256
-12.6574
-8.1229
-8.99305
-6.4161
-6.4241
-5.9088
-2.63575
-9.20831
-7.21387
-16.3224
-14.4101
-16.4681
2.1452
2.11024
4.68404
-4.15308
0.576089
7.00644
16.9236
12.9751
-3.27456
-7.80965
7.09739
-10.8727
-14.0024
-6.44477
-15.3103
-0.700163
15.2972
19.6855
19.247
13.4259
11.2831
25.3164
33.9079
27.77
34.8524
24.556
27.8687
49.3313
49.8453
36.0997
53.3826
56.6901
58.4186
65.5759
68.5872
69.705
56.9313
56.585
59.0807
55.0223
49.5137
45.7328
36.5059
38.1234
48.4258
52.4337
51.5704
53.4179
45.6362
41.5096
39.3611
33.7967
-12.8883
-17.2036
-13.3428
-21.5875
-27.0781
-18.5045
-19.535
-9.26261
-3.82587
-6.78041
-13.0432
5.20441
8.19366
-3.64123
-10.6885
-9.42295
-11.7197
-9.71882
-7.06223
-3.4716
-5.51721
-7.09918
-3.96891
-13.8757
-12.6994
-17.6044
-9.0793
-6.34549
4.08854
-0.546594
5.08211
1.55232
1.77471
5.58676
18.6545
16.9656
-4.65446
-4.48074
6.2803
-9.72699
-10.3026
-1.64917
-13.2908
5.17923
17.1156
22.1879
20.02
15.2447
13.2672
24.2775
35.9802
31.3375
36.9701
22.5809
29.068
50.4576
48.7226
38.4949
52.9968
60.3738
61.0397
64.7765
66.9575
67.0377
57.5864
60.4867
60.385
55.2808
50.8797
43.8053
36.4572
43.1245
44.5681
51.7265
51.4772
55.2005
46.0909
42.7327
37.8242
32.9075
-6.96085
-18.1127
-10.1359
-19.7245
-23.0395
-14.3514
-17.1315
-12.5683
-8.79601
-9.03642
-18.2939
3.56177
3.80373
-7.09574
-13.0543
-12.9403
-14.0183
-13.0231
-5.20811
-3.82506
-7.47681
-8.99446
-5.48112
-17.9801
-17.618
-20.4014
-7.23199
2.42534
9.12221
2.24386
8.18092
4.31685
2.47906
3.59915
17.2298
18.431
0.442701
-0.102341
8.82185
-5.99429
-5.06347
1.63187
-9.67148
9.36164
17.0361
24.025
19.8921
19.1982
18.1765
25.9411
36.6176
32.9009
38.3865
24.7134
33.553
50.6808
47.61
42.5706
51.8205
62.7073
62.725
61.9825
66.839
63.8363
58.907
63.6489
60.4336
55.6794
52.5942
45.432
35.5428
45.4871
42.6328
52.1406
53.9793
58.1782
47.1792
43.3899
33.4375
30.0686
-6.86924
-18.4255
-8.4575
-17.499
-18.704
-12.9173
-17.6833
-13.0497
-13.9778
-10.9131
-16.3469
2.21265
-1.36674
-6.96059
-14.1682
-19.377
-19.4853
-16.3736
-4.51155
-7.54773
-10.1893
-9.04656
-7.37177
-21.8144
-17.598
-19.6717
-8.46655
6.89792
13.8681
7.97064
13.1963
4.02489
1.21748
2.33202
12.474
16.7097
6.2346
2.02264
10.5451
-4.66153
-1.91783
2.52278
-7.40133
11.0123
14.6074
24.0578
21.0815
23.48
21.6562
27.7799
34.8336
31.8831
38.7151
29.8723
38.0757
50.4815
46.1751
47.2058
49.3514
62.8607
63.2274
59.8923
69.5646
64.4268
59.562
66.0648
60.4205
55.4608
53.1407
48.0826
32.7762
46.2672
44.3129
52.2967
56.9633
61.0726
48.7672
43.2718
29.3518
28.0474
-8.24336
-24.2858
-8.81461
-16.7198
-14.9948
-15.5929
-22.12
-16.0384
-23.1722
-13.6755
-12.4352
0.494135
-4.61576
-3.92122
-10.9614
-26.1633
-23.9332
-18.3672
-3.76203
-10.7485
-10.818
-7.3581
-9.86248
-24.0258
-16.5002
-16.2566
-12.8993
7.41495
15.8232
12.4086
17.7331
1.81133
-1.44648
1.81494
5.24378
12.4491
10.5424
2.685
9.60913
-5.47472
-0.274043
2.54276
-5.45214
10.7452
11.5385
22.4465
23.6964
26.2753
24.4108
27.9253
30.5491
29.1583
38.7784
33.0949
40.4147
49.081
44.0662
50.9311
47.3686
60.5255
62.2386
60.9619
72.0754
66.9824
59.618
67.0901
60.7597
54.1773
51.7963
48.4756
30.364
46.5436
46.7421
52.132
58.3775
61.8144
50.0735
42.3245
28.5764
27.3283
-15.7305
-24.8895
-9.95889
-12.4574
-15.7034
-21.6355
-23.8678
-23.2995
-26.3712
-17.2576
-11.3322
-2.82113
-5.47504
-2.59166
-10.2966
-29.6748
-26.575
-18.9421
-3.30014
-8.47645
-8.01556
-5.7943
-10.2844
-23.166
-17.3613
-15.2868
-20.2917
4.08102
14.6104
13.6653
19.0182
0.555227
-2.60223
0.126267
0.205941
7.33216
12.2702
3.65313
6.65538
-7.82724
-0.192781
2.84703
-3.57501
9.5914
12.478
20.0592
24.2813
26.9381
26.894
27.5042
25.6101
26.8118
38.98
33.6852
40.6187
45.4519
41.439
52.2203
48.3012
55.6962
59.8262
61.9508
72.4582
68.3502
59.6855
66.59
60.4235
52.6545
49.1026
46.8454
33.6842
45.5429
47.7054
52.6371
57.631
59.8028
50.775
41.0844
27.6929
26.0326
-25.6818
-19.1521
-12.4788
-10.4444
-18.5091
-20.2565
-22.1181
-26.8744
-22.7467
-19.2476
-13.2731
-9.08048
-5.09165
-3.83153
-14.1387
-29.1145
-26.1829
-21.3845
-4.04316
-6.95851
-5.66534
-2.22669
-8.82797
-20.3684
-18.3236
-16.8688
-24.5543
-2.99255
10.9891
11.1381
16.3096
0.753667
1.50105
-1.25937
-2.0054
2.1385
11.2231
5.68913
3.9068
-10.0336
-1.57718
3.1487
-1.51338
8.15955
16.2788
17.474
21.6927
25.8337
28.4129
27.1891
22.4503
25.6948
37.9586
33.0026
39.9545
40.3447
39.2226
50.799
49.725
49.0705
56.8628
60.9799
70.5664
68.5549
60.5539
65.3283
58.7858
52.1301
47.2587
45.4576
37.9571
42.0313
47.0354
53.9026
55.8899
55.8708
51.4313
40.7426
25.713
25.586
-32.2096
-15.6676
-15.3088
-12.8454
-18.8939
-15.8868
-21.8185
-29.8776
-21.5567
-19.5885
-17.2862
-16.7224
-3.75695
-5.47989
-21.667
-28.5336
-26.4367
-22.6342
-6.56248
-8.28748
-4.4403
1.33275
-6.73637
-19.5439
-19.2364
-17.5002
-22.7709
-12.8365
7.14455
4.85535
9.42909
0.833716
6.00935
-0.904885
-3.08099
-0.897817
7.83927
7.08471
1.64835
-11.764
-4.31792
2.44731
-0.558749
5.88593
18.0159
14.5614
18.1735
24.5197
29.0541
25.7197
21.3556
24.2316
34.6218
32.8532
39.4994
38.3912
38.9716
47.7968
49.8532
43.5669
54.2486
58.6747
67.0519
67.9312
61.7507
64.09
56.8906
52.8352
47.6444
45.3988
38.9814
38.0137
45.8325
54.7403
55.4968
52.8666
52.1304
41.1237
23.979
25.7567
-29.4468
-13.0501
-17.2898
-18.5795
-20.0501
-13.5414
-24.5875
-28.7821
-19.9015
-17.9153
-14.6739
-13.7266
-1.58227
-3.9593
-23.2055
-25.7725
-22.2939
-19.0501
-7.71051
-10.2407
-3.80167
2.13997
-3.77673
-20.8219
-19.1852
-15.6744
-20.5298
-18.3966
3.81845
-1.46279
-0.0970782
0.159606
7.53054
-1.29413
-3.30501
0.478313
3.29918
6.88027
-0.222463
-13.0308
-8.02023
0.932978
-1.09535
2.69615
16.7623
11.4618
16.8306
24.74
30.0554
22.4547
21.9509
21.2226
29.2617
32.6223
38.6063
42.2928
39.2868
45.0885
49.6979
45.8909
52.4406
58.0208
63.9218
66.2442
61.8379
62.3698
56.2363
53.5021
47.9899
44.6987
36.3712
39.1656
46.0938
54.6307
55.8416
52.3185
51.8917
40.8438
24.2128
24.6884
-25.7736
-12.0805
-19.0655
-23.2562
-24.2894
-15.6787
-26.9017
-28.3606
-20.2181
-14.868
-5.32371
-0.6445
0.81981
-1.92727
-16.5169
-15.5802
-16.6921
-11.6668
-4.81797
-10.6736
-3.45341
-0.597371
-2.04398
-22.9578
-20.0909
-9.87013
-21.9548
-17.9853
-0.481885
-3.75751
-7.45708
-1.44827
5.51081
-3.32811
-4.09711
2.10011
-1.48353
5.08544
0.713999
-14.0392
-10.9563
-0.994936
-3.30879
-1.79824
13.4373
8.50847
15.2176
24.8364
30.6517
18.8345
22.7659
17.903
25.1574
30.5064
36.2172
46.3371
37.9172
42.3952
49.2683
50.237
52.2491
59.4467
62.2941
63.5676
60.4138
59.7867
56.0469
52.5776
46.1752
42.471
30.6417
41.4775
47.2211
53.4579
54.6577
52.2224
50.0283
39.1708
24.6235
21.8268
-20.1237
-12.5661
-20.0644
-27.6513
-26.5674
-20.7371
-23.3553
-28.0205
-21.7563
-13.4314
6.4938
10.2657
3.43414
0.901042
-10.9807
-7.62273
-10.9691
-7.07401
-1.13434
-8.27587
-4.55401
-6.29798
-0.620265
-24.6921
-17.5083
-2.87303
-21.4166
-14.3399
-3.66411
-3.97651
-9.42485
-5.20762
0.889457
-5.88755
-6.26826
1.94732
-7.68033
3.30506
3.04007
-11.1921
-11.5615
-2.84347
-6.071
-7.15109
10.195
5.10342
10.8731
22.5004
28.6863
16.5608
23.1751
17.8204
23.7869
25.999
32.0078
47.407
34.9096
37.6828
46.87
51.8999
52.4994
59.7754
60.7212
60.8145
57.9202
56.4222
54.1226
49.6468
42.2751
38.9159
25.1338
41.0155
46.6797
50.8739
51.1717
50.5248
46.525
35.8978
22.6989
17.6247
-20.9149
-12.2464
-21.7743
-27.5689
-21.9963
-25.4392
-21.2949
-30.345
-24.5527
-9.61743
16.6369
16.5125
9.31405
6.08738
-6.47308
-3.71619
-8.99945
-6.13161
0.758471
-3.753
-7.67853
-9.20528
0.624312
-25.1262
-9.35263
4.63997
-16.8021
-11.4032
-1.29431
-5.83424
-10.752
-11.6072
-3.74859
-8.44353
-8.90828
0.432827
-10.884
1.67507
3.72144
-8.1994
-11.2479
-5.94535
-10.4076
-10.2739
8.38448
0.868582
4.48449
17.1275
22.9761
14.7196
22.7361
19.3911
22.7825
20.7066
26.8894
44.7144
30.9075
30.1712
41.0906
50.5978
51.7085
57.5105
57.7391
57.562
54.6896
52.2482
49.8127
45.774
37.9341
33.9371
23.2846
37.5178
42.852
46.3515
45.4035
46.4251
41.2847
30.5905
17.6702
12.0657
-27.8651
-13.8166
-21.7037
-23.8475
-18.0452
-27.0502
-22.1291
-33.0945
-23.3357
-0.845374
24.3655
18.6855
14.3315
9.56663
-2.64509
-3.45067
-10.8168
-8.30815
0.435261
0.155346
-8.8637
-6.75781
1.33721
-23.8212
-3.53908
10.1616
-9.60865
-10.8432
0.522875
-7.67221
-11.1125
-19.4429
-8.19333
-12.8459
-10.9795
-1.14443
-8.39169
-1.65152
2.10964
-7.16575
-13.4976
-11.3167
-15.0912
-9.42152
8.41721
-3.67945
-1.04003
10.4522
13.6974
11.6022
20.8645
19.8498
20.3778
16.624
21.7232
38.1096
26.214
21.4369
31.675
46.447
48.8633
52.1693
53.1048
52.7111
49.9177
46.7302
43.6925
41.9574
33.8106
27.0413
21.1003
31.4303
35.0074
40.0244
38.9074
40.1864
33.7337
22.2197
9.2214
4.02864
-24.1444
-15.2485
-23.1875
-19.5861
-17.4944
-26.315
-24.0143
-37.3192
-17.0015
8.37285
29.7932
17.9654
16.0524
9.82414
-0.760141
-5.21971
-15.4345
-13.3052
-0.991543
2.52124
-7.95123
-6.0059
0.636371
-15.2808
-1.93099
12.496
-5.44196
-13.2751
-0.893356
-8.06776
-10.5507
-19.5434
-14.7745
-18.6829
-12.9688
-0.437287
-6.58745
-8.17336
-1.99801
-9.11047
-18.8428
-17.332
-17.2923
-6.83596
9.92934
-6.4705
-3.89574
6.82878
5.04191
8.88245
17.8122
18.5307
16.48
12.7153
17.136
29.2287
22.4627
14.6969
21.4787
39.3435
43.2378
43.6276
47.2537
45.3541
43.3819
40.3684
36.7631
36.3231
27.7323
18.814
15.6734
23.315
23.7143
33.7643
32.962
32.4889
23.0148
11.1072
-1.02592
-6.93133
-8.9332
-11.8847
-23.3596
-17.6551
-18.2202
-23.3577
-24.5447
-40.7893
-10.1728
13.1977
32.6796
17.6153
14.4292
7.37171
-2.07082
-6.52225
-19.8921
-19.9531
-2.86095
2.77877
-8.65385
-7.58232
-0.539175
-8.46408
-4.19992
11.1782
-4.87775
-17.7428
-4.80267
-9.79809
-10.5334
-13.2361
-23.5014
-25.1618
-15.3965
0.778337
-7.74092
-17.4974
-8.61015
-14.2065
-26.1426
-20.3368
-19.6075
-5.27548
10.6276
-7.37901
-5.30838
3.33533
0.513776
8.58804
13.9985
15.3244
11.5842
8.22458
12.6624
22.6092
21.2386
14.1643
14.7194
28.7505
34.3822
32.0068
39.1239
36.2385
35.6602
34.1514
30.0803
27.3987
18.2997
10.3685
6.99477
14.1489
12.6434
26.2335
25.8762
24.329
9.80044
-1.43681
-11.5835
-18.7753
-1.10707
-6.71654
-24.4717
-16.3965
-14.0628
-21.7267
-24.8678
-27.2977
-5.81304
13.5427
32.9219
19.6261
10.6775
3.37217
-6.53386
-7.49383
-20.0552
-23.5133
-5.54842
0.705135
-11.4974
-10.423
0.67651
-3.88989
-9.42394
6.14467
-7.75864
-20.7266
-8.90311
-13.4806
-12.0493
-8.70448
-27.4515
-30.0567
-18.05
0.385186
-8.41018
-25.7324
-17.9943
-21.6343
-33.5979
-22.7402
-23.629
-5.60678
9.20206
-7.92115
-7.33198
-2.94616
-1.79573
8.32726
8.88669
10.2088
5.97426
3.68054
8.90933
19.0198
19.6386
14.5751
10.6181
17.5599
23.3831
21.2689
28.6331
27.8887
25.9241
25.6001
21.0389
14.1887
5.41243
2.73642
-4.07141
2.73043
2.86521
14.4059
15.1648
14.0253
-1.96922
-14.2361
-21.6727
-28.2141
1.9738
-5.27194
-27.4753
-14.0094
-8.83136
-22.2113
-25.4666
-20.9387
-1.94638
10.3303
30.7678
21.2454
6.44787
0.356673
-11.3181
-9.68265
-16.2191
-17.5087
-9.96897
-3.38671
-14.7248
-14.1754
2.96745
-0.836938
-13.6482
-1.65607
-12.9618
-22.0735
-12.2438
-17.8963
-14.9377
-6.88501
-22.5032
-30.3177
-21.5398
-0.556825
-3.12196
-27.9141
-26.5101
-28.8872
-37.9264
-27.5622
-29.4308
-8.30865
5.88577
-8.79229
-11.1948
-10.0488
-2.49371
6.43149
1.64579
4.38823
1.25556
0.879363
5.21891
15.4621
16.1489
12.3374
6.5004
9.13351
12.3548
15.0424
17.1504
21.8795
15.9585
14.1467
9.33765
2.2922
-5.80682
-3.90442
-13.9708
-9.4179
-8.37445
-1.66898
1.04002
-1.0193
-11.2506
-24.0688
-30.1669
-36.5079
0.530115
-6.88203
-26.7934
-11.1482
-4.71895
-22.901
-23.9634
-15.794
-0.339079
7.19801
27.3445
20.0524
2.89266
-0.248935
-13.9115
-11.9026
-13.835
-12.205
-15.3961
-7.88827
-17.2273
-19.1355
3.41803
1.3177
-14.0433
-6.90362
-17.5185
-24.4786
-17.436
-22.3799
-17.3856
-6.56371
-16.1363
-29.3163
-24.3212
0.913606
3.02744
-25.7572
-29.5687
-31.6213
-37.6877
-33.6887
-33.8258
-12.8126
1.96944
-10.7967
-16.7466
-11.4319
-4.01168
2.94361
-7.0038
0.707813
-0.884745
-0.853739
0.384142
10.018
10.4319
7.18088
1.8412
5.37405
6.52539
9.90071
6.82953
15.939
8.2742
4.00515
-0.587752
-6.24899
-15.6249
-11.4087
-20.9308
-20.6269
-21.013
-18.2992
-10.551
-17.9878
-18.2048
-30.8963
-39.9353
-49.3982
-4.13103
-8.76161
-25.3851
-9.71369
-3.03761
-21.1684
-20.9629
-10.1446
-0.759281
7.25256
24.3799
15.1277
0.847459
-0.15952
-15.9944
-12.1148
-14.7568
-10.9631
-17.3571
-9.63896
-18.6105
-26.4444
2.26148
1.90518
-13.5808
-6.49645
-21.6663
-29.2378
-25.5765
-27.076
-17.9929
-4.86782
-12.9611
-27.2255
-22.4077
4.79221
5.96437
-25.131
-32.0204
-31.0358
-36.0761
-36.065
-33.1489
-15.8088
-1.14683
-15.5526
-22.2418
-11.3733
-7.86486
-2.19823
-10.8188
0.320118
-1.68408
-3.73027
-6.42943
1.45612
2.98972
0.0287781
-3.27882
2.73314
3.11186
4.36078
-1.92177
7.99542
1.98129
-2.37158
-7.98488
-16.9676
-24.7875
-21.1084
-28.1839
-30.4848
-28.6236
-27.6078
-17.769
-27.1034
-27.5029
-40.6837
-49.3213
-59.7489
-7.01045
-9.96636
-26.3116
-10.481
-4.68567
-17.6037
-21.0102
-5.2478
-2.67222
6.26327
21.3564
6.64951
-1.09795
-1.98576
-20.7218
-13.7949
-18.3348
-14.0349
-14.5338
-4.93263
-18.1076
-28.6048
1.31566
1.28066
-14.3135
-6.20508
-25.9726
-35.0408
-30.8212
-33.056
-17.3026
-2.1967
-12.7471
-24.3559
-14.1546
7.78992
5.34685
-27.6226
-34.4817
-31.0778
-35.4401
-34.4769
-31.641
-16.6052
-3.35122
-23.1158
-24.6964
-12.7259
-14.3317
-9.82953
-8.31586
0.0817198
-3.41569
-8.83169
-16.2099
-10.887
-5.83752
-7.9193
-9.39173
-1.83604
0.550315
0.44386
-9.29736
-2.17304
-5.54154
-9.04125
-15.1058
-30.1176
-33.6266
-31.2009
-36.0093
-39.2588
-35.9152
-33.5279
-25.007
-32.6136
-40.1998
-52.5296
-58.9489
-65.2132
-8.92647
-12.122
-27.5723
-13.5641
-9.88459
-17.1739
-24.0148
-4.02329
-3.63546
1.54602
16.8018
-2.64832
-4.31059
-5.26086
-27.9618
-17.4321
-24.0494
-21.1807
-11.6513
0.364637
-15.9181
-24.1231
1.04674
0.901164
-17.0585
-7.78759
-28.8126
-39.6121
-32.7065
-39.4446
-17.6339
-1.07894
-14.582
-24.2552
-8.58423
8.56645
1.09802
-33.4152
-32.6544
-32.0762
-35.2518
-34.3017
-32.6936
-18.4125
-6.24768
-30.5912
-25.1196
-14.8317
-21.834
-20.554
-6.60772
-1.83556
-7.05247
-14.9492
-25.6368
-26.3209
-14.0296
-15.6532
-18.6991
-8.96356
-2.05761
-2.52748
-16.1543
-11.3417
-12.3209
-16.9411
-23.0038
-40.9493
-42.5912
-41.8329
-45.5746
-49.848
-47.1494
-38.1647
-34.0917
-40.1081
-53.8901
-62.2411
-63.1442
-67.3175
-14.7263
-16.8372
-30.1233
-19.082
-17.6243
-20.6498
-27.4308
-6.76944
-5.52475
-5.24809
10.0388
-2.74425
-6.59814
-8.02013
-30.9173
-22.6624
-29.5215
-29.5875
-11.2865
2.46929
-14.2101
-21.9561
-0.0390447
0.731245
-21.9786
-10.9719
-29.3069
-38.4846
-34.8816
-37.4595
-19.2482
-2.41607
-16.9221
-28.0271
-7.24632
6.64439
-6.34941
-37.0589
-28.7137
-33.0118
-34.2932
-37.0036
-36.2622
-23.1112
-10.8004
-32.081
-25.285
-17.2911
-24.1014
-29.2656
-7.81002
-5.21805
-12.6038
-19.5263
-28.1254
-37.901
-19.2695
-22.3316
-28.7144
-16.7315
-4.37175
-4.87168
-20.8056
-16.8618
-17.9758
-22.7006
-28.5279
-46.2242
-50.3276
-52.1097
-55.2791
-60.0255
-61.5557
-42.8841
-42.5507
-48.8318
-62.6615
-68.4091
-65.868
-71.0976
-24.4008
-22.4934
-29.6683
-23.9718
-22.4681
-25.2402
-27.9803
-13.5615
-9.90529
-9.16807
2.13548
-1.30237
-8.75919
-10.2609
-31.0173
-27.6505
-36.1397
-32.6431
-14.2076
1.27223
-13.3123
-22.4626
-2.80214
-0.728746
-26.7504
-15.0093
-27.695
-35.82
-37.357
-31.665
-21.6198
-6.00919
-19.1693
-33.0427
-10.3574
2.0499
-13.4438
-28.9077
-26.4125
-34.859
-34.3961
-41.3097
-40.5748
-30.708
-14.9294
-28.0138
-26.4045
-20.4475
-22.6402
-31.2354
-12.6141
-8.93588
-18.4433
-22.6867
-24.9413
-29.5814
-21.9011
-26.218
-29.8961
-21.5436
-7.2542
-7.05437
-21.7884
-20.3848
-25.4624
-28.3876
-32.3239
-50.6178
-55.3955
-63.9904
-64.7465
-63.9624
-70.1419
-50.0087
-48.9413
-55.7794
-67.4438
-72.4396
-69.0253
-76.7467
-32.3927
-23.2055
-28.6792
-24.4237
-23.7785
-24.7776
-22.4161
-22.8375
-16.8259
-10.4112
-1.55752
-1.51195
-12.8747
-14.8356
-30.6747
-33.1068
-43.5667
-35.4297
-20.5617
-2.68529
-13.2173
-25.5157
-6.28186
-4.59503
-28.6532
-19.0565
-25.5589
-34.7853
-37.6533
-29.2952
-24.7766
-11.5368
-20.9091
-31.5243
-17.9556
-4.27102
-15.3721
-22.2392
-26.2197
-38.1307
-36.53
-43.0396
-41.9482
-34.5463
-13.1062
-21.0169
-28.5988
-23.3656
-20.7666
-33.2597
-19.8588
-12.5506
-19.0191
-23.7988
-21.3583
-16.6279
-21.2901
-26.6813
-28.3801
-23.473
-11.7504
-9.53226
-21.6298
-22.9888
-34.489
-36.3106
-38.4854
-56.0979
-58.411
-71.1218
-74.5135
-65.7843
-72.3438
-60.0555
-54.4685
-60.1411
-69.8183
-75.0359
-71.675
-79.0558
-28.7186
-18.4895
-27.9571
-23.4863
-26.9388
-20.2803
-13.9798
-28.314
-24.0021
-11.1618
-0.0101133
-2.21327
-20.7055
-23.0796
-31.773
-36.6845
-49.8244
-40.5048
-30.5721
-8.37977
-15.0553
-30.2188
-9.2969
-10.5575
-29.5718
-22.1247
-25.7957
-34.628
-38.3818
-30.5215
-28.2993
-19.4845
-19.3761
-26.313
-27.099
-9.70337
-14.8523
-17.5036
-25.9085
-41.7517
-38.8972
-41.1371
-37.8826
-30.4385
-9.0497
-14.0252
-30.1416
-22.7821
-15.0744
-28.7258
-18.0787
-12.3987
-16.4378
-23.2897
-18.1958
-5.69333
-16.9076
-23.3027
-28.3428
-24.0962
-17.4253
-13.2769
-22.1502
-23.9307
-40.5959
-45.5327
-47.2311
-55.6185
-53.0728
-58.9909
-72.2569
-66.5593
-68.0571
-66.6959
-58.9494
-62.2816
-70.2218
-74.0798
-70.4164
-70.9642
-22.3198
-14.3752
-27.6072
-24.0524
-32.2408
-17.2654
-9.36471
-23.2044
-25.7807
-7.10591
1.01411
-1.55568
-31.5106
-36.1743
-32.2211
-38.5188
-50.1438
-43.952
-36.7874
-15.5802
-19.7662
-35.4645
-13.5383
-18.0698
-31.6319
-23.2962
-24.7994
-30.1399
-39.1493
-30.0187
-28.7566
-27.8714
-13.1184
-18.2057
-31.848
-13.3106
-14.4098
-11.5654
-21.0675
-43.0094
-37.8681
-37.3037
-31.5885
-25.3864
-5.88041
-8.41201
-28.5472
-14.4139
-4.38283
-16.1614
-5.03944
-1.67265
-11.5716
-23.1609
-13.7874
1.74924
-12.7512
-18.6471
-29.6546
-25.8222
-22.4598
-18.5376
-23.0461
-23.4225
-34.308
-51.5312
-44.1835
-45.7032
-41.3747
-45.3754
-62.7451
-61.4314
-60.5093
-64.1978
-62.6247
-61.5011
-67.9971
-71.3139
-64.6907
-60.725
-19.4486
-12.8973
-26.6939
-25.7043
-32.1907
-16.5353
-8.58247
-20.0103
-23.2174
1.20341
3.65852
1.10214
-32.4152
-36.6428
-30.232
-39.0204
-46.2514
-35.9473
-37.8841
-24.769
-27.1138
-42.0958
-21.2083
-26.0946
-33.8661
-24.4314
-17.9836
-21.9461
-39.7775
-24.0785
-23.9308
-30.1473
-7.63085
-10.8665
-34.3959
-17.2547
-14.823
-5.84646
-14.6862
-40.671
-33.5381
-33.3896
-26.0012
-18.6102
-2.28353
-3.96089
-22.8764
-3.46039
4.75404
-5.53425
6.25792
9.74033
-3.75329
-22.1046
-9.10337
6.15496
-8.56133
-14.026
-27.8412
-26.5281
-23.5913
-21.9118
-20.9354
-22.1067
-22.6986
-43.546
-33.3773
-35.3623
-31.0956
-35.731
-53.6407
-52.6278
-50.9882
-58.4182
-62.8685
-57.3882
-61.752
-64.0871
-58.2318
-53.7937
-17.8954
-13.2283
-26.3667
-24.6093
-30.6165
-17.5198
-11.6319
-19.1535
-16.094
9.79578
7.73487
4.37866
-25.5892
-24.0334
-29.1275
-37.7309
-38.6725
-31.8191
-34.6999
-32.6324
-32.9455
-48.8978
-30.2256
-26.69
-32.0565
-26.3254
-9.86154
-15.2585
-37.6257
-18.0339
-18.6694
-28.5132
-5.08904
-6.89291
-34.5872
-21.3107
-15.7249
-2.6708
-11.6
-37.6746
-29.3738
-25.5257
-18.8544
-9.17646
2.2573
0.550629
-15.6883
5.80154
12.9713
1.97944
13.5192
17.9253
2.67462
-15.2142
-5.7165
9.18109
-1.86044
-9.26081
-18.335
-21.3661
-21.9259
-19.8922
-14.5046
-18.7819
-14.1572
-34.8072
-26.5463
-26.9257
-22.3794
-29.4487
-45.8162
-46.1348
-44.2716
-53.29
-64.5308
-55.3035
-59.4274
-61.1231
-57.3295
-51.6525
-15.8722
-13.7384
-28.3297
-26.9704
-27.55
-20.2165
-16.2859
-19.7623
-3.98496
17.8279
10.5421
8.04489
-7.64293
-13.4271
-26.0599
-33.7246
-31.9106
-29.8288
-33.596
-31.7134
-35.8641
-46.9477
-32.726
-22.8315
-22.9881
-17.5971
-5.09535
-11.6214
-34.4481
-14.0336
-14.17
-23.4685
-5.15447
-6.08904
-31.9628
-23.2204
-16.2588
-2.56919
-12.2886
-35.6237
-25.3976
-15.0433
-10.8066
-2.63136
6.35026
5.07735
-10.1346
11.8049
22.1643
8.11412
16.9957
22.2274
5.58966
-6.41447
-3.2918
12.5286
4.30223
-5.15679
-8.63773
-15.082
-18.5853
-14.2779
-9.12897
-12.9017
-8.4726
-26.102
-22.4072
-19.6455
-15.9746
-24.6012
-34.9048
-41.73
-40.2002
-45.2934
-61.8593
-53.0929
-56.017
-52.8808
-54.1481
-50.3202
-13.9999
-13.9593
-33.161
-30.9494
-24.4797
-20.6846
-13.1479
-18.4859
6.62649
23.642
11.7313
10.2522
8.81597
-4.07485
-20.5725
-26.9607
-27.4159
-31.9829
-34.9986
-31.5774
-34.0239
-40.0286
-24.0244
-17.4628
-10.8202
-5.82459
-4.26985
-10.4584
-30.1817
-11.5071
-11.1924
-16.8404
-4.7878
-6.54235
-30.167
-23.4968
-16.6594
-5.17572
-16.56
-34.8842
-22.8965
-7.98342
-3.97063
0.160567
9.12337
10.4773
-5.36016
15.6222
29.7777
13.5096
18.1654
23.478
5.80155
1.88055
-0.336245
15.1084
7.70034
-2.49163
-2.7231
-9.25546
-11.0233
-8.86079
-6.38198
-6.5945
-4.50138
-20.2719
-19.493
-15.039
-11.7533
-20.6639
-26.9975
-39.5255
-38.6844
-36.8706
-54.6959
-50.6833
-52.6697
-46.3612
-50.1437
-49.0283
-12.4108
-15.3286
-38.3911
-32.6263
-22.7872
-16.6116
-8.55807
-14.0182
13.6012
26.4887
10.9453
10.0463
19.7374
3.97577
-16.7368
-21.8988
-26.3714
-36.5063
-36.1603
-30.2
-32.1475
-31.587
-18.1456
-13.3099
-2.66438
2.11149
-6.43531
-8.25077
-25.4682
-9.17476
-10.0588
-12.6082
-1.91788
-6.06945
-25.4811
-23.3232
-17.7115
-9.35507
-23.1548
-32.8189
-19.0888
-3.84469
1.33076
0.316125
10.9677
15.596
-2.17412
19.0122
34.5495
18.7645
19.6407
24.0364
6.8426
9.36656
4.55249
15.8459
8.65809
-0.776533
0.678343
-3.07147
-1.58616
-5.13732
-5.07151
-1.58436
-1.66731
-16.1473
-17.2015
-13.762
-10.0488
-18.2572
-22.8818
-38.726
-39.0389
-30.1437
-47.0882
-49.4925
-50.3144
-43.5726
-47.7911
-49.4296
-10.7055
-17.5986
-34.6862
-29.6852
-22.7608
-14.4838
-6.98136
-9.35778
17.284
26.1882
8.92759
10.9575
26.7083
10.4045
-13.272
-20.3514
-27.2313
-39.7026
-34.4104
-24.4479
-30.9564
-26.1806
-15.7667
-11.8942
1.84328
5.65341
-8.8338
-3.40877
-19.8326
-5.8844
-9.76535
-11.4299
-0.474713
-5.3777
-16.1644
-23.2725
-19.1968
-13.4417
-27.9135
-30.4706
-14.5857
0.826667
5.5213
0.589396
11.792
17.93
-0.879524
22.3016
36.6572
23.0814
21.9532
26.0285
10.9787
14.8957
10.534
15.1717
8.89893
1.37923
3.43323
1.38813
4.50948
-3.37332
-3.91265
1.32071
1.03798
-12.9747
-15.7954
-15.6461
-10.685
-17.818
-21.2175
-38.2094
-40.2352
-26.2656
-39.7504
-47.5689
-47.7682
-42.7653
-46.9936
-51.6535
-10.0977
-17.998
-31.1927
-27.6646
-23.4796
-15.5796
-8.89051
-1.35088
18.3437
23.2091
10.998
17.9846
30.4474
13.1575
-10.3027
-21.9076
-27.5535
-39.7192
-27.8512
-18.0064
-31.9216
-20.6348
-15.0974
-13.7483
2.97354
5.20737
-7.92316
0.497212
-15.491
-3.03058
-8.36576
-13.4399
-2.77566
-5.65295
-7.94616
-21.7135
-19.3785
-15.3841
-26.6494
-29.9299
-11.817
6.96347
7.87262
2.06652
11.1641
16.8495
-0.332566
24.1896
36.4713
25.0884
22.9966
27.71
14.0032
17.3754
16.4094
15.099
9.25595
4.6418
5.93403
3.10617
6.49535
-3.12881
-3.30872
2.41534
4.08139
-10.9036
-14.9921
-18.9084
-13.0783
-19.2668
-20.5239
-38.0777
-42.0912
-25.4348
-35.8057
-45.1336
-45.8673
-41.268
-47.8254
-55.2632
-10.1657
-16.4887
-25.3186
-24.9454
-23.8044
-18.2817
-13.6211
4.87328
18.4486
19.2571
14.1616
23.9291
31.254
11.8307
-10.1108
-23.1942
-27.5435
-40.7678
-23.3641
-13.7043
-31.0155
-14.6883
-13.6977
-17.9792
1.18852
1.48758
-6.61072
2.14828
-13.9513
-2.03427
-6.98447
-18.3047
-9.76614
-5.4172
-3.27367
-17.5949
-17.2896
-14.952
-22.7023
-29.0802
-11.9054
11.3697
8.08113
2.55109
10.1585
13.45
0.522754
24.0023
35.1152
25.2684
21.4209
27.0224
13.6823
16.8932
20.4611
16.4347
8.71778
8.26592
7.36778
2.28938
4.84089
-2.93799
-4.11675
2.20184
6.71798
-10.5338
-14.2252
-19.0174
-16.3729
-21.7554
-20.6578
-38.843
-44.4354
-27.0987
-35.2181
-42.2285
-44.1528
-38.0706
-49.8609
-57.8566
-10.3202
-13.184
-18.5529
-20.9198
-21.9215
-19.7398
-18.5841
8.4051
18.2721
16.0997
13.6142
26.1698
29.5957
6.15062
-11.9684
-21.8828
-28.9007
-39.2597
-21.7789
-11.8683
-29.0343
-10.286
-11.7101
-22.1239
-2.13335
-2.56693
-7.32332
1.40253
-15.6159
-2.52601
-7.70163
-24.528
-20.3671
-4.56887
-1.35176
-13.4338
-12.9822
-12.8212
-17.8783
-25.4934
-13.9954
12.6702
6.35359
1.03791
11.1018
11.0435
1.81102
22.4748
33.9411
24.7547
17.1874
23.8962
10.2948
14.1645
22.5536
17.8194
6.87511
11.0006
7.15445
-0.439841
1.24148
-2.34243
-5.5245
0.699015
7.50237
-11.3046
-13.981
-16.6172
-19.5781
-23.8878
-22.4656
-40.35
-46.3934
-30.1366
-37.2567
-40.1549
-42.455
-35.814
-51.7803
-57.2373
-10.9202
-11.421
-12.8661
-18.7307
-18.4135
-20.9805
-16.3818
9.80791
16.2849
12.2674
8.78664
25.067
26.2552
-2.10469
-15.619
-19.7881
-32.3617
-36.051
-21.1074
-12.3484
-28.2687
-9.11485
-11.035
-24.7004
-4.08823
-4.32536
-9.91953
-1.87413
-20.7619
-3.49898
-10.5582
-27.3285
-24.6303
-4.16038
-0.911498
-10.1857
-9.71369
-9.1218
-12.8961
-22.4222
-15.784
10.9263
3.49533
-1.44384
12.9921
10.3462
1.95295
21.0723
32.8167
23.6855
12.0452
19.4779
6.19172
10.5156
23.6223
18.2932
5.47492
12.1131
5.66273
-4.5774
-0.177043
-2.17185
-6.01533
-2.35739
5.69604
-10.8203
-14.9515
-15.9339
-22.226
-25.4272
-25.9927
-42.72
-49.1176
-33.8323
-41.0004
-40.2159
-41.8298
-36.5338
-56.1933
-60.7357
-11.8863
-13.3389
-10.017
-16.7585
-15.7333
-24.0328
-12.1457
8.94038
11.0515
4.93167
1.58894
21.518
22.2612
-3.94378
-18.2478
-20.6683
-37.2353
-37.0824
-21.2927
-14.216
-30.6439
-11.1458
-12.2304
-25.1956
-4.78125
-6.32679
-13.5164
-8.0125
-27.5524
-4.80688
-13.4245
-27.8387
-21.9842
-3.66669
-0.67311
-7.40008
-8.32239
-6.8549
-9.60112
-20.8926
-14.4858
7.54852
1.10252
-2.61095
12.8976
9.18183
0.136613
19.608
30.1598
21.3324
10.1631
15.1907
4.14164
7.06968
23.7787
17.3077
6.02488
11.3857
3.6395
-10.0351
0.741541
-2.44854
-6.13038
-6.00415
1.41832
-8.88913
-16.2735
-17.9588
-23.9114
-27.418
-28.2128
-44.4248
-51.8368
-37.5077
-43.2217
-41.7804
-42.0149
-39.8736
-60.1578
-62.7248
-13.5849
-18.0502
-9.764
-12.5204
-16.7719
-21.7995
-10.4915
4.86701
2.29923
-5.88302
-2.57054
16.9145
18.854
-2.23197
-21.5026
-22.6052
-38.8194
-40.7231
-22.2177
-17.5349
-34.9249
-14.838
-14.9114
-27.0649
-5.69877
-10.5311
-16.683
-14.6877
-31.8521
-7.05591
-14.955
-27.868
-20.1667
-3.11414
-0.326452
-6.20769
-8.15373
-7.28455
-8.73948
-20.7995
-10.7005
5.51944
-0.288626
-3.13472
9.81629
8.46551
-2.60584
16.3861
24.9293
18.4912
11.8055
11.67
1.55873
4.0063
21.946
14.595
7.21928
8.97031
1.16909
-14.4802
1.2997
-1.53676
-6.53237
-7.08279
-3.89477
-7.95811
-16.728
-22.3846
-26.234
-30.033
-26.9125
-45.3736
-54.0028
-39.9729
-43.3289
-43.6048
-42.3472
-44.195
-62.7115
-63.0293
-14.624
-20.5513
-10.7835
-11.0151
-19.0948
-14.2441
-12.955
-2.86816
-6.38837
-15.3363
-7.72201
12.4527
17.6483
-2.62505
-24.8207
-23.97
-42.9101
-40.6319
-24.8914
-22.0769
-38.5169
-18.1322
-18.3091
-29.7005
-8.16365
-14.283
-17.6597
-15.0278
-31.5413
-8.9942
-16.4617
-28.719
-19.5492
-4.00492
-0.929322
-7.37446
-8.9054
-9.27109
-9.62907
-21.1357
-7.90196
5.20041
-2.51907
-5.24526
3.76879
7.90016
-5.15456
11.0514
18.0554
17.1559
14.2976
9.49651
-1.93807
0.686434
16.8754
10.006
7.60394
5.13551
-2.61294
-15.0651
1.32611
0.225778
-6.48329
-6.29293
-8.07294
-8.80188
-16.7069
-27.5576
-29.9484
-32.7014
-25.6243
-46.9171
-58.5896
-40.4416
-43.1603
-45.0607
-42.9616
-46.5563
-68.9139
-67.4462
-11.1008
-17.8025
-12.7389
-13.4706
-19.0979
-9.63225
-17.7047
-13.1014
-12.2935
-17.7033
-16.6864
9.67303
16.906
-3.89863
-27.6778
-24.6365
-43.6722
-40.0524
-28.9784
-28.1993
-35.8671
-21.7737
-20.8719
-31.543
-12.4064
-16.5861
-17.793
-12.406
-28.0607
-9.02579
-17.7708
-29.1254
-19.3506
-7.39423
-3.31694
-10.1013
-10.7481
-9.38268
-10.0975
-21.9443
-7.45951
4.22496
-7.36554
-10.0784
-4.48077
5.45797
-7.86436
5.70793
12.7087
15.6593
16.5406
10.106
-4.43787
-3.54424
8.04119
4.13992
6.59626
-0.0666581
-8.14072
-14.8892
1.24225
0.417161
-5.57915
-6.59751
-11.0839
-9.73527
-17.0143
-31.2052
-34.0303
-35.291
-26.6398
-48.7074
-63.6959
-40.539
-43.4996
-45.9815
-44.0458
-46.8821
-73.0555
-70.2749
-5.10299
-15.4255
-13.7087
-18.9808
-17.0228
-8.32032
-22.3361
-17.454
-17.789
-16.5982
-25.3191
7.0733
13.7274
-5.24297
-28.8607
-26.2224
-42.6341
-37.5147
-30.6679
-35.13
-34.9952
-22.2408
-21.4953
-32.133
-16.6781
-18.9789
-19.5567
-12.1032
-24.1395
-9.18476
-19.1802
-28.1225
-17.8279
-13.1079
-7.97151
-11.9871
-12.6875
-5.79701
-8.3967
-22.4288
-8.73753
1.45942
-13.8898
-17.4798
-10.8937
0.34809
-12.1498
1.89082
12.2474
12.7771
17.5231
11.681
-2.77673
-8.82208
-1.76392
-1.38243
3.79514
-6.38587
-10.7195
-16.2065
0.458219
-2.10553
-4.97408
-8.20092
-12.8211
-9.44234
-17.2183
-33.0924
-38.2978
-38.5689
-30.488
-50.7951
-67.0735
-41.6483
-45.1227
-47.7975
-46.7462
-48.4858
-71.738
-71.8151
-1.46288
-14.2037
-12.756
-21.3593
-14.224
-10.576
-22.8799
-19.8666
-21.3579
-17.5667
-23.428
2.99074
7.44357
-6.9491
-30.0199
-29.1167
-43.8758
-34.3957
-31.0028
-40.6649
-35.7539
-16.9467
-18.8479
-30.7859
-16.0415
-20.9852
-22.6767
-14.4572
-22.9959
-11.5882
-22.3214
-26.0473
-16.3255
-18.9918
-14.0389
-13.4616
-13.8599
-1.36122
-6.10353
-22.1059
-10.7205
-2.75667
-18.2676
-24.4516
-10.8159
-6.56642
-17.8443
-1.97404
12.0969
9.87029
16.792
12.4405
1.2366
-14.6575
-7.17199
-5.43637
-0.706908
-12.4489
-7.70224
-19.0905
-1.82642
-7.41161
-5.34941
-9.77809
-12.9651
-9.92685
-17.7519
-34.04
-42.9025
-40.8465
-36.0803
-53.9068
-66.7017
-43.8065
-47.7809
-51.1013
-51.0511
-52.7536
-67.9794
-72.2723
-0.90104
-15.9963
-10.6256
-20.4961
-13.0947
-15.5075
-20.8683
-25.5436
-19.4038
-21.3244
-20.3966
-1.55958
-0.00548744
-9.4233
-31.7282
-32.2382
-47.5932
-30.6853
-32.9316
-39.9862
-36.7845
-12.6783
-15.5138
-27.954
-13.0795
-23.1011
-24.664
-17.5461
-25.3994
-16.837
-27.5501
-25.8426
-15.9524
-21.6322
-18.5215
-16.4006
-14.9023
0.636629
-5.59796
-21.95
-13.4673
-7.91613
-22.4301
-26.7548
-9.71379
-12.8035
-18.9944
-5.1306
9.48185
8.68094
14.5892
11.362
3.21014
-20.0007
-11.984
-7.81272
-6.13027
-15.9218
-5.44073
-22.255
-4.95512
-13.8132
-6.26547
-10.3869
-12.5992
-12.8468
-19.6971
-35.0493
-48.0981
-42.1455
-41.0226
-58.1617
-64.7513
-46.7686
-51.0289
-54.6938
-55.0767
-60.067
-66.6514
-72.698
-3.59302
-20.595
-9.08613
-17.7138
-15.4985
-17.3227
-17.8191
-28.3468
-17.0215
-26.3957
-21.2494
-5.24519
-5.0938
-10.1566
-31.9965
-33.5298
-51.5449
-28.6962
-35.0999
-36.8867
-32.8447
-10.92
-11.3559
-25.4933
-9.72569
-25.9466
-23.7174
-19.3486
-30.6017
-24.088
-31.7088
-27.1004
-16.4281
-22.1485
-19.4415
-18.6839
-14.1582
-0.740321
-8.11147
-23.3927
-17.1797
-12.5834
-25.8422
-25.5046
-11.1747
-17.223
-17.0567
-6.03625
5.1601
9.06607
12.0644
8.19905
1.95321
-21.9002
-19.6338
-10.8003
-9.83252
-16.5309
-5.22089
-23.8719
-6.09212
-16.1564
-6.63325
-9.74186
-13.3258
-18.0609
-21.9549
-36.5851
-53.616
-44.2258
-44.3374
-61.4899
-62.9251
-50.1196
-54.7957
-56.7404
-56.4163
-67.2758
-68.3058
-74.1435
-8.9661
-25.1737
-8.05504
-14.9591
-18.4909
-15.6072
-15.9948
-22.7759
-17.5668
-22.2859
-21.6515
-9.28753
-8.29875
-8.61028
-22.7237
-31.7218
-51.1948
-28.1196
-36.5229
-32.5189
-25.9592
-9.70968
-5.6597
-24.1996
-5.19678
-24.0503
-23.2184
-20.992
-35.2366
-30.7821
-32.415
-27.8197
-17.9594
-23.3625
-18.9297
-15.3977
-9.93516
-4.82092
-13.4481
-26.2109
-19.5622
-15.2884
-24.1929
-23.8307
-15.3112
-20.3071
-15.4912
-6.30707
2.32788
9.82643
11.389
3.95566
-2.36782
-21.8389
-26.9146
-15.8203
-10.8172
-15.9751
-6.33285
-23.6947
-4.83518
-14.2865
-6.01007
-8.56561
-15.6792
-23.3039
-21.5128
-38.2842
-58.4801
-47.2137
-46.397
-62.1844
-61.8293
-53.5576
-58.508
-56.522
-55.887
-68.3367
-70.0664
-74.0704
-15.8924
-22.4843
-8.92998
-14.5143
-17.2811
-16.8587
-15.9527
-17.5355
-20.0716
-14.9387
-20.1491
-13.7252
-10.6015
-6.4124
-16.8899
-29.5828
-38.9196
-28.1205
-36.5137
-26.2174
-21.0136
-8.15057
-0.984079
-19.9867
-0.825605
-17.5883
-23.4
-23.3457
-38.3281
-35.5913
-32.2355
-28.3886
-21.1544
-26.0508
-19.8478
-11.248
-6.00508
-7.41082
-16.8241
-28.6441
-20.5518
-16.4943
-21.5526
-23.1979
-20.9194
-22.8001
-15.3441
-6.79187
0.992809
9.26688
12.9082
1.64759
-8.49363
-22.3157
-30.4365
-23.2441
-13.2008
-16.8055
-8.69082
-24.0304
-3.82351
-12.7797
-4.8225
-7.99074
-18.6614
-27.9597
-20.4357
-39.9319
-62.8217
-50.165
-47.3685
-61.9099
-62.0389
-56.481
-59.7032
-55.8486
-55.4653
-67.8499
-70.7736
-73.3293
-23.026
-20.4185
-12.5848
-17.7687
-15.0161
-21.2874
-18.2679
-16.3663
-21.2237
-11.3985
-17.7237
-14.7902
-12.698
-5.1421
-15.394
-29.509
-30.3973
-27.7917
-34.1383
-20.0035
-18.6083
-7.25153
0.878398
-15.1198
1.82495
-13.0343
-20.7422
-22.5345
-41.2558
-39.6696
-31.4121
-29.7231
-26.044
-30.1603
-21.7382
-9.78195
-4.87924
-5.29153
-11.8698
-29.157
-22.7479
-16.7199
-18.0678
-24.0615
-24.9334
-22.694
-16.1296
-8.24249
-1.37281
6.76339
13.8415
1.98506
-14.7338
-23.6605
-30.5682
-28.718
-18.6457
-20.3617
-13.212
-26.2357
-4.35483
-13.8084
-3.71892
-8.12987
-20.0196
-31.866
-21.9038
-42.3986
-65.0242
-52.1878
-47.76
-60.6692
-62.7089
-59.5001
-59.2441
-56.2658
-55.7563
-68.6159
-71.932
-74.5693
-23.7679
-22.5206
-19.3783
-22.3452
-14.0382
-24.1546
-20.854
-19.8476
-21.0763
-11.5354
-17.9319
-13.5419
-13.7184
-4.62298
-17.8916
-29.6069
-26.9078
-28.0388
-29.0689
-15.9687
-17.931
-6.97314
-0.183722
-12.262
2.37521
-10.9935
-12.2017
-15.8802
-39.5569
-39.1818
-30.8675
-30.8424
-29.1424
-33.2378
-24.1087
-11.3328
-6.73113
-2.29221
-5.5104
-29.2167
-27.0656
-14.2671
-13.064
-26.5729
-25.66
-20.6032
-17.0926
-10.6082
-3.98177
3.05502
12.2271
1.21625
-21.1206
-25.377
-29.6439
-30.5154
-25.9105
-25.4564
-18.9471
-30.2522
-6.94492
-17.5871
-3.83743
-8.90432
-19.5751
-33.2705
-25.9845
-46.3418
-64.2699
-53.6388
-48.7922
-59.3614
-61.7968
-62.6377
-59.8022
-58.1249
-56.7511
-69.8644
-73.3093
-76.0499
-18.5825
-27.4227
-28.926
-24.8327
-14.6579
-21.607
-24.3031
-27.7633
-20.2791
-13.3255
-21.0208
-12.9494
-12.8402
-3.31534
-18.8622
-28.1841
-27.5134
-28.933
-23.2797
-13.1509
-18.582
-7.49212
-2.31552
-10.804
0.954375
-11.044
-3.98156
-8.14173
-33.6793
-35.0765
-31.3417
-29.7015
-28.8989
-31.832
-27.3069
-15.2931
-10.728
-0.968942
-2.12764
-28.2921
-30.7939
-10.1747
-9.31845
-27.3026
-21.9676
-19.032
-18.7089
-12.556
-5.03612
-0.396349
7.56533
-2.31656
-27.1244
-27.2284
-29.8814
-33.3335
-29.7461
-26.2323
-19.4634
-33.0657
-12.4345
-23.8271
-6.32122
-10.9798
-19.434
-33.3657
-30.7719
-51.256
-62.3173
-55.2561
-51.8741
-59.5716
-60.6642
-63.375
-61.441
-60.8207
-58.6354
-70.637
-74.415
-77.0954
-16.3614
-26.2632
-30.1219
-28.8652
-17.7085
-22.4359
-27.0315
-30.9859
-16.9489
-12.1876
-24.0304
-14.4551
-10.992
-0.335214
-16.1689
-26.4479
-30.3463
-29.7683
-20.2828
-10.7253
-20.6718
-10.0163
-3.08555
-10.2017
-2.23374
-12.2818
1.45545
-2.94747
-28.5539
-32.2895
-33.6188
-27.8437
-26.9461
-28.9357
-30.3085
-19.621
-14.8619
-1.93617
-2.05038
-26.8109
-30.4562
-7.07232
-8.51552
-22.1708
-15.0386
-18.8205
-20.904
-13.3849
-5.92261
-4.64017
0.347836
-7.889
-30.8867
-29.3436
-31.0283
-36.172
-28.7632
-23.622
-15.2143
-31.382
-21.3345
-30.6519
-11.8442
-15.2318
-20.7533
-34.5039
-34.2992
-53.0335
-61.2403
-56.8577
-57.1674
-61.9649
-61.023
-62.3557
-63.2111
-63.563
-61.1048
-70.0565
-75.1379
-76.8596
-18.6958
-20.3837
-23.6984
-33.2927
-23.3344
-28.251
-28.3143
-26.8238
-13.8081
-9.17688
-20.7615
-18.2431
-10.0071
2.50626
-15.1342
-24.2515
-33.0725
-31.2072
-21.2561
-9.0781
-24.7361
-15.6687
-3.8035
-11.1581
-6.01618
-13.7854
4.16287
-0.47364
-27.1797
-31.586
-37.7209
-27.7644
-25.6443
-27.9538
-29.522
-20.1954
-18.0303
-4.57659
-3.82836
-26.3488
-26.4876
-4.10799
-10.4283
-14.0119
-8.65491
-18.9499
-22.2363
-14.9548
-7.96095
-10.7602
-6.99431
-12.0864
-28.9171
-29.1793
-30.8664
-34.259
-26.4627
-20.4685
-11.2352
-29.475
-27.2299
-31.63
-19.2922
-21.409
-23.7083
-36.6281
-37.4567
-50.7287
-61.4331
-57.2401
-61.7162
-65.9471
-62.5714
-62.0603
-65.2203
-66.5448
-63.8774
-68.7777
-75.8306
-76.0254
-22.8816
-17.3593
-20.8743
-28.1988
-28.3086
-34.1862
-26.7174
-25.6249
-13.4752
-8.5961
-14.9204
-24.6836
-11.1919
4.07078
-13.92
-23.6073
-34.8544
-34.9316
-25.9632
-9.00372
-30.2131
-22.355
-6.42077
-14.249
-8.27257
-15.6087
4.50152
0.0181929
-29.1745
-32.1085
-43.5586
-30.4145
-26.56
-29.4081
-25.9113
-15.5053
-21.5793
-6.74394
-5.09345
-28.0564
-20.763
-0.212615
-13.5074
-6.27039
-4.29531
-17.756
-21.4762
-18.6401
-11.4068
-17.919
-10.1638
-13.619
-25.7053
-27.0751
-28.9791
-31.0345
-24.0737
-17.4614
-9.24685
-29.1868
-24.084
-28.4454
-24.5302
-27.2008
-27.4143
-38.5115
-40.6303
-48.8129
-59.9437
-55.5204
-62.1554
-67.8747
-63.4262
-62.661
-66.9753
-67.4581
-65.4952
-66.0814
-73.199
-72.897
-20.4075
-17.8651
-22.9141
-23.7549
-25.7673
-25.2903
-18.6594
-28.1665
-16.5714
-8.88066
-9.94617
-28.7201
-15.1548
4.48278
-12.4457
-25.2622
-35.9682
-40.7715
-30.8244
-10.2727
-36.1434
-22.4387
-8.81933
-17.0341
-8.24086
-18.8542
2.98555
-0.55475
-32.9659
-33.3503
-48.7212
-35.5336
-30.5836
-32.4955
-23.1358
-11.7495
-25.0134
-7.78524
-6.3565
-31.1855
-17.3023
3.04486
-15.4022
-0.167948
-1.01982
-16.6521
-20.9811
-23.9533
-15.325
-22.6911
-9.54266
-13.9608
-22.2406
-23.5849
-27.0217
-29.887
-21.6702
-15.0536
-8.98932
-27.1561
-20.3076
-22.6125
-26.0183
-30.0939
-30.0585
-38.6589
-41.6285
-49.108
-56.6908
-53.9622
-62.2821
-68.8506
-63.422
-64.1617
-68.4406
-66.6402
-66.0353
-63.7147
-70.4831
-71.8936
-18.0147
-20.9664
-29.538
-23.9891
-21.5009
-13.4167
-9.98065
-33.4138
-22.0236
-7.81766
-5.52385
-21.8365
-18.9565
4.91361
-13.4074
-29.0882
-36.3636
-44.9459
-29.6001
-12.1513
-39.8161
-17.7159
-9.35916
-15.7106
-6.28511
-25.0546
0.586556
-1.65669
-34.1188
-36.3562
-51.7895
-41.2732
-36.5833
-35.2042
-23.0656
-10.458
-24.5714
-10.0855
-10.1379
-33.6707
-17.3977
4.16187
-16.0499
3.14526
1.90265
-17.148
-22.0219
-25.7255
-17.712
-25.7034
-10.176
-14.7101
-17.825
-18.9891
-24.3139
-29.7535
-18.3442
-13.5344
-9.71781
-22.3852
-17.5072
-14.443
-26.1132
-32.0387
-31.9937
-36.9833
-39.8582
-50.5827
-53.1067
-52.0409
-63.3513
-67.6466
-62.8166
-65.7932
-68.0573
-65.2376
-64.7233
-61.0962
-67.5176
-70.9015
-20.5026
-23.5484
-39.1054
-28.0145
-21.4863
-5.46466
-3.69481
-37.9243
-27.6182
-7.58488
-2.47503
-16.833
-15.0949
6.86034
-14.0926
-28.8805
-35.7308
-46.705
-28.4152
-14.908
-37.14
-14.9533
-11.0805
-13.7648
-3.24634
-28.5816
-1.61545
-3.4901
-32.9492
-42.3467
-53.847
-44.7969
-42.3281
-36.8956
-26.5532
-10.2574
-19.0489
-14.6156
-16.7533
-34.5516
-20.3043
2.58423
-16.3835
3.51659
3.82055
-18.3121
-23.9479
-23.1023
-17.8769
-29.1759
-13.825
-15.7063
-14.4195
-15.7911
-21.7837
-25.8473
-14.0667
-12.9639
-11.0248
-17.2726
-15.0276
-7.77638
-24.2559
-34.8606
-34.2439
-35.3335
-37.4076
-50.4999
-50.6336
-50.6311
-65.3926
-67.3351
-63.425
-68.339
-67.5319
-64.7746
-64.0917
-60.2004
-66.0508
-70.9413
-22.3905
-21.4964
-44.3509
-30.8301
-22.5778
-1.83561
0.316934
-38.3008
-31.6798
-10.8063
-2.35206
-15.7358
-9.68096
9.85985
-9.19416
-26.3279
-34.5045
-46.0024
-30.5609
-19.496
-35.3274
-15.8654
-16.262
-13.7241
-0.637421
-24.0616
-4.0511
-6.68746
-30.2711
-46.7219
-53.2951
-45.7836
-46.6043
-37.7156
-31.8061
-9.34549
-10.5881
-20.5958
-22.0815
-34.2214
-23.8855
-1.80196
-15.4241
1.20458
4.25712
-17.8575
-25.407
-20.7129
-18.559
-30.3662
-20.662
-16.958
-13.9518
-15.6946
-20.3883
-16.9736
-10.6706
-12.7177
-11.8094
-12.7953
-11.7928
-3.94076
-21.5388
-37.821
-37.275
-34.5689
-36.431
-49.3396
-49.3192
-49.8272
-66.8729
-68.3795
-65.4349
-70.3691
-66.898
-65.1921
-63.6492
-61.0592
-65.4511
-70.5765
-13.7186
-15.0618
-49.4089
-25.0945
-16.913
-1.83426
2.97616
-35.1165
-36.6511
-17.5874
-6.04004
-17.3623
-7.63204
11.9173
-5.66187
-26.3583
-33.5185
-46.6751
-36.2568
-26.9448
-35.8137
-20.7986
-24.1389
-14.8584
0.714735
-20.6401
-7.89641
-11.8225
-28.2293
-42.6298
-47.9223
-42.9546
-49.4075
-36.0086
-32.3029
-7.28834
-2.39556
-25.7392
-19.9335
-31.3921
-25.7593
-8.60664
-10.1799
-2.78957
3.93565
-15.7139
-25.6526
-20.011
-20.7851
-26.16
-27.1289
-19.9425
-16.7027
-18.9536
-17.4465
-6.99686
-7.98116
-11.013
-10.3323
-9.41465
-8.33313
-2.4757
-20.2633
-40.2803
-40.7117
-35.0194
-37.745
-49.4935
-49.1528
-50.3135
-68.2264
-71.183
-68.1603
-70.9305
-67.3042
-65.914
-63.7665
-63.4472
-65.3448
-70.3788
-3.29349
-7.53226
-44.5463
-22.3379
-10.2046
-2.99685
5.09103
-32.6778
-40.7569
-22.6454
-13.5949
-21.5295
-8.71697
11.8577
-5.76063
-29.5322
-33.9176
-49.4558
-43.0016
-35.9835
-38.4467
-29.6667
-27.4025
-15.6938
0.729806
-20.4676
-12.0259
-17.3095
-26.3725
-38.7273
-43.721
-41.2823
-50.5535
-32.8925
-28.0094
-4.29853
4.10043
-27.3411
-15.2351
-27.37
-25.665
-14.477
-2.75158
-5.26985
4.42834
-13.1338
-25.0329
-21.252
-23.8115
-20.3943
-26.8438
-24.6433
-19.29
-21.2767
-10.9116
1.12177
-4.46535
-6.97085
-7.91362
-7.45019
-5.85532
-2.08971
-20.5679
-43.4185
-43.8187
-37.1493
-40.7047
-51.742
-50.2858
-52.5487
-69.954
-75.0529
-69.7705
-70.3174
-69.0073
-65.6023
-64.9549
-66.2761
-65.9347
-71.0836
3.88681
-1.45503
-34.4703
-20.4603
-6.77864
-2.98197
7.08618
-22.8213
-34.0107
-20.7528
-23.6047
-26.8396
-12.1885
9.58822
-8.73645
-35.0318
-35.6902
-54.739
-47.9023
-41.8679
-42.3506
-39.7583
-27.1363
-17.034
-0.753757
-23.3381
-12.5976
-17.4821
-24.793
-38.3851
-43.4218
-42.9716
-52.8821
-28.8527
-23.2225
-1.23817
8.09675
-27.1272
-12.9452
-25.4265
-25.0314
-15.8018
2.58127
-3.96881
6.57188
-10.7773
-25.2602
-23.9135
-26.8061
-16.7448
-23.7325
-25.5258
-17.31
-17.1577
-5.05434
6.22915
-1.3722
-3.57807
-6.90937
-5.60312
-4.47629
-1.11208
-21.21
-45.296
-45.0304
-41.3784
-43.3928
-56.0549
-53.0682
-56.5704
-70.7333
-76.7932
-69.1986
-68.0775
-70.9119
-64.4402
-66.3951
-67.7377
-67.7319
-72.7371
7.39701
1.33676
-23.1293
-18.0547
-5.29252
-2.23336
8.6006
-16.067
-28.5967
-18.2656
-31.5789
-34.0261
-16.6848
5.34295
-12.7066
-39.8921
-39.3774
-56.1987
-51.1589
-45.7957
-45.8821
-41.9786
-29.0999
-20.683
-3.92813
-28.861
-11.3312
-13.8227
-24.6031
-40.2233
-47.3761
-48.0725
-54.6069
-23.5624
-19.1974
0.18952
9.32123
-27.4398
-14.2153
-26.3395
-26.505
-16.3585
4.46593
-0.710257
8.80343
-9.61616
-26.6423
-24.9646
-29.3336
-15.6435
-21.7585
-22.68
-15.0109
-12.6509
-2.51268
8.5582
-0.303201
-2.85434
-7.54807
-1.62907
-2.80777
0.392638
-21.3361
-43.7555
-44.0801
-46.5689
-45.2894
-61.3994
-57.5798
-61.2431
-69.2196
-73.993
-67.1258
-65.3177
-70.7469
-64.379
-64.98
-67.2851
-70.1534
-74.714
6.6962
0.392767
-15.7669
-14.9334
-6.21778
-1.79341
8.59954
-14.3387
-26.8739
-17.8061
-35.9231
-44.804
-21.8494
-0.775618
-16.867
-43.7692
-43.0981
-52.8817
-51.0919
-49.4242
-49.2303
-41.5949
-33.9232
-26.7054
-7.92397
-36.1605
-11.0506
-10.9815
-27.0051
-43.2996
-53.8993
-54.526
-54.8502
-18.9221
-16.6975
-1.0411
7.71452
-27.4512
-19.0152
-29.8729
-31.2466
-17.9024
2.99379
1.79096
9.4143
-10.7344
-28.5261
-23.2555
-30.7777
-17.0216
-21.6623
-20.7461
-14.7799
-10.8329
-3.64076
8.44069
-1.77811
-4.99671
-8.84623
2.50404
-0.251411
0.892684
-21.3203
-40.4607
-42.6841
-49.1629
-48.0543
-64.4779
-63.0575
-65.1624
-69.4835
-72.5275
-66.5923
-64.8259
-68.006
-65.8299
-62.7538
-67.6238
-72.846
-79.0057
0.997892
-4.11639
-12.8175
-14.8109
-9.65223
-2.59734
6.46406
-17.3155
-27.5867
-18.9149
-43.194
-49.5454
-28.4783
-9.02496
-22.7942
-47.331
-45.6624
-50.7126
-51.2148
-49.337
-51.8258
-43.8881
-40.5012
-31.4806
-10.0839
-34.6348
-11.7271
-10.68
-30.9919
-47.352
-58.3508
-57.8749
-52.9585
-16.1474
-15.4585
-5.29262
3.28572
-26.6632
-25.1089
-35.739
-38.4386
-20.728
-0.898565
2.37033
7.75768
-14.3649
-30.3892
-22.7794
-31.3422
-20.8556
-23.1423
-20.6253
-14.6376
-10.9808
-8.28836
6.29582
-5.61673
-9.13692
-10.2471
4.05372
1.45681
-0.571105
-22.0319
-38.1464
-41.4921
-48.7742
-50.657
-61.3836
-66.7152
-67.0792
-70.6725
-70.8752
-67.3413
-65.3064
-63.72
-66.5992
-62.2116
-69.1677
-74.2056
-83.2494
-9.57412
-9.93686
-13.7092
-18.1793
-15.2315
-5.45142
2.04766
-23.8875
-24.8052
-20.9359
-41.8771
-51.6692
-34.8066
-19.9737
-30.3006
-51.5547
-48.7696
-49.8368
-53.3914
-48.7275
-54.5632
-47.7694
-45.7004
-31.7279
-9.53255
-28.6591
-13.1903
-13.2422
-34.2385
-52.4253
-56.3113
-59.5092
-48.4911
-15.5563
-13.7361
-11.7788
-3.62432
-26.2292
-27.8036
-43.453
-44.4505
-25.6613
-5.06717
0.879521
4.06644
-18.6242
-34.2417
-25.0492
-32.0052
-27.0977
-25.634
-22.1137
-13.6516
-11.9095
-14.8718
2.69238
-11.409
-13.5126
-12.4859
2.22286
1.13746
-4.15912
-24.3279
-37.6781
-40.2939
-47.8288
-51.0441
-56.9494
-66.5659
-68.0554
-73.1547
-69.9776
-69.0317
-66.1822
-60.7666
-65.3689
-64.3855
-71.0411
-75.1677
-86.1037
-12.6405
-12.0073
-18.3039
-21.1546
-21.3563
-9.26887
-4.61152
-27.1806
-21.978
-23.4948
-35.249
-47.2655
-39.9929
-32.1099
-40.4733
-50.96
-53.9313
-49.4254
-55.2051
-48.6649
-58.6804
-50.5365
-47.7406
-31.1863
-9.36992
-27.5983
-15.1411
-18.0481
-37.7503
-53.8589
-48.5776
-53.5953
-45.5065
-16.5064
-11.0509
-16.8491
-11.1261
-26.0092
-27.3596
-50.3414
-46.2519
-31.8918
-9.13107
-2.15849
-0.876238
-20.2689
-39.9058
-29.1964
-33.4051
-32.6103
-27.0099
-24.7645
-13.6497
-13.3739
-19.0894
-1.77244
-18.4295
-18.4383
-16.6264
-2.99715
-1.0087
-8.70388
-27.4969
-37.5496
-38.3355
-45.921
-48.3512
-52.7762
-64.0323
-66.1401
-75.3848
-68.4919
-69.1807
-66.2727
-60.0452
-63.2766
-67.5957
-69.7992
-74.7475
-84.3873
-10.5702
-13.7274
-25.275
-21.2832
-25.0622
-11.1629
-12.1626
-27.3518
-22.206
-27.5456
-33.409
-42.5976
-37.7066
-38.7003
-53.0897
-51.9296
-56.8293
-51.1684
-56.8783
-50.5107
-57.2285
-52.0572
-49.0015
-31.9455
-10.6451
-31.624
-17.3466
-22.273
-43.8656
-49.714
-42.1235
-47.774
-45.6296
-18.5582
-9.7997
-17.1335
-14.043
-25.5371
-26.4815
-52.0421
-45.8852
-36.8619
-15.5053
-5.69604
-6.12837
-22.1841
-43.1304
-33.5269
-34.4465
-31.8506
-23.0703
-26.3555
-15.7167
-16.5167
-20.3864
-6.62106
-22.9713
-24.9652
-22.8225
-10.6604
-4.15183
-11.9654
-29.3769
-36.1012
-36.112
-43.1861
-45.1191
-48.4372
-60.8981
-62.891
-76.872
-66.076
-67.5738
-65.2839
-61.062
-60.143
-66.8484
-66.4476
-73.2261
-81.3172
