80
-12.5929
-7.06938
-7.08563
-7.55837
-17.7405
-25.5524
-28.2372
-24.6039
-25.7367
-26.0269
-23.9953
-21.4208
-18.3617
-16.7607
-16.8907
-19.8793
-21.8154
-19.1307
-15.7131
-23.7749
-33.9554
-38.2891
-21.9587
-15.4226
-16.9541
-17.0624
-19.2635
-24.1712
-22.2321
-22.302
-26.6203
-43.8428
-20.8813
-9.35405
-0.823185
20.0724
35.1728
46.0565
50.3715
49.1738
44.1388
33.5452
25.6332
18.4262
3.24818
-3.08952
10.8888
15.1495
10.5416
14.8375
13.1593
12.3579
10.1867
5.63892
6.27403
5.48912
9.86341
-3.33391
3.15697
4.04812
10.0488
15.2195
16.9723
22.9561
25.1844
31.2931
34.3177
37.259
42.1774
47.8145
51.4554
54.1714
56.1263
57.5811
59.2489
60.8512
61.6287
60.0641
54.8777
44.7867
32.0298
21.577
18.2749
9.69959
11.6973
21.5855
24.8989
21.7256
15.0763
1.61858
-6.42011
-5.69136
-4.69993
-10.7381
-7.24798
-5.70441
4.62168
9.71062
10.2214
5.88039
4.71064
-1.44532
-5.40311
-4.72012
0.392154
-2.00249
-0.588217
0.285007
-8.21282
-16.2815
-21.1747
-16.8952
-9.16571
-9.56128
-9.4559
-14.158
-17.5994
-16.8207
-20.4081
-16.1953
-16.5544
-22.8074
-28.0262
-27.7586
-25.855
-22.9708
-22.1089
-21.8903
-21.0056
-19.0935
-16.5371
-15.9231
-18.3466
-20.0836
-20.6475
-24.9805
-31.0822
-32.3663
-35.833
-28.9359
-29.0489
-24.8337
-21.256
-22.6767
-18.4061
-17.3324
-20.7318
-24.7605
-23.4436
-23.6567
-19.209
-14.8577
-7.31985
24.2409
37.4544
43.2822
44.3384
41.9409
38.1235
33.5991
18.4035
20.2007
10.8452
7.72392
11.7793
11.9791
7.76901
5.19811
19.012
16.4165
14.0609
11.7781
24.291
33.7248
40.8286
47.9498
54.779
60.5893
65.0514
68.2582
70.5145
72.0277
72.9794
73.5355
73.8776
74.1428
74.3915
74.6229
74.8246
74.8381
74.8105
74.5296
73.5431
71.6516
68.3656
62.8793
54.0212
41.4378
22.7543
-1.6265
-5.37127
8.80248
18.8875
23.4962
23.8835
22.3644
21.2351
20.3036
16.8124
12.9876
10.6215
8.51993
3.93461
0.465464
0.573878
2.52931
0.275532
-5.28098
-12.648
-8.10234
-4.41236
-7.40102
-11.9833
-3.01651
-1.83615
-4.26968
-5.85251
-15.7644
-13.7995
-21.9054
-23.4351
-21.6793
-21.1888
-27.4771
-25.2162
-21.9929
-26.2822
-21.8604
-20.2442
-19.6583
-21.4122
-22.691
-26.1201
-32.2539
-40.8298
-40.2277
-36.0921
-30.624
-25.0328
-20.6886
-20.2664
-23.3042
-28.3639
-31.5623
-26.9522
-30.3969
-33.7637
-32.8708
-33.6123
-28.0956
-22.9698
-24.9438
-26.3415
-22.9683
-17.3828
-16.1729
-18.1367
-22.3711
-28.3969
-23.9903
-9.68474
24.3776
40.0718
54.4171
62.5172
67.1372
69.023
68.9861
67.6838
65.4235
61.9012
58.8508
57.45
58.9084
61.1911
62.1895
63.2356
64.7332
67.7449
71.2064
74.2725
76.5016
77.978
78.8467
79.0998
78.6666
77.513
75.731
73.5451
71.2365
69.0321
66.8524
64.6192
62.5245
60.5323
58.0939
54.731
52.1551
51.4002
51.3265
49.6913
46.1799
43.4295
40.9119
33.3181
23.2001
12.4796
4.31513
3.06591
5.43228
11.8981
19.5507
25.8788
29.7388
30.4327
27.7358
21.788
15.4388
13.1303
7.0832
-1.86916
-15.0843
-12.7991
-10.4849
-9.97192
-10.3794
-8.9371
-11.7353
-8.07369
-11.649
-9.87808
-14.531
-23.7327
-16.1368
-14.6269
-16.9497
-15.8883
-22.0256
-20.2862
-18.5922
-19.328
-20.9731
-26.866
-31.8629
-21.8624
-21.4524
-23.1207
-28.7184
-32.4572
-32.3337
-31.7584
-30.5361
-31.3324
-32.8685
-35.0553
-36.1421
-37.8252
-40.0107
-32.7237
-27.9243
-28.4477
-32.2171
-30.6488
-28.347
-22.5501
-19.3209
-19.7719
-21.4779
-20.6134
-19.9421
-19.2607
-24.5706
-29.5471
-27.9126
-27.4259
-28.0124
-27.9215
-25.3357
-11.5541
24.1098
45.6316
58.2387
64.9877
68.4158
70.7586
73.0344
75.2469
77.2722
79.1727
80.4411
81.2738
81.8004
82.2189
82.7836
83.1613
83.355
83.0543
82.1045
80.3261
77.7755
74.5056
70.3161
64.8884
57.8826
49.7678
41.7598
33.1132
24.4408
20.5928
22.9716
26.3185
25.5298
22.0602
23.0594
31.0034
32.4987
35.7465
35.8231
34.115
32.2736
38.9426
43.8408
44.2688
38.9695
30.9193
22.5175
18.0996
14.7448
16.1383
19.9756
23.1529
24.8543
23.7199
19.1362
16.3332
18.1896
18.7065
15.1608
6.82022
-2.6908
-8.11559
-7.75467
-8.85219
-12.384
-15.1828
-21.0809
-11.0819
-9.99776
-6.51077
-9.41115
-10.3327
-16.2514
-22.4373
-19.278
-13.4466
-13.0621
-16.2385
-19.2316
-15.3961
-11.572
-10.651
-11.4149
-19.4748
-25.6429
-27.5744
-27.1346
-34.1669
-30.6697
-25.8615
-23.6078
-25.2234
-29.4045
-27.0632
-22.8487
-20.3362
-20.4171
-23.9031
-28.2124
-28.521
-28.3709
-32.4064
-35.0105
-36.6797
-28.4097
-23.9296
-21.9049
-18.1131
-16.7405
-15.3452
-18.4559
-24.5431
-33.1573
-35.9127
-29.7478
-27.5573
-23.4766
-12.3193
23.7623
45.985
57.6611
64.4704
66.4628
64.8043
59.6154
52.3879
50.3732
55.8668
59.3188
60.0503
59.2577
58.6999
58.6626
59.7479
59.4423
57.2828
53.228
48.1855
40.5082
29.485
20.0339
11.9422
9.40913
23.1394
27.2527
36.8332
44.2047
49.1048
53.6585
57.6688
61.2859
64.916
68.1174
70.6182
72.4881
73.7792
74.5221
74.4494
73.1669
70.3471
65.4817
57.7806
46.5367
29.4004
14.0221
6.53381
4.4515
15.1395
20.7906
23.4414
23.1992
20.0608
15.7563
11.8082
10.8814
8.12979
3.42635
2.08552
-3.16241
-3.38139
-4.92981
-8.8283
-17.2035
-18.1953
-16.1851
-10.7228
-13.6704
-12.8527
-8.10327
-9.06566
-10.8676
-15.4378
-22.9066
-19.3742
-20.372
-17.2453
-18.3618
-15.5581
-13.1647
-11.9838
-12.9299
-14.0367
-21.0142
-24.5073
-22.9591
-21.6633
-22.1237
-20.9904
-20.5253
-24.1606
-29.4084
-26.8275
-20.5034
-18.5084
-20.8394
-23.7868
-25.6187
-26.8777
-29.2449
-26.7724
-31.6431
-30.882
-27.2365
-23.4118
-17.4221
-14.6363
-13.6674
-16.744
-24.041
-27.4371
-21.5105
-16.8445
-14.3422
-14.2897
-15.048
-10.903
24.7049
41.4542
54.028
60.5778
64.4528
64.389
60.6598
51.6507
34.6969
28.1965
23.4813
19.3664
25.2463
23.3373
23.9574
28.0899
29.0218
31.2952
29.8813
26.3672
36.1979
44.6329
51.4385
57.9634
64.4419
69.4821
72.8605
75.1963
77.0809
78.499
79.3119
79.6134
79.628
79.3468
78.7907
77.9855
77.1106
76.2708
75.2267
73.5129
70.6663
66.3736
60.425
52.3539
40.9665
25.3475
9.03941
4.4999
7.56714
12.8905
18.4648
21.4017
22.5703
21.6805
17.3652
8.62505
-0.0324447
1.14318
1.04617
-0.238015
-1.93627
-4.71701
-8.45761
-11.5524
-9.05851
-4.11057
-3.96425
-2.46777
-5.68131
-7.92309
-15.5244
-17.2879
-17.1279
-17.2978
-22.8018
-22.6149
-26.7479
-19.3052
-12.5602
-10.3206
-12.7441
-19.5231
-18.86
-17.0517
-23.4803
-24.7136
-18.1996
-12.9957
-9.90557
-9.23808
-11.5795
-17.7972
-27.6304
-24.7816
-17.2813
-13.5894
-11.8306
-11.9871
-13.8126
-19.0827
-29.112
-33.8713
-30.474
-25.0054
-22.2299
-24.4836
-23.9645
-20.025
-19.8129
-21.7817
-26.6627
-31.5898
-18.754
-11.1787
-7.57828
-7.73842
-11.215
-7.81758
24.8282
45.7209
57.8599
66.9643
73.38
76.8266
77.9406
77.14
74.5837
68.8067
58.7669
52.5354
57.2184
60.3187
59.6452
55.8754
50.1658
58.1785
69.268
76.5593
81.012
83.4843
84.5848
84.5433
83.3169
80.9385
77.8838
74.7505
71.4448
67.5088
62.8866
58.2908
54.3852
50.8077
45.1647
36.8819
26.3404
16.8808
12.5836
12.9843
15.8136
11.9471
15.327
21.7331
21.2273
16.1086
11.7162
10.742
7.93338
8.37711
11.1736
17.6234
22.0601
23.4764
21.5071
16.7469
12.6654
10.1263
7.53963
4.25045
-0.304655
-4.7388
-9.19309
-14.334
-14.7717
-10.0138
-11.0741
-12.6749
-14.0458
-13.1622
-14.9525
-20.9032
-23.0737
-20.799
-30.7942
-39.9018
-29.5787
-21.3658
-18.9525
-19.4728
-20.5809
-19.342
-17.7827
-16.6664
-20.9686
-31.541
-31.1088
-31.5009
-25.7553
-20.8959
-18.0812
-18.7666
-21.4132
-20.0532
-18.4106
-19.3655
-17.5599
-12.5814
-10.7587
-13.3406
-19.2638
-25.9569
-25.7873
-26.4485
-27.4105
-31.2865
-32.5344
-28.3893
-29.351
-22.4481
-21.1611
-18.742
-20.1096
-22.6091
-23.0515
-21.2855
-18.1889
-11.4845
24.0251
49.0849
65.2742
76.0289
83.493
88.9648
92.9786
95.8075
97.4866
98.3494
98.7297
98.8727
98.771
98.3145
97.4413
96.1314
94.6319
93.2509
91.9575
90.3147
87.8751
84.5181
80.1546
74.368
66.664
56.8534
44.7304
29.8756
20.9376
16.3179
10.5193
9.71487
12.2923
15.9069
18.1783
17.0166
12.4821
7.50124
9.72631
10.7971
18.1576
23.7485
26.4848
24.8018
19.5091
13.1584
8.51345
1.7924
2.65952
8.19453
11.1463
11.8963
10.4069
9.60192
12.3436
13.7716
11.3009
9.76738
10.9275
11.015
5.87554
-2.88244
-8.62951
-13.9734
-26.1423
-22.3894
-17.1374
-12.6821
-16.7739
-20.7173
-20.1241
-17.937
-14.5099
-16.1855
-17.8957
-18.8326
-20.172
-19.6804
-17.4104
-17.0645
-20.4939
-27.3311
-28.62
-20.7386
-19.4826
-19.7271
-23.8822
-22.6287
-22.7237
-22.9374
-26.6839
-27.9788
-22.8332
-16.9137
-14.2277
-15.0203
-17.6981
-16.8941
-15.2662
-16.6956
-22.6922
-27.0835
-28.2898
-32.7298
-38.0874
-37.9439
-41.1005
-36.1329
-40.3166
-38.1315
-25.7341
-23.2449
-23.5646
-26.8861
-27.2733
-33.5362
-29.177
-13.3116
20.4317
42.2896
55.0128
61.4286
63.7486
66.7272
71.0988
75.4961
81.053
86.2071
89.4568
90.5107
89.9603
88.7514
87.5716
86.4282
84.5842
81.3742
76.3
68.9443
59.9087
49.6391
36.7913
24.1303
14.7623
15.6412
17.0245
24.157
31.5783
36.2965
40.3147
42.6596
43.4876
43.7874
44.5386
45.2064
45.3544
44.7121
43.7621
42.2104
39.8582
36.2467
31.1
23.2183
12.8807
-3.06314
-12.7195
-14.7463
-11.3541
-2.09844
6.45164
9.40636
9.00054
6.45665
1.19889
-3.03525
5.45428
13.2367
16.1753
15.1189
10.1866
1.06745
-9.59894
-13.2077
-18.8972
-25.0873
-26.081
-20.675
-25.3798
-18.6984
-25.5207
-26.1169
-33.2559
-18.6014
-19.7013
-18.7248
-24.0086
-26.1577
-29.5181
-30.2598
-31.1697
-33.6237
-30.0504
-28.0804
-21.0235
-16.6155
-15.0104
-17.2362
-21.8754
-29.181
-31.3403
-27.6157
-23.7533
-21.3412
-20.619
-21.4512
-21.5736
-16.85
-12.4021
-11.8135
-14.9017
-20.0282
-24.011
-22.7749
-20.6843
-23.9485
-28.5501
-31.872
-32.9185
-27.5814
-26.7282
-27.9906
-32.3942
-38.0961
-36.1371
-30.4823
-27.3391
-13.9038
14.8118
25.3191
42.7909
55.2338
61.2299
62.0163
57.892
50.6384
42.7448
40.2557
39.0126
37.3529
35.1463
37.3902
33.6146
27.7996
26.6341
22.2773
22.8444
21.304
29.5771
38.0074
43.9308
49.8346
53.5137
55.4876
56.7748
57.0443
56.503
55.3727
53.4846
51.1476
48.7841
46.3918
43.7526
40.8762
37.4345
35.8733
34.2968
31.5811
27.7632
23.8957
19.2746
14.0189
8.31098
2.87456
1.56776
1.88438
3.08416
6.79352
8.18549
7.19453
4.53796
3.72243
6.34114
7.20067
5.88703
7.87843
12.1343
14.6285
12.8824
7.7663
1.99842
-1.03973
-4.38874
-8.66558
-14.6527
-8.52216
-7.66882
-7.01884
-10.906
-19.1816
-19.1795
-17.9591
-15.4502
-14.2237
-16.441
-17.9393
-21.3623
-21.8249
-20.1411
-17.2773
-16.3814
-22.7295
-20.5777
-16.8518
-14.642
-16.7507
-23.8489
-31.7715
-30.6926
-25.6254
-19.1471
-15.3244
-15.1404
-18.6719
-22.6409
-15.5459
-8.03002
-4.83753
-6.03096
-11.0192
-14.6693
-14.568
-16.0959
-20.5235
-24.2143
-25.0753
-25.6242
-22.6899
-20.6151
-21.2894
-24.253
-24.1465
-20.0848
-18.3151
-18.9829
-12.1486
-2.68166
28.6916
47.9633
61.9549
70.956
76.1083
78.2119
78.064
75.989
71.4373
64.6792
57.0099
52.5509
50.9389
49.9796
46.9911
44.3554
49.9744
56.7299
61.2582
63.969
65.3518
65.4988
64.0385
61.5535
58.4285
54.4648
49.5643
43.1618
34.6746
25.3438
17.9619
12.4351
12.169
16.8171
17.5416
20.1099
21.5991
21.3075
19.9125
18.7124
21.9288
22.7136
19.2607
12.2824
2.89541
-2.09589
-5.859
-7.6622
1.23248
6.97031
7.71693
4.27761
2.91828
8.95858
14.2952
16.7933
17.1845
16.1716
14.3267
11.0579
8.0948
6.96299
4.89058
-0.382545
-7.93073
-9.55609
-7.86392
-7.30121
-5.49655
-5.15021
-8.3401
-8.75712
-5.35086
-3.95971
-2.90758
-4.10084
-8.01152
-14.3635
-18.66
-18.074
-18.8612
-19.922
-26.7677
-22.0607
-20.5269
-23.7554
-29.2865
-35.1187
-38.5993
-34.4962
-28.3794
-24.6255
-24.3844
-27.9993
-33.1697
-31.9711
-24.1253
-16.3046
-13.483
-15.0692
-16.7021
-16.9284
-16.5863
-18.5751
-24.5305
-27.7624
-24.5527
-23.2385
-25.0918
-29.0898
-29.1901
-27.0456
-27.5936
-29.4126
-24.2099
-20.5163
-11.8237
-10.5255
14.3943
30.2808
47.0218
61.5292
71.9904
79.1994
83.989
87.0444
88.6739
88.8244
87.8298
86.1834
84.2191
82.007
79.7444
77.6792
75.6217
73.1843
69.9027
65.3465
59.3518
51.2889
41.9889
31.4246
20.4626
15.8718
12.9826
2.06579
11.8084
16.8424
23.0132
28.4843
33.0591
34.6915
35.1287
35.9486
37.2556
38.4467
39.0561
38.4494
35.855
30.5061
22.8113
12.3553
-2.0602
-23.5089
-25.9288
-14.9517
-2.66621
3.55131
4.85193
3.91486
5.97228
10.6951
13.8533
17.0194
19.1504
18.1051
13.7826
6.99806
-0.76965
-1.03764
-0.682716
-3.00174
-3.40422
-3.2863
-3.74628
-8.81553
-12.9504
-26.6147
-23.3913
-23.1745
-23.0565
-18.417
-15.3219
-17.1423
-16.3832
-15.6769
-16.4061
-16.4337
-18.1196
-23.1052
-32.0165
-30.1161
-30.2566
-28.8679
-30.6473
-31.4744
-32.0127
-32.0969
-32.7811
-35.4088
-35.575
-30.1068
-24.6113
-22.5037
-21.6555
-21.0627
-19.9426
-18.0418
-18.4975
-22.69
-32.197
-48.0473
-45.6319
-39.3401
-34.2972
-27.6932
-23.976
-23.9818
-25.5439
-27.1312
-28.0588
-28.273
-33.0122
-34.5332
-15.584
-16.2639
6.80008
24.4911
36.7677
46.3326
49.8986
50.1278
55.983
64.8591
70.9689
74.2323
74.8407
73.2132
70.2868
67.8774
66.4493
64.3137
60.5506
54.7935
46.9606
37.4227
23.4376
18.0036
26.2523
32.1046
34.9491
36.3764
36.9836
37.1999
36.7798
37.3605
38.4959
39.7752
39.4082
37.3414
34.4458
32.3155
31.5182
30.0626
28.5204
27.8962
25.7209
21.7262
13.713
4.10183
-7.19084
-25.011
-25.6058
-15.9135
-2.96914
2.95537
4.85678
4.94484
8.53718
13.9438
17.9067
18.0861
13.9193
6.70806
1.91824
-1.42122
-1.97222
-4.1166
-5.12576
-3.21213
-2.93005
-4.22198
-7.09908
-14.4239
-17.2773
-21.6833
-19.937
-15.2335
-14.1167
-15.2256
-16.1114
-14.3983
-14.3872
-16.4536
-19.4629
-21.4839
-22.2784
-20.6394
-20.6841
-16.7671
-16.3495
-19.8635
-26.6502
-33.0509
-34.0896
-34.2459
-34.1144
-33.0945
-32.6464
-32.2751
-25.6409
-16.9608
-10.4026
-6.80494
-6.12793
-8.37643
-13.001
-19.4919
-22.832
-20.1526
-18.8015
-19.5734
-20.8775
-23.0082
-25.1895
-28.0175
-28.3072
-28.7898
-29.3407
-30.32
-32.5973
-31.6485
-15.7445
-8.27937
1.40391
17.6916
28.9964
35.1124
39.3099
39.7547
38.1896
34.8045
26.592
17.9508
15.2647
14.7925
21.7057
19.2353
23.2174
15.968
16.5684
17.9733
22.8864
33.3772
41.8527
47.4889
50.137
50.4188
48.2423
44.3272
39.4872
34.1035
27.52
20.4536
17.6271
15.8521
17.2858
17.9264
18.7381
17.9477
16.9013
15.6339
13.815
14.2716
16.9809
19.1655
16.3138
8.15482
-3.72836
-20.5871
-24.3378
-18.4782
-3.37803
2.12967
4.02897
4.6635
8.99821
13.5268
14.6114
14.6055
15.6637
15.366
11.8412
5.49807
1.31342
-2.16551
-7.31343
-13.2909
-12.6708
-13.9474
-11.8902
-13.9532
-16.8692
-21.0037
-18.1317
-15.3366
-13.6099
-16.2325
-17.6145
-21.9364
-25.2716
-32.2907
-33.1301
-26.7264
-19.4911
-14.9596
-25.74
-20.7747
-18.5593
-19.2372
-23.3353
-26.1394
-23.7265
-21.3999
-22.0659
-25.9562
-32.656
-38.9733
-36.6687
-24.356
-15.3963
-11.5536
-12.6737
-18.4475
-25.835
-22.6122
-16.2678
-13.2152
-15.0398
-20.286
-25.695
-24.5783
-23.6254
-26.5671
-32.8922
-31.7592
-25.7243
-21.9846
-22.9314
-24.3818
-15.1461
2.82093
18.3369
29.2671
36.2849
41.8234
49.8189
58.0407
63.0415
65.1747
65.5545
65.4032
64.8135
63.587
62.014
60.6575
59.6514
59.2325
59.5049
59.864
59.5582
58.3916
56.1048
52.1043
46.2851
38.3472
30.3895
21.2493
10.9048
14.4416
20.169
23.3672
25.0356
26.0057
25.9566
27.8767
29.4024
29.6418
28.6869
28.1859
27.5344
25.5552
21.9267
15.6931
8.85621
1.72946
-8.62541
-19.4218
-22.7474
-16.3125
-10.1171
-3.25
6.43198
16.4096
22.2423
24.5883
25.4418
25.6372
24.5216
21.3125
17.9719
15.3552
11.8645
6.0108
-1.82154
-9.20778
-11.7358
-11.5388
-11.9375
-17.9996
-17.3169
-18.2104
-19.2607
-22.9805
-24.3018
-28.0278
-26.3379
-27.8489
-26.3784
-27.7047
-29.7731
-35.0589
-30.692
-26.9168
-12.4958
-14.9845
-19.4126
-25.2613
-26.962
-22.336
-19.8547
-21.0704
-24.2007
-24.6413
-22.8757
-22.1315
-22.1457
-21.3653
-20.971
-20.6573
-21.3758
-23.7396
-27.3487
-28.4082
-21.1194
-16.5753
-14.5372
-15.3951
-17.7714
-23.375
-29.3327
-33.291
-31.5087
-26.5565
-21.6443
-19.367
-21.4366
-25.0129
-14.2096
0.461978
18.3762
29.7211
38.1823
43.6224
49.0775
54.3657
59.8384
64.6802
68.4025
70.5339
70.7931
69.3939
67.3649
66.0226
65.4617
64.5191
62.533
59.3029
54.352
47.1847
37.7849
28.017
21.1814
23.9198
31.4168
35.8561
38.3793
39.3188
39.553
38.5393
36.3198
32.6338
29.2522
28.7875
29.9272
29.0695
26.8902
23.9879
21.2064
17.4285
14.1009
13.1886
10.128
1.76466
-8.80393
-19.8133
-20.1383
-9.20995
-0.722983
6.48821
13.6994
19.5854
22.4923
22.1438
19.756
20.4765
24.8551
28.6088
29.4355
26.8659
21.0061
12.7684
4.9181
-1.90093
-5.79672
-8.80458
-11.565
-16.74
-20.2507
-20.1046
-22.5439
-24.2166
-23.8175
-23.1998
-22.1933
-24.0905
-25.0003
-24.4864
-21.9045
-18.6563
-17.5802
-18.1837
-12.284
-11.0745
-11.2439
-14.6376
-20.8684
-23.868
-24.6816
-27.4286
-29.7383
-23.9441
-18.2031
-16.6989
-19.6381
-27.6289
-31.6095
-25.4065
-22.1694
-23.0902
-24.4425
-23.6024
-23.3238
-23.706
-25.1994
-20.8082
-17.8946
-18.0088
-20.048
-22.8025
-23.3778
-22.4147
-21.4871
-19.9563
-19.648
-20.3979
-18.0643
-12.5054
9.82303
25.7758
36.0929
41.6492
43.671
42.6905
40.236
37.6033
33.1191
28.2672
26.5345
26.351
26.6195
26.2029
22.719
13.3483
11.0929
15.477
22.1249
29.6549
33.9814
37.6042
38.1358
37.1095
35.2223
33.5913
31.7525
29.3291
24.9576
19.2893
13.1526
8.13657
3.50644
7.79288
10.7801
13.2812
15.0385
14.3311
11.4911
10.3092
9.97172
11.0814
6.95149
-0.413929
-11.0734
-22.1558
-19.876
-6.42142
5.93487
12.0684
13.9085
11.7624
8.84875
12.9193
19.0572
22.7035
25.4702
27.4432
27.9113
25.7911
20.113
11.0291
-0.463173
-10.4738
-16.5086
-16.705
-16.6738
-16.6691
-12.2181
-11.6339
-13.4673
-14.7983
-11.3482
-8.03107
-8.34644
-12.9874
-21.9905
-28.7345
-20.7659
-15.5014
-13.7105
-16.3734
-5.47822
-9.38926
-12.6436
-15.7039
-21.7889
-27.3158
-30.3973
-31.4111
-32.3006
-30.9355
-23.4151
-17.0338
-15.0218
-16.1511
-15.9388
-12.2052
-10.5682
-11.9871
-14.5041
-15.8265
-17.4626
-19.0856
-16.9869
-14.0318
-14.0326
-16.7478
-20.4838
-23.0678
-22.1215
-16.8049
-13.0663
-12.4257
-13.8647
-16.3321
-12.7904
-2.9457
16.7166
31.4832
40.1372
46.1714
49.6428
50.0169
48.0824
44.3571
41.0031
36.134
32.7005
35.314
37.0743
36.5977
37.4211
38.4575
40.3061
43.1576
45.8757
47.0942
46.0096
42.1757
36.102
27.0416
17.6957
14.2827
16.5215
21.8097
27.3545
31.2953
33.7805
35.6588
36.3628
35.7848
34.2989
33.1872
32.6855
31.6533
29.0234
23.7892
16.5935
6.6143
-6.02111
-20.2995
-25.3684
-22.7485
-11.597
-1.86158
6.52893
10.251
9.43792
5.10718
3.66854
5.22511
5.77408
8.4224
12.0407
13.3316
10.2626
3.34794
-0.339497
0.33676
-0.0138623
-2.16467
-4.74209
-10.6252
-16.0642
-21.5854
-16.3258
-15.3103
-18.1345
-17.7027
-10.0736
-6.42798
-5.78557
-9.96122
-16.1913
-19.0835
-18.326
-16.557
-16.2743
-17.4705
-5.28424
-9.76863
-15.2827
-21.469
-23.3663
-21.8977
-17.8921
-16.2728
-17.5964
-20.4159
-20.2967
-16.5671
-14.5093
-15.178
-15.9138
-14.7976
-14.4355
-15.8079
-14.787
-12.4981
-12.6264
-14.0322
-13.4652
-12.601
-13.5819
-16.9324
-20.7916
-26.2186
-26.5826
-23.1282
-20.0797
-16.7557
-14.2477
-13.7644
-11.6898
-2.67388
15.2677
29.005
40.3465
47.2684
50.5183
50.2934
48.3318
48.0691
49.3231
49.732
49.7271
50.9541
52.5891
52.9724
52.3688
51.4855
50.031
47.4365
43.8857
39.0886
31.8919
23.9362
24.8339
31.507
36.6377
40.7521
43.2936
43.9599
43.095
40.9489
38.915
37.2217
35.5978
32.6829
28.2259
21.9196
18.0553
16.5823
13.73
10.6935
9.22226
8.76601
6.19401
-2.32813
-9.57538
-14.5457
-12.5297
-2.60112
6.86765
11.5581
11.7709
7.78008
0.231946
-4.31764
-5.52592
-1.57413
4.24651
6.91789
6.991
3.32083
-3.19978
-11.4169
-18.3107
-18.9741
-15.1398
-15.6522
-18.0057
-21.5576
-16.7485
-17.4984
-18.2511
-17.8188
-15.2853
-14.1525
-13.8008
-15.5246
-17.8857
-21.5477
-23.9984
-28.7259
-27.2995
-22.424
-25.0593
-21.8198
-22.6192
-26.0697
-27.1546
-24.3008
-23.2904
-23.7522
-21.705
-17.3603
-13.5587
-11.8697
-12.6105
-16.3051
-22.3329
-27.3839
-30.2012
-27.4125
-19.0649
-14.501
-13.8805
-16.5423
-18.1442
-13.9901
-10.0084
-9.57426
-12.9419
-19.8231
-26.3261
-29.4975
-29.8272
-30.1115
-34.287
-34.4669
-18.1274
-3.04213
10.7414
29.6688
42.4358
49.4646
52.3132
52.1321
49.3498
43.0424
34.8735
26.2263
23.9681
24.8237
28.3576
26.7399
24.3497
21.2928
20.5475
18.3368
19.5893
30.2967
39.2954
44.9706
47.9989
48.3924
46.3927
42.6186
37.6917
32.0952
25.3247
21.3952
19.8061
17.7304
18.1871
21.7876
23.3095
20.8708
17.0175
13.5987
12.8103
13.3876
12.7632
10.7282
3.33874
-5.33137
-17.0867
-21.7781
-17.3603
-4.42379
3.96736
6.96597
5.79351
1.16931
-3.08335
-3.3789
-0.432308
1.34987
2.37807
3.07572
3.19199
2.08379
-0.173162
-4.39517
-13.6724
-24.8088
-22.8441
-21.1437
-15.6832
-16.236
-17.2826
-20.4987
-24.3112
-24.7875
-26.4953
-26.1847
-21.4987
-20.7249
-22.9
-29.3492
-38.4398
-30.1886
-24.6467
-21.7535
-30.0508
-27.851
-23.8556
-21.7628
-21.6009
-22.5224
-21.7979
-17.8597
-14.9165
-14.6805
-17.2397
-21.5308
-22.8788
-18.5366
-15.6195
-16.3878
-20.7773
-25.3448
-26.826
-27.5377
-28.2982
-26.1142
-24.3638
-22.144
-19.8124
-18.9929
-19.6387
-23.2129
-29.9009
-35.0254
-31.9825
-29.9604
-29.7395
-29.4525
-19.6285
-1.65164
25.6881
39.5356
48.5968
58.3884
67.2817
72.6426
74.492
73.3819
69.9796
65.5429
60.7224
55.5953
50.3412
44.7836
42.096
41.7834
44.131
46.2544
46.6384
46.4346
45.318
43.2304
39.5071
34.7685
32.4009
33.2382
36.2216
39.2724
40.8523
41.0138
39.9621
37.9773
35.2685
32.9148
31.0593
28.2908
23.1677
17.5119
13.6898
9.65887
7.26337
5.14455
1.30202
-8.0035
-14.8847
-20.0993
-19.1445
-8.13646
2.07347
6.55589
6.55255
2.25234
-5.22856
-9.72442
-7.50029
-0.736428
3.63301
3.82632
1.65478
-1.50385
-4.74456
-10.3574
-18.5695
-30.56
-28.1222
-23.3967
-19.617
-22.0957
-22.4285
-29.4961
-34.2572
-33.22
-29.1698
-35.4979
-32.2906
-34.946
-33.4516
-30.8484
-26.589
-24.6564
-24.6492
-23.9865
-20.975
-23.9169
-27.3973
-30.8102
-32.083
-26.8997
-17.5194
-11.2956
-8.48438
-8.63226
-10.6377
-12.6091
-13.9231
-15.3426
-16.8005
-18.0187
-19.7639
-21.8559
-21.4638
-21.1109
-22.2342
-23.8633
-25.3849
-24.177
-20.6402
-17.4677
-17.3086
-20.5629
-27.2957
-32.7816
-30.7985
-27.6778
-28.4262
-30.0749
-22.4829
5.12304
24.764
41.2971
53.4718
61.4109
65.7531
67.7041
69.2074
71.3973
73.2205
73.2729
71.2076
67.2087
62.0173
57.6555
55.6091
54.8367
53.1105
49.2324
43.1121
34.4643
31.0147
33.6318
40.6915
46.133
49.5633
50.9122
49.9015
46.4474
41.1963
35.3663
29.9004
24.1357
17.1745
13.1814
17.6903
21.0145
21.0214
17.871
12.9418
8.16666
5.87775
4.86306
0.548359
-5.87842
-10.8782
-13.1249
-13.8289
-11.2731
-4.26713
0.375726
2.85171
3.13312
1.27335
-2.3458
-3.58187
-2.79751
-2.62165
-4.34704
-6.48081
-7.60588
-7.84425
-8.21591
-10.2249
-13.5654
-16.3129
-21.0165
-17.8877
-19.0535
-17.9507
-20.2208
-18.5899
-15.4063
-14.7981
-16.0748
-16.7985
-16.0753
-15.6066
-16.5979
-18.2111
-19.5591
-19.8375
-18.323
-26.4839
-20.8236
-18.4221
-20.0034
-24.9178
-29.4462
-27.6813
-25.0806
-25.7559
-29.8455
-33.9971
-33.5762
-32.8672
-33.5836
-35.181
-32.4886
-29.2762
-27.8549
-27.4913
-27.6733
-27.6656
-25.8162
-23.5197
-21.523
-22.577
-28.1491
-34.333
-39.2706
-38.1655
-35.2258
-33.4916
-29.6826
-27.156
-26.259
-18.9394
8.86476
29.2397
43.8335
53.9096
59.315
62.4416
62.9984
60.8024
55.8771
48.1986
44.769
39.3726
33.0128
27.055
18.0788
21.3144
24.6805
28.7094
43.3953
54.5747
61.656
65.0089
65.4791
63.3235
58.9055
52.4863
44.8274
37.3978
36.3007
40.8474
44.9748
47.6078
48.778
48.7636
46.9446
43.3087
38.6527
34.2589
30.3362
25.126
18.0679
10.2114
6.87793
0.195404
-9.13876
-12.5686
-14.6926
-18.2749
-20.8033
-17.5764
-11.0434
-5.7099
-2.40364
-1.70462
-3.17701
-6.14167
-6.57393
-5.56491
-6.02083
-3.8046
-1.11601
-0.233711
-1.93554
-5.4318
-10.1676
-14.0357
-15.7657
-17.363
-17.3263
-15.8
-15.5643
-15.1987
-16.0905
-17.3047
-17.6218
-16.7571
-17.2867
-16.2086
-15.005
-15.0242
-15.2603
-15.4801
-16.6282
-19.6972
-16.1787
-15.87
-18.2584
-21.108
-22.2292
-20.188
-17.873
-17.5261
-19.611
-23.7045
-27.4615
-28.8756
-28.7666
-29.1442
-28.6975
-25.9492
-24.028
-23.7095
-25.695
-26.934
-24.3604
-21.7722
-22.3245
-26.5654
-31.8356
-27.3455
-21.7621
-18.8663
-17.2186
-16.31
-15.8519
-16.3241
-18.6267
-19.489
-2.09146
32.8383
51.7096
64.9858
73.9789
80.4992
84.9724
87.7251
89.0889
89.4365
89.0185
88.1742
87.1433
85.703
83.7128
81.7084
80.5005
79.8871
79.0571
77.4969
74.5773
69.5888
62.3387
56.2529
58.1598
63.0796
66.2759
67.0961
65.9145
63.2984
59.8319
55.9136
52.447
49.2996
44.8436
37.7776
28.124
21.1654
18.9076
17.0044
16.6337
18.1734
18.4392
14.5388
5.9557
-9.84767
-25.285
-23.1856
-20.9181
-14.4148
-10.9475
-8.88814
-9.147
-10.5247
-10.5747
-8.80614
-8.38054
-5.60806
-1.40569
0.722022
-0.605394
-4.00649
-7.35484
-10.1435
-12.3244
-13.6168
-11.9716
-8.23716
-9.0451
-11.6435
-13.6103
-13.7427
-13.1393
-12.7621
-14.6896
-15.7899
-15.4375
-13.6508
-11.8271
-11.4747
-13.1478
-14.2632
-14.9701
-12.8033
-12.6581
-12.005
-12.2376
-14.3257
-19.0692
-26.0552
-28.0588
-22.4523
-17.7971
-15.4727
-15.0992
-15.0352
-15.3276
-16.6316
-19.1799
-22.7051
-27.2939
-32.2916
-33.3545
-27.4564
-20.0238
-15.4651
-14.2325
-16.215
-20.1724
-22.3174
-21.752
-20.6352
-19.1303
-17.972
-17.8218
-19.827
-21.1521
-17.8267
4.28104
29.3685
49.5678
63.0913
71.165
75.1525
76.8298
79.2184
83.5477
87.5965
89.9482
90.3813
89.0902
86.539
83.6972
81.6665
80.2535
77.951
73.7497
67.4474
62.3402
65.2713
71.3064
75.936
78.2761
78.1461
75.6081
71.0142
64.6974
58.4164
57.1889
58.7193
59.8063
58.9037
56.8647
54.3589
50.6075
45.1934
38.4617
31.8233
24.5388
19.0206
16.2191
12.3333
5.79252
-3.8918
-17.785
-26.2896
-16.8036
-6.2995
-1.71863
-0.753264
-2.8649
-6.47589
-9.90726
-10.2809
-4.66008
-0.83506
0.382297
0.72662
1.05249
-0.258939
-4.38819
-8.84315
-8.50961
-7.97258
-8.82885
-8.35131
-5.33575
-2.2748
-2.74332
-5.64903
-8.73956
-10.867
-13.646
-14.2069
-9.4072
-4.24461
-2.80469
-4.94041
-8.02539
-8.65521
-9.42584
-19.8008
-14.1366
-11.2523
-12.6828
-18.9851
-27.3528
-28.8661
-27.6126
-26.468
-22.6961
-17.883
-15.358
-15.395
-16.4709
-17.1915
-18.7703
-22.7872
-30.0766
-33.8049
-34.964
-32.045
-29.8098
-28.2892
-28.0541
-29.0083
-31.0047
-29.7074
-29.142
-28.2434
-26.2254
-23.778
-22.9775
-24.2781
-25.3585
-22.1006
5.41733
21.2187
32.9207
43.7819
51.0754
55.8356
58.8924
59.7278
57.5631
52.0117
43.2293
35.0154
32.8035
34.3435
38.3924
39.3458
46.059
58.2311
67.3834
73.2235
76.7529
78.2421
77.6561
74.8082
70.014
65.8623
68.2194
74.2645
79.3711
82.2495
82.6778
80.8734
76.8421
70.7889
63.0245
54.5295
47.8627
42.6382
37.421
30.9145
24.9376
20.4547
18.2817
11.7794
1.97002
-15.4783
-23.6862
-27.7677
-10.8657
-0.867158
3.33674
3.04245
-0.59037
-4.76493
-4.05345
-0.741718
2.77906
7.1845
11.0436
12.8014
11.6952
8.93308
5.8289
2.06065
-3.80119
-6.46643
-3.17844
0.248267
0.25816
-2.09325
-4.8845
-6.84369
-7.91358
-10.3879
-12.8067
-11.496
-6.00326
-2.39328
-2.48354
-6.61763
-13.4128
-12.6487
-8.04661
-21.8126
-15.7998
-11.8745
-10.9146
-13.3625
-18.5548
-22.7228
-23.6206
-23.6813
-24.9208
-25.8697
-21.9964
-16.7881
-13.9291
-14.0346
-16.7451
-21.3186
-24.3078
-22.8742
-20.6974
-19.3115
-18.2143
-18.5187
-20.4536
-21.892
-18.8062
-15.9997
-15.3678
-16.7959
-18.9727
-21.4279
-24.0702
-24.6757
-20.5247
-15.5309
0.334607
21.5402
33.6302
39.9984
43.402
48.0407
55.1686
61.9676
66.9615
70.4405
73.1274
75.3133
76.94
78.0506
78.7701
79.0101
78.8625
78.6189
78.0345
76.4296
73.1099
69.6245
70.9041
75.1969
78.4035
80.7348
82.4528
82.7022
80.7814
76.8868
72.1398
67.0197
62.0413
61.8172
63.887
63.9201
61.6677
57.8317
52.7022
46.3154
38.4181
30.0844
22.6378
14.9925
5.95608
-3.58072
-14.6544
-18.2602
-7.30326
2.93274
7.42961
7.28074
3.12084
-2.23756
-2.52192
3.24373
8.72784
11.296
13.1455
16.27
18.5343
17.5845
12.8889
5.21056
-1.91618
-3.76278
-2.19508
-0.463932
-0.35907
-1.78212
-3.43378
-4.75661
-6.87063
-8.93542
-9.56297
-7.21913
-5.36281
-4.28114
-5.19497
-7.69889
-11.2355
-15.7639
-18.2137
-19.5354
-10.7364
-6.91767
-7.57537
-12.5905
-20.3026
-23.0016
-20.9481
-20.0788
-21.2276
-21.1439
-18.3106
-16.8513
-17.5121
-19.3361
-21.3371
-23.4096
-22.6146
-19.8258
-18.4742
-19.5589
-20.803
-21.0767
-20.99
-20.1487
-18.2795
-16.3489
-15.4194
-15.1484
-15.2747
-17.4242
-22.6346
-30.2
-29.3737
-21.807
1.68377
15.7581
27.2564
34.4837
38.6561
41.2592
42.7329
44.0792
47.8825
53.7923
58.7817
61.8614
63.3756
64.6361
65.902
66.5017
65.6393
63.8306
65.9969
72.4319
78.4207
82.017
83.2932
82.3731
79.624
75.3119
69.5365
63.158
60.4678
63.7704
68.8406
73.391
76.7511
77.9104
76.5495
72.704
66.842
60.6975
56.0184
53.7877
52.7896
50.6947
46.0564
37.6554
27.143
13.2989
-3.5436
-14.676
-5.19162
4.28888
8.96436
9.36872
6.02369
-0.459736
-6.76586
-3.41326
5.45774
12.4889
17.306
20.2066
19.9785
15.8752
6.88633
-7.1307
-14.5151
-13.0075
-11.6387
-9.45185
-8.68816
-7.1746
-6.15086
-6.60621
-8.48935
-12.5993
-14.3807
-8.45292
-4.66928
-5.38247
-10.5265
-17.0333
-17.9115
-15.9659
-16.5289
-22.3034
-15.0218
-11.0128
-11.4856
-16.6734
-25.1114
-29.1123
-29.9911
-31.261
-29.3544
-25.6996
-22.3284
-19.4068
-18.218
-19.6532
-24.063
-30.6405
-32.8428
-26.9286
-22.0274
-18.8048
-17.8923
-18.2977
-19.3765
-21.0958
-24.5051
-29.4255
-33.7712
-30.9408
-26.8762
-25.2371
-25.9008
-27.5765
-28.6629
-27.8748
-14.716
11.6511
27.5673
37.963
44.7045
48.256
49.4512
49.4146
49.4508
52.5673
58.568
64.2871
68.0488
69.7172
70.156
71.1841
73.9676
77.1587
79.1077
79.4532
77.7245
73.5414
66.1566
56.1906
51.6046
53.6396
53.2981
50.6837
50.6484
53.839
56.2388
58.2328
59.2265
59.5429
60.7054
62.8121
64.233
64.0675
62.6697
60.4316
57.0727
52.4307
46.6559
40.2418
33.4748
22.9906
7.08867
-3.13193
0.691041
3.47672
5.48049
5.78452
4.40974
2.20438
0.340622
4.54887
14.2275
21.1185
23.4488
21.7477
16.9609
11.5045
7.11029
1.70904
-4.80159
-12.1772
-17.6908
-16.8615
-19.8433
-18.6596
-15.8864
-14.2353
-15.8683
-21.2157
-22.7642
-17.3148
-13.1539
-12.2249
-13.2535
-13.4487
-12.6517
-11.9914
-12.5892
-23.514
-23.7076
-24.6155
-25.2049
-25.5129
-25.4299
-23.5809
-21.5135
-21.8934
-24.2697
-24.3934
-20.8663
-17.5175
-16.5276
-18.53
-23.2529
-27.7819
-29.0828
-29.0942
-30.5497
-29.0354
-24.8206
-21.9023
-20.2086
-19.7968
-21.0596
-22.4596
-22.2072
-20.7969
-20.0274
-19.6058
-19.823
-21.4679
-22.8695
-20.1418
-11.6639
1.90347
17.5296
27.6855
34.363
39.6827
42.5132
43.2335
46.173
52.1321
57.4484
60.9233
62.9308
64.2785
65.8588
67.3941
67.7242
65.9099
61.7833
56.4892
55.191
56.8429
56.3173
53.0259
48.8863
45.5415
43.3934
45.4053
51.8799
58.5176
64.0897
68.9456
72.3752
73.5749
72.3816
69.1824
65.3547
62.5711
60.659
59.2997
59.226
59.1974
56.9869
51.5219
42.6575
29.5879
15.906
12.2479
8.74555
12.4619
19.0527
21.7165
20.4213
16.7798
14.3569
13.8585
14.8444
17.2082
18.3746
17.1295
14.5777
12.2395
8.42293
1.87454
-6.59897
-16.3346
-20.0111
-19.6645
-20.6229
-19.3496
-18.36
-16.2166
-14.2871
-15.3301
-18.841
-21.8435
-23.6091
-20.7133
-17.1837
-15.2863
-14.9219
-13.7489
-10.4262
-15.6589
-10.0155
-6.84537
-6.66782
-9.56194
-14.5764
-17.1261
-15.7811
-14.1146
-13.7684
-15.2933
-18.6971
-22.6496
-24.4275
-23.7361
-24.1725
-26.3291
-28.2842
-28.857
-29.1939
-29.7056
-29.825
-28.2723
-26.1667
-25.2137
-25.3397
-22.5879
-17.4068
-12.9005
-11.1473
-12.2599
-14.7879
-15.4543
-14.8531
-16.1748
-11.2444
6.14353
20.1128
29.8198
37.3315
45.3143
52.3656
56.7453
59.1839
60.8336
62.7101
65.4977
69.3809
73.3988
75.9458
76.1159
73.7436
70.1052
68.181
67.8976
66.3584
62.4403
56.3534
48.9938
42.8709
43.26
47.7073
50.6511
51.7766
52.5337
53.9228
55.9706
58.0561
59.4032
59.4999
59.3008
59.3438
59.3058
58.7252
58.1425
58.0756
57.5662
55.0879
49.7095
41.7156
31.5733
20.7225
9.61368
3.11675
5.63179
12.4381
16.9573
19.7104
21.9026
22.8037
22.0214
23.5719
27.9957
29.9729
28.2558
23.293
17.4368
12.5254
6.0562
-1.28975
-4.35094
-6.32167
-8.16593
-10.4868
-11.4193
-10.7248
-10.0994
-9.94527
-10.8083
-12.8739
-13.9707
-15.4522
-14.548
-10.6935
-8.33594
-9.17342
-12.6695
-13.8239
-19.3634
-10.1177
-4.10757
-2.72081
-5.58143
-11.6171
-15.7359
-14.7702
-13.3771
-14.3021
-17.5682
-20.8169
-21.7342
-21.6488
-20.9785
-19.2544
-18.2383
-19.0042
-20.2505
-20.4373
-21.2482
-24.6268
-28.7885
-29.7254
-27.5813
-26.3338
-24.7508
-22.9575
-22.2894
-21.3632
-20.1719
-19.0251
-17.7095
-14.6072
-12.6713
-4.04831
8.17843
19.3032
26.7299
31.3597
34.6419
40.1907
49.5875
58.1386
64.6987
69.5618
72.6449
74.8324
77.1995
79.2697
79.6036
77.4917
72.9587
66.6632
59.3895
52.2428
48.8597
48.8046
47.8635
44.9579
39.9661
33.3996
28.0038
28.4858
31.5854
34.8054
37.6698
41.9082
48.2327
54.9181
59.0952
60.1169
58.2784
54.3836
50.0506
48.5933
52.236
54.7191
53.2269
46.7779
34.2721
13.7096
-6.21182
-7.55854
2.40743
14.6208
24.4392
30.9682
34.0739
34.4064
33.39
32.55
32.2555
31.9382
30.255
25.6352
17.077
5.47865
-2.92342
-4.40624
-6.84487
-13.0167
-17.8272
-14.6394
-9.65906
-6.68593
-5.02621
-4.97378
-7.17681
-10.4356
-11.8679
-12.1725
-12.0764
-12.8688
-14.2853
-16.6106
-17.0292
-12.2197
-18.7767
-12.9345
-9.37427
-9.23288
-12.4178
-18.2831
-23.9962
-25.159
-24.6806
-24.7128
-23.9365
-21.3024
-18.9386
-18.1164
-18.655
-19.8167
-20.3392
-20.7961
-21.4774
-22.1118
-21.1659
-20.9703
-21.9603
-21.3788
-20.0387
-20.7017
-22.6014
-22.7469
-19.5476
-14.8116
-11.4572
-11.0804
-13.4611
-15.9018
-14.8957
-3.38573
15.2233
27.4694
35.3088
41.1031
46.8975
52.6459
57.7672
62.1075
64.4298
63.9262
60.3104
54.0421
47.0791
41.2439
38.3241
39.2403
41.5322
44.3841
47.2845
48.4386
47.1365
43.4035
36.9422
28.341
21.712
20.7595
21.0145
20.4416
19.9585
20.8942
23.4577
25.8992
27.7409
33.0144
39.8633
46.6477
53.2755
57.7992
59.2773
57.6327
54.0293
50.9951
48.1337
42.4811
31.1751
12.9053
-9.80438
-10.1612
7.67814
22.5776
32.6633
37.7512
39.5875
39.625
38.4504
35.6722
31.0142
25.5626
20.9311
16.2964
9.10231
-3.23034
-9.92989
-10.2313
-12.3565
-17.4331
-19.8689
-20.6371
-16.8565
-12.9235
-9.62643
-8.05203
-7.31485
-8.49518
-11.3988
-11.9702
-9.33919
-7.60768
-7.56654
-7.99088
-9.19287
-11.9743
-17.8987
-15.8721
-13.1853
-12.5521
-15.0551
-20.819
-27.1921
-31.2359
-31.4803
-28.9026
-27.2395
-27.3265
-27.2528
-24.7156
-21.5886
-19.19
-17.855
-17.9479
-19.3977
-19.7338
-17.9304
-16.08
-14.2526
-11.7536
-10.6959
-12.8357
-18.0774
-23.3582
-23.004
-20.6698
-21.06
-22.9015
-22.9018
-21.304
-20.3435
-5.63791
9.36028
24.1344
33.8125
41.5183
50.0347
58.4472
64.789
69.1655
71.5014
71.4961
68.8724
63.6909
56.9696
50.5676
47.4635
47.615
47.2436
45.1049
40.6963
34.2634
26.5058
19.8158
17.7456
18.0626
17.2367
15.9744
15.0072
17.1116
20.0313
22.6217
24.9061
26.6111
26.9339
27.4945
30.9755
37.2347
42.0714
45.0894
47.5422
49.8145
50.2581
47.7457
41.6834
31.7254
18.2214
4.19629
-5.23219
3.16615
14.5274
22.7222
28.6443
32.2933
33.2577
31.9303
29.9133
28.3134
25.5573
21.3504
17.2212
13.3052
6.88122
-1.46319
-4.3265
-5.86126
-9.71312
-16.1828
-21.169
-25.6213
-26.4964
-22.5204
-17.2876
-13.3982
-10.9151
-8.98434
-7.75622
-8.40538
-11.0646
-14.893
-17.1916
-16.1977
-15.1735
-14.9191
-16.4148
-12.9515
-11.9538
-14.3897
-19.8035
-24.2839
-25.0876
-26.694
-28.1615
-25.2662
-22.4004
-22.5078
-24.5573
-24.0467
-20.4523
-16.9782
-15.4045
-16.0877
-18.2274
-19.0487
-17.1912
-14.4766
-12.5616
-12.1995
-13.9082
-17.9798
-21.2298
-21.6314
-19.6738
-18.2054
-17.5468
-17.7704
-17.2956
-14.8347
-13.9391
-13.0782
11.9854
31.252
44.1274
55.2748
65.1972
72.0735
75.1724
74.3368
69.3227
59.4994
44.7194
30.8964
28.0506
27.7627
26.1857
24.3007
25.2006
27.6708
28.8387
27.0343
23.0048
17.2276
12.9054
11.9862
12.9296
13.6693
12.8116
9.84892
6.80102
8.09062
12.1683
17.5823
20.7272
22.7521
24.614
27.2599
29.8409
33.511
37.5471
41.0759
43.4907
43.6207
40.4664
32.8665
19.8638
1.53045
-2.00746
9.37065
19.5475
24.4839
25.0218
22.588
20.225
19.7723
19.1675
17.7508
16.9626
17.7596
18.8584
17.8661
13.9533
7.09212
-0.49624
-6.45423
-9.96692
-10.8046
-9.87876
-12.0986
-14.6172
-12.0103
-7.26937
-5.18679
-5.4683
-6.72997
-6.7254
-7.20157
-7.56685
-7.53388
-7.15596
-7.11704
-7.62917
-9.14983
-18.5413
-18.4935
-19.7594
-21.1922
-21.7184
-20.8153
-18.8617
-17.7443
-17.9723
-18.5727
-18.7286
-19.4709
-20.5943
-20.0538
-18.1036
-17.9075
-20.6022
-25.6896
-27.0981
-24.2901
-21.168
-19.0155
-18.6416
-20.9927
-25.9037
-30.4534
-29.1861
-22.2253
-16.6573
-14.9437
-16.7263
-19.8288
-20.3953
-19.586
-19.4384
-7.8802
17.1886
34.4927
47.0542
54.2812
57.8321
58.1507
56.3117
54.3052
52.906
50.5874
46.4842
42.1335
39.4204
38.1613
36.3797
33.5029
29.8437
26.5443
22.9721
19.9192
18.9199
18.0369
16.0207
11.9583
5.84194
-0.13261
-2.97394
-2.54848
-0.486279
3.59416
7.33849
9.88757
9.71665
8.8169
8.09997
8.38688
10.7056
14.5317
18.475
23.9295
28.8468
30.6329
28.3953
21.1644
7.53137
-4.49092
-2.07643
10.9264
21.2387
25.8192
25.608
20.9036
12.8279
7.20224
7.90045
12.9832
16.6571
17.0459
14.6333
10.8421
6.5102
0.83899
-5.90495
-11.4917
-12.4075
-10.5014
-9.12896
-8.24479
-6.00129
-1.122
2.402
3.19201
1.15285
-2.14751
-2.8618
-1.84035
-2.19337
-4.57979
-6.95939
-7.41792
-8.15949
-11.0652
-17.5189
-14.9822
-14.6862
-13.7947
-11.8435
-11.4322
-13.9573
-18.9029
-22.961
-23.4377
-23.6285
-25.2146
-25.3732
-22.4342
-20.7742
-21.999
-25.9316
-29.69
-28.86
-26.3308
-24.4273
-22.5593
-21.0433
-21.0761
-23.2327
-27.9878
-31.3087
-28.0949
-24.0031
-23.1312
-24.5093
-24.4976
-23.1591
-22.8725
-23.1859
0.703083
24.4514
41.1403
51.4784
56.339
56.7216
53.2588
47.1048
41.2791
35.7758
31.306
26.7699
23.4408
20.6408
16.4782
14.2783
15.8914
18.0655
20.9604
21.9478
20.5159
16.319
9.81156
2.63921
-1.14644
-1.24972
-2.53754
-4.54212
-4.2453
-0.436046
2.54323
4.77927
5.81198
6.61168
8.04752
7.24436
5.70107
6.08865
7.9726
9.3277
10.6984
12.3781
13.903
12.5244
7.00976
-2.96958
-7.48501
-7.0114
0.245863
7.81131
12.1299
12.9057
11.4918
10.1934
10.6075
11.659
14.2143
17.9996
20.2297
19.2677
14.7149
6.93357
-2.17031
-6.69543
-6.76234
-6.07099
-8.19888
-10.3663
-9.43572
-6.42932
-5.10626
-3.70216
-1.37294
-0.020481
-0.871588
-2.45044
-3.09569
-4.00088
-6.95782
-11.2184
-13.6503
-13.4595
-14.1615
-27.7069
-21.9851
-18.2781
-16.3932
-15.9123
-16.7001
-19.263
-22.3147
-23.3412
-23.3816
-23.5
-22.402
-20.3538
-19.1385
-19.3547
-21.0885
-23.5779
-24.0386
-20.6501
-18.1047
-18.1009
-19.2473
-20.1545
-19.4757
-19.4731
-20.4578
-22.4746
-25.2889
-28.8536
-32.7391
-33.3119
-30.9681
-28.6911
-27.7419
-25.5776
-9.79809
8.43979
26.5763
37.0372
41.6379
41.919
38.8059
35.113
35.0064
36.4686
36.8696
35.2571
32.1168
28.7238
25.9067
23.5098
21.8552
19.9112
16.8418
13.1479
10.0938
7.89383
3.04056
-2.55972
-6.80021
-5.5186
-2.30624
-0.781112
-1.71085
-3.70557
-5.15082
-5.49237
-4.24595
-1.97379
2.14326
4.04497
5.18909
5.27614
5.52382
8.70935
13.2571
17.6853
19.1895
17.0335
10.4672
-1.70136
-10.9854
-6.32693
6.37034
16.4853
21.3696
21.8749
19.1548
16.5413
16.4815
16.139
14.9789
14.6632
14.339
12.4308
8.96344
5.66287
2.52136
-1.59769
-7.43155
-11.6387
-15.2827
-17.4157
-17.9647
-15.5466
-14.018
-14.0546
-13.1906
-12.5557
-12.9444
-13.0491
-12.4057
-12.0786
-12.2665
-13.0852
-14.8051
-17.1782
-19.3474
-24.6374
-23.5291
-25.3106
-26.5757
-25.8247
-24.6981
-24.5913
-25.1996
-26.038
-25.7788
-24.7623
-23.7306
-21.9034
-19.2302
-17.633
-18.2313
-20.8292
-23.1359
-24.0938
-24.9631
-25.6585
-22.6458
-18.8885
-17.7052
-18.3861
-17.6823
-16.2651
-17.4974
-22.5464
-29.2732
-31.1459
-29.744
-28.4393
-25.5833
-21.5621
-10.8401
3.78651
17.3054
26.3917
32.1251
35.8685
37.832
37.4756
34.22
28.4637
22.592
19.1955
17.436
17.5636
17.3032
17.0652
17.4526
18.0053
18.4792
17.3026
14.2168
10.7409
7.00547
5.9455
4.63318
1.18704
-4.38152
-8.43568
-9.71126
-9.55643
-9.77986
-8.06251
-4.48341
-3.63539
-0.750775
0.672842
1.62069
3.98624
8.2181
12.5989
14.6894
14.2123
11.989
8.31744
1.9096
-8.58146
-14.4914
-5.99222
8.16049
17.486
21.9833
22.7922
21.07
19.3681
20.2814
21.3414
20.418
17.5585
15.3975
14.3443
11.9643
7.58212
2.30439
-2.76402
-8.90928
-14.0774
-15.4112
-15.6948
-16.239
-14.073
-10.723
-6.80632
-5.1327
-6.57113
-9.99184
-12.5808
-12.9528
-11.6318
-9.66179
-8.91721
-10.6233
-14.5895
-18.772
-15.2068
-15.0576
-16.2652
-19.2354
-22.521
-25.2715
-25.7092
-20.923
-16.4157
-15.5135
-18.1604
-21.9032
-22.7713
-23.0403
-23.8951
-22.9887
-21.053
-19.9929
-19.626
-19.7083
-20.488
-19.2854
-16.1579
-14.428
-15.0785
-16.6567
-16.967
-17.8632
-20.391
-23.1784
-22.0851
-18.5757
-17.3414
-19.1685
-21.1708
-9.13768
5.2287
16.2885
23.3101
27.4216
28.77
27.62
24.6891
21.7104
21.6273
22.5673
22.0975
20.0994
18.3408
17.7338
17.2143
16.9368
14.6009
11.9673
9.87346
9.19893
9.71305
7.24562
3.36642
-0.214471
-3.70867
-8.27074
-11.6497
-10.2127
-5.84414
-2.04431
0.936016
2.71192
2.81568
2.46753
0.355329
-1.0462
-0.556771
3.17553
8.15473
11.2754
12.252
11.4383
8.65065
2.91608
-5.77436
-9.55562
-1.41202
11.6787
22.2605
28.6174
31.206
30.4289
27.1172
23.4269
21.0469
18.8559
16.055
13.9702
12.908
11.588
10.1188
8.58825
5.56436
0.397291
-3.85888
-5.36194
-6.91536
-10.1126
-11.3868
-10.9396
-12.0543
-12.6106
-10.5405
-7.63755
-5.21524
-5.17939
-7.30567
-9.03599
-7.62965
-6.45955
-7.91202
-10.9391
-20.8367
-16.5847
-12.6425
-11.2266
-12.6718
-16.4228
-20.0716
-20.383
-19.8337
-20.2806
-20.5045
-19.1273
-16.9927
-16.0865
-17.1512
-19.9444
-23.9343
-26.7944
-24.0909
-20.0928
-18.9896
-21.286
-24.9756
-25.1018
-23.9382
-23.9257
-23.9657
-23.8202
-24.9173
-25.6311
-22.4822
-18.9285
-17.8512
-19.5653
-21.989
-14.162
2.11586
13.2001
19.4153
21.6738
21.6436
21.0022
22.1552
23.7258
24.7773
24.2059
22.3029
19.1696
15.9697
11.0186
7.88809
8.06527
7.71893
7.75761
6.5571
3.3007
-0.27172
-6.51821
-16.1227
-18.1855
-13.7735
-9.35862
-6.55208
-5.18
-5.02702
-4.81569
-3.46179
-3.7739
-3.31557
-0.943076
0.287174
-0.757722
-3.22042
-1.63277
4.65124
8.84601
10.733
10.5447
7.95343
2.12921
-6.20422
-4.98773
4.66507
15.7775
23.9402
28.0326
28.5502
27.6918
27.8926
27.8188
25.5516
22.571
21.8097
21.2795
18.7881
14.0036
8.40709
3.83946
0.766503
-3.91204
-8.91087
-10.6069
-10.2111
-11.3128
-10.488
-8.9832
-7.91198
-9.18853
-11.8819
-13.6043
-12.758
-10.6003
-9.3379
-9.52756
-10.808
-12.951
-15.4207
-16.8137
-22.5628
-22.8243
-21.5656
-18.6818
-14.9537
-13.0181
-14.1422
-18.2369
-22.2711
-21.2471
-19.3719
-19.1937
-19.329
-18.4237
-17.9551
-18.9229
-20.2979
-21.3552
-22.2137
-22.4693
-21.5312
-20.7633
-21.3439
-22.4288
-23.3071
-24.8767
-26.5814
-25.3314
-21.5571
-19.2382
-20.1188
-22.125
-21.9897
-20.9773
-21.048
-15.0197
-2.59964
8.50324
14.6478
18.0124
20.4122
22.3885
22.6667
21.1391
18.6132
17.335
15.8956
13.0365
9.75203
6.71336
3.41356
4.66013
2.68703
2.72111
2.57548
1.93617
0.405837
-3.74814
-7.61555
-9.18775
-10.1615
-9.92921
-9.76283
-11.9918
-14.1682
-12.9004
-10.1251
-9.07028
-8.85519
-7.95812
-7.69069
-9.05511
-7.53503
-0.635916
5.72555
9.54381
11.3745
11.5519
9.18528
2.737
-8.28722
-13.5481
-6.42916
7.96555
19.21
26.8067
31.8691
34.0533
33.3774
30.075
24.8407
19.7804
17.1058
16.2354
14.0224
9.28003
2.56349
-2.13818
-1.29325
-0.250082
-2.07468
-7.33289
-12.3988
-12.8716
-12.3045
-12.5267
-13.0786
-14.3393
-16.1239
-17.93
-18.2208
-17.6579
-15.6506
-12.4469
-10.4313
-11.1306
-14.9067
-19.503
-13.1675
-14.3771
-15.9016
-16.4401
-16.3853
-16.8593
-18.2986
-20.2091
-20.4141
-18.7385
-17.6229
-18.4473
-21.1364
-24.4731
-25.7786
-23.9639
-21.8358
-22.2873
-25.2811
-27.4504
-24.1575
-20.3018
-19.2131
-20.6364
-23.481
-25.4473
-24.2554
-21.7754
-19.5034
-18.7938
-20.6078
-24.1544
-26.1873
-23.9103
-20.5234
-14.5641
-2.70296
7.31793
13.6983
17.2148
18.8318
18.3999
16.1164
14.255
13.2379
13.8029
12.8906
10.4579
8.26528
5.95867
4.85565
6.11481
3.47111
0.410836
-1.56248
-3.26751
-2.71529
-6.37139
-9.5001
-11.3586
-12.4283
-13.4883
-14.4055
-13.5913
-12.3662
-9.1456
-5.41719
-3.77582
-4.84953
-6.10296
-7.75142
-10.8666
-11.4208
-8.92939
-3.04578
2.28881
7.50932
10.6582
10.1135
4.80222
-6.64277
-24.0332
-8.69341
9.99438
21.2594
27.5572
30.8295
31.5122
29.4545
24.4485
17.7357
14.685
13.7315
11.1339
4.90939
-4.99334
-12.3128
-11.9692
-9.91078
-9.05728
-10.0804
-13.6494
-18.3784
-21.9154
-21.3642
-18.7343
-16.1815
-15.1462
-16.2285
-17.5526
-16.3621
-14.5516
-13.6927
-13.0681
-11.9236
-11.9237
-13.5747
-14.8352
-21.0686
-19.4231
-18.3523
-18.6194
-18.98
-18.0004
-17.7551
-18.3644
-17.4192
-14.705
-13.2315
-14.1803
-17.2141
-20.7536
-22.6397
-22.7047
-22.3951
-22.6891
-23.7738
-23.3
-20.8683
-18.9579
-19.2534
-21.7787
-25.6395
-28.3594
-26.855
-23.8283
-20.0373
-17.8516
-18.8762
-23.2167
-27.3177
-25.8319
-22.8377
-10.9206
2.87727
13.063
18.3111
20.5234
20.7859
19.9408
18.3018
17.0165
15.7372
15.4567
14.7944
13.4257
11.6252
7.60578
3.03049
1.79189
-1.59206
-1.99537
-2.15707
-3.27055
-3.27188
-8.24804
-10.9661
-11.2208
-11.5139
-10.2531
-8.12767
-7.52907
-9.36056
-10.4706
-8.59056
-5.82945
-4.32332
-2.24151
-1.73919
-3.83027
-6.67996
-3.77216
2.26139
7.10657
10.9567
12.6744
11.1752
5.2642
-6.59931
-26.1945
-7.40765
11.8818
23.9248
29.4782
29.9563
25.6301
16.5149
8.28013
7.95974
9.18357
8.51988
5.91188
2.61177
2.1173
3.29229
2.2212
-2.09002
-8.66615
-14.8707
-20.1246
-21.7689
-22.7935
-21.2063
-21.5374
-22.7648
-22.3982
-19.8544
-18.4242
-18.3554
-18.6698
-17.5681
-17.061
-18.3675
-20.2319
-19.8794
-18.2378
-21.6262
-19.0314
-13.8815
-9.66714
-8.19462
-9.58236
-12.4001
-12.4087
-9.92584
-9.28
-11.8648
-16.7657
-19.7976
-19.6812
-19.2211
-19.6895
-20.8505
-22.9371
-24.9112
-24.9731
-23.7815
-22.326
-20.5142
-18.9663
-18.672
-18.8069
-18.8645
-20.0039
-21.6909
-22.2731
-22.5573
-22.2039
-19.9227
-18.1247
-17.9806
-8.8061
6.57426
15.6018
19.8164
20.6589
20.0266
19.5951
19.1625
18.2297
16.7686
15.8499
14.9165
13.5462
10.9781
7.08942
2.95357
3.08515
0.772419
-0.275513
-1.33699
-2.97019
-3.00359
-6.26256
-9.34842
-11.6328
-14.987
-15.955
-13.1074
-9.72438
-8.4485
-7.54885
-5.61817
-3.90645
-3.94905
-5.16957
-7.02017
-9.41235
-9.61852
-3.30746
3.66417
7.38887
7.7328
5.80384
2.1658
-3.90567
-12.7767
-20.5618
-7.23794
11.6787
22.7371
27.6101
27.6544
23.3753
15.9063
10.1561
8.47132
10.2964
14.6576
19.3549
21.9151
21.2394
16.9105
8.72669
-1.68441
-9.47425
-12.1638
-13.3755
-14.273
-14.4562
-12.9267
-11.8324
-11.4642
-12.2154
-12.2262
-10.7933
-8.9836
-8.37938
-9.51842
-12.8293
-18.2348
-24.1175
-25.232
-21.939
-22.5043
-19.0702
-13.556
-10.3633
-10.195
-12.6699
-15.467
-14.6305
-10.3832
-7.37611
-7.45524
-10.7867
-15.789
-18.2745
-18.8713
-19.8347
-20.895
-21.2589
-21.5494
-22.9291
-25.2143
-28.7046
-31.7139
-30.9548
-27.2576
-24.1872
-23.5067
-25.0156
-25.3764
-22.0909
-20.141
-20.7373
-22.2047
-23.0255
-23.6375
-8.72487
5.58215
15.1815
19.6649
20.7605
19.8939
18.5583
17.3988
16.6546
16.1577
15.0192
13.5879
12.8945
11.4945
8.83003
6.89199
7.58264
6.41124
3.803
0.150902
-3.36941
-3.88759
-5.73542
-8.33306
-10.0911
-11.9977
-11.7205
-11.4012
-9.77174
-7.97495
-6.11226
-4.73759
-4.40555
-5.25522
-4.89307
-4.03018
-5.78035
-7.29528
-4.91321
0.927169
5.47258
7.54365
6.87497
3.30174
-3.43191
-11.5823
-16.8854
-7.56971
9.61766
20.6135
25.6043
25.7262
21.2783
13.0759
8.56614
9.93364
11.492
13.6678
16.1288
16.9991
14.9575
9.60041
0.97988
-9.45648
-15.9174
-16.0095
-16.0057
-15.7821
-14.1582
-11.8413
-10.8053
-10.8998
-10.9612
-10.8356
-11.7861
-14.4511
-18.8061
-21.2172
-20.3557
-18.5601
-17.7309
-17.3975
-17.1269
-14.618
-11.2185
-9.4307
-9.44624
-10.9869
-14.0335
-17.4144
-16.2724
-12.1955
-8.41056
-6.42597
-7.10081
-10.5113
-14.8343
-17.2412
-19.1899
-21.8572
-23.5306
-22.6597
-20.5691
-19.5468
-19.9351
-21.0841
-22.0295
-22.7868
-23.336
-23.5808
-23.6145
-21.9372
-19.9577
-18.6075
-17.3811
-16.6009
-17.694
-20.0708
-9.82572
5.25601
14.6064
19.9194
23.0466
24.4789
24.0151
21.5197
18.3196
16.1239
14.4622
12.4723
10.7959
9.73208
8.24624
6.74633
7.02417
6.22304
6.46251
5.82659
4.38697
4.03518
1.57967
-2.11627
-6.37366
-7.33392
-4.6833
-3.99154
-5.55469
-7.85649
-6.34786
-2.44813
0.557679
0.868405
-0.142772
-1.05815
-2.91058
-3.41143
0.494131
6.75621
10.8724
11.9742
9.85343
4.4248
-5.03832
-17.3584
-24.3901
-12.8424
0.356043
10.7226
15.6823
16.0917
12.0907
4.3309
-0.484291
1.67033
4.39077
6.84435
9.1547
9.93355
8.25697
4.10279
-1.1191
-4.09203
-5.28396
-7.41581
-9.98997
-10.5204
-10.7559
-10.354
-9.94595
-10.9948
-13.4679
-14.8948
-14.5569
-13.6087
-12.5673
-11.462
-10.2279
-9.08425
-8.90454
-10.0146
-12.0031
-14.4379
-15.3871
-16.4028
-17.4408
-18.2236
-18.9662
-18.3637
-16.6594
-13.4298
-9.7861
-7.9293
-9.02276
-12.9719
-18.1726
-22.3572
-25.4381
-27.0556
-26.0379
-24.9276
-24.8905
-24.7927
-24.5819
-25.3245
-26.0412
-26.6078
-27.7873
-28.6006
-27.5944
-24.6648
-22.147
-20.1858
-18.9014
-19.1364
-20.7636
-20.7324
-10.7667
3.25236
12.821
18.5502
22.2386
24.6141
25.7127
25.5341
24.3393
22.0052
19.1349
16.5251
15.1196
13.9271
12.0713
9.69418
8.80927
7.93873
7.5801
7.35453
6.23997
5.38904
2.0154
-0.907519
-4.65445
-8.91492
-10.7322
-9.8579
-6.55999
-3.31678
-1.44925
-0.829502
-0.849717
-1.02775
-0.847547
-1.0065
-2.32543
-2.94423
2.10926
8.48135
11.9421
11.7289
7.95122
0.630543
-10.3503
-20.7114
-25.9213
-2.53688
15.1455
27.3625
33.0627
33.6404
29.2522
19.0773
4.33968
-0.363176
4.51099
9.73469
14.2345
16.6987
16.2449
12.6545
6.37374
0.274931
-4.62712
-6.76579
-5.88086
-5.54759
-8.45544
-13.1823
-15.5718
-13.6779
-12.9198
-13.0762
-13.606
-14.2992
-14.5265
-11.6992
-7.59577
-5.43226
-5.79786
-7.21052
-7.13007
-12.3644
-12.2117
-13.1891
-13.9272
-14.9842
-17.0969
-18.7328
-18.4272
-17.5197
-16.706
-16.6663
-17.2103
-18.1269
-19.5209
-20.2147
-18.8142
-17.0707
-16.8926
-18.0893
-20.5768
-23.7414
-24.9627
-24.5538
-25.3973
-28.3869
-31.3735
-30.6925
-30.0519
-29.9411
-29.2793
-27.305
-23.6768
-20.4134
-18.9555
-17.8602
-9.96867
0.932755
11.9667
20.0506
25.9814
29.5833
31.2074
31.0725
29.9261
27.6585
25.1097
22.535
20.233
18.5848
16.5167
13.5737
11.9594
9.59105
8.88276
8.65897
7.67867
6.12278
3.97394
2.1732
-0.161452
-3.67985
-5.10989
-4.2669
-2.9728
-2.02459
-1.13594
-0.489344
0.56661
2.43558
4.26042
4.99441
3.90694
4.74319
14.426
23.1072
26.7677
25.5996
19.2851
6.72753
-9.52175
-18.7326
-21.0758
-5.80575
15.6656
29.4976
36.3775
37.9105
34.4847
25.3764
10.2391
0.552802
4.12865
8.59241
11.7641
13.1053
12.7456
10.6425
6.40696
-0.227931
-5.74674
-4.68597
-3.19852
-4.2727
-7.68152
-10.7775
-10.6367
-6.68899
-3.60944
-3.15719
-5.17069
-6.7246
-4.07009
1.00893
4.60655
5.31683
3.43281
1.25596
0.96566
-14.6873
-12.2307
-9.91011
-9.57274
-12.2741
-18.1558
-22.5158
-19.6488
-16.4197
-15.2825
-15.4587
-16.3443
-17.3691
-17.9498
-18.5368
-20.2841
-23.7321
-27.9382
-31.597
-32.5067
-30.9859
-28.5971
-27.6425
-28.8882
-31.0908
-29.8796
-25.3528
-22.3625
-22.041
-23.8201
-25.7347
-24.3299
-21.3219
-18.2704
-14.739
-10.3621
1.82417
15.291
26.4557
34.3695
38.9775
40.6289
39.6034
36.4404
32.3196
28.7352
26.1741
23.9391
22.2654
20.6689
18.9301
17.784
17.1412
16.7826
15.9726
14.2299
12.4925
10.5557
7.60091
3.9501
0.0299059
-2.24514
-2.78792
-2.45807
-1.33699
-0.0742492
0.867537
1.51999
1.91746
2.40602
3.72538
4.92589
10.8108
22.2455
31.0005
34.6646
33.5071
27.2005
14.2675
-3.02383
-22.2002
-24.3711
-10.9578
11.4572
25.7889
33.1631
35.1712
32.2667
23.8346
8.80917
-6.36486
-4.64149
1.93146
6.39567
8.8023
10.004
9.68819
7.20176
3.2757
2.0111
5.006
7.91636
8.28778
5.61036
0.868149
-1.16913
0.173244
1.32161
0.501681
-2.58048
-6.13288
-7.28319
-5.9262
-4.82779
-4.25178
-3.26307
-2.59471
-3.61529
-22.0691
-18.7958
-13.4098
-9.83483
-9.93239
-13.7874
-18.6101
-16.8397
-12.9558
-10.4829
-9.71522
-10.8759
-13.4978
-15.293
-15.3489
-16.6349
-19.9936
-24.1723
-27.7377
-28.8762
-27.9817
-27.6011
-28.8013
-30.4006
-30.5049
-29.9618
-29.275
-27.7913
-24.588
-22.0049
-21.9638
-24.5322
-27.4165
-25.0549
-18.952
-9.25202
7.23393
23.5784
36.1959
45.0498
50.0052
51.9478
51.9516
51.1263
49.8249
47.9063
46.2622
45.2664
44.1849
42.2253
39.5336
36.8899
34.3008
31.641
29.378
27.9972
26.4633
23.2842
19.6026
16.0031
11.9248
8.08333
6.65624
7.20303
8.8414
10.4923
11.5986
12.2698
12.5696
13.1025
14.1787
16.6072
21.8155
29.0335
34.6706
36.6136
34.2807
26.9157
12.8533
-4.63582
-21.557
-24.4683
-14.3986
4.15457
17.399
24.6975
27.0701
24.942
18.0671
6.70621
-1.23703
-2.27247
-0.108456
4.66311
8.32532
9.27055
7.56819
3.95984
-0.138748
-2.75259
-3.38228
-3.69197
-4.07771
-5.52235
-6.48749
-5.54477
-2.13106
-0.202704
-1.18598
-5.16314
-10.0236
-12.6156
-13.1175
-10.9422
-6.80044
-4.52326
-5.56561
-9.60571
-18.2804
-18.0434
-15.1263
-12.415
-12.5725
-15.8802
-19.8354
-18.824
-14.6749
-10.6102
-7.7352
-7.02074
-9.02932
-13.9759
-20.4511
-22.6941
-20.8532
-20.1617
-21.4494
-23.4452
-25.0843
-26.4588
-28.356
-29.6275
-28.5465
-25.7929
-22.6986
-20.2129
-18.2013
-17.6794
-19.1221
-20.378
-18.8594
-16.7218
-15.7758
-14.851
9.72449
29.6491
44.1499
54.3573
60.5579
64.0122
65.5362
65.5634
64.2066
61.932
59.8192
58.4603
57.1863
55.014
51.9035
48.7609
47.0653
46.7246
46.2031
44.6588
42.2165
39.2552
35.7004
31.3636
27.0465
23.8893
22.0493
20.5758
20.4861
22.0496
24.1898
26.0084
27.1161
28.4858
29.9945
31.9006
34.7052
36.9969
37.8237
36.5438
32.6004
24.903
11.0496
-6.13465
-21.4779
-24.7196
-24.279
3.22643
19.4536
28.3516
31.8533
30.8234
25.4794
16.6042
8.54278
5.88535
7.72627
9.95775
10.2878
8.04904
3.86684
-0.853153
-4.28017
-5.60303
-6.90267
-9.62487
-12.1385
-12.5921
-11.8126
-12.2944
-13.1646
-13.0106
-12.7519
-14.0518
-14.3333
-13.2148
-13.0163
-14.9839
-17.1134
-17.4421
-16.6458
-15.875
-22.9436
-19.5632
-17.5076
-18.0708
-20.9517
-23.6888
-23.745
-22.2752
-19.4417
-15.0354
-11.6874
-11.0735
-13.572
-18.3384
-22.7813
-25.9413
-28.1387
-27.7542
-26.5263
-27.1493
-28.7962
-29.0981
-27.8528
-27.1142
-27.1878
-27.9176
-26.9924
-24.469
-22.3503
-22.1584
-23.737
-25.4709
-26.1305
-24.5202
-19.9132
-6.65609
10.6646
24.7694
35.6333
44.4896
51.5074
57.0822
61.2981
64.1319
65.7854
66.3706
66.0791
65.1253
63.7825
62.0255
59.6734
57.4352
56.9141
57.7132
57.9176
56.6636
54.3384
51.675
48.5002
44.1187
39.2235
35.7491
33.624
32.6175
33.2548
35.5173
38.3272
40.0974
40.2924
39.9017
40.5212
42.3329
43.9997
44.0049
41.4762
36.052
28.1717
18.3596
3.76621
-9.93902
-16.4137
-19.9776
-19.5968
2.99502
18.3595
26.6382
29.8044
28.9813
24.9647
19.4138
14.8189
12.3413
11.0089
8.61576
4.63309
-1.23257
-8.25161
-13.0844
-14.8809
-13.6546
-11.1603
-10.4209
-11.9827
-14.5057
-14.8297
-15.0838
-15.7735
-15.7806
-16.3225
-19.7453
-24.2117
-25.2682
-23.1161
-21.5032
-20.3944
-20.1958
-19.917
-19.1168
-15.847
-17.0318
-16.8075
-16.9145
-19.2284
-23.4562
-26.6114
-26.1953
-24.366
-22.7587
-21.8965
-22.2773
-23.216
-22.249
-20.1881
-19.5125
-20.7394
-22.7397
-22.8409
-21.5104
-20.5658
-20.0863
-20.1327
-20.8785
-22.7264
-24.2841
-25.3178
-26.0676
-24.3059
-20.9184
-18.9942
-19.267
-21.2748
-23.8909
-22.3438
-11.1734
8.16174
22.8533
34.1003
41.9247
48.2873
54.8956
60.1151
62.4373
62.1269
61.3722
62.9305
65.8704
68.1902
69.2657
69.0935
67.9243
65.9165
62.8868
58.9136
55.304
52.9385
50.2601
46.2124
41.8636
38.7545
36.8716
36.5857
38.343
41.5343
44.9432
47.4679
48.6131
49.0165
50.1724
51.6476
51.4932
48.827
44.0401
38.9915
34.8467
30.0926
22.658
9.70614
-6.35071
-17.9961
-22.3944
-17.4367
1.879
16.3104
23.6464
25.8058
24.0378
20.3447
18.0535
16.8971
16.1949
16.2945
15.1227
10.9869
3.23741
-7.16703
-14.2814
-17.582
-19.8915
-20.2401
-20.9426
-22.1951
-25.1751
-25.0478
-23.5005
-23.1964
-23.2205
-23.6526
-25.0363
-25.0144
-23.3433
-20.631
-19.3014
-19.7885
-21.7847
-23.7815
-25.3212
-19.4526
-19.5432
-18.4837
-18.9013
-21.7167
-25.0949
-25.2803
-22.3642
-17.8977
-13.8051
-12.2394
-14.1152
-19.1177
-22.6474
-21.4724
-20.4102
-20.7025
-20.7715
-18.9404
-16.8707
-16.1512
-17.5376
-20.8265
-24.6734
-27.821
-30.4073
-30.1153
-25.9564
-20.9416
-18.0002
-16.7957
-17.3345
-19.942
-23.9466
-22.5999
-15.8858
1.35957
19.8129
32.4751
41.473
48.633
55.5908
61.7388
65.7949
67.7784
68.7633
69.5856
69.7646
68.3593
65.1286
60.5623
55.9472
52.9095
52.0427
51.9651
50.6006
47.1144
42.2281
36.9306
30.6557
24.4002
20.9847
20.5834
23.1969
27.3352
30.4173
32.4287
34.8747
37.8472
40.2117
41.1422
40.4585
38.5651
36.6194
35.6311
34.2047
30.5588
23.0989
9.50276
-8.3572
-30.0185
-36.4858
-25.2918
-11.6205
3.38359
11.6079
14.855
15.1556
14.9182
14.6576
12.6276
7.56062
2.35397
-0.670188
-2.89322
-6.23501
-11.2806
-16.7368
-20.6412
-22.8502
-22.7922
-21.755
-19.1821
-18.1397
-18.0689
-20.0214
-23.7198
-25.465
-25.3498
-26.2015
-26.5339
-26.0473
-24.4811
-24.3741
-25.7212
-28.4526
-31.472
-33.5059
-26.9679
-21.5561
-16.5946
-14.0489
-14.0388
-16.3077
-19.6824
-20.4706
-16.0689
-11.4714
-9.85549
-11.8132
-17.0014
-22.7073
-25.6139
-26.4524
-26.373
-25.7804
-25.6519
-26.7929
-28.7633
-30.1486
-30.3137
-29.426
-27.9893
-27.1008
-27.1429
-27.7022
-27.0936
-25.4239
-23.7206
-22.0214
-20.6126
-19.6688
-17.1223
-15.9333
-2.24975
14.1174
27.301
36.9851
45.1755
52.7437
59.0553
62.9286
64.2496
64.1598
64.3996
65.2887
65.7334
65.23
64.0653
62.949
62.6539
62.5195
61.0805
57.8945
53.8503
49.8985
44.8901
37.7404
30.5874
26.0354
23.6503
24.904
27.6615
28.6574
26.9006
23.4818
24.2008
29.526
33.5739
34.95
34.0509
32.1995
31.2762
30.4729
27.5351
20.6218
8.34408
-6.54175
-23.4404
-29.1387
-17.5564
-5.29416
6.63932
12.4298
13.9777
12.6501
10.6706
10.1985
10.0596
8.90343
6.50227
3.27561
-0.574959
-4.98129
-9.51081
-14.2035
-19.0217
-21.1763
-19.639
-18.697
-18.7476
-21.0289
-22.9877
-23.5253
-20.2886
-17.2982
-17.4664
-21.4069
-26.1002
-28.408
-28.8254
-29.9229
-30.5586
-28.6057
-25.2639
-24.0797
-21.1321
-20.8044
-16.6014
-12.6611
-12.0706
-15.0521
-19.0405
-17.9838
-13.3998
-9.89866
-9.19061
-11.6689
-17.0924
-23.0087
-25.6734
-26.7528
-28.3136
-29.3857
-28.6209
-27.9865
-28.199
-28.3659
-28.5295
-29.5536
-30.6919
-31.0464
-29.6334
-26.8765
-23.9319
-23.2014
-24.8898
-26.8921
-26.2451
-23.367
-18.6447
-13.389
-2.22292
9.18341
17.3798
24.7196
33.377
41.8498
47.8596
50.9476
51.9616
52.6008
53.8354
54.9286
55.3007
55.1426
54.4719
52.882
50.0308
46.2554
42.6053
39.8043
36.7489
33.021
29.0372
24.7732
20.4326
17.0903
16.0227
16.3581
17.4636
18.1771
17.4063
15.9169
15.7266
17.6238
19.2767
19.3148
18.2785
18.7774
22.0398
23.8655
21.9873
15.3095
2.15565
-12.9984
-24.997
-27.6509
-16.8544
0.648048
14.1879
20.8519
22.317
19.138
11.9488
5.70851
5.20981
5.51685
5.14361
3.09207
-0.768166
-6.45018
-13.083
-19.4087
-24.4898
-23.4871
-19.034
-16.2937
-15.6653
-17.7871
-19.8552
-20.1839
-19.3451
-19.6684
-21.7515
-23.6955
-22.122
-20.4671
-19.2128
-18.0175
-17.2987
-17.3217
-16.8847
-16.6389
-24.9743
-21.5517
-14.7586
-10.7142
-10.891
-15.1964
-21.1194
-20.5798
-15.1924
-11.2871
-10.2602
-11.9831
-14.6367
-15.6474
-16.4063
-19.0613
-23.5688
-27.9196
-29.396
-28.4713
-27.0534
-25.4325
-24.3786
-24.9056
-26.4892
-27.7461
-28.2242
-28.312
-28.2237
-28.2845
-27.7911
-26.8175
-25.6231
-24.3694
-20.0022
-9.59811
5.299
15.3186
21.1499
24.6542
28.5303
33.2895
37.4588
40.1173
41.9188
43.4617
44.3251
44.0284
42.8362
41.3158
39.5364
37.504
35.7744
34.429
32.8544
30.5188
27.9628
25.1995
21.2554
15.6802
10.1031
7.11617
5.64107
7.1285
9.72927
11.3988
11.3779
9.87928
9.10735
11.2275
13.8141
14.6227
13.6201
11.8638
10.315
8.78856
5.59484
-1.28162
-13.7311
-23.9624
-26.1327
-25.0798
-20.6259
-0.554655
13.7219
21.3007
23.7834
22.207
17.8486
13.8181
12.7386
12.9943
12.2871
8.86536
3.11908
-1.20043
-2.04353
-2.23934
-4.68993
-9.60937
-14.7389
-15.9826
-13.4604
-12.7473
-13.5648
-14.9838
-15.3695
-15.4479
-16.2105
-17.5286
-18.0394
-17.0384
-14.6707
-13.2167
-13.7432
-15.4819
-16.3411
-16.518
-22.6769
-15.8445
-6.17377
-0.922381
-0.490226
-4.81889
-13.7024
-20.5774
-17.5719
-12.3933
-9.88833
-10.6349
-13.8438
-17.5273
-20.3737
-22.2019
-22.1475
-21.4598
-21.9429
-23.7288
-25.5864
-26.0837
-24.9697
-23.324
-22.769
-24.0771
-26.9907
-30.3936
-32.1259
-30.8556
-27.6731
-25.613
-26.3828
-29.1968
-21.8135
-2.06885
14.2147
23.7627
28.4743
30.214
31.9573
36.2366
42.1174
46.6545
48.7004
48.3433
46.3781
44.0863
42.3169
41.0805
39.619
37.1276
33.8669
30.8889
28.8529
26.9613
24.6439
22.4607
20.1475
16.6607
11.5869
7.07832
5.47608
6.35117
7.90627
8.55878
8.57805
8.24389
9.63786
13.5305
16.3242
15.758
11.1927
3.26985
-3.35679
-7.19479
-11.5058
-19.0177
-27.7051
-30.8055
-27.2007
-24.6261
-22.1115
-9.03074
4.6152
13.0909
17.6208
18.9873
17.7388
14.8657
12.4434
12.3224
13.9966
15.0851
13.8807
9.98997
4.98
1.67888
-1.36457
-5.82373
-10.3501
-12.7605
-9.73884
-6.90119
-7.01759
-10.5373
-15.7742
-18.9123
-19.2337
-18.578
-17.2872
-16.1466
-14.288
-13.3677
-14.0171
-15.1826
-14.4616
-12.6379
-25.0192
-12.5028
-1.27027
4.27309
4.77793
0.329563
-9.48214
-19.6094
-20.8229
-20.5419
-20.9897
-21.9336
-22.8267
-23.1124
-23.5071
-25.0599
-27.7123
-29.793
-30.4218
-29.6006
-28.2255
-26.8959
-25.5701
-24.3904
-23.7945
-24.1041
-25.4986
-27.8647
-29.2077
-28.84
-28.9865
-30.3935
-32.6341
-34.2967
-21.1646
-2.28804
14.1575
23.3166
27.1743
26.8967
24.1722
23.6702
28.9708
35.0826
38.8712
39.996
38.7613
36.6736
36.1551
36.7135
36.1412
33.5714
30.7765
29.5678
28.5204
25.9669
23.2043
21.7872
20.486
17.6059
14.0138
11.4564
10.6381
13.4299
17.5435
19.8155
20.1594
19.5574
18.9142
18.5885
17.7802
15.018
8.6499
-3.04701
-14.2416
-20.2713
-20.7476
-23.4695
-27.1916
-30.076
-29.137
-27.8852
-20.6888
-7.28553
4.86731
10.8003
11.9251
9.4695
5.77552
4.32025
4.42912
4.84634
5.35561
6.1059
6.51671
4.95012
0.774476
-4.36046
-7.28072
-9.99487
-13.1874
-15.3601
-16.3677
-17.8608
-17.5232
-15.6251
-13.4355
-13.0653
-14.3009
-14.8982
-12.7677
-9.94498
-7.98044
-7.8703
-9.74644
-12.8836
-15.1866
-15.9479
-24.6181
-11.3016
0.230704
5.71134
6.11303
1.53467
-8.60421
-19.1692
-18.9553
-17.8339
-19.2724
-22.5089
-25.6556
-26.9909
-26.7104
-26.0428
-26.4754
-28.5654
-31.34
-31.4783
-28.0246
-24.7654
-23.1338
-21.9283
-21.0551
-21.4877
-23.3957
-25.3009
-26.1935
-27.0448
-28.2044
-28.151
-26.2429
-25.1696
-18.1967
-13.314
-1.30206
6.25133
9.43084
9.21315
8.14816
10.476
15.3895
18.1757
19.5483
20.0937
20.2855
20.1124
19.1327
17.5578
16.5906
16.7513
17.6286
17.4545
15.6972
13.1302
12.3179
13.4805
13.9434
12.5946
10.1895
9.82541
11.5954
13.9184
16.3376
17.8258
17.8757
16.5962
14.0657
10.0266
4.7009
-0.639247
-7.35149
-16.8226
-20.3873
-20.5494
-21.4208
-24.8267
-28.7442
-33.3833
-33.8367
-31.2299
-25.7211
-11.0043
1.97996
8.89651
11.0091
9.52374
6.3836
4.61475
4.9435
5.95379
5.9811
4.60213
2.43589
-0.139987
-3.37837
-6.35341
-8.4682
-10.5349
-12.195
-13.2531
-13.6133
-13.2602
-11.5386
-9.13443
-7.22971
-6.84862
-7.63514
-8.67092
-9.26492
-9.47013
-9.39867
-10.4167
-13.0198
-16.0808
-18.1402
-19.6576
-18.4094
-11.8474
-1.84902
3.39463
3.71123
-0.864381
-10.4999
-19.4872
-20.3378
-19.6159
-20.2411
-22.7899
-26.7536
-29.0602
-27.9852
-25.9972
-25.4294
-26.5869
-28.0447
-27.5648
-25.9918
-25.3326
-25.8567
-25.8901
-24.8856
-24.0392
-23.7439
-24.0942
-24.693
-25.3194
-26.1109
-26.1716
-25.0256
-24.0199
-17.2955
-3.33884
11.9136
20.1543
22.8212
20.5743
13.3221
3.15073
3.09947
4.77919
6.82802
7.71477
7.80312
8.06146
6.88134
3.12281
-1.58607
-4.58691
-5.15417
-5.7519
-6.74627
-5.95222
-4.87818
-3.20401
-2.97848
-4.18407
-6.42726
-7.97472
-7.28504
-3.13277
0.855461
2.74648
2.49142
0.387837
-2.56841
-5.35221
-7.97026
-11.1102
-16.4053
-24.2776
-29.7011
-33.0875
-33.8415
-33.8469
-32.5163
-34.4171
-36.9993
-35.9117
-28.2763
-14.863
-2.06015
5.21458
8.12662
7.96671
6.94764
7.43043
9.10132
10.1615
9.32001
6.09902
2.13285
2.15823
4.66738
5.87975
4.82449
1.61556
-1.25946
-0.211925
1.73116
1.25392
-1.25445
-3.24127
-3.17073
-2.38648
-1.52159
-0.415412
-0.306318
-2.66788
-7.63862
-14.1473
-20.2917
-25.188
-25.5304
-22.5162
-27.5429
-17.9372
-7.19221
-1.77943
-1.33022
-5.7151
-14.8101
-22.6733
-23.0076
-21.7222
-20.8764
-21.217
-23.3244
-26.9174
-29.8214
-29.2817
-27.7133
-27.1235
-27.0067
-26.1899
-25.3078
-25.2535
-25.5749
-25.1645
-24.2421
-22.9167
-21.332
-20.9112
-22.2077
-23.9088
-24.3356
-24.2836
-24.9679
-26.0475
-16.4006
6.58806
22.6479
31.0317
33.7248
31.4044
23.5601
9.12157
2.30651
2.87773
3.7187
3.17201
1.12831
-0.149166
-2.05714
-6.24069
-8.63339
-8.75464
-9.06344
-10.3427
-13.0725
-14.8981
-18.3501
-20.2026
-21.3811
-21.3685
-22.6834
-21.3937
-21.1462
-17.3975
-14.6686
-13.8411
-14.5991
-17.2343
-17.7401
-14.8591
-13.785
-15.7588
-19.634
-24.0884
-24.2853
-23.8014
-22.9289
-23.7089
-25.4034
-28.134
-31.6628
-33.3728
-29.2833
-14.0199
-0.299278
7.12213
9.70814
8.39217
4.46
0.843926
-0.379558
0.15528
0.303391
-1.65702
-4.08221
-1.65985
2.92771
5.39252
4.97716
1.82102
-1.9006
-2.09149
-0.918639
-2.57356
-6.68804
-10.505
-10.9229
-9.53942
-8.82167
-9.8703
-12.0631
-14.4131
-15.3938
-15.2891
-15.0729
-15.4597
-15.5729
-15.112
-27.9118
-19.5631
-9.32356
-4.15606
-3.88235
-8.44531
-17.7049
-24.422
-23.0151
-20.9781
-19.6414
-18.898
-19.1969
-20.2936
-20.5423
-20.0398
-20.736
-22.4372
-23.319
-24.3496
-26.5955
-26.8435
-24.1864
-22.5143
-23.1713
-24.0528
-22.8567
-21.6088
-21.951
-23.7744
-26.3714
-28.405
-27.6392
-25.1314
-13.996
8.6717
24.4465
32.6153
35.1263
32.6153
24.457
8.71056
-7.18807
-12.5616
-10.8114
-9.84425
-10.5699
-7.4622
-5.78674
-10.2202
-15.2584
-15.4374
-15.8709
-19.7334
-25.6297
-22.5854
-20.8675
-20.165
-22.2738
-23.4306
-24.0619
-21.6478
-22.1489
-22.8424
-25.0994
-25.9792
-23.8049
-26.4493
-25.6092
-20.9867
-19.0333
-19.4136
-20.3759
-22.4467
-23.8109
-26.1313
-27.1309
-28.3523
-27.5743
-28.5096
-28.0531
-26.6556
-26.1751
-21.6729
-9.92145
-1.85317
2.83396
4.58807
3.66314
0.351222
-4.34608
-7.63067
-8.2038
-6.8946
-4.71576
-3.2292
-2.44769
-2.07742
-2.36906
-3.31017
-3.98754
-5.06026
-7.26209
-10.5932
-12.1802
-12.3299
-13.495
-15.2676
-16.9852
-20.2935
-23.28
-23.2354
-20.8103
-19.3693
-18.4708
-17.8788
-17.6346
-17.8392
-24.8234
-19.9677
-11.8043
-7.19592
-6.99615
-11.2958
-20.0104
-26.7953
-24.5312
-22.0237
-22.0856
-24.1692
-27.0228
-29.2925
-29.9114
-30.0016
-30.9286
-31.5738
-30.8262
-29.6744
-28.3401
-26.5831
-25.4682
-24.5074
-23.763
-23.8481
-24.9548
-26.6695
-27.975
-29.861
-33.1453
-35.0793
-32.0868
-28.6024
-14.8499
5.40466
20.7572
28.5942
30.8536
28.0875
19.6659
3.96359
-10.6518
-14.9206
-16.3658
-15.2232
-12.9843
-7.04642
-4.71017
-8.88811
-13.5753
-13.3948
-13.6247
-16.3081
-19.4006
-18.5771
-19.0448
-20.6916
-25.1293
-25.8257
-25.9167
-26.2963
-28.5771
-27.1443
-26.4088
-26.8549
-25.9273
-28.5757
-25.5532
-22.693
-23.0341
-24.3551
-24.0881
-24.6486
-25.5886
-28.1343
-29.7652
-31.5553
-31.3706
-34.5883
-36.1589
-35.5486
-33.5566
-22.438
-10.0528
-2.922
0.517551
1.27892
0.12935
-2.23462
-4.323
-4.72645
-4.93722
-5.41034
-4.7165
-3.936
-4.30281
-5.74746
-6.94862
-7.12333
-7.21289
-8.65604
-11.3553
-14.3015
-14.9761
-13.6863
-11.8293
-11.301
-13.1101
-16.6509
-19.4978
-20.8696
-22.076
-22.4344
-21.7605
-21.8275
-22.3311
-20.3011
-23.2292
-22.9861
-20.3554
-17.5098
-17.6647
-21.4158
-27.3141
-30.285
-28.12
-24.6812
-23.1983
-23.7929
-24.3826
-23.6203
-23.45
-24.491
-25.5391
-26.3544
-27.7472
-29.7182
-31.2679
-31.705
-29.3516
-25.257
-22.8107
-23.3377
-26.2007
-29.9087
-32.065
-33.1865
-33.5937
-33.002
-32.3084
-31.9869
-14.4773
5.97761
21.4351
29.4677
31.911
29.391
21.3782
6.41408
-9.92241
-12.6088
-12.7465
-9.10493
-5.2301
-0.900745
0.212834
-3.09063
-7.15898
-7.80788
-8.20698
-10.1671
-12.3315
-13.163
-14.6551
-18.0198
-22.2154
-24.1678
-25.4539
-23.5299
-22.006
-21.4247
-23.7152
-27.091
-27.0154
-32.577
-31.6747
-26.6912
-24.7041
-25.7325
-26.4092
-28.1414
-28.0841
-28.2498
-28.4544
-29.8686
-29.4025
-30.5394
-31.2654
-31.5137
-29.6302
-21.2081
-9.99904
-3.13778
-0.558667
-1.49687
-4.42155
-5.60651
-3.59601
-1.26676
-0.155722
0.413423
0.999365
0.273142
-2.96231
-7.97838
-11.1795
-12.7381
-14.9926
-16.3308
-15.067
-14.4966
-14.4784
-14.7297
-15.0383
-16.0774
-16.7717
-15.9664
-14.4644
-14.7577
-17.5967
-22.1989
-24.3915
-23.8925
-23.9871
-24.4207
-29.4436
-29.9735
-27.2771
-24.7107
-24.5611
-25.7258
-26.6524
-27.8891
-29.4984
-29.031
-27.5198
-26.9223
-25.4832
-23.2825
-21.8802
-21.3839
-21.6744
-23.0841
-24.9773
-24.751
-23.2595
-23.4029
-26.1832
-31.022
-34.3508
-32.5276
-30.0501
-29.8095
-31.3131
-33.0513
-33.461
-32.4692
-32.2001
-32.6762
-13.6665
6.39793
21.985
29.8927
32.1967
29.4699
21.0628
5.28498
-9.50412
-9.53276
-8.53778
-5.254
-0.958031
4.1508
6.68844
6.33124
5.82324
6.40455
6.42701
4.82622
1.89554
-1.47398
-5.21533
-10.4807
-16.3125
-19.4992
-20.717
-20.0716
-19.3846
-18.1123
-17.9424
-18.2296
-18.2239
-20.6975
-21.6298
-20.8351
-20.9879
-24.2473
-26.9573
-29.0993
-26.8368
-25.325
-24.8002
-25.1196
-23.4649
-22.8492
-23.2574
-24.7736
-25.4408
-21.2831
-13.5696
-7.63952
-4.95791
-4.67753
-3.25003
1.63715
5.50687
6.31081
4.70036
2.25785
-0.462693
-4.92032
-9.6751
-9.37243
-7.55597
-8.16483
-10.4975
-12.5389
-12.7526
-12.9269
-13.2587
-14.1164
-16.0985
-19.0536
-21.7307
-22.0042
-21.2097
-20.7054
-18.8251
-16.6258
-16.0917
-17.4829
-18.9851
-19.3277
-27.9498
-28.9504
-28.8316
-28.3447
-28.3677
-28.7756
-29.347
-30.0018
-29.1563
-25.9496
-23.4908
-23.2308
-24.8254
-27.1737
-29.1346
-29.9858
-29.6433
-28.1075
-25.173
-22.658
-21.9562
-23.1876
-25.8786
-29.2106
-31.5534
-30.9633
-29.4052
-28.6278
-28.4806
-29.5544
-32.3617
-34.4904
-33.3452
-30.1605
-12.4167
6.01
21.4502
29.3746
31.6969
28.9942
20.6257
4.55732
-14.009
-15.6114
-14.0721
-11.8827
-9.29443
-3.83704
-0.664445
1.58422
6.12374
10.2533
12.3675
12.9342
12.4694
10.6055
7.01501
2.26135
-1.58909
-4.29603
-6.5717
-7.92329
-9.60835
-9.8573
-9.38248
-8.72916
-7.81564
-5.85001
-3.82414
-3.35917
-5.17622
-9.31095
-14.6533
-17.9491
-16.4472
-15.821
-18.0267
-23.1768
-26.7484
-29.0312
-29.8869
-29.4304
-26.4873
-18.0231
-6.61836
0.318814
2.98719
2.12923
0.356112
3.28219
8.07828
10.5609
10.2852
7.65291
3.21255
-2.79151
-8.79505
-9.98853
-7.87245
-6.51345
-6.93043
-9.09387
-11.5154
-13.134
-13.4764
-14.0205
-15.5368
-17.2399
-18.5557
-20.5212
-21.7258
-20.4864
-17.9771
-16.3142
-15.8409
-16.6868
-18.2047
-18.8659
-29.4096
-27.8783
-26.1005
-25.3634
-25.5548
-25.3986
-24.6581
-24.0418
-23.7757
-23.714
-24.2281
-25.4458
-26.9418
-28.3973
-29.3438
-29.7403
-29.1515
-27.386
-25.1028
-24.012
-24.6923
-26.5201
-27.8131
-28.1147
-28.9018
-29.8747
-28.1561
-25.4496
-24.3725
-25.1327
-26.8018
-28.3997
-30.0781
-30.2487
-12.7462
3.97728
19.3722
27.3641
29.7411
27.1031
18.8288
3.15661
-13.6628
-20.7124
-22.1791
-19.6109
-19.9552
-14.8232
-12.2092
-16.5246
-13.793
-5.3943
0.394054
3.99911
6.1775
7.13446
7.16573
6.66314
5.46441
3.48607
1.37466
0.978489
2.01326
4.35185
6.97428
8.24733
7.72497
5.85332
3.36364
-0.503566
-5.98963
-12.3981
-16.9174
-20.1806
-21.234
-21.8237
-23.9826
-27.8203
-29.6717
-31.222
-31.7742
-30.7046
-27.9699
-19.7602
-9.50513
-3.45455
-1.3508
-2.08083
-2.96734
-0.9921
1.7752
3.08988
2.51515
0.74515
-1.45231
-4.40373
-7.45162
-9.40984
-10.4101
-12.312
-14.6405
-15.8597
-15.1564
-14.1334
-13.3195
-13.1008
-13.9603
-15.7666
-18.5599
-21.4876
-22.978
-23.2841
-22.6782
-21.4479
-18.6233
-16.193
-16.1518
-18.4534
-34.1545
-31.1573
-26.373
-23.0993
-22.6791
-24.5949
-26.4521
-26.0067
-25.195
-25.3308
-26.4632
-28.3918
-31.2059
-33.8126
-33.083
-29.5204
-26.008
-23.6034
-22.7972
-23.7584
-25.9047
-28.1954
-29.7916
-30.5585
-30.7574
-31.3795
-31.1881
-29.7563
-27.832
-27.0183
-27.847
-29.3144
-29.9387
-29.01
-12.8256
-1.87551
13.0079
20.6081
22.7068
19.801
11.2851
-4.5733
-13.2156
-22.0302
-23.0058
-19.7641
-23.0205
-18.2668
-13.9263
-17.7681
-16.3217
-10.0903
-7.50108
-5.83412
-3.91898
-2.6863
-2.83554
-3.71313
-4.67909
-5.19205
-6.32336
-8.40178
-9.91823
-7.91141
-4.8449
-2.99785
-3.09311
-5.10185
-7.80293
-10.8734
-14.1925
-19.3978
-24.0159
-26.4332
-24.1597
-22.9157
-24.1821
-27.8546
-29.2894
-29.8186
-29.3749
-28.2382
-27.1189
-22.5449
-14.2207
-8.67515
-6.18431
-4.55501
-0.51164
4.26185
7.19278
7.77473
6.29615
3.40979
-0.375781
-4.98799
-10.3998
-13.8712
-14.5117
-16.3509
-19.3369
-20.8627
-19.3619
-19.2956
-20.1201
-21.2808
-21.8524
-22.2591
-24.3344
-27.2988
-27.7325
-26.803
-24.8403
-22.9648
-21.8882
-22.4596
-24.5948
-26.7533
-28.953
-22.3269
-14.5701
-9.94534
-9.38498
-12.8382
-18.798
-20.985
-20.2261
-20.755
-22.1922
-23.3805
-25.165
-28.2292
-30.2581
-28.5098
-24.0996
-20.501
-19.1651
-20.0636
-22.2143
-24.6093
-27.3156
-29.111
-29.6293
-29.9036
-29.5148
-28.3795
-27.1793
-27.0103
-26.9987
-24.745
-22.0317
-21.003
-11.8265
0.550982
15.5083
23.5325
26.0247
23.5653
15.7275
1.47337
-11.5362
-14.0127
-14.4455
-12.8519
-15.3641
-14.4617
-10.6434
-12.6277
-11.6597
-9.05525
-6.95912
-4.88558
-2.48602
-0.773773
-0.860362
-2.79468
-5.96949
-9.12177
-10.9747
-11.4779
-11.4021
-11.209
-10.9386
-10.0509
-9.65433
-10.4685
-12.1581
-14.3582
-16.3281
-18.4591
-19.7718
-20.9405
-20.1682
-19.937
-21.9344
-26.745
-29.6937
-29.388
-28.9356
-27.9315
-27.1673
-23.4631
-15.3268
-9.06164
-4.94752
-1.03265
3.41162
7.06784
9.07494
9.32792
7.65756
3.90443
-1.55727
-7.17627
-11.9653
-16.4706
-20.1619
-22.6334
-23.7807
-24.0108
-21.7684
-19.1706
-17.7436
-19.0932
-21.9038
-22.2181
-21.1215
-21.4252
-22.2577
-23.1889
-23.6241
-24.5148
-25.5728
-26.1815
-26.8936
-26.6832
-23.7436
-19.18
-11.7481
-6.71979
-5.61116
-8.41449
-14.2311
-19.4238
-22.0686
-23.6607
-23.7932
-23.7429
-25.139
-26.9233
-26.5917
-25.2453
-23.9026
-21.9682
-20.618
-20.9376
-22.3519
-23.4188
-23.9265
-24.5148
-24.8256
-24.2898
-23.2418
-22.6247
-22.7317
-24.0904
-26.5096
-28.0236
-26.8113
-25.1394
-14.1964
1.39171
16.7641
24.6737
27.008
24.3799
16.3597
3.00103
-4.17198
1.07781
7.19725
11.057
11.8153
9.90537
5.9199
-0.0250953
-4.42926
-4.8504
-2.90669
-1.05742
1.03341
2.95408
3.47907
2.06057
-0.897759
-2.67031
-2.60259
-1.82372
-1.57977
-1.37841
-1.2727
-1.47099
-1.89323
-2.92758
-4.07197
-5.77232
-8.24616
-11.6344
-15.0188
-18.6635
-19.4962
-19.6065
-21.4495
-26.4252
-30.8408
-32.1056
-31.3584
-30.4455
-27.3179
-18.245
-7.18098
-0.270268
4.03197
6.42222
7.01009
6.15491
4.43733
3.01382
2.44625
2.77122
3.23483
2.7427
1.0685
-2.1699
-6.45888
-9.54574
-9.61355
-9.63828
-10.9571
-12.3114
-12.799
-13.6131
-14.3573
-13.8145
-12.8255
-12.5224
-12.8515
-14.5802
-17.719
-20.5564
-21.3493
-21.2391
-21.3063
-21.5617
-29.0475
-19.1572
-8.90716
-3.86103
-3.67925
-8.1389
-15.9853
-19.6053
-19.4683
-21.1081
-24.4073
-27.3855
-29.2136
-29.8532
-28.2149
-25.9759
-25.0931
-25.5674
-26.8288
-28.4926
-29.517
-28.5127
-26.2481
-24.543
-24.7939
-26.6341
-26.3109
-22.2813
-19.285
-19.2312
-21.3792
-23.7295
-25.4888
-27.6305
-17.3348
0.963215
16.6899
25.0298
27.7711
25.649
18.8386
11.4306
16.3476
25.3583
31.8932
35.5701
36.826
36.1605
33.9525
30.4701
26.5198
22.8131
19.2026
14.669
9.31904
5.58911
4.54135
3.34073
2.07951
3.64271
7.06506
10.0599
11.9191
12.8838
13.4525
13.423
12.1376
9.21734
5.33454
1.35416
-3.07413
-8.60191
-15.1321
-22.7084
-26.9965
-28.0094
-27.0708
-27.1742
-27.587
-29.117
-28.66
-28.2744
-27.9538
-22.7349
-13.4176
-5.76091
1.05097
6.30765
9.56399
10.5994
9.44157
7.67649
8.77962
11.4497
12.1202
9.73167
4.831
-0.763634
-4.42889
-5.795
-6.26995
-7.07698
-6.0093
-3.1409
-1.42757
-2.48866
-6.13518
-10.6567
-13.1413
-13.6001
-14.2666
-16.4636
-18.7559
-18.7449
-17.0567
-15.3357
-14.0263
-13.3146
-24.3746
-10.0394
1.03804
6.2727
6.47331
1.64741
-8.99908
-21.7548
-25.1825
-26.0932
-27.0879
-27.1841
-27.9504
-29.111
-28.1971
-26.3906
-25.7705
-25.9567
-25.2487
-24.0192
-23.7996
-25.4029
-28.4067
-30.433
-30.2783
-29.4693
-28.9011
-29.2654
-29.9877
-29.9767
-28.3677
-26.0415
-24.9345
-25.1848
-19.6233
-10.1381
4.23588
12.3166
15.1323
13.6422
11.2856
16.4186
24.7194
32.1792
37.8246
41.2533
42.5092
42.0329
40.6075
38.8641
36.878
34.4422
31.0928
26.8181
21.2855
14.5784
7.41068
1.81606
1.39696
4.77859
7.833
9.00755
8.74719
8.63411
9.01556
8.5673
6.3734
2.59474
-1.70337
-6.17817
-11.4837
-18.3293
-25.0763
-28.8621
-25.032
-22.3251
-23.079
-26.6902
-28.1467
-27.9693
-27.2188
-28.3229
-29.0885
-24.828
-15.9251
-7.5077
1.09419
7.44739
10.9862
11.6189
9.96735
7.74507
6.56868
5.53282
3.59832
0.511472
-3.89409
-7.73318
-7.515
-6.32007
-6.63222
-8.20799
-9.7264
-10.4546
-10.5593
-10.6646
-11.9369
-13.5379
-14.4659
-15.3087
-17.1883
-19.6013
-19.6411
-18.172
-17.7129
-18.2988
-18.4726
-18.1182
-20.9315
-2.38273
9.6284
15.0765
15.338
10.4962
-0.517542
-16.9914
-26.3785
-25.6851
-23.4208
-21.9448
-23.0674
-26.2811
-28.2641
-27.4616
-26.6697
-26.5853
-26.9039
-28.0013
-30.4642
-33.859
-36.1047
-35.139
-33.5907
-33.1887
-32.7071
-32.0996
-32.2611
-33.345
-33.8833
-31.696
-28.6715
-26.5883
-21.835
-12.2628
1.13224
9.22902
12.1659
11.2052
11.1213
19.0681
27.3822
32.761
35.2977
35.4163
33.5308
30.6797
28.3561
27.1176
26.5539
26.2893
25.2828
22.5055
17.2699
10.0431
2.30024
-5.52663
-12.9506
-15.4831
-13.4755
-10.0704
-7.61045
-6.55229
-6.4677
-7.12051
-8.0828
-10.0237
-12.0725
-15.2298
-19.9583
-28.1645
-30.4845
-24.5413
-18.4587
-16.2103
-17.6877
-22.6511
-27.1318
-30.7355
-31.4461
-31.734
-30.2587
-23.313
-12.6089
-4.69668
0.33721
3.05443
3.78867
2.92644
2.3322
3.6791
5.07198
4.23817
0.610638
-5.54034
-11.6939
-12.163
-8.57384
-4.94883
-2.96727
-3.33447
-6.07871
-10.4755
-12.5453
-12.2376
-12.6757
-14.336
-17.1344
-20.8761
-23.3371
-23.3744
-22.8502
-22.1014
-21.2899
-21.6587
-22.4692
-22.1543
-14.9721
4.23738
16.556
22.1928
22.6018
17.8889
6.88524
-11.1979
-26.2436
-26.6676
-27.1
-27.3272
-28.4191
-30.4553
-31.8007
-31.2437
-29.9475
-29.1186
-29.0653
-29.7069
-30.7713
-32.4456
-34.6901
-34.399
-31.552
-29.8755
-29.5705
-29.3286
-28.8527
-29.7145
-32.2356
-33.7429
-33.9788
-34.3881
-32.0898
-10.5512
4.60359
13.0858
16.0642
15.3098
16.733
23.8997
30.1057
33.7303
35.968
37.9713
39.4009
39.7414
39.2582
38.6725
38.2049
37.1961
34.7296
30.1645
23.7024
16.3937
8.48995
0.272876
-7.68249
-13.9088
-19.183
-21.504
-22.7684
-22.9878
-22.1142
-20.5976
-19.9698
-23.2587
-25.9568
-25.2136
-22.7556
-22.837
-20.9454
-16.5504
-10.9356
-8.09554
-9.21508
-14.5949
-22.3977
-27.6119
-29.3292
-29.5656
-27.4102
-19.8436
-10.0502
-3.40053
0.169486
0.492038
-2.14549
-6.59457
-9.8882
-10.4629
-10.0745
-9.83487
-10.2796
-11.9807
-13.3429
-11.7452
-7.80306
-4.85235
-4.64328
-7.62936
-12.4539
-17.1944
-17.1329
-15.7894
-16.0837
-18.7483
-22.3407
-24.6877
-24.8733
-25.8719
-26.5874
-26.7799
-26.6299
-26.3266
-25.5898
-24.205
-12.9581
6.61852
19.1533
24.9363
25.4704
20.8895
10.0224
-8.51664
-27.6141
-26.7346
-27.1765
-27.8492
-28.3161
-29.4492
-31.7149
-34.1114
-34.9127
-34.104
-33.235
-33.7541
-35.1328
-35.8208
-36.0181
-35.537
-33.8196
-32.0752
-31.0896
-31.8689
-33.7603
-35.5772
-36.3949
-36.135
-35.7454
-34.8552
-33.4745
-21.3282
-9.70435
-1.9887
1.49069
3.59182
7.65547
13.7687
19.8969
24.2457
26.6999
27.4803
27.1929
26.6406
26.4431
26.9831
27.8383
28.0632
27.4931
25.973
23.2641
19.1281
13.7142
7.197
-0.826811
-8.76361
-14.3583
-17.4885
-20.0113
-20.996
-21.8957
-20.1449
-15.892
-13.5028
-12.3611
-13.4629
-16.0957
-20.0314
-20.5359
-19.2154
-15.8203
-14.3211
-16.1636
-22.4215
-30.9162
-33.2569
-33.0598
-31.0064
-29.0949
-23.7484
-16.1278
-10.8739
-7.74796
-7.11075
-8.9137
-12.4947
-15.8707
-17.632
-18.5956
-20.7473
-21.7267
-21.8288
-19.3205
-16.0176
-13.3926
-12.3764
-12.9554
-15.1468
-17.8489
-20.9381
-23.1903
-24.955
-25.6446
-25.6606
-25.6286
-26.592
-27.0318
-28.2109
-28.7885
-29.3416
-30.5733
-33.2231
-35.0014
-34.4291
-20.3371
-0.420978
12.0553
17.7763
18.2561
13.6199
2.68079
-16.1363
-40.2901
-39.5373
-38.0342
-37.7296
-38.9908
-41.6736
-44.4118
-45.654
-47.222
-49.2357
-48.5716
-47.1836
-46.1391
-45.1367
-46.1962
-46.0593
-44.4035
-43.1329
-39.8325
-37.2411
-36.4751
-38.06
-40.4837
-41.8777
-44.9403
-48.8388
-48.8387
-27.1247
-17.596
-9.92086
-5.79262
-3.82617
-1.86705
0.6552
5.06838
8.27411
10.7652
11.3023
10.0598
9.24831
10.1905
11.0516
11.9166
11.7529
10.82
9.71242
8.07276
5.22537
0.829679
-3.90776
-9.11626
-14.0693
-18.4331
-22.3576
-26.7123
-29.9834
-32.7835
-31.6775
-27.2189
-28.6106
-28.6819
-28.0707
-26.4944
-31.004
-32.8
-35.6719
-34.71
-33.8858
-34.2796
-36.7623
-36.2231
-36.9364
-38.4478
-39.0171
-37.0299
-27.838
-18.6318
-13.9608
-11.9722
-11.935
-12.6974
-13.8154
-15.905
-19.551
-23.9463
-29.7178
-30.9272
-31.965
-30.5572
-29.6608
-29.1762
-28.5039
-27.2285
-27.6621
-27.7244
-29.7746
-29.9473
-31.8395
-34.8511
-36.4774
-36.2248
-37.9787
-39.2678
-43.3483
-43.3088
-41.6046
-40.3499
-40.3166
-39.8553
-39.2991
-36.1902
-16.3057
-4.18949
1.28916
1.55622
-3.31661
-14.5739
-33.693
-55.008
-52.4264
-50.0424
-49.9895
-51.8325
-54.0455
-55.4385
-55.1305
-55.4461
-57.2166
-57.0854
-59.6618
-61.8634
-59.2635
-64.7547
-63.6608
-59.2241
-58.8591
-48.7556
-42.0739
-38.9086
-39.66
-43.7461
-48.5907
-53.6936
-54.9417
-49.8623
-30.4135
-26.1729
-20.2706
-16.0538
-15.1747
-14.6817
-13.5333
-7.04238
-6.45981
-4.9802
-4.6388
-6.27168
-5.25314
-3.23754
-4.315
-4.7916
-4.19984
-3.72918
-3.65787
-5.05118
-7.62081
-11.7215
-17.6556
-25.8176
-31.5931
-35.5813
-34.2085
-36.7182
-39.4546
-44.8036
-42.3012
-34.7182
-49.9968
-49.0105
-38.5972
-33.0091
-41.9055
-41.5878
-44.978
-44.6796
-46.8373
-47.5546
-50.4376
-43.5936
-47.7729
-51.6545
-51.2562
-47.0062
-35.9617
-25.9701
-22.4579
-21.9817
-22.7402
-21.7355
-19.579
-19.2861
-21.8382
-26.5341
-35.9641
-38.186
-41.0491
-37.7335
-36.5322
-37.5739
-39.5958
-38.463
-40.5926
-37.5491
-40.8556
-39.384
-42.683
-48.4547
-49.3822
-47.1008
-50.7993
-48.0286
-56.2142
-58.387
-57.7688
-55.2284
-58.113
-60.4457
-55.6117
-55.4956
-36.4548
-24.5696
-19.2208
-19.0304
-23.965
-35.3134
-53.9475
-66.9551
-66.1415
-66.9807
-69.2556
-70.643
-71.4464
-73.6014
-70.7655
-70.3703
-73.9587
-67.5658
-72.6618
-73.6811
-63.5317
-73.5763
-69.8543
-65.1932
-73.5946
-61.7446
-58.2898
-56.1173
-57.3702
-61.6812
-61.8294
-70.6447
-65.5772
-49.8878
-31.9231
-35.6576
-42.5272
-33.8812
-29.9393
-27.3418
-30.9549
-14.8398
-17.3308
-16.6302
-14.7994
-16.4202
-12.9225
-10.7912
-14.7101
-15.6286
-13.1204
-14.6748
-16.7153
-18.855
-18.5972
-20.1937
-25.5442
-39.2373
-47.3728
-48.9781
-39.5631
-41.0512
-43.5836
-51.5303
-46.8356
-35.8916
-63.267
-63.1619
-41.5061
-34.786
-48.606
-46.422
-50.901
-49.4164
-54.4506
-53.3014
-55.5775
-44.8473
-50.6802
-60.4599
-62.7456
-61.3724
-51.1876
-37.6278
-37.1916
-36.6646
-38.7921
-42.8142
-43.524
-41.6489
-41.2029
-37.9223
-49.154
-45.818
-57.394
-54.9035
-52.8779
-51.5472
-53.6848
-48.1477
-56.2239
-43.6653
-52.6851
-45.8692
-50.1178
-56.0001
-53.9368
-51.4272
-62.7288
-53.4897
-67.2533
-65.4829
-64.966
-60.5895
-65.8544
-70.945
-59.8017
