80
-12.0374
-8.50393
-9.81335
-7.87552
-5.77831
-8.01431
-9.29925
-21.0082
-19.5969
-14.8421
-9.72969
-6.19363
-5.91139
-7.90962
-17.7493
-18.9097
-15.5491
-11.2056
-5.67262
-2.90681
-4.08324
-12.0899
-21.4535
-20.5041
-18.3356
-9.6369
-5.19148
-6.14209
-8.68857
-11.3424
-12.6757
-12.3595
-17.2915
-22.6072
-20.9501
-16.122
-9.60789
-8.27714
-11.3104
-14.2787
-5.85515
-9.12692
-9.51407
-7.49021
-6.24632
-8.26114
-8.26899
-6.6985
-7.79034
-11.0225
-27.869
-25.1045
-13.4119
-10.515
-5.80025
1.11792
9.56439
17.2144
18.0688
18.3026
12.2901
9.63195
5.80229
5.30362
2.86396
16.1995
42.3384
58.2881
66.6132
68.1252
64.688
64.8642
72.5801
79.5377
84.471
87.7359
89.7183
90.5637
90.5998
89.8971
88.9429
88.465
88.257
87.9181
87.7581
87.5181
86.873
85.755
84.4941
83.3452
81.1132
77.5111
73.2303
68.0277
61.2107
49.8008
35.9696
39.0822
42.3793
37.3193
17.7579
20.0884
17.7846
26.5965
38.5603
52.4779
59.6795
62.5672
61.5519
58.0468
53.9602
52.0518
52.0057
52.4302
50.4232
45.2074
37.4546
28.8688
-2.11167
-0.0183276
-0.357433
-4.41626
-8.87968
-12.1874
-15.7904
-13.7102
-12.2416
-11.9463
-12.6387
-15.0918
-15.4342
-14.8835
-12.1629
-7.87623
-5.78167
-5.94258
-7.0007
-5.77445
-3.08717
-1.29945
-2.50554
-4.77554
-4.2928
-4.30417
-5.94996
-10.1502
-11.8016
-9.13535
-6.16349
-4.87188
-5.59781
-7.99974
-13.4943
-21.628
-23.7844
-17.2935
-14.5168
-10.8004
-10.7798
-9.10142
-2.32036
4.1154
6.4921
5.94201
3.39126
0.586766
-2.46219
-8.78111
-9.43663
-9.37668
-5.17708
1.01367
3.09854
2.30327
9.04832
11.636
13.1571
13.8708
15.9777
14.968
11.4638
10.7034
18.1606
26.8617
41.9309
56.3644
60.9462
60.6783
56.0947
47.3246
38.5377
45.7711
53.5571
60.7432
67.9601
72.1224
72.6477
69.5919
62.2346
50.3648
52.0209
58.9958
58.945
51.6695
42.1891
39.2375
41.352
36.9333
39.159
38.9675
36.9018
22.5058
33.0533
31.8164
21.2541
21.808
33.5626
24.354
40.3761
46.4085
49.6207
63.8366
75.5244
82.4135
84.8582
82.7392
76.2297
65.6347
55.5023
48.5731
44.1118
42.5225
42.0783
39.5053
34.8487
31.9484
9.67769
7.5227
1.10627
-6.56643
-6.5231
-4.42357
-3.56728
-2.7179
-1.82959
-3.21809
-6.9503
-9.95444
-14.2239
-15.1791
-9.09368
-5.01206
-5.71885
-11.1802
-18.774
-16.7506
-8.5089
-1.93446
1.28359
0.922619
-1.55868
-4.5632
-6.11887
-6.10558
-8.49735
-11.6155
-11.6969
-6.02347
-4.7564
-6.67732
-12.252
-20.532
-34.1098
-30.3738
-22.0351
-19.3943
-12.7449
-6.34638
-0.838611
3.60599
4.82286
3.35089
3.36214
5.35157
6.84737
5.18925
2.95037
0.389461
-2.63331
-3.53283
-2.40709
-0.256771
4.00281
9.13987
11.7468
19.3388
29.0153
35.1797
38.6978
41.308
43.8147
46.0153
49.5624
51.9757
56.1956
56.0377
51.2856
47.3476
45.1348
40.9378
38.413
42.2883
38.9089
41.2729
31.3107
34.4128
36.1849
36.4835
40.023
36.9971
33.8473
33.7481
35.1689
26.2649
29.0092
37.079
40.4683
35.9075
31.7478
37.8505
47.2127
45.4339
51.2512
64.5984
74.6549
83.2519
91.0796
96.9658
100.517
102.135
102.34
100.77
96.8076
89.851
79.159
64.3999
46.849
33.3066
29.0147
32.0646
34.7707
34.9885
34.0352
31.1817
-1.62938
-3.66888
-3.49914
-3.3759
-4.58975
-1.82466
2.05902
4.84656
5.15924
2.2773
-2.84494
-7.20505
-9.03139
-8.1171
-4.67526
-3.09075
-5.37655
-11.1153
-18.7262
-18.5674
-10.1597
-3.53486
-0.725964
-0.368454
-0.299682
-0.428251
-1.41347
-4.40691
-7.40542
-8.89726
-10.1784
-13.9859
-11.9002
-10.7822
-12.5573
-16.6223
-15.0826
-12.4582
-9.09405
-4.73225
-3.47856
-5.79292
-5.24977
-4.04773
-2.62608
1.53077
6.03696
6.77392
2.18759
-7.53418
-8.4321
-4.71001
-1.87288
-1.73858
-2.05524
0.426526
3.81789
14.5404
25.3686
31.4301
33.5537
32.6296
30.926
30.3134
29.5429
29.4505
51.7799
68.8828
81.1114
88.3345
91.569
91.2019
87.7338
82.1157
74.2765
61.4922
49.8121
32.4204
37.9154
38.233
32.0644
43.2215
39.8671
46.0249
46.6066
42.1727
45.6726
44.9939
49.5588
59.2598
69.6996
79.2545
88.3812
96.2327
102.147
106.19
108.767
110.425
111.522
111.947
111.322
109.445
106.508
102.675
97.5272
90.5787
81.9451
73.3423
66.4669
59.7858
55.8011
55.063
56.9694
58.472
58.616
56.4773
51.6857
45.4123
-12.0804
-11.3987
-11.1886
-9.8569
-1.23804
4.8546
6.38664
3.47845
-2.0676
-5.65181
-5.15307
-4.14683
-4.14688
-6.59316
-12.2945
-17.6894
-19.5301
-22.1274
-25.915
-24.8129
-12.299
-2.90367
1.90461
2.55435
-0.214733
-3.88503
-5.91632
-5.5587
-4.3323
-4.31139
-7.73693
-11.7048
-12.7115
-8.16656
-6.4707
-7.33088
-10.4031
-9.75247
-5.31531
-3.51636
-6.74459
-8.00648
-6.0759
-3.11737
-1.58848
1.77169
3.78135
3.47326
2.47984
0.424351
-4.2082
-11.9482
-15.9628
-14.631
-6.05251
2.12928
5.63324
13.0926
17.1306
20.8219
20.5261
17.358
9.97733
5.61388
6.70498
12.9231
56.0541
77.7341
92.0341
100.931
106.11
108.598
109.093
108.085
105.923
102.551
97.4703
91.9135
92.1925
97.855
102.741
105.777
107.335
108.242
109.212
110.477
111.868
113.06
114.029
114.892
115.742
116.493
116.912
116.655
115.584
113.883
111.993
109.984
107.181
102.812
96.3712
87.7112
76.5655
63.7193
54.3387
47.1764
46.1723
46.2649
46.9522
43.7725
44.9805
57.3251
65.8381
69.0884
67.7469
61.9084
52.1445
42.742
-1.24589
-5.70411
-7.17505
-4.38585
-0.319648
1.16352
0.420366
-2.62376
-8.22213
-11.705
-13.8694
-12.7336
-11.5065
-11.5752
-14.8988
-21.2937
-21.9104
-18.0634
-12.7099
-6.92375
-1.32363
1.44484
1.91035
3.60661
6.31086
7.10476
5.83752
4.09247
1.58785
-1.25518
-6.77882
-16.1309
-12.3937
-11.5504
-15.5479
-21.9018
-17.6349
-10.4783
-4.76232
-0.385695
0.952042
3.05315
7.56174
10.8655
12.0489
10.6084
7.24217
4.20172
4.73458
8.3493
9.0473
7.10505
2.07156
-4.79398
-7.16076
-10.6688
-6.34229
-0.294531
6.8667
10.875
13.5376
13.1253
10.071
7.0284
6.49684
18.3262
55.6269
75.1523
86.1315
91.2455
91.8703
91.3068
94.6482
100.429
105.353
109.207
112.11
114.148
115.448
116.01
115.827
115.266
115.071
115.449
115.913
115.999
115.668
115.124
114.437
113.473
111.908
109.324
105.243
99.4351
91.5627
81.5936
69.0705
55.5698
54.835
51.3224
40.5523
28.2803
32.2534
35.1552
54.4593
63.1003
67.4901
68.1655
64.3895
55.9669
46.6087
51.6127
58.3162
61.6078
61.1393
56.9116
49.9136
44.084
-15.6738
-13.3994
-9.39134
-6.57852
-7.55491
-9.98074
-10.8947
-9.16481
-3.97559
0.231479
0.701036
-2.97877
-10.4084
-17.3746
-15.5075
-12.3593
-9.63137
-7.88907
-6.33167
-5.19265
-5.08647
-3.21355
1.73479
4.02771
2.04531
-3.43862
-9.95309
-12.3262
-7.45182
-3.58703
-2.33545
-1.2018
-1.95182
-2.33063
-3.58517
-5.78981
-8.59556
-10.4382
-12.0049
-12.8393
-8.63707
-5.99068
-2.11896
2.70549
4.16824
1.30023
-7.82223
-28.3631
-10.514
-4.1796
-1.26174
-2.10816
-3.68039
-4.86898
-7.6838
-9.48919
-8.23734
-3.03267
-0.294264
3.11088
6.29138
9.60254
13.1275
15.3871
16.3518
19.7742
46.422
62.1205
72.5381
76.6878
76.9481
72.422
61.6103
64.6536
75.2358
83.3933
91.2172
96.6215
98.3964
96.0522
89.1911
76.7909
60.0737
69.5707
72.9391
69.6601
62.2963
55.0929
51.1295
46.8325
47.5828
48.0081
47.2126
39.9762
21.5826
39.2522
28.7692
31.7848
38.3531
44.7392
49.3416
57.4043
65.4329
70.4286
72.8165
74.082
73.2236
69.7856
63.5227
54.0304
40.452
36.0751
39.933
41.5372
41.0629
41.738
42.8589
40.9823
-15.1913
-14.3797
-15.3751
-17.3301
-20.1818
-16.0525
-12.2756
-9.34529
-5.80242
-3.43001
-3.84244
-7.78095
-14.6696
-17.1194
-15.3227
-11.9291
-9.56188
-7.67956
-5.62872
-4.38317
-4.58585
-5.94169
-9.7837
-12.7642
-11.1939
-10.8173
-14.3343
-17.3901
-13.951
-11.6642
-12.4218
-17.1994
-13.7825
-10.9677
-8.55098
-7.01791
-7.7619
-11.3417
-16.7611
-19.9829
-14.1847
-9.88276
-5.82964
-4.96917
-7.44734
-12.757
-17.8336
-17.5373
-12.2447
-9.32155
-3.91468
-1.0445
0.321292
0.165093
-2.11876
-3.58091
-5.88271
-6.15313
0.216915
8.53835
13.3837
15.2153
13.7997
9.39396
2.18856
13.5582
39.2622
52.5597
56.7976
60.531
62.7866
62.7782
59.6657
53.2131
57.0824
60.2468
62.5529
60.939
53.9701
54.0583
52.4129
45.4575
49.8461
40.2664
42.9921
40.3094
37.2767
35.8903
41.5949
42.9384
44.6122
41.6273
27.6574
34.9227
45.5734
54.5917
61.0568
67.4143
73.3136
76.7868
78.3234
78.3716
76.4932
73.3992
68.7818
61.9983
52.135
43.3316
39.8835
34.4042
31.211
37.4016
46.1922
49.1749
47.6793
42.0269
34.8067
32.4247
-29.6108
-30.2055
-31.9782
-29.3546
-27.2664
-26.6069
-19.9749
-21.1932
-21.902
-19.4453
-18.5312
-18.2971
-18.8559
-19.0782
-20.8631
-26.1504
-33.6755
-29.9327
-25.4544
-26.1306
-25.1609
-22.9811
-18.6579
-18.6046
-19.4937
-19.9618
-25.2628
-24.8917
-20.1231
-17.9536
-19.4473
-24.3129
-32.001
-28.7189
-25.8527
-26.8813
-32.3189
-39.9826
-40.7142
-31.7048
-27.6247
-27.3052
-27.543
-25.4554
-21.1912
-19.279
-16.3702
-16.6511
-21.219
-21.2204
-23.4927
-22.6039
-22.3121
-22.7745
-22.0115
-24.906
-29.7733
-19.6952
-8.18662
-4.28636
-6.31594
-7.43467
-6.27516
-11.4196
-14.371
6.3841
37.9074
59.7772
73.6991
82.2168
86.7731
87.6962
85.3914
80.2063
72.637
61.05
46.5477
36.7106
39.6589
31.1591
36.8015
41.1448
39.922
43.9216
40.6552
42.1282
38.8444
37.88
40.4432
48.3101
57.1143
65.896
72.7526
76.8039
79.357
80.9118
81.7956
82.0841
81.0661
78.6871
74.5582
67.4943
57.739
42.2198
25.7223
26.4858
21.6006
22.1357
17.9829
19.1131
22.1733
34.8808
40.6436
42.7313
40.4842
34.7753
27.974
22.9697
-31.8741
-32.2166
-31.7612
-31.3398
-30.6196
-21.7031
-19.4725
-19.3646
-22.5068
-27.5301
-28.865
-30.822
-30.2923
-28.1835
-26.6502
-28.376
-27.6181
-23.5135
-21.7922
-24.028
-26.3213
-22.4871
-20.1675
-17.1044
-13.976
-13.6043
-14.788
-17.5876
-21.7301
-25.917
-29.5514
-33.4032
-32.0639
-31.6979
-34.1928
-32.1751
-29.2115
-20.0892
-14.7405
-11.1751
-11.0791
-12.8557
-17.6277
-23.2768
-31.8935
-29.1657
-28.8867
-30.3752
-21.5871
-28.0376
-23.0882
-21.099
-24.2492
-28.4161
-37.3142
-20.1596
-23.8978
-12.5082
-8.51437
-2.31457
-0.0996327
-1.3003
-8.3795
-8.09577
-0.708562
15.0591
40.9011
59.9652
72.0943
80.6734
86.2705
89.7594
91.4527
91.4956
89.8288
87.2825
84.3169
83.248
85.1091
88.0476
90.1384
91.0922
91.0441
90.3561
89.8289
89.7083
89.7581
89.7351
89.4989
89.0859
88.6683
87.8678
86.0265
83.3791
79.4383
74.0169
67.5263
59.7625
54.4657
47.7077
37.8593
33.0899
23.3289
34.605
43.0575
48.0243
49.2712
46.1464
39.4114
30.8313
16.0898
24.579
31.1097
32.3993
30.3132
26.991
25.3075
23.8025
-21.396
-20.9322
-21.7692
-24.3585
-22.075
-16.7023
-13.7402
-12.8244
-11.3826
-11.7817
-15.5797
-20.4413
-21.8742
-19.9388
-18.7613
-19.9849
-21.0288
-19.9247
-17.2542
-16.2551
-15.7817
-16.092
-18.0971
-24.3473
-29.8096
-25.0838
-23.2635
-23.3849
-23.0686
-22.0961
-21.2821
-21.5993
-21.975
-21.876
-23.1823
-26.2852
-23.283
-15.8403
-10.5634
-10.093
-14.1067
-23.4788
-25.9686
-24.0507
-22.1959
-22.3917
-25.305
-28.9862
-23.9879
-23.9254
-22.1936
-23.4297
-25.9342
-27.8226
-34.5257
-25.4043
-20.8088
-12.0509
-9.27868
-5.19952
0.538903
5.37643
7.82935
8.40374
8.66284
18.9866
30.6237
39.4016
44.4675
44.9454
45.4032
51.859
61.8691
71.5514
79.3101
84.5269
88.5616
91.183
92.4782
92.4223
91.4986
89.9871
88.5456
87.4761
86.4651
85.3046
83.8075
81.9698
79.6296
76.6822
72.1343
66.3927
60.5149
52.5823
44.932
36.4139
27.5225
23.6097
29.5683
30.3288
40.6604
49.2007
53.7445
55.8047
55.9029
54.1226
50.5356
45.2229
37.162
23.757
12.1452
22.4512
30.1608
33.4954
32.6785
28.2585
22.1274
19.2491
-24.2031
-23.4368
-25.7932
-27.6287
-29.9311
-25.5816
-26.3943
-21.3638
-18.085
-15.0506
-15.5843
-17.8787
-21.3076
-23.1655
-22.7111
-22.2412
-23.5366
-26.8131
-31.3787
-33.9687
-27.6143
-24.9156
-25.1857
-28.4797
-28.7044
-32.6837
-31.0395
-29.0134
-28.4149
-25.5706
-21.7922
-18.7345
-18.9661
-21.4812
-22.7146
-20.3399
-18.9388
-17.9187
-18.8962
-19.6821
-18.9673
-18.7655
-21.16
-25.7541
-26.2636
-21.3418
-18.3401
-18.4604
-20.1595
-24.4017
-28.6063
-31.0741
-37.5113
-51.5947
-39.7096
-23.4466
-25.1873
-24.8171
-14.7772
-6.72023
-4.39958
-4.48799
-5.7788
-5.76126
-4.91443
13.7316
18.3069
29.3021
36.4679
38.8988
39.7707
43.6079
46.165
45.4409
41.3488
48.5145
54.4347
59.5117
58.4283
55.094
42.4815
36.0182
30.7542
28.3337
28.5946
22.9569
15.4312
21.6642
11.4644
23.8126
18.5432
25.4786
22.2404
27.5405
31.0141
34.2219
38.8682
47.5721
53.0838
56.3503
57.5457
56.7356
53.4602
48.187
40.2362
31.6939
25.7714
25.1538
24.3087
22.0656
14.396
17.0465
19.5269
17.9099
11.9039
8.71562
11.7921
13.6128
-21.3773
-28.2221
-29.4822
-30.3839
-31.8433
-37.4712
-31.3809
-34.3289
-32.7962
-33.6281
-27.099
-23.453
-23.0122
-20.2572
-14.1975
-11.2508
-12.2484
-17.0705
-25.5592
-32.1969
-38.863
-39.0262
-36.098
-37.0058
-32.495
-31.496
-34.9244
-34.3968
-32.1272
-32.6146
-31.6005
-26.5693
-22.1572
-18.4579
-17.7247
-20.1033
-23.082
-23.976
-22.5467
-19.9162
-19.5067
-22.4122
-28.1467
-30.0088
-24.3056
-21.2862
-22.7459
-25.5388
-22.3758
-27.0821
-31.4725
-32.7875
-33.8032
-28.8568
-28.4682
-23.4295
-23.6271
-17.7726
-12.7562
-7.32399
-8.60918
-10.6811
-16.7589
-22.0734
-22.5696
13.4269
25.6368
39.1229
47.3478
52.768
54.166
52.7821
50.3267
47.8271
44.8905
41.6181
40.4825
30.8394
22.4951
24.7331
34.5098
32.6677
28.821
32.8705
28.686
27.2987
22.447
23.2707
28.821
40.1676
43.7067
49.4553
53.6438
57.2972
60.7262
62.8939
63.7218
62.7824
60.6023
56.002
49.2416
39.8072
30.7246
23.9503
23.284
29.2866
34.0294
36.1311
34.0546
28.1884
18.6126
15.8859
22.6572
28.8923
32.1079
32.414
30.1958
26.8378
-25.2873
-26.6132
-27.7632
-30.5354
-33.6363
-29.9233
-27.4116
-28.2759
-30.9637
-30.4474
-27.3382
-24.4123
-20.2645
-14.4528
-9.0054
-7.08754
-8.9717
-14.2047
-19.4409
-23.2528
-27.0502
-32.1916
-36.2712
-38.3425
-35.1001
-30.5647
-29.1101
-30.0848
-34.9752
-36.7331
-34.2806
-31.7304
-31.8338
-30.5589
-29.6138
-26.9281
-25.4205
-22.4004
-21.7391
-24.4703
-29.396
-39.4512
-39.9277
-30.103
-22.4479
-18.2333
-17.5081
-18.5382
-18.9393
-21.111
-23.8405
-28.2083
-31.2946
-30.8217
-31.3947
-22.2407
-18.8366
-14.4781
-14.4563
-10.9378
-8.61383
-8.32843
-9.19611
-9.86122
-10.9003
12.3697
17.1421
27.0771
39.9527
46.5685
50.6258
54.8384
58.3091
60.432
60.0302
56.3749
49.9258
31.6539
35.9401
46.0326
49.8492
53.8789
56.2324
57.8987
58.6953
59.4139
60.3091
61.2976
61.6293
61.5407
61.7114
60.3815
59.2873
57.3415
55.0931
52.4203
47.2799
40.5036
32.6891
30.0783
22.6532
23.0581
27.7073
35.5229
40.0361
41.1351
38.4361
33.2275
28.184
22.0468
14.5729
21.9966
29.8236
33.5257
33.264
28.8301
20.8433
16.0523
-20.1397
-20.1343
-23.195
-27.1151
-27.6507
-28.2373
-30.2664
-32.3368
-30.0896
-26.6074
-25.3134
-26.43
-25.9735
-18.3879
-11.0382
-7.44896
-7.72941
-12.2382
-21.3166
-28.0225
-31.7931
-35.6204
-38.5677
-34.4666
-26.6406
-22.1273
-19.8319
-19.8226
-22.7132
-25.4572
-27.2419
-31.6424
-30.7335
-26.329
-22.8539
-21.4821
-22.4953
-25.5837
-28.8352
-25.5237
-26.8716
-28.8594
-31.8072
-34.3336
-38.568
-47.0273
-39.4397
-32.2117
-23.1313
-25.623
-27.1304
-30.9675
-31.4973
-26.395
-24.3043
-15.9774
-13.8056
-10.6649
-10.6984
-11.8156
-12.0796
-8.47056
-7.68812
-10.3857
-15.0493
9.03814
5.87961
21.7563
25.1993
31.3177
34.3163
35.9829
43.2713
52.8321
58.876
62.3005
63.3268
63.6745
62.8538
61.4342
60.3731
57.8673
56.5751
56.9859
57.3874
57.2798
56.2508
53.4931
50.2784
47.4211
39.3355
38.5076
21.7688
18.5898
14.5466
16.366
22.5683
24.6688
34.4542
40.5677
44.254
46.8275
47.9082
46.9677
43.4405
37.2235
29.5576
21.7964
15.1331
12.7237
12.0809
15.0281
18.35
22.0217
24.0658
23.8675
20.3618
14.3052
-22.1062
-27.6645
-31.5751
-31.1619
-30.2558
-27.7969
-28.7284
-31.4319
-30.9013
-25.9383
-23.9743
-25.0341
-25.9128
-23.7696
-21.306
-15.8617
-11.7339
-10.6184
-11.8944
-15.094
-20.0056
-25.7885
-28.1657
-27.122
-24.3009
-22.221
-21.5139
-23.4948
-28.5586
-34.3044
-31.1298
-25.135
-23.3457
-24.1777
-26.2707
-25.6824
-22.5697
-20.6181
-21.0053
-22.2296
-23.2499
-26.273
-26.0783
-20.6789
-17.4789
-15.5204
-14.5931
-14.2199
-15.3486
-17.0285
-18.2184
-17.4644
-18.0903
-19.9315
-22.7116
-19.6641
-22.7945
-21.4485
-25.8371
-18.0115
-16.0253
-14.9909
-16.641
-21.0873
-17.8267
10.9294
18.4277
34.5378
49.8229
58.7206
62.961
63.355
59.9813
52.784
43.7465
41.659
47.705
49.2527
48.6917
44.5637
34.3243
28.9724
25.7233
29.5371
26.5533
22.926
17.204
18.4346
13.0997
20.0024
17.3551
25.537
37.3175
44.4481
50.1251
53.6074
55.3953
56.448
56.0029
54.0312
50.6747
46.4402
41.0281
34.2536
25.4199
23.6421
24.3019
22.4893
17.5109
10.1087
22.5776
31.7648
35.6561
34.8399
29.8229
21.7827
16.5361
13.888
-23.0738
-30.8622
-33.0097
-26.7113
-22.655
-23.117
-26.0841
-28.5443
-28.6977
-27.9407
-28.2694
-23.2185
-19.5929
-19.0221
-22.0763
-25.1016
-26.1099
-25.7089
-22.956
-19.7305
-18.8486
-21.1161
-24.1835
-23.2553
-19.2894
-17.9941
-20.9064
-25.0965
-25.6135
-22.3531
-20.8057
-20.57
-22.5961
-26.0105
-31.2425
-29.6884
-25.2193
-23.8253
-25.9399
-27.0872
-28.5554
-30.1031
-25.5026
-19.3836
-15.5822
-15.0948
-16.2171
-18.0249
-19.108
-24.8195
-24.4474
-21.9599
-20.9126
-22.4747
-27.7775
-27.9935
-27.3387
-22.1227
-21.0566
-14.2923
-10.2091
-7.99224
-8.00827
-6.02302
-2.07551
14.0572
20.859
39.5044
52.315
61.1662
67.6052
71.1745
72.1025
70.0193
64.8399
56.1856
42.7766
32.3794
25.5994
23.1447
24.5563
23.1388
20.606
25.3751
21.8317
29.7283
32.9353
38.8375
44.7178
52.7624
57.4297
61.5482
63.502
63.9615
62.5472
59.0093
54.9268
50.0182
44.7736
36.383
24.9534
15.8907
18.8139
28.0129
32.9367
34.0954
31.4515
26.072
17.0449
14.8973
24.176
32.8982
36.5956
35.7203
30.3978
22.887
20.1567
19.4236
-32.9886
-27.8905
-22.4497
-18.7087
-17.6915
-15.7788
-14.6362
-13.6377
-15.0189
-20.2462
-27.0505
-27.9121
-20.842
-16.7304
-14.6929
-15.5906
-18.2464
-22.4731
-25.1724
-22.6877
-21.4667
-22.6933
-23.9312
-21.5745
-19.9142
-21.2168
-22.0699
-18.5189
-14.1756
-12.862
-15.6267
-22.844
-30.3745
-30.4436
-27.6875
-25.5756
-25.1113
-27.0527
-31.2389
-34.5054
-30.1679
-29.516
-29.1499
-29.0992
-26.4498
-21.1684
-17.218
-16.4619
-17.3995
-20.425
-22.5953
-21.4975
-20.8888
-23.3101
-24.7471
-23.7053
-24.3081
-21.1745
-21.1647
-17.7365
-13.4396
-6.27652
-2.63092
-1.85314
-4.14007
10.0759
12.7999
27.2177
32.1831
34.2741
38.7092
50.3907
58.8133
64.3446
66.1576
64.4044
59.3091
53.8235
56.3256
61.9342
65.7419
67.9464
68.9106
69.154
69.1529
69.0952
69.192
68.9246
68.5274
67.3962
66.1049
63.9151
59.9952
54.3127
45.5853
36.538
27.1413
18.9381
15.2433
20.0719
31.5432
38.5852
41.6402
42.2963
39.9872
35.3097
26.7617
17.5027
13.4644
13.1683
19.3586
25.484
26.3695
22.582
16.0719
12.8613
13.4193
15.7626
-18.4564
-29.2866
-33.713
-29.6831
-28.0314
-28.0709
-24.5449
-22.9531
-23.1211
-24.1748
-25.7792
-26.9429
-29.0064
-25.5032
-21.8311
-19.3836
-19.788
-22.1861
-25.1484
-28.1481
-28.7167
-26.3757
-24.6566
-25.081
-24.0519
-22.7835
-21.5961
-21.4869
-20.189
-16.8296
-14.3966
-14.7307
-17.973
-23.0099
-29.6678
-34.3976
-33.3245
-31.0439
-28.9268
-25.3322
-22.5316
-23.2777
-26.2019
-29.5893
-30.4021
-29.5716
-31.8949
-32.9298
-27.5143
-28.7932
-25.4868
-21.4616
-19.4698
-19.8976
-21.1305
-15.6761
-17.2244
-15.99
-17.6963
-16.4973
-15.092
-12.7698
-9.31398
-7.72595
-6.85116
10.3991
15.4554
30.6711
40.1304
45.655
48.4396
47.5774
43.793
43.373
51.0311
57.2839
61.0929
63.1388
64.0873
64.2208
63.9856
63.7263
63.5512
62.9189
61.8317
59.9103
56.7696
53.3374
47.6266
42.0655
35.1971
26.5474
19.127
18.5952
21.5578
27.919
34.3769
37.9632
41.6146
43.1811
43.1348
41.0503
36.5277
31.1666
22.3896
17.8321
17.3853
15.8781
14.5397
14.4341
25.1187
32.5844
35.085
33.0849
26.9341
18.0234
11.1148
8.14274
-6.74317
-10.566
-11.2534
-12.0288
-15.456
-18.0875
-17.1881
-15.7748
-16.9558
-19.8269
-23.8521
-25.335
-21.4976
-19.19
-18.7558
-18.3514
-17.743
-18.6882
-21.778
-25.8476
-26.5239
-22.8898
-20.2326
-20.8186
-21.3113
-20.6286
-20.6756
-21.6924
-21.3593
-18.7908
-17.5411
-17.624
-19.8297
-21.6439
-22.0633
-22.5219
-25.0649
-23.2152
-18.0013
-13.919
-13.7904
-17.475
-22.9976
-27.087
-28.2409
-24.5179
-20.5888
-18.8787
-20.6327
-26.5485
-28.2338
-24.0159
-20.7378
-17.7464
-16.2194
-16.0217
-16.8075
-17.2939
-15.0558
-10.4516
-8.507
-5.91655
-1.57479
3.24667
7.21919
16.8454
27.7591
46.7725
57.5388
64.2823
66.6404
65.3449
60.66
53.0889
43.2596
33.8811
32.2569
35.703
36.5252
33.256
27.7
20.8956
20.6132
23.587
19.5061
16.0659
2.29363
13.4173
-2.65953
15.1699
17.5303
23.9669
28.3246
34.0652
38.7836
42.6249
43.6576
42.4707
39.133
35.1735
28.7673
26.3793
26.4261
31.7176
35.7435
36.7389
34.5247
29.5008
21.9814
19.2781
27.1939
35.5929
38.8561
37.3428
30.8014
19.75
10.4672
7.53304
-16.7586
-20.9085
-16.2728
-13.3272
-13.0342
-14.2408
-15.0555
-17.257
-21.2389
-23.1658
-20.3781
-19.6696
-21.8794
-23.5456
-23.2523
-22.757
-23.5951
-26.2743
-30.0999
-33.8068
-36.5369
-29.532
-23.4954
-21.2989
-21.5256
-23.4265
-24.7587
-24.8127
-22.8906
-18.7784
-15.259
-13.3126
-13.1131
-13.5468
-14.0327
-14.6675
-16.4865
-20.2396
-23.1821
-22.2043
-18.8306
-19.4317
-22.2595
-24.0055
-23.605
-21.3537
-17.6727
-16.0869
-17.1729
-23.4764
-29.1338
-23.9301
-19.9904
-18.5204
-19.5616
-16.6138
-16.6654
-13.3569
-15.2958
-14.5492
-10.3964
-8.04668
-6.93988
-6.32367
-6.54356
12.8828
29.9588
44.788
54.143
57.6909
57.7541
56.3127
55.2476
53.7844
50.3298
44.1879
38.8458
31.147
27.4953
31.9241
36.9289
39.2685
39.6753
38.8877
38.3019
39.4326
40.3579
41.8276
42.55
42.4319
41.5683
40.0624
36.0311
32.6385
30.0934
25.8899
21.9066
13.7541
19.7171
27.5722
33.5915
38.4547
40.6949
39.9082
36.3528
31.2574
24.3874
17.9357
13.4082
12.0938
22.6978
29.6456
31.6334
28.6048
20.6104
8.54805
1.69764
-0.389339
-19.9671
-22.6891
-19.0227
-16.4176
-15.8852
-16.1318
-16.9239
-18.4119
-21.1517
-21.5422
-22.5472
-25.7681
-29.6554
-27.7458
-21.0241
-17.7188
-18.0509
-21.2982
-25.3756
-25.6161
-21.2974
-17.3033
-15.972
-17.6292
-19.5766
-18.9585
-18.8201
-19.7353
-22.6157
-25.9911
-29.8872
-28.2858
-20.8665
-15.5256
-13.0091
-12.9591
-14.3037
-16.8561
-21.6927
-25.2991
-26.306
-23.2122
-20.2119
-19.5739
-20.8641
-23.9459
-29.4648
-30.7595
-23.744
-20.8984
-18.2785
-17.6679
-18.9759
-22.8426
-26.0861
-22.5004
-22.3574
-20.9661
-19.767
-15.2201
-15.896
-14.598
-11.1167
-7.00223
-2.77676
14.7998
26.0457
39.8531
45.7471
49.7125
50.5802
47.8398
41.7153
37.0241
36.7439
38.8703
43.6104
45.6876
47.3541
47.5497
46.4086
44.3572
42.452
41.1888
39.9593
38.938
37.9235
37.3734
36.1186
34.7407
30.3141
26.0193
15.8321
15.9545
24.2461
31.3153
38.2921
42.2501
44.9839
45.6398
44.2197
41.0322
34.3213
26.3788
13.814
12.7823
12.2754
9.98175
7.15312
9.73858
18.1666
25.0258
26.4978
23.2659
14.9109
4.4504
-0.278244
-2.39569
-29.4325
-25.9918
-20.9765
-17.7475
-17.7661
-20.4892
-24.618
-27.0325
-25.5991
-25.628
-28.8
-27.6013
-23.562
-20.8119
-20.9164
-23.0748
-26.6734
-30.2974
-30.1903
-26.1885
-20.6049
-17.0609
-17.3015
-21.1392
-25.2483
-27.7857
-27.0952
-25.9229
-25.5856
-26.9202
-29.6721
-31.8671
-28.8922
-24.4608
-21.8637
-21.961
-25.2784
-28.0573
-30.0306
-29.1975
-26.0255
-24.1348
-25.1639
-25.9159
-23.6591
-20.7171
-19.7955
-20.9561
-22.3289
-23.613
-22.6134
-22.2458
-22.7117
-24.706
-26.9316
-25.8043
-28.157
-20.5321
-10.7026
-1.51808
4.4955
9.10718
11.4392
11.2361
8.30939
8.82167
26.9658
45.8436
59.5471
66.9977
70.1158
69.4702
65.4981
58.6972
50.6351
43.0816
39.6155
37.75
36.2573
31.9748
28.0376
19.1989
15.8438
15.1547
6.98526
10.5677
-3.36273
11.4786
7.9338
13.962
24.205
35.671
41.9461
46.8396
48.8063
49.0995
47.8688
45.6254
41.8875
35.2246
26.6744
15.0804
13.8111
12.6925
10.8807
8.43431
6.40233
5.50331
6.72417
9.90849
17.6799
24.1376
25.7283
22.5053
14.7388
5.34289
-2.82479
-8.91877
-12.3863
-14.9535
-15.8816
-16.8304
-19.1103
-22.1157
-25.8365
-24.4443
-21.1507
-18.9396
-18.8535
-20.7808
-23.9208
-26.3396
-26.2182
-25.3704
-23.3179
-22.3109
-23.5217
-25.1624
-22.7015
-20.4561
-20.5954
-22.9457
-26.8372
-27.41
-23.8312
-19.1384
-16.908
-17.6432
-20.9097
-22.2708
-19.0019
-16.5909
-16.9596
-19.6915
-22.2691
-21.4479
-18.6324
-16.6211
-16.8262
-20.1229
-25.9225
-28.3548
-21.5254
-17.0238
-15.2097
-14.6286
-13.4602
-14.8445
-17.5509
-22.351
-26.5412
-24.4528
-22.4036
-22.0169
-23.6022
-22.1207
-15.4067
-7.98059
-0.421354
3.82966
4.8331
2.43121
-2.70088
2.6643
27.3807
47.141
59.705
66.0719
68.21
68.4234
69.0737
69.6693
68.0008
63.1049
54.536
42.8417
34.2117
37.9255
41.3962
42.4219
42.9056
43.9202
46.2755
48.8083
50.7102
52.089
53.6062
55.4477
56.4438
56.0799
54.0768
50.3965
45.1522
36.882
25.2128
18.8782
22.2798
25.9894
25.7219
25.7419
23.2368
20.0571
17.6674
19.7589
20.8448
18.9534
14.5882
11.1734
20.501
27.9945
30.4438
28.2109
21.0161
9.15249
-2.84509
-5.29046
-11.9022
-10.4928
-10.7361
-12.2913
-14.5121
-15.7166
-16.7398
-18.6534
-21.9136
-24.9049
-26.4063
-24.7223
-21.6756
-20.7212
-22.5142
-25.3759
-24.5702
-23.1812
-23.5051
-23.7976
-21.4933
-18.575
-17.4054
-18.6043
-19.7619
-21.1375
-21.9241
-22.8607
-23.838
-24.1105
-23.9625
-24.1228
-23.0538
-21.3844
-21.4623
-24.4761
-28.9853
-26.64
-19.8855
-15.4942
-14.7741
-17.9753
-22.4425
-22.2716
-19.7994
-19.1721
-20.0893
-21.3133
-19.9705
-19.4619
-19.4321
-21.9141
-24.2498
-23.3788
-22.2162
-21.1225
-24.6116
-20.5672
-22.451
-16.9607
-12.718
-9.58555
-8.29797
-8.35509
-11.226
8.11148
23.2897
40.7802
56.4219
66.3464
70.7951
70.3905
65.7062
59.9969
59.5975
59.5566
55.7221
48.3162
44.3014
48.1781
51.4138
51.3766
50.0025
50.2148
50.9861
51.8559
51.893
51.0307
49.6434
48.3265
46.3999
41.8107
33.7464
27.2979
31.2315
36.9027
40.5555
41.1348
40.2832
37.6187
34.2749
28.7584
25.7902
30.9723
35.4103
36.5525
33.6673
27.6166
19.5794
15.256
17.8015
24.1139
26.5691
24.4335
17.6869
7.66935
0.376259
-1.67766
-9.77251
-11.3314
-16.0172
-20.9454
-19.1218
-16.3587
-15.0278
-16.395
-17.9556
-19.0509
-20.3141
-22.4766
-23.4707
-21.3159
-19.9591
-21.2314
-23.0437
-21.5987
-19.3493
-18.257
-19.9218
-24.7865
-30.9725
-35.2176
-34.2027
-31.4544
-29.466
-28.9669
-29.4454
-28.3405
-25.2671
-22.9416
-23.6509
-25.6823
-27.4235
-28.8647
-31.6113
-32.1505
-28.4999
-21.57
-18.9044
-19.2936
-23.8686
-30.3033
-32.556
-29.8636
-27.6213
-26.785
-25.602
-26.428
-28.4684
-30.7057
-30.461
-24.9869
-21.1444
-18.7752
-21.5593
-23.592
-21.8604
-16.5289
-15.0843
-15.1469
-14.0114
-13.5732
-13.0698
6.61959
18.5323
39.8606
57.2094
68.6337
75.1011
77.357
75.6852
70.4549
62.8826
55.0302
48.2575
41.5569
36.7542
35.0718
34.325
29.8238
24.6441
19.9912
17.2135
22.4967
23.3837
22.2607
24.5482
30.9452
38.8807
46.3761
50.9393
53.4486
52.9969
50.1683
45.0039
39.3313
32.4226
27.6279
31.517
39.2218
43.1765
43.8193
41.5516
37.3716
32.9514
28.3813
22.3429
13.5009
12.5228
18.392
19.5581
16.4477
9.98108
4.12267
-0.608525
-6.07133
-22.892
-25.4181
-25.3652
-26.247
-29.1582
-28.0926
-25.5032
-22.6314
-22.1728
-23.7541
-27.4159
-29.0514
-27.2387
-24.1424
-21.0295
-18.3898
-17.5499
-19.1107
-21.9309
-23.47
-21.4075
-19.825
-20.295
-21.6909
-21.9944
-22.4541
-20.8362
-19.9131
-22.2167
-28.317
-32.2996
-29.8756
-27.1325
-27.1752
-30.1096
-33.6136
-35.277
-31.853
-29.6699
-26.7376
-23.6446
-23.9151
-26.1929
-31.2914
-34.3338
-32.3888
-28.715
-26.7602
-24.6091
-27.6444
-29.4315
-30.7403
-31.9377
-32.2356
-30.0085
-25.2772
-19.7178
-14.4662
-14.0517
-16.6283
-21.5375
-23.3107
-24.1865
-19.7775
-17.064
4.99119
14.2906
23.7767
34.9246
47.6626
58.6028
66.3795
71.1029
72.7441
71.2888
66.9595
60.1836
52.4954
47.4701
49.1562
52.5715
54.3326
54.6042
53.9666
54.199
56.3339
59.1855
61.6331
63.1847
63.7039
62.9638
60.8891
58.0496
54.5267
49.1892
41.6578
40.9963
47.3571
52.4072
54.8068
54.5301
51.5745
45.8201
38.8244
34.8206
34.4767
33.0378
28.4123
20.0807
14.2007
16.1602
24.0194
27.0157
25.4144
19.363
10.0567
2.05972
-0.973973
-20.8443
-22.8462
-23.7632
-25.6653
-29.2516
-31.1046
-33.0878
-34.7298
-33.3868
-32.6993
-34.4583
-33.1287
-26.7452
-20.4456
-16.3017
-13.5245
-12.3984
-13.8048
-18.3379
-24.3933
-25.6995
-24.6939
-25.1739
-26.6751
-27.1009
-28.3817
-26.3404
-21.5669
-19.6543
-20.9702
-21.8251
-17.8026
-14.9831
-15.1914
-18.5021
-22.1448
-20.3853
-18.1844
-18.6533
-20.0006
-20.8665
-21.8944
-25.7483
-31.2389
-31.4852
-25.4506
-21.6133
-20.1503
-19.1439
-20.5915
-21.8303
-23.2214
-20.6791
-15.6378
-12.9652
-12.5501
-16.0179
-18.6343
-20.6582
-19.6514
-21.0159
-20.0462
-19.4273
-19.7357
-20.0743
6.30246
17.8622
30.6278
40.4594
46.544
49.5962
50.5591
51.7037
56.3014
61.8236
64.7173
64.1495
61.1682
60.4985
63.6293
65.4926
64.2663
61.1695
59.5277
59.5206
59.8075
59.5133
58.8742
58.0029
56.3705
52.3846
47.9619
48.896
58.9078
65.8598
69.0615
69.3141
67.4389
64.0858
59.7026
56.7043
58.1698
60.6346
60.9332
58.1441
52.5514
44.3543
33.9729
23.3838
14.0622
10.269
18.0589
24.1788
25.8224
22.7932
14.693
2.06965
-3.85609
-22.2166
-21.8121
-21.0138
-21.3824
-22.6248
-24.1523
-24.9767
-27.213
-30.9812
-31.8816
-31.6426
-31.5267
-31.4386
-27.2693
-22.1895
-20.088
-21.7573
-26.9973
-32.5072
-31.1777
-28.2392
-27.64
-28.0103
-26.69
-24.9156
-24.4881
-23.8329
-20.5428
-19.0551
-20.058
-22.0964
-21.91
-19.3413
-17.3723
-17.1215
-18.0755
-18.3317
-16.7634
-16.101
-17.7814
-20.5483
-22.2596
-21.8104
-21.5928
-21.9898
-23.043
-23.6088
-24.16
-23.5551
-23.276
-23.4621
-25.0265
-25.6578
-23.7719
-22.0185
-22.0479
-25.419
-24.3377
-25.0007
-23.8166
-25.6164
-25.5029
-27.1452
-27.835
-26.9206
0.463577
14.431
31.0559
42.2314
48.5708
53.5489
58.3616
62.0395
63.5703
62.5055
58.8892
54.4153
51.6021
50.7322
48.5193
46.8682
47.251
47.4854
47.7667
49.1686
51.04
52.7393
54.0291
57.072
61.2723
65.494
69.6431
73.163
75.2345
75.0075
72.1004
66.788
62.2472
64.8065
71.5713
76.4765
78.0739
76.0512
70.2021
61.1421
53.2939
50.3396
45.8858
37.5517
27.7426
19.8891
25.0546
29.1967
29.3672
25.1036
15.9596
4.46114
-0.651238
-18.0706
-20.6381
-23.1727
-27.1745
-30.9732
-30.1959
-26.9076
-24.9059
-24.6388
-26.6223
-28.5892
-27.9575
-26.0627
-24.2714
-22.7781
-21.0078
-21.0881
-23.9794
-27.3435
-26.1739
-23.8025
-22.2788
-19.4899
-17.1977
-17.5169
-20.5417
-22.986
-22.1036
-23.0061
-25.9822
-29.5387
-31.3141
-32.1801
-33.3995
-33.7248
-30.6371
-29.8075
-28.4749
-26.753
-23.5797
-20.3106
-18.779
-19.6439
-22.7884
-27.4898
-29.8082
-27.0469
-24.9252
-25.7576
-31.9554
-33.2988
-28.5905
-26.7565
-27.0566
-26.0871
-22.7405
-24.9256
-24.2413
-25.0089
-20.5259
-16.1467
-14.1803
-14.9648
-18.6371
-21.8832
-2.67154
-10.7457
21.7235
33.9747
42.3613
46.2081
49.0627
56.1282
62.7817
65.7665
64.5817
59.1305
52.2289
52.744
56.6579
58.3787
58.1501
57.1328
58.612
64.2978
71.4621
76.8682
80.344
81.726
80.9628
78.2491
74.0262
69.5428
65.509
66.4457
72.7148
78.7011
83.2105
86.385
87.5984
86.2017
81.7061
73.9107
65.0062
61.7452
60.9132
57.1871
50.2472
41.6278
31.0581
19.6809
23.0675
27.9826
28.2695
23.5863
13.2471
0.396633
-0.381183
-11.7069
-18.3078
-22.4628
-21.919
-20.3798
-20.3707
-23.1961
-25.0139
-22.7231
-20.738
-20.5
-19.2565
-17.6126
-17.5312
-20.1032
-24.7997
-29.9047
-32.283
-30.8666
-26.1212
-22.76
-22.2831
-23.7418
-23.9786
-21.5638
-21.3466
-21.1901
-20.2204
-19.1166
-18.7826
-18.2731
-17.1918
-16.9669
-19.0512
-24.2683
-31.8535
-35.2126
-29.7883
-24.2103
-20.9696
-21.3038
-23.315
-24.5016
-23.7307
-23.8893
-25.5621
-25.4612
-22.7167
-20.1229
-22.5629
-26.2908
-26.121
-23.1381
-22.4527
-23.9471
-21.8981
-19.9647
-18.0413
-18.3113
-17.5729
-18.4705
-16.7777
-17.5726
-18.5614
-20.3117
0.922581
-1.24886
14.3472
29.5878
42.5587
51.4995
56.4406
57.767
56.7145
54.9574
53.6247
53.4017
55.6918
59.2249
61.0156
60.6862
58.7005
56.5267
56.6707
59.1759
61.0026
61.559
61.6667
61.3604
59.817
57.7886
62.2852
71.1192
78.4008
83.1109
85.2559
85.2364
83.3175
79.562
73.9409
67.729
65.7036
67.5399
68.7869
68.5033
67.9341
66.9459
63.8765
57.2415
46.0446
29.6675
17.0214
18.5978
19.5298
16.3634
8.93329
1.79429
1.87597
-11.3086
-18.6635
-26.3903
-24.7517
-21.6429
-20.7999
-21.4857
-22.2957
-23.0423
-23.6605
-23.6262
-24.207
-27.4264
-34.9793
-43.3428
-40.9667
-35.9894
-31.2418
-27.5376
-26.185
-27.4079
-31.1134
-34.3449
-33.4758
-28.4326
-25.8104
-24.65
-23.1869
-21.6442
-19.9292
-18.2564
-16.3069
-16.4322
-19.3435
-25.6289
-33.679
-33.9859
-27.0517
-23.7043
-23.8725
-26.4682
-25.3643
-20.917
-19.5137
-21.1886
-23.3622
-20.4016
-16.4133
-15.2054
-16.8258
-18.3044
-19.4269
-21.7975
-24.0333
-24.052
-21.5283
-21.787
-21.3018
-25.4156
-26.015
-25.5234
-23.6871
-24.0915
-23.7409
-22.0239
-3.70351
-1.19343
15.349
30.1033
40.5421
48.5418
54.668
58.6835
60.2002
58.6149
53.5451
46.0441
40.8939
44.0195
47.383
51.9036
56.814
60.4264
62.1759
62.8344
63.1922
63.3052
62.8198
62.6897
63.7341
65.4984
67.5877
69.5713
70.4984
69.1845
65.3101
60.3984
58.6847
59.8676
61.232
61.883
61.7019
62.1685
67.1245
72.8119
75.4368
74.4415
69.9024
62.1835
52.1456
37.7608
25.4476
25.0415
25.1168
21.85
15.1931
7.59143
1.08947
-4.66918
-10.8483
-19.1499
-25.0384
-20.8399
-17.8325
-18.4254
-22.5068
-28.7009
-34.8699
-35.9337
-32.6208
-29.1505
-26.77
-27.0196
-29.0427
-30.0975
-28.3106
-26.6
-25.5643
-24.4679
-24.2267
-25.4341
-25.6502
-24.6271
-22.7618
-20.0854
-18.1105
-18.3689
-20.578
-24.0001
-28.5021
-31.2582
-30.1485
-29.3798
-30.7669
-32.4854
-30.3436
-27.3232
-24.357
-22.6221
-23.0925
-25.7995
-29.9291
-31.933
-28.6995
-24.086
-20.4349
-17.3289
-15.4791
-15.2551
-17.6058
-23.3439
-28.5787
-29.9121
-26.7651
-26.0775
-23.9086
-24.0246
-20.705
-18.9365
-17.9861
-19.1179
-21.454
-21.4627
-4.15222
1.91724
26.5899
39.0181
46.7185
51.5239
54.1344
54.5346
52.8029
49.6206
46.5355
45.0148
48.3239
55.1861
61.3305
65.8768
69.2069
71.2844
71.8424
70.6986
68.3327
65.9691
64.0778
61.3116
56.9305
51.9144
49.376
52.6215
57.5496
61.0652
63.24
64.1458
63.2583
60.0535
55.1335
53.1042
57.9881
63.6031
66.7481
67.8068
69.2938
71.8601
72.6888
69.9023
62.4838
49.9019
36.166
35.5654
35.9212
32.1833
25.4494
19.7719
15.6285
-14.5846
-15.5997
-19.0646
-23.4857
-22.6052
-18.459
-16.1455
-15.86
-16.7077
-18.3979
-21.3682
-24.6091
-25.0656
-23.3798
-21.7649
-20.8517
-20.4372
-20.9644
-23.0409
-25.2207
-24.1909
-21.1974
-20.4956
-21.7199
-21.9541
-20.7417
-21.0521
-22.6838
-24.4661
-23.965
-22.9418
-23.1704
-25.3843
-27.1565
-26.9092
-27.0026
-28.2269
-28.621
-27.7235
-25.8153
-24.3836
-24.9534
-26.8621
-25.0208
-20.8545
-19.417
-21.8669
-27.4807
-28.0866
-25.4046
-21.5997
-21.6544
-25.45
-31.4359
-32.8039
-27.7917
-26.8262
-24.0893
-23.1186
-20.5467
-19.7862
-18.4973
-17.4568
-16.7793
-17.5606
-5.49322
15.6204
31.9437
45.0795
52.3252
55.3938
55.6175
55.9629
57.7688
58.2258
55.4388
49.5786
44.6216
45.3205
48.8856
50.5806
48.8143
44.4176
40.8203
41.159
42.089
43.8555
45.2934
47.228
50.3601
54.8531
59.6415
63.1852
64.4113
62.7724
58.0911
51.2267
48.115
49.6596
50.7562
51.2993
52.0931
53.1063
55.0214
57.5644
59.1527
58.8761
56.6588
52.2682
45.0733
35.3186
39.9184
46.6659
48.905
46.6968
40.6812
33.9291
29.875
-5.3453
-10.4132
-16.3999
-22.2009
-25.4717
-24.9735
-23.4495
-23.1391
-23.8833
-24.6572
-25.9759
-29.48
-29.3535
-23.6529
-19.7154
-19.3189
-21.8407
-24.0663
-24.5427
-24.9596
-23.05
-20.5558
-19.3369
-17.3939
-14.5927
-13.5694
-15.1604
-19.0695
-24.2225
-26.6515
-25.0156
-23.6741
-24.117
-24.1991
-23.459
-22.3257
-22.2844
-23.3945
-25.1874
-25.9982
-25.5348
-24.0957
-22.579
-19.0949
-15.8969
-15.3576
-18.1331
-22.1108
-22.9571
-24.9404
-28.158
-32.474
-35.5467
-35.9603
-34.7424
-30.7961
-30.9076
-26.6093
-23.3007
-18.0298
-16.3955
-16.2572
-18.0188
-18.3486
-18.055
-6.92784
10.2866
22.973
32.7572
39.3344
43.3748
46.4175
49.7168
52.8854
54.2444
52.5981
47.2439
37.3266
33.5212
39.2
41.7007
39.9966
35.1104
32.6902
36.4584
43.538
48.4633
50.797
50.8907
50.5131
49.6226
48.6483
47.4357
47.2991
48.3358
48.7269
47.1969
42.8303
37.83
38.3473
43.4848
49.4447
53.3743
54.8172
54.0477
51.1923
46.7508
41.9974
36.6003
28.3954
29.7898
42.82
51.0772
53.9448
52.3819
47.224
40.9807
35.8319
-7.08296
-11.99
-15.1321
-18.0327
-23.0232
-26.9385
-25.5549
-22.2047
-19.3884
-15.7253
-12.9376
-11.4651
-10.8754
-10.5207
-11.4797
-14.092
-15.8851
-16.35
-17.6079
-20.1301
-21.952
-22.5385
-22.6664
-23.101
-20.4703
-18.3094
-18.9155
-21.7875
-25.3673
-28.5674
-30.0357
-27.3705
-23.462
-22.4392
-24.6388
-29.0766
-31.847
-30.3907
-27.7462
-25.144
-23.5886
-23.1549
-23.2007
-22.291
-20.5693
-18.6344
-17.2625
-17.0588
-17.6774
-19.4562
-19.9147
-19.3564
-19.8037
-21.6898
-23.7414
-22.9191
-23.0177
-24.8691
-26.5595
-22.0525
-19.566
-18.869
-17.3755
-13.4169
-10.7341
3.14245
14.0958
28.9769
37.2806
41.5381
43.9646
46.4977
48.4371
48.1785
45.1127
39.5837
33.4379
30.4546
34.6262
38.4128
39.152
36.2088
31.284
25.2947
24.5821
23.8917
23.4898
25.9692
28.8767
33.2292
40.0649
46.8317
51.2448
52.7551
51.3325
47.1734
41.5753
38.9488
41.4586
43.4989
43.8412
43.7493
44.2371
46.1331
48.1846
49.3965
48.4989
44.8142
37.7271
27.0733
25.6882
37.395
44.5462
47.0233
45.5499
40.8164
34.3482
27.3191
-8.79127
-11.611
-15.4478
-21.5496
-27.6717
-25.4083
-22.4774
-21.5904
-22.3297
-22.4625
-20.011
-16.7127
-15.1219
-16.0437
-19.229
-20.7102
-16.9407
-13.8734
-14.4936
-19.1538
-26.2061
-30.2367
-29.7389
-28.0056
-25.8465
-24.3194
-22.1371
-20.4533
-20.1536
-21.0273
-21.116
-19.2838
-19.0199
-21.3868
-26.4583
-32.5229
-36.4931
-37.4387
-38.7015
-37.6858
-35.9998
-32.725
-30.6935
-27.9174
-24.5094
-21.0968
-19.2141
-19.0267
-18.1486
-17.4806
-16.489
-16.1896
-16.9898
-19.5366
-23.7385
-24.8942
-26.6565
-24.3858
-24.3294
-25.3492
-27.5832
-25.4749
-22.4335
-19.5878
-17.8762
-0.186716
7.20749
17.3297
22.6896
24.0461
23.0948
24.0682
30.5688
36.5414
39.072
38.2482
34.7885
27.7097
23.7853
26.0347
28.3294
27.7735
27.2548
28.6853
30.9987
33.2694
35.1283
37.6671
38.6098
37.4934
34.7622
33.0833
30.6989
28.8587
31.5165
36.0006
38.696
38.9556
37.3542
34.442
32.5488
34.693
38.0624
39.3853
37.5662
33.6461
30.7725
29.7442
26.5235
18.5701
19.5888
28.9928
33.9119
34.2291
30.3465
22.8709
14.7563
9.73036
-19.4096
-18.8183
-17.9211
-20.3418
-25.1785
-27.167
-26.0222
-26.2571
-26.2852
-25.715
-25.1287
-24.3589
-23.3206
-22.1058
-21.7379
-22.76
-23.7424
-25.0118
-27.5256
-29.5367
-28.8047
-26.395
-23.6298
-22.1234
-22.9549
-26.2426
-30.4279
-31.6354
-31.7716
-30.3197
-25.9782
-21.824
-20.3077
-22.5463
-27.9399
-29.2205
-25.1214
-23.063
-24.6735
-27.6692
-26.3231
-23.9
-22.6286
-22.7008
-22.8368
-22.8647
-23.6838
-24.6156
-23.4771
-21.8483
-20.2671
-19.1931
-19.2655
-21.191
-23.7267
-24.4492
-24.8412
-24.5339
-26.3075
-26.2138
-30.1521
-29.3328
-27.9148
-24.027
-20.2955
-8.5638
4.50075
15.9463
21.6686
22.9712
20.7669
16.6945
14.4713
13.7964
13.8032
16.9996
22.296
22.8088
24.6785
25.6866
25.3362
21.83
18.4124
17.2359
15.7871
14.5988
6.22643
2.59625
5.04614
13.3716
11.121
14.3763
20.0242
24.0506
24.8118
23.4861
22.1598
20.658
22.5452
22.7666
21.3835
18.7674
15.645
12.6958
9.9789
11.6016
12.2837
12.8836
10.2653
8.43632
18.2112
26.0053
28.7269
27.1412
21.8706
15.2997
10.5075
7.0536
-9.53339
-14.2924
-19.2668
-21.2676
-22.1604
-22.3494
-21.9305
-21.8889
-21.1138
-19.3732
-18.6846
-19.8288
-21.6785
-22.3599
-22.2809
-21.3555
-20.3904
-20.7223
-21.9481
-21.8142
-19.4397
-16.7623
-15.9122
-17.9046
-21.1991
-22.2092
-20.566
-19.1345
-18.7103
-18.8651
-19.1345
-19.671
-21.4508
-23.5219
-23.4799
-22.1368
-21.8658
-23.4168
-25.9348
-27.6751
-30.1282
-34.422
-34.72
-29.0667
-24.7463
-23.7665
-25.4245
-28.2823
-28.1345
-28.4743
-23.4673
-19.2261
-17.7572
-18.6654
-19.8723
-19.4669
-21.364
-23.5876
-27.1739
-27.1758
-28.8823
-28.7028
-28.0696
-26.5165
-25.5723
-6.83961
1.82687
11.9189
16.4472
17.8071
17.0229
15.096
13.4175
14.7125
16.426
17.1966
17.5392
10.9315
9.53971
11.7243
14.6488
12.5941
12.1427
12.165
13.1326
15.3792
11.6498
12.7339
12.3554
15.88
12.9625
15.4289
16.4946
17.0882
16.512
17.6656
18.4814
15.5727
13.7487
12.052
8.27191
6.14869
4.96234
5.52645
4.56239
9.7965
10.9418
12.1623
10.5551
8.71616
16.2127
22.6203
24.2679
21.3721
14.3509
5.93977
0.744254
-1.82299
-8.55593
-11.5619
-15.9604
-19.9905
-22.5977
-22.6897
-22.7324
-24.5464
-26.206
-24.0911
-21.0854
-19.5234
-20.0754
-22.6848
-27.2542
-32.0496
-32.8165
-30.2133
-25.8002
-21.7318
-19.4765
-18.8221
-18.9596
-20.2573
-22.3416
-23.1312
-20.3469
-17.4368
-15.8142
-15.4264
-15.917
-17.28
-19.1131
-20.6745
-21.8757
-22.9709
-23.5514
-22.9825
-23.6001
-24.7797
-25.9692
-26.8006
-27.4233
-27.6201
-27.5701
-27.0258
-25.9704
-24.9113
-24.1474
-23.8467
-22.1673
-20.0104
-19.3583
-20.6098
-23.4603
-24.4588
-28.1928
-26.9005
-29.2191
-29.7834
-32.3604
-30.9736
-29.2301
-26.276
-25.116
-4.17407
1.62337
10.3653
14.57
14.2029
11.0754
7.3721
6.72112
8.24278
6.09481
4.39756
9.40602
2.1046
6.95377
10.2837
11.9538
7.46554
9.42615
10.9291
11.6951
11.4932
5.17335
6.33811
4.94175
12.6862
15.2865
21.2301
23.5527
22.7026
18.3302
12.4944
10.7146
2.95264
4.81688
5.1257
1.76561
1.58025
5.02953
7.93672
7.97416
8.64431
7.18154
6.52725
4.95056
8.1316
20.8374
29.0618
32.0029
30.3188
24.1166
14.8363
7.559
4.56162
-17.8934
-19.8566
-21.3906
-21.8767
-21.5316
-20.3657
-19.6699
-20.5996
-23.046
-26.8332
-30.9707
-31.1295
-28.0078
-26.428
-26.8145
-27.5852
-28.3987
-29.0448
-27.3457
-24.3469
-23.0002
-23.3844
-23.2116
-22.2317
-21.5208
-21.5482
-21.9402
-23.1724
-26.0076
-28.7923
-29.1416
-25.8707
-21.7785
-19.5703
-18.9424
-17.8428
-16.6398
-16.8792
-19.7213
-24.0263
-26.8433
-29.0864
-30.5012
-30.7662
-28.6382
-25.2834
-23.5399
-23.8787
-25.2435
-27.0077
-25.8411
-24.8767
-25.5157
-27.1321
-28.2858
-28.2462
-28.2265
-26.0575
-25.2475
-23.7854
-25.2617
-22.994
-19.6658
-18.307
-19.5986
-12.4926
1.01142
10.164
14.6835
16.0853
14.1952
9.90157
5.91517
7.73306
8.22633
9.15015
12.9482
6.01104
4.78978
5.44707
9.06789
8.73782
12.0249
12.5634
10.2366
9.19693
7.27121
11.9151
12.103
14.211
12.5489
15.3737
15.4158
13.9392
7.30307
0.699039
3.9234
-4.53644
-0.0849578
1.8432
-0.545455
0.487271
3.39102
8.26985
9.71931
11.1476
8.41752
5.48478
1.67652
7.57855
21.9285
30.9985
35.8547
36.7261
33.8233
27.2757
18.9911
14.9152
-20.2584
-22.2753
-23.4671
-22.7745
-21.1511
-20.4315
-20.8088
-21.457
-22.7129
-25.7273
-29.0376
-26.0707
-22.3293
-20.5149
-20.2936
-20.4621
-21.2188
-22.8338
-24.7028
-25.7349
-24.5447
-22.7821
-22.3968
-21.4706
-17.2137
-13.8488
-13.8252
-16.9813
-20.6641
-22.2358
-24.3078
-25.7737
-23.9198
-21.7563
-22.1298
-24.1191
-26.2158
-27.7593
-28.3578
-27.1745
-27.1876
-29.417
-33.4557
-34.4786
-30.541
-25.7212
-23.2697
-22.5188
-22.2667
-22.9574
-23.4029
-24.1431
-25.3806
-27.3922
-29.1369
-25.1448
-23.2719
-19.8192
-19.7168
-20.475
-22.125
-21.033
-19.8669
-20.8094
-24.164
-5.70841
-2.15414
7.83765
12.6028
14.5488
14.676
14.0819
16.272
17.693
17.1335
15.2774
17.3034
15.6433
15.1105
12.7731
11.8548
9.96325
12.2122
13.2819
12.1118
13.0366
11.152
13.6082
12.922
16.615
17.2701
22.3352
23.8775
22.4083
17.168
12.0739
11.9006
4.45411
2.60137
4.42076
6.70949
10.3247
11.9967
12.3987
10.929
12.0873
11.2849
9.54103
5.78845
13.8175
30.9782
41.5376
46.5223
46.8359
42.6274
33.83
23.2591
18.3542
-13.4634
-14.7162
-15.7617
-17.5597
-20.2533
-22.9968
-26.4939
-29.7876
-31.3036
-32.1768
-30.4676
-25.8648
-22.7391
-20.7242
-17.866
-15.4193
-15.0625
-16.5205
-18.0738
-19.2289
-21.4737
-24.7765
-26.5509
-25.1258
-22.3241
-20.6448
-20.7358
-21.7684
-23.5543
-26.2666
-29.8387
-29.9378
-25.8839
-22.1771
-20.4813
-19.9294
-19.2186
-18.7989
-19.0406
-19.0964
-19.1294
-19.6453
-20.5698
-21.2783
-22.0537
-23.2029
-24.9716
-25.9406
-23.8998
-22.4919
-21.9998
-22.4147
-22.3069
-22.2322
-24.1009
-25.4154
-26.4931
-24.3624
-25.8274
-27.8406
-28.9031
-27.3877
-27.5288
-28.6761
-28.0692
-8.16031
-5.76211
4.38009
9.39944
12.0172
11.6392
9.38283
9.62251
14.135
16.3317
16.4306
16.911
12.292
14.4146
18.1926
20.6175
20.0913
18.4677
17.4991
17.4393
19.7366
19.2482
20.4478
19.7583
19.2181
14.1265
14.2168
13.3744
13.9453
12.5799
11.7679
12.7773
9.83163
11.0493
11.0562
9.24698
7.56148
6.58174
7.69007
8.23391
11.0726
9.68043
7.5256
3.31602
13.0527
29.3931
38.7442
43.2804
43.7648
40.6252
34.2973
26.0034
18.8685
-10.2662
-13.702
-16.4061
-19.0386
-21.9226
-25.62
-30.4785
-33.007
-31.8188
-30.8355
-30.6855
-30.0248
-29.5357
-27.4184
-23.9803
-22.4252
-23.7717
-26.382
-25.8995
-23.374
-22.0715
-21.4595
-20.8246
-20.8252
-21.5023
-21.4694
-21.1624
-22.6666
-27.0148
-31.861
-32.4876
-30.6565
-28.8681
-27.068
-25.7583
-25.8043
-26.8111
-26.0907
-23.8416
-22.1743
-21.8039
-22.3356
-21.5526
-20.4089
-21.2091
-24.2877
-27.1513
-25.219
-22.4924
-22.8447
-24.4575
-25.9957
-25.3874
-22.6381
-20.918
-19.187
-19.4263
-18.959
-20.422
-22.0845
-24.5111
-26.1974
-29.6774
-32.2908
-31.0064
-11.0565
-3.83234
6.81108
11.5658
13.9319
14.0297
12.4178
9.58361
7.21873
6.64665
13.4927
20.1171
22.506
23.5216
22.0971
19.5051
15.1444
17.1673
19.307
20.442
20.7681
18.5064
16.2949
12.6566
11.556
9.46056
15.0502
15.9758
16.0433
13.491
13.3502
16.4014
15.8897
14.8204
10.8413
4.3309
1.28593
4.54029
9.358
12.0015
13.0119
11.2256
7.99565
3.75445
15.0905
29.883
39.3282
43.4933
43.5877
40.1284
33.6609
24.9281
17.0232
-8.73282
-15.3754
-20.8364
-23.2178
-23.1186
-21.5206
-21.252
-23.5675
-28.3745
-33.0372
-34.9071
-31.5401
-25.8832
-22.1106
-21.8719
-25.2313
-30.8074
-30.9275
-24.5675
-18.5228
-15.512
-15.5475
-17.8508
-20.6382
-21.1369
-21.4939
-22.339
-22.289
-20.942
-20.1678
-21.9813
-25.4439
-27.0301
-25.4676
-23.6657
-22.1514
-21.5933
-21.0603
-19.6143
-17.962
-17.9747
-19.9202
-22.6983
-25.3302
-26.8391
-25.8355
-21.2675
-15.6492
-12.3871
-13.2164
-17.5784
-23.1226
-23.2444
-21.6414
-22.8256
-24.7933
-26.983
-24.4135
-24.0478
-21.8391
-20.8081
-20.7621
-21.6916
-19.7597
-17.3849
-4.10245
1.2417
11.4596
15.8799
16.569
14.2034
11.2927
11.3114
11.6831
12.573
16.0027
20.2664
19.7211
18.7413
17.1428
17.0144
15.5958
17.2788
18.8301
19.7519
20.6398
19.7727
18.8956
15.6804
15.2123
15.3347
22.5667
26.6735
27.6294
25.0454
20.2452
16.6296
13.2803
13.2813
12.0718
9.66506
10.3323
11.2872
11.7283
9.65104
8.13836
2.82791
-0.965983
-5.26399
4.10792
17.8737
28.554
34.8864
37.3716
36.0943
31.0764
23.1684
17.2309
-4.57708
-7.53539
-11.4705
-17.9836
-25.8066
-27.9277
-25.5114
-24.0178
-23.8669
-24.5614
-25.6301
-25.3427
-23.3305
-21.717
-22.0958
-24.3711
-27.1681
-29.7056
-29.307
-25.7786
-23.4855
-23.0206
-23.6912
-24.9583
-26.0799
-26.4035
-26.4573
-26.9776
-27.5501
-27.117
-25.9548
-24.4225
-22.1348
-19.8534
-18.198
-16.9456
-16.3473
-16.6822
-17.9327
-19.5726
-21.2078
-21.3218
-20.6166
-20.4684
-19.8864
-18.9807
-19.1544
-20.9657
-23.0621
-25.8548
-26.5033
-25.7359
-24.3731
-23.2943
-23.6494
-24.046
-25.4801
-24.3162
-21.9774
-18.4979
-16.349
-15.5036
-16.8596
-17.8328
-16.9297
-8.42653
7.54794
18.1854
23.0505
24.3339
23.5496
23.4988
24.9076
25.288
23.0633
21.5318
24.1637
24.3809
23.6792
21.8731
20.7659
19.492
20.4891
22.5554
23.5908
25.4308
26.0546
25.1509
21.2795
17.3782
14.1064
18.7521
21.5255
21.6269
18.6118
15.7798
16.407
17.0754
20.74
22.9527
22.3075
20.1367
18.2949
17.5829
16.2986
14.1694
10.5952
6.40575
0.681717
1.1834
21.6761
36.2325
43.6869
45.7046
42.7944
34.5026
21.3155
13.0433
-4.21978
-13.2281
-19.4381
-22.1453
-23.9707
-23.6777
-22.6122
-23.2095
-23.3409
-22.2769
-22.4524
-25.354
-28.7083
-27.9969
-24.383
-21.1891
-19.7014
-20.3542
-22.1988
-23.311
-23.8288
-24.6353
-23.726
-20.8279
-19.2373
-20.5207
-22.2447
-22.0468
-22.3009
-25.4347
-27.8547
-24.4502
-20.9879
-20.3484
-21.6352
-22.5119
-22.6112
-23.2176
-24.4968
-24.8009
-23.3361
-22.1294
-21.5298
-21.0179
-20.2009
-19.509
-20.1362
-21.9535
-23.1503
-23.3646
-22.8152
-22.776
-22.3959
-21.0185
-20.4481
-20.2036
-20.4734
-18.5612
-18.3497
-18.4836
-20.0852
-21.8686
-23.9289
-24.8903
-23.794
-1.68606
8.25722
19.1838
24.0047
25.0196
23.6572
22.5653
22.7803
23.0687
22.3715
22.325
23.6653
23.804
23.6721
22.3682
20.844
19.1763
21.8706
23.8821
25.2238
25.8439
24.4439
21.7584
16.4683
12.5905
16.8551
24.3386
28.2321
28.1555
24.8523
21.9017
23.4876
23.9243
23.9569
23.0021
21.5927
20.6557
20.0146
20.0374
19.6444
18.6444
16.2621
12.6316
6.61141
5.65993
27.8942
42.3591
49.7597
51.7557
48.8525
40.5543
26.965
15.8381
-6.4145
-13.6884
-17.8077
-18.6581
-19.5889
-20.1442
-19.4344
-18.8904
-19.925
-22.8158
-27.1433
-30.6935
-30.7332
-26.7962
-23.0899
-21.2193
-21.3802
-23.1939
-24.6192
-23.7978
-22.2865
-21.8587
-21.3886
-19.9549
-18.7889
-19.3133
-21.528
-24.1397
-25.4742
-24.0119
-22.3681
-23.0248
-26.1439
-27.3083
-24.9023
-23.7096
-25.091
-27.9159
-29.6858
-28.1612
-24.3817
-21.5978
-21.3661
-22.95
-24.2216
-23.268
-21.6296
-21.1957
-21.9344
-25.1108
-26.2382
-23.6545
-20.2222
-18.6499
-19.9347
-22.9384
-26.3796
-24.1905
-22.4402
-21.8883
-23.9624
-25.3057
-26.243
-25.2115
-23.5101
-9.55911
5.03106
15.9649
21.1152
22.8703
22.4025
21.2166
19.9548
19.3335
19.2637
19.3359
19.8241
17.5671
17.4443
17.9086
19.3276
19.9378
21.2443
20.8511
19.6185
19.2169
16.7135
13.8805
7.54269
9.11886
8.46961
14.0904
15.3373
14.9252
11.9652
13.7441
18.3186
20.2482
21.8107
21.9006
19.5714
16.3011
14.2123
15.4081
16.2316
16.1679
12.9961
7.99922
0.616035
2.21188
23.1539
37.4124
44.8428
47.0294
44.5369
37.2362
25.761
15.2486
-12.2685
-16.7848
-19.3297
-20.1898
-19.5951
-18.8326
-19.3117
-21.5519
-24.3855
-26.5937
-27.8882
-27.7875
-26.6807
-24.9731
-23.4207
-22.5772
-21.9252
-20.5218
-18.6252
-17.5875
-18.0706
-19.5171
-20.1856
-19.2266
-17.6619
-16.478
-16.4926
-17.9906
-20.5917
-22.4544
-21.6938
-19.9042
-18.0669
-16.9624
-16.8884
-18.0154
-19.4475
-20.0173
-20.8117
-22.0743
-21.8059
-20.2217
-19.6452
-21.1228
-24.2941
-25.3846
-22.2751
-18.2286
-15.2731
-14.014
-14.5751
-16.7462
-19.9624
-23.2117
-25.4953
-24.7319
-21.2281
-16.6513
-14.6773
-14.5202
-15.0091
-14.4179
-14.078
-13.8483
-13.1958
-5.10661
-3.56816
4.37043
7.26975
8.93681
9.7563
10.6591
11.7799
10.9469
10.7455
11.7398
13.363
9.26816
7.54514
7.52398
9.73287
10.1435
11.3696
10.5353
7.70592
7.25775
2.83061
2.63653
-1.74309
2.59241
0.605359
7.59728
8.16342
9.31079
8.53551
10.3104
13.793
12.6218
11.427
8.91615
4.41462
-0.332403
-2.25904
1.49604
1.3629
2.00805
-4.7702
-12.2961
-15.6919
-2.32267
12.9565
24.281
29.7721
30.4828
26.6136
17.7733
6.12889
2.28701
-20.4297
-21.8553
-23.9638
-26.0422
-27.0142
-27.2243
-26.9317
-27.3204
-28.0367
-27.516
-26.1343
-25.021
-25.3853
-26.3926
-27.3174
-27.6555
-27.475
-25.4073
-22.8105
-21.2893
-20.9845
-22.2478
-25.2126
-26.4549
-24.1321
-23.0812
-23.9535
-23.9166
-21.2742
-19.4348
-19.7489
-21.9428
-24.3767
-25.2767
-25.9346
-26.4453
-24.9352
-22.3349
-21.55
-22.8834
-25.084
-26.2671
-25.1137
-24.2522
-24.3834
-23.8657
-21.7218
-20.0252
-20.4626
-23.4183
-25.1099
-23.2704
-21.4481
-22.223
-25.851
-26.5731
-23.8698
-18.1844
-16.3368
-16.7295
-18.6739
-19.7075
-21.4445
-22.8852
-22.0286
-12.1512
-5.74134
2.65283
10.7518
16.953
20.5597
21.8905
21.221
19.9278
18.3943
17.2704
16.6737
13.0977
11.7884
13.4466
16.1733
15.027
13.7029
11.506
9.87906
10.816
6.55461
6.6152
3.64519
7.2851
6.16435
11.5945
13.1517
13.0764
9.18004
5.5627
6.57433
4.46196
7.16734
7.66946
3.66725
-1.18202
-6.12804
-2.88533
0.220662
5.7926
5.19758
2.83321
-2.74091
-8.56459
-3.41943
8.61621
15.8603
18.7187
17.8784
13.9842
8.06413
1.26937
-19.5689
-23.6369
-28.9461
-31.8679
-32.2965
-31.4636
-30.281
-28.6188
-26.2078
-22.9327
-19.2676
-16.94
-17.371
-20.4576
-23.935
-25.2111
-25.8469
-26.7962
-28.1253
-28.1085
-25.5626
-24.035
-25.4468
-28.0941
-26.6775
-23.6087
-21.5434
-20.0009
-19.0689
-19.301
-21.1019
-23.7916
-26.5285
-27.7686
-27.3476
-25.7976
-23.9991
-21.8565
-21.2768
-23.1442
-26.2293
-26.5522
-24.8404
-23.916
-23.8397
-23.7152
-22.415
-20.6348
-20.6084
-22.5903
-21.8335
-17.9463
-16.4349
-18.2203
-22.0321
-23.5551
-24.5278
-23.0385
-23.1362
-23.3237
-25.0299
-25.6033
-23.2026
-20.0966
-18.3531
-8.15396
-1.03399
9.61541
15.0156
18.7189
21.9644
24.7436
26.3424
26.434
26.965
27.9551
27.6424
23.6358
18.7709
18.4555
23.4064
27.1273
28.9399
28.4992
27.0588
26.3441
24.332
20.8721
14.9864
12.514
11.5368
16.3335
18.6303
19.1403
17.1928
15.844
18.0632
18.7377
18.9655
16.4349
10.7224
5.25922
1.16905
1.96162
2.46211
4.62778
2.90361
0.426323
-4.46917
-4.34574
17.485
31.6738
39.1271
41.4589
39.3544
32.9075
22.9652
12.6317
-25.6819
-28.1178
-29.9834
-29.0625
-26.2205
-24.2956
-24.3192
-24.6121
-24.1474
-24.0722
-25.2314
-26.8134
-26.562
-24.3189
-21.9079
-20.0315
-18.9709
-19.5421
-22
-24.718
-25.7509
-26.7062
-29.6953
-33.2028
-30.21
-24.7424
-20.5802
-18.2064
-17.8913
-19.1386
-20.3065
-20.6172
-21.9599
-23.8533
-24.183
-23.8751
-24.7184
-26.7168
-27.2911
-25.4338
-24.6287
-24.6264
-24.4898
-23.8971
-24.0679
-24.3781
-23.8326
-22.2105
-21.0688
-22.2221
-24.5693
-26.5488
-27.1139
-26.241
-25.5581
-24.3594
-25.7905
-25.8195
-26.8025
-28.3873
-28.5557
-25.2883
-24.5696
-24.6126
-23.5606
-8.20439
0.0201885
9.82638
13.5163
13.3462
9.84046
4.10781
2.50459
6.09846
10.3601
14.2267
17.5186
15.928
13.5335
11.2607
14.302
17.2839
19.3189
18.0285
14.5008
12.6562
8.92281
8.44324
4.55375
7.90303
6.68301
11.7201
14.7918
17.5476
17.9015
17.0942
15.7794
13.9007
14.4328
13.9544
10.9634
7.29944
4.231
4.26985
2.23383
3.60042
0.389576
-2.80821
-7.85561
-1.67805
21.0483
35.4739
42.9324
45.2133
43.0141
36.607
27.7349
20.6706
-17.5174
-20.3031
-22.9382
-23.8951
-23.4087
-21.8194
-20.7385
-19.2985
-17.9349
-18.1034
-20.7405
-23.8686
-22.7901
-20.6812
-20.4093
-21.4253
-22.7065
-23.9569
-24.9152
-24.8212
-25.1862
-27.6858
-31.526
-33.7985
-33.6005
-33.552
-31.142
-26.429
-21.8735
-19.4558
-19.6637
-22.3961
-26.9143
-30.0215
-29.6107
-28.7054
-28.9472
-28.4014
-25.2212
-22.0065
-19.7133
-18.1654
-16.7981
-16.6459
-18.38
-21.3847
-24.6816
-27.1789
-27.4898
-28.8082
-29.4719
-29.731
-28.7962
-26.5407
-23.462
-21.3807
-22.4725
-24.7412
-27.0203
-26.4079
-26.1649
-24.5595
-24.0657
-24.0872
-22.8725
-9.79699
-5.36559
2.77082
4.3236
2.72977
-1.60894
-7.65529
-9.41996
-6.16515
-12.4025
-12.4088
2.50149
-15.9693
-15.5776
-8.76129
0.103905
-4.26169
0.189801
0.00890004
-4.09319
-0.378096
-14.3015
-5.18615
-12.2126
0.212328
-11.5569
-0.778456
-0.705938
3.04881
1.83343
1.64275
3.79679
-1.3019
2.0709
4.25893
1.91152
0.607865
0.0954635
1.82735
1.24228
2.8935
-2.38011
-8.74642
-17.5332
-4.97543
13.1207
27.5988
35.0506
37.3397
35.3798
29.8365
22.724
16.2298
-20.5082
-22.9721
-24.6902
-26.2703
-27.6851
-27.6421
-25.6679
-23.8575
-24.0888
-25.7793
-24.6749
-19.6886
-16.0055
-15.5022
-18.2719
-23.2971
-26.2286
-23.5291
-19.2281
-16.3486
-15.8116
-17.7446
-21.1954
-23.229
-22.3489
-21.6648
-21.6837
-21.863
-21.4416
-19.7384
-17.8345
-17.0165
-18
-20.6149
-22.3244
-20.332
-18.085
-18.2465
-20.8358
-23.3379
-22.9336
-20.1357
-18.2217
-18.5152
-21.1
-25.1348
-28.4238
-28.6156
-24.9588
-22.4912
-21.5041
-23.0837
-26.8427
-29.7007
-29.2426
-26.4379
-25.1866
-22.5405
-21.3279
-21.315
-22.9473
-23.0929
-22.2912
-20.6262
-19.7971
-11.618
-8.55241
0.00267845
1.2838
0.21545
-3.23142
-8.33356
-9.93188
-6.59018
-12.1242
-11.9794
1.81035
-16.2946
-20.1264
-18.046
-5.23255
-14.5497
-4.41616
-2.3823
-5.824
-0.88498
-16.403
-6.76442
-15.622
-0.860606
-12.6323
-3.24346
-8.47865
-6.00341
-15.3809
-11.5529
-1.91222
-17.7859
-10.9888
-7.59499
-15.6957
-15.4455
-14.7166
-7.93316
-10.2699
-5.29069
-13.5806
-17.5338
-21.1727
-6.42173
8.12216
19.5015
26.1346
29.1839
29.5658
27.8317
24.1363
18.2755
-24.943
-23.4244
-21.9039
-22.4835
-24.5601
-24.7917
-23.2779
-22.5853
-24.1827
-26.7269
-26.8334
-23.4795
-20.6965
-20.0696
-21.3872
-23.2766
-23.6365
-22.0448
-19.3105
-17.0415
-16.5192
-18.1319
-20.9881
-22.0087
-20.4137
-19.3109
-19.3825
-19.4214
-18.4477
-17.1585
-17.0569
-18.5234
-20.0301
-19.5251
-17.7986
-16.4814
-16.5176
-18.0464
-20.5442
-22.7329
-23.3535
-22.1658
-20.1165
-19.1015
-19.9047
-22.2224
-24.8469
-24.245
-19.4597
-15.8165
-14.9057
-17.0661
-20.9204
-22.9269
-22.0066
-20.0714
-18.9576
-16.9329
-15.6135
-15.6827
-17.714
-19.7128
-20.2139
-19.8154
-18.7352
-9.35061
-10.5868
-4.60584
-5.53868
-4.95171
-3.0399
-2.61206
-0.711045
-0.0242069
-2.19179
-2.84183
4.49205
-3.38734
-4.30087
-5.51881
0.645772
-0.645961
3.89308
3.80385
0.817998
2.94907
-6.3872
-3.41602
-7.75689
1.88503
-5.45468
-0.303726
-6.42442
-4.92163
-14.8276
-10.1414
-1.73015
-19.3971
-12.0106
-9.72304
-20.9075
-20.7487
-19.4421
-10.1938
-13.9102
-6.39112
-14.0257
-17.0332
-17.5259
-9.30324
3.94578
15.4235
23.1603
27.6418
28.8116
26.5402
20.6283
11.4915
-23.8921
-21.6126
-19.7657
-20.1202
-22.0829
-22.8854
-21.6888
-19.5099
-18.0661
-18.0799
-19.0015
-20.1129
-21.5806
-23.2919
-24.1235
-24.2979
-24.0233
-22.9589
-19.5256
-15.5121
-13.944
-15.9873
-21.6398
-28.0584
-29.3629
-27.5005
-24.864
-22.2304
-20.1253
-19.0676
-19.6054
-21.6882
-23.653
-22.8291
-20.3758
-19.4485
-20.8694
-22.6085
-21.8464
-20.0992
-20.3955
-22.644
-22.6131
-18.9279
-16.2625
-16.2046
-18.505
-21.3722
-21.9677
-21.549
-21.7138
-22.5389
-22.8117
-22.8651
-23.5283
-23.3083
-22.2986
-19.6112
-18.4064
-18.7966
-20.8226
-22.337
-23.7736
-23.2446
-19.1897
-9.94562
-8.37843
-0.260213
2.34913
3.98723
5.12096
7.9791
10.6192
11.7286
10.5478
9.94559
12.5461
9.25609
7.31659
5.14982
7.23677
8.6826
11.2978
11.373
10.0488
9.72626
5.1207
3.93471
1.44464
5.91285
3.1898
6.39742
3.3409
1.92137
-2.89612
-3.69838
-0.413363
-11.6605
-8.87057
-7.04397
-14.0042
-16.9616
-18.4636
-11.4068
-15.9734
-7.7769
-16.517
-20.417
-21.3746
-13.7655
0.470387
13.8651
21.9762
25.9551
26.161
22.6399
15.1618
3.66421
-20.7762
-21.7818
-21.0778
-20.4212
-20.7443
-21.671
-23.1741
-24.5371
-24.1631
-22.5889
-21.158
-20.7285
-21.9154
-23.7386
-23.8053
-22.7065
-22.2673
-23.0613
-24.0624
-24.0265
-23.8094
-24.8144
-26.1938
-26.4559
-25.7513
-24.975
-22.8813
-20.7117
-20.4187
-21.8344
-23.2643
-23.9692
-23.6857
-21.7171
-18.6156
-16.5966
-17.0245
-20.3855
-25.6582
-27.3701
-24.8747
-22.6875
-21.0325
-19.351
-17.6383
-16.8662
-17.9606
-20.2631
-21.3668
-22.0656
-23.0167
-24.738
-26.7523
-29.6245
-32.3534
-29.354
-26.83
-23.5926
-21.9469
-20.2932
-19.867
-20.7147
-22.8294
-24.7131
-23.5389
-9.07095
-2.94029
6.31233
9.49575
9.21927
5.94345
1.58503
0.265409
1.96215
2.11632
3.31473
7.03392
1.54259
0.586926
2.80433
9.48278
12.7249
14.7445
13.9434
11.6479
10.7641
5.8749
5.76149
5.37557
10.4432
11.9033
14.1816
11.8448
8.03577
1.63976
0.302097
2.7434
-4.95939
-3.31915
-2.66814
-6.89452
-8.57115
-9.94421
-7.43087
-11.332
-6.12366
-13.8514
-17.4565
-19.2594
-13.8759
-1.66732
12.3239
20.5106
24.1863
23.8817
19.7244
11.748
0.694361
-8.83341
-13.1654
-16.7122
-17.4938
-15.7906
-14.3615
-15.4844
-18.9317
-22.8154
-24.8084
-24.3578
-22.8293
-22.3953
-22.6286
-22.6664
-22.2
-21.351
-19.9051
-17.6612
-15.61
-15.3224
-17.6533
-22.3648
-27.742
-28.9977
-26.4763
-23.155
-21.0277
-19.4809
-17.9097
-16.661
-15.3443
-13.828
-12.6078
-12.7079
-14.3956
-17.37
-20.0586
-21.262
-21.646
-22.0567
-21.3193
-19.168
-17.3086
-16.4846
-16.795
-17.7386
-17.6927
-16.3259
-16.5473
-18.5313
-22.4211
-26.6315
-27.9617
-23.941
-19.0899
-16.7026
-14.6074
-13.3784
-12.9718
-14.6152
-17.2809
-18.4114
-17.44
-16.9046
-9.76993
-5.33003
3.16568
6.37162
6.6501
4.68344
2.22786
0.803749
-0.439499
-4.98753
-5.06137
3.35562
-5.52154
-6.40031
-5.39323
0.0795267
-6.19804
-1.68483
0.589941
0.438683
2.87261
-3.54557
-0.0725835
-0.583081
5.20716
0.60064
2.16179
-2.96197
-2.75742
-5.9351
-4.39723
0.284709
-11.1055
-8.28442
-5.19232
-9.13504
-8.91984
-8.31207
-4.70706
-7.87794
-4.995
-12.9154
-18.1633
-22.3987
-15.0545
2.28262
17.5968
26.9735
31.3628
31.4497
27.4359
19.4165
8.76782
-2.40892
-7.71216
-13.6912
-17.8427
-20.5531
-21.5696
-22.9731
-24.7725
-26.5392
-26.9987
-26.0588
-24.5149
-23.878
-24.2954
-25.059
-24.8788
-23.7339
-23.1441
-23.3236
-23.6721
-24.6854
-26.8873
-29.2505
-29.6164
-28.0753
-26.3385
-24.8227
-24.0915
-24.0703
-23.8514
-23.8163
-25.1425
-26.2642
-23.9467
-21.1246
-20.9349
-23.5489
-25.953
-24.9385
-22.8093
-21.3945
-20.4623
-19.7997
-19.1066
-18.5873
-19.2114
-21.5062
-24.4331
-24.2078
-22.953
-22.1082
-23.169
-25.1743
-25.3301
-23.3763
-21.45
-22.5456
-23.5428
-23.631
-22.6128
-22.6915
-22.5745
-22.0178
-22.1296
-23.9022
-12.6919
-9.7352
-0.252207
2.42958
2.5324
0.0428933
-3.56491
-4.95987
-5.45969
-11.7655
-10.2335
2.65796
-6.23299
-6.3648
-6.9224
-2.4026
-8.62843
-1.82151
-0.256899
-2.03038
1.06335
-8.9862
-5.10748
-7.8577
1.47905
-2.82955
3.2609
1.37029
0.495861
-5.75755
-7.97145
-2.11184
-17.7283
-10.5214
-6.51686
-10.9306
-10.0267
-10.0396
-7.06619
-11.4137
-6.19465
-12.7719
-15.6545
-19.9095
-15.6
6.47694
22.3942
31.4309
35.4905
35.52
31.9369
25.177
16.0549
-2.13094
-5.33997
-10.6981
-15.782
-19.7392
-21.7274
-23.3756
-24.4912
-24.0523
-22.8936
-22.0692
-21.4333
-20.9449
-20.3772
-19.2145
-17.8051
-17.5286
-18.9362
-20.7432
-21.0048
-20.7582
-21.1917
-21.2
-20.5888
-20.142
-20.0129
-19.2968
-18.9988
-19.6706
-20.403
-21.4264
-23.8494
-26.9953
-27.402
-26.4058
-26.1662
-26.5659
-25.8657
-22.9113
-19.6314
-17.9754
-17.378
-17.2213
-17.6357
-18.325
-18.8842
-20.4226
-23.8853
-25.14
-22.6561
-19.5401
-17.993
-17.7034
-18.1511
-19.1214
-19.5944
-21.0406
-21.1594
-21.3237
-21.3356
-21.1791
-20.167
-19.933
-20.8581
-21.4568
-8.72591
-0.825564
9.01403
12.7292
12.2339
7.872
0.450371
-4.95595
-7.14758
-15.7624
-15.1403
0.948546
-8.94236
-7.63957
-7.7513
-2.69209
-11.8052
-4.19728
-3.17349
-6.23563
-2.44974
-14.9454
-5.90896
-9.29343
0.340859
-6.63673
-0.540737
-6.41334
-6.45019
-16.5828
-14.0265
-3.26509
-20.2457
-11.93
-8.22144
-18.0182
-17.0094
-15.4018
-9.19368
-14.1135
-7.56657
-14.634
-15.2503
-16.5549
-10.9294
4.12511
19.1715
27.8772
31.6114
31.3589
27.8616
22.4851
17.0366
-8.1351
-12.6845
-18.913
-21.1159
-19.5012
-18.8141
-19.9857
-22.5538
-24.4717
-23.8555
-22.2232
-21.7278
-22.3681
-22.2557
-20.7794
-18.9238
-16.9881
-14.638
-11.4571
-9.35077
-10.0414
-14.2759
-20.9979
-24.6641
-25.3553
-26.3361
-26.7894
-25.4884
-24.0732
-23.0771
-22.2786
-21.1702
-20.3992
-21.1522
-23.0593
-23.2658
-21.2364
-20.3074
-21.6219
-24.1577
-24.2074
-21.4976
-18.9702
-17.9098
-18.2218
-19.489
-21.3485
-23.0016
-22.6336
-20.7011
-17.8759
-15.5321
-14.7704
-15.3277
-16.4246
-16.345
-15.2157
-13.8853
-14.6704
-16.6293
-18.6288
-19.2812
-20.0686
-20.9049
-20.8605
-9.67548
2.43538
11.8584
15.6268
15.2059
10.9852
4.7714
-0.408449
-2.16442
-9.01524
-12.6931
0.475482
-9.89469
-8.65776
-8.28948
-3.8926
-14.2116
-5.80541
-3.51645
-6.60378
-2.08928
-14.3007
-7.55229
-13.5956
-1.93367
-13.0971
-3.08873
-9.87563
-8.03968
-16.5558
-12.2758
-2.86089
-17.4924
-11.3553
-9.25709
-19.3238
-18.8829
-17.2918
-10.7945
-15.6049
-8.56695
-17.2885
-19.1572
-18.5787
-8.71023
2.7927
12.637
18.6668
21.8143
22.3056
20.2846
16.4559
12.7317
-9.29328
-13.7665
-17.9528
-16.9347
-15.662
-16.2299
-18.2311
-20.2379
-20.8417
-20.2055
-20.2283
-21.9395
-23.5161
-22.8593
-21.8355
-21.13
-18.5625
-15.2373
-13.4162
-13.5782
-14.9554
-17.0156
-19.8093
-23.0195
-25.3942
-26.4854
-25.7067
-23.9876
-23.3936
-23.7818
-23.3874
-22.0898
-21.1945
-20.2743
-19.251
-18.9274
-20.0653
-22.0609
-24.2797
-25.6206
-23.5788
-19.3337
-16.4478
-15.6737
-15.7903
-16.3045
-17.4653
-19.047
-19.8532
-20.7846
-21.4712
-21.5254
-22.2365
-23.5501
-24.1511
-22.1029
-20.164
-19.0274
-20.1142
-21.9652
-22.3845
-19.4468
-16.8103
-15.8937
-16.9421
-9.63937
-1.77654
7.75057
11.5011
12.2991
10.6227
7.3551
3.65944
-1.14264
-9.4412
-12.7695
0.73849
-12.6974
-13.3511
-11.9535
-4.46912
-12.847
-4.73944
-3.15746
-6.54532
-2.24004
-16.6816
-8.01087
-14.0065
-1.5221
-11.4198
-3.02819
-9.10856
-7.78222
-17.5762
-12.7015
-2.73036
-15.1034
-9.61929
-8.12107
-16.6444
-18.5664
-17.3824
-9.55409
-11.5109
-6.48499
-14.1667
-18.0097
-17.9525
-5.12824
7.38781
15.0606
17.4984
15.5739
10.2702
4.98309
1.9444
-0.640785
-4.7047
-10.4786
-17.8181
-21.2032
-23.5391
-25.6752
-26.3521
-24.611
-21.6157
-19.04
-17.5935
-17.2256
-18.01
-19.9436
-21.3918
-19.983
-17.5047
-16.2374
-16.1901
-16.493
-16.5603
-17.1362
-18.9067
-20.1575
-19.3053
-19.2359
-21.3736
-22.9411
-21.351
-18.2552
-16.0418
-16.2156
-19.0522
-22.7718
-23.7158
-22.4877
-20.9165
-19.9307
-20.6157
-21.8496
-16.9128
-8.17781
-3.47379
-3.08052
-6.36225
-11.6982
-16.5305
-21.4426
-25.4794
-25.8906
-24.7969
-24.7439
-25.6429
-26.0688
-26.1274
-24.9687
-23.8502
-21.9777
-21.8699
-21.3144
-20.5863
-19.7673
-20.4772
-21.2924
-20.643
-11.0423
-8.8269
-0.751577
0.918784
0.451224
-1.75167
-4.40405
-5.60055
-6.65663
-10.9492
-9.84512
1.11594
-10.0107
-11.2093
-10.3152
-2.97767
-10.7402
-4.04291
-2.66908
-6.96867
-2.35854
-16.4663
-8.19237
-12.3458
-0.668299
-9.37202
-2.05907
-6.68886
-5.93037
-14.7882
-12.6343
-2.8136
-18.4379
-10.6962
-7.75812
-16.5735
-17.1688
-14.9433
-8.2017
-10.2729
-5.20513
-10.9316
-12.7495
-14.5298
2.53917
17.4481
25.9857
28.8543
26.756
19.2305
5.26681
-7.92155
-6.96035
1.09782
-4.78767
-13.3528
-19.8326
-22.6421
-25.09
-25.8052
-24.6224
-23.4002
-22.7404
-20.4293
-16.2922
-13.3318
-12.9843
-15.0143
-17.4129
-18.1178
-16.5338
-11.6489
-7.40905
-6.42618
-9.2018
-14.9084
-19.2174
-19.8805
-20.9568
-23.2372
-24.2879
-22.1503
-17.3853
-13.8676
-13.4799
-16.4578
-21.2677
-22.6818
-20.4794
-19.2012
-20.1377
-22.3059
-21.4448
-11.9302
-2.35452
2.27666
2.17505
-2.41468
-10.5741
-16.9843
-19.967
-20.4667
-19.97
-19.5381
-19.7483
-20.0738
-19.7485
-19.5567
-19.6299
-19.7797
-19.5447
-20.1462
-21.0407
-22.4549
-23.8206
-25.5458
-25.4993
-22.7193
-10.8022
-5.99095
3.16974
6.55608
6.4699
2.77859
-3.26021
-4.99291
-5.23251
-7.82771
-5.87288
2.86386
-4.09768
-2.50551
0.547788
4.2816
1.7002
2.55982
1.78142
-2.18334
0.0605343
-8.69162
-6.6692
-12.4899
-1.56255
-7.68692
-0.887138
-5.23976
-5.37021
-13.7256
-12.2494
-3.59066
-24.1745
-14.4805
-9.72471
-20.8505
-19.741
-19.9841
-11.5155
-14.571
-7.13888
-12.8267
-15.1623
-17.3598
2.80241
18.1771
26.7584
29.6469
27.5831
20.2174
7.04262
-5.81367
-11.2248
11.2402
5.3151
-1.99313
-8.67564
-13.5116
-15.0252
-14.7078
-15.1369
-17.0136
-19.1172
-20.0006
-18.5648
-16.5486
-15.4409
-15.6317
-16.3071
-16.1918
-14.611
-10.5857
-6.77785
-5.843
-8.51506
-13.6242
-15.365
-13.6967
-14.0395
-17.0713
-20.6857
-21.131
-18.4704
-15.4971
-13.7291
-13.5069
-14.9122
-17.2077
-17.4155
-15.6867
-15.275
-16.7792
-15.4392
-6.71036
2.18265
6.55159
6.33664
1.64197
-6.33359
-9.82833
-9.14373
-10.1857
-13.8025
-16.8385
-16.6117
-15.6058
-15.1593
-15.6364
-17.3223
-20.3583
-21.124
-19.458
-17.2223
-16.0407
-13.8863
-12.685
-13.5225
-15.4746
-8.48226
0.685216
10.4878
14.2661
13.6669
8.43692
-0.964651
-8.80399
-7.6618
-13.8148
-13.6012
0.206292
-14.8846
-14.2484
-10.145
-2.48632
-5.51715
-0.185039
1.52773
-0.863616
1.12717
-7.09471
-4.73512
-8.19315
1.80593
-1.00086
1.95467
-2.35583
-3.61544
-8.2658
-6.97534
-1.78724
-15.7603
-13.6105
-10.4881
-21.2401
-20.0046
-19.9407
-11.45
-14.0025
-7.26152
-14.5177
-19.0444
-21.038
-3.42141
10.5142
18.6682
21.3096
19.015
11.4413
-0.696545
-6.05928
-6.78376
9.11621
1.16849
-8.84643
-15.5868
-16.5542
-16.2134
-16.7341
-17.5667
-18.2557
-19.1772
-20.2541
-21.3324
-22.7781
-23.1693
-20.4921
-16.215
-13.3111
-13.1235
-15.314
-18.1189
-19.6356
-20.9698
-21.3125
-19.3233
-17.1379
-16.5775
-17.3356
-18.3784
-18.9836
-18.5393
-17.5253
-16.5453
-16.3456
-17.4311
-19.4316
-21.1167
-21.0822
-20.7856
-21.2303
-18.2423
-6.96071
2.69318
7.04349
6.51906
1.04843
-9.65119
-19.2836
-21.4492
-20.1522
-17.7988
-15.689
-15.8492
-17.6925
-18.5387
-18.2898
-18.7431
-19.8552
-19.7432
-20.3397
-21.0267
-21.6792
-20.2516
-19.1694
-18.6192
-18.2636
-9.68079
-2.77989
6.73353
10.236
9.69076
4.94129
-3.15885
-6.91793
-8.43219
-15.9546
-17.4117
-0.925949
-18.8216
-20.3429
-17.871
-5.77866
-15.2404
-6.06745
-3.42193
-8.49161
-2.92207
-17.0068
-9.20999
-17.7029
-3.08273
-13.6332
-3.16196
-8.27586
-6.95591
-13.4058
-10.7083
-3.61665
-20.8996
-13.5311
-9.37972
-16.6564
-15.2961
-16.0974
-11.0145
-14.32
-8.17133
-15.1607
-17.4101
-18.2402
-9.54816
1.20392
9.06914
11.7143
9.53621
2.21973
-9.3496
-14.6894
-16.8945
4.97326
-0.314796
-8.24669
-14.5938
-14.8588
-14.2785
-16.0246
-19.5882
-23.0099
-24.329
-22.8497
-21.1323
-20.9738
-22.3272
-24.2195
-24.8269
-23.2164
-21.7634
-22.1427
-23.6996
-24.4844
-24.1803
-23.4495
-22.7941
-22.2028
-23.0117
-24.2903
-24.3728
-22.7498
-20.1838
-18.622
-19.3796
-22.6665
-26.0863
-24.7115
-21.4489
-19.2095
-18.374
-18.9371
-14.3361
0.313007
11.113
15.8892
15.6068
10.2331
-1.21832
-16.8772
-27.5598
-26.5115
-24.2385
-21.9064
-20.4589
-19.544
-18.516
-17.3376
-15.916
-16.0846
-17.3944
-20.6265
-22.728
-22.0509
-19.4866
-18.1107
-18.1032
-18.3338
-11.5804
-6.7415
2.1572
5.35862
5.08697
1.44761
-4.58722
-8.99477
-8.40178
-15.6568
-15.4428
-0.49776
-14.7806
-17.4209
-17.9593
-6.10278
-15.7523
-6.27737
-3.59661
-9.47191
-3.29355
-18.7461
-10.7097
-18.4815
-3.12297
-14.7142
-3.92615
-9.8227
-8.34979
-18.3451
-14.0351
-4.47073
-23.8061
-14.7135
-10.4614
-18.0427
-17.142
-18.0107
-11.3256
-15.6011
-8.13006
-15.5997
-17.6908
-18.4033
-12.6264
-7.85665
-1.71019
0.64087
-1.14222
-7.04547
-15.4813
-19.348
-19.0472
5.26698
0.304713
-7.73489
-14.9836
-20.0177
-23.0729
-24.8702
-25.3936
-25.3017
-24.595
-22.648
-20.8899
-20.5445
-20.6287
-20.1609
-19.9003
-19.7589
-18.5393
-16.945
-16.5222
-17.0811
-18.0905
-19.2495
-20.4357
-21.2482
-22.4727
-24.6201
-26.5549
-26.4338
-22.8988
-19.2704
-18.1122
-19.3982
-20.2549
-17.9468
-15.1108
-13.3031
-12.431
-12.9397
-8.92885
5.4782
16.2542
21.0263
20.7407
15.3641
3.90053
-11.7672
-22.3973
-22.9415
-22.4167
-22.2355
-22.0761
-20.185
-16.6478
-14.0185
-13.546
-15.3211
-17.6584
-18.7611
-17.4485
-15.5546
-14.0019
-13.5856
-14.0889
-15.3993
-8.936
2.70681
13.7615
18.7542
19.2537
15.6418
9.74759
8.17587
7.94119
5.23767
1.53102
3.17489
-4.26505
-4.66391
-3.84051
1.03302
0.156389
4.03776
6.53957
5.36134
6.35365
1.54239
-0.690355
-5.51301
0.245919
-4.05008
1.10913
-2.57609
-3.95028
-10.1288
-8.01422
-1.9766
-9.16639
-6.99629
-7.44753
-16.3381
-18.9722
-19.0597
-11.7211
-16.433
-8.62392
-17.5673
-19.1263
-19.266
-14.4469
-13.8851
-9.85993
-8.05799
-9.5951
-14.3353
-19.5485
-20.1703
-19.5383
11.9505
5.99637
-4.34199
-14.4361
-20.92
-24.2643
-26.7766
-28.8118
-26.1447
-21.6956
-19.576
-20.1041
-21.7777
-22.0765
-21.4838
-21.3472
-21.3504
-20.2046
-18.1512
-17.1152
-17.4093
-17.8641
-18.1284
-19.2128
-21.2742
-23.2966
-23.8911
-22.3899
-20.2155
-19.1348
-19.3759
-20.8187
-22.8824
-22.7928
-19.5521
-16.998
-16.0079
-15.9995
-16.8393
-9.5172
6.61927
17.5704
22.3602
22.0602
16.5968
4.72667
-12.489
-23.1006
-22.1723
-22.1087
-22.9069
-23.9661
-24.164
-22.5133
-20.3201
-18.9441
-19.7396
-21.1394
-22.8851
-22.6307
-21.332
-18.9797
-17.5684
-16.9761
-17.1166
-9.34139
-3.69991
6.65121
11.7081
13.7178
13.721
12.933
11.9481
11.6873
12.0003
13.6288
16.0072
15.7426
16.6248
17.2008
19.5296
22.6168
26.0401
28.1952
28.7121
28.1414
26.2684
24.2784
21.974
19.9917
17.6482
15.9993
11.8286
6.76263
0.66992
-0.268802
0.960608
-5.14278
-4.87887
-4.82856
-10.663
-14.3121
-15.5326
-10.7845
-16.8356
-9.38265
-20.924
-23.7829
-25.3507
-17.977
-13.5891
-7.18166
-5.04633
-7.44324
-14.6695
-24.0674
-26.5072
-24.2673
13.4478
6.3567
-5.33506
-15.2962
-18.2385
-18.9553
-19.7452
-20.3911
-20.7813
-21.0537
-21.1109
-20.9419
-20.8879
-20.444
-19.292
-17.2735
-14.9589
-13.9896
-15.1001
-18.031
-21.0998
-21.8096
-19.9415
-17.648
-17.0265
-18.6751
-21.8326
-23.3893
-21.6073
-19.6869
-18.9263
-18.9767
-19.1672
-19.4752
-20.067
-20.9915
-22.2051
-22.2022
-20.262
-7.61402
9.39454
20.4431
25.3026
25.0803
19.747
8.22414
-7.65412
-15.6485
-16.1148
-18.1412
-20.8608
-21.8758
-21.6699
-22.0721
-22.9746
-22.2892
-21.5436
-20.9855
-21.2823
-20.1971
-18.8159
-17.4051
-17.2039
-16.3655
-14.4016
-8.03016
-6.40661
6.61151
16.9599
25.0007
29.1166
29.8459
28.139
26.9472
27.5905
27.7663
26.2555
24.6532
26.1254
27.4009
26.8379
26.9314
30.6639
33.6676
33.7552
31.6399
29.0616
29.1867
30.2792
30.7267
30.1572
29.0887
26.763
23.5915
21.3067
20.4225
19.1767
16.0574
13.1396
11.725
11.7615
12.3946
11.2523
8.55384
3.72826
1.19054
-7.32709
-13.7011
-19.4077
-17.6605
-19.6762
-16.622
-15.2899
-16.4829
-19.4481
-19.9118
-18.8821
-17.3279
12.9397
5.06767
-5.29763
-12.8757
-15.8293
-17.153
-16.5928
-14.4688
-13.7197
-15.3798
-18.4364
-19.6932
-18.5295
-17.0877
-15.9101
-14.4544
-13.297
-13.5891
-15.6043
-18.3812
-20.136
-19.8955
-18.5307
-17.5893
-17.2712
-16.6163
-14.4362
-11.1523
-9.1183
-9.6708
-12.8971
-16.4573
-15.5635
-11.8079
-9.24362
-9.22616
-11.7791
-15.1426
-16.2217
-7.11551
8.96568
19.7062
24.4015
24.0604
18.656
7.42253
-5.60032
-9.75901
-8.87834
-9.03279
-10.8799
-12.8428
-12.7979
-12.107
-12.5139
-14.1219
-16.9217
-19.3138
-20.4392
-19.7888
-17.4492
-13.3862
-10.3711
-9.65187
-11.0576
-7.71031
-3.09935
9.69768
18.6142
26.2677
31.1406
34.4257
36.8852
39.2181
41.094
41.6527
40.3686
38.8745
40.7653
43.1111
42.7752
41.1653
42.8265
45.8306
46.3288
44.1419
41.8075
42.3635
43.2457
43.3574
43.7726
44.055
42.4062
38.8688
35.8004
34.1061
32.2601
29.3407
27.0453
25.5142
25.167
26.5163
28.2765
28.4756
26.105
22.1253
18.1257
14.4483
8.04105
-1.32027
-10.3368
-12.8218
-13.8317
-15.5809
-15.9134
-13.5074
-11.7255
-11.6507
11.5479
6.05558
-1.71381
-9.07771
-13.7313
-16.4337
-19.1327
-20.5627
-20.5484
-20.1391
-19.3431
-18.6062
-18.3298
-18.5371
-18.7534
-18.5372
-18.091
-18.5986
-20.1881
-20.8596
-19.9487
-19.0864
-18.6077
-18.6417
-19.225
-19.607
-18.8622
-17.0858
-15.6151
-15.4707
-16.8369
-18.8933
-19.9725
-18.1735
-15.2474
-14.0222
-15.063
-16.7527
-17.0926
-5.97126
11.1467
22.3266
27.2568
27.0785
21.7602
10.1418
-6.44989
-15.3347
-15.109
-16.0881
-18.0581
-19.6228
-19.6871
-19.2231
-19.0478
-18.6276
-18.3517
-17.5464
-17.1023
-17.0152
-17.7031
-17.4109
-16.067
-15.2991
-15.5428
-7.53723
0.175797
11.5579
19.354
25.7784
31.3888
35.6604
37.9803
38.5544
39.4566
41.6741
43.0683
42.9375
43.7211
45.2761
45.337
44.7986
46.283
48.2064
48.245
46.4517
45.5186
46.8521
47.7151
47.3776
47.363
47.7076
46.3261
42.9386
39.8329
38.2545
37.2836
36.8504
37.7748
38.5892
38.5496
38.3719
39.1749
39.7116
38.1622
34.0548
28.9776
24.367
17.7875
7.71655
-5.0069
-12.2233
-15.5607
-18.5496
-20.0594
-18.4381
-16.4531
-15.7148
13.519
6.50845
1.5465
-1.31717
-3.91147
-8.02546
-14.0416
-19.0934
-20.8052
-21.8427
-22.4915
-22.5102
-22.6177
-22.9273
-23.0116
-23.326
-24.0322
-23.5316
-19.6743
-15.8114
-14.5636
-16.2255
-19.2378
-20.0092
-18.9776
-19.0787
-20.9284
-22.9479
-23.9025
-24.3186
-24.8636
-25.5599
-25.7359
-23.8263
-20.9571
-18.51
-16.5992
-15.4051
-15.3706
-7.36002
8.73623
19.5049
24.1686
23.7605
18.2199
6.58959
-7.83816
-15.3999
-18.1682
-19.9019
-20.9036
-21.4527
-21.4756
-21.8905
-22.5465
-22.2578
-21.962
-21.3487
-21.6249
-22.1315
-22.1497
-20.3229
-19.4724
-18.4073
-16.7306
-10.223
-9.19243
-1.77339
4.65272
12.7274
19.1253
23.6866
26.2671
26.902
27.503
30.1934
32.4764
32.4966
31.8296
31.9935
32.3317
31.2798
29.2379
26.7098
26.52
28.009
29.8461
31.0331
30.1524
28.5794
27.3115
27.5614
26.9636
27.6813
29.9229
31.4569
31.346
30.8682
31.0589
30.4694
28.7372
27.566
26.8569
25.7776
25.4022
26.1174
26.28
23.9727
17.945
7.30145
-6.64907
-11.7412
-9.58675
-9.53752
-12.3618
-17.0167
-21.1658
-22.7304
21.1138
14.3973
9.15007
3.52739
-2.06742
-8.19804
-15.0831
-20.6498
-22.4059
-22.563
-23.0602
-22.4062
-18.6998
-14.6974
-12.971
-13.9157
-16.9585
-20.614
-22.3374
-20.7127
-18.6271
-18.4796
-20.1395
-21.2665
-20.9937
-21.3776
-22.4434
-21.6674
-19.3363
-18.481
-20.0312
-22.6244
-24.0314
-24.1877
-23.5057
-21.7268
-20.4699
-20.4034
-20.154
-10.1456
5.85109
16.6384
21.3766
21.0478
15.5666
3.74702
-12.5524
-20.694
-20.356
-20.7724
-20.898
-19.6513
-18.7245
-19.3171
-19.8686
-18.7348
-18.3122
-19.0685
-21.129
-22.039
-21.4565
-20.4724
-21.8166
-22.2421
-18.9253
-10.8233
-10.7791
-6.71118
-4.40109
5.91218
15.6109
22.8048
27.4891
29.9367
30.9193
32.5303
34.3641
35.5034
37.0284
38.6609
38.9305
36.8875
33.7022
31.2878
30.5532
30.0803
30.0796
30.4894
29.9816
30.2815
31.2313
31.2513
28.9697
28.2859
31.1797
33.3184
33.1992
31.5039
29.719
27.6118
24.7039
23.2073
22.8057
22.1376
21.4011
20.2434
17.4689
12.7451
5.22717
-4.02541
-10.5551
-3.34587
3.39713
5.76666
3.82305
-2.61904
-12.9382
-20.483
25.674
18.0537
12.5635
5.79664
-3.22626
-13.0782
-21.7057
-25.8743
-25.732
-22.5259
-19.7933
-19.3936
-20.5809
-20.2408
-18.2997
-17.3598
-18.1967
-20.4011
-22.3186
-22.239
-21.7286
-23.0523
-25.5067
-25.6219
-23.8016
-23.537
-24.7814
-25.2052
-23.6435
-21.9498
-21.8945
-23.5529
-25.8153
-25.5489
-22.3719
-19.6008
-18.8424
-19.7964
-20.4897
-13.9279
0.361978
10.5771
15.0055
14.4202
8.66607
-3.43734
-18.8966
-24.1079
-21.1813
-18.5191
-16.8479
-16.5372
-17.4081
-19.0955
-20.6787
-20.922
-21.0402
-20.5204
-20.8064
-21.042
-21.6562
-22.03
-23.0659
-23.3636
-21.3759
-9.69734
-3.69267
6.20968
10.7091
11.9787
11.0218
11.1351
15.8175
20.7223
24.687
28.5768
32.2515
35.1428
38.1899
40.3251
40.4568
37.8954
33.4388
29.5952
28.6405
27.9925
25.827
23.922
21.9836
21.1328
20.8541
20.7282
18.3306
16.1769
16.1264
17.5056
18.0131
15.8595
13.4658
11.2345
8.14083
6.38594
5.4508
5.34423
3.86603
3.01418
-0.228035
-3.4879
-9.32818
-12.6649
-12.8005
-6.26765
-1.75608
-0.785765
-3.4207
-8.60103
-13.2951
-14.7761
26.7313
16.3734
7.24177
-0.445143
-7.70329
-11.9976
-13.6511
-15.0243
-16.3709
-17.261
-17.6428
-18.2599
-19.8118
-20.5783
-19.3322
-18.0779
-18.4156
-19.4868
-19.2743
-18.1396
-17.8696
-18.8748
-20.5884
-22.3516
-22.7911
-22.6823
-22.7596
-22.8706
-21.9448
-20.5655
-19.7348
-19.599
-20.1242
-19.8714
-17.9852
-16.4735
-16.9335
-18.7752
-20.0847
-15.292
-2.58082
7.35238
11.7729
11.2675
5.72928
-5.46713
-16.8244
-19.1134
-18.0001
-17.6264
-17.6383
-18.3675
-19.8173
-20.8453
-20.3633
-19.271
-20.0117
-20.4849
-21.2787
-19.3878
-17.0154
-15.8301
-16.5269
-17.8436
-18.6448
-10.273
-3.82127
6.13109
10.4389
10.8228
7.69326
2.0741
-2.02334
-3.83252
-5.80828
-1.74981
7.84319
7.61063
11.99
14.8906
15.2569
11.1054
6.92323
3.65405
0.345596
1.23274
-8.56483
-2.73352
-9.19915
-1.28904
-5.35007
0.67645
-1.94187
-1.05597
-3.68078
-1.56913
1.60326
-5.20167
-5.32875
-4.372
-12.2883
-12.6547
-13.4429
-8.97539
-10.2565
-6.18802
-10.034
-12.8265
-15.9677
-14.2441
-15.6489
-13.6358
-11.8088
-12.2746
-15.0307
-18.5391
-19.547
-17.2992
14.9888
6.04189
-4.34158
-11.0001
-13.3852
-14.9567
-16.9054
-19.5018
-22.005
-23.9849
-25.3882
-25.0428
-23.8141
-22.7288
-22.1349
-21.7333
-21.831
-22.3604
-22.9688
-23.1525
-22.8011
-22.7561
-24.0635
-26.8194
-28.0385
-27.292
-26.701
-26.8977
-27.0425
-26.0308
-23.6329
-21.1778
-20.4695
-20.9864
-21.1965
-20.7999
-21.166
-22.5534
-23.6984
-18.3201
-5.29569
4.73053
9.23144
8.81503
3.37785
-7.77303
-19.7307
-22.6468
-21.2267
-20.687
-20.9041
-22.8292
-26.5915
-30.9779
-31.1571
-25.379
-22.1359
-20.6019
-21.8666
-22.676
-21.6341
-20.2158
-20.7342
-22.6544
-23.6309
-11.9988
-7.13713
1.95329
5.28997
5.06272
1.63682
-3.01761
-3.49349
-1.98273
-4.68691
-7.60359
1.70176
-14.5784
-16.5988
-12.7749
-5.03955
-19.3473
-5.7738
-3.4234
-3.80927
-1.44662
-16.0706
-6.4254
-18.131
-4.24898
-15.2728
-4.10972
-11.4522
-8.74274
-18.8576
-13.2884
-3.24777
-16.5138
-11.3149
-8.11102
-17.4194
-17.1382
-18.1948
-11.6874
-14.0701
-8.19215
-12.3977
-13.3595
-16.173
-14.4486
-13.9615
-9.98132
-7.34877
-7.59528
-10.2334
-13.8996
-17.3533
-18.9382
-7.24616
-13.4032
-20.447
-24.4828
-27.7571
-31.2836
-34.2283
-37.5226
-40.2851
-40.7689
-39.9427
-38.1114
-36.0089
-33.8265
-32.935
-33.7392
-34.8731
-34.6491
-33.1489
-32.7749
-34.5104
-37.7763
-39.8498
-40.0669
-38.1683
-37.0481
-37.1163
-37.7885
-38.3446
-37.8371
-35.6397
-32.5555
-31.2324
-32.5857
-35.473
-37.2816
-37.2851
-36.9999
-37.6803
-30.7716
-15.2199
-4.44636
0.273935
-0.0465447
-5.43709
-16.7688
-31.4625
-39.8382
-37.6476
-37.5113
-36.3379
-37.1073
-38.7935
-39.2311
-38.5877
-35.1446
-37.4451
-35.8134
-35.5272
-33.2348
-34.7588
-35.9227
-38.1258
-38.2144
-36.7584
-14.7165
-14.6331
-6.39279
-6.28713
-7.05167
-7.86873
-7.5363
-4.37824
-3.1482
-6.03028
-8.13921
1.53071
-14.7374
-16.3911
-12.0777
-4.78295
-18.5508
-6.6674
-5.00568
-6.7059
-3.4498
-23.2592
-7.90954
-23.2816
-4.94098
-18.3598
-4.91577
-13.5031
-10.0718
-22.489
-16.3418
-4.44222
-25.44
-14.4853
-10.0953
-21.1893
-19.55
-19.3866
-12.6888
-17.2772
-10.4229
-16.5084
-17.2737
-21.2904
-18.8688
-21.5599
-15.7356
-11.3507
-10.4375
-12.8025
-18.1328
-25.2102
-29.8278
-20.5997
-29.4249
-37.3128
-41.0354
-42.4333
-43.4145
-44.5374
-45.3829
-43.8416
-42.4722
-42.8974
-43.9161
-45.5985
-44.8669
-43.757
-42.8942
-42.7541
-43.265
-44.4405
-46.7562
-48.2194
-47.9135
-47.0408
-46.822
-44.6777
-44.84
-45.5743
-46.2746
-45.5809
-43.2794
-42.1807
-42.294
-43.6456
-44.1398
-43.1876
-41.9331
-41.8382
-41.5931
-41.0271
-37.8248
-28.2091
-18.9995
-14.5652
-14.9238
-20.1703
-30.5513
-41.1697
-45.9164
-42.9661
-47.2566
-47.7125
-48.1451
-47.6552
-46.6447
-45.1432
-39.0996
-42.3282
-40.3043
-42.6803
-39.6595
-41.7881
-41.4257
-44.9101
-47.037
-44.0884
-15.4953
-19.7798
-12.9619
-24.7549
-33.398
-18.1737
-14.6504
-11.199
-10.8938
-20.5901
-20.2657
0.276503
-18.2564
-18.4522
-12.773
-4.84493
-19.0355
-6.62659
-5.40103
-7.58604
-3.89278
-26.381
-7.95228
-23.9798
-4.70949
-20.5894
-5.29437
-15.1438
-11.1666
-29.7236
-18.5232
-4.86427
-39.6389
-16.9991
-11.2018
-29.3524
-26.9504
-30.3171
-16.1722
-22.8186
-12.3482
-23.9057
-27.256
-33.6731
-22.7847
-33.8334
-33.9007
-29.611
-31.0403
-36.6729
-39.2698
-37.6999
-35.2065
-41.0979
-46.9917
-50.3397
-52.7305
-52.7604
-51.3622
-52.1063
-54.915
-53.5243
-52.4482
-54.2308
-53.4996
-53.6398
-53.284
-55.1479
-57.1403
-57.7977
-58.7793
-58.5901
-58.476
-55.8624
-52.7723
-50.3753
-50.0612
-47.7308
-49.0658
-50.7327
-51.764
-53.4622
-51.9205
-49.7556
-48.282
-49.3488
-51.4481
-53.0616
-52.9443
-53.6216
-52.1951
-50.5912
-46.3976
-41.5179
-37.2263
-34.6634
-35.5698
-40.4693
-47.8558
-51.56
-50.7871
-44.3789
-50.8463
-53.1396
-53.316
-52.9833
-52.1021
-52.1336
-42.0898
-47.4176
-43.2154
-48.0178
-43.8643
-47.126
-45.3783
-48.3916
-50.6655
-45.9303
-15.3497
-19.6671
-12.4732
-24.006
-33.6657
-18.9128
-15.4461
-12.5352
-11.9572
-26.133
-24.9498
0.1683
-21.8051
-23.8691
-15.9853
-5.46971
-23.4862
-7.23496
-5.69465
-8.07614
-4.03624
-34.2285
-8.48768
-29.3393
-4.91673
-21.9909
-5.10306
-15.2384
-11.2242
-33.0097
-18.8117
-4.76617
-51.0804
-17.0119
-11.1383
-29.8227
-27.4583
-31.305
-16.2657
-23.1933
-12.2375
-25.0242
-30.9875
-46.9892
-24.28
-39.9071
-46.1596
-38.0608
-40.4005
-53.2493
-46.6923
-40.2097
-37.3315
