80
-22.1796
-24.6732
-28.1424
-33.4003
-37.3036
-36.6163
-32.7654
-27.2004
-23.65
-23.1825
-20.7958
-17.0069
-15.2714
-14.9973
-15.974
-18.9217
-24.0985
-24.9379
-17.4232
-10.465
-6.47395
-6.11267
-8.76355
-14.5575
-22.1298
-22.9272
-22.4061
-26.0332
-28.7049
-28.7322
-27.8536
-23.9535
-19.8084
-16.7999
-16.6143
-19.4132
-25.1863
-30.3771
-29.026
-26.9637
-27.2435
-25.6493
-23.0797
-23.1723
-26.9906
-35.2366
-51.3807
-25.064
-12.8718
-3.35258
2.19909
3.06481
-1.98836
-11.3356
-24.7313
4.86435
24.7527
34.8278
40.4287
39.9841
34.9818
22.3051
14.0466
5.25891
-6.84043
10.534
4.42369
11.8163
16.3342
-12.7629
-0.0260788
9.72637
1.3823
-5.77959
8.47486
1.6711
12.704
6.33018
-1.63606
-1.29929
0.552403
8.05695
7.89398
10.0458
9.57562
22.9727
37.2065
44.8337
48.9965
49.4765
45.4313
39.2971
34.0616
29.725
24.2987
17.2515
11.2474
10.6127
9.65364
7.21492
6.90349
8.09545
4.84591
-0.469986
-0.223329
-0.362847
-4.22209
-12.94
-15.1969
-16.0734
-17.8146
-17.8223
-18.2156
-20.6259
-23.2201
-20.532
-19.47
-21.4797
-24.8709
-27.6891
-30.3682
-30.0139
-25.516
-20.979
-19.5507
-20.8279
-21.2044
-18.0878
-16.6186
-17.6714
-17.1058
-14.624
-13.5316
-15.1977
-19.7176
-25.4753
-25.7021
-19.8246
-16.0391
-15.4155
-17.0219
-15.7361
-12.2494
-9.93614
-9.77342
-11.3719
-14.7153
-18.7062
-22.0533
-24.8394
-28.3846
-32.0531
-31.4257
-29.3909
-26.6358
-22.6751
-20.4992
-21.3586
-24.0238
-27.0509
-29.5631
-31.009
-33.1933
-38.8256
-47.3633
-33.2507
-21.9485
-10.5015
-3.96852
-1.73617
-3.54361
-2.83761
3.04119
19.4298
30.6345
40.2475
45.2113
45.3142
40.186
28.8304
21.4867
6.56517
3.81623
14.9244
10.8732
15.2742
20.2498
5.64008
20.7851
24.5225
16.5202
21.5254
31.9636
41.4917
48.7972
55.8723
60.5796
65.1425
68.6824
71.1702
72.9941
73.9866
74.8817
75.7919
76.3447
75.7113
72.9821
67.3758
59.5409
51.1491
45.0427
39.8558
33.0411
24.6855
22.4797
26.0399
26.8656
24.4207
19.8844
12.353
4.17727
0.630491
3.16306
6.56967
7.38964
6.19565
2.56877
-3.13109
-7.9414
-8.41103
-11.0343
-13.3021
-9.28944
-6.01783
-6.10891
-8.81077
-18.8126
-17.1666
-18.3693
-21.0126
-22.679
-24.4337
-29.0438
-34.4057
-28.2
-19.9953
-17.1086
-18.0186
-18.2512
-14.6816
-11.205
-9.50053
-10.1642
-13.826
-20.424
-26.1968
-25.3179
-19.9549
-14.4191
-12.2509
-14.3319
-19.03
-20.26
-19.3641
-21.436
-25.6223
-27.6669
-29.9155
-33.7357
-33.089
-28.8632
-24.8902
-21.8227
-22.0487
-26.0212
-33.5317
-36.3169
-31.3509
-28.3323
-28.8954
-32.9373
-39.0067
-41.8368
-35.4702
-38.5282
-24.2122
2.09678
14.1255
23.2948
28.9678
32.3242
33.5786
34.1355
35.6855
39.0338
41.7334
39.8841
35.4726
24.0765
14.0681
27.8213
35.0834
46.869
53.9778
60.8397
67.7052
74.2037
79.0114
82.061
83.8517
85.0704
86.0492
86.8406
87.1781
87.1689
86.6364
85.7998
84.8826
83.9054
83.1957
82.5304
81.6749
79.9451
76.384
69.8338
59.4999
42.155
17.7817
9.50406
12.8472
21.0406
27.7502
32.5119
33.1336
29.8538
23.573
17.2219
15.4685
14.3153
14.8707
13.557
10.2543
7.27651
7.913
8.50169
5.92225
0.363661
-7.09309
-12.3254
-12.6989
-12.6449
-13.1889
-16.7945
-23.1527
-21.5498
-25.8665
-33.0335
-33.0683
-25.3786
-18.5037
-13.7769
-11.5077
-11.6273
-13.488
-13.9936
-12.8445
-9.91526
-5.32868
-1.38458
-0.0341649
-1.66328
-6.56241
-15.2249
-24.2727
-19.732
-11.405
-7.49077
-7.98815
-12.42
-18.8784
-21.9302
-23.2469
-26.6239
-28.1403
-28.2853
-30.5042
-31.5953
-29.7632
-28.9892
-30.3239
-33.8709
-37.0204
-36.9035
-35.5107
-31.1267
-26.8962
-26.014
-28.9539
-32.6374
-31.7889
-29.6937
-31.1672
-26.926
-17.53
3.82904
16.8293
23.9084
27.0982
26.5971
23.8326
32.7224
46.8885
58.9514
67.8663
73.5738
76.8273
79.5522
82.4817
85.4178
88.0436
89.8863
91.1919
91.9962
92.1917
91.6768
90.3986
88.629
86.88
85.2715
83.2273
80.3283
76.5473
71.4583
66.1433
60.2351
52.3762
45.4406
39.0165
37.3727
35.8658
39.6477
43.6271
43.9333
37.652
25.4509
12.2211
-4.17438
13.1106
24.2113
32.2492
35.0635
33.5776
27.598
17.1885
4.76336
-0.0794002
2.58365
5.35671
7.24202
5.42357
2.31028
-0.531976
-1.80033
-0.37453
1.42702
0.123595
-3.3454
-6.99107
-9.06109
-10.569
-12.4041
-11.1745
-19.365
-23.8042
-26.8852
-19.0947
-10.8895
-6.13264
-4.79629
-4.94905
-3.33739
-0.235377
1.13663
0.107523
-2.53338
-6.21253
-10.6468
-14.5348
-16.1871
-18.1051
-19.5653
-18.4427
-18.4224
-19.0449
-17.8448
-17.2025
-19.1334
-22.0782
-23.1587
-26.7714
-31.0608
-30.7204
-30.5743
-30.0339
-25.7394
-22.1506
-22.0969
-26.1259
-34.8445
-47.5805
-52.0076
-48.5152
-45.1841
-39.5147
-36.8329
-36.4587
-32.6743
-27.1488
-25.7083
-26.66
-31.1112
-14.5441
-3.2496
3.80539
5.5437
2.60436
-5.25882
-1.25416
34.9599
59.5441
75.933
86.5706
93.1257
96.6153
97.7144
97.1669
95.6694
93.4865
90.6913
87.156
82.6172
77.2556
70.9543
63.219
54.0451
42.6892
30.7367
27.5616
25.1035
23.6752
21.6278
10.9268
12.6973
19.1485
18.5357
16.9154
14.1518
8.06882
12.8391
15.8771
16.5887
16.4628
3.81382
8.92843
4.82157
18.1301
24.3038
25.4531
23.4632
19.7519
15.6856
10.8168
11.0106
11.5757
8.45661
6.06141
7.28067
8.7227
8.37086
5.38439
-0.0473725
-3.79483
-3.82658
-5.10762
-11.0693
-18.245
-19.6589
-18.5073
-17.7976
-18.8221
-28.7022
-32.1717
-30.4602
-25.4193
-20.3923
-18.4627
-18.3402
-16.6323
-12.8268
-10.9467
-11.6514
-13.1211
-11.419
-9.79564
-11.2384
-15.452
-20.1383
-22.3867
-20.7966
-19.6243
-17.806
-13.6198
-10.4261
-10.8331
-15.285
-21.5464
-24.508
-25.1022
-24.4626
-22.5524
-20.8521
-21.4962
-24.923
-29.6854
-30.2186
-27.7921
-28.2291
-31.8053
-34.2897
-29.0267
-23.9634
-22.345
-24.3669
-28.8874
-29.9255
-27.6215
-27.53
-28.1385
-23.2452
-19.6751
-12.7161
-10.6436
-13.2976
-20.3813
-31.9067
-15.317
33.2776
60.076
73.9521
81.8929
84.9736
83.9663
79.2752
72.2755
64.5386
57.1562
51.5052
41.7704
30.0435
27.0657
21.1073
20.0774
25.4309
24.0402
23.1524
16.0627
12.8457
21.7331
16.9359
13.6594
13.2893
15.3908
12.3009
21.0723
19.5394
15.7139
21.3773
25.46
26.5353
25.71
16.7213
14.5811
8.93602
22.5821
28.3506
29.6506
26.323
18.1481
5.08753
7.21737
14.3853
16.5167
14.3476
7.85253
1.92075
2.75226
2.72811
0.138949
-2.2866
-4.26007
-7.24617
-9.10489
-12.3801
-17.6958
-16.9008
-14.3919
-15.2177
-18.1487
-35.9211
-31.1603
-28.058
-24.6274
-20.0071
-17.6434
-18.1976
-19.158
-20.4879
-23.5382
-26.3667
-19.0822
-12.735
-9.96921
-9.85707
-11.8723
-14.848
-14.4979
-11.5183
-8.76327
-7.33416
-6.34308
-7.0992
-11.2015
-20.04
-31.2906
-26.179
-19.5381
-17.2949
-19.4167
-26.5875
-36.0786
-39.3902
-39.1308
-37.5191
-35.1322
-34.0836
-34.9739
-35.1228
-29.0862
-23.0132
-21.0517
-23.7878
-30.3987
-37.5307
-41.7332
-45.0472
-45.378
-36.9138
-23.7306
-19.6513
-18.4134
-22.4151
-30.1508
-40.1834
-9.09914
34.9407
53.4098
64.1752
67.8879
66.5493
59.2583
46.7837
23.9274
21.4743
18.5
24.464
17.0028
14.7245
20.2492
16.1316
16.6064
24.1369
25.5578
20.3161
18.5122
12.0794
23.2256
5.98754
18.8157
25.3965
26.055
20.9857
16.8616
26.6625
39.4443
48.1677
54.0329
54.7563
50.1923
40.4044
27.4781
15.0005
17.0471
25.4198
31.4989
34.4631
34.2292
31.5541
27.0944
22.1113
21.7286
22.3363
22.2519
20.6565
18.107
13.4663
7.00315
0.0149448
-4.31906
-5.22845
-5.44064
-8.16331
-11.9906
-11.8043
-9.72405
-8.32767
-7.43443
-40.0821
-30.946
-24.5678
-18.673
-14.4593
-12.933
-14.6836
-18.981
-22.1318
-21.6892
-18.518
-17.4063
-17.9011
-18.0106
-18.1312
-18.8047
-19.6259
-18.4449
-17.3967
-18.6086
-21.5915
-20.0326
-14.8875
-13.0816
-14.513
-17.6111
-20.5951
-22.7389
-23.955
-23.7357
-22.613
-22.8813
-24.2295
-27.026
-32.5301
-40.4197
-45.2543
-44.3094
-37.9577
-32.8656
-29.4421
-27.9421
-27.7809
-29.28
-31.4602
-32.514
-33.3727
-35.2072
-28.9934
-26.3755
-27.0479
-24.2812
-23.3175
-21.5213
-17.4482
2.33351
35.4934
49.0655
57.1034
60.0418
58.0359
51.3526
38.125
18.8867
28.0018
12.9603
27.449
20.0709
15.0538
22.5779
31.5073
38.8254
40.5704
40.9702
43.4093
43.4239
51.7033
59.7223
65.2782
70.5608
75.3295
79.1408
81.4319
82.5425
82.8116
82.5555
81.2734
78.0241
71.8104
61.9345
46.7872
26.9708
10.4332
-3.48689
6.8057
23.1
34.6497
40.1635
40.6455
36.7395
31.0665
29.0695
28.4873
24.7411
18.1038
11.2364
5.45492
-2.66778
-8.89191
-10.2521
-11.6311
-10.2431
-7.26409
-7.28248
-12.2199
-19.0965
-18.501
-13.7161
-46.2978
-37.492
-30.6268
-25.0936
-22.964
-23.1912
-22.4563
-21.3723
-22.0632
-22.1408
-19.0371
-14.7743
-12.2451
-11.1599
-10.0469
-7.69931
-6.51229
-7.82077
-11.1072
-15.6974
-21.0353
-27.3048
-31.7124
-33.9394
-33.8902
-30.9408
-26.4014
-24.657
-26.2275
-28.4242
-28.1691
-27.0533
-25.6037
-23.0836
-21.8236
-23.96
-29.8005
-38.5105
-46.9399
-44.801
-42.5515
-40.4449
-36.7932
-35.534
-36.0363
-34.7837
-32.6169
-31.8932
-38.0912
-35.544
-23.1586
-14.2313
-7.25387
-2.28247
2.04409
10.2789
28.5092
42.4917
50.1453
52.2721
49.7037
39.0241
22.9709
22.327
28.0115
26.7362
22.2025
25.2833
42.5124
51.4865
65.411
75.7214
82.2275
86.1711
88.2421
89.5733
90.8232
91.8634
92.3248
91.8578
90.6172
89.0495
87.6115
86.298
84.7484
82.4355
78.8759
73.4887
65.5525
53.8556
38.1606
15.2395
8.55328
8.76675
13.1313
25.4966
34.4793
38.3698
37.9217
33.4716
26.2818
19.464
14.9889
13.1982
12.3958
9.02703
2.77017
-2.57429
-3.49986
-6.24732
-9.11353
-4.71067
-0.701207
-0.505559
-2.40715
-2.92932
-0.873854
-0.79192
-20.1147
-26.635
-31.8307
-30.2028
-26.546
-24.845
-25.0607
-25.167
-25.8217
-27.6762
-26.0011
-19.1722
-15.3994
-15.3275
-13.6799
-7.14641
-2.29356
-1.33291
-4.06886
-9.95048
-17.0957
-21.6758
-24.1921
-27.0813
-28.5975
-27.6024
-29.5395
-35.1841
-38.5068
-33.5397
-27.8328
-24.1612
-22.4974
-22.6591
-24.9482
-29.553
-33.9653
-33.4705
-30.461
-27.3497
-24.6953
-23.9581
-24.5139
-24.6201
-24.9365
-25.2321
-24.4372
-23.8632
-24.4084
-28.6739
-21.5338
-9.65449
-3.08362
0.0357388
-0.473611
10.7988
21.5342
35.9287
43.8687
47.3424
45.8326
45.4937
53.2776
65.6568
75.9884
84.735
91.9855
96.7146
99.428
100.85
101.361
101.36
100.717
99.0124
96.3755
93.1626
89.5839
85.456
80.3275
74.0529
66.0706
55.4095
43.9416
32.5001
29.368
25.0096
19.6524
27.0703
30.2299
25.6699
16.8146
-2.8483
2.29993
11.9376
23.5537
32.3224
36.4009
35.9053
30.7722
21.9979
13.907
8.24044
2.23546
2.69306
5.15342
6.18909
5.3665
2.88012
0.845739
3.53094
5.73628
4.24265
-0.656456
-6.30789
-10.6157
-9.63736
-2.54448
2.59307
-19.3386
-25.2313
-28.6087
-29.9062
-30.1848
-29.3572
-26.7631
-19.4623
-13.1199
-11.1335
-12.323
-11.7541
-8.99528
-8.76585
-11.2119
-13.9244
-13.2754
-7.99353
-2.7467
-0.515673
-2.06109
-7.46427
-15.3258
-19.0852
-16.9149
-15.7244
-17.8054
-20.6535
-21.1441
-20.8067
-20.5413
-20.7228
-21.3639
-23.0715
-25.1735
-26.5361
-26.048
-27.3436
-31.69
-36.1149
-36.1141
-34.5569
-33.9029
-32.8454
-30.1871
-28.8406
-28.9472
-29.4161
-29.683
-28.4426
-24.6815
-20.7815
-20.0092
-21.7834
-27.2295
12.0568
34.2001
53.6695
67.5803
78.1489
85.8692
91.8626
96.8287
100.899
103.876
105.477
105.464
104.166
101.868
98.5812
94.3564
88.6274
80.7718
71.3374
61.5079
51.7176
41.0445
34.1881
28.9704
16.3256
16.9056
5.90515
18.3795
9.68684
11.3103
4.34996
11.0221
0.535959
7.97889
5.24295
8.26279
-4.73504
9.01359
23.2782
31.3328
34.4467
33.1382
27.7294
19.541
11.8394
7.29095
7.06306
8.82841
8.54506
4.80898
-2.7425
-11.0433
-10.8059
-5.21926
-0.80661
0.736408
-1.0527
-5.38547
-10.1096
-13.488
-12.7115
-10.2121
-8.14601
-18.7725
-14.4533
-12.6715
-13.2793
-15.4232
-16.4018
-12.8431
-7.65317
-4.0112
-2.4814
-2.35148
-1.51456
-0.488792
-1.23296
-4.60525
-9.3122
-10.0374
-4.0492
2.15123
5.77763
6.9966
5.86278
2.39408
-2.56945
-7.33725
-12.135
-18.4258
-22.7352
-20.1433
-18.8567
-21.2177
-25.7519
-27.5591
-26.537
-26.7591
-27.4358
-29.617
-33.906
-39.6373
-40.8797
-40.5439
-42.1306
-43.5899
-43.1237
-36.8711
-31.6484
-30.0314
-32.0381
-34.0419
-30.0722
-26.9153
-25.1621
-27.0446
-30.7355
-34.8352
10.2954
36.5471
58.6249
73.7501
83.7842
90.3305
94.2147
95.9934
95.9776
93.9415
89.533
83.0614
74.1437
61.8741
49.0143
35.3677
30.7977
15.4236
20.1069
18.6593
16.0399
10.2256
10.4803
15.9371
5.29722
10.6831
2.73844
17.5747
7.78995
10.1406
8.46117
16.8354
25.2298
28.4597
27.3517
21.1432
6.57013
8.27962
16.311
21.3896
22.1669
19.1209
12.6268
4.72575
0.285557
-0.908578
5.02157
11.0363
13.9332
13.8297
10.6565
4.55432
-4.33942
-10.6456
-8.03318
-6.22193
-7.71167
-13.0359
-21.2689
-23.1407
-20.4535
-20.6086
-24.1342
-19.6554
-16.1219
-14.5405
-15.4924
-18.5861
-21.6279
-20.5118
-18.4355
-16.2128
-10.7129
-5.41149
-3.69298
-5.16432
-7.96356
-9.39546
-9.36778
-9.7932
-11.4559
-14.5012
-15.761
-8.95291
-1.9594
0.649673
-1.13278
-6.63531
-13.6066
-19.9765
-24.2521
-27.3239
-31.1742
-32.2973
-29.1294
-28.4699
-30.0626
-27.8593
-24.3316
-23.3495
-24.2371
-26.3551
-30.298
-34.9354
-35.9366
-37.0805
-40.9825
-43.296
-38.4842
-33.0053
-29.5082
-30.0245
-30.6973
-32.9873
-31.2067
-35.4941
-40.3071
-44.7476
7.71706
29.7423
47.1852
57.3201
61.9103
61.5454
56.9198
50.9325
41.7235
40.9737
38.0941
26.0071
23.5235
21.1257
24.0287
23.7373
22.5565
20.5304
21.4828
17.2257
23.8306
32.0734
39.0987
47.3548
53.1001
58.3923
61.9175
63.7362
64.2212
64.2312
63.956
63.0468
60.4709
55.4741
46.8368
33.9877
14.3016
2.69715
12.1366
15.9312
15.2537
11.4688
7.21801
4.46346
2.19856
0.288696
-2.15264
-5.31397
-2.64832
3.97364
9.1701
10.3958
7.75744
2.13123
-3.30465
-6.99236
-11.4203
-17.7903
-23.226
-24.1574
-23.5445
-23.9506
-24.3761
-27.417
-27.4757
-27.8423
-28.0723
-29.0955
-27.3365
-22.0172
-18.173
-14.2284
-9.41903
-5.19075
-3.28636
-4.20625
-8.34516
-14.808
-15.0433
-9.29959
-7.45098
-10.1056
-16.6074
-19.494
-16.2093
-13.276
-12.8908
-15.6342
-19.6333
-21.6598
-23.4171
-26.2646
-25.9454
-20.718
-17.567
-18.0242
-21.0263
-24.584
-27.4488
-27.7687
-24.7808
-22.4373
-22.7152
-25.0315
-27.9359
-30.4521
-32.8881
-35.6264
-36.5219
-32.7974
-27.4754
-23.7804
-23.9463
-23.771
-26.0543
-26.2315
-27.7347
-29.025
0.193341
8.49313
20.0593
30.8692
33.6064
32.0644
27.7705
21.6314
21.7356
19.8992
17.1577
20.4665
23.2417
22.6945
28.0989
36.8325
43.2753
46.2134
53.853
62.1492
69.0607
73.6847
76.1844
77.2437
77.123
75.9449
74.0374
72.1598
70.5539
69.1408
67.2202
64.2807
59.7139
52.5509
42.0271
24.5115
6.64777
-0.00333184
14.1046
22.105
25.3304
24.1565
18.8694
10.8571
5.01118
1.83271
-2.74016
-5.44028
-2.67532
0.934564
2.93945
3.56033
2.48745
2.09731
2.9171
2.13253
-1.93063
-8.71764
-16.0839
-22.2448
-25.149
-24.6366
-20.7032
-34.441
-36.217
-34.9553
-27.9394
-21.6285
-17.8814
-14.997
-10.174
-5.86802
-4.10769
-5.71523
-9.67807
-13.0368
-13.444
-14.2158
-13.5847
-8.54801
-3.56665
-1.93602
-3.82225
-8.59185
-12.7357
-13.3068
-13.8903
-17.065
-20.1065
-19.3594
-18.3485
-18.2208
-17.991
-17.8652
-18.9253
-21.6032
-25.5678
-28.3339
-29.8063
-33.8437
-34.0761
-29.1745
-27.8224
-31.0708
-37.0352
-37.496
-34.1598
-33.0148
-35.7918
-41.8192
-42.909
-36.6315
-31.6485
-29.4248
-23.0736
-19.2559
-17.1462
-18.1898
-12.4106
10.6982
23.7322
31.3934
31.2485
27.3037
22.6806
23.982
21.2899
33.8599
45.0941
54.4332
63.2846
70.2381
75.4861
78.996
81.1608
82.4477
82.9054
82.6818
81.4594
78.802
74.7635
68.831
61.2737
52.541
43.5508
28.9904
18.0982
15.0091
14.378
8.98646
-0.707796
8.26686
7.66458
3.79079
-6.20438
-5.79681
11.387
23.6284
29.4939
30.4061
26.7825
20.1977
17.2003
16.8755
13.4718
6.40686
-1.68297
-7.00886
-8.70417
-8.63168
-6.39632
-3.55771
-3.20096
-6.6697
-12.2472
-14.5424
-16.5637
-21.8781
-26.7739
-26.2653
-24.2349
-28.7775
-26.7545
-22.9301
-19.6346
-17.6064
-17.2657
-17.4027
-17.4558
-17.5471
-17.504
-14.8049
-13.122
-13.8679
-12.9948
-8.75328
-6.53489
-7.02699
-8.76987
-10.8385
-14.4171
-18.847
-18.7226
-14.5703
-11.6852
-11.4107
-13.3349
-13.9207
-11.1252
-9.86867
-12.4436
-18.7425
-24.1843
-25.1355
-26.0312
-26.8987
-26.5192
-25.4573
-23.8188
-23.0813
-25.2017
-30.8427
-33.6298
-26.8137
-22.1342
-21.6859
-25.5974
-33.6876
-40.6217
-39.7659
-34.0933
-28.4351
-21.7457
-18.6346
-18.4937
-21.3692
3.73515
16.2513
34.9866
47.8857
55.8931
61.8177
67.7672
74.1301
79.8159
84.0211
87.0668
89.0285
89.7533
89.1845
87.3291
84.46
80.613
75.6752
69.8572
63.5213
56.5937
49.4568
39.6475
29.1228
18.1558
7.85034
7.81208
17.4873
20.7391
19.9648
14.8087
3.39228
1.89162
4.31694
5.05447
-0.0689556
-5.29527
2.68832
15.7783
23.5116
26.3275
24.9744
20.9341
18.7173
19.1435
17.9989
14.3466
9.65144
5.46259
3.41346
4.71441
5.036
2.84109
0.198767
-0.826083
-2.11582
-5.09408
-10.2213
-18.1981
-27.1253
-31.2601
-27.9002
-22.533
-31.1847
-29.1
-24.2532
-20.001
-17.5733
-17.3354
-17.7203
-16.898
-16.5287
-17.5036
-16.3285
-13.5801
-13.5582
-16.4955
-16.8444
-11.0953
-7.09554
-6.04461
-7.93714
-12.4666
-18.5612
-22.7084
-23.9231
-22.6363
-21.2473
-21.6118
-20.8558
-18.4652
-18.0012
-21.2405
-29.4176
-37.9975
-34.1553
-31.4248
-33.0008
-37.9209
-36.1403
-28.3131
-24.8218
-26.0261
-30.8557
-30.7988
-23.7979
-19.7513
-20.126
-25.2717
-35.063
-41.3948
-40.4365
-37.461
-36.8128
-36.1947
-37.3577
-39.8104
-40.48
5.59895
15.7114
40.2402
59.4983
72.7985
81.202
86.4821
89.3088
90.2192
89.7648
87.9327
84.4852
78.8263
70.574
59.5512
46.6524
39.0841
30.5954
30.2347
23.5385
15.7122
10.2347
1.99661
0.331585
5.50215
10.8098
12.3715
12.4917
10.7772
14.2334
24.0305
30.3965
32.1582
30.0472
23.0192
12.5364
1.5058
0.977642
10.8564
14.2398
12.4165
5.97149
1.72519
3.47733
3.02839
1.23522
1.57626
2.16596
1.03547
2.48935
5.79574
7.05262
4.82779
0.262495
-2.97669
-4.11232
-6.76676
-14.2915
-25.793
-36.3134
-33.7557
-28.7265
-25.3937
-20.4571
-17.2429
-16.5287
-18.5756
-18.5252
-13.9507
-10.7473
-10.6327
-13.6665
-18.556
-20.5267
-19.5485
-20.6171
-25.598
-27.4258
-19.4268
-12.3442
-9.46887
-10.3045
-14.1645
-19.1088
-21.7239
-21.2005
-21.3793
-23.2847
-25.5989
-25.4143
-22.1947
-20.945
-23.2164
-29.6794
-37.3303
-39.7971
-42.0619
-44.7882
-43.7745
-42.0385
-36.0654
-30.2708
-28.7297
-31.5575
-36.8258
-36.2575
-30.7471
-27.147
-27.2078
-31.408
-38.3993
-37.3674
-36.6128
-38.1383
-39.6546
-45.5808
-44.4367
-31.7887
3.13318
24.2605
45.4644
59.0218
67.1668
71.0586
70.7808
66.6755
60.3871
50.9803
41.7425
29.1863
26.1511
20.7057
18.7787
17.3357
27
25.3515
25.5383
25.9908
29.8453
41.5931
49.0254
54.1688
57.0635
58.7078
59.4528
59.263
58.357
57.1411
55.5995
53.1499
48.9453
41.8942
31.6996
16.7621
-5.35013
1.89725
13.7307
20.3413
22.6279
21.4914
18.3026
14.5008
9.35431
1.32735
-4.89876
-1.11506
3.78684
5.38465
3.07521
-3.54837
-12.3817
-12.3626
-7.75781
-7.48427
-11.8023
-18.1268
-19.5179
-16.6755
-14.5183
-14.4853
-16.5365
-21.9892
-21.5601
-20.9892
-21.913
-23.385
-22.3768
-20.4252
-20.0362
-19.5499
-17.5788
-15.6513
-16.2249
-19.5888
-25.5926
-29.7724
-29.6357
-29.1637
-29.4543
-28.5631
-25.6586
-23.3128
-23.5921
-26.4891
-29.4272
-29.1011
-26.3148
-22.5013
-19.7278
-19.5487
-22.8267
-28.0234
-29.8509
-29.5528
-28.9486
-26.3924
-24.3113
-24.3033
-23.4624
-21.1796
-20.7276
-23.9021
-29.7458
-30.4832
-27.2772
-27.0148
-30.731
-36.8173
-38.0701
-35.873
-34.4636
-29.5503
-22.4549
-18.3768
-16.8785
-17.9714
-5.66731
14.5439
27.1818
37.2059
41.8426
40.9736
35.4495
28.0258
25.4625
10.1572
21.7207
20.6163
22.5432
30.2986
41.9902
52.7568
61.492
66.573
68.7656
69.545
69.8478
69.617
68.6438
66.637
64.027
60.9127
57.2842
53.4648
49.8591
46.3964
42.6985
38.1069
32.444
25.4122
17.9198
6.63738
-7.15596
-6.15719
8.11499
16.5354
19.7498
19.1374
15.7884
11.8585
8.23617
4.49427
2.40304
5.05044
8.10177
7.85909
3.71723
-3.60774
-8.96389
-9.85554
-9.32698
-11.2021
-15.4513
-18.2186
-14.7976
-9.3442
-6.46956
-6.34142
-8.87557
-25.9695
-36.7415
-44.8616
-44.4442
-38.4323
-31.177
-24.1359
-19.1743
-17.3191
-18.018
-20.3499
-22.7273
-24.8934
-26.9204
-26.0837
-18.4889
-12.0777
-9.15603
-8.91031
-10.2992
-13.0529
-17.612
-21.1014
-19.9823
-19.6524
-20.8874
-19.0808
-16.7068
-17.066
-20.2141
-24.413
-28.5285
-30.9326
-28.9324
-26.686
-27.4728
-29.8197
-27.9574
-23.6457
-22.2475
-23.5738
-26.2914
-28.8024
-30.3562
-31.3547
-33.0878
-36.4477
-38.3747
-37.3389
-34.6772
-29.2404
-22.5861
-18.5477
-18.7258
-23.03
-7.37623
12.0886
24.3749
30.7714
32.0782
29.5182
24.0374
16.4006
24.0523
35.7175
52.1391
63.1188
70.625
75.6756
78.5048
79.8596
79.8217
78.2746
75.702
72.155
67.6027
61.329
52.7543
41.1736
27.3355
16.5202
13.6472
9.79647
-2.59904
-7.4951
-9.99327
-0.0775683
3.71037
2.15925
2.70357
-2.17639
-10.6431
-13.572
-7.34373
1.14313
6.91641
8.41539
7.05231
5.10419
4.88892
7.91327
13.8385
18.3554
19.7547
18.1454
14.0693
8.17724
0.707126
-3.83909
-3.54931
-3.46214
-5.16831
-8.48773
-12.3192
-14.4113
-15.1037
-15.643
-14.0088
-24.5913
-30.3698
-35.4084
-39.107
-38.4552
-34.6299
-28.3476
-21.5092
-16.4628
-14.8196
-17.0621
-23.0421
-27.3178
-25.0378
-21.9793
-19.5798
-17.2202
-14.2406
-10.6441
-8.31883
-8.77576
-11.5266
-12.9194
-11.2945
-10.9442
-13.7601
-16.9879
-16.6063
-16.5982
-19.5303
-25.3732
-30.5107
-33.3731
-34.9693
-36.9683
-38.7122
-39.5684
-36.9745
-32.4065
-27.5369
-23.5453
-22.1604
-24.1752
-29.9755
-32.7139
-27.836
-23.5727
-22.0703
-24.0085
-27.0312
-29.3037
-25.822
-23.4497
-24.2503
-29.9842
2.13434
8.73586
23.897
30.9694
36.772
42.2138
51.369
60.7775
68.9037
74.9827
79.781
82.8271
83.8294
82.5819
79.4343
74.3587
66.6419
56.2495
40.9462
28.1525
20.7884
10.6629
6.77821
12.1917
9.64074
10.1319
10.646
12.3663
11.387
17.1034
26.0374
31.4066
33.0958
31.0429
24.7147
12.5467
-1.96515
-7.04049
2.02218
8.29964
10.7146
9.60199
5.15741
-0.710411
-3.46362
1.34905
10.1724
15.943
17.9693
16.6885
12.2413
4.72333
-5.25443
-13.6752
-17.7514
-19.8699
-17.2157
-14.6873
-15.1215
-18.1516
-21.5457
-23.6576
-24.0531
-21.3172
-25.6353
-24.4089
-21.6094
-19.5184
-18.4383
-18.6784
-21.1066
-26.053
-30.7933
-32.2294
-31.143
-28.9956
-25.2955
-19.6188
-15.8255
-15.4801
-17.894
-21.7297
-21.2805
-15.4539
-10.3065
-6.97474
-5.79702
-6.95902
-10.5714
-13.6583
-12.0818
-10.2318
-11.907
-17.2519
-24.9318
-30.2996
-30.4455
-30.0557
-32.4712
-37.0037
-37.5206
-33.7404
-30.3628
-28.4283
-28.4624
-31.5375
-37.5342
-40.2352
-34.4967
-30.1205
-28.401
-28.0052
-27.1557
-24.5724
-22.1725
-23.629
-25.7845
-23.4133
3.48066
17.246
36.1096
51.7606
62.2295
69.5012
74.3143
77.235
78.6014
78.722
77.2419
73.5705
66.825
56.7472
43.3847
27.4909
28.4018
15.2679
14.5906
15.6311
18.2794
30.7152
40.0751
45.4402
48.9162
50.6812
51.6757
52.1533
52.1152
51.7956
50.7374
48.7814
44.8432
38.0437
27.7033
12.6951
-3.69269
-1.241
11.4853
18.0545
20.0492
18.3754
13.944
8.72671
3.88591
0.683057
1.88858
2.94799
1.9829
1.59254
3.14464
2.63854
-1.66272
-7.69698
-9.04329
-8.05868
-10.6704
-16.4675
-19.8932
-17.9769
-15.3975
-13.3147
-13.051
-17.2453
-15.0309
-12.5633
-12.8407
-16.2332
-21.0286
-25.0748
-27.783
-27.3249
-24.927
-22.1023
-18.3802
-15.105
-12.583
-8.95156
-5.54899
-4.9486
-8.32558
-14.5909
-14.9669
-10.7803
-8.85364
-9.77695
-11.9092
-12.9508
-13.4768
-14.822
-15.9813
-15.9055
-15.7099
-17.2423
-21.1851
-26.336
-28.8521
-28.9332
-28.7094
-28.1439
-26.7604
-25.7378
-26.3871
-29.6189
-34.954
-38.8353
-38.5094
-35.3046
-32.1172
-29.8816
-29.4547
-30.3941
-29.0411
-25.2609
-19.9703
-13.5673
-7.19765
-3.55878
3.35993
24.1157
43.7822
55.0454
61.024
62.7334
60.6827
55.2137
47.3012
37.1601
26.556
20.6771
13.0366
8.70332
26.7091
35.5231
44.8656
51.314
55.1899
57.7283
59.3983
60.0794
59.888
58.6903
56.1738
52.6164
47.8608
42.9605
38.5326
35.5668
32.0635
26.3079
20.3914
15.3656
7.6114
0.824562
-8.96538
-1.36189
7.68408
11.1419
10.5617
7.73836
6.34378
5.82716
4.46472
3.00402
0.591482
-4.54495
-9.99219
-4.24835
1.38297
3.62928
2.381
-1.57089
-5.14894
-7.07837
-9.79789
-14.1039
-15.6679
-14.8122
-14.4853
-15.4256
-17.2492
-18.6129
-17.8861
-18.3659
-19.6522
-18.9464
-18.0458
-20.1409
-25.5274
-26.6606
-18.3503
-11.4893
-7.49078
-6.03183
-6.02256
-6.52645
-6.42739
-5.59677
-5.43739
-7.55584
-12.6701
-20.1684
-26.805
-27.793
-22.8571
-17.1568
-13.367
-11.4343
-11.3511
-13.8804
-20.0725
-29.389
-35.3776
-35.2738
-36.2194
-38.8252
-38.5158
-32.8118
-25.6058
-20.7047
-18.8892
-19.769
-21.7983
-23.2445
-24.1756
-25.5215
-27.1629
-29.7761
-32.3437
-31.3806
-28.6341
-20.4202
-10.3339
-3.92114
-1.9588
-4.06633
0.691661
21.2112
36.2189
45.0724
47.9761
46.1287
39.4043
27.0111
24.4761
21.2822
34.5714
48.0215
57.5893
64.2439
68.2755
70.426
71.2287
70.5538
68.5755
65.1147
60.2782
54.2192
46.2431
34.0631
22.1147
10.3396
10.3765
13.828
13.9025
13.4609
9.36281
12.0296
17.731
20.7822
19.8833
15.0923
3.1156
-1.03798
5.61378
10.6235
11.8777
9.99073
5.72289
1.36273
-0.218211
-0.344727
-1.17455
-0.969881
-0.229837
-1.1288
-3.15282
-4.01813
-4.21643
-6.15724
-10.4566
-13.6647
-13.5665
-13.2115
-11.7662
-9.86812
-10.6402
-15.142
-22.852
-11.4117
-17.7401
-23.9151
-25.1144
-23.7863
-23.1407
-24.1682
-27.0158
-27.0278
-21.1528
-14.3797
-9.96468
-7.58498
-6.79954
-7.56148
-8.37283
-6.14266
-3.35733
-3.38744
-7.16595
-13.01
-17.3534
-18.3759
-16.6977
-14.5098
-13.6228
-14.8381
-18.0315
-21.5039
-22.4377
-23.2022
-25.6403
-27.1654
-25.537
-24.4937
-26.186
-28.7544
-26.1116
-21.6836
-18.8706
-16.1403
-13.3661
-12.6203
-15.1672
-20.4499
-25.7955
-28.9039
-32.4019
-35.7692
-35.2873
-30.6887
-21.3496
-13.3561
-8.67388
-7.06356
-0.833529
13.0477
29.4835
37.0271
38.6164
37.3772
42.4857
52.3374
63.0584
69.9212
74.6359
77.3717
78.3605
77.5883
75.2411
71.2017
65.3338
57.2424
45.4383
30.3776
20.4941
11.873
8.1513
11.5528
27.7081
37.29
43.7195
47.7163
49.1131
49.3019
49.3101
48.7468
46.6817
42.0165
33.9748
22.1376
6.57361
-5.23874
0.691127
4.24673
4.1471
0.882091
-4.31418
-6.58844
-4.78289
-2.75656
0.122968
2.69955
3.63246
3.63881
3.0828
0.812229
-4.47124
-11.2991
-15.4099
-16.2982
-13.7457
-8.44952
-4.10312
-2.81005
-4.69114
-8.27145
-9.41101
-19.1201
-28.0151
-29.6679
-22.9619
-18.2246
-16.4672
-17.2934
-19.4364
-22.6389
-26.455
-28.5478
-23.4034
-18.3214
-17.1322
-19.5797
-22.0788
-21.269
-21.6942
-24.5954
-23.6575
-18.3002
-14.1577
-13.3387
-16.2911
-21.6371
-26.3517
-28.6985
-29.8333
-27.8162
-27.0004
-29.1495
-32.6531
-30.4954
-23.8425
-20.5985
-21.4081
-25.56
-28.6184
-26.7401
-23.7488
-21.7782
-22.3334
-24.729
-25.1388
-23.1834
-23.1953
-26.7184
-32.6328
-38.513
-37.2042
-32.8675
-27.3663
-19.9298
-9.43663
-0.0866017
6.8532
11.4306
37.6045
56.3326
68.9932
76.9635
81.9024
84.5288
85.2485
84.3414
81.7476
77.0945
69.7866
59.4385
44.3001
31.6966
28.6518
21.6046
26.2116
34.9227
43.7002
53.5769
60.236
63.8125
65.2111
65.3131
64.4455
62.4908
59.9664
57.1643
54.0026
49.9361
44.2735
35.8126
23.8004
2.44253
-17.483
-1.68247
8.65179
12.8245
12.1577
7.1494
0.680572
-0.670267
-0.865581
-2.03744
-4.15866
-5.7452
-4.93746
-3.38249
-3.06832
-5.16363
-10.4321
-18.7134
-22.9911
-18.5937
-14.7494
-13.8983
-15.7479
-18.3437
-19.3171
-18.585
-17.4633
-19.5261
-23.8255
-30.2769
-31.4147
-29.0689
-28.8321
-27.7798
-25.1776
-23.879
-24.9507
-22.6375
-15.0467
-10.3806
-10.1346
-13.5853
-16.5036
-15.4116
-15.5991
-17.7594
-18.0765
-16.7001
-17.3474
-21.0872
-26.4008
-28.3462
-23.4381
-19.2864
-18.3692
-20.1944
-22.9423
-25.6575
-28.8028
-30.5365
-29.2226
-29.3065
-30.9775
-29.33
-23.218
-19.2272
-18.9103
-21.9166
-25.6424
-26.5355
-26.3955
-27.5741
-30.6317
-34.5314
-36.7865
-35.5956
-26.9132
-13.9306
-1.80133
6.44956
11.0756
12.3801
12.0081
19.3477
46.5633
63.0102
72.8043
77.9878
79.2037
76.8747
71.3761
63.1724
52.4476
43.0847
35.2619
33.4108
46.653
58.4182
66.914
71.5044
73.6263
74.4421
74.5624
73.5705
70.9806
66.7947
61.5677
55.2469
46.594
35.2305
23.1406
17.9896
13.7029
7.89682
3.34255
7.6629
7.92825
4.36893
-4.1542
6.02003
15.9748
20.3392
19.9527
15.0886
6.23173
-2.11756
-4.75521
-1.8208
1.06866
1.03379
-2.50789
-8.9582
-17.2052
-22.3604
-23.6667
-23.4789
-23.7299
-24.3432
-24.5521
-24.7513
-25.7136
-26.8481
-28.9316
-30.9282
-29.7994
-30.3515
-26.6647
-24.5202
-24.8411
-26.7864
-26.4302
-23.4704
-21.038
-18.9423
-16.2592
-13.1347
-10.432
-9.0017
-9.87756
-13.2026
-16.6395
-16.67
-16.075
-16.8089
-16.7935
-15.2239
-15.394
-19.0907
-25.039
-27.4786
-26.6546
-26.1403
-26.7405
-25.0296
-22.0629
-21.0759
-22.4531
-24.8724
-27.7827
-30.7576
-30.7322
-25.5179
-18.7475
-15.067
-15.3232
-18.7978
-23.6797
-27.4816
-28.366
-27.3633
-27.4217
-29.842
-32.3146
-31.3909
-24.9932
-10.1284
0.671132
6.51665
7.77606
4.59485
4.96945
30.8455
46.3518
55.8858
59.7186
58.5958
52.5511
42.4836
32.1505
45.6432
60.4626
71.3032
78.4824
82.6292
84.2815
84.1665
82.481
79.5267
75.9865
72.1417
67.2041
60.1771
50.5465
39.9799
26.7487
22.5059
23.5027
26.2706
29.1817
32.8538
35.9293
37.5815
37.1831
34.0128
27.5136
16.7028
4.83452
1.69636
10.3474
14.7246
14.5503
10.0668
2.71083
-1.10694
-1.88948
-4.00178
-5.73196
-5.24912
-4.4089
-3.65679
-2.72206
-3.54561
-7.67437
-15.243
-21.1861
-22.3353
-24.4453
-29.0887
-32.2568
-32.3632
-29.9464
-27.3246
-25.3603
-19.3921
-23.3006
-24.6079
-25.1362
-25.7699
-21.6807
-17.3355
-16.5511
-18.384
-18.6613
-14.8325
-12.2633
-12.7214
-15.794
-18.8804
-19.7157
-19.2259
-17.6211
-15.1084
-12.9509
-12.2118
-13.1513
-15.4902
-19.4901
-25.0286
-24.9548
-19.3809
-15.4194
-14.9208
-17.7394
-22.8037
-26.8961
-27.7287
-25.3647
-23.2826
-21.6232
-19.3941
-18.0737
-18.4136
-20.2053
-21.9112
-20.8863
-18.6954
-18.8459
-21.8709
-26.5143
-30.8646
-33.9268
-32.9325
-30.4168
-24.2678
-16.9478
-13.0936
-13.4153
-16.9089
-5.36201
19.2214
32.5815
39.5066
41.6707
42.5163
49.2387
62.2881
74.1996
83.2245
89.0269
91.7884
91.7863
89.2677
84.6065
77.8811
68.7128
57.4092
45.0625
31.7786
32.9042
43.8276
50.3115
56.0626
59.6056
61.0615
60.7986
59.1524
56.982
54.6104
52.0544
48.8358
44.0273
36.9555
26.185
12.6197
-8.51756
-0.346492
5.60971
7.81219
5.75865
0.109171
-5.84394
-6.38865
-5.93116
-6.05104
-4.4913
-1.7428
-1.00443
-3.0046
-6.69387
-9.11736
-10.8277
-13.2842
-17.6586
-23.5005
-29.5365
-31.3717
-31.6584
-31.6006
-30.6236
-29.0486
-27.0109
-12.89
-21.5178
-22.5189
-19.7192
-19.4586
-19.3741
-17.9085
-15.603
-13.815
-10.8805
-7.50661
-5.72594
-5.81508
-6.86687
-8.31197
-9.16211
-8.47753
-7.92821
-7.71787
-6.32653
-5.56165
-7.19435
-9.41305
-9.08263
-8.4838
-8.55382
-7.78382
-7.56695
-9.92108
-15.4668
-21.176
-21.432
-18.9823
-18.3973
-19.8617
-21.0291
-20.0819
-19.6053
-21.9686
-27.2931
-28.211
-22.8959
-20.0226
-20.9885
-25.4372
-28.8165
-26.3174
-23.8577
-23.338
-24.3285
-25.5933
-22.708
-18.262
-14.3933
-12.6369
-3.26499
18.2108
47.4778
65.9466
78.6419
87.2106
92.6573
95.5302
96.3413
95.2722
92.2635
87.0068
78.801
67.1612
51.6466
56.4873
65.2306
70.9876
74.8428
77.2821
78.4796
78.1241
76.4045
73.4975
69.174
63.6716
56.7369
48.0389
36.4782
29.178
22.5057
16.9167
11.1571
12.1596
10.014
4.32531
-1.50901
1.06165
8.64186
12.6818
12.3359
8.2274
2.56133
-1.27217
-3.7586
-6.34961
-4.23836
-0.166487
1.02671
-1.18248
-6.36099
-11.99
-12.0123
-8.96105
-8.21989
-10.6343
-15.4309
-19.8505
-22.287
-23.3789
-22.7148
-21.2678
-19.524
-4.69239
-11.4161
-16.8891
-17.5671
-15.6025
-14.667
-15.0701
-15.1039
-14.6912
-14.6603
-12.9542
-8.60257
-2.68315
1.74046
3.10726
1.25564
-3.05807
-7.1884
-7.89053
-4.5111
-0.489813
0.926539
-0.545722
-3.0145
-4.11739
-4.42264
-4.66225
-3.85981
-3.34887
-5.18929
-9.45061
-14.4286
-16.1913
-16.3693
-18.0791
-21.1385
-22.1015
-21.4155
-22.1021
-24.2049
-24.8929
-22.2713
-20.4383
-21.6622
-24.8235
-25.1103
-23.558
-24.5254
-28.8613
-30.7206
-25.6212
-20.26
-15.6629
-12.7271
-12.6276
1.27297
25.0198
53.7556
70.6276
81.5468
88.0789
90.8935
90.3072
86.1972
78.3709
67.0233
58.7361
69.1406
81.4087
90.0712
95.6896
98.393
98.6501
96.7248
92.8248
87.1107
79.995
71.5561
60.7779
48.2314
35.3359
34.4301
34.6517
31.0226
31.8472
38.5139
44.9982
46.5951
44.1034
37.0719
25.9909
10.3926
-0.580875
5.83895
9.8208
10.0138
7.1158
3.73963
3.79289
5.70638
8.30964
10.0225
10.6596
11.0614
11.4536
10.7656
8.51542
5.16695
1.71163
-2.01381
-7.12208
-12.6007
-15.5044
-16.6125
-16.1074
-14.7592
-13.6758
-12.5211
3.49818
-2.9767
-6.87528
-4.16093
-1.33404
0.689795
2.00876
1.32363
-2.44768
-7.22371
-4.97213
0.313216
3.1846
4.17984
5.89309
7.77285
7.29097
3.78861
1.94972
6.18674
9.26754
9.69723
8.379
6.75209
6.74927
8.32965
9.04344
7.46549
5.0064
3.71382
1.64561
-2.99249
-9.21002
-13.9075
-17.6946
-20.692
-21.1948
-20.2417
-20.5835
-23.2914
-26.9741
-26.8321
-24.4817
-23.8694
-25.4054
-28.0244
-30.5226
-32.7092
-35.0081
-33.2525
-28.1294
-25.4591
-25.8667
-27.9353
-27.2783
-6.179
28.5212
44.7881
55.1786
59.3347
58.8174
54.3615
50.1325
57.8853
73.4245
88.3858
98.7915
105.288
108.427
108.729
106.365
101.503
93.8837
83.0363
69.939
61.4695
62.5495
71.4463
78.6518
83.0484
84.8782
84.6002
82.6539
79.55
76.1039
72.8258
68.8851
63.2074
54.6178
42.9724
26.515
15.1004
10.2895
7.06257
4.70752
3.27639
5.76562
9.98058
12.5648
13.1666
12.0411
9.94832
12.0306
18.0914
22.3219
23.8928
23.0247
19.7225
13.5419
4.45156
-3.8706
-7.51328
-7.7654
-6.69585
-6.13561
-6.13104
-7.48747
-9.81402
5.17202
-0.249677
-4.05138
-5.08908
-5.55645
-5.15555
-4.85572
-5.01676
-2.63946
1.2577
2.65034
1.19479
0.40051
3.66813
7.13907
8.58622
7.80018
4.89084
1.24283
2.17369
6.69719
10.2126
12.4009
13.1159
12.0948
9.74352
7.01654
3.76293
0.147
-1.05237
-1.13282
-3.40447
-7.35203
-10.4714
-13.763
-18.4789
-21.0579
-22.1659
-24.6243
-26.5652
-26.3394
-26.9075
-29.9377
-34.883
-37.1364
-35.8809
-34.5535
-34.9114
-35.5791
-36.2112
-34.1964
-30.0544
-23.9958
-17.5573
-13.1585
-4.56691
17.7918
33.694
46.7944
59.0907
70.9643
81.4898
90.4413
97.7408
103.276
106.843
108.231
107.164
103.47
96.6578
86.7314
75.4233
74.8953
82.2301
90.812
97.2516
101.157
102.654
101.974
99.1727
94.3524
87.7549
79.8083
72.1708
65.6546
59.7686
52.5395
43.5584
37.7311
34.4775
29.8278
22.3777
15.3091
10.7356
10.183
15.7564
22.6726
26.4487
26.4887
22.8606
17.3499
16.4403
19.1025
22.6374
25.8905
27.871
27.7819
25.29
20.287
12.841
7.20965
5.27514
2.97395
-0.951308
-2.07877
-1.67123
-3.42977
-7.61535
3.6588
-0.587932
-2.8646
-5.67071
-9.29304
-7.03178
-3.36751
-2.31212
-0.0835063
4.90301
7.63735
6.46855
2.05681
-1.42762
-0.0800361
1.70429
1.82256
0.631083
0.596735
3.83781
7.68617
9.27591
7.76504
4.31912
2.75558
3.50027
4.11967
3.96041
2.62112
-0.192664
-3.79991
-7.48413
-10.5784
-12.6445
-15.0399
-19.2275
-23.6799
-26.9404
-28.2543
-26.8533
-25.7018
-26.7479
-29.7483
-32.5075
-32.9078
-30.7954
-28.9914
-28.8858
-30.8932
-34.4919
-36.538
-28.5165
-21.0885
-17.0275
-16.9798
-0.294261
19.0676
38.7026
57.1346
71.0396
80.7629
87.6755
92.3528
94.9711
95.383
93.206
88.1568
81.3642
82.0559
90.5625
97.8556
102.86
106.054
107.713
107.88
106.567
103.616
98.6784
91.1161
80.632
69.6573
66.5993
68.612
70.0247
71.0666
71.5704
71.2363
68.9975
64.179
55.8934
44.1936
28.7349
14.5278
11.53
15.4071
20.3968
24.3023
25.2644
22.6866
16.8629
11.0615
10.2614
13.8624
18.03
19.654
18.5352
17.2926
18.061
17.6902
14.5221
10.341
7.68047
5.26634
2.33424
0.285645
-1.26068
-2.67783
-4.93206
4.31079
-2.73609
-9.20724
-11.9287
-13.1411
-11.1831
-8.5852
-7.62837
-5.7409
-2.32277
-0.757546
-1.39443
-1.56262
-0.191006
0.72675
0.431982
-0.603526
-1.27754
0.694302
4.47602
6.19006
4.5446
-0.0225664
-2.43032
0.38806
2.69287
2.11349
-0.828389
-3.37879
-2.64524
-2.02424
-4.57719
-10.314
-15.5902
-18.417
-23.0631
-29.616
-33.5874
-31.6656
-26.8823
-23.5667
-23.0042
-25.3314
-29.6643
-32.3544
-30.7889
-27.1655
-25.0062
-25.8149
-29.6662
-31.4937
-25.6408
-21.6791
-22.1634
-25.9546
-9.97778
11.7108
32.7536
44.9648
51.8396
53.3208
51.0624
45.6231
50.6715
69.3783
83.5008
93.0835
99.532
103.374
105.19
105.004
102.811
98.5024
92.1558
84.6718
76.3039
73.8042
80.3354
86.5627
91.2887
94.9695
97.347
97.9827
96.803
93.9372
89.7334
84.1925
76.9865
67.1965
54.6784
38.9395
31.3362
29.9675
28.7105
26.3773
23.319
20.1247
17.3378
15.2359
13.4298
12.7813
12.5383
13.0217
14.9023
16.2824
15.9999
15.1634
15.5739
16.2256
14.9863
12.1003
9.84784
8.69648
7.09565
6.25987
6.46054
5.75533
2.72306
8.44636
1.69801
-5.5663
-10.8815
-13.0124
-7.02452
-2.14608
-1.35625
-4.68037
-11.2047
-15.1676
-14.6577
-14.5662
-16.2969
-14.9561
-8.43978
-3.52617
-1.7264
-1.89507
-1.50004
0.291295
0.990431
-0.805851
-4.9952
-7.43325
-5.41337
-4.06011
-6.4172
-12.3085
-14.9863
-11.7664
-10.3687
-12.4392
-16.6962
-19.6467
-20.4253
-20.1424
-19.6333
-20.781
-24.1092
-27.0704
-27.3759
-27.7911
-29.9377
-33.1297
-35.7559
-37.1123
-37.2754
-36.9625
-37.5343
-35.4453
-31.4391
-29.2698
-28.547
-29.5289
-10.1078
18.0019
29.5174
37.946
44.6448
53.0937
67.2812
79.0508
88.0853
94.8118
98.8853
100.217
98.7676
94.5911
87.6914
80.7199
82.5729
87.9828
91.3487
93.4063
94.8237
95.4511
95.045
93.861
92.3091
90.267
86.9521
81.7766
74.9014
67.0365
60.3837
59.1828
61.9245
62.6489
59.3793
51.0935
38.0985
23.2849
21.8664
22.5934
22.2081
22.2233
22.8357
22.2589
20.2831
19.2152
20.3222
21.0081
19.7171
17.3421
16.4581
18.172
20.5993
21.1644
18.6883
13.0484
6.36264
4.84981
7.86358
10.9361
12.4006
11.4447
7.81571
11.0047
3.68839
-4.77959
-9.97428
-10.9294
-6.53286
-2.10121
-0.984182
-3.8762
-10.2737
-15.2462
-13.2692
-8.41805
-3.81961
-1.08571
-0.472843
-1.26651
-2.71636
-4.64231
-6.48901
-6.2615
-5.36362
-6.58608
-10.1384
-12.4134
-10.4892
-9.50692
-11.5083
-15.6315
-19.1665
-20.8596
-22.5101
-23.1503
-22.5205
-21.6301
-21.9701
-22.4019
-22.2683
-23.5282
-27.7911
-34.2745
-36.347
-34.866
-34.793
-35.9387
-36.261
-34.2001
-32.2983
-31.482
-30.8155
-28.8236
-27.6761
-28.7302
-30.6156
-32.3264
-8.13312
11.0261
36.0873
53.0044
64.3485
72.3418
78.2266
82.6926
85.5848
86.4433
84.7923
80.4101
76.0028
81.9102
91.7453
99.0048
103.312
104.957
104.207
101.386
96.8078
90.5513
82.1578
70.5271
62.7429
68.0536
74.7664
79.0255
81.437
83.7282
86.0301
87.1375
85.8348
81.3321
72.9747
59.4431
40.3537
20.3534
22.5827
29.5546
36.4773
40.3252
40.5228
37.2943
31.4747
25.9653
24.5482
25.969
26.0297
24.7762
24.5008
25.1211
24.5267
22.0656
18.0677
12.5238
5.18697
-1.4664
-4.06441
-3.98454
-3.41643
-4.92977
-8.16026
7.80125
1.59523
-1.68955
-2.43308
-4.28787
-6.04374
-5.79377
-5.54692
-5.08551
-1.7467
1.30615
1.11923
-2.44642
-7.14253
-9.15362
-8.76129
-5.93565
-3.27345
-2.66701
-3.8864
-5.8604
-6.99396
-5.56124
-2.30746
-0.689656
-1.86576
-5.23726
-8.51175
-10.7207
-13.859
-18.6171
-23.8648
-28.1911
-30.0975
-30.577
-31.5016
-32.267
-32.935
-34.1195
-35.9587
-37.2632
-35.6468
-33.2472
-32.7588
-33.6522
-34.0616
-34.2391
-35.1847
-35.4184
-33.7615
-29.8879
-25.2315
-22.7919
-23.4978
-26.9116
-13.4455
12.6369
37.8292
50.3262
56.6382
58.2237
55.6314
49.2583
44.5203
63.3426
80.5709
91.8544
99.0757
103.112
104.468
103.245
99.3044
92.1307
81.0862
66.9335
61.2641
66.8381
74.8031
80.6164
84.3346
86.5933
87.4485
87.3431
87.3041
87.256
86.2324
83.2343
77.8619
69.8714
59.0215
46.6919
35.186
27.5194
31.3461
36.431
40.4647
43.7391
45.3783
44.4916
41.0589
36.3324
31.6231
27.6823
25.5178
24.8672
23.5371
20.5169
14.7358
6.50928
-0.942154
-2.01874
-1.44498
-1.97848
-3.12488
-4.6894
-7.37124
-11.9541
-17.2968
6.09523
2.66353
1.69553
1.38858
-0.353808
-2.50022
-4.2754
-6.42506
-7.64788
-3.65513
1.73327
5.40885
7.00914
6.43399
4.42963
4.32478
6.71926
7.54415
5.80047
3.29566
2.66557
2.67492
2.46048
2.01933
0.0485975
-4.5233
-10.5701
-14.2448
-16.5382
-18.2042
-18.534
-19.9145
-23.1413
-26.9269
-28.6417
-29.5672
-32.0275
-36.0944
-40.3607
-41.9033
-40.6944
-37.5103
-34.9928
-34.1968
-33.2144
-31.1946
-29.8253
-30.3911
-32.355
-34.9164
-33.426
-28.981
-24.8963
-22.183
-21.9372
0.164407
24.0798
37.3933
46.6754
55.3278
65.2976
74.7367
81.7291
86.1961
89.1197
91.6805
93.8096
94.3192
92.1331
86.5571
77.4442
66.6242
59.5259
59.167
63.0732
68.4504
72.5761
74.7045
75.2246
73.9274
70.2179
64.0142
58.8846
59.4618
62.5337
67.1692
71.7986
73.761
71.9763
65.7289
54.0656
38.0309
22.6035
23.8602
29.9734
35.732
38.8962
39.313
38.3213
37.8712
37.4233
35.0527
30.2202
24.251
19.7681
17.1287
13.2378
6.18771
-1.33543
-3.43751
-3.37833
-3.24934
-3.84384
-5.73342
-8.98721
-10.4335
-8.44005
-6.82118
0.705479
-3.90765
-8.30051
-8.0038
-5.12379
-3.25005
-3.10951
-4.29393
-5.14712
-3.23855
0.783383
4.10651
5.82097
5.87353
5.05091
5.72063
8.1067
9.04796
7.45388
5.84843
7.70612
9.86321
9.43984
6.18331
0.731604
-5.37453
-10.8863
-16.158
-20.1752
-21.2532
-20.636
-20.6787
-21.8479
-22.9092
-23.4731
-24.8348
-27.1907
-29.9271
-31.6057
-30.5091
-28.0884
-26.9443
-27.4307
-28.7443
-30.111
-31.683
-33.4583
-35.0201
-36.7238
-37.0619
-33.414
-29.1153
-26.769
-26.5649
-28.0072
-5.19726
16.6814
39.8048
57.9312
70.7019
79.187
84.3217
86.5775
86.3158
83.6573
78.6542
71.4522
62.2261
54.6932
54.8548
58.3909
59.6833
58.5105
55.1162
49.5333
44.6189
43.3578
45.286
50.6765
55.2151
59.952
64.1272
68.2523
72.13
76.2869
79.855
81.63
80.7277
76.5331
68.5327
56.0705
39.5824
24.0024
19.7957
21.0384
22.4834
21.7097
19.4557
18.9031
22.5449
27.7475
31.2382
31.4024
27.7174
20.0014
11.9067
9.80476
7.48031
2.62508
-2.2217
-5.82139
-8.72184
-10.8082
-13.7615
-17.9121
-20.4007
-18.4322
-15.2907
-11.6157
-9.62976
-9.55909
-12.0675
-15.1953
-14.4295
-11.3733
-8.66698
-6.06063
-2.50835
0.282962
0.379608
-2.79701
-6.77944
-5.72327
-1.98688
1.44787
4.51262
6.26129
5.86366
3.44579
0.449131
-0.56963
0.0443125
-0.349566
-2.63623
-5.84746
-8.75796
-11.9011
-15.0158
-18.1163
-22.5832
-27.9228
-32.4014
-31.4787
-26.9695
-23.5209
-21.9765
-21.5605
-21.4838
-21.7976
-23.2389
-25.0904
-25.9338
-26.3618
-28.4161
-32.502
-35.9199
-35.9781
-31.8219
-26.6308
-24.6301
-26.4597
-30.9077
-33.1408
-4.82875
25.1892
46.0402
58.0883
63.9987
65.022
61.5224
53.8276
46.3815
49.9246
54.2417
56.2378
56.846
56.7844
55.7837
52.8622
48.2193
40.9915
39.1119
46.703
52.8063
57.1848
59.368
59.6142
58.1544
55.2679
51.3421
47.1636
44.9696
44.4803
46.1311
49.9212
54.2664
56.3731
54.748
48.8953
37.6341
20.721
14.3509
19.7815
23.459
25.6872
26.0215
23.5506
17.6548
12.17
14.1755
16.5122
15.357
11.6113
8.61743
8.63761
8.74287
7.52451
4.86621
1.07152
-3.97473
-10.754
-17.8307
-19.9672
-19.789
-18.9766
-17.7183
-21.3144
-19.7183
-17.1209
-15.4876
-15.4314
-16.7285
-17.506
-15.352
-11.3757
-8.297
-7.67877
-9.52993
-10.917
-8.25952
-5.00766
-3.49715
-3.34738
-3.83536
-4.42401
-4.01396
-3.08144
-3.52809
-5.91302
-9.15396
-11.2054
-11.8392
-12.3781
-12.9422
-13.4078
-14.4152
-16.7196
-19.9247
-22.9811
-25.3789
-26.0716
-25.5953
-25.4953
-25.6735
-24.8072
-22.3626
-20.2219
-20.2042
-23.1768
-29.0932
-31.6371
-26.5328
-22.7825
-22.714
-26.2259
-32.114
-35.5683
-34.3434
-34.2966
-33.1043
-32.5244
0.995532
24.9725
39.4331
48.8883
53.7693
55.2461
56.3262
60.4053
65.2003
67.7983
67.5083
64.0349
57.1761
47.6701
39.8801
41.0476
46.149
50.1482
52.9294
54.1971
53.8321
51.309
45.8824
37.9219
29.9089
31.132
35.3086
39.3072
42.8791
47.2173
51.675
55.2816
56.3836
54.166
47.8797
36.6982
20.6026
6.96312
-0.686833
2.20616
6.61445
10.2446
12.0009
11.7957
10.6161
9.44578
9.17519
11.3587
13.7155
13.3389
9.35602
2.53637
-3.60872
-7.24932
-10.2017
-12.8675
-14.8851
-15.2058
-15.0581
-15.7796
-17.5282
-19.2704
-20.311
-26.8564
-30.5203
-28.8319
-23.8026
-21.1299
-21.212
-22.9519
-23.9053
-22.0354
-19.6786
-17.8328
-17.1417
-16.9828
-15.3587
-13.481
-13.5243
-15.5161
-17.8829
-19.8868
-19.9157
-16.0627
-12.4365
-11.4757
-12.6639
-14.4607
-16.0507
-18.0962
-19.9847
-20.7121
-21.1566
-22.7461
-25.4776
-27.3697
-26.6405
-25.6845
-26.5396
-28.07
-27.2086
-24.0621
-20.4022
-17.9107
-17.7341
-20.3086
-24.5688
-26.8493
-26.9868
-27.203
-27.01
-26.4207
-25.9343
-26.225
-28.0892
-31.26
-31.3554
-27.6214
-5.71953
16.2037
32.9928
45.0994
52.637
56.2647
57.0965
56.1197
54.0919
50.5251
45.8765
45.4485
48.4241
50.5578
50.4055
48.4746
44.6635
38.7245
32.266
26.3032
26.2109
31.421
33.1558
34.9056
34.9629
34.3371
33.5399
33.4146
34.5191
35.5503
35.1776
35.3039
37.7927
39.6596
38.1837
32.5762
21.7436
7.2729
1.24333
3.90797
5.04845
5.12226
6.02663
8.56917
11.4591
12.6446
11.6463
9.84663
8.40509
5.88981
1.72409
-0.635786
-0.952656
-2.8623
-6.15799
-6.85721
-5.80069
-6.08663
-7.65604
-8.23265
-8.27273
-10.0736
-14.2216
-22.3175
-21.1117
-19.9437
-19.9075
-20.5601
-21.7586
-23.32
-23.3519
-20.4671
-17.2508
-15.8559
-16.2795
-17.9502
-20.8051
-25.1544
-26.6405
-24.1585
-22.7516
-21.9812
-18.8936
-15.0084
-13.1162
-13.882
-16.5223
-18.9141
-19.4939
-19.2004
-19.5059
-20.7495
-23.0245
-25.3475
-25.4528
-23.7255
-22.7667
-23.4953
-26.0739
-29.1348
-28.621
-25.9519
-25.3388
-27.3732
-30.3882
-31.6095
-31.3948
-31.5345
-32.3524
-33.3264
-33.5496
-32.2334
-30.4134
-28.8418
-28.3335
-29.29
-29.2603
-26.1923
-4.60921
10.8265
22.8112
29.8505
33.1034
33.1885
32.3302
33.4281
37.3436
42.5772
48.2559
51.3203
51.0885
47.4687
40.8244
33.9614
35.672
37.7556
38.8725
37.6188
35.521
33.1602
26.9297
20.9478
16.6611
20.8555
25.3759
28.5061
30.9637
33.9793
37.5444
40.932
41.9515
39.6834
33.5723
23.4698
8.44475
4.66095
9.84405
14.7649
16.8127
17.1275
16.1293
13.4917
10.6973
11.3834
12.38
10.4591
5.99214
3.65005
4.15119
3.6769
2.18712
0.370712
-2.05994
-5.53527
-8.86313
-11.3335
-13.6926
-15.8339
-17.7171
-20.5398
-23.3224
-23.1903
-25.0126
-24.6618
-24.8752
-24.5392
-21.5584
-18.5961
-17.2788
-16.69
-16.23
-16.8254
-19.2254
-22.1137
-22.5123
-21.1294
-19.7901
-19.4643
-19.1327
-16.6239
-13.2981
-11.4521
-11.694
-13.6052
-16.1656
-18.2366
-19.1894
-20.3155
-22.4225
-24.6031
-26.3449
-28.6884
-31.2477
-31.3432
-31.1303
-32.7651
-34.2421
-31.5495
-25.9961
-21.3924
-19.3724
-19.7497
-21.2986
-22.7343
-24.3688
-25.4725
-25.2188
-25.9655
-29.5945
-33.7845
-32.4596
-29.3528
-27.7792
-26.8984
-26.027
-24.72
-8.44214
10.8549
22.2833
31.6672
40.7494
47.58
51.3216
51.9326
49.9408
46.0198
41.7529
36.8314
33.7246
34.8676
37.7271
39.2163
38.9947
36.5322
32.8713
27.8841
24.1374
27.5047
30.8706
33.338
33.258
31.5922
29.4817
28.2927
28.0738
28.288
27.7036
28.8375
31.8893
33.06
30.4842
23.3065
11.0923
3.93578
10.0607
15.0306
19.047
22.0089
22.7561
21.0824
18.6385
17.4699
15.8714
12.3565
8.64058
7.05403
6.06703
4.48097
2.53938
-0.413201
-5.23313
-10.5065
-13.4979
-14.3608
-15.3439
-17.4644
-19.9862
-21.8284
-23.2548
-9.97053
-13.0775
-15.1117
-15.8638
-14.9582
-14.2115
-15.3256
-16.983
-17.3618
-17.8086
-20.05
-24.1083
-26.6978
-21.5671
-13.602
-8.72342
-7.47667
-8.7934
-10.1544
-10.3613
-11.4514
-13.2525
-12.9381
-11.6357
-11.706
-13.5178
-16.5302
-19.9965
-22.912
-24.1792
-24.9615
-26.8201
-30.9497
-36.4362
-37.2742
-31.482
-22.5201
-13.5484
-8.41409
-7.58872
-11.0102
-18.4086
-25.9881
-29.1105
-28.9472
-27.2596
-26.3932
-28.2211
-32.9235
-35.1749
-30.3474
-26.2912
-25.3187
-26.1254
-26.2743
-13.3755
0.816775
13.6687
23.9901
30.9223
34.1655
33.2928
28.9186
25.9432
26.7257
31.5553
35.343
37.0337
36.5394
33.3981
28.0881
25.4106
25.2382
28.7599
30.5157
31.3378
30.9616
28.0632
24.074
18.0894
14.9797
17.242
20.3484
22.259
24.1734
26.5497
29.004
29.6439
27.3499
20.9005
9.64078
-5.43703
-1.04081
8.07235
13.2231
16.9494
20.7619
23.2103
23.1069
20.5549
16.834
13.5183
10.7269
7.20225
3.37734
4.16625
7.32834
9.02909
8.52897
5.81229
1.115
-4.70737
-8.5106
-10.0959
-12.0568
-15.5749
-20.6638
-24.3403
-14.5578
-19.1279
-20.824
-19.4522
-17.0246
-15.2856
-15.7528
-18.1888
-20.0795
-19.2524
-18.1843
-18.8227
-18.1997
-14.3107
-11.5585
-11.8482
-13.5693
-10.9855
-5.44097
-2.41776
-2.79095
-5.85989
-9.90336
-13.1676
-14.6826
-14.3647
-15.3224
-19.0372
-22.0676
-19.7505
-17.4837
-18.4316
-22.9817
-28.4316
-28.1359
-25.8099
-23.2207
-16.5549
-11.0223
-9.40009
-11.7671
-17.1907
-22.2254
-24.597
-26.24
-28.4886
-30.869
-31.584
-28.3271
-23.2481
-19.3983
-18.2638
-18.6032
-18.2712
-18.1246
-8.84811
8.08506
19.4739
25.5291
27.9571
29.1124
33.0243
38.4066
42.2824
43.1599
41.1764
36.2564
29.2611
25.4665
26.8759
28.8772
29.6878
27.601
25.5246
21.657
18.7893
21.7223
22.4736
24.8038
25.2327
24.8772
23.4082
21.6936
20.2336
19.3973
18.6701
19.0251
19.6623
17.9389
11.9167
1.64595
-11.1547
-0.36806
9.40901
16.9486
22.9437
27.0028
28.7524
28.6389
27.2657
25.6044
24.4792
23.6218
21.5976
17.5673
12.8274
9.42985
7.15346
3.49201
-1.36556
-5.31768
-8.94393
-13.3049
-17.4488
-20.3611
-23.1579
-25.7563
-27.7209
-17.7043
-22.3541
-24.6236
-23.7636
-23.586
-23.3616
-20.8781
-17.6688
-15.6951
-13.8041
-12.0552
-11.4936
-11.4706
-10.3676
-8.2546
-6.72248
-6.66327
-7.4658
-6.18818
-3.44249
-2.61796
-4.50563
-7.77812
-9.85763
-9.36236
-7.71841
-7.30974
-8.82082
-11.3697
-13.8163
-17.2152
-22.3881
-28.7454
-33.241
-33.4417
-32.2573
-29.7847
-25.4872
-21.8493
-20.2053
-19.807
-19.9293
-20.6739
-22.4155
-24.5108
-26.5999
-29.3924
-31.214
-28.5512
-22.3556
-18.0344
-16.866
-18.0393
-19.6052
-21.1663
-4.13813
12.534
23.4581
29.0286
31.2477
31.2935
30.9793
30.6125
30.1024
29.3576
32.7076
36.4991
37.9601
36.8181
33.34
28.6558
25.3647
24.4727
26.771
28.0514
29.0259
28.793
25.2531
21.0895
15.8475
12.9332
13.1191
13.1425
14.1664
16.523
20.2519
23.1402
23.2223
19.4902
11.0158
-2.00316
-14.2014
-3.52181
8.40595
19.1103
28.5748
34.5933
37.1645
37.3358
36.9106
37.0341
36.6793
35.2668
33.1154
29.8676
24.7102
17.9334
12.5279
7.22126
1.32073
-0.853493
-1.62457
-4.85215
-10.6704
-16.4797
-19.4951
-21.3202
-23.8162
-18.0746
-22.7471
-23.1015
-21.232
-21.3444
-23.7123
-25.8382
-25.0656
-22.9526
-20.7435
-18.2851
-16.0678
-15.0051
-14.5765
-13.5038
-12.0696
-10.7223
-8.33742
-5.79413
-3.96305
-3.00744
-3.5415
-6.36019
-11.148
-14.1612
-14.3693
-13.6132
-12.6603
-11.7398
-11.5953
-12.4041
-14.2073
-16.496
-18.9626
-21.116
-23.0068
-24.4766
-25.2463
-24.3373
-20.0889
-16.19
-15.1103
-17.2218
-21.9546
-27.0647
-29.675
-30.1245
-31.091
-33.1911
-33.4055
-31.7939
-30.3075
-28.9948
-25.164
-21.9741
-8.83786
7.67917
16.95
21.23
22.5179
22.8812
24.6995
26.8897
30.5757
34.6783
37.2926
36.6027
32.5038
26.4008
23.6415
25.6982
27.538
26.6015
25.1045
21.2411
16.9714
16.3506
15.986
19.0237
19.7219
18.9435
16.3081
12.51
9.97932
10.6876
14.8937
19.2018
20.7322
18.2596
10.6124
-3.0463
-14.1929
-7.44993
2.37482
12.4943
22.6866
30.2018
33.8713
34.3311
32.5782
29.6929
26.3723
24.1408
23.8176
22.4268
18.262
12.4964
8.06387
5.11535
5.43081
6.59031
5.37575
1.2392
-4.40504
-9.09294
-13.3117
-17.4723
-19.3294
-18.3077
-20.1798
-22.0531
-24.4786
-25.6822
-24.7177
-23.4935
-22.567
-22.016
-21.9807
-21.8751
-20.9024
-18.6444
-15.1521
-11.7028
-8.92711
-6.29899
-4.49131
-4.50061
-5.94024
-6.84271
-6.53381
-7.32473
-10.0695
-13.28
-14.0893
-13.6951
-13.6316
-13.0265
-12.199
-12.4448
-13.2852
-13.5506
-14.0953
-16.2507
-20.1186
-23.4472
-22.3052
-18.9045
-16.61
-16.3793
-18.1868
-21.5104
-25.4056
-29.0978
-31.3529
-31.8378
-32.5366
-34.536
-36.4991
-33.9467
-29.3543
-25.5158
-23.423
-23.6101
-6.38571
11.4585
21.9188
27.2881
29.973
31.579
32.2257
30.8429
27.6403
22.525
22.7661
27.4684
30.7754
31.3683
29.0818
25.2949
22.9947
20.5411
20.2581
18.8325
18.3236
19.053
14.6324
11.9244
8.48264
8.39128
9.4153
10.0001
11.6176
16.478
20.9223
22.8083
21.295
16.0128
5.84914
-7.41176
-19.8086
-11.7116
-2.94336
5.67755
10.5454
12.2057
12.8411
15.6848
20.2811
23.2529
23.2765
20.3238
15.3928
10.7751
7.09393
4.53165
3.43039
3.6204
4.01054
2.67585
-0.973992
-5.25191
-7.88305
-9.9362
-13.5518
-17.4096
-17.2983
-13.561
-18.2381
-21.6309
-23.4531
-24.1843
-22.8302
-20.9096
-19.74
-18.9969
-18.0482
-16.1034
-14.0352
-11.6631
-8.34231
-5.47771
-4.77548
-5.93459
-6.15517
-3.69387
-0.95249
0.739957
1.46918
0.80856
-1.76437
-5.93042
-9.01871
-10.1193
-12.2798
-15.5866
-16.5506
-15.0659
-15.0844
-16.9637
-19.3291
-21.9817
-26.155
-30.9203
-32.092
-30.5369
-28.8771
-28.2803
-28.134
-27.3816
-26.8051
-27.6904
-30.2168
-32.4113
-32.4468
-32.2758
-32.7515
-29.9313
-25.6197
-23.2868
-22.9532
-23.9356
-1.0131
16.9173
27.0146
31.2625
30.922
27.4715
27.2075
32.0499
35.5867
36.5866
35.5171
32.5845
28.4799
24.3792
23.3098
23.736
24.5476
23.0463
20.8209
16.7707
16.3913
19.5845
20.1177
20.6851
18.8708
15.6159
10.8351
8.19684
12.6759
20.9288
25.9754
27.3213
24.967
18.7395
8.64166
-2.88018
-9.82735
-4.44375
3.92814
10.1712
14.6129
17.143
17.6066
16.8626
16.4603
16.1842
14.2223
10.0076
5.38287
2.8196
1.30695
-0.0972871
0.55409
2.41401
2.79974
0.415382
-4.37935
-9.4459
-13.3604
-17.2288
-20.7993
-20.9675
-20.5163
-6.31279
-8.79042
-11.2661
-14.1433
-15.9124
-15.7593
-15.6908
-15.5595
-14.8818
-11.3214
-4.94473
-0.200464
2.06612
2.54737
1.4036
-1.43555
-4.20155
-1.17223
4.07653
6.86636
6.83669
4.83697
2.82765
1.81832
0.665893
-1.24639
-3.66426
-5.60944
-6.08954
-5.48754
-5.72713
-7.74568
-10.5746
-12.7071
-13.8897
-14.4408
-14.8393
-15.7227
-17.4877
-19.6741
-21.2576
-21.9206
-22.8397
-24.5567
-26.5216
-27.9013
-26.9522
-24.3987
-23.5105
-25.5509
-28.6216
-27.9248
-24.8505
-23.3932
-23.8181
2.32474
21.3293
32.2813
37.3824
38.3374
36.6672
35.131
34.9944
34.3796
33.1685
34.0431
36.4827
37.1297
35.2537
31.1339
25.6672
23.4068
23.9693
26.1736
26.5319
25.8941
23.9683
18.9181
14.8541
12.3638
12.7359
14.0555
17.393
22.9952
27.9683
30.4563
30.0576
26.6246
20.4596
12.6209
3.70156
-4.05554
0.802535
9.47132
15.9028
19.3746
20.4258
19.5242
17.3877
14.9734
12.478
9.34481
6.62393
7.29645
9.04939
8.82483
6.64004
3.14592
-1.15743
-5.32386
-6.8714
-7.57098
-9.02139
-11.044
-13.6572
-16.2922
-18.274
-21.1481
-5.29976
-6.45746
-7.45048
-7.83204
-6.47905
-5.57795
-6.31847
-5.22575
-0.572455
4.51792
8.15627
10.1962
10.805
9.99108
7.53686
3.46166
0.805185
4.64072
9.8047
12.3862
13.0102
12.9244
12.231
9.91191
6.09963
2.80026
0.339089
-2.25739
-4.20951
-3.75023
-3.63243
-6.20519
-11.0945
-15.6794
-18.3521
-20.2072
-20.387
-19.6254
-19.9758
-21.9348
-24.3053
-25.119
-24.3391
-23.3248
-22.7345
-23.2307
-25.5199
-29.6986
-35.0995
-39.6911
-39.0133
-34.8756
-29.8673
-25.1833
-22.1665
1.59583
19.6182
29.7937
34.1252
34.2681
32.6057
32.5916
35.3824
39.6754
43.7572
45.5916
44.3522
40.302
35.8202
34.5959
33.8878
31.482
26.6734
21.7762
18.9236
19.1293
20.665
19.2021
18.2674
16.9245
19.0016
24.2103
29.6006
33.3054
34.7798
34.4519
32.9527
30.6842
26.9808
20.8716
11.4951
2.90669
13.7241
24.4351
30.3335
32.0086
29.8841
24.4421
17.8447
13.9454
12.5275
11.4021
10.0365
9.66988
9.93316
9.35792
7.65975
5.89889
3.34144
-1.34769
-6.92105
-11.7772
-15.509
-17.3848
-18.3113
-20.2238
-23.6871
-28.3936
-16.4655
-16.0191
-14.5786
-11.1585
-6.69392
-3.75627
-2.99857
-3.42951
-2.67069
0.0857013
3.77721
6.97817
8.12216
6.31695
1.32974
-4.79643
-5.52242
-1.3949
1.77923
3.42715
4.81228
5.79321
5.46316
3.52362
0.77329
-1.50601
-2.49745
-3.57455
-6.33046
-10.2763
-14.1033
-17.9051
-21.9987
-25.222
-28.1226
-31.5095
-32.9095
-28.8704
-24.726
-23.3117
-24.6863
-28.081
-32.0401
-34.8221
-36.1136
-36.0215
-34.1777
-32.3231
-32.4225
-34.6422
-34.8314
-30.8009
-27.8335
-27.2278
-28.636
-1.36109
17.4049
28.445
34.8034
38.9128
41.696
42.7686
41.5367
38.3265
36.4106
39.716
43.9053
45.6883
44.2924
40.1802
35.1823
32.7887
32.4105
31.8443
29.2628
26.4326
26.7835
30.0608
33.3518
35.0345
35.2666
34.3285
33.643
34.1953
34.4931
33.6013
32.2856
30.828
27.7059
21.3378
10.5455
2.58245
15.8438
25.6441
29.9525
29.7781
25.6286
18.6118
11.617
5.70537
2.48118
2.8175
2.82823
1.45183
-0.801689
-4.12079
-8.38448
-12.1412
-15.2096
-17.9307
-20.3273
-22.2633
-24.1223
-25.8206
-26.3127
-26.2613
-27.2362
-29.1164
-13.0486
-16.425
-17.8141
-18.8263
-16.8442
-12.415
-9.6812
-9.10172
-8.63158
-6.83483
-4.51467
-2.71555
-1.72043
-1.62519
-1.96861
-2.11241
-1.97592
-2.18667
-3.3955
-4.90244
-4.51354
-2.46998
-0.993643
-1.12046
-2.99312
-5.91867
-7.32214
-6.75933
-7.41446
-10.3333
-13.9591
-15.3461
-16.4119
-19.4367
-23.8778
-27.6669
-29.1955
-28.3386
-26.507
-24.6518
-23.4954
-23.8851
-26.1998
-29.871
-32.984
-33.6125
-32.5012
-31.8877
-33.2089
-34.001
-30.831
-26.39
-22.9275
-21.0254
-21.3315
-4.29524
13.58
24.467
30.6875
33.9889
36.1711
39.7636
44.6515
48.6869
50.9788
51.4148
49.7346
46.0901
42.8191
42.9335
43.995
43.0169
40.8886
41.3953
44.3515
47.0779
47.7741
46.2261
43.9793
44.0301
46.0198
47.2729
47.299
46.4503
45.3745
44.1958
42.2787
38.7092
32.8496
24.2209
13.1121
6.11174
17.5671
29.2051
35.5247
37.2453
34.7495
28.1223
18.7642
11.5149
7.77302
5.19933
2.92002
0.712504
-2.27562
-6.38872
-10.0489
-10.9497
-11.0844
-12.0737
-13.4746
-15.0042
-17.3304
-20.3262
-23.2665
-26.7504
-30.7544
-32.7375
-3.19736
-7.2397
-9.75245
-12.056
-14.9522
-15.183
-12.5406
-9.69984
-8.07404
-7.42267
-6.29715
-4.26066
-0.780566
3.21561
5.1426
4.01685
0.794887
-1.30032
-1.24971
-1.07192
-0.418691
0.505287
0.719124
-0.37585
-2.7933
-5.70506
-7.10477
-7.30697
-8.22286
-10.8456
-15.0962
-20.6046
-24.9025
-25.2987
-24.1715
-24.8365
-27.4947
-29.5932
-29.5671
-29.3259
-29.2553
-29.4676
-30.7178
-33.3004
-35.49
-33.7663
-30.8889
-30.36
-32.0693
-34.2549
-35.19
-32.3696
-26.9941
-23.6842
-23.8509
-8.18
12.8906
28.389
38.8961
45.026
47.3331
46.7265
44.5634
42.6313
41.5341
40.7167
40.2558
40.022
39.4927
39.6842
41.6137
44.7078
47.1172
48.1878
48.5234
49.657
52.2653
54.7707
56.2328
56.2956
54.6552
51.2516
47.1008
44.7823
44.603
44.7405
43.8102
40.9571
35.2841
26.3357
13.6414
1.51419
7.95945
18.6169
24.9015
27.4934
27.2448
24.8081
20.5612
15.0793
11.0842
10.4051
9.25747
6.26366
2.20563
-0.253467
-0.639882
-1.81554
-5.7621
-12.0289
-17.2202
-20.7408
-24.4818
-27.9519
-30.4149
-33.2879
-34.5989
-32.919
-4.74961
-10.8023
-16.2203
-19.0066
-20.7583
-19.6546
-15.6289
-11.4886
-8.93364
-7.66887
-5.17849
-0.85734
3.12624
6.75009
9.18846
9.34391
6.72073
2.05051
-1.29662
-0.703412
2.30799
5.19948
6.67583
6.33475
3.91854
-0.656478
-7.36907
-14.1645
-17.7306
-18.5567
-19.0577
-20.9483
-24.2884
-26.9607
-27.4116
-28.4701
-32.4417
-37.3831
-36.0089
-30.6604
-25.9372
-23.0477
-22.4741
-24.4694
-28.9958
-34.1452
-35.0765
-33.4561
-33.159
-33.5139
-33.6566
-31.9752
-30.0813
-28.5859
-28.0784
2.58613
21.2912
33.0277
39.7282
44.3258
48.0647
50.732
51.7287
51.4518
50.4924
49.1889
48.8732
50.6046
52.4251
52.4082
50.5671
49.4243
51.7133
55.801
58.9312
60.3185
59.4942
56.474
52.4289
50.3449
51.14
52.1012
51.9219
50.9403
49.8421
48.1454
44.855
39.6395
32.4705
23.4599
12.2074
2.32514
15.7022
29.2283
36.5055
38.8817
37.2923
32.5633
26.3556
19.6846
13.4025
11.0709
9.13864
4.88913
-0.311453
-1.98976
-1.95699
-3.16584
-6.69437
-12.001
-16.9437
-22.1664
-28.2852
-33.7754
-36.4197
-35.4936
-32.8001
-29.6386
-8.71952
-11.58
-12.7162
-13.7617
-14.6772
-13.9821
-12.8905
-11.8863
-8.87736
-4.09901
-0.458473
0.728269
-0.00165755
-0.434646
0.274282
-0.0344354
-2.11071
-3.19649
-1.01539
1.3054
2.71035
4.35502
5.92629
5.73674
2.74417
-2.98415
-10.0481
-15.1783
-15.9841
-14.6339
-12.9975
-12.8237
-15.3939
-20.3885
-23.9678
-24.4417
-25.0636
-25.2985
-22.8691
-20.0555
-19.5819
-21.3351
-22.1022
-20.9733
-21.22
-23.6451
-26.2893
-26.8405
-26.5455
-25.5368
-22.8915
-19.9986
-18.5709
-18.3795
-18.6359
2.87256
21.593
32.6433
40.0267
46.5396
51.9484
54.7768
54.4958
51.6529
49.8945
53.2496
56.9529
57.8019
55.6716
52.0137
50.6237
51.8821
53.3999
53.8736
52.7666
50.1902
48.0899
48.1076
48.6186
47.6901
44.992
40.8919
36.6614
34.6179
34.4072
35.3312
36.4251
35.986
32.5072
25.0012
12.5516
9.70642
26.8023
38.9262
44.6249
45.309
41.3333
32.7919
23.0227
17.3765
15.8182
16.368
16.5614
14.5123
10.0909
4.4442
2.28107
4.75135
6.16349
4.22547
-1.24156
-8.201
-12.1627
-14.1366
-17.8157
-22.8451
-25.5555
-24.0999
-14.77
-16.8206
-16.2812
-15.726
-15.9489
-16.5654
-17.6919
-18.0816
-16.1097
-12.555
-9.04573
-6.85081
-6.11045
-5.94262
-5.85196
-5.76252
-4.45534
-2.36347
-1.41194
-2.23888
-4.17126
-6.19836
-7.33604
-7.91998
-9.191
-11.8674
-14.3273
-14.8527
-15.2566
-16.3678
-18.1988
-20.58
-23.5975
-27.1809
-29.2809
-28.7293
-27.6452
-27.2432
-26.2328
-24.7638
-24.3905
-24.6234
-23.7867
-22.8036
-23.4827
-25.8709
-29.1941
-32.7127
-35.2645
-35.6494
-33.2864
-29.8251
-27.4619
-26.3103
-25.8364
1.13373
19.1243
29.2155
33.6293
34.3738
35.2637
40.2625
45.4164
48.3445
49.267
48.7991
47.75
46.9676
46.8053
46.2942
44.9518
43.2134
41.8945
41.2983
40.5017
39.3121
37.7557
36.197
35.2877
34.8434
33.7328
31.5956
29.4511
28.5547
29.6428
32.5992
35.2309
35.3646
31.7199
23.4018
9.71193
0.810742
18.0635
31.2368
38.6313
41.9866
42.1037
39.4764
34.6917
28.9076
24.6695
22.769
21.1995
18.5214
14.8144
12.3129
12.031
11.8001
10.2797
6.89368
2.05026
-1.09825
-1.69407
-3.45569
-7.61738
-11.8229
-13.5651
-14.7757
-22.756
-21.8685
-19.7856
-18.8139
-19.1305
-20.1975
-21.91
-23.1113
-21.1754
-17.1758
-13.6539
-10.8951
-8.45306
-6.69175
-6.0023
-6.15729
-5.71388
-2.95744
0.428119
2.56853
2.53198
-0.0140304
-4.58584
-8.59705
-10.5829
-13.383
-15.5615
-13.8447
-12.1672
-13.0152
-16.1536
-19.7025
-21.3775
-22.0387
-24.093
-28.4772
-33.5397
-36.4318
-36.1356
-34.0221
-31.4157
-29.2894
-27.973
-28.0284
-30.0251
-33.7659
-36.1856
-34.9048
-33.2189
-32.6588
-31.9946
-29.4879
-27.0094
-26.3005
-27.1601
4.29776
22.5461
32.8376
37.163
36.9601
33.464
30.4772
32.7079
37.251
41.2132
43.0082
42.078
39.2064
35.6307
32.7181
31.6636
31.4149
30.7283
31.1016
32.4457
33.7909
33.8041
31.7096
28.938
26.4727
25.2663
24.5231
23.5417
24.0052
26.9274
29.9926
30.579
27.6975
20.6663
8.77234
-5.88099
-3.79153
11.5295
23.5175
30.1911
32.9943
32.7708
30.033
25.3721
19.9784
16.564
14.7849
12.6833
10.7481
10.071
9.73185
7.78761
3.53875
-2.27765
-7.75427
-10.3086
-9.85095
-9.33345
-10.3084
-12.8647
-15.9446
-17.9522
-18.1398
-25.6259
-26.4582
-28.4935
-30.5371
-31.2911
-30.4388
-28.4796
-25.7206
-21.9785
-18.7593
-17.4326
-18.0941
-19.073
-17.6424
-14.6071
-12.7201
-11.4996
-8.84421
-5.62706
-3.92859
-4.40969
-6.80289
-10.8522
-16.3167
-21.2101
-22.3882
-21.3105
-20.5611
-20.2924
-21.1715
-23.7878
-27.6269
-30.3605
-30.9065
-31.3823
-33.1274
-35.6344
-36.9231
-36.4063
-35.5001
-35.4652
-35.72
-34.7
-32.9544
-32.2915
-33.3586
-34.8708
-34.5847
-32.6435
-31.6383
-32.1665
-33.3384
-31.1553
-27.13
-25.2309
4
22.4222
32.657
36.9137
36.5507
32.8812
29.5865
30.2895
32.2154
33.5271
34.4413
34.7453
34.1603
31.9007
28.6114
25.8534
25.2272
25.1698
25.675
24.8673
23.6339
23.2699
23.0579
22.6689
21.2052
18.8815
17.1064
17.0419
20.3934
24.8335
27.5027
27.0046
22.8936
14.448
1.73284
-11.9129
-6.97303
14.2881
28.1349
35.3988
37.5943
35.3243
28.673
18.7992
10.2242
6.69396
5.81256
4.8733
2.5546
-1.68462
-5.59265
-6.63382
-6.06829
-5.70469
-5.84893
-5.03096
-3.78647
-4.22172
-7.36706
-12.5627
-17.0739
-19.2744
-19.9191
-35.1487
-33.5012
-30.1268
-27.7613
-26.7458
-25.9896
-25.4291
-26.0405
-28.0045
-28.7286
-26.9182
-24.9557
-24.001
-23.3662
-22.2022
-21.698
-22.8997
-25.6593
-27.7436
-27.7682
-26.8104
-26.7085
-28.0564
-30.4088
-32.1964
-32.3252
-32.5952
-33.9584
-34.8053
-34.912
-34.9454
-34.5697
-33.5273
-32.0399
-30.7393
-30.895
-32.7265
-34.3064
-33.6951
-32.4866
-31.4094
-30.7007
-30.4858
-30.6701
-31.06
-32.0252
-33.9189
-35.1727
-33.7785
-31.4934
-29.9875
-29.5496
-29.1472
-27.9857
-26.5401
3.08829
21.1867
31.1485
35.161
34.3854
29.6861
25.539
27.2358
29.5686
30.3663
30.7586
31.1478
31.2161
30.3237
28.2902
25.6412
24.2666
23.8571
23.9338
22.418
21.4851
21.4451
20.225
19.4146
18.0638
17.2959
17.8218
19.9015
22.7977
24.2008
22.6805
17.2514
7.47528
-4.90461
-19.9753
-23.8479
-11.0533
8.14195
21.3712
29.1964
32.4144
31.5962
26.93
18.9167
9.76701
2.48907
-3.57816
-8.13072
-10.6452
-13.53
-15.408
-14.2779
-11.5054
-9.92764
-10.2724
-11.2152
-11.1941
-10.9671
-11.8211
-13.7334
-16.0883
-19.2564
-23.8118
-27.0818
-29.7446
-28.7082
-27.1475
-27.0656
-27.4282
-27.7804
-28.572
-28.8098
-26.5816
-23.9639
-23.139
-24.4427
-27.0156
-28.716
-27.1132
-24.7466
-24.5431
-27.3866
-32.4936
-34.8413
-32.4868
-29.7022
-28.5266
-28.8599
-30.2911
-32.4266
-34.6528
-35.5884
-33.2821
-28.877
-25.4288
-24.6515
-26.8276
-30.4246
-31.7365
-30.6807
-29.8767
-29.1551
-28.1594
-26.5861
-25.0857
-24.9771
-26.6052
-28.6318
-29.3967
-29.5691
-29.1286
-27.8616
-26.8389
-26.0831
-24.705
-23.1339
-21.9516
-21.886
4.15665
22.3626
32.521
36.6795
36.0646
31.4018
26.3407
28.171
32.7518
36.5783
38.2968
37.4389
34.8489
32.2523
30.7974
29.5782
28.2182
27.098
27.2093
27.0752
26.3939
25.5663
24.6132
24.6724
24.712
24.3659
24.5374
25.8722
26.8091
25.4562
20.7607
11.931
-0.418988
-13.851
-24.6918
-24.8371
-16.9213
3.36488
18.4486
27.9896
32.388
32.2504
27.697
18.8199
8.83527
0.826532
-5.19485
-8.87113
-10.164
-10.8185
-12.44
-15.5126
-20.3161
-24.539
-24.203
-21.8776
-20.5466
-20.453
-21.3582
-22.8555
-23.7469
-24.1424
-25.9396
-28.346
-28.6204
-26.7509
-24.5661
-23.7429
-24.8766
-27.2108
-28.1706
-27.6205
-27.6239
-27.3146
-25.6255
-24.6398
-26.0463
-27.4335
-23.2828
-18.2359
-16.2294
-17.4357
-21.0219
-23.8291
-22.211
-19.6681
-19.416
-21.8525
-26.3692
-31.5409
-34.9096
-33.0041
-29.9949
-28.4362
-28.0546
-27.8694
-28.3609
-29.8537
-31.4829
-32.5538
-33.4236
-34.133
-33.9745
-32.3098
-30.427
-29.6726
-30.1257
-30.9833
-31.3953
-31.67
-32.3257
-33.2976
-33.3683
-31.0773
-27.2463
-21.6521
-16.1258
-13.0169
3.31862
20.157
30.035
34.1156
33.8397
30.9256
29.583
31.2554
33.9975
37.023
39.3244
39.7869
38.6165
36.7333
34.8806
32.9306
30.969
30.0694
30.1287
29.458
28.6159
28.5397
29.0141
29.4672
29.0745
28.5679
28.1267
27.2983
25.3634
21.2778
14.3015
3.74275
-8.74681
-16.8266
-25.7805
-24.1692
-15.5703
1.49287
13.0958
19.6852
21.8771
20.1061
14.5829
6.34711
-0.883494
-4.14339
-6.76427
-10.2809
-14.9222
-19.4329
-21.5124
-21.4523
-21.4971
-22.6317
-24.4949
-25.6738
-25.2264
-24.1672
-23.7983
-24.5406
-25.5202
-26.5629
-28.7939
-16.1749
-21.5398
-22.4767
-20.9061
-20.6676
-20.8954
-20.6805
-20.7935
-21.2166
-19.9259
-16.4782
-13.5416
-12.5297
-12.8662
-12.2604
-10.2007
-8.91007
-9.62175
-12.1964
-14.8402
-14.683
-13.2924
-13.4674
-15.6629
-18.8211
-20.9851
-21.3562
-20.4434
-19.7475
-20.593
-23.3292
-26.556
-28.5464
-30.4237
-33.255
-35.7346
-36.6222
-35.8039
-34.1431
-32.9146
-31.6326
-29.7403
-28.727
-29.7924
-32.4292
-35.1172
-37.312
-38.7806
-38.4682
-36.8686
-35.985
-35.2027
-32.5638
-27.045
-22.4043
1.47562
19.1291
29.1847
33.447
33.612
32.9102
37.1214
42.4838
45.3783
45.7176
44.8706
45.8913
48.4148
49.2536
46.9037
41.7196
36.6392
35.0726
34.8969
34.2336
35.1617
37.9038
39.2399
38.3641
36.9614
36.9382
36.668
33.9356
28.1534
19.0689
8.15967
-2.13198
-6.19242
-9.2481
-14.4958
-18.0372
-19.2244
-5.84183
7.59744
15.9325
19.3703
18.5862
13.8496
5.97042
-0.713192
-0.940859
1.0467
0.73615
-2.66083
-8.56215
-14.0641
-16.4928
-17.6793
-20.1487
-23.6151
-25.7754
-24.7575
-23.8605
-24.8613
-27.0188
-27.8863
-27.4268
-28.5233
-4.39243
-13.0765
-23.3763
-26.8917
-23.874
-18.6388
-14.5281
-12.7995
-13.1289
-13.7977
-13.4788
-12.9834
-13.0338
-12.2025
-9.43185
-6.32894
-4.48225
-4.66627
-6.92485
-9.68089
-9.42248
-7.54291
-7.49078
-9.6545
-12.2176
-13.6591
-15.1736
-17.69
-20.3323
-21.9545
-22.8553
-22.9349
-22.2796
-21.8451
-22.5764
-24.8341
-28.0474
-30.1259
-30.6099
-30.9074
-31.1878
-31.3026
-31.8044
-33.0752
-34.1203
-34.4114
-34.158
-33.0049
-32.0532
-32.7416
-35.0892
-36.0149
-34.4369
-32.0972
-29.9582
2.7687
21.3421
31.6474
36.1938
36.6398
34.8825
34.5942
36.6309
38.6741
39.8981
40.2819
39.9099
38.6106
36.028
32.6204
30.1951
29.1107
26.6945
24.7389
24.1757
26.0873
27.8245
27.7691
28.3304
29.9427
30.5396
28.2377
21.8927
11.1286
-2.12799
-5.2864
-9.08225
-12.183
-15.7369
-19.4982
-19.5733
-20.2532
-3.76221
11.533
20.531
24.1977
23.36
18.1266
8.63086
-1.14727
-2.52711
1.01636
1.92471
0.0721893
-3.08495
-5.40753
-7.24908
-10.0716
-14.1322
-18.6419
-24.4201
-31.7675
-36.3142
-37.6191
-39.1089
-41.9698
-44.233
-42.9848
-8.06584
-14.4659
-20.9758
-22.9924
-21.8509
-18.3654
-14.3076
-11.584
-10
-8.96225
-9.04773
-10.9205
-12.4103
-10.044
-6.0063
-3.02228
-1.89413
-2.61404
-4.96978
-7.85925
-9.78367
-10.0729
-9.35813
-9.03151
-10.2277
-13.4815
-17.8427
-21.0842
-22.9806
-24.5151
-26.2706
-28.3091
-29.2168
-28.9975
-29.5526
-31.6892
-34.5802
-35.2878
-33.8731
-33.0362
-32.9331
-32.7576
-32.7348
-33.287
-34.439
-36.3566
-37.7434
-36.2274
-34.4263
-34.6067
-36.2914
-35.9504
-34.3913
-33.2613
-32.1419
5.32997
23.8639
34.3373
38.8182
39.0534
36.7787
34.3356
32.2583
29.0663
25.593
23.0473
20.3647
17.5142
15.3073
13.9666
13.5999
14.4201
12.6634
12.8882
13.0113
14.3675
15.2575
12.033
9.52366
6.5628
2.83676
-1.67254
-10.3587
-17.3977
-22.089
-17.6154
-28.4039
-25.2374
-25.1065
-29.1843
-26.0847
-27.1985
0.0440086
16.8752
26.4928
30.4845
29.6974
24.0322
12.7311
-1.97172
-6.63947
-3.00644
-0.836836
-1.1414
-3.78714
-8.12902
-13.0649
-15.9806
-15.7341
-15.5747
-17.1016
-19.3282
-20.7606
-22.1538
-24.7839
-28.2122
-29.8483
-29.3364
-11.6028
-15.2535
-17.6806
-19.4209
-20.0283
-19.23
-17.8041
-15.723
-13.2057
-11.1059
-10.1314
-10.7203
-12.414
-13.1698
-11.2601
-8.71642
-7.84236
-9.06168
-11.8014
-14.8385
-16.9244
-16.4398
-14.9728
-15.3762
-18.3063
-22.6608
-25.1493
-26.0174
-26.3269
-26.4507
-26.6373
-26.755
-25.4857
-23.7572
-23.7882
-26.0703
-29.1169
-30.4837
-30.6224
-30.8732
-30.572
-30.1794
-31.132
-32.4613
-31.6698
-30.5833
-31.6418
-33.6878
-32.8096
-29.6563
-27.641
-27.4443
-29.1084
-31.0845
-31.5106
0.59272
18.7634
28.6088
32.4924
31.4518
25.596
16.2394
11.6751
11.4105
9.01704
8.97079
7.83811
6.09381
2.80597
-0.299947
-3.66623
1.10218
-1.72121
2.72986
-3.84198
-5.41026
2.15055
-4.1439
-3.99326
-6.36255
-8.14901
-8.92264
-15.241
-18.8327
-22.1478
-18.2185
-27.6106
-23.4758
-22.5755
-26.4257
-24.9556
-26.9119
-2.66603
13.5222
22.6968
26.2053
24.8672
18.4963
6.36246
-8.07375
-14.6392
-13.3376
-9.92322
-7.09465
-6.16599
-7.25469
-9.76579
-11.7461
-12.3296
-13.3389
-16.2338
-20.1078
-22.368
-23.3733
-25.1672
-27.4635
-27.6375
-26.3577
-14.1487
-17.6475
-19.555
-20.2074
-20.4522
-20.2502
-18.7222
-16.0362
-14.2624
-14.4153
-16.156
-18.3903
-20.1739
-21.0106
-21.5815
-22.8831
-24.8042
-26.7974
-29.0325
-29.8074
-26.6938
-22.996
-21.1182
-20.7493
-21.4862
-23.4706
-26.6982
-29.9313
-31.1172
-30.0379
-28.2968
-27.0959
-26.3653
-26.2631
-27.497
-30.22
-32.0504
-30.7209
-27.3229
-24.7929
-24.6206
-27.1558
-31.697
-34.9943
-33.6793
-31.5551
-31.7311
-33.9604
-35.1044
-33.882
-33.1416
-34.0274
-35.5743
-36.5739
-37.3176
-1.95067
16.1397
26.1141
30.0525
28.9951
22.7543
10.2754
-0.932025
-1.43531
-3.18059
0.000485384
-2.79314
-5.44269
-9.68445
-10.1706
-14.1658
-3.27068
-8.1028
-0.965577
-10.4898
-12.2866
-1.1051
-13.1243
-12.9119
-17.6033
-17.0599
-13.872
-20.2073
-22.5336
-24.4547
-18.89
-25.7692
-20.5044
-19.2477
-22.1888
-23.0627
-25.2496
-6.73726
8.42602
16.589
19.259
17.096
9.78863
-2.9254
-13.7045
-17.2132
-16.9417
-14.9123
-11.1851
-8.17646
-7.51284
-9.53522
-13.7204
-18.2424
-20.8735
-21.8636
-23.2996
-26.2057
-30.2297
-33.9824
-35.7156
-33.7417
-30.0427
-24.1648
-28.1346
-29.2093
-26.4644
-23.7735
-22.7578
-23.256
-24.7385
-26.9714
-29.2637
-29.6691
-28.2409
-27.3225
-28.1388
-30.2533
-31.7781
-32.1353
-32.9323
-33.6047
-28.9439
-23.3964
-21.2044
-22.6182
-26.5351
-30.133
-32.1725
-33.2233
-32.9848
-31.1776
-27.6138
-23.4526
-20.909
-20.9212
-23.35
-27.3955
-31.74
-35.0143
-36.1679
-34.2471
-30.9584
-29.0728
-29.6504
-32.2659
-35.1324
-36.689
-37.6173
-38.6208
-38.5587
-36.582
-34.4819
-33.0347
-32.3941
-32.9937
-34.1974
-34.6178
-4.61094
13.2733
22.9725
26.7206
25.4786
19.0076
5.92571
-8.76657
-5.78131
-14.8063
-6.34737
-8.66055
-10.0679
-14.9722
-15.2619
-29.4965
-6.42116
-14.731
-3.13443
-20.1953
-29.4366
-3.35251
-25.6598
-18.1253
-24.5639
-24.0129
-18.6284
-32.5542
-31.635
-27.4556
-18.9473
-24.6955
-20.2779
-19.9511
-23.0244
-23.9068
-26.737
-18.4614
-5.01843
4.01365
7.84467
7.04916
1.64661
-8.34272
-17.2139
-21.885
-21.1813
-19.3544
-18.3114
-18.8358
-20.7424
-23.0933
-24.4705
-24.6613
-25.073
-26.1422
-28.1813
-30.8224
-32.6177
-32.1729
-30.789
-29.3945
-28.0716
-14.6059
-21.111
-26.2838
-27.7465
-28.2931
-28.7935
-28.3458
-27.1774
-26.7789
-27.3669
-27.8912
-28.2022
-29.2454
-31.2394
-33.8507
-35.5062
-34.7667
-33.4744
-31.6299
-26.9918
-22.9884
-22.0215
-24.3153
-28.2937
-29.6713
-28.7444
-29.1234
-30.6374
-29.979
-26.6346
-23.7655
-22.7752
-23.9017
-27.1189
-31.8347
-36.278
-37.7509
-36.2928
-33.4899
-30.539
-28.3801
-27.8009
-29.0359
-31.3409
-33.2846
-34.9809
-37.0117
-37.5669
-35.0949
-32.9738
-32.732
-32.8143
-32.5038
-32.2725
-32.4709
-2.92469
15.1663
25.01
28.881
27.7375
21.2599
7.82409
-9.99496
-8.25103
-19.7677
-8.13958
-11.6523
-10.9024
-15.3407
-15.7358
-30.2307
-6.62369
-15.2955
-3.35236
-22.205
-37.9008
-3.65595
-30.5389
-20.2654
-27.3508
-24.6161
-18.0905
-29.0672
-28.7031
-26.6087
-20.0374
-24.1275
-18.4692
-17.2197
-19.8847
-21.9072
-26.2898
-18.7962
-7.44418
2.23527
6.99811
7.30637
3.29573
-4.87888
-13.1851
-16.1326
-16.8637
-18.1027
-19.369
-20.6581
-21.9146
-23.2981
-25.0664
-26.8343
-27.8439
-28.6117
-30.4676
-31.8971
-30.6065
-29.413
-30.2812
-30.9719
-29.3207
-16.746
-21.703
-23.7998
-23.1504
-22.1923
-22.5364
-24.5491
-26.246
-25.9838
-25.6362
-26.2249
-26.6378
-25.9362
-24.9558
-24.2936
-23.8344
-24.0593
-25.0819
-25.9095
-24.8815
-23.5851
-23.1802
-23.1574
-22.7087
-22.7551
-24.4449
-26.3138
-24.308
-20.7204
-18.8105
-18.8939
-20.3947
-22.828
-25.9216
-28.9957
-30.497
-30.4072
-30.4543
-30.6349
-30.4524
-30.4293
-31.2227
-31.8179
-30.4168
-28.1834
-27.5705
-29.1009
-31.7327
-33.9432
-35.7316
-36.4337
-35.2955
-33.2203
-30.7401
-28.339
-1.91242
15.987
25.9394
29.8754
28.7966
22.4196
9.04675
-5.88021
-8.83869
-23.1461
-9.04567
-13.5776
-12.2272
-16.9242
-16.6
-30.9977
-6.68591
-14.8985
-3.16332
-21.6498
-32.3554
-3.57943
-28.3147
-19.2593
-25.8535
-23.5801
-17.9968
-28.3992
-26.6125
-23.8674
-19.1751
-26.949
-21.2352
-19.5089
-20.8771
-21.5951
-24.2986
-17.9797
-7.03398
1.26449
5.41628
5.44456
1.35024
-6.46739
-13.117
-14.2574
-13.9364
-14.4873
-16.1443
-18.7653
-20.9963
-21.3514
-20.6315
-20.8513
-22.6724
-25.2274
-27.6474
-30.5699
-32.9124
-33.0297
-31.0151
-27.3545
-24.13
-17.1263
-24.5053
-30.4822
-31.2423
-30.2738
-29.5959
-29.7757
-29.9613
-28.5121
-26.2129
-25.1992
-26.4096
-28.7538
-29.2744
-27.1637
-24.3004
-23.0082
-24.1228
-26.7834
-26.6302
-24.7243
-24.459
-25.0941
-25.0687
-25.3406
-26.718
-26.9472
-24.1602
-21.5108
-20.8191
-22.488
-25.9901
-28.8925
-29.3474
-29.4126
-30.1683
-31.1323
-32.204
-32.8965
-31.9416
-30.4952
-30.4152
-31.4426
-32.4445
-32.6217
-31.8865
-30.8523
-30.8103
-32.5264
-35.7947
-38.9133
-39.31
-36.7121
-33.0061
-30.3969
-3.69047
14.0605
23.987
27.9268
26.8552
20.5007
7.25983
-12.28
-8.90208
-20.3468
-8.23038
-11.4525
-10.3846
-14.3507
-15.3711
-28.4416
-7.2661
-14.7615
-3.20637
-19.7441
-28.8175
-3.68987
-27.341
-18.8906
-24.6413
-23.5047
-18.4834
-28.1455
-26.4806
-23.8653
-19.0409
-24.0998
-19.1779
-17.9495
-20.5588
-23.1336
-28.1541
-19.1941
-7.78451
0.704199
4.97239
5.44713
2.41475
-3.54575
-10.1057
-14.6463
-16.9
-18.2547
-19.0062
-19.9515
-21.0818
-20.8288
-19.2537
-18.616
-20.3254
-24.1805
-28.9668
-32.8144
-32.721
-29.7036
-25.152
-20.0058
-16.923
-4.22374
-13.8491
-25.3182
-29.7255
-31.2004
-31.8958
-30.8975
-29.2462
-27.9621
-26.395
-24.6516
-23.6144
-23.2773
-23.1302
-23.1106
-23.4788
-24.1317
-24.1342
-22.4923
-18.344
-14.7597
-13.9473
-16.3728
-21.5503
-26.8525
-29.4595
-30.9823
-31.7219
-31.6787
-30.7297
-29.3473
-28.0418
-27.5859
-28.3363
-30.1111
-32.121
-33.6013
-34.2578
-34.0855
-31.9706
-29.4
-28.4477
-29.667
-32.4503
-35.3744
-36.5909
-35.9442
-35.7951
-37.0716
-39.8931
-41.7779
-41.2281
-38.7314
-35.6055
-32.8581
-7.52553
10.1781
19.8012
23.5777
22.4253
16.058
3.32633
-6.84983
-3.06524
-2.12125
2.12097
1.04237
0.801233
-0.786517
-3.05619
-8.65063
-4.24435
-8.93907
-1.22232
-9.80696
-11.4746
-0.977034
-7.92082
-4.16028
-3.95478
-5.04873
-7.48823
-13.3947
-16.97
-20.4056
-20.0974
-29.8746
-25.8996
-25.8583
-27.9707
-25.2032
-25.2735
-15.4304
-4.68942
2.18153
5.08402
4.28238
0.229601
-4.96534
-6.58726
-5.83388
-5.90752
-7.05818
-8.83399
-10.9525
-13.143
-15.8049
-19.9044
-24.1897
-26.7764
-28.5388
-31.5255
-33.8368
-32.5337
-29.7421
-26.1305
-21.9676
-19.7497
-5.43044
-13.8167
-22.1213
-24.697
-25.7816
-25.5624
-24.1642
-23.9481
-25.7077
-26.9186
-24.9453
-22.6248
-21.788
-22.0836
-22.5917
-23.168
-23.7214
-22.4813
-17.4683
-9.17188
-2.82555
-0.665134
-2.93556
-9.82593
-19.1424
-22.9607
-24.0235
-24.8575
-25.1587
-25.3681
-25.9937
-27.2373
-29.3388
-32.4216
-35.9024
-38.0043
-37.5869
-34.5472
-31.1042
-29.1088
-28.4982
-28.8133
-30.0507
-31.7517
-32.5553
-32.4639
-32.0412
-31.4967
-31.5749
-32.8241
-34.6361
-34.8674
-32.8795
-29.6695
-27.335
-7.42034
9.92895
19.6293
23.4609
22.3586
16.188
4.17031
-2.41208
2.9502
5.53093
8.1843
6.8378
5.49606
3.64756
1.77121
-1.60469
0.979768
-1.19567
2.765
-0.866215
-0.124945
4.30981
-1.10791
-2.15901
-4.25662
-5.42928
-6.60225
-11.138
-15.5025
-20.0776
-20.2464
-33.1948
-28.2182
-28.6293
-34.3273
-29.9818
-28.8905
-14.4337
-2.95449
4.93549
8.78574
8.95963
5.55479
-1.16244
-8.36162
-8.77952
-4.88797
-2.71108
-3.46767
-6.61827
-10.32
-13.3318
-16.7083
-19.6479
-20.828
-21.3689
-23.237
-26.9632
-31.6582
-32.3091
-25.2852
-18.2371
-14.8733
-13.1381
-21.101
-28.6647
-28.9968
-26.6153
-25.3658
-26.3015
-29.2662
-33.072
-34.8167
-31.6099
-27.1533
-23.9809
-21.3533
-18.3952
-16.4915
-16.4387
-16.5383
-14.2564
-8.85866
-3.92549
-2.26182
-4.66859
-11.4975
-20.5642
-24.5929
-25.9148
-27.4243
-28.1228
-28.3563
-29.5237
-32.3523
-36.296
-39.1383
-39.8441
-40.1968
-41.8066
-42.3452
-38.7955
-34.7273
-32.0714
-31.2501
-32.5403
-35.7119
-39.2708
-41.2425
-41.8474
-40.6801
-38.7532
-37.8221
-38.1876
-38.0109
-37.2284
-36.064
-35.6313
-7.44344
10.5234
20.3632
24.2536
23.1661
16.7706
3.56864
-11.9231
-4.83839
-5.3378
0.462131
-0.143154
-0.372485
-2.88449
-4.20216
-7.49916
-1.90546
-5.88611
-0.239459
-8.4286
-7.64422
0.632197
-8.68254
-9.54687
-12.5276
-13.5731
-13.9358
-22.1979
-26.329
-27.8712
-22.2426
-38.773
-28.3258
-29.4783
-38.4033
-32.9046
-33.6156
-13.793
2.16249
11.8373
15.9577
15.3774
10.0709
-0.592187
-16.2516
-24.7778
-20.4349
-17.0816
-16.642
-18.8432
-22.392
-25.1295
-26.2616
-27.1905
-29.0378
-31.535
-33.6368
-34.78
-35.749
-35.6751
-29.428
-21.4825
-16.9023
-16.1318
-25.2973
-37.2783
-42.127
-40.5338
-38.6958
-37.9016
-37.5797
-36.4551
-33.8125
-30.824
-28.4076
-26.3823
-23.6608
-21.0454
-19.868
-19.9497
-20.1075
-19.082
-14.9091
-10.107
-8.29931
-10.5224
-17.1415
-26.9044
-33.3188
-34.3551
-34.0594
-31.7087
-28.6238
-27.8634
-30.4197
-35.7897
-40.963
-43.3461
-44.7014
-46.7021
-49.5422
-50.5939
-48.0453
-44.1475
-41.3227
-39.8836
-39.0004
-38.3459
-38.9723
-41.61
-44.8699
-44.7325
-42.6554
-41.3688
-41.4473
-43.6587
-44.2083
-41.4282
-11.1121
6.8142
16.6751
20.6428
19.6564
13.4381
0.375744
-11.1142
-8.58529
-18.167
-6.42456
-8.17546
-6.11383
-8.54405
-10.0277
-16.7699
-5.7239
-11.9645
-2.19675
-14.3264
-16.6149
-2.24456
-15.875
-13.3725
-17.4253
-18.9854
-17.6693
-30.5472
-35.0105
-32.0606
-23.1364
-44.0226
-29.4374
-31.1639
-39.2916
-31.2406
-29.0752
-16.4032
-3.20099
4.32998
6.71101
4.49452
-2.43731
-13.571
-23.2444
-24.8118
-23.6804
-23.3337
-23.9407
-25.4394
-28.2194
-31.9305
-35.1306
-36.8112
-37.1564
-37.3383
-38.4077
-39.8823
-40.8079
-39.6424
-32.5206
-24.2468
-19.7926
-21.4112
-30.5468
-41.46
-46.0646
-46.3235
-45.736
-46.2186
-47.6961
-47.1573
-42.9044
-38.1788
-34.5006
-32.0744
-30.5932
-29.4202
-28.6281
-28.8909
-29.6041
-27.9703
-22.4372
-17.4594
-15.9595
-18.6226
-25.8098
-34.529
-35.7322
-34.4377
-35.462
-39.1879
-45.0769
-49.6371
-51.1802
-51.9677
-52.4338
-52.0947
-51.8257
-51.6812
-50.929
-48.9432
-46.8482
-45.7343
-45.6702
-46.6714
-48.3837
-49.4026
-49.4881
-50.9492
-54.1405
-53.3739
-50.2226
-47.909
-47.7314
-50.0682
-50.8567
-48.3994
-20.2575
-2.58786
6.75463
10.6979
10.0241
4.30352
-7.8839
-19.688
-9.10336
-17.7465
-6.47126
-8.92308
-7.11495
-9.14946
-9.54248
-14.7905
-5.05026
-10.2002
-1.96701
-13.3933
-14.6343
-1.86428
-14.7994
-14.0488
-18.9867
-20.8615
-18.8251
-32.9654
-36.1572
-31.3902
-22.557
-35.8983
-28.4978
-30.7247
-41.9233
-33.8111
-36.7376
-21.5122
-9.40967
-2.23963
-0.12239
-2.52204
-9.32861
-18.7377
-24.0471
-23.3069
-20.8252
-18.5967
-18.2781
-20.709
-25.8165
-31.7254
-36.0101
-38.2356
-39.8273
-41.0371
-43.508
-47.2452
-49.0475
-43.5992
-30.3765
-19.848
-14.6769
-24.2759
-32.9039
-43.3412
-49.8491
-53.7961
-53.6423
-51.7665
-51.666
-53.9786
-57.3642
-56.9635
-54.9722
-53.8933
-53.3565
-51.7572
-49.3602
-47.8549
-47.0019
-43.6573
-34.4559
-27.6282
-25.4834
-28.0426
-35.6968
-46.8999
-51.1107
-50.5438
-51.5944
-53.7445
-56.5027
-58.2562
-59.7792
-61.7887
-63.3107
-62.8991
-62.8613
-62.1397
-60.1136
-57.6537
-56.7566
-57.7177
-59.6941
-61.5175
-62.5146
-62.9453
-63.2708
-64.2543
-64.7152
-61.95
-60.5561
-61.265
-61.2796
-63.9493
-60.3421
-55.9571
-31.5622
-14.4107
-6.89745
-2.91138
-2.22186
-6.09795
-16.9637
-19.0438
-9.60986
-19.3978
-6.69445
-7.77979
-4.93975
-6.51742
-6.66372
-11.0769
-4.17054
-8.42721
-0.979475
-11.2537
-14.0988
-1.97041
-14.4482
-12.2827
-15.9199
-17.8865
-17.2394
-30.153
-35.9527
-32.1047
-22.802
-36.4967
-28.3269
-30.9488
-45.2776
-35.9076
-45.0063
-29.0831
-19.5197
-13.3295
-11.965
-15.1656
-23.0708
-33.7647
-40.0751
-39.3391
-37.7767
-37.558
-37.5811
-38.4328
-40.1406
-43.1084
-46.7652
-50.8463
-55.0108
-57.5336
-57.7287
-56.2302
-55.4526
-52.4674
-41.859
-32.3458
-27.6935
-36.8376
-44.4178
-53.1526
-60.4279
-68.3402
-66.7661
-61.4871
-60.1175
-62.3071
-69.313
-74.651
-74.4178
-72.719
-72.2114
-72.1768
-70.2436
-66.4567
-64.0338
-61.4852
-52.9513
-45.6168
-43.072
-45.0822
-51.9106
-62.4279
-69.5781
-70.9633
-76.8697
-76.7444
-76.6071
-77.0524
-77.7593
-76.0172
-74.6898
-74.2849
-77.4156
-79.304
-78.2347
-75.527
-74.644
-75.8509
-78.0823
-80.2024
-82.0401
-83.3069
-82.4364
-81.1864
-78.0109
-69.7626
-69.126
-74.072
-69.4695
-74.6332
-69.5582
-71.191
-39.7106
-24.4064
-27.5808
-22.9214
-13.5408
-13.1567
-23.4473
-24.6841
-11.3732
-31.0402
-9.11028
-13.4867
-10.4
-14.0566
-13.888
-26.3342
-7.12281
-13.7075
-2.76367
-19.9679
-27.6804
-3.48461
-28.7739
-20.3948
-29.0685
-26.3913
-19.9447
-43.3288
-53.057
-36.8787
-23.8143
-60.2244
-31.2369
-33.7546
-72.6722
-37.2334
-58.016
-36.3356
-41.0136
-37.7966
-37.2022
-40.8258
-48.5154
-57.4927
-58.688
-58.0713
-59.0321
-63.9418
-61.6482
-58.975
-58.015
-59.5293
-63.0471
-67.6922
-72.1503
-70.0285
-71.8399
-72.8832
-73.0619
-71.1753
-66.7082
-59.364
-55.5359
