80
53.6652
63.6664
74.2365
80.7667
83.0342
82.8022
81.4973
80.1318
80.0181
79.4952
78.2256
77.0472
76.1856
76.0393
74.7
72.8809
71.397
68.1921
64.3056
59.1276
51.7931
46.6513
44.5873
43.5457
50.006
51.388
49.3128
46.2135
47.1989
54.1235
56.5199
53.9753
45.7882
35.5211
37.983
36.9215
31.4455
32.7211
37.2686
36.7947
32.4406
25.2538
14.0555
2.69588
-2.49838
-2.67428
-4.82961
-12.1543
-11.8564
-1.28529
2.59967
1.1082
-4.39409
-13.0565
-10.6302
-9.22468
-13.1555
-21.4306
-22.4738
-20.6389
-25.8517
-21.1736
-13.5862
-9.90206
-10.338
-13.5124
-16.9119
-15.1223
-9.61028
-7.12374
-6.66616
-6.44348
-8.61511
-14.9767
-13.6915
-7.76774
-4.96747
-2.52622
-0.135471
1.27461
0.0219339
-4.27909
-9.21024
-14.2649
-13.7792
-9.96615
-8.80309
-12.9545
-21.7569
-28.0829
-23.3209
-15.7638
-9.65035
-5.58013
-3.84711
-4.38891
-7.23278
-13.1205
-27.1634
-35.8731
-18.1833
-10.2246
-7.09156
-8.26808
-12.1098
-15.0362
-11.569
-6.91639
-4.05369
-4.91271
-9.08638
-14.4625
-14.5052
-12.5978
-10.8668
-12.8754
-21.4123
-30.8954
72.1646
79.6964
82.979
81.6362
75.8382
62.5484
44.4961
40.8468
38.4472
37.4412
47.0096
46.3857
48.9152
51.5064
47.7067
40.5585
38.4528
48.0073
52.8433
58.93
66.108
74.4015
80.6979
84.1311
84.9866
83.5261
79.8573
74.3543
67.6685
61.4575
55.7317
51.2656
49.381
49.666
48.0888
43.3588
35.4203
28.6539
25.2364
24.1456
21.5628
17.3587
12.0225
5.90909
5.19683
5.37262
1.42524
-3.29839
-8.0319
-7.40002
-6.63843
-7.71844
-12.0437
-11.68
-7.32698
-6.61982
-9.19277
-11.7499
-10.0517
-8.87227
-10.4728
-13.4216
-16.0013
-18.9104
-20.7071
-14.4176
-5.35765
-0.251978
1.49059
0.161944
-3.95574
-9.4026
-9.26276
-4.30947
-1.93039
-2.58538
-4.11208
-3.584
-0.96696
-0.0481441
-1.31441
-4.71552
-9.53977
-14.862
-14.1492
-10.3336
-9.79074
-12.5574
-15.6645
-16.0698
-17.2404
-19.39
-18.0758
-15.1153
-15.6483
-17.2483
-12.1021
-7.11785
-5.52306
-6.66001
-8.90159
-11.2194
-11.843
-10.1964
-9.15833
-10.7292
-12.6969
-12.1181
-9.27764
-7.34186
-7.91009
-10.6787
-13.9855
-13.7675
-11.2291
-8.36772
-7.55666
-10.0029
79.665
82.1694
80.3398
76.5576
75.9812
79.6509
83.2138
85.8207
87.9826
89.6622
90.8967
91.861
92.6993
93.3911
94.2233
94.7855
95.2102
95.7347
96.2498
96.4143
95.9967
94.7831
92.5817
89.5876
85.7737
80.5357
73.0661
64.8434
60.4296
59.2748
59.9051
61.595
61.6129
57.5311
49.7072
42.1178
38.1436
31.2207
22.3143
21.1456
20.967
20.0633
16.624
9.91341
3.98868
1.29817
3.2097
4.84984
4.54991
1.08505
-4.21468
-6.95466
-5.58307
-1.94558
-0.0299903
-1.05853
-5.35425
-9.91267
-11.9181
-14.304
-15.7931
-14.1203
-12.6618
-13.7074
-14.638
-7.44296
-0.188913
3.27194
2.38754
-1.93407
-6.20336
-7.36471
-8.91676
-10.5462
-6.35547
-2.37153
-2.42467
-6.03891
-11.8346
-12.6295
-5.26313
0.488896
2.2617
-0.0594757
-6.30857
-14.9559
-17.6624
-12.627
-9.00567
-8.35501
-9.75019
-11.0314
-11.5401
-14.0446
-19.2756
-17.9942
-10.1175
-5.82059
-6.28358
-10.0432
-13.7611
-12.9816
-8.82138
-3.92857
-1.24692
-1.15335
-4.39245
-10.9548
-18.2841
-18.1479
-14.9816
-12.0336
-7.39851
-4.69143
-4.69611
-7.57921
-12.5431
-14.918
81.8587
82.6568
85.5487
93.0113
98.9583
102.111
103.323
103.382
102.906
102.267
101.41
100.209
98.8603
97.6926
96.5841
95.7158
95.0436
93.8381
91.5529
88.2376
84.2544
79.2497
71.7418
59.7382
44.9206
43.5548
44.2774
42.3877
52.025
61.5504
67.329
68.4405
64.7558
56.2852
45.0519
38.808
34.3634
28.8292
27.452
27.3654
27.3604
25.042
19.3624
11.2059
4.53716
1.40707
-0.307152
0.960612
0.0131683
-2.11964
0.280328
1.90594
1.22225
-0.10598
0.377936
-0.351762
-4.56581
-9.0134
-9.67936
-10.7625
-13.4954
-14.4425
-12.7238
-12.2453
-14.545
-15.8192
-13.3333
-10.1422
-8.38443
-7.69538
-6.97593
-6.79152
-10.4519
-15.7213
-17.4464
-17.9299
-19.0794
-19.7756
-17.2168
-9.37711
-2.84261
-0.443452
-2.444
-8.23546
-13.4229
-13.2726
-12.5931
-13.0113
-13.6664
-12.904
-12.7266
-13.4238
-14.3987
-14.4894
-13.5459
-12.7027
-11.6944
-11.4947
-12.1249
-10.3718
-4.76624
-1.15147
-1.07095
-4.24334
-8.36485
-10.2244
-7.32758
-4.88647
-5.16849
-8.52827
-12.1151
-14.9932
-17.5186
-17.8315
-14.8704
-10.5958
-8.02072
-9.06114
86.935
93.9772
97.6866
98.2774
95.9009
91.2427
85.1706
78.8076
72.3326
70.128
69.1656
63.7968
59.295
59.4385
57.3314
50.3769
42.8332
44.9971
45.2657
49.5025
50.8118
53.3564
57.9352
58.4868
55.7244
52.0878
48.1793
46.699
53.0532
61.8053
66.1469
65.8718
60.7933
50.9962
44.4912
44.7044
41.603
35.1872
32.772
34.6545
33.7768
28.842
22.0435
16.0346
10.7068
4.84306
7.19363
11.2969
12.7992
12.6341
12.3537
11.5255
8.21929
2.63215
-1.35135
-1.06076
0.0105295
-0.991903
-4.40773
-9.58988
-12.7627
-9.47704
-6.70039
-6.70875
-9.17915
-10.1108
-7.54915
-4.61949
-3.24853
-4.22896
-7.042
-10.7408
-14.2759
-18.0053
-19.1066
-19.1801
-19.9713
-20.394
-17.8889
-14.3411
-11.3572
-11.1053
-13.5963
-15.0273
-14.3464
-13.7805
-13.8983
-13.3214
-11.9456
-10.7764
-8.55142
-7.09112
-6.58812
-7.54868
-11.2692
-17.6705
-20.3639
-15.8605
-13.3205
-10.8554
-4.64304
1.99538
5.43909
5.71878
2.79705
-2.72208
-7.57617
-6.74191
-5.53763
-7.00931
-10.649
-10.9943
-8.42242
-7.13798
-9.18827
-11.1805
-10.1401
-9.71247
82.1954
89.017
90.9057
88.4594
81.9576
71.4176
56.8089
46.6825
49.5324
55.2679
60.6884
63.7031
65.6332
69.1066
71.5673
73.0566
73.7814
74.8543
76.6599
77.7172
77.3878
76.0321
72.9201
67.9981
60.9864
52.7866
43.0341
35.8887
33.1829
45.6125
55.0451
59.0941
58.8445
54.768
48.175
40.3943
33.4671
31.8991
33.643
32.2861
26.4313
18.9899
19.0807
21.1544
19.195
13.2929
7.93919
8.06959
6.44255
1.61017
-1.4436
-0.621377
-3.85182
-13.4951
-20.134
-9.81578
-3.48815
-1.43067
-2.76342
-5.77307
-5.83842
-4.57249
-5.72519
-10.5472
-16.8373
-20.3641
-18.4431
-16.1091
-17.0397
-20.3435
-22.6481
-18.6085
-13.2981
-9.33119
-8.37072
-10.2788
-13.2228
-11.934
-9.15303
-8.42769
-10.837
-14.1998
-9.49186
-3.55262
-0.294494
-0.553623
-2.70012
-5.86154
-10.0743
-14.9668
-17.7167
-14.5019
-10.7143
-9.34245
-10.8491
-14.6204
-18.4292
-18.6045
-17.1394
-15.9237
-13.0624
-10.9442
-10.8762
-9.61425
-6.38271
-4.8331
-4.98634
-2.61129
0.770374
2.47149
1.82966
-1.14407
-5.67994
-9.78455
-11.1346
-14.2579
-18.1251
-17.3546
76.9826
77.9012
74.3703
71.4306
74.8215
78.4865
79.7035
79.2445
78.1932
77.8528
78.3329
78.7158
78.0738
77.1278
77.1482
77.4914
77.4125
76.3391
74.2629
71.6058
68.6032
63.9191
57.5385
49.0242
40.6258
32.3093
29.8946
30.2531
34.4535
39.3031
43.5382
43.7614
39.6893
34.7769
33.7184
35.2548
34.7838
33.5757
33.4676
33.8081
33.6902
32.1872
28.8488
23.4971
17.2878
13.4383
9.81656
7.69414
6.10361
1.47401
-2.35
-3.88066
-7.18052
-13.577
-17.5589
-16.4951
-13.844
-14.7769
-20.4406
-27.0188
-22.7915
-15.141
-11.0053
-10.0158
-12.1536
-15.2675
-14.3274
-12.6272
-14.386
-17.0809
-15.4616
-12.0742
-11.752
-14.9857
-20.1024
-21.8889
-19.2083
-13.6089
-9.19196
-8.04335
-8.95273
-8.80245
-7.55924
-6.99632
-8.49215
-11.3738
-10.8609
-4.82696
-0.889737
-1.15353
-5.48436
-12.8362
-21.4433
-27.1799
-31.4194
-30.244
-25.6432
-23.9741
-26.1591
-28.1484
-24.6782
-16.4108
-10.5025
-9.04238
-8.0393
-2.4189
2.28564
2.57208
-1.42193
-7.42629
-8.68565
-8.91097
-12.6235
-17.8179
-21.163
-20.2831
-17.0019
-13.6361
76.9444
80.2869
80.8378
80.6953
80.7207
79.5615
76.9032
72.1643
66.3607
59.359
53.9581
50.1195
46.483
41.2572
33.294
35.3726
36.7267
33.4207
31.0357
36.7057
40.067
50.4006
55.2694
56.4781
55.3999
52.7574
49.4245
46.1664
42.9309
42.1615
41.0038
38.6277
34.0606
28.9678
28.3001
30.4792
29.5707
25.7821
18.5007
11.9484
13.3807
20.3345
26.2838
29.5579
31.3479
31.0972
29.1213
25.4015
19.6045
11.1381
2.52801
0.0308182
1.30869
4.20644
6.46561
6.42217
3.76546
0.0605876
-1.16662
0.159832
1.4594
0.636964
-1.81578
-4.33709
-7.58232
-10.5255
-7.97338
-3.86854
-2.46361
-3.16056
-4.30129
-5.91006
-7.6846
-10.3833
-15.0895
-21.6352
-21.2508
-15.9247
-12.6515
-11.1881
-8.34495
-5.46953
-5.31792
-9.24285
-17.6904
-19.5569
-10.7541
-5.50959
-4.81463
-7.33884
-10.9288
-13.3149
-14.1583
-14.8024
-16.1047
-18.3279
-20.2663
-21.6921
-22.9995
-19.9249
-14.9468
-13.1207
-14.1603
-13.5468
-9.41288
-6.88672
-7.13486
-9.39854
-13.2307
-15.0771
-14.6627
-14.6419
-15.7355
-15.2219
-14.1071
-14.491
-15.2555
-14.2711
70.1429
72.7693
71.8126
67.2499
59.134
48.7032
36.8694
38.3297
39.9784
34.642
42.7865
50.2407
54.2256
58.977
62.219
65.4239
68.0011
70.1089
71.5906
72.1262
71.8849
70.2802
66.7908
61.4422
53.8332
46.3742
37.8456
30.5847
28.8883
33.7526
40.6644
45.4719
46.9809
45.0558
40.1045
31.7972
23.1555
18.2851
18.4209
16.2072
12.2394
11.2502
10.9241
14.8601
16.5776
17.3628
16.7823
15.0787
12.6724
8.49706
1.80165
-0.266898
0.252987
1.1602
3.37308
3.34952
-0.890467
-6.88098
-5.39581
-2.86197
-2.99323
-2.46316
-1.0152
-2.31006
-7.26184
-11.8241
-10.1136
-9.54
-12.4003
-15.4638
-16.3497
-15.8221
-13.6513
-11.8663
-13.0055
-17.8315
-21.7311
-16.6353
-12.3047
-10.2569
-6.92683
-3.58691
-3.3779
-6.99773
-13.1103
-17.7882
-16.661
-14.4723
-14.6369
-17.1558
-22.3279
-28.1063
-29.5228
-21.4539
-17.277
-16.488
-17.2979
-18.9384
-20.7168
-21.3971
-19.9928
-20.2464
-23.4899
-29.8654
-29.542
-23.0523
-19.2396
-18.1911
-19.0981
-21.3987
-24.7211
-28.3595
-26.4833
-19.3295
-12.3495
-9.60016
-11.2802
-16.5163
59.8541
63.7175
65.9113
69.6638
73.3807
75.734
77.0408
77.8356
77.8926
77.4233
76.6479
76.5874
76.8873
77.1274
77.2287
76.7852
75.8931
74.4726
72.6242
70.1285
66.4138
60.7207
52.6118
40.8869
33.8527
31.3201
26.831
24.9584
30.8815
38.7297
43.5503
44.8551
42.4657
37.8568
36.713
40.138
41.9321
42.1267
41.3722
39.1352
34.5619
27.5744
19.6558
16.0722
14.3033
9.51426
7.08801
7.91432
7.24837
5.53975
4.54545
4.6068
2.88064
1.44081
0.420633
-0.76132
-2.80636
-5.49281
-7.1046
-7.36866
-8.26411
-9.42504
-9.31795
-9.46417
-12.3928
-17.7056
-19.0901
-16.0926
-13.2365
-13.099
-14.4765
-12.4592
-9.22397
-8.61539
-11.8856
-18.0675
-22.2001
-21.2768
-17.9843
-12.6477
-7.68929
-6.01742
-7.72637
-10.0992
-8.22343
-5.92633
-7.13184
-12.2447
-20.1113
-27.3942
-26.4265
-22.0228
-19.2709
-19.4215
-20.9317
-21.4361
-21.8303
-24.0867
-27.7854
-25.5547
-18.1296
-12.214
-8.78074
-6.68059
-4.92823
-3.99601
-5.00731
-8.91232
-14.565
-17.2411
-15.9159
-15.0288
-15.9816
-15.2685
-11.3719
-8.34676
-7.36299
-6.82969
60.5942
64.4032
66.5754
68.7503
70.7354
71.6648
71.3736
70.3508
68.5
65.4749
61.758
56.6518
52.2809
50.8299
47.6655
44.3042
37.806
31.6361
27.2653
31.1295
34.9968
36.5967
39.6899
41.4022
40.4853
36.643
28.6253
18.8088
21.2377
26.9006
32.2974
35.5607
36.751
36.5828
36.6856
36.5758
36.9166
40.5275
44.839
46.9003
45.8079
41.3852
34.8919
31.2627
31.4149
30.6038
27.4473
22.8198
17.2806
10.291
4.07822
-0.158395
-3.8927
-5.06102
-5.4636
-8.31066
-12.8526
-18.4191
-22.8357
-19.1074
-13.926
-10.4496
-8.35845
-6.90192
-5.58145
-4.2866
-3.52443
-4.17433
-7.10125
-10.6387
-11.9333
-12.3796
-13.1883
-13.0247
-13.019
-13.4756
-12.5193
-11.2049
-12.1057
-12.5424
-11.8825
-8.00837
-1.84852
2.25843
2.42552
-0.776634
-4.39556
-5.23746
-6.72927
-11.4035
-19.0118
-25.8403
-23.069
-16.7102
-13.6506
-13.9273
-17.084
-19.7565
-17.1184
-13.0443
-11.4491
-12.6766
-14.8024
-14.1607
-12.474
-12.4227
-14.1438
-15.1272
-13.7433
-11.0166
-9.56723
-10.849
-14.8283
-17.7696
-15.6452
-13.3168
-13.5476
-14.9547
50.2537
52.1061
52.9497
52.3887
49.1894
42.402
33.732
33.355
34.1401
38.1979
44.4568
46.3978
47.9015
48.0614
48.5797
48.1086
45.9499
43.9609
43.268
42.5072
41.2964
39.4351
36.1863
31.6147
26.7392
19.3464
10.9739
15.4534
21.2813
31.8164
39.4083
43.4521
43.4881
39.7851
34.8279
32.386
31.9198
30.7937
29.3052
29.0067
32.0279
34.4839
33.7169
30.2981
26.4046
25.0363
26.7188
26.9776
23.0129
15.1285
7.60895
4.62328
0.0706829
-8.97374
-17.4611
-16.4057
-11.5265
-7.41543
-4.87622
-5.18996
-8.75247
-15.5267
-20.0784
-15.303
-8.87588
-6.15766
-7.39241
-12.038
-16.7236
-19.8254
-22.8948
-22.6871
-19.4963
-15.0301
-10.7585
-8.51435
-9.10426
-10.8354
-9.21127
-6.32348
-5.81273
-7.60194
-6.65671
-2.49718
-0.768588
-3.0372
-8.83225
-14.2981
-12.2996
-9.46726
-10.0265
-13.8295
-15.9434
-12.4651
-10.4117
-11.5293
-13.9388
-13.01
-10.7178
-8.71521
-7.87913
-9.07108
-12.1941
-16.281
-20.6222
-26.8084
-31.8432
-27.0197
-22.7927
-20.9598
-20.4847
-18.0259
-14.2165
-12.0213
-12.6587
-13.7572
-11.0401
-7.9178
49.7325
53.1167
53.5019
52.6505
55.0622
58.4257
60.7928
61.4125
60.7734
58.9528
56.0216
53.6916
51.0092
48.9705
46.1931
44.5421
43.4838
40.7405
34.3352
30.3815
29.3253
29.3712
31.2873
33.5192
33.2347
30.3074
25.0409
22.0868
22.3372
24.5757
28.4267
32.5293
34.3459
34.3562
33.6052
33.8
33.3893
30.5115
26.0699
24.9935
26.3076
24.7389
21.1542
19.8628
20.9604
19.8858
17.5546
16.44
16.034
14.2042
11.1337
7.83842
2.97404
-2.94905
-7.18427
-6.7808
-5.13975
-3.34036
-2.53865
-3.76042
-7.01424
-7.18784
-4.7425
-2.39619
-0.511673
0.330092
-1.17204
-5.67645
-11.9178
-15.3246
-14.702
-15.471
-19.4515
-24.0138
-20.7538
-14.0059
-8.41913
-4.19086
-1.35608
-0.405247
-0.618255
-0.196456
0.410423
-0.654018
-3.4285
-5.89271
-7.80267
-9.8337
-10.3337
-8.83799
-6.24748
-4.49945
-3.4522
-0.462774
3.32011
4.5119
2.28433
-3.58447
-11.3904
-16.4208
-15.3278
-15.365
-18.386
-22.4306
-24.6151
-25.2665
-20.2277
-13.5869
-10.5723
-11.0945
-12.9956
-12.726
-9.58166
-7.82077
-9.44132
-14.302
-16.7712
-13.642
47.1509
53.6211
56.6662
57.4828
56.2895
53.4256
49.7604
46.5659
43.1854
38.0209
31.7307
22.394
21.2931
26.9641
32.5308
36.5636
40.6367
44.9936
48.5609
51.5963
53.2926
53.1317
51.9487
49.5092
45.2187
38.5681
28.1994
18.9744
18.5975
22.3048
26.8102
29.7975
30.8643
29.3947
25.5609
20.3731
15.3193
14.9874
17.0234
17.9119
15.7945
11.6712
6.63857
4.84847
4.1363
5.30811
5.11019
3.52011
3.21122
3.6593
2.59243
0.459376
-0.74572
-1.22091
-1.36838
-1.627
-1.19793
-0.166254
0.626288
0.489881
-0.216703
-1.65463
-4.22115
-7.78214
-9.12132
-8.42127
-9.44634
-13.7553
-19.6311
-23.2152
-25.6042
-26.3458
-23.8849
-19.8367
-16.44
-14.0869
-9.83265
-2.01304
3.77776
5.71133
4.57684
3.20685
3.856
4.12061
2.06453
-1.41657
-2.52489
0.500309
5.06411
8.32809
8.65834
5.15555
-1.80586
-3.99726
-0.427503
-0.0906963
-3.96986
-9.19412
-9.94926
-9.74874
-11.3034
-13.355
-15.9254
-19.5558
-20.4384
-20.4905
-19.1066
-13.3503
-8.54416
-6.46876
-7.53276
-11.4893
-13.4139
-10.6909
-9.54317
-13.1622
-21.7098
-26.2221
47.3329
49.8181
51.9247
52.8671
51.3608
49.3846
49.6296
51.617
52.2815
51.7081
51.7146
53.1104
54.2143
55.2295
55.9527
56.5869
56.9918
56.7185
55.4208
52.7059
48.6184
43.518
35.8265
27.8563
24.8355
22.3134
19.1999
16.8076
17.4021
17.1446
21.2226
25.7347
26.5876
24.2229
18.8544
12.8444
10.47
9.12823
5.82959
-1.10654
-5.18421
-5.17558
-3.79317
-4.31417
-5.60935
-9.06856
-9.79776
-8.40207
-5.67815
-6.0908
-9.47625
-13.7816
-15.4373
-16.5879
-17.7935
-18.707
-15.9189
-9.99685
-6.77862
-6.55022
-8.37822
-10.673
-13.6709
-16.8011
-17.3918
-17.4694
-17.9361
-18.4776
-17.6198
-16.0479
-15.7316
-17.1857
-19.5331
-21.0008
-19.0621
-11.8902
-5.38997
-2.74099
-3.87699
-8.17716
-13.2913
-17.1221
-17.1214
-14.7292
-13.3499
-15.1298
-16.9419
-10.7464
-3.32935
0.82788
1.42802
-1.48564
-7.25165
-9.34201
-6.6087
-5.66711
-7.27148
-8.73022
-9.66042
-10.2766
-8.76578
-5.94052
-4.59112
-5.82111
-9.66283
-12.7329
-12.4978
-12.6343
-14.1267
-12.7516
-8.83512
-6.49681
-5.84808
-5.62008
-6.37769
-9.55477
-15.1658
-18.2197
47.831
50.4134
52.4319
55.6109
57.681
57.2813
55.4078
53.4937
52.0025
50.3039
49.1009
47.7974
45.0932
41.6518
36.7119
31.6112
29.8885
32.4818
35.5072
36.7823
36.5283
36.3096
36.0984
33.1297
26.9297
20.1081
12.3786
12.3312
13.1975
13.4717
14.8134
17.3726
18.6708
16.9872
12.5425
8.51153
8.63396
9.50744
9.24899
6.99796
2.60776
-2.67236
-3.17819
-0.88427
-2.31597
-6.10856
-12.3486
-16.5197
-14.052
-8.10103
-2.76781
0.428609
2.11201
2.58709
1.56842
-0.326686
-1.66813
-2.35048
-4.17852
-5.83265
-6.42766
-7.31855
-9.81617
-12.8831
-13.1558
-12.2843
-11.6238
-10.6086
-9.01151
-8.37933
-8.90168
-10.515
-13.5631
-17.4833
-18.7579
-15.5071
-12.1769
-10.7344
-11.6594
-13.3234
-12.3228
-9.21576
-8.34981
-10.7538
-16.08
-19.0026
-19.3033
-18.8658
-18.5512
-14.7526
-10.3861
-7.83659
-7.09811
-6.45382
-4.7617
-3.44683
-2.92432
-4.18869
-7.28927
-11.3865
-13.5147
-11.0444
-7.54847
-5.86013
-5.64494
-5.42857
-5.09074
-5.43993
-6.40536
-8.8688
-11.7933
-12.3139
-12.1819
-13.9926
-16.9078
-16.8953
-13.4552
-10.8385
38.9092
42.8107
45.4682
46.0587
43.0461
37.4955
31.1929
29.8352
33.0983
38.6896
42.3958
43.3478
43.1359
42.7393
42.7274
42.7157
42.5794
41.0632
39.2199
38.8661
39.5007
38.8755
35.5065
29.8003
23.4641
18.7961
9.52626
6.78853
5.60274
2.82461
2.19494
3.68498
2.17981
-0.253861
-1.9263
0.671932
4.43461
5.34476
2.7456
-1.19965
-1.8669
-0.348788
-1.81439
-6.53162
-11.3154
-14.179
-12.6408
-8.95816
-5.87814
-3.99239
-0.364385
5.26813
8.74268
8.51599
5.17196
0.346556
-3.94133
-7.68569
-9.41666
-7.54541
-6.34698
-7.45139
-9.47189
-8.57453
-6.96477
-8.17708
-11.0928
-11.8811
-11.0713
-11.5105
-12.6504
-13.5296
-15.2765
-17.3845
-16.7561
-15.3454
-15.8737
-18.5486
-22.1028
-20.8904
-11.3521
-4.85525
-3.46612
-6.79235
-14.1341
-19.8596
-20.6512
-23.2331
-28.021
-31.2744
-27.8309
-26.2121
-22.7996
-15.6065
-10.4127
-9.46284
-12.6165
-18.2148
-17.7155
-12.3974
-9.18176
-8.46953
-8.40747
-8.05661
-9.42968
-13.4113
-18.2006
-19.9818
-21.5091
-23.7952
-22.5914
-17.6661
-14.0741
-13.6787
-16.3945
-19.4195
-18.9416
-18.3508
52.469
54.437
53.8012
52.6383
53.6425
55.4243
56.4809
56.0861
54.5526
52.2342
49.2648
47.4237
45.8437
43.5524
37.6613
31.8331
31.5884
30.6764
25.9356
21.2054
24.443
29.3866
31.9244
32.6711
30.5202
25.2013
19.9452
20.443
21.1325
19.9361
16.1316
10.0506
2.79316
0.994011
-1.03459
-3.65268
-1.44454
0.697098
3.21738
4.21101
3.51899
2.8293
1.84935
1.11852
-2.43849
-7.29757
-11.8522
-12.0006
-7.66749
-3.6152
-2.52711
-4.08307
-7.37792
-8.87459
-6.75504
-4.52239
-4.24941
-4.7944
-3.36506
-0.145774
2.04244
1.16499
-3.54844
-11.6152
-16.5497
-16.033
-12.6576
-9.7098
-10.1278
-14.9061
-24.2815
-33.2422
-29.9164
-24.293
-21.0983
-19.7114
-19.9101
-19.7843
-16.0756
-11.2715
-8.33125
-7.69805
-7.41325
-6.80338
-7.03678
-8.32998
-9.1956
-10.5797
-14.1963
-18.4707
-20.5927
-21.2906
-22.2969
-21.4993
-21.7156
-21.398
-18.4205
-13.1452
-8.65374
-6.40252
-7.66668
-12.5624
-20.701
-23.1389
-16.16
-11.1115
-9.40481
-10.6577
-12.339
-11.1536
-8.87538
-6.95016
-4.94116
-4.25358
-6.64626
-12.2075
-16.6139
-13.5311
50.6846
51.3609
49.2613
48.6384
50.3298
50.7952
47.7391
42.155
36.57
35.4297
39.0377
41.6029
44.657
47.275
49.6761
51.2629
51.8256
51.2087
49.8072
47.9146
45.9948
42.9971
38.8599
33.9602
28.9059
23.2361
16.909
14.3121
14.4713
13.5312
11.6553
10.1393
10.5065
8.86372
3.57905
-4.33977
-3.93267
-0.0434797
-0.0697239
-2.79932
-6.28789
-4.74647
-2.9847
-2.94768
-5.7449
-8.22967
-7.6562
-8.2579
-11.1729
-12.8073
-12.594
-13.4234
-11.9749
-9.93641
-9.32928
-8.07703
-6.87536
-7.07717
-7.18368
-3.85244
-0.744423
-0.774625
-4.87642
-12.9054
-19.0519
-15.8064
-12.4734
-11.8593
-14.4966
-18.1424
-15.8208
-11.4943
-10.0795
-11.5154
-14.3594
-16.5984
-17.0047
-16.5158
-16.2809
-14.3466
-11.9043
-11.4125
-13.2312
-14.0298
-12.5153
-11.6439
-9.28829
-5.25793
-2.69181
-3.04964
-5.97002
-11.2762
-18.3287
-21.8609
-19.2452
-16.6252
-16.2668
-16.9054
-17.1902
-17.7572
-19.1145
-21.3474
-25.4203
-28.9966
-28.0864
-22.4247
-16.1306
-11.9947
-8.92125
-7.24728
-6.39317
-4.9553
-4.11154
-6.02386
-11.6921
-18.4752
-18.2398
-14.2252
50.3544
55.8978
58.5161
58.7274
58.0757
58.0202
58.6271
58.2859
56.9719
56.1436
56.191
56.4785
55.8185
54.596
53.3408
52.4635
51.1656
48.519
44.2526
38.731
34.072
33.8877
33.2341
32.8071
32.4679
30.6612
25.6437
17.3824
9.98894
7.29338
9.4537
12.694
14.2032
14.3057
12.0655
9.355
9.86128
11.0064
9.04207
3.67857
-1.57607
-2.01292
-3.294
-5.03624
-5.82571
-4.09361
-2.55857
-3.12291
-5.94767
-10.3617
-14.115
-14.6759
-12.2842
-9.96778
-9.669
-11.4346
-12.456
-11.0486
-10.5811
-12.2797
-14.6835
-15.2357
-13.3535
-11.0217
-9.26983
-8.14122
-7.38022
-7.4565
-8.81995
-11.5644
-12.0247
-9.45566
-8.76558
-11.6765
-16.2722
-15.8366
-14.1648
-15.5098
-18.2819
-17.8833
-16.7293
-17.4675
-17.2866
-14.4303
-11.5495
-9.8369
-8.86513
-8.96193
-10.2824
-12.7247
-15.9004
-19.039
-20.2821
-19.8063
-16.658
-12.2295
-9.26282
-8.44906
-9.7275
-13.0954
-17.4416
-18.2519
-16.5871
-17.5763
-22.0386
-22.8666
-15.172
-9.15778
-5.98901
-4.71287
-5.14578
-7.48989
-11.5748
-15.6057
-18.4456
-20.4533
-21.4905
-17.5445
59.5861
61.1215
59.5047
58.4484
58.8758
58.3264
55.7375
52.2775
47.8118
41.9115
36.798
39.3891
43.8975
48.4763
50.6716
50.329
47.908
45.2766
44.5577
45.2507
45.2765
42.7636
37.3234
29.2344
21.8526
19.8261
14.4439
10.4453
11.9422
20.3013
25.7216
28.1694
27.898
25.163
20.3321
14.5332
9.81113
6.93399
3.99265
1.58523
-0.596739
-3.31035
-4.35355
-2.94408
-3.9804
-5.36864
-6.52244
-6.30919
-5.82809
-6.14864
-6.27345
-5.86804
-6.68136
-8.05099
-9.0269
-10.3424
-12.0947
-13.9186
-14.9108
-15.671
-16.6406
-16.7442
-14.4055
-11.2874
-9.69319
-8.02107
-6.37299
-6.45432
-8.90227
-10.5855
-9.68779
-10.1738
-13.4012
-17.4307
-16.8633
-12.875
-10.149
-10.0656
-10.8877
-10.1488
-9.37312
-10.8212
-12.8755
-12.006
-10.9699
-11.6545
-14.4484
-17.9272
-20.2689
-22.2458
-23.8396
-24.8863
-25.7595
-24.3876
-19.9023
-13.7545
-9.76277
-8.00977
-7.7381
-8.47632
-10.6379
-11.7721
-9.59424
-8.8947
-12.1876
-20.2887
-24.2538
-16.4923
-9.00389
-4.65376
-3.86434
-6.45145
-10.8536
-13.3147
-14.2357
-15.3304
-15.6671
-15.4445
63.9663
67.3996
67.6406
65.3754
63.4712
63.948
65.1031
65.3295
64.6554
63.7658
62.8164
62.0283
60.9471
59.1765
56.743
54.3946
51.5382
46.5986
40.0159
36.0396
38.6017
41.672
41.396
37.4481
29.9771
20.6514
8.62538
4.39959
6.45086
8.45179
10.132
9.44893
5.16666
-0.209727
-3.68492
-4.92642
-3.24917
-0.171901
4.36033
7.8026
8.40476
6.57915
2.54171
-1.30106
-3.8336
-6.11215
-7.09122
-6.27986
-7.52814
-10.8606
-13.1328
-12.9689
-12.2012
-11.5695
-11.5177
-13.0327
-16.8104
-19.2966
-14.8638
-8.62951
-5.04109
-4.15067
-3.39331
-2.01086
-1.50256
-2.82545
-5.17633
-8.3628
-12.9754
-15.8564
-13.5684
-12.1113
-14.2144
-18.2857
-18.7977
-15.314
-12.3332
-10.9845
-10.538
-10.0901
-9.86129
-9.70977
-8.52344
-7.4876
-8.5636
-12.3584
-17.2342
-20.4908
-21.9091
-23.152
-25.3484
-27.1564
-24.8712
-20.5922
-16.7453
-15.0369
-15.0478
-15.5948
-15.01
-12.9024
-11.0474
-11.0428
-11.8641
-12.6028
-13.273
-14.4612
-15.6752
-17.2442
-18.4408
-18.7012
-19.6856
-21.4079
-22.3363
-21.3058
-18.4215
-15.1703
-14.6919
-18.0282
57.6818
61.5687
63.9883
66.9554
69.2423
69.5472
67.7197
64.301
59.9311
54.2692
47.69
45.5756
48.5939
53.3959
56.7337
58.3852
59.3972
59.989
59.32
58.0213
56.6359
54.0438
48.5768
39.6526
28.5499
21.2694
15.6663
14.1528
15.1303
15.2023
13.6139
10.4538
5.68604
2.13374
1.25575
0.311525
-0.409029
-0.305158
-0.535717
-2.54285
-3.44012
-2.81116
-0.574402
0.368834
-0.768394
-4.17777
-7.8947
-8.35127
-6.72098
-5.93181
-6.06531
-4.45952
0.406587
4.10539
4.1478
0.988801
-3.68442
-7.76722
-11.6262
-12.6305
-9.35675
-6.72631
-6.29175
-7.59519
-10.3394
-14.5519
-17.8998
-18.5537
-19.4086
-19.5736
-18.5566
-17.426
-15.7922
-14.2686
-14.5406
-16.1169
-17.2938
-18.3364
-19.9707
-19.7166
-14.9759
-9.28014
-6.30655
-7.15847
-11.7883
-17.4608
-17.1704
-12.9135
-10.1625
-10.5615
-14.3716
-20.6059
-24.4941
-19.9541
-15.6789
-13.7489
-14.4605
-15.5268
-13.5078
-10.8465
-9.75198
-9.1463
-7.77587
-6.64747
-6.23291
-6.50263
-8.52977
-13.4739
-19.7912
-18.9811
-15.0425
-13.9308
-15.3242
-16.6446
-14.5102
-13.0605
-14.3585
-18.0894
72.9554
76.6574
77.326
75.9395
74.1976
73.5459
73.875
74.146
74.0649
73.773
73.3474
72.9154
72.3951
71.0822
68.7991
66.1715
63.6156
60.5568
57.3344
54.3148
51.7909
50.3145
48.8941
46.6063
42.8668
37.7896
31.3933
24.6544
16.6701
11.2001
8.89535
7.79268
5.38812
3.18098
1.6928
0.972451
-0.650112
-2.23782
-2.15855
0.000521513
5.07528
9.38096
10.4967
9.01071
6.63538
5.36947
4.585
2.3212
-1.2666
-1.86299
2.81219
7.87027
11.8768
14.4069
15.1151
13.3475
9.04581
3.33487
-1.90744
-5.71294
-6.52235
-5.09505
-5.6181
-8.19885
-9.47989
-6.66624
-3.79283
-3.72221
-6.73054
-11.2207
-14.448
-15.1974
-11.391
-6.82619
-5.78689
-8.77915
-14.4746
-16.6745
-15.2644
-14.4229
-15.6812
-18.3835
-20.4326
-20.1977
-19.1179
-18.7479
-18.7543
-16.7677
-12.2823
-9.46461
-9.38454
-10.0794
-9.23964
-8.40919
-7.462
-5.7987
-4.38186
-4.74194
-7.7036
-13.2617
-19.6107
-18.6073
-15.688
-15.6265
-17.728
-18.5907
-17.8742
-18.2619
-17.0278
-12.4866
-9.63217
-10.0905
-12.5492
-14.1699
-11.2428
-6.97356
-5.30239
-6.82917
63.3651
68.5577
73.1396
77.2071
79.4894
79.6669
78.0227
75.2555
71.6581
67.6723
63.8301
61.7899
62.8681
65.4922
67.1717
67.2721
66.8763
66.4884
65.1988
62.0131
57.366
52.2164
46.5492
40.5604
34.7931
31.14
26.6772
24.5735
27.5267
30.1544
30.3579
28.2881
24.1465
18.098
11.9253
9.792
9.78004
9.60559
9.09398
8.95775
10.9328
13.2887
13.5359
11.404
8.52408
6.55402
4.42021
1.33577
-1.22208
-1.00185
-0.585431
-1.39315
-2.18459
-1.08869
-0.329172
-0.81559
-1.67252
-3.07646
-6.4412
-10.4752
-9.4178
-5.49794
-1.44808
0.256941
-0.95638
-3.77989
-5.53347
-6.87278
-9.78055
-12.3559
-12.6288
-13.7249
-13.5039
-11.3948
-11.1444
-12.9746
-13.2961
-12.1245
-12.3611
-13.7937
-15.4328
-16.7272
-14.4788
-11.4603
-10.9904
-12.6811
-15.025
-16.5493
-14.841
-10.0855
-6.59588
-3.71846
-1.00043
0.278331
-0.681466
-2.86621
-4.04944
-4.50457
-4.24441
-2.49493
-0.723529
-1.3241
-5.09672
-11.4947
-15.2436
-11.4082
-6.42523
-4.29185
-5.44778
-9.68998
-15.5133
-18.5772
-14.7127
-9.1443
-5.23539
-2.97701
-1.78352
-2.34218
55.0826
59.208
61.3379
62.7775
66.8115
72.1013
76.1715
78.4865
79.1981
78.8097
77.8752
77.0522
75.9931
73.704
70.1784
66.9856
65.1826
62.0586
57.5504
54.4562
55.532
56.5869
55.4222
51.3893
45.6297
38.1755
29.3343
23.0806
26.8465
30.4202
30.6962
28.6881
26.2558
23.6376
19.8389
15.5989
14.5182
15.4581
15.6843
14.1116
13.7865
15.9487
16.4676
13.8883
9.39968
6.30999
5.73507
5.02275
3.73205
2.8874
2.23564
0.960477
0.0329075
0.367053
1.5821
1.5878
-0.717585
-4.60322
-8.57577
-12.8023
-15.1463
-9.63549
-2.16912
2.1807
2.26668
-2.06201
-9.23476
-11.3108
-9.28168
-8.73885
-11.2078
-15.5112
-19.4308
-22.9845
-26.3378
-23.3604
-17.3974
-13.6631
-12.8026
-14.4972
-16.4327
-12.5247
-6.65378
-4.2016
-5.82537
-10.9858
-17.1825
-21.0054
-20.3006
-16.1209
-12.6664
-10.2814
-6.97409
-3.87707
-3.07538
-4.65639
-6.34696
-6.25709
-6.42172
-7.72189
-8.87614
-9.64604
-10.4995
-11.1774
-13.374
-16.5403
-18.2418
-17.2097
-16.3896
-15.9401
-15.9979
-17.0658
-19.8607
-22.2791
-21.6188
-16.2394
-11.0485
-8.59139
53.5983
60.6619
67.0044
72.6376
76.5632
78.3658
78.5081
77.4997
75.8284
73.6516
72.5962
73.3607
74.5514
76.4015
78.4461
80.3174
81.8381
82.5668
81.8543
79.3776
75.1502
69.8439
64.6946
60.6536
56.0458
48.051
35.9569
22.9244
22.0581
27.384
31.346
32.9056
32.5983
30.524
25.7047
18.4102
14.2687
15.0629
16.044
18.7616
21.3
21.8511
20.1795
17.8167
16.5722
16.8834
17.1117
16.5379
15.7077
14.4967
12.3671
10.351
9.02796
6.58871
2.45015
-1.87927
-3.97708
-3.14499
-2.16013
-3.08726
-5.97691
-7.80904
-6.51635
-3.67426
-1.63783
-1.57628
-3.71682
-7.01134
-8.93055
-8.47025
-6.19731
-5.69876
-8.18998
-11.2905
-10.8755
-8.33329
-6.58996
-6.50148
-8.8025
-13.634
-18.5449
-18.1717
-13.4783
-9.24431
-7.6914
-8.9064
-11.0003
-11.1127
-10.8634
-10.3731
-9.72077
-9.63871
-10.8288
-13.5715
-16.1042
-12.8044
-5.94691
-1.67468
-0.382799
-1.50724
-4.07536
-6.31829
-8.07452
-10.8422
-14.7495
-18.0841
-20.5121
-18.8457
-12.3927
-8.69117
-9.14983
-13.2952
-17.9112
-20.0333
-23.0948
-26.7579
-23.2589
-18.2488
56.9764
62.2023
68.1416
73.9668
77.9323
80.1699
81.7221
83.2761
84.7133
85.7336
86.0458
85.6405
84.4555
82.5662
80.5218
79.261
78.7274
78.2321
77.5619
76.2808
73.9848
71.0183
68.2559
64.906
59.7261
53.2524
47.6243
42.564
37.3297
38.4934
42.7962
44.3156
42.0992
36.3942
28.7127
20.4891
13.4721
12.8459
14.4969
14.2779
11.5414
6.18452
1.40481
2.16213
3.67881
4.47115
4.20907
3.25129
1.95348
1.09921
0.908556
0.457456
-0.830452
-3.69748
-7.09019
-8.17968
-6.95288
-2.6477
3.39434
7.39288
7.86989
4.64446
-1.22396
-4.97555
-4.94193
-5.72447
-9.23617
-13.5982
-14.628
-12.4118
-9.63006
-8.05784
-8.37082
-10.0155
-11.0156
-9.94337
-8.9314
-8.77141
-8.70324
-8.41297
-8.81878
-9.82344
-10.7258
-12.3777
-13.7769
-11.8645
-8.58934
-5.42123
-3.20647
-2.16137
-1.88354
-2.60319
-4.31478
-6.26691
-7.42872
-6.50535
-3.15777
-1.02235
-2.35722
-7.3287
-13.8981
-17.0626
-16.7074
-16.2302
-16.5568
-17.4848
-18.4696
-17.3746
-14.7829
-13.281
-13.8706
-15.4095
-15.4521
-14.2444
-14.5787
-16.6143
-18.4532
-17.1585
60.1674
64.642
70.3602
75.9261
78.8322
78.9179
76.8065
74.154
73.792
76.4668
79.3408
80.957
81.7184
82.3634
83.248
83.5547
82.6076
80.5176
77.6009
74.1059
70.9525
69.2219
68.9608
68.8915
67.7494
65.1414
60.4577
53.3096
45.2447
44.5889
46.9462
46.6663
43.9111
39.9543
36.3912
33.4185
30.1207
25.5669
21.4793
18.9551
15.5507
12.8681
12.2791
12.5755
11.5684
8.31194
2.12379
-3.3122
-3.5769
-3.23387
-3.91587
-3.74185
-2.70681
-2.72974
-5.02012
-8.91353
-9.98864
-7.53327
-5.49053
-4.38373
-4.03937
-4.71138
-6.87159
-9.80051
-12.0368
-13.4753
-14.4009
-13.8529
-12.6131
-12.7199
-14.7973
-17.087
-15.4895
-13.242
-13.4406
-15.1353
-15.6459
-15.9111
-16.4087
-15.4713
-14.9521
-17.305
-22.5196
-23.2672
-17.2723
-13.2784
-11.6797
-10.2491
-8.64531
-8.12058
-9.12022
-10.6524
-11.9665
-12.7152
-12.8032
-12.7675
-12.0214
-10.5408
-9.46527
-10.0195
-12.332
-15.4094
-16.5549
-13.8901
-11.5102
-11.404
-12.8101
-13.6143
-14.3508
-16.6991
-18.5017
-16.1259
-12.8459
-11.5846
-11.3278
-11.5889
-13.2188
-16.8877
58.3949
63.5219
66.2203
70.4343
77.2079
82.7158
85.7937
87.1547
87.8061
87.67
86.1934
83.4228
80.2794
77.0874
73.2016
69.7134
69.0253
70.3796
72.0357
73.667
74.1957
72.733
69.1689
65.6766
64.5499
63.7503
61.3326
56.1759
47.8844
44.6282
50.6633
54.193
54.32
51.9926
48.2852
43.4614
38.2744
35.7322
34.2886
31.5216
27.2055
21.9493
18.0427
14.0524
9.67002
5.07053
0.566782
-1.36361
-1.70693
-2.6852
-3.88124
-3.91393
-2.67496
-2.57169
-5.04888
-11.2395
-17.4661
-13.5499
-7.62509
-5.66087
-7.50483
-11.6081
-13.3484
-13.5752
-15.5514
-17.7168
-15.4966
-11.0503
-8.75243
-9.14832
-11.8093
-15.3148
-17.3749
-16.8211
-15.3288
-14.1947
-10.4793
-5.40342
-2.82466
-3.55048
-5.79017
-6.08258
-5.82956
-8.06673
-13.019
-18.0436
-19.7732
-18.8391
-17.8459
-16.95
-15.1573
-11.5396
-6.57326
-3.37051
-3.05769
-5.06181
-7.00745
-7.7256
-9.43367
-11.0021
-9.14264
-6.94036
-7.25073
-9.5716
-10.9196
-10.7448
-11.7565
-14.3086
-17.7779
-22.0166
-26.9422
-26.3492
-22.4779
-20.3503
-20.2032
-18.8211
-15.9366
-14.19
62.7628
66.023
67.6344
69.6541
71.8519
72.6016
71.1482
67.8632
64.7046
63.9821
63.4809
62.3848
61.8085
65.1823
69.4638
72.7475
74.3688
74.1898
72.8958
71.5573
70.3192
68.5971
67.3751
67.1864
65.8805
61.6519
54.0432
44.1233
41.7991
48.4048
53.0038
54.6467
54.1622
52.014
47.9586
43.3492
43.4171
45.5695
44.9294
40.6608
32.7466
23.5713
18.7155
16.536
14.1925
11.9907
10.9359
9.91135
8.07086
5.06681
1.61428
-0.898778
-0.400811
1.60007
2.8846
4.1995
5.77385
6.9144
6.49264
3.88634
-0.940405
-5.81717
-7.41213
-9.4099
-14.9251
-19.5608
-15.6671
-11.5387
-10.0519
-10.9683
-13.3649
-16.2515
-18.4342
-17.8498
-16.4388
-15.9884
-12.823
-7.17345
-4.12522
-4.84646
-8.60419
-11.4981
-11.2278
-11.8303
-14.5757
-17.2978
-17.7406
-17.0487
-15.9404
-14.5318
-10.7294
-3.97521
1.82915
4.40083
3.34586
-1.29913
-9.14012
-15.8888
-14.1019
-8.25998
-3.99235
-1.89825
-1.74819
-2.67734
-4.34894
-7.29363
-11.0949
-13.8442
-13.9466
-11.7707
-9.664
-9.94116
-13.5528
-19.9142
-24.7729
-22.7418
-18.1797
-15.0097
57.0552
60.6687
60.5618
58.1737
56.1472
55.7077
56.4793
57.0212
55.6867
53.8075
53.0363
51.9382
50.407
50.6482
53.987
57.267
59.4454
61.0031
62.4676
63.0626
61.7953
58.3815
52.5848
45.9389
44.2826
44.5276
42.2524
36.8194
32.0933
35.1972
40.4761
42.4711
40.6845
35.6596
31.071
31.1126
33.7
35.8507
36.9163
36.4306
34.3762
31.1811
27.6233
23.1934
17.6956
13.7593
13.9589
14.2364
13.5117
12.985
12.2542
10.076
6.96206
4.50441
2.40547
0.0600893
-1.72146
-3.44389
-6.16587
-9.41635
-10.9629
-9.6132
-7.96251
-7.53307
-6.51247
-3.9406
-2.1795
-2.82186
-5.51387
-9.57645
-14.0888
-16.8517
-16.0279
-12.9901
-10.6003
-10.4514
-12.3944
-14.2552
-13.5904
-12.7397
-13.1707
-13.1916
-9.46067
-4.93865
-2.55958
-2.78968
-5.02929
-7.23653
-7.88906
-9.29892
-12.2193
-11.9087
-8.29666
-7.39459
-10.4469
-16.3565
-18.4437
-15.5227
-11.4856
-8.74784
-7.4674
-7.1611
-7.75148
-9.83125
-12.3655
-13.1074
-13.1556
-14.1338
-14.7358
-13.7559
-11.4834
-9.01394
-7.77977
-8.70246
-11.9597
-16.8425
-20.1251
-19.0089
50.8485
54.0503
53.5551
50.088
45.1941
41.3555
39.7254
41.8227
45.0011
47.516
48.4232
48.5861
48.9056
49.5825
51.455
52.9692
52.2996
48.5099
41.7667
36.0288
37.5666
38.1909
37.6732
36.196
35.9476
36.4122
34.8814
30.6464
27.0701
29.1026
31.6801
32.808
32.9518
31.797
29.125
27.406
29.505
32.0492
32.1581
29.4329
24.2198
18.1402
14.3789
12.1489
7.99532
2.81477
1.1774
-0.210124
-2.13742
-2.98564
-3.28179
-3.30692
-0.371759
2.42273
2.461
-0.518218
-5.99713
-11.0535
-12.5423
-11.8168
-11.9069
-13.0433
-14.8463
-15.2639
-13.1213
-11.91
-12.7992
-14.2861
-13.743
-12.8224
-13.0418
-13.1005
-11.2744
-9.47885
-9.42086
-11.1629
-13.4405
-14.0673
-12.5487
-10.7744
-10.8588
-13.6418
-18.9454
-23.3781
-20.4866
-15.4663
-13.0604
-12.9371
-12.4528
-10.0246
-8.68429
-8.42854
-7.61322
-7.00256
-8.05653
-9.82537
-10.4778
-11.2888
-13.462
-15.506
-15.3914
-12.055
-9.17613
-8.71164
-11.1627
-15.1061
-17.1126
-16.4085
-15.0059
-14.3395
-14.9582
-17.0283
-20.5076
-23.0077
-21.8943
-19.4602
-17.3436
-15.38
29.5508
30.9678
31.1374
29.5609
30.5188
32.1311
33.2155
33.0407
31.5394
29.4294
28.9452
26.2866
25.5646
24.7704
27.15
28.9271
28.7285
27.5378
26.9029
28.8237
31.1898
29.9563
28.2727
25.2941
21.7142
16.9901
12.0111
11.8784
15.7357
19.0518
21.8979
22.6234
21.9622
21.1075
20.3497
18.7855
17.636
18.3712
19.3465
19.8502
18.7842
16.2307
13.3087
10.2313
6.16122
2.26357
-1.16233
-3.84254
-3.88106
-3.4238
-4.93958
-5.54519
-2.81309
-1.32121
-2.88897
-6.72869
-9.74209
-10.2817
-9.62199
-8.60833
-8.09585
-8.43321
-8.77009
-8.13064
-8.14673
-10.7946
-15.7734
-18.6114
-16.6597
-15.7987
-15.8857
-13.2893
-10.5004
-10.8736
-14.955
-21.2518
-23.8796
-21.548
-16.2004
-12.5693
-12.1624
-15.2334
-20.7977
-24.1781
-21.0606
-16.474
-13.6491
-12.2684
-9.69968
-6.31278
-4.62589
-4.59388
-4.45808
-3.6602
-3.61437
-5.28257
-8.93537
-14.7734
-21.0147
-22.669
-17.4687
-11.2294
-7.61142
-7.1618
-8.73604
-10.4235
-10.6088
-9.78393
-9.17195
-9.95325
-12.2783
-14.0943
-14.4122
-15.2427
-17.8352
-20.2923
-20.0303
-18.5232
23.8414
25.6116
26.6808
27.1087
27.3654
26.0577
23.3842
21.8122
20.9065
20.3004
20.8209
21.6033
22.5213
24.5043
26.9181
27.6182
26.5793
25.5669
24.3458
22.993
22.8246
20.6447
17.216
10.9624
6.92291
4.66498
6.91126
15.7065
23.8013
28.0481
28.7978
26.1515
21.4656
18.7594
18.6406
16.8616
13.452
10.7879
10.0421
9.74821
9.51881
8.56433
7.03174
5.24158
2.24108
-2.3471
-7.74565
-11.5983
-12.5723
-12.2362
-9.4015
-4.62089
-1.21947
1.1016
4.18839
8.12468
10.294
9.34616
5.82664
4.56872
7.36135
8.74834
7.17624
3.53757
-0.625053
-4.63132
-8.98533
-12.0204
-11.6501
-11.2054
-13.1542
-16.9847
-18.6461
-17.6103
-17.1896
-17.6952
-17.3684
-15.1
-13.2507
-13.9198
-17.3048
-20.5591
-20.007
-18.4104
-16.5776
-14.8277
-12.2124
-9.61127
-8.60261
-10.0405
-13.5635
-15.6386
-13.0143
-9.91141
-9.2205
-11.2065
-14.4075
-15.6987
-14.9183
-15.2257
-17.6041
-17.5073
-11.5276
-6.358
-3.85914
-3.33559
-3.92953
-5.27474
-6.44498
-5.27881
-3.33079
-3.49089
-6.63697
-12.1471
-17.5591
-20.9332
-22.7827
-23.5032
15.2603
16.9036
17.2502
17.6259
18.3062
18.8446
21.7568
25.2102
26.0745
23.9616
20.8805
18.15
17.4885
16.6397
16.3357
16.6328
15.4255
12.0556
7.9097
8.63683
12.575
7.55755
7.61282
6.30873
6.78742
4.50671
4.43638
12.2767
21.1065
25.6613
26.1193
22.7442
16.5618
12.2088
11.3527
9.50569
5.41619
4.91967
7.40126
9.13914
8.66816
7.60617
6.56703
5.32024
2.76059
-0.65001
-3.45104
-6.00465
-8.52247
-9.20151
-8.91393
-9.38015
-10.0974
-10.605
-8.08067
-2.57259
1.80526
2.99465
1.32939
0.270505
3.08059
5.18626
4.18966
0.863726
-2.22275
-4.4918
-8.01349
-11.5546
-12.386
-12.1509
-12.8315
-14.141
-13.5784
-11.6942
-10.8071
-10.3619
-9.25883
-8.76537
-10.4914
-14.8432
-18.1441
-15.5848
-12.7926
-12.1737
-12.681
-12.0203
-10.7277
-10.0891
-9.41033
-7.75272
-6.57278
-7.40401
-9.66582
-10.2019
-9.11139
-9.34768
-11.4782
-12.6805
-11.6481
-11.2797
-11.7232
-11.1646
-9.90105
-8.20637
-6.45382
-5.48056
-5.52349
-6.35532
-8.222
-10.6143
-10.3907
-8.04018
-6.83401
-7.49148
-9.5727
-12.5197
-16.0304
-15.7688
-3.22031
0.529323
4.52392
5.43761
7.58865
10.2391
12.2224
12.745
10.9815
6.93819
7.54579
8.13121
8.85602
5.12268
-0.596141
-2.66758
-3.23577
0.990148
0.67524
2.49629
8.17231
2.79308
4.60153
2.93512
1.758
-5.70686
-11.0718
-9.8585
-5.06896
-4.45692
-3.41176
-1.31532
0.861882
1.41422
-0.823231
-1.94666
0.328433
1.89622
1.26914
-1.17606
-3.82888
-6.64202
-8.86018
-8.74767
-5.16068
-0.659912
1.02798
-1.15163
-6.82598
-12.607
-12.5009
-9.76452
-7.81978
-7.27325
-7.19294
-6.19044
-4.99254
-5.47989
-8.36232
-12.0829
-14.0243
-15.4667
-18.3158
-19.6108
-18.6737
-16.03
-12.6116
-10.7932
-11.4202
-13.9745
-16.4269
-16.5519
-14.5969
-12.9761
-13.0186
-12.9424
-11.2578
-10.3289
-11.5298
-14.0087
-16.0751
-16.4863
-16.0332
-16.4716
-19.393
-22.5709
-19.923
-15.178
-10.4466
-6.12013
-2.44205
-0.359438
-0.300228
-1.16539
-1.68198
-2.70836
-5.88795
-11.2749
-15.3007
-14.0184
-10.8356
-8.75284
-7.37805
-5.51352
-4.02353
-4.27831
-5.83302
-6.71601
-7.21081
-9.79275
-14.1902
-16.1256
-14.4868
-13.2551
-13.842
-14.7012
-12.9122
-8.84765
-0.582309
3.84416
6.06123
4.79881
1.85432
-1.13406
-3.77156
-1.63471
-2.66667
-3.1491
4.87481
5.40894
4.53182
-0.773738
-9.57256
-7.07559
-3.04558
1.15322
-0.531497
-0.463292
3.32753
-9.58235
-11.7934
-12.3468
-6.23316
-7.02687
-7.34024
-6.30392
-5.76237
-4.71687
-2.46404
-1.04103
-0.940601
-1.18741
-2.41921
-4.15382
-4.89209
-3.71678
-0.969368
1.187
1.3635
-0.375463
-3.73356
-5.59024
-3.07765
-0.276285
0.665847
0.0711313
-1.57448
-3.91987
-6.40455
-6.60166
-3.63157
-1.63294
-2.35926
-6.22261
-11.8591
-15.3971
-12.624
-9.4457
-8.88189
-10.2053
-10.9233
-10.3641
-10.3535
-11.3331
-12.2545
-12.3912
-12.5814
-13.5001
-13.8331
-12.1123
-9.14829
-7.27692
-7.28742
-9.19011
-12.5737
-15.5467
-14.9207
-12.0638
-11.174
-12.7104
-15.5406
-17.9296
-17.4547
-14.0443
-10.6635
-8.95617
-8.73806
-8.45394
-7.66842
-8.03649
-10.4504
-14.2477
-17.8237
-20.2288
-22.5583
-24.1784
-21.8912
-17.9686
-15.6769
-16.1281
-18.5506
-20.5108
-20.3574
-19.4647
-18.9781
-17.3453
-14.8786
-14.0344
-15.897
-19.8028
-20.656
-15.1315
-10.5217
-9.3143
-10.3702
-10.6646
2.69827
6.25676
9.07852
9.05786
6.50116
2.3064
-2.89605
-2.26112
0.596558
-1.31507
2.29625
2.72878
3.84165
0.0716349
-8.7881
-6.82319
-6.53816
-2.47567
-7.66549
-5.68977
3.17734
-11.4875
-10.1419
-10.9826
-7.7121
-10.2228
-10.6942
-9.02099
-9.11682
-9.65263
-6.12748
-1.14876
1.93231
2.6574
0.0877065
-4.86101
-7.86501
-4.77905
1.21175
5.29909
6.08857
4.52219
2.76164
2.12313
1.41543
0.148737
-1.6621
-3.42672
-5.47033
-8.95022
-13.8792
-16.6022
-16.185
-15.8601
-16.9838
-17.8331
-15.2698
-9.38622
-3.96835
-0.157898
1.82945
1.63527
-0.874454
-4.28435
-6.15332
-7.32817
-9.18362
-9.80333
-8.5307
-7.55479
-7.74132
-8.44179
-8.00992
-7.31804
-8.33016
-10.4515
-10.4218
-8.4295
-7.3778
-7.84252
-9.50091
-10.8632
-10.9919
-11.0132
-10.8505
-9.58611
-9.1265
-10.9586
-13.3276
-13.6731
-14.1071
-15.9073
-17.6843
-17.6621
-16.2648
-15.5462
-16.706
-19.518
-21.5309
-19.0561
-14.3388
-11.5176
-11.8711
-15.4294
-20.6574
-23.7019
-22.2334
-18.8509
-15.8414
-14.5317
-15.0892
-16.6415
-18.1232
-18.0355
-15.7336
-13.2894
-12.1926
-11.9008
-6.57084
-2.77902
0.524527
0.324927
-1.55872
-1.80441
-2.65251
-2.60357
-1.45641
-6.05823
1.67148
1.34278
3.52127
-1.93506
-9.78083
-7.9889
-8.50029
-4.94866
-10.2676
-5.81059
1.61145
-13.6698
-13.7611
-14.8169
-10.0265
-12.0695
-10.7652
-7.33554
-5.21656
-3.68466
4.37323
11.8765
16.5261
18.3573
18.421
18.3833
18.363
16.9436
13.1757
7.22586
2.88533
3.98852
4.95033
2.59063
-1.522
-1.84326
1.48122
4.03887
4.41888
2.34171
-1.78682
-6.00893
-8.63388
-9.30331
-7.59085
-4.23268
-1.4704
-1.20721
-4.13398
-9.37681
-11.7706
-10.5066
-10.8449
-13.919
-17.5594
-19.2799
-19.1608
-17.5151
-15.9032
-15.2974
-15.6353
-16.0553
-15.917
-15.1683
-13.9025
-12.788
-12.5612
-12.2918
-10.4716
-8.44579
-7.40264
-6.48043
-5.77533
-6.894
-10.1545
-12.7225
-11.9542
-10.2102
-7.43687
-3.68604
-1.32663
-1.97473
-5.68387
-10.8183
-14.1132
-15.7925
-16.4611
-16.5965
-18.1604
-19.0787
-18.0604
-17.7075
-19.1198
-19.6854
-17.5585
-14.5367
-11.2393
-8.61652
-7.99637
-10.226
-15.6156
-21.912
-20.6409
-16.0493
-13.5858
-13.1483
-12.8348
-11.6389
-5.68283
-1.9403
1.50634
0.656116
1.53576
3.92472
6.74474
9.27953
11.3763
10.9292
10.5678
7.22105
4.09837
0.729599
-5.5063
-4.35423
-4.03984
-1.55549
-4.3361
-2.57881
2.86694
-8.29831
-11.3822
-13.3351
-7.60841
-7.47236
-7.08689
-7.19175
-6.20158
-2.904
3.21198
9.02761
12.4581
13.3427
12.641
11.9974
11.9041
12.4247
14.0491
16.3044
17.6059
17.272
14.9175
10.2714
3.73912
-1.70245
-2.46061
-0.928792
-0.0837023
-0.192993
-0.713944
-1.73224
-1.51744
-0.269377
0.36297
0.0264428
-0.00293431
-0.206527
-2.3535
-6.8537
-9.747
-8.11056
-7.99672
-10.8936
-15.5079
-19.2196
-22.5332
-25.2467
-26.2125
-25.8547
-23.831
-21.192
-19.4482
-18.0554
-15.8441
-14.1541
-13.2868
-10.5749
-6.3743
-3.92203
-4.02125
-6.38071
-10.4305
-13.4968
-11.2647
-8.34995
-7.87709
-8.76524
-9.21556
-8.77168
-7.82089
-6.622
-6.01045
-6.51485
-8.44689
-11.3514
-14.4126
-17.0176
-18.5974
-18.6554
-19.4073
-21.7977
-20.9657
-16.4197
-13.8669
-12.9598
-12.3748
-12.4478
-14.2302
-17.2827
-20.469
-22.561
-20.7718
-17.3143
-15.4443
-14.4449
-12.6614
-10.6649
-3.78925
-1.90941
-0.326668
0.097627
0.284124
4.4096
7.38683
9.19425
11.4295
11.7543
11.0155
9.85761
8.42247
6.97223
5.3658
5.25431
4.72468
4.81119
1.83546
0.792826
3.72321
-6.69939
-6.25546
-8.02881
-7.66987
-7.6113
-6.58816
-3.57199
0.300374
7.71772
14.494
18.3402
19.6154
19.0087
17.1604
15.394
15.4591
16.6209
17.7107
18.7218
19.8316
20.387
19.914
17.9375
15.2822
14.0861
14.1406
13.6245
12.2922
10.7515
9.11542
7.99997
7.5546
6.8203
4.90589
1.84005
-1.25601
-2.97277
-2.96222
-2.20362
-2.36723
-3.47365
-4.95199
-6.58015
-8.56349
-10.7773
-13.0986
-15.0474
-16.2945
-17.5523
-18.6944
-18.303
-16.7055
-15.8431
-16.77
-18.7111
-18.6149
-14.2094
-9.26132
-6.73471
-7.25374
-9.51456
-10.611
-10.1925
-10.5182
-11.151
-10.8952
-10.9571
-12.7511
-16.5811
-21.3767
-22.6194
-19.192
-14.5956
-11.6222
-10.703
-11.0632
-11.1493
-10.0849
-9.99055
-12.1784
-14.6901
-13.3921
-11.4915
-12.5102
-15.7633
-17.5831
-16.5414
-15.701
-16.5682
-18.8227
-19.3233
-15.5531
-12.0278
-10.3793
-10.1503
-9.96851
-9.7461
-4.8815
-3.51765
-2.98727
-1.56163
-4.13581
-2.99841
-1.0901
2.55368
6.67683
7.25429
8.73109
7.46589
5.5573
3.03669
-1.27059
-4.083
-7.58058
-4.07965
-6.26413
-3.85833
1.64275
-9.47204
-12.2814
-12.7387
-7.96761
-10.0427
-15.9035
-14.0675
-7.71408
5.0905
13.4964
18.8135
22.3593
27.5966
34.5952
39.1867
39.8895
36.5585
29.5758
23.4984
23.9487
26.6574
27.1895
25.123
21.8113
19.0844
16.635
14.3425
12.9632
11.6248
10.0931
9.70882
9.79059
8.71409
6.75645
5.43578
4.84458
4.04762
2.57591
0.285571
-2.32973
-3.06893
-1.67846
-1.26902
-2.79976
-4.75473
-5.65663
-6.81643
-9.26082
-11.6686
-12.0561
-11.0854
-10.2426
-10.3372
-11.3385
-12.6732
-12.7769
-11.9843
-12.2418
-13.7338
-14.3097
-13.5203
-13.8245
-15.8559
-17.6572
-17.8833
-17.6487
-17.5235
-17.1631
-16.1934
-14.5009
-11.5484
-7.96769
-4.16678
-1.35971
-0.409039
-1.05918
-2.62739
-4.78672
-7.89614
-11.2529
-13.9238
-15.6467
-15.9535
-15.7943
-16.6413
-16.5789
-13.5619
-11.0851
-11.2174
-13.9359
-17.5044
-18.1129
-15.4103
-13.5321
-14.0175
-15.8601
-16.694
-1.09674
-1.57528
-0.219923
0.347318
0.267238
3.16423
8.01097
13.1215
15.9086
15.5216
13.3477
9.44085
4.46746
0.133085
-5.15015
-6.20327
-9.98197
-8.94221
-14.4821
-8.707
0.324091
-7.85607
-8.28936
-11.1434
-10.5126
-12.9938
-19.198
-7.71812
6.90426
19.2589
25.6754
28.4802
30.8311
34.4791
37.9943
39.5354
38.3784
34.3697
28.3386
23.7006
21.7748
19.3742
15.7386
11.7269
9.51338
8.6782
7.59223
6.70182
6.06189
3.75844
-0.220482
-3.17829
-3.3738
-2.79011
-1.87328
-0.785246
-1.05001
-3.82868
-9.07311
-13.8409
-13.9565
-13.5477
-14.68
-16.0639
-14.5447
-11.8972
-10.7991
-11.194
-11.2377
-10.8619
-12.3285
-15.5944
-16.8764
-15.0235
-12.8605
-10.9682
-9.85323
-10.6797
-13.9566
-16.8244
-14.7133
-12.3133
-12.3307
-13.4222
-13.9268
-14.7229
-17.043
-17.8197
-14.8731
-12.0545
-11.2686
-11.7722
-12.6529
-14.1743
-15.9858
-16.0437
-13.0324
-9.84096
-7.46244
-6.29831
-6.67257
-7.96958
-8.91197
-8.87724
-8.74957
-8.78429
-9.19323
-10.5356
-12.636
-14.2131
-15.0773
-16.856
-18.9226
-18.8937
-17.6069
-16.548
-16.1168
-16.3048
1.91114
3.76314
3.98993
3.699
1.24324
-0.469646
-1.76547
-3.57138
-2.54006
-4.80777
0.170283
0.86643
1.28559
-2.30492
-9.0791
-11.7801
-14.4434
-9.28802
-13.7128
-6.09035
2.2718
-2.46036
-3.89514
-8.46196
-10.2059
-11.6683
-12.5071
-3.85989
15.6518
29.5642
36.9053
39.2754
37.8573
33.9913
30.8266
31.1944
34.3169
36.222
34.9835
30.7476
26.5287
25.5308
24.1477
20.2963
14.4619
10.1867
9.14663
8.43205
6.86056
5.14945
3.92009
2.50529
1.17045
0.257812
-0.985401
-3.3549
-6.95338
-11.002
-11.929
-8.47118
-5.15277
-4.42172
-6.1615
-7.61047
-5.03825
-1.64527
-0.596871
-2.30466
-5.87903
-9.70001
-13.0007
-14.1696
-12.7408
-11.5765
-12.1794
-13.4001
-12.5239
-10.3915
-8.30471
-6.09668
-4.62461
-5.1754
-7.65624
-9.47988
-9.36336
-9.85966
-11.8154
-13.027
-11.9665
-11.0281
-11.4847
-12.6137
-13.7919
-16.0091
-18.9003
-17.0536
-12.0486
-9.1894
-8.83911
-9.71087
-10.1159
-9.41028
-7.94113
-7.12617
-8.38996
-11.7631
-13.8672
-12.2743
-10.8683
-11.7568
-13.4777
-12.2809
-9.33864
-8.41716
-10.2914
-14.1737
-17.7566
-18.9283
-0.28267
2.31661
2.7067
0.40668
-5.52014
-7.02054
-6.35932
-3.40903
-1.18488
-3.16051
-2.21902
1.15692
2.46293
0.486311
-4.95576
-9.17043
-11.6331
-6.94775
-9.09234
-6.69161
-1.05874
-13.581
-16.3753
-17.864
-14.2423
-13.545
-12.4125
-1.23793
14.9679
27.4377
33.9446
35.7461
33.8156
29.594
26.7612
28.2454
31.2473
32.1966
30.0268
24.7907
17.5389
11.0299
8.22038
6.79784
3.97763
2.18513
2.49387
2.62284
0.563587
-2.66225
-4.75739
-5.1682
-4.63242
-4.11912
-4.70392
-5.08548
-5.04506
-5.71831
-5.48059
-3.24916
-1.44798
-1.11679
-1.54017
-2.57009
-5.06039
-8.30874
-8.634
-6.89713
-6.68901
-8.31651
-9.63858
-9.57845
-9.70787
-10.833
-12.5645
-12.4008
-8.31236
-4.61028
-3.97529
-6.38055
-10.5389
-13.8073
-13.5419
-9.77821
-7.35452
-7.64058
-8.98825
-9.2146
-9.45124
-11.8852
-16.128
-18.0171
-16.5496
-14.9766
-13.4746
-11.5448
-10.7826
-11.9548
-14.2618
-15.2749
-12.1269
-7.08883
-3.9793
-3.91684
-6.33416
-8.43641
-7.0305
-4.25966
-3.25712
-5.16114
-10.1281
-15.8711
-15.8439
-12.4686
-10.8099
-11.3897
-11.8406
-9.84024
1.41671
5.68717
8.49462
10.4591
11.922
13.2711
14.8167
15.8287
16.2234
14.6996
11.9202
6.68952
3.10619
-0.084027
-5.00505
-7.39432
-10.5658
-6.78235
-10.8096
-6.59564
-0.271748
-8.12432
-9.12678
-9.96799
-9.73717
-12.4925
-14.3109
-2.14057
10.9977
21.4028
27.0758
28.5569
26.4771
22.5057
21.2565
24.6289
28.2312
29.8369
29.2771
26.9246
22.9932
17.2912
10.3063
5.66816
5.21062
5.84425
6.09223
5.7406
4.45215
1.76184
-0.424068
-1.16348
-1.46917
-0.25564
2.48049
3.49352
1.60562
-2.04376
-3.81988
-3.58176
-4.82381
-7.6409
-8.64191
-6.81984
-5.894
-6.95539
-9.6017
-12.7851
-13.749
-11.3923
-8.66038
-7.69626
-8.18697
-9.11329
-10.0325
-11.3884
-13.4378
-15.955
-17.0982
-17.3288
-18.6031
-19.7402
-17.7011
-14.0824
-11.8481
-9.70152
-6.11855
-3.53296
-4.05175
-8.11113
-14.1292
-17.9959
-19.2804
-19.3365
-17.6416
-15.9113
-14.7598
-13.9783
-14.3077
-15.0846
-12.6989
-8.25823
-5.88458
-6.36847
-8.89703
-11.9214
-13.9266
-13.8718
-11.4242
-9.48565
-9.32394
-8.35737
-5.72667
-4.33642
-5.87633
-9.84497
-12.1001
-9.6811
12.8385
13.4504
14.3221
16.4769
17.0833
15.9827
13.4625
11.3524
10.6254
9.1281
7.27068
5.50347
2.65722
2.85042
0.299604
-2.85514
-6.56172
-5.37831
-8.16393
-6.14193
-0.479555
-8.48477
-7.33817
-6.97448
-7.35703
-11.3913
-15.5015
-6.96544
1.46473
10.6156
16.6685
19.4366
20.038
19.6185
18.8134
17.8982
19.3069
22.3607
23.6741
21.7762
16.3868
8.6573
3.46317
4.05298
5.37697
5.00436
3.18358
1.07415
-0.699887
-2.88538
-4.38084
-4.09387
-3.56432
-3.54981
-3.29545
-3.54538
-5.34391
-8.18295
-9.54183
-8.73594
-8.49462
-10.4234
-13.3445
-13.4543
-10.7815
-8.67046
-8.30875
-8.59071
-7.53649
-6.25301
-6.80889
-9.31121
-11.3855
-10.7561
-9.49923
-8.70181
-7.8726
-6.66469
-6.70376
-9.1557
-13.9367
-16.9932
-15.3204
-13.2006
-12.9606
-14.5493
-16.24
-16.7264
-17.0105
-16.3834
-13.6199
-10.2672
-7.81064
-7.02446
-8.30774
-10.9689
-12.6446
-12.9875
-13.8683
-14.5837
-12.813
-10.3747
-9.55893
-10.4046
-11.6645
-12.3212
-12.5514
-11.6536
-9.73038
-8.48305
-8.78232
-9.4504
-9.4388
-9.71834
-11.1618
-12.9383
-13.6784
-14.0685
0.370625
-1.93063
0.568394
4.07081
6.06172
7.35613
7.15219
7.54417
9.86578
10.0184
9.11015
7.4045
6.10945
5.24653
3.6191
2.42038
1.16842
0.873731
-2.08728
-3.68911
-0.665216
-6.71555
-6.47282
-6.69692
-6.98645
-8.97508
-8.99041
-5.56593
-1.76212
6.83973
12.874
14.7093
12.8563
9.47873
8.17772
8.04937
7.20368
6.27279
5.33884
4.14664
2.36479
0.706095
-0.237894
-0.379426
-1.35831
-4.17315
-8.17745
-10.4776
-10.4432
-9.97266
-10.0174
-10.2134
-10.5159
-10.8029
-10.6732
-9.62858
-7.93214
-7.52252
-9.5896
-12.0771
-12.2912
-12.2446
-13.7901
-14.9179
-14.7039
-15.4812
-17.8335
-17.3757
-12.338
-8.58534
-7.72436
-8.52347
-7.61743
-5.66957
-5.74739
-8.39646
-11.3915
-11.6585
-11.1371
-11.9185
-13.6359
-14.9632
-15.415
-15.7731
-16.3376
-17.3061
-18.1627
-17.8731
-17.2767
-17.3521
-17.0031
-13.6249
-9.03587
-6.14178
-5.12651
-5.06952
-5.40112
-6.56985
-8.60868
-9.84753
-9.63529
-10.0012
-12.3457
-15.2232
-14.5299
-12.1455
-11.548
-12.5016
-12.8401
-12.2173
-12.5306
-14.1111
-15.3561
-13.9133
-10.6717
-9.04115
-10.5105
-14.4288
-6.0639
-5.39846
-4.00502
-4.60621
-7.24185
-4.1339
-0.998656
3.11399
5.96356
5.05917
3.52768
2.28647
1.65653
1.40962
-1.35439
-2.4997
-2.24063
0.557228
0.294272
1.05748
2.43618
-5.11042
-8.97597
-12.228
-11.4875
-12.25
-13.3834
-11.421
-5.79846
1.43138
7.74606
11.1119
11.6947
10.5107
9.03042
8.21855
8.12496
8.21675
7.32156
5.37497
3.67473
2.70884
2.19302
2.17687
3.04653
3.79177
2.92419
-0.0804067
-3.15749
-3.63096
-3.72244
-5.50216
-8.58127
-10.9421
-12.0387
-12.4947
-12.4163
-11.7272
-10.4996
-9.4322
-9.15635
-10.2619
-12.7595
-16.0775
-18.4621
-18.0189
-16.4749
-15.3361
-13.5549
-11.3365
-10.5206
-11.0858
-11.5108
-11.362
-12.063
-13.9447
-14.9327
-13.3007
-11.4732
-11.6932
-13.9102
-16.3348
-16.5743
-14.7642
-12.2966
-11.2051
-12.4593
-14.5955
-14.058
-12.5777
-13.4341
-16.1006
-16.1369
-13.5094
-12.3561
-12.9675
-13.0209
-11.7116
-11.2349
-12.3201
-13.6491
-13.8597
-13.6076
-13.7174
-14.0951
-14.4874
-14.7068
-13.7912
-11.9718
-11.1131
-12.1133
-13.9951
-14.8688
-14.2112
-12.4703
-11.2497
-12.1314
-14.1593
-3.31558
-2.33708
-3.07363
-4.59435
-10.6402
-12.9143
-14.2024
-12.5693
-5.46523
-8.24201
-3.37068
-0.73439
-0.426145
0.222706
-2.15039
-1.69617
-1.40689
-0.408966
-3.13356
-3.50755
-0.27043
-8.62432
-9.61332
-10.7987
-10.2514
-12.1556
-13.1062
-9.17774
-4.39372
1.61431
6.43007
8.80359
9.14082
8.6504
8.23951
7.86034
7.50813
6.71937
5.38913
4.55868
4.76709
4.71912
3.2123
0.906754
-1.58637
-3.66542
-4.95448
-5.68844
-7.03179
-7.87693
-7.10359
-6.12596
-6.57487
-8.11398
-9.4372
-10.2707
-10.75
-11.1103
-11.5545
-12.2493
-12.5131
-11.9068
-11.2337
-11.3265
-11.9257
-11.2655
-9.88803
-9.8186
-11.1165
-11.5351
-9.99093
-8.61745
-9.05236
-10.5927
-11.3283
-11.033
-10.7645
-10.2588
-9.97518
-10.8866
-12.7547
-14.5205
-15.3818
-15.6579
-15.5595
-15.4044
-13.5309
-10.6846
-9.4413
-10.3962
-13.1954
-16.3803
-16.8136
-14.5409
-13.9908
-16.5333
-18.9334
-16.863
-14.6088
-14.306
-14.1169
-12.6872
-11.8556
-12.564
-14.211
-16.0988
-18.6864
-21.1583
-20.8838
-19.2514
-18.4121
-17.8973
-16.7723
-15.338
-13.8808
-12.9962
-13.2284
-14.4425
-4.55667
-6.49183
-7.9945
-7.09359
-10.3066
-8.57975
-8.25956
-6.29909
-3.28867
-5.91963
-3.66217
-1.29393
-1.56455
-2.00615
-5.177
-6.98639
-8.36591
-6.0694
-8.29704
-6.94104
-2.59908
-10.9532
-12.3548
-13.638
-11.9584
-11.3415
-12.2958
-9.35346
-3.66227
4.24518
8.89801
9.99637
8.41824
7.48095
9.5362
11.5175
11.5008
9.37055
6.757
6.7892
8.7563
9.47089
7.98319
4.86617
1.47936
-1.71037
-3.14151
-2.29506
-2.36983
-4.71709
-7.98772
-10.1663
-10.6021
-9.28016
-8.02235
-8.63552
-10.448
-11.4395
-11.453
-11.7227
-11.6691
-10.7507
-9.42834
-8.71149
-8.88674
-9.41492
-8.98926
-8.11573
-8.64616
-11.1569
-13.7309
-13.9176
-13.5929
-13.8556
-13.5878
-12.2563
-11.0008
-10.269
-9.75594
-10.1116
-12.289
-13.7524
-10.4898
-7.34106
-7.28315
-9.80093
-10.9969
-9.39689
-8.97342
-11.3421
-14.6261
-15.205
-14.1283
-14.029
-15.2779
-17.0977
-18.0059
-16.3753
-14.4049
-13.8866
-14.0265
-14.0846
-14.9742
-16.826
-17.8465
-16.4574
-13.6997
-11.4254
-10.6402
-10.0792
-8.64955
-8.21152
-10.2127
-13.882
-15.5196
-13.4181
-10.9181
-9.80116
-6.50841
-6.59683
-7.86739
-7.27318
-11.0557
-7.49259
-5.69265
-5.58598
-4.81408
-8.83815
-4.72911
-0.811263
-0.562205
-1.33343
-4.16555
-4.61873
-5.70659
-5.42397
-8.37617
-6.46279
-1.51963
-8.29089
-10.3492
-12.4752
-11.3741
-10.9294
-10.764
-10.0262
-9.56511
-6.71719
-2.46263
0.557159
1.8908
2.81335
3.83363
4.53599
5.34405
6.25043
7.08298
7.59896
7.69184
7.63653
7.53323
6.90793
5.18755
3.63888
3.56764
3.49118
2.05136
0.0894699
-0.70825
-1.553
-3.99438
-8.18134
-12.6718
-14.4537
-12.6453
-10.2227
-9.68953
-10.8141
-11.3453
-9.72304
-8.26977
-8.24889
-9.50483
-11.2634
-12.5661
-12.1211
-10.3863
-9.62517
-10.5634
-11.6643
-10.7754
-8.02356
-4.77539
-3.13187
-3.64448
-5.10509
-6.30816
-8.33137
-12.2553
-15.1366
-14.0029
-11.7591
-10.7375
-11.4242
-13.1408
-13.8674
-13.2336
-13.5625
-15.7433
-18.2861
-19.521
-20.563
-19.1569
-14.8639
-11.3591
-10.1188
-10.5714
-10.9519
-10.4988
-10.1718
-10.8478
-11.9013
-11.7443
-9.36114
-6.81046
-5.86855
-6.49489
-8.07325
-9.74624
-10.5423
-10.3343
-10.5105
-11.5517
-12.6766
-12.902
-12.7155
-10.0726
-9.44191
-8.53947
-5.97192
-7.7436
-7.62225
-8.47589
-7.40578
-2.663
-4.35488
-3.20556
-2.12933
-3.01428
-4.77156
-8.5919
-9.32196
-10.5169
-8.28546
-10.7118
-8.21005
-2.79059
-8.56279
-8.59899
-9.45081
-8.30411
-8.85767
-12.1738
-12.9589
-9.16101
-1.83241
3.76638
6.73348
8.17181
10.1598
12.2645
13.1613
13.7979
16.0275
18.6156
19.4954
18.101
15.607
14.0787
13.4762
11.5711
7.88035
3.31695
-0.106557
-0.926281
-0.394621
-0.0587757
-1.35631
-4.92695
-10.1733
-12.4551
-10.933
-9.73963
-10.1582
-11.8473
-12.2537
-8.78361
-5.60097
-5.57764
-8.80419
-12.9802
-13.8618
-11.2991
-8.46216
-7.35594
-8.33956
-11.011
-14.1203
-14.9062
-9.56103
-4.31335
-2.32494
-3.2256
-5.6986
-8.58047
-12.5319
-17.4291
-19.4726
-15.2509
-9.20117
-5.03482
-3.39464
-4.01069
-6.47035
-9.88465
-12.1588
-12.6777
-13.8313
-15.9623
-16.6241
-14.7392
-11.0495
-7.51721
-6.14825
-6.98793
-7.83421
-7.33874
-6.70258
-6.80945
-7.93535
-10.6913
-14.8615
-17.5962
-16.1738
-11.6718
-7.73576
-5.66629
-5.61766
-7.23437
-9.61457
-11.4446
-11.1854
-9.29617
-6.914
-9.93031
-9.36107
-9.71143
-6.59135
-8.09621
-6.59971
-5.69601
-4.64844
-2.14779
-5.19164
-3.92291
-1.79311
-1.90381
-3.20917
-7.84771
-9.80224
-12.675
-10.1994
-14.4003
-12.1825
-5.05853
-16.417
-15.5159
-14.8365
-13.7423
-14.7843
-19.193
-16.3901
-11.6559
-4.20756
0.738834
3.98773
7.36052
11.1349
13.688
14.4452
14.9208
17.2381
20.5623
22.2973
21.5928
19.1065
16.8348
15.2436
12.3632
7.26319
1.10095
-1.66221
-0.322737
1.5501
1.87897
0.43476
-2.26186
-5.57692
-7.36886
-5.39427
-2.96783
-2.96034
-5.27619
-6.85718
-6.25381
-6.65569
-9.54178
-13.4048
-15.2579
-15.6409
-15.6147
-14.2058
-12.3342
-11.8879
-13.2786
-14.2251
-13.2222
-12.2827
-12.7766
-13.6121
-13.2352
-12.8192
-14.2444
-17.9243
-21.3392
-18.4648
-11.5811
-6.84626
-5.77814
-8.15863
-12.224
-13.4562
-12.4386
-12.3217
-13.4264
-14.1484
-12.4654
-9.68837
-8.33497
-9.4143
-11.6529
-12.1439
-11.3182
-10.984
-10.6432
-9.14392
-7.47247
-7.43908
-9.65486
-12.2244
-11.537
-10.1681
-10.4145
-10.8307
-10.4966
-10.924
-12.2877
-12.9366
-13.1332
-13.5424
-12.972
-11.2089
3.93262
3.39302
3.34678
4.13229
3.00344
0.950041
-2.31117
-5.89538
-5.8317
-10.9783
-7.65246
-3.81703
-3.86878
-4.71601
-10.0232
-12.6599
-14.3051
-11.2911
-16.1351
-12.7728
-5.69348
-17.5195
-15.5879
-12.2319
-8.96775
-8.78091
-10.4643
-7.27189
3.87134
14.4312
20.5618
22.5915
21.6071
19.239
17.7642
18.5014
20.5492
21.3955
20.5029
20.4713
21.8902
22.3089
20.5581
16.7739
10.7158
1.37579
-5.55028
-4.13356
-2.69287
-3.51103
-6.35895
-9.26949
-9.37334
-8.41682
-8.60717
-8.67255
-7.75878
-7.82307
-9.9788
-12.4229
-12.4532
-11.9159
-12.606
-13.546
-13.2896
-12.8646
-12.8494
-12.0777
-10.6019
-10.3834
-11.8622
-13.1303
-12.6302
-12.3105
-12.9718
-13.2485
-12.9304
-14.0543
-17.433
-19.6123
-16.2966
-12.8314
-11.5735
-11.1083
-9.83795
-9.11325
-10.7181
-14.7666
-18.9181
-18.9602
-15.3766
-12.5849
-11.0398
-8.90089
-6.5123
-5.98806
-7.82394
-11.0861
-14.2603
-15.6396
-13.9648
-10.4418
-8.42897
-8.6345
-9.45433
-9.43278
-9.6938
-11.5417
-13.4424
-13.3232
-12.4708
-11.9259
-11.0245
-10.2912
-10.9617
-13.1773
-15.7832
-16.7816
-5.35277
-4.09918
-3.33172
-0.604035
-0.390906
-1.04948
-4.96954
-9.31356
-6.34332
-9.57854
-7.16403
-5.21489
-5.88552
-5.22172
-8.50894
-9.49344
-12.411
-10.6254
-13.7844
-10.5018
-4.70785
-12.5389
-12.4195
-12.8038
-10.56
-8.26343
-6.46443
-3.87482
0.664192
8.82413
15.4705
18.7464
19.0887
17.4712
16.195
18.0145
20.719
21.1334
18.7111
15.4408
13.5881
12.3366
10.9208
8.9165
4.89331
-0.910147
-2.36237
-1.19719
-2.00527
-4.7848
-7.85334
-8.61516
-7.11876
-6.22436
-6.96559
-7.99649
-7.86395
-6.68025
-5.42278
-4.9373
-5.69612
-7.524
-8.53225
-6.37729
-3.6227
-3.42116
-6.04097
-9.02965
-9.20115
-8.77027
-9.4636
-10.0294
-9.55463
-8.75399
-8.20082
-8.62648
-10.3948
-11.5924
-10.4026
-9.69106
-11.4091
-13.8757
-13.5305
-11.3171
-10.0219
-10.5834
-12.581
-14.0376
-14.1696
-13.2289
-11.4588
-10.563
-10.8372
-9.09166
-5.5105
-3.7829
-4.79204
-7.43839
-10.0829
-12.319
-14.4111
-15.6239
-15.8356
-15.0501
-13.4362
-11.7935
-11.0649
-12.1572
-14.6753
-15.5632
-13.1647
-10.6442
-8.80719
-6.45247
-4.48466
-4.58125
-7.1398
-10.691
0.17089
0.713645
1.02066
2.47825
2.86366
1.6722
-3.21194
-10.7535
-7.61466
-10.6173
-6.58883
-3.45522
-4.944
-6.43586
-13.2115
-12.2968
-10.6652
-7.54229
-10.989
-10.0906
-4.54434
-9.75936
-9.24824
-9.7787
-8.92347
-9.01665
-10.9506
-11.0223
-9.36216
-3.52799
1.26697
3.70757
4.29208
4.89361
6.98044
10.2844
12.2848
12.0924
10.0061
7.80242
7.33936
8.79024
9.81856
8.82839
5.76428
2.67247
2.11497
1.96232
0.311559
-2.46654
-4.42461
-4.9668
-4.40383
-3.75329
-4.02038
-4.70062
-4.93874
-5.02341
-5.84195
-7.12812
-8.73471
-10.9287
-12.0142
-9.07178
-5.50454
-4.83205
-7.63917
-12.3048
-13.9211
-12.7404
-12.0644
-12.035
-11.5949
-10.8474
-10.5565
-10.6552
-10.5033
-10.4823
-11.308
-12.9491
-14.8073
-16.2464
-17.3033
-18.7393
-20.8067
-22.8598
-23.6101
-22.2215
-19.4998
-16.2616
-12.6601
-9.7708
-7.94319
-7.00038
-7.12577
-8.35393
-8.40256
-5.46206
-3.35601
-4.12644
-7.53638
-11.5345
-13.2589
-13.605
-14.0607
-14.3271
-14.1878
-15.27
-17.8055
-16.8643
-11.3705
-7.69072
-7.07268
-8.0071
-8.9245
-10.3413
-13.1534
-15.6979
-7.3791
-8.25003
-8.11474
-6.23215
-7.95495
-7.41103
-7.82871
-8.7783
-5.73657
-7.5916
-4.31793
-1.82695
-2.40648
-4.15571
-9.10217
-8.36834
-6.85635
-4.35697
-8.06401
-8.83138
-4.19799
-13.4699
-13.0346
-11.5095
-9.33556
-9.60188
-11.4445
-10.0843
-7.04146
-4.47558
-3.857
-3.70327
-2.38818
-0.145993
0.893541
2.18759
5.78449
10.1982
13.0725
14.5091
15.0869
15.0414
14.6508
14.23
13.6574
13.1181
13.0186
12.6477
10.4886
6.71331
3.07447
0.384025
-2.66125
-6.43256
-8.83806
-9.54555
-10.0437
-10.4253
-10.2648
-10.7616
-12.7872
-15.1498
-16.0206
-15.4923
-14.1292
-13.5949
-15.018
-15.8429
-14.1766
-12.8486
-13.3031
-14.3005
-14.0817
-12.9812
-12.4301
-13.0184
-14.0485
-14.315
-13.9171
-12.7444
-11.2395
-10.3364
-10.7085
-12.7708
-16.2296
-19.571
-20.2514
-18.7252
-16.7766
-14.9238
-13.0959
-12.3129
-13.3163
-15.6145
-16.5614
-14.6391
-11.3405
-8.81943
-7.67882
-8.08382
-9.97318
-12.2793
-13.4636
-13.1498
-11.6013
-9.46448
-8.53535
-8.64659
-8.49354
-8.54679
-10.4334
-14.2722
-17.0452
-15.6739
-13.6112
-13.3596
-14.899
-16.4535
-11.7167
-9.54624
-7.76412
-6.42707
-10.2462
-10.5272
-10.2976
-10.3895
-7.09539
-11.0851
-8.01438
-4.86235
-5.90084
-7.08604
-10.2153
-6.90513
-4.16706
-2.3835
-4.9201
-6.13292
-4.20056
-13.0322
-14.382
-15.6913
-13.2044
-10.9956
-9.41091
-6.42361
-4.16588
-2.49127
-1.35375
0.179703
2.65661
5.98844
9.04846
12.0425
15.7096
18.9824
21.0334
23.4821
27.4469
30.1736
30.1045
27.3525
23.0701
18.9199
15.4234
12.7282
9.10092
4.64932
1.81117
0.844155
1.04688
1.27858
0.563174
-1.28056
-3.85781
-6.98252
-9.90281
-10.8827
-9.94812
-8.79528
-7.21945
-5.00205
-3.51746
-3.50498
-4.96402
-7.65621
-11.3689
-14.8344
-16.58
-17.6244
-18.4608
-17.9925
-14.8652
-10.7468
-8.00614
-7.43593
-8.34727
-8.90434
-8.35743
-7.82155
-8.12647
-9.763
-12.6508
-13.5331
-10.5025
-8.04961
-7.82166
-8.89985
-10.36
-11.7831
-12.2728
-11.91
-12.1443
-11.8489
-9.54993
-8.17823
-9.73558
-13.798
-17.2268
-18.4812
-18.771
-17.1404
-14.5739
-13.1039
-12.9257
-12.0829
-9.5477
-8.04589
-9.33016
-12.5419
-14.0673
-13.4572
-12.7137
-11.0687
-9.07783
-8.04494
-10.5235
-9.57044
-8.38045
-6.28612
-9.14295
-8.43348
-7.53855
-7.64458
-5.42399
-7.73555
-2.97703
-0.126039
-0.241422
-0.646939
-3.03603
-3.73831
-4.4168
-3.61173
-5.07081
-3.31781
-0.540077
-5.38729
-6.397
-6.39005
-6.19614
-6.46527
-6.85293
-6.18819
-6.54082
-7.13869
-5.95342
-2.93676
0.468282
3.89508
6.5948
7.85326
8.25864
9.77183
12.3708
15.2958
18.2765
19.8601
18.8246
14.6029
7.87466
2.2719
0.583776
0.851831
-0.0297536
-2.50155
-4.89792
-5.46715
-4.9713
-5.0409
-5.99229
-7.00776
-7.57532
-8.75882
-10.3448
-10.6426
-10.4053
-10.2472
-8.61382
-6.3321
-5.50492
-6.25442
-7.56268
-8.69907
-9.55343
-9.31823
-8.00591
-6.11901
-4.41041
-3.89834
-4.40498
-4.61255
-4.60459
-5.63868
-7.0389
-7.0514
-6.70443
-7.6082
-9.44227
-10.7196
-11.0025
-11.6996
-12.7328
-12.7594
-11.091
-8.62185
-6.91982
-7.12454
-9.10099
-11.3032
-11.902
-10.7185
-9.67798
-9.45836
-9.40417
-8.53136
-7.79106
-8.66313
-10.8643
-12.7277
-13.8384
-16.2372
-20.5136
-22.74
-20.7885
-18.6142
-17.9525
-16.8268
-13.5539
-11.3321
-12.1125
-14.9375
-15.8534
-14.3867
-3.53443
-2.99231
-2.78209
-1.91705
-3.89684
-3.08294
-0.412322
2.23978
5.36173
7.17819
8.83141
8.71117
6.3548
2.93424
-0.295487
-2.74724
-4.84421
-3.34711
-2.96272
-1.4523
0.602232
-4.65077
-7.66132
-10.1881
-9.80492
-10.3138
-12.2722
-11.5088
-9.8007
-6.60055
-1.40878
4.88314
8.87533
10.8625
12.0293
13.1347
14.2029
15.1188
15.5027
15.9411
16.8009
16.932
14.986
11.0878
6.66294
2.87729
0.291537
-1.52013
-3.65501
-6.77293
-9.35091
-10.2721
-11.6379
-13.7663
-14.7406
-14.133
-13.6416
-14.187
-15.3852
-16.3685
-16.4451
-16.1109
-16.897
-19.0992
-19.2515
-16.2529
-14.2245
-13.7124
-11.9771
-8.64713
-6.42839
-5.31678
-4.07504
-3.24473
-3.03606
-3.02406
-3.38441
-5.02821
-7.7026
-10.0853
-11.9771
-13.4444
-14.1616
-13.7645
-13.4851
-14.5491
-16.0536
-15.5617
-13.2501
-10.7682
-9.02908
-8.17795
-7.6581
-7.36088
-7.81719
-8.97474
-9.28288
-8.20224
-7.5787
-7.64265
-7.98735
-9.05136
-11.2329
-13.2192
-14.3502
-16.3774
-18.2758
-17.6205
-16.0905
-15.2022
-14.832
-14.1734
-13.1217
-11.8029
-10.5558
-10.2373
-11.3589
-13.5188
-5.80823
-3.26796
-1.62322
-0.563979
-2.70465
-3.75496
-4.29684
-2.46506
0.731276
-0.159514
1.12083
2.16445
1.39916
-0.836188
-3.62771
-3.46465
-3.54275
-1.15967
1.30448
4.92367
6.82471
4.25966
0.997546
-2.51836
-2.50465
-0.811231
-1.01181
-2.64039
-4.25973
-4.50205
-3.36256
0.164462
3.68912
5.59353
7.29085
12.4753
19.2896
23.6539
24.606
22.4345
18.8441
16.9723
16.3357
14.5438
11.5572
8.19684
5.20745
3.43024
2.01913
-0.590129
-3.58808
-3.93609
-3.08316
-4.17382
-7.7871
-11.2183
-10.6631
-9.17236
-8.99131
-10.3642
-12.6602
-14.5908
-15.6475
-16.5541
-16.2333
-13.8828
-11.8516
-10.7806
-9.902
-9.33984
-10.1778
-12.6867
-14.9059
-14.3211
-11.8556
-9.6452
-8.55695
-8.55459
-8.36821
-7.10941
-6.54579
-8.49707
-13.1585
-17.3598
-16.7365
-13.7124
-11.6928
-11.574
-12.7779
-13.5118
-12.3065
-9.68076
-6.95569
-5.50574
-5.75406
-7.51749
-10.0765
-12.394
-13.9004
-15.0395
-16.2245
-16.7447
-15.1518
-12.6313
-11.3964
-11.6202
-12.7257
-14.7521
-17.2446
-17.3624
-15.6902
-13.9642
-12.2292
-11.2808
-11.9374
-14.0046
-16.0002
-16.7792
-4.96789
-4.0483
-4.87853
-4.84603
-7.30658
-6.52918
-6.38334
-6.84687
-4.5876
-1.882
3.86412
7.55267
7.58958
5.46214
0.322752
-4.94509
-7.86984
-5.83396
-5.45447
-3.59942
-0.201434
-1.50552
1.05314
2.57838
2.66685
0.639131
-2.6952
-3.87193
-4.15231
-4.5742
-4.95996
-3.414
-1.08253
0.85565
2.42643
4.50458
7.87763
11.7118
13.9092
14.0657
13.096
12.0935
10.8483
8.81772
6.41239
3.83471
1.04859
-1.25179
-1.89941
-1.27616
0.0227099
0.876203
0.112164
-2.27915
-4.27369
-4.95888
-6.31798
-8.47152
-8.80823
-8.22042
-8.9794
-10.3323
-10.5942
-10.6569
-11.6464
-12.1802
-12.2407
-13.9153
-17.6518
-19.7006
-18.154
-16.4799
-15.4631
-14.1746
-12.5876
-11.3972
-10.9841
-11.3537
-12.0257
-12.6959
-13.052
-12.3737
-11.1363
-10.8251
-11.5231
-11.702
-10.9935
-11.0635
-12.9057
-15.8141
-16.7299
-14.5674
-11.9559
-9.71202
-6.92974
-4.60638
-4.3491
-6.25273
-8.49628
-8.22076
-6.65382
-6.57841
-9.07351
-13.1488
-13.4676
-9.26735
-6.15152
-5.93814
-8.61716
-13.0968
-16.888
-17.1033
-14.6946
-13.385
-14.178
-16.2813
-18.0667
-17.5055
-3.05796
-1.74773
-1.90423
-1.84946
-3.94726
-4.77035
-4.53397
-3.81321
-1.89628
-3.79445
-1.94197
-0.0625005
-0.0537975
-0.261272
-1.87283
-0.318007
1.19893
2.26745
1.33131
0.97762
0.843918
-4.02205
-5.6116
-6.31988
-6.77093
-8.30353
-9.55729
-8.10648
-7.17175
-7.33164
-7.897
-5.16114
-0.000192423
3.42748
4.39129
5.12062
7.36569
9.07962
8.79805
7.91435
8.31023
8.67398
7.29771
4.99129
3.51195
2.39696
-0.24581
-3.9743
-4.36367
-1.43414
0.167341
-0.3642
-2.03313
-3.75495
-5.48841
-6.81631
-7.22989
-6.91091
-7.11929
-8.59089
-10.2507
-10.1374
-9.37192
-9.72475
-10.7667
-11.5912
-12.7015
-14.9581
-18.3558
-21.3388
-22.1681
-19.1031
-13.9629
-10.6131
-9.22199
-8.3838
-7.30441
-6.3583
-5.66627
-5.78536
-7.31516
-9.39367
-10.3468
-10.7288
-11.4984
-11.9298
-11.8336
-12.5233
-14.7644
-16.8853
-15.8687
-12.382
-9.66237
-9.12694
-10.5235
-11.6653
-10.9731
-10.4603
-10.6115
-9.87483
-8.59335
-8.32954
-9.37659
-10.8076
-11.2612
-10.981
-10.86
-11.1729
-11.7724
-12.6242
-13.7177
-15.0078
-16.9778
-18.7687
-18.4397
-17.4929
-17.7664
-18.0353
-7.95105
-5.17885
-4.05422
-2.63296
-3.80657
-2.45532
-1.38921
-0.86112
0.679512
0.231662
1.98485
3.50979
2.41478
1.80559
0.501032
2.1261
2.7057
2.14798
-0.504522
-1.39642
-0.555025
-5.40311
-6.69514
-6.38069
-5.18097
-6.48436
-9.41966
-9.47824
-7.26625
-5.41135
-4.93368
-4.56743
-2.91488
-0.844264
0.248727
1.21651
3.34989
6.30674
8.1734
8.30404
8.63875
10.9449
12.7462
11.9949
8.60852
3.91867
-0.1362
-2.74731
-3.32106
-2.75325
-2.35281
-2.47645
-2.2953
-2.04736
-3.27045
-5.70362
-6.15674
-4.34483
-3.38947
-3.1913
-2.02259
-0.327269
0.0906765
-1.68454
-5.334
-7.99128
-6.77243
-5.07618
-5.27237
-7.226
-9.81448
-12.0458
-13.732
-14.3183
-13.7157
-12.012
-9.62272
-6.95088
-4.75082
-4.05347
-5.4168
-7.75585
-8.78214
-8.98191
-9.93809
-10.8342
-11.5497
-13.4298
-16.4846
-17.5867
-15.1186
-12.0159
-9.52745
-8.34414
-9.05624
-10.9757
-11.997
-11.9622
-12.5512
-13.2979
-13.2128
-12.476
-11.3493
-9.98618
-9.04187
-9.32751
-10.832
-12.6044
-13.8687
-14.1401
-13.5813
-13.6328
-15.3466
-18.1505
-19.1817
-16.7299
-13.9519
-13.3302
-5.66041
-3.68573
-2.67172
-1.00548
-0.988038
-0.537146
-1.965
-4.59773
-2.63289
-3.32009
-1.26465
-0.334785
-1.60614
-1.363
-2.11469
-0.988679
-0.750066
0.140542
-0.586642
-0.953886
-0.308154
-6.26901
-7.04613
-6.51031
-5.81047
-6.99169
-10.0311
-9.01038
-5.06423
-2.1192
-0.862829
-0.290887
-0.240584
-1.0337
-1.69637
-0.445839
2.77079
6.0376
7.59026
7.04475
7.37155
11.4093
14.6995
14.6073
10.8848
4.59108
-0.511487
-2.29232
-3.14563
-4.45369
-5.78214
-6.717
-7.0451
-7.17305
-8.50515
-11.786
-15.5806
-15.4651
-12.7474
-10.0108
-6.62461
-3.11566
-1.44126
-2.09933
-3.60459
-3.67315
-2.8844
-3.19156
-4.83637
-6.27052
-5.91193
-5.65921
-7.56046
-11.1874
-13.4292
-12.701
-10.8181
-8.93828
-8.25953
-9.83573
-13.8416
-17.8305
-18.4859
-18.3272
-18.1212
-17.2668
-16.8334
-16.9022
-15.6003
-12.8909
-10.3786
-8.86515
-8.52601
-9.14004
-9.57189
-9.4173
-9.7892
-10.9097
-11.6779
-11.2737
-10.3885
-10.1558
-11.1962
-12.4943
-11.951
-10.7206
-10.7384
-11.4988
-11.8596
-12.087
-12.7797
-13.7987
-14.6871
-14.9349
-14.4331
-12.5253
-9.90412
-8.70987
-0.820356
1.1153
4.84919
9.26701
11.5961
11.6905
9.46163
7.69522
11.5436
15.8942
18.1131
17.3902
14.9106
13.9993
14.7257
14.1628
11.3633
9.14381
10.2399
13.003
13.8366
10.4735
4.73547
0.113985
0.293588
-0.208761
-2.50977
0.167607
5.98358
9.16449
9.89363
9.48537
8.30075
6.14334
4.28753
3.66986
2.50676
1.26154
2.01278
4.74067
8.155
12.3027
16.0541
17.4599
15.501
9.55594
0.379693
-4.29289
-2.05451
-0.0319852
-0.148258
-1.58717
-3.03612
-4.63115
-6.96835
-8.52849
-9.07146
-10.5118
-12.7358
-14.4578
-15.9024
-16.4732
-15.7023
-14.7752
-13.4221
-11.4889
-10.3895
-10.8013
-11.1144
-9.09408
-5.9867
-4.14776
-4.57153
-7.36167
-11.263
-13.3394
-13.1178
-12.6749
-12.5605
-12.5466
-12.4081
-12.0251
-10.8205
-9.08902
-8.6551
-10.5629
-13.8385
-15.6571
-15.5416
-14.7297
-13.7498
-12.9815
-12.7086
-12.3478
-11.1655
-10.4277
-11.7176
-14.1697
-13.4393
-10.4701
-9.05412
-9.48766
-10.0369
-9.0469
-7.81721
-8.18613
-10.1528
-11.6159
-11.4778
-11.414
-12.5617
-13.8222
-13.5431
-13.0561
-13.6503
-14.2448
-13.1564
-11.9814
6.05827
8.41042
15.0077
23.2296
28.2474
29.1617
26.1393
20.7851
18.7795
19.3756
19.9383
20.1517
19.8562
17.9974
14.7613
12.2211
10.7271
8.69309
6.15847
5.6744
7.01959
5.29893
4.02988
2.40969
0.776925
-0.806223
-1.45672
-0.493983
0.650252
0.772312
-0.522781
-2.75033
-4.82648
-4.43528
-2.03829
-0.592716
-0.768885
-1.3692
-1.43693
0.296107
3.4346
5.88275
6.31928
5.00648
3.61595
3.63859
3.94299
3.19065
1.63879
0.579092
-0.178245
-1.76619
-4.26178
-7.27361
-10.1991
-10.7801
-9.22158
-8.11492
-7.98183
-8.58508
-10.0013
-12.3388
-14.9396
-16.062
-14.5719
-12.378
-10.7382
-9.90217
-9.8581
-9.9325
-9.71332
-9.61661
-10.5648
-12.1925
-12.3679
-11.2215
-11.2741
-12.8151
-13.4846
-11.2916
-8.29586
-6.96438
-8.00466
-10.7687
-13.5977
-14.9538
-14.2972
-12.3135
-11.2983
-11.99
-13.5497
-14.667
-14.9891
-15.0469
-15.1629
-14.9761
-14.9221
-15.6854
-16.702
-16.0866
-13.9025
-11.9731
-10.9193
-10.4242
-10.1072
-10.375
-11.4837
-12.987
-14.0139
-12.8991
-10.2126
-8.1108
-7.54459
-8.00885
-8.36061
-7.72147
-6.36001
-5.54978
20.6483
26.0325
30.7317
35.6378
38.9385
39.2127
36.2521
32.204
31.9811
33.3156
33.2459
32.4069
31.59
30.1715
27.3036
24.1114
22.4114
22.5437
21.9889
19.6047
15.7729
11.7254
10.0286
8.74708
7.37045
5.5629
3.99303
4.12088
5.99654
7.20543
6.54277
5.11665
4.27499
4.55245
6.86189
9.98272
11.6547
11.256
9.4484
7.21366
5.04405
3.63673
3.41421
3.94043
4.22959
4.29698
3.97422
2.78482
0.791068
-1.14107
-2.24803
-2.75775
-3.32913
-4.65215
-6.49213
-7.30576
-7.04358
-7.37097
-8.75736
-9.94722
-9.542
-8.56678
-8.12278
-7.38059
-5.71622
-5.01844
-5.98755
-7.11578
-7.67649
-9.08725
-11.5576
-13.477
-14.0067
-12.3774
-9.63641
-7.93896
-7.49344
-7.46806
-7.56184
-8.21683
-8.93439
-8.68137
-7.86454
-8.00207
-9.71615
-10.9657
-9.10132
-5.97006
-4.32979
-5.0332
-7.83283
-11.433
-13.4664
-13.4731
-12.3536
-11.3058
-11.4717
-12.7995
-14.3635
-15.2986
-15.5649
-15.5742
-15.6141
-15.4228
-14.3679
-12.3769
-10.1722
-8.8102
-9.01415
-10.059
-10.4767
-10.2926
-10.3622
-10.6434
-11.0134
-11.492
-11.2233
-10.5378
38.514
40.0721
39.6391
40.6313
42.9693
43.3985
40.554
34.9998
33.282
37.7077
40.8257
40.9171
38.7852
35.8624
33.0695
30.3784
29.081
29.1144
28.3634
26.0969
22.5965
19.7287
18.4611
17.4032
16.2006
15.0106
13.2574
11.0178
10.0543
11.074
12.0264
12.1357
11.7349
11.3877
11.87
13.3018
14.8254
16.0629
16.5859
15.3807
11.841
7.90862
7.24813
7.14629
4.68566
0.964659
-1.181
-2.30897
-3.67703
-4.97571
-6.52004
-8.14011
-7.81466
-6.14131
-5.01883
-4.40248
-4.1092
-4.38853
-5.01109
-5.69771
-6.64988
-7.70344
-8.04257
-7.44284
-6.53619
-6.42426
-7.89466
-10.2569
-11.8679
-12.0384
-12.0406
-12.5655
-12.3379
-10.4473
-8.31395
-6.72321
-4.80721
-3.12769
-3.4091
-6.31215
-9.20891
-7.7153
-5.39536
-5.09205
-6.3245
-7.80306
-8.78698
-9.67028
-11.0156
-12.4486
-13.4184
-14.1351
-14.6779
-13.5837
-10.8566
-8.79385
-8.44915
-9.69488
-11.5662
-12.8789
-13.3296
-13.0767
-11.509
-9.91603
-10.2591
-12.3728
-13.7889
-13.4061
-13.2651
-13.796
-14.5989
-15.2626
-15.0834
-14.4453
-14.636
-15.2506
-13.5785
-11.1225
36.4971
37.2129
35.5456
34.8728
35.9719
35.7211
32.968
29.9996
32.1641
35.5602
36.2771
34.134
30.7705
28.8375
27.7435
26.2828
24.9031
24.2249
22.9836
20.128
15.796
10.8627
8.78058
9.49409
11.1916
12.0386
11.1515
8.83106
6.10665
5.85755
8.3728
11.7589
15.7141
19.0831
20.3838
18.9919
15.3527
11.78
10.6021
9.98856
8.22283
5.7335
3.53972
1.62375
-0.365529
-2.02649
-3.31357
-4.61223
-5.64184
-6.10815
-6.8299
-7.80385
-7.85203
-7.09248
-6.2747
-5.56702
-5.1853
-4.70111
-3.47818
-2.63003
-3.51873
-5.97627
-8.57801
-10.3464
-10.9218
-10.559
-11.2363
-13.6836
-16.1536
-15.9603
-14.267
-13.3125
-13.5241
-13.6179
-12.493
-10.5031
-7.73301
-5.52487
-5.24957
-6.73827
-7.44831
-6.17553
-5.38763
-6.0264
-7.41609
-8.4563
-8.94994
-9.77072
-11.6569
-13.3494
-13.1577
-12.6262
-12.7059
-12.6037
-12.2635
-12.4898
-12.6495
-11.8731
-10.6925
-9.92291
-10.0604
-11.349
-13.2799
-14.1718
-13.4648
-11.8409
-9.58283
-7.49672
-7.05364
-8.8492
-12.013
-12.6363
-9.61859
-7.39645
-7.23802
-8.31974
-8.76186
-8.21173
0.134973
1.03402
3.23125
7.48529
11.7701
15.9962
19.0395
20.598
21.4468
21.8049
21.9347
21.7863
20.8553
19.0567
16.9828
16.5354
16.1417
14.1612
11.4643
11.0157
11.2439
9.55304
8.43462
8.24162
7.90774
5.28694
1.16185
2.18021
8.90136
16.3842
21.438
23.5056
22.8686
20.5167
17.7759
14.9187
11.6331
8.67078
7.12825
6.22116
5.26558
4.51409
3.57609
2.05435
0.121685
-1.94253
-3.17376
-1.83462
0.103321
-0.152755
-2.94672
-5.66697
-6.10792
-6.95323
-9.16996
-10.2451
-8.93719
-7.20939
-5.98768
-5.94473
-7.25662
-9.43253
-11.1634
-11.4236
-10.5522
-9.87287
-10.4632
-11.6395
-12.6343
-14.1909
-16.8562
-18.6427
-17.5158
-15.2881
-13.971
-14.0875
-15.0819
-16.1389
-16.9482
-17.389
-16.9302
-16.1332
-15.7903
-15.2108
-13.9209
-12.8695
-12.8289
-12.8545
-12.1589
-11.5623
-11.1424
-10.5439
-10.0158
-9.72965
-9.39548
-9.58222
-11.1994
-13.5028
-14.2649
-13.5126
-13.216
-13.98
-14.8032
-14.1414
-12.723
-12.3699
-13.7576
-16.1082
-17.8858
-17.0065
-14.5395
-12.756
-11.8099
-10.6378
-9.57543
-9.4926
-9.64193
-9.05351
14.0633
16.2832
19.4564
24.0261
27.4943
29.663
30.767
30.5668
28.8766
26.591
26.4964
28.855
31.2179
33.3505
35.3422
36.1971
35.2423
33.2596
31.5135
30.0668
28.3053
25.4236
21.6302
17.5292
14.5806
11.8137
8.70602
8.0944
12.1555
18.4862
22.9532
24.4784
23.6738
22.0326
20.4333
18.1201
15.1137
12.6483
10.676
7.96572
4.37641
0.872333
-1.96603
-4.57892
-4.89917
-2.91694
-1.81237
-2.80994
-5.41124
-7.91934
-8.73373
-8.53503
-8.85575
-9.94506
-10.5224
-10.0367
-9.99987
-11.0253
-11.8998
-11.6302
-11.4119
-12.2664
-13.9714
-15.2176
-14.8735
-13.6426
-12.9516
-13.455
-14.8663
-16.6277
-18.0518
-18.625
-18.4882
-16.9942
-14.5652
-12.3202
-11.2114
-11.7127
-13.5446
-15.3597
-15.376
-14.8672
-15.331
-15.9011
-15.5457
-15.6673
-17.4215
-19.0631
-18.4438
-17.2109
-15.8013
-14.1275
-12.5322
-11.1115
-10.0141
-9.58145
-10.0007
-11.0979
-12.6094
-13.8509
-14.1716
-13.8117
-13.435
-14.0033
-16.0559
-18.7825
-19.5731
-18.2458
-16.7819
-16.0941
-16.5309
-18.0152
-19.6816
-20.3592
-20.0307
-19.1874
-18.0071
-16.3736
16.9033
18.9306
19.1969
19.4248
19.8298
20.5617
20.7285
20.3804
20.1594
20.8451
23.4874
26.4027
29.074
32.8285
36.7313
38.7127
38.2568
36.0191
33.1905
30.2204
26.8814
23.008
21.0375
20.2332
19.2343
16.6551
11.9269
6.14587
3.56545
7.71816
12.2815
14.7342
15.2273
14.1577
12.1885
11.51
13.4013
14.9477
14.2296
11.4959
7.76276
4.41764
1.39282
-1.60004
-2.98375
-0.855805
1.60291
1.89171
-0.307911
-4.0071
-7.69868
-10.8687
-12.6748
-11.5189
-8.64944
-6.96991
-7.33518
-9.27218
-11.3366
-12.2315
-13.0974
-14.6855
-15.9633
-15.5393
-14.6581
-14.9105
-16.2871
-18.092
-19.6485
-21.1981
-23.239
-25.2513
-25.5199
-24.4011
-23.7069
-24.0308
-24.4796
-23.5774
-21.8038
-20.0419
-17.8153
-15.8591
-15.8096
-18.1524
-21.422
-23.4105
-24.3453
-24.5714
-24.3835
-23.9326
-22.7291
-21.2779
-20.1473
-18.8669
-17.0409
-15.4848
-15.0773
-16.044
-17.5337
-18.0332
-17.6633
-17.0666
-16.903
-18.072
-21.0749
-24.0791
-23.4146
-21.2109
-19.9232
-20.0361
-21.3373
-22.908
-22.6997
-20.7475
-19.1923
-18.7119
-19.1748
-19.6869
22.1798
25.0231
25.9066
26.0653
25.414
24.2605
23.1988
22.8936
25.2867
28.3865
29.7774
28.8401
28.0751
31.9421
37.5563
41.2233
42.0358
40.6328
38.562
37.1885
35.8547
33.6849
31.0267
28.4386
26.0935
22.77
17.5739
11.3119
9.50303
15.6766
21.0084
23.2992
23.3166
22.6267
22.4548
22.635
22.5718
21.4406
18.5355
13.8639
8.76912
4.86453
0.785948
-3.65522
-7.55722
-10.8182
-14.2012
-16.4848
-16.9441
-17.6135
-19.1908
-20.3611
-19.1756
-16.6697
-15.3196
-16.4762
-20.1736
-23.7864
-24.1633
-24.0546
-25.7366
-28.1703
-28.9679
-28.0371
-27.5776
-28.6536
-29.9549
-29.5843
-28.5751
-28.2901
-29.1885
-31.0146
-32.2755
-31.4377
-30.1461
-29.6022
-29.5196
-29.3809
-28.2051
-24.7115
-18.6269
-14.058
-12.9771
-15.4205
-19.9252
-22.2482
-22.1013
-22.0471
-22.7118
-24.0003
-25.7814
-27.7044
-28.9418
-29.0065
-28.324
-27.918
-28.1701
-28.9985
-30.1225
-31.0678
-30.5503
-28.8751
-28.2242
-28.946
-29.8223
-30.1825
-30.401
-29.0242
-26.6381
-25.4959
-26.0961
-27.4845
-28.0659
-26.7631
-24.8046
-23.8166
-24.1726
-24.6988
9.59184
10.3507
7.99857
5.29922
2.54528
0.0189501
-3.41912
-0.397595
7.41157
11.0284
12.1584
11.0292
9.19871
9.78065
11.1795
13.5385
16.8206
20.5081
22.3803
21.6123
18.4812
14.4826
12.002
9.60498
5.97175
0.911257
-6.23876
-11.8058
-9.72732
0.0745693
9.00014
15.4139
19.1562
20.6248
20.1071
17.9052
14.588
10.917
7.15004
2.56871
-2.29887
-6.26834
-9.90873
-12.9651
-15.7318
-18.5796
-21.5821
-24.6894
-27.5658
-30.1627
-31.5975
-31.0371
-29.1225
-27.0883
-26.2562
-27.3654
-29.7719
-31.3038
-30.9819
-30.7562
-32.6057
-36.0382
-39.3255
-40.5615
-40.0956
-38.2468
-34.8756
-31.5149
-29.8934
-30.3949
-32.3862
-34.6802
-36.5587
-38.3746
-40.8995
-42.1229
-40.1923
-38.304
-36.539
-28.2511
-17.1855
-10.9983
-9.65878
-12.7611
-19.7131
-26.2147
-28.4362
-30.2788
-33.1147
-35.5115
-36.1084
-36.5182
-37.8664
-38.683
-37.7452
-37.16
-37.3912
-37.3717
-37.0269
-37.2814
-37.3279
-36.718
-36.5725
-36.94
-36.5869
-35.6481
-35.6952
-37.0019
-37.9365
-36.9296
-35.6335
-35.8319
-37.4257
-37.8404
-36.2169
-34.7263
-34.6785
-35.4527
-36.3173
-22.9788
-23.1132
-15.46
-24.6688
-24.7138
-28.0544
-29.6224
-12.9174
-25.1491
-16.2217
-9.89516
-11.9615
-12.162
-22.0456
-21.1869
-16.7781
-10.948
-13.2733
-12.786
-9.72387
-20.4797
-24.7798
-33.3219
-30.1627
-26.8204
-38.0505
-35.9348
-33.4698
-25.2645
-18.7109
-12.954
-9.41135
-6.25944
-4.38264
-4.59596
-6.69108
-10.2808
-15.1898
-20.8618
-26.6265
-30.5413
-33.2759
-35.8829
-40.0887
-45.7342
-48.1053
-47.2736
-47.164
-47.7332
-48.8776
-50.7493
-51.6381
-50.5914
-49.6925
-50.3894
-52.79
-54.179
-53.4685
-52.4649
-53.1911
-54.3636
-56.1079
-56.7175
-54.7212
-52.7943
-53.0004
-54.2244
-55.0783
-54.8502
-54.4052
-53.4373
-52.0824
-51.3821
-52.0153
-53.1749
-54.2883
-55.1152
-54.933
-50.4768
-41.268
-35.4889
-34.1214
-36.8535
-42.9402
-48.8041
-50.3793
-49.1403
-47.829
-48.1607
-50.0998
-51.8614
-52.0228
-52.0723
-53.1884
-55.1859
-56.2091
-55.9749
-54.694
-53.7644
-53.5428
-53.8648
-54.8272
-55.6693
-55.3262
-54.7112
-55.955
-56.8055
-54.738
-52.6534
-52.4613
-54.8609
-57.6088
-56.1647
-53.8948
-52.1831
-51.2539
-51.1895
-38.2391
-22.8641
-22.6685
-15.527
-25.7083
-26.0786
-28.9757
-30.7493
-13.3332
-27.4705
-16.9471
-10.0042
-12.2792
-13.4375
-32.8329
-38.2899
-28.0787
-17.5467
-29.3115
-23.9602
-13.0746
-43.9029
-38.7277
-52.2727
-32.0948
-27.8075
-45.4311
-41.0523
-46.3998
-38.0304
-39.4101
-32.3179
-34.0808
-32.9824
-33.2489
-37.3644
-40.2768
-40.2705
-48.0675
-45.4567
-46.6157
-53.0563
-57.509
-54.379
-55.5542
-59.9852
-63.101
-61.8096
-66.2564
-67.9018
-66.7688
-68.0024
-69.0094
-67.7354
-66.0791
-65.5396
-67.6416
-66.9792
-64.9464
-63.2496
-66.3228
-68.8851
-70.9977
-71.5802
-71.7408
-72.0341
-74.0233
-72.8148
-71.5
-70.6695
-70.9534
-71.9107
-72.5394
-71.5361
-71.8696
-70.5585
-71.0327
-70.9778
-69.5075
-67.1748
-60.9317
-56.1689
-55.2289
-57.544
-61.5249
-64.1619
-65.574
-67.3667
-68.4368
-69.2565
-69.3981
-68.4968
-68.7154
-70.0771
-71.3076
-71.3203
-70.6545
-71.1708
-71.5612
-71.6605
-71.358
-69.8733
-68.2835
-67.6395
-67.9839
-68.1648
-71.9537
-74.8117
-73.0706
-74.5513
-72.8669
-72.3096
-72.8985
-70.7211
-73.252
-73.4379
-73.4537
-72.8254
-43.139
-24.0178
-24.4822
-16.1781
-29.5157
-30.2754
-36.5231
-40.7187
-13.9799
-30.5046
-17.0012
-9.71931
-11.787
-13.3672
-35.5411
-46.6802
-30.7727
-18.2577
-33.1474
-24.6421
-12.673
-48.7397
-41.194
-69.4471
-32.2141
-27.8451
-47.9835
-41.847
-53.7971
-42.5491
-65.8388
-41.1478
-67.0894
-50.9746
-47.9469
-71.1668
-65.6201
-47.0667
-71.8223
-51.4436
-51.6269
-62.1976
-74.5339
-58.8103
-60.513
-67.2859
-71.8408
-66.5085
-72.4426
-72.8611
-69.2642
-69.8114
-70.2651
-70.7037
-71.3241
-70.7929
-72.9142
-71.9574
-70.9559
-68.9763
-72.0851
-73.3632
-76.2386
-79.2803
-79.5726
-77.0253
-77.2578
-73.7303
-71.6613
-70.4725
-70.5233
-72.236
-74.5073
-74.8673
-74.5366
-71.9092
-72.7786
-74.931
-76.3536
-76.6465
-74.4198
-70.1112
-67.6589
-67.5554
-70.1697
-74.1078
-75.7216
-76.557
-74.1986
-72.1082
-70.0249
-69.433
-71.4546
-74.4422
-75.8343
-75.5882
-74.2396
-75.6548
-76.9357
-77.0155
-77.4816
-79.3299
-80.6215
-80.946
-80.4287
-75.1448
-75.1346
-73.2727
-70.9563
-72.8381
-71.5781
-70.7897
-72.0471
-71.3035
-74.4011
-73.2539
-72.5206
-73.4344
