80
10.0448
12.8967
11.7929
8.70051
5.40035
4.78695
4.72679
4.82029
5.15848
3.60683
-2.39034
-7.88273
-2.14497
1.04615
1.72624
18.0318
42.8231
62.5063
71.2887
74.9169
74.0694
71.4043
71.1101
75.3785
79.5333
81.3022
80.4514
77.6196
73.9804
71.5143
71.973
73.0973
74.2571
74.7504
75.6527
76.1998
77.3659
78.8341
80.8213
82.5016
82.9102
83.3942
83.7186
83.901
84.4835
85.0589
85.9049
86.8394
87.8224
89.3424
90.9338
91.7469
90.7824
87.2684
80.3534
70.1289
58.0628
52.0005
50.5074
50.3727
52.9136
54.8662
53.9349
49.4554
41.555
31.412
27.054
23.8073
21.2569
16.0146
15.12
16.0584
12.5843
4.81377
-5.90386
-3.61985
1.42989
1.97648
0.952524
3.29138
3.4782
-3.6621
-8.23648
1.30705
5.91727
6.87927
4.24345
8.16265
14.9713
17.8064
17.748
16.2415
13.2395
9.73806
5.13621
1.664
2.61227
5.22794
5.56058
4.33082
4.08171
4.11925
3.98329
2.14251
0.979373
1.46234
0.481767
1.38834
4.88667
6.18416
4.00975
-1.18985
-2.03995
3.76876
7.52256
8.41092
8.98565
9.13774
9.93761
7.4481
5.07438
4.82871
4.43969
4.75554
7.46863
8.98424
9.33943
8.98536
6.82443
4.77477
5.79824
9.62109
12.3717
21.2863
40.7818
64.2203
79.0681
88.5245
94.2624
96.9965
97.9867
97.9906
97.483
96.9926
96.974
97.4443
98.139
98.7705
99.1247
99.3979
99.5052
99.5278
99.4201
99.4036
99.2126
98.8446
98.1918
97.3177
96.519
95.4343
94.4756
93.8209
93.2423
92.9958
92.9198
92.9246
93.0044
92.9286
92.4738
91.1755
88.1963
82.5402
73.1648
57.5571
33.7088
33.3481
38.3912
45.2341
56.3724
64.4888
68.5776
68.9629
66.1161
60.9657
54.6901
47.8935
39.6891
30.6902
22.4345
19.6941
14.4147
8.14628
8.96502
12.3334
12.7238
13.1602
16.9105
18.5296
17.2367
14.7032
12.9724
11.0099
8.45454
8.80629
11.6736
13.2107
13.088
13.2992
11.9825
9.25539
5.93806
1.16697
-0.851951
2.10035
5.23409
8.38483
10.8408
12.0533
12.7395
11.8794
7.38642
0.115474
-2.38944
-2.37362
-4.01638
-2.37698
6.1055
13.0987
15.6818
14.4339
10.6883
6.76667
3.41054
1.42453
-0.424583
0.447216
19.2174
12.7773
4.22995
-0.303978
5.52105
13.6208
18.9482
21.5646
22.0798
20.4465
17.6161
17.29
22.3105
26.8947
29.1261
30.8732
39.5145
53.6577
71.2657
81.0141
85.7323
86.6318
84.0117
78.932
72.8244
66.2725
67.3261
74.8157
79.2151
80.8974
81.4802
81.2993
80.7051
79.364
78.5997
78.3047
78.0468
75.6882
71.3434
67.826
63.328
59.8204
54.8069
50.4867
50.8863
46.8109
41.3936
42.2895
39.2052
39.6344
37.3623
37.6874
52.773
58.9552
58.3256
51.7508
41.8203
32.6758
31.3803
41.8858
52.9273
59.3366
61.0355
59.2501
55.3495
50.3443
43.3385
36.3516
33.4905
33.5634
32.5074
28.1484
22.2534
14.4278
11.4554
12.7291
16.1632
20.3093
22.5062
23.2666
23.7522
24.6037
24.3511
22.018
19.8663
21.6199
24.3121
25.5687
25.5792
24.6728
24.4148
24.5107
24.1091
21.8279
17.7454
15.4444
17.5533
22.7787
26.4942
27.67
26.2184
22.9005
18.987
14.5332
9.89992
6.28599
8.82018
16.1624
21.6669
23.9077
23.3735
21.2253
19.1939
18.4188
17.8238
15.9752
12.1767
6.56963
6.11149
3.26983
2.34998
1.43386
4.07053
10.3628
13.6277
13.9259
13.0676
11.9401
7.82235
0.419223
9.24809
17.0125
18.5438
27.8566
31.1798
50.5514
61.4676
67.0056
66.9433
62.6233
50.6184
34.5088
31.5173
28.421
33.8003
37.6628
40.2174
38.9104
36.0961
34.7041
27.6501
20.2537
29.2239
37.731
42.4418
45.0767
47.9136
44.9276
45.6155
42.7099
44.7584
47.0264
45.2814
41.5964
45.9216
46.988
48.9622
49.5844
48.4626
46.4431
43.0317
41.8278
39.9895
35.3901
23.9077
23.4057
32.4791
42.8256
48.8395
49.8492
46.7778
39.2631
28.6547
22.6897
25.127
26.2277
27.3854
26.8548
23.9023
17.2204
11.9375
16.5402
17.5735
15.1606
13.0031
12.0315
9.36534
8.14937
13.6089
17.0399
16.0949
10.4286
5.94922
11.7224
14.3135
12.8415
10.2044
11.3737
14.813
18.1346
18.7317
15.141
6.59895
-3.52803
0.898231
11.0942
16.333
16.3847
11.7114
4.90692
3.60091
8.23638
12.7537
16.4961
18.4455
19.1416
18.5249
15.5118
11.8833
10.9586
11.9698
10.3816
7.75027
5.5458
6.1122
7.89882
12.1554
5.29086
-0.160763
3.21688
9.91338
12.9523
13.3426
13.5447
13.8268
11.8496
6.4739
4.76445
12.0174
16.3992
16.1076
26.1475
49.1934
61.3932
68.506
70.4595
67.6647
56.7857
43.8104
20.9338
36.3975
38.9538
40.0285
39.6521
33.4828
33.7197
30.5183
32.3622
30.5876
37.3515
39.4705
40.6831
40.8065
43.6802
40.1405
47.7742
50.6615
50.6196
50.9948
49.0772
49.3101
48.1039
42.2818
40.6363
40.1493
42.1793
41.8336
41.0153
38.4353
35.5583
28.7545
16.4867
15.9725
23.3421
30.3951
40.1578
43.4185
41.7576
35.2147
26.3907
22.0441
18.5986
15.9536
19.3886
23.7901
27.1761
27.2561
25.1439
24.5185
25.4268
23.8464
19.0591
13.1377
10.4005
9.52674
8.61083
11.1587
15.4579
16.3283
13.226
8.8321
8.03326
7.10847
2.69213
1.93675
9.11724
15.382
17.5335
15.3997
9.59106
4.23421
5.16048
10.6109
15.0282
16.4833
14.0737
8.4172
6.09716
9.96628
12.9614
14.0684
13.5694
12.3811
9.9828
7.53539
11.1108
15.1818
17.8039
18.4398
17.1152
14.2377
12.5576
11.5604
10.1486
4.42641
-2.35132
2.86415
11.0007
15.5321
15.8789
12.7264
6.92305
1.0602
-2.25411
1.31479
8.40472
14.2639
16.5462
16.1486
22.424
51.8949
66.3365
74.6537
76.2996
72.8559
66.9069
61.2467
65.2728
73.1478
78.5467
79.5536
76.4438
69.4148
60.9115
53.772
46.2477
39.6548
39.7169
39.2959
41.1165
42.5615
46.7553
57.6897
65.9379
69.9012
70.7297
71.483
73.1134
73.8105
73.5732
74.7062
76.0216
75.9108
76.2117
77.0512
76.5334
73.4275
67.5964
58.7097
45.9497
32.2574
23.2862
28.9992
39.1733
45.2489
46.3857
43.0061
36.2338
29.8109
27.6499
25.4091
21.7848
20.0047
22.613
23.8344
22.9284
22.1418
20.8652
17.1824
8.75946
1.53598
2.87099
3.93777
3.76654
4.61246
10.6469
17.3677
20.1837
19.9727
18.1884
16.6673
15.2287
13.213
11.5029
9.56503
7.13465
2.139
-3.86645
-3.42452
1.13754
7.13307
14.339
18.4639
18.6265
14.8638
8.75151
4.23198
1.78629
4.2135
10.9972
16.1732
18.2891
18.3905
17.8759
17.8118
18.2344
17.8986
15.8587
11.6918
9.68026
9.92196
8.6248
9.01836
10.1772
11.8364
12.7455
11.677
7.90678
3.76496
2.24904
4.53434
7.08608
7.9358
5.13613
-0.752447
-0.913652
3.61035
20.4006
50.0487
72.9655
86.7734
95.3212
100.358
103.735
106.887
109.948
112.256
113.591
114.015
113.622
112.662
111.489
110.506
109.896
109.551
109.249
108.839
108.16
107.225
106.431
106.175
106.283
106.272
105.882
105.308
104.618
103.674
102.579
101.319
99.7787
98.0045
95.7906
92.8969
88.9512
83.4031
75.3563
63.9111
48.7095
30.8866
28.8532
26.6586
33.3977
45.8694
54.2343
57.5794
56.7965
53.2974
49.0949
45.2342
38.9745
31.5379
32.9401
35.5617
34.0667
28.7724
22.0465
15.3218
6.78789
3.4413
6.08073
7.94285
10.7458
12.5579
12.7904
11.998
9.88993
4.5745
-4.13454
-5.8027
-1.28456
-1.79994
-6.12178
-6.22915
-6.00151
-4.99833
-1.99749
0.551778
1.78818
6.45595
10.8996
11.8097
8.73816
2.6788
-2.59699
-3.23386
-2.84123
-1.1268
3.96171
7.87152
10.1374
12.1571
15.8002
18.8793
18.8293
15.2815
8.35502
1.11856
-3.20559
1.67987
4.86485
-5.38748
0.0984988
0.941492
0.640828
4.70888
8.94752
9.0673
6.67501
5.05351
5.35381
3.43868
-1.29847
-2.24884
0.235423
2.05088
23.7677
45.4795
66.7825
86.5741
100.334
109.13
113.914
115.548
114.673
111.973
108.242
106.193
108.32
111.18
112.625
112.82
112.369
111.653
110.779
109.689
108.354
106.809
104.963
102.677
99.9366
96.9553
94.3714
92.2364
90.3972
88.7008
86.4914
83.6893
80.6322
77.2758
73.9013
69.7336
64.6096
59.8241
55.4812
48.0501
36.1255
23.6405
20.4061
26.0651
35.2508
46.791
54.3562
58.371
59.3561
57.4389
52.7456
44.9774
36.4788
36.0284
40.858
44.04
43.9678
41.1207
36.4351
30.8046
23.9546
19.4766
19.286
18.8181
15.9108
10.254
1.93315
-10.5547
-11.3649
-7.46196
-5.61304
-4.50395
-2.39222
-0.480912
-0.720019
-3.264
-4.22464
-2.72329
-3.18441
-5.19043
-4.04899
-1.43114
-1.14952
-0.476607
1.521
4.36203
4.0496
0.750758
-1.1842
-0.0532082
3.34148
5.34595
5.49925
4.87433
6.98576
9.35717
9.68717
7.73916
4.74152
3.23381
2.32327
2.60214
2.52005
10.8228
11.1769
9.00814
5.72535
3.36398
4.28537
6.42631
6.79198
5.57479
4.36317
4.77868
6.88043
8.44787
8.95318
9.008
27.7886
44.821
63.7962
80.0967
91.0216
96.3107
96.8132
92.6209
84.4327
74.714
73.8449
76.0929
74.5145
68.7436
60.9658
56.1576
53.231
46.7763
45.4675
44.9203
37.1196
36.2687
40.5402
41.6731
35.2754
40.8632
40.1719
29.2743
36.314
35.855
37.4029
35.7802
34.2068
31.0946
25.2255
25.8366
21.6569
29.0114
30.6434
27.0866
21.5841
22.309
22.7386
22.4946
24.3472
28.6631
32.5092
32.7657
33.2405
35.3053
36.1501
33.2208
29.1344
29.1149
30.0238
28.6626
24.6017
19.837
22.3303
25.661
26.0419
24.4854
23.5623
21.3365
15.208
5.82649
-1.78514
-4.05468
-0.827317
2.51855
1.48535
-3.55294
-7.27957
-1.86113
2.08016
1.83297
-0.942339
0.00817764
2.54357
1.8741
-2.26306
-4.44099
-1.66423
1.70528
3.94548
3.43643
0.764547
-2.91794
-6.62968
-3.56703
1.8249
4.90716
3.83822
-1.11603
-4.91987
-3.45742
-3.3546
-5.64215
-4.65428
0.367557
4.52139
7.43934
8.29749
15.9647
15.1706
13.1098
10.1487
7.22143
6.92199
9.77178
11.8721
11.3587
8.51917
5.79295
4.80898
3.46917
1.29369
1.64537
22.6215
45.4823
63.9286
73.3469
77.9282
77.3019
71.6145
62.0789
45.2351
36.8875
40.0056
43.1633
40.5939
39.4345
31.917
39.1487
38.8833
36.4544
31.713
33.4086
33.3893
31.6047
34.4926
34.5103
41.7595
40.8717
41.9705
44.3225
40.8107
39.8786
35.7928
28.8898
24.2001
27.4686
26.5128
24.9814
25.2603
32.2479
35.9935
36.1153
33.4345
30.3307
27.9032
23.4915
24.4862
29.2877
31.0766
29.6778
25.9414
22.6155
20.9895
20.5267
18.7296
18.239
17.4523
16.8244
18.3329
21.5956
23.6386
23.4918
21.9832
20.5386
18.2425
14.0882
8.74498
4.07783
1.94277
3.08391
5.24766
6.93594
6.09586
1.2821
-7.75606
-9.487
-0.206748
5.74792
8.72927
9.93248
10.9352
10.5782
7.30407
1.6291
-0.951665
-0.51284
-1.01706
-1.43563
-0.827182
-0.321151
0.179061
0.334405
0.391137
0.836769
0.884927
-0.242687
-2.14322
-2.89754
-3.18398
-2.71397
3.08166
8.99979
12.517
13.6581
12.9614
11.9249
12.3185
11.0447
9.83171
10.6548
12.1783
12.9511
12.1326
12.1362
13.722
14.8009
14.3171
13.6724
14.9913
17.5018
20.763
36.94
48.3455
55.8134
57.2582
54.5126
48.6225
43.4
46.4555
57.0734
61.5869
61.4402
56.2204
44.284
31.4431
29.0708
30.2812
28.4271
24.8029
26.0196
27.3227
28.7054
31.5521
28.576
22.189
37.0592
43.6414
41.6075
42.8808
45.8783
45.0728
46.2085
49.1741
51.2338
52.7725
53.8329
53.8698
52.5756
49.2144
42.084
31.669
19.6435
15.8185
18.8332
24.4111
26.5909
25.5062
22.3712
20.0564
19.8866
21.3345
21.7532
20.1755
16.9522
14.3909
14.9044
17.6997
19.1455
17.108
11.4928
7.94117
9.87782
12.801
16.0199
17.8423
18.3289
17.6261
16.3555
16.0149
16.2125
15.2594
11.9822
6.77017
3.57341
2.4664
4.37496
7.432
10.3928
11.7066
11.6466
11.4199
11.9045
13.5437
14.6285
15.0432
14.8336
13.4263
10.6698
7.85792
7.78833
9.97611
13.0773
15.971
17.4446
17.3201
15.848
14.2101
14.2395
16.6427
18.4566
18.2638
16.5657
14.4577
-1.31662
-1.95886
-5.20165
-9.37007
-10.9782
-6.36958
-4.65888
-5.27573
-1.99557
2.27235
2.10711
-1.07374
-0.353394
3.96545
6.44276
11.8318
22.8669
39.5571
51.6701
58.4471
61.9911
68.0469
73.5106
78.0245
80.8863
81.6577
79.775
75.094
68.0443
61.0951
58.6521
57.7517
57.626
57.9164
59.3062
60.8191
62.1316
63.1588
63.3567
63.6495
63.6022
63.9878
65.6168
65.602
65.2935
65.3571
64.6534
63.6793
63.1255
61.9478
59.282
55.7003
50.6156
42.3478
31.8421
21.1386
7.54713
0.701464
-0.602085
8.66555
15.5207
16.615
14.3152
13.3042
15.4706
16.3298
15.902
12.5126
7.84154
4.43874
0.0740623
2.0569
5.71591
6.52767
3.22727
-2.43323
-5.01867
-3.04082
-0.0133032
2.83227
2.24958
-1.31506
-3.76607
0.693925
5.24012
5.40375
0.295631
-4.99062
-2.12536
0.827182
-0.201985
-2.82185
-4.46349
-5.14072
-1.91215
2.19504
4.76556
3.60912
0.0732856
-1.57329
-0.949923
-1.371
-5.11507
-9.67794
-10.3373
-8.15426
-6.32948
-4.71264
-0.977519
1.86554
1.45048
-2.74544
-5.22439
0.890513
5.33018
4.81928
-1.40938
-8.54029
-7.99559
-6.33627
-3.24372
-1.24059
-1.20886
-1.848
-2.02461
-1.2619
0.418899
2.5064
3.62486
2.29138
-1.2847
-5.58192
-5.83326
11.2025
14.8767
35.9665
52.7066
62.7191
70.1041
73.7825
75.623
75.7811
74.2965
71.9788
70.5394
69.9173
69.1332
67.722
66.2815
65.2201
64.1829
63.4971
63.1648
63.2644
63.1493
61.9507
59.7993
55.5045
51.8334
50.0206
44.4771
45.1946
45.8219
41.9825
37.1522
35.0208
32.8477
31.5401
29.3941
18.2768
17.0973
13.6458
1.09976
-0.344691
0.63467
2.13172
1.699
3.62036
7.59148
10.2242
12.992
14.5479
15.9367
18.8065
21.585
22.7426
20.3038
13.5918
2.87735
-0.762755
6.45168
10.8584
11.731
9.17069
4.6768
0.243923
-1.87041
-4.05198
-5.28373
-5.00448
-2.67393
1.11193
3.48991
2.77115
1.53091
2.18807
2.70146
1.35352
0.330524
0.487202
-0.555018
0.224714
4.2101
7.28482
6.922
3.83313
-0.190061
-2.04846
-1.69478
-1.71613
-2.81542
-5.90568
-9.009
-8.88825
-8.44616
-10.3152
-12.6895
-13.0085
-9.13682
-2.06845
3.28681
4.92766
2.80857
-2.37008
-8.26087
-10.6082
3.29538
4.49161
4.06924
1.57291
-3.121
-7.18872
-3.96415
-0.829232
-0.391541
-0.268084
0.640176
0.56599
-1.94793
-4.81719
-2.25746
5.07004
13.4085
39.398
46.9317
52.2808
51.7052
46.659
33.895
29.781
31.6972
31.6876
31.8301
28.728
28.4324
23.3298
18.797
18.8787
15.1162
14.7398
12.291
19.5718
25.5974
29.0691
27.3114
26.8665
19.9729
24.4781
23.8383
23.3102
24.4846
22.2224
23.1856
23.3407
20.7851
14.6511
11.231
7.15834
10.0215
11.9052
9.78869
7.66335
1.23086
1.08424
1.59207
6.03651
8.56941
8.38362
7.58375
11.1181
14.1451
15.5589
19.4606
22.3354
21.3244
15.838
7.4185
4.13399
2.94045
2.47213
2.90416
3.83287
4.22116
3.90528
1.64587
-2.47407
-2.51033
-0.0664037
-0.139412
-2.5455
-4.59996
-5.36995
-4.26895
-0.738888
1.30561
0.685984
1.37443
3.21524
2.88566
-0.453764
-5.07879
-8.70932
-10.3286
-12.3745
-12.8353
-7.1133
-1.19138
0.342462
-2.81324
-9.00665
-9.39198
-6.21511
-5.06089
-4.53466
-3.88687
-4.80637
-8.07101
-6.79459
-1.79643
0.44696
-1.24106
-6.2746
-9.70073
-7.61692
-8.767
-5.23637
-1.05717
0.878439
-0.744778
-6.0606
-9.48449
-5.63823
-1.54822
0.28924
-0.321596
-2.27972
-3.80755
-3.61499
-3.01369
3.72765
21.6455
34.4292
41.3496
43.3223
40.9377
31.0868
25.5818
24.239
37.6166
43.5349
44.7247
40.8193
31.7714
13.3361
16.122
19.243
15.4548
14.1022
18.9697
21.5147
24.2251
26.2105
26.1327
24.9673
20.4574
25.1834
24.7101
22.5546
23.93
23.0257
22.701
22.6903
22.1003
26.8567
27.4024
31.509
33.9233
32.4317
27.7803
18.9618
9.04526
1.39936
5.48947
12.6307
16.3748
15.2676
11.7818
11.788
18.9177
24.0313
24.7272
21.3696
15.1961
10.5462
10.5531
10.3847
7.89625
3.23123
1.42282
4.0416
7.71941
8.96196
7.37652
3.23551
-0.196292
-0.346486
-0.24624
-0.544849
-0.161368
-0.425617
-3.5428
-5.3852
-0.326543
3.57618
3.07263
-1.29582
-6.32339
-7.65678
-9.12707
-9.11625
-7.72016
-8.08132
-9.58295
-8.38592
-6.65588
-7.61642
-11.5154
-15.8407
-19.1387
-21.4141
-18.4332
-14.8863
-11.8631
-10.607
-11.748
-14.8712
-15.1186
-13.5546
-14.1056
-15.5098
-14.3107
-12.7629
-6.48919
-3.36646
-1.74555
-3.28481
-7.40406
-11.7832
-13.9363
-12.3194
-6.76051
-3.63567
-4.1533
-5.7538
-4.14438
-1.91942
-0.655532
1.28534
19.2917
32.2409
41.0534
45.9308
48.6756
52.2853
59.9195
67.2688
72.4668
75.177
74.9794
71.7917
65.771
58.9523
55.2611
55.4282
55.095
53.2208
50.3409
46.8382
44.8417
45.9659
47.9244
48.9383
48.9661
49.0674
50.0255
51.0932
51.6204
52.197
52.5021
52.526
52.3788
51.5919
50.5827
47.7966
43.0949
36.6922
26.7302
15.1865
2.3582
-2.46658
1.88578
9.95453
14.7059
17.6807
19.4248
21.5815
24.9819
27.7297
28.0212
26.454
24.7332
23.8282
21.5436
17.6523
12.4866
7.81778
4.379
3.9832
4.14767
3.53648
2.99096
3.8518
4.71106
3.73007
2.89032
5.7365
8.40697
7.51496
3.70399
1.05557
2.43132
2.88487
0.972745
-2.6651
-5.69247
-5.60935
-4.15412
-4.86857
-6.70331
-7.14167
-6.57092
-6.65818
-6.84382
-6.90151
-7.82513
-10.1305
-12.1369
-12.6986
-12.5546
-10.7078
-8.29189
-6.76303
-7.76387
-10.845
-14.336
-16.1471
-16.7553
-15.6917
-13.572
-11.7083
-12.0539
-13.0373
-7.7528
-3.6977
-3.36045
-7.13087
-14.9779
-22.1157
-22.8017
-16.2077
-10.6852
-7.44783
-6.09651
-5.05038
-3.76815
-0.805025
7.25958
23.5064
38.482
52.9037
61.7692
67.3218
70.5989
72.2596
72.6411
72.1406
71.4862
70.8602
69.8879
68.4639
67.182
66.306
65.1921
63.3155
60.5338
56.9881
53.3549
50.7994
49.3998
47.8858
46.2453
45.3551
44.2788
43.7656
43.6851
42.8766
42.0063
40.3657
37.8649
35.4377
29.2509
23.8789
22.2203
13.6493
5.59626
4.27471
-10.9268
-16.0518
-7.98781
-4.1708
-2.77002
3.49634
11.8817
16.3837
18.7595
19.6435
21.6269
22.7223
22.3916
20.7351
17.6508
13.236
8.51165
5.37475
4.68952
2.9678
-0.738055
-4.02378
-3.63308
-4.10804
-5.42118
-5.62234
-1.67207
3.43282
6.04427
4.85856
0.50688
-2.75148
-2.1595
-1.10918
-1.46609
-3.90561
-7.95493
-11.0466
-11.5509
-8.75374
-7.25103
-8.06465
-9.94021
-10.7733
-10.96
-10.2526
-8.0122
-6.08267
-4.87011
-4.11308
-4.58804
-7.17241
-10.6545
-13.8818
-16.4163
-20.142
-19.7636
-15.3724
-10.7794
-8.18173
-7.61744
-8.08864
-19.4755
-13.7042
-8.44674
-6.90692
-9.47272
-15.7632
-20.1523
-20.6417
-21.1928
-21.943
-21.8892
-23.8743
-26.3849
-24.43
-20.4463
-12.0021
13.469
33.7302
41.5421
47.1473
49.0975
47.0497
41.991
36.0434
31.6988
27.85
30.0384
32.2735
31.6349
27.7645
22.4502
20.7297
16.1716
13.9537
14.0284
17.1173
16.1288
15.9131
17.2009
19.3571
15.3648
16.6715
8.04592
1.27072
9.15742
6.60396
11.3202
8.94751
5.53606
7.63585
5.26439
-1.0216
4.62109
-1.30775
-8.27285
-8.12319
-23.752
-10.8459
-3.0938
5.17859
9.42462
9.609
8.15204
5.85702
2.64418
4.14179
5.19862
5.73424
3.88411
-0.791135
-5.56843
-9.86588
-13.2401
-9.98533
-6.06298
-3.53693
-2.75143
-3.8058
-6.85283
-11.209
-14.476
-13.9248
-8.94895
-4.97406
-4.5912
-6.32205
-7.36943
-6.77922
-6.75226
-6.76456
-8.06214
-8.12769
-9.15391
-12.7918
-19.2334
-22.8532
-20.1249
-19.593
-15.8486
-11.4653
-9.45719
-11.5673
-18.9439
-32.0507
-34.9314
-20.6555
-13.1528
-8.27234
-4.77613
-2.55024
-2.46103
-4.76485
-9.41675
-13.2933
-13.783
-11.5011
-7.35328
-3.68029
-13.8812
-13.5552
-13.3263
-14.2445
-16.9346
-22.7086
-27.8566
-27.7859
-25.0003
-23.3594
-23.6684
-22.2323
-18.1986
-13.2003
-7.85574
-3.97947
8.17529
24.8898
29.7373
31.1373
29.3995
21.7266
11.6706
6.12728
17.434
26.4027
29.3033
27.5659
21.4236
9.16331
3.30984
-3.06804
2.06875
10.0931
7.51333
2.59552
9.89807
13.3244
14.1322
14.5783
12.9155
17.353
14.3376
4.11099
5.58329
4.64201
8.70676
7.25002
8.18728
14.2231
17.0108
16.8107
16.6934
8.78725
-2.36775
-5.03181
-15.6196
-8.89576
1.99342
8.80197
10.5023
7.33363
-1.04041
-9.50724
-3.62589
-1.23217
-0.0802394
-0.975257
-4.12459
-10.5137
-23.1642
-20.8125
-13.5109
-9.66974
-8.70553
-8.81877
-6.78678
-4.31249
-2.53489
-4.10584
-9.5369
-15.7478
-15.5552
-13.2137
-10.2596
-6.05383
-3.33011
-3.25274
-5.31029
-8.55408
-10.4435
-10.5408
-9.84094
-11.5126
-15.8733
-17.6546
-14.9016
-11.7932
-8.76157
-6.38213
-6.99488
-10.7126
-15.054
-15.8053
-14.3261
-10.5226
-6.12239
-2.73156
-0.336718
1.26598
1.42397
-0.613988
-4.8309
-10.1977
-14.1618
-12.9294
-6.03553
-0.328889
-15.3709
-15.9848
-17.4419
-19.3536
-22.4435
-26.9457
-30.9037
-26.3372
-22.1294
-22.1485
-25.3557
-26.8157
-23.3653
-19.5449
-15.5743
-10.0719
-4.92283
18.356
14.7859
18.1639
21.9775
27.7468
37.1005
45.2005
51.1099
54.2235
54.1869
50.4502
42.6219
30.8262
23.3777
23.5717
24.7083
27.2592
26.4233
26.5414
26.8064
26.5565
26.0027
26.657
26.5479
29.3599
31.7328
32.795
34.0109
34.7634
35.0036
35.307
34.4645
32.9499
30.8613
27.828
22.264
14.0352
3.26896
-7.0358
-16.8548
-16.6187
-2.04902
6.68083
9.85405
8.15762
1.29842
-8.82087
-11.7978
-3.13586
0.0456226
1.6275
-0.470032
-6.72476
-16.1718
-24.1102
-16.4739
-10.8116
-7.55498
-7.93933
-11.3514
-11.7837
-9.14537
-9.21737
-12.4654
-13.6337
-7.11674
-2.87594
-2.96251
-7.00211
-13.3475
-18.5152
-19.5332
-13.8608
-9.20481
-7.7817
-9.48915
-13.7663
-18.8669
-21.9059
-19.124
-15.9585
-14.1597
-12.5798
-10.8326
-10.843
-13.3636
-14.0648
-11.3315
-10.3177
-9.32325
-5.70373
-2.38135
-1.66076
-3.61917
-7.13911
-9.38898
-11.214
-15
-20.8349
-19.6149
-16.6632
-19.4057
-26.3618
-29.8218
-26.3801
-23.2678
-21.8408
-19.4582
-17.4972
-15.8799
-14.0079
-13.1607
-14.3905
-16.841
-18.5963
-16.8191
-6.55653
2.84939
25.7366
29.4899
36.5153
39.7436
42.013
45.0397
48.4121
50.4176
50.7576
49.9413
48.3722
45.9952
43.287
41.2509
40.1201
39.0933
37.94
37.1252
36.0765
34.6162
31.4165
25.7608
21.2517
18.9739
22.6737
23.3699
22.4139
23.0847
22.1548
21.7253
18.4112
15.0454
14.1812
10.0019
-1.88835
4.98914
-5.04769
-10.619
-2.93027
-13.9127
-7.62562
0.030312
6.53449
8.28706
5.69217
-0.501391
-6.9668
-10.8354
-8.90805
-4.56047
-2.38297
-3.75946
-9.71087
-17.1455
-12.8841
-6.33219
-2.84421
-2.49353
-4.66414
-7.80855
-10.2334
-12.811
-15.6513
-18.0339
-16.0483
-12.2526
-10.525
-12.1527
-17.2075
-23.8741
-24.1841
-17.9443
-12.133
-9.24666
-9.51999
-12.1084
-13.1555
-11.6464
-12.2145
-15.227
-19.0345
-19.8436
-16.8119
-13.519
-11.9761
-12.2313
-12.3937
-11.134
-10.8837
-12.9294
-13.5901
-11.4974
-10.1806
-10.8569
-12.3259
-14.5839
-17.5377
-22.0442
-26.9898
-27.8709
-24.3422
-14.3733
-21.6367
-28.6874
-30.1264
-27.8691
-20.3344
-13.3007
-8.91418
-7.94589
-9.29568
-11.4701
-14.6419
-17.5121
-16.8178
-13.0945
-8.08336
10.5455
26.1033
36.0177
40.0029
39.7772
34.6428
24.9714
18.4301
17.1688
16.1351
16.4265
15.4509
14.5617
16.0689
17.0391
11.9984
4.63971
13.8213
4.92006
0.709242
5.96882
12.7929
15.0869
16.9542
16.0294
14.6469
16.162
9.35832
7.92946
3.02573
4.27825
4.70916
0.132423
1.4029
3.17871
-0.189957
4.75133
0.829321
-3.3004
-3.14839
-9.41792
-11.9369
0.451149
6.93685
8.91965
7.3661
4.23843
0.329436
-3.23022
-6.79948
-8.22778
-11.3027
-14.4783
-11.6246
-9.82446
-8.1173
-7.2714
-7.39871
-6.81651
-1.93061
1.34511
0.941289
-2.39404
-5.43086
-4.63414
-2.93825
-3.27891
-6.43846
-12.8026
-20.0175
-20.2645
-14.703
-11.038
-9.08237
-9.06374
-9.51091
-8.81883
-7.553
-7.19258
-7.63558
-9.16146
-12.7441
-16.6543
-13.7866
-6.15107
-1.20808
-0.049103
-2.73074
-9.06291
-15.8898
-14.6561
-11.4592
-10.062
-9.56361
-8.54408
-7.20384
-7.04636
-9.01757
-13.1915
-19.1082
-20.3142
-16.0708
-19.8036
-21.5709
-21.2727
-23.0915
-22.7346
-19.5709
-15.5067
-12.3955
-10.5608
-11.1248
-13.6351
-15.575
-15.5768
-15.2095
-14.3268
-7.8605
5.94692
23.969
25.2913
27.6299
26.5941
23.236
22.4713
32.1861
39.3617
42.3849
41.8765
36.8034
28.5077
17.9707
14.4576
8.82834
3.94425
14.0307
6.88407
10.6597
16.9606
18.5638
19.1656
23.9976
27.3268
31.9802
32.761
30.6134
29.4646
28.7261
28.8234
28.4705
27.4729
27.2038
27.0814
25.0531
23.1111
17.3415
8.79077
-1.92131
-14.637
-7.45708
3.53939
11.5172
14.4342
12.5044
5.37334
-5.95872
-12.4102
-16.0568
-17.9956
-17.0925
-15.4767
-14.7236
-15.3326
-14.5436
-13.218
-9.29749
-5.87321
-4.95715
-6.77208
-10.8808
-15.8223
-16.9176
-11.6365
-6.77111
-4.43549
-5.70265
-10.5006
-18.8356
-26.473
-24.6226
-22.6948
-20.3535
-17.4837
-14.7584
-14.6657
-17.3423
-20.6399
-20.4077
-18.4635
-18.3351
-20.0103
-19.5748
-16.5744
-12.0077
-7.3552
-5.20305
-6.82099
-11.7885
-15.8665
-15.3593
-15.8
-18.6966
-21.3787
-21.3291
-21.0851
-21.5255
-22.2004
-22.0888
-21.8737
-20.6409
-19.4489
-19.7382
-18.8984
-20.3435
-20.5056
-17.5613
-15.4494
-15.0368
-16.1243
-16.3417
-14.6039
-12.2285
-11.4521
-11.6012
-10.4367
-0.921094
16.2982
32.6941
39.8013
50.0211
58.481
64.1712
67.724
69.4459
69.8135
69.6197
69.7437
70.3392
70.5425
69.8094
68.2057
65.9783
63.5087
61.0624
58.6949
56.9027
55.2322
54.0394
53.1384
52.3192
51.3831
49.1393
46.0794
42.8322
40.7183
39.184
36.6114
33.909
31.7538
29.969
26.8256
21.0504
14.07
8.79796
3.75668
0.53976
-4.2217
-1.38851
7.95889
15.2368
17.6433
15.2449
7.55019
-4.96966
-11.4735
-13.4332
-15.9423
-13.9453
-10.0184
-7.73975
-7.66059
-9.8275
-14.1396
-17.7539
-18.3751
-16.4203
-15.3752
-16.1664
-16.7846
-16.0407
-13.9707
-11.8357
-9.90111
-8.52763
-9.23608
-13.1243
-19.4046
-20.9644
-15.4457
-9.43474
-6.99001
-7.69366
-9.41607
-8.95214
-8.02776
-9.11899
-11.7655
-13.3683
-12.3296
-11.097
-11.5561
-12.4674
-13.1211
-14.2792
-16.9427
-19.323
-18.1296
-12.444
-8.04195
-6.61606
-8.13241
-11.5898
-14.3575
-14.9939
-12.8649
-9.00676
-6.16831
-5.52501
-14.7616
-18.7311
-14.038
-5.97192
0.292263
3.33608
2.89799
-1.32437
-8.25442
-12.3395
-10.6598
-9.8696
-10.3814
-8.62158
-5.99849
-2.18423
22.6549
43.7787
57.8879
66.033
70.0743
70.6293
68.5438
64.6748
59.4335
54.2516
56.3235
61.7855
65.1845
66.0508
64.9522
62.461
59.0057
55.4558
52.8302
50.3123
47.6765
44.55
40.3351
37.5022
31.6064
28.2382
22.9211
17.9069
15.9967
13.0318
13.2998
13.899
10.71
7.26546
8.03979
0.401094
5.51985
-1.55732
-2.64597
0.596563
-1.43183
-1.78044
7.84773
15.5218
18.2068
15.9472
8.51034
0.0307562
1.49145
2.6133
-1.04521
-7.05593
-8.93614
-5.5277
-4.1653
-3.66543
-3.2212
-3.98925
-7.58395
-13.0219
-11.3535
-5.81439
-2.49523
-2.03002
-4.17481
-6.54579
-5.29037
-3.2228
-3.96759
-7.26069
-10.6256
-10.7703
-6.00867
-1.09316
1.33912
1.13618
0.0528817
-0.881767
-2.54607
-5.85502
-8.48822
-6.3456
-2.1078
0.232036
0.465367
-0.999166
-3.92344
-8.23647
-11.5473
-10.8076
-8.43238
-6.06058
-2.99448
-0.516807
-0.129792
-1.33576
-2.75062
-4.46789
-7.29843
-7.10178
-2.74526
0.570084
-15.5384
-20.0773
-19.8189
-17.3931
-12.4167
-9.41553
-9.78721
-12.6629
-16.1983
-18.8727
-21.9587
-25.0437
-25.2537
-25.3587
-22.9299
-15.5095
16.671
37.6921
51.0074
57.5415
58.7628
55.0223
45.5465
39.2844
47.4284
52.2994
53.2228
50.6215
45.1133
37.8539
33.5963
30.1346
25.9364
25.6725
21.3316
24.949
28.1716
28.7348
25.7361
25.6516
23.3
22.3681
23.1641
23.8626
23.4919
26.1806
27.5916
28.5341
26.2382
26.4056
25.5064
23.5369
20.3958
11.9989
2.2004
-2.60461
-8.63831
-2.644
7.17225
14.4679
16.5233
13.6579
5.84165
-3.20944
-2.48325
0.740779
0.799083
-1.62043
-3.1257
-5.07418
-8.44334
-12.4462
-9.87905
-7.51253
-8.3235
-11.2848
-13.1688
-15.2644
-17.2367
-19.84
-19.6824
-16.7351
-11.6072
-7.89539
-6.96357
-9.55729
-14.337
-16.7383
-16.2455
-13.5686
-12.3281
-10.4768
-6.56433
-3.71272
-3.89201
-7.05133
-11.8964
-15.6845
-17.5155
-18.2067
-19.5807
-19.9127
-18.7989
-18.7724
-18.5599
-17.0889
-16.1581
-17.4423
-18.84
-16.5012
-12.9086
-11.3483
-12.5893
-14.2931
-14.4884
-14.6265
-14.602
-14.4753
-21.8268
-27.9951
-29.0461
-28.2657
-24.0199
-17.6928
-12.3873
-10.8446
-12.7156
-16.6165
-18.4104
-17.4744
-17.1547
-18.404
-18.0585
-4.27799
14.581
30.2765
40.2133
51.9049
62.8197
72.1793
79.4506
84.3781
87.1476
88.2013
88.1299
87.5583
86.8704
86.0239
85.0671
84.3283
83.6648
82.6155
81.0104
78.7659
76.1494
73.5598
71.223
68.9701
66.4365
63.5493
59.736
55.336
51.7185
49.3654
47.5816
45.09
42.2177
37.958
33.3694
26.8368
19.6942
9.98591
-2.6111
-8.81174
-10.0905
-11.4641
3.5302
11.1723
13.4656
10.9579
3.59497
-5.46101
-2.57641
2.00275
4.18476
6.68667
8.46424
8.90086
8.30314
7.36567
4.74195
0.209045
-5.57325
-10.5802
-13.5192
-17.1611
-19.6967
-22.4498
-23.2798
-23.8966
-21.8823
-16.3953
-12.9217
-13.6224
-18.1186
-26.9778
-29.525
-22.8573
-17.0254
-14.8086
-16.3206
-20.8343
-25.8637
-31.2686
-32.5487
-28.1529
-23.7386
-21.8954
-20.1691
-16.0892
-12.3671
-10.6454
-11.7869
-15.1018
-18.9793
-19.9388
-16.9918
-11.7509
-9.1225
-9.07954
-10.4486
-10.6755
-10.2103
-11.105
-12.184
-10.9585
-7.63431
-7.25915
-9.4743
-14.162
-16.9853
-12.4506
-7.37944
-5.50934
-6.3877
-8.9836
-12.3761
-14.2108
-10.7589
-7.21082
-5.6997
1.31048
23.6848
42.7168
58.4147
71.0756
79.7118
84.7251
86.7254
86.3634
84.3052
81.9486
82.9816
87.3004
90.9711
92.8918
93.2351
92.3278
90.5477
88.2279
85.5731
82.7421
79.5762
75.5489
70.7175
65.5499
60.7596
55.7308
51.0004
46.4224
41.3184
35.9528
32.0676
32.4479
29.8575
26.0249
21.2012
13.5564
14.7144
11.2485
6.37428
2.77906
-4.40686
-0.922933
8.25609
15.8444
18.3558
16.269
9.80306
2.21294
4.31724
12.4996
18.6854
20.6186
18.3558
12.1977
4.55168
2.30499
2.53495
1.29379
-1.30972
-1.01552
1.58027
1.4105
-2.24301
-8.40463
-12.3821
-10.9565
-7.38951
-2.42742
0.577728
0.436373
-2.94973
-8.84176
-12.3276
-9.47834
-5.18788
-4.15503
-6.94671
-12.0629
-11.7907
-5.46621
-1.31441
-0.753934
-3.97657
-9.20697
-12.8043
-14.8711
-17.7067
-16.3343
-12.3043
-11.3127
-11.2719
-8.66791
-4.81758
-1.66854
0.671577
1.24484
-0.9683
-4.86517
-7.07851
-6.44504
-5.15682
-5.13099
16.889
17.8815
18.6792
18.5469
18.0337
17.8481
17.5283
16.5557
15.3598
15.1092
15.8173
15.7677
14.6786
14.6752
16.4338
17.7331
19.8956
33.5453
49.0428
58.6787
63.9047
64.8634
61.9431
57.9987
60.8831
65.2607
66.3559
63.5578
57.754
52.9238
52.9918
50.3555
47.0653
47.0394
53.9172
60.4139
63.1936
63.0248
61.3754
61.7685
61.7705
59.1906
54.3595
51.7149
55.2221
58.6134
59.6288
58.5746
55.9735
52.9902
50.703
47.7489
44.2936
38.8562
31.5443
26.2447
23.9205
22.3374
23.0469
26.5584
28.7819
27.8492
24.1393
20.8175
21.0007
22.1675
22.7839
21.7287
18.4238
14.7944
16.1846
19.2324
19.7443
17.5343
13.6455
10.619
9.87608
10.9582
14.2567
18.7463
21.9942
22.9685
22.0925
20.1669
18.5069
18.2621
19.1203
19.71
19.732
19.6932
19.8959
19.9312
19.2219
17.4296
15.4348
14.809
15.3354
16.2727
17.3561
18.0138
17.5842
15.9497
13.8072
13.6443
16.2878
18.8656
19.8138
19.2262
18.4091
18.8227
19.7095
19.6984
19.0456
19.2898
20.5828
21.1179
20.0788
18.3531
24.6717
24.3642
22.3914
21.2257
21.4303
21.7349
21.4059
19.9123
17.8885
17.3672
18.6267
19.8604
19.9534
18.8471
18.0607
19.4212
25.0013
31.5855
35.3209
45.002
57.1779
67.0982
74.2994
79.6841
83.9217
86.735
87.2212
84.9112
80.1168
75.4753
75.0638
77.9041
81.1774
83.9478
86.1195
87.7088
89.424
91.609
93.7628
95.4309
96.0997
95.3115
92.9979
89.7599
86.496
83.4377
79.8893
74.9494
68.5418
61.3255
53.4859
45.858
38.9038
33.9317
31.1737
28.5809
26.7237
24.4448
24.9734
27.4005
28.5846
27.5798
25.4802
24.9278
26.115
26.684
24.8331
20.7278
16.9405
16.0323
16.5862
18.3513
20.6262
21.3329
19.8455
16.4533
13.6228
13.8968
15.5637
18.3681
21.3505
22.7381
22.7165
23.1259
23.5835
22.8713
21.4624
21.3551
22.4065
23.1784
23.2181
22.7104
21.7916
20.9513
20.1324
18.7449
17.7343
19.91
23.2359
24.5545
23.1254
19.401
16.507
17.9375
20.8706
22.526
22.4006
20.9575
20.2414
22.0607
24.2998
24.7063
23.1545
22.4488
24.1015
25.0105
23.7699
22.4253
6.18759
3.57511
-1.26704
-8.14818
-12.2877
-10.7041
-7.82224
-5.96083
-6.22494
-5.95267
-4.20419
-4.31723
-8.04765
-14.4767
-11.7689
2.90753
18.8259
34.5403
50.7053
63.0265
71.8321
77.2291
79.7637
79.7879
77.8435
75.5656
75.9649
78.1065
79.5905
80.5309
82.3404
84.9389
87.1727
88.9011
90.2764
91.2043
91.599
91.6218
91.289
90.0994
87.6714
84.038
79.6065
74.9079
70.2144
65.1015
59.0493
52.5531
46.4988
43.045
39.5048
35.5555
33.0113
30.843
27.1433
18.966
7.41366
-6.327
-4.64685
3.07267
8.43292
10.9672
10.9404
9.71959
11.9076
16.3001
18.5315
18.0144
14.9429
10.9249
8.24711
7.88596
7.89161
7.5265
5.55478
2.17835
0.330118
1.98573
3.32693
3.0206
1.02953
-1.96498
-0.905597
2.57354
4.05188
3.07833
2.52942
3.23614
2.83758
-0.418281
-2.83393
0.945981
5.69196
7.01428
5.2145
2.38632
0.686922
-0.555555
-1.97099
-3.99615
-6.06286
-6.3211
-5.85493
-7.07846
-8.88707
-9.07926
-6.96205
-6.43424
-8.38616
-11.1487
-11.5884
-9.45862
-4.2944
1.23269
3.6985
2.82274
-0.476534
-3.21372
-4.08458
-6.50968
-11.4003
-16.641
-19.7648
-17.7605
-12.6581
-6.83718
-3.81135
-3.42058
-5.03703
-7.65508
-10.4574
-12.7296
-9.70309
-0.12388
13.6538
30.4422
44.8153
52.6165
55.5398
53.9843
49.6339
54.2944
62.776
67.4181
67.3709
62.7255
53.0815
39.3847
35.2316
38.0211
37.2648
37.8639
39.5494
41.9474
47.6749
55.3804
61.3432
66.4441
70.6224
73.9051
76.8244
79.1648
81.0138
82.1496
82.2673
81.2927
79.454
76.5569
72.1158
65.1949
55.681
44.0719
32.1946
23.0335
14.3902
8.08342
4.7642
5.88189
6.68177
5.27154
1.34849
-0.029377
3.07206
7.39561
9.36208
9.88346
8.87741
7.73843
8.47398
9.9519
9.78304
7.00487
1.10418
-2.65946
-0.447584
1.74547
1.26504
-2.01343
-7.66276
-12.5386
-12.1781
-9.45011
-6.02873
-4.65367
-5.63119
-6.89897
-6.31974
-5.77449
-6.82259
-6.90778
-4.69775
-2.14774
-0.0793581
1.80275
2.57818
1.80173
0.0464895
-1.46333
-2.52798
-3.53276
-4.89369
-7.15174
-8.56488
-6.78161
-4.01792
-3.10001
-4.95911
-9.25363
-12.6691
-10.688
-7.02922
-5.06181
-5.23531
-7.41353
-10.4486
-12.1618
-2.95013
-3.19836
-4.88367
-7.4307
-10.6409
-14.4445
-13.4676
-10.3382
-8.68518
-9.42123
-12.2792
-15.0243
-13.7084
-11.3914
-8.09631
2.40048
22.1584
35.1814
46.3213
58.006
70.661
79.8236
85.6468
88.6414
89.2184
88.0265
86.4089
85.6707
85.5276
85.0966
84.5087
84.1668
83.8204
83.2441
82.8293
83.1027
84.0738
84.6923
84.1018
82.7557
82.5404
84.3966
86.4543
87.8688
88.8573
89.3869
88.9609
87.2238
84.3114
80.407
74.9011
66.5559
54.2448
40.1432
33.7209
28.0008
21.3005
13.1834
8.58573
8.35012
8.79079
6.53379
3.44276
2.6824
5.07743
8.44837
11.0457
11.1744
9.71707
7.86904
6.36263
5.10908
4.88748
6.15407
8.02292
8.3848
6.62533
2.42137
-3.84317
-10.2629
-14.5357
-12.9439
-9.04195
-7.98806
-9.44985
-10.4847
-8.43445
-5.70363
-4.57353
-4.9437
-5.07992
-5.00007
-4.63184
-3.0052
-1.81852
-2.86051
-5.76575
-7.20374
-5.30924
-3.41703
-3.39119
-5.34053
-8.18641
-10.9063
-11.3796
-7.41327
-3.09955
-0.503021
0.177386
-1.57778
-6.14047
-8.70589
-4.25021
-1.07807
-1.88626
-6.05785
-8.89305
-5.0859
-3.75195
-1.45839
-1.99638
-3.91599
-3.34929
-1.6933
-2.64994
-6.38847
-10.7354
-10.5252
-6.75907
-4.1235
-3.7743
-5.04906
-5.25046
-1.16321
11.8039
37.0493
55.8081
68.9037
77.4777
82.4566
84.2388
83.1061
79.082
72.8648
71.0477
76.763
81.3814
83.7152
84.4112
83.9522
82.8026
81.3303
79.8126
78.8462
77.7782
75.5483
71.3743
65.4316
60.6747
59.6089
60.7441
61.4649
60.7106
60.0738
60.7488
62.8561
65.6333
69.7234
73.7176
75.8253
75.1256
70.9477
62.6299
49.3107
32.3754
19.1199
19.0679
21.5492
22.3858
19.7248
14.64
13.6886
16.5154
17.3825
15.9121
14.0487
13.2549
13.3827
13.6723
15.6663
17.5504
17.4778
14.9523
11.3873
8.40771
6.91739
7.8303
9.25355
8.72144
7.37524
8.58832
10.1547
9.84033
9.97367
12.0379
12.8746
10.5391
5.12187
-1.54278
-3.06966
0.00940461
2.10351
2.39977
2.09141
1.67124
0.0258124
-2.45539
-3.65614
-3.17457
-2.80067
-2.23606
-2.24874
-3.71671
-4.85454
-3.55001
-2.48319
-3.89251
-7.39633
-10.524
-9.73597
-5.07007
-1.5828
-1.15963
-3.82798
-6.37735
-3.26253
-2.74588
-0.0232298
-0.53182
-3.61124
-6.66702
-7.431
-6.44725
-4.92205
-5.13126
-8.16621
-11.6285
-9.69841
-6.99697
-5.7452
-3.62703
7.32399
27.5743
43.3877
53.7341
59.0998
59.9507
57.7787
57.8828
63.6614
69.6243
72.8325
72.5575
68.5235
60.7147
52.003
49.0513
49.4376
51.9158
54.9447
57.7711
59.2254
60.7302
63.6981
67.7507
71.4262
73.7772
74.9495
76.5206
79.2456
82.8273
86.2988
88.8951
90.2737
90.5469
89.9318
88.745
86.8281
83.2621
76.8601
66.5218
51.6895
31.5296
19.9921
26.2724
33.7447
36.968
35.5986
30.128
25.5242
28.6221
32.8649
34.6519
33.4676
30.1087
27.9793
28.2597
28.2067
26.7535
24.7453
23.9011
24.86
25.4435
25.0817
24.9894
24.695
22.1168
17.9588
17.3344
18.9425
19.5715
20.3747
21.4402
20.7767
17.531
12.8737
9.68526
8.25298
6.62522
4.78384
3.02716
1.98856
1.61384
1.06704
-1.12223
-4.70806
-5.86202
-2.06835
0.986938
1.03818
-0.721177
-1.32852
-0.934892
-2.43838
-6.78603
-10.148
-8.6958
-5.57125
-3.03889
-2.03903
-3.70594
-7.87353
-10.6334
-9.25449
-6.55531
-9.90235
-11.6405
-12.2544
-12.4191
-9.91198
-6.20627
-4.89997
-6.97721
-11.6888
-14.296
-13.9875
-13.7698
-14.0398
-7.48937
5.59656
23.5464
35.9219
43.6801
46.9893
49.115
54.9496
62.0113
66.7448
68.6909
68.4888
67.5106
67.0587
67.4815
68.3826
69.6748
70.921
71.8245
72.4397
72.1752
71.0629
69.2337
67.2755
65.8546
65.4023
65.395
65.4169
65.1992
65.6354
67.4722
70.2125
72.5223
73.776
73.8779
73.1023
71.4929
69.8547
69.0744
67.4644
62.5265
52.6997
37.4184
25.4246
33.5703
43.4739
48.0614
47.8467
43.3972
38.0591
38.3578
39.1504
37.2788
32.7855
27.8047
26.8089
28.2611
28.7139
27.9821
28.0038
28.4813
28.613
28.4486
28.3276
27.456
25.9179
26.1368
27.4719
27.4118
25.297
22.0041
18.3364
14.5822
14.2343
16.208
16.122
13.0102
8.96206
6.01674
2.76392
-0.119266
-0.923081
-2.17768
-4.76814
-6.60846
-6.49411
-6.05339
-6.70588
-7.7836
-8.36225
-8.95931
-10.909
-13.404
-13.6021
-11.4191
-7.98234
-6.07116
-6.53241
-8.84916
-11.4448
-13.0007
-12.9294
-10.3392
-7.10914
-4.02105
-5.37721
-4.68074
-2.64902
-1.41836
-1.39684
-2.22267
-3.70649
-5.25088
-3.62779
-0.379078
0.536534
-2.26473
-8.26171
-8.77859
11.8363
28.1863
38.0999
42.6362
42.9671
40.6332
37.4875
34.8172
33.1419
35.6708
38.8167
38.8499
36.8711
35.544
39.0984
42.3719
42.7017
40.3807
34.3077
31.807
34.6085
36.5446
35.0167
33.499
35.9533
39.3772
42.2549
43.7607
46.0172
49.1467
52.2339
56.4364
62.1251
68.7199
75.087
79.5111
81.1679
79.6545
74.6205
65.6109
52.2692
35.9417
27.3846
33.2721
41.8275
45.8903
45.5869
42.8532
42.942
45.1621
45.4149
44.2504
43.1036
42.2398
42.4569
44.6388
46.5482
46.919
45.2683
41.2761
35.3767
30.6824
28.515
25.3518
21.2419
20.8204
23.0904
24.5308
23.6854
20.1766
13.9119
6.13639
1.07865
1.65951
3.16973
4.11342
4.23339
2.66984
-1.42115
-6.03606
-7.60818
-7.62963
-7.62001
-5.3969
-1.49599
0.697064
0.587933
-0.365264
-0.911865
-2.63873
-7.02379
-9.91722
-7.44113
-5.1595
-5.03528
-6.87036
-10.2095
-13.1658
-14.5004
-14.7868
-13.0946
-9.87178
-7.74037
9.63388
7.08005
2.23999
-1.6065
-4.11611
-6.05807
-5.61803
-4.19875
-3.37005
-1.22276
1.57239
2.38149
1.16915
-0.451637
0.97284
10.3516
22.5952
29.4378
31.8014
31.8614
32.8001
37.2163
41.7656
45.2502
47.4325
47.7324
46.1377
43.3504
41.1216
39.8226
39.1463
39.1518
39.7495
41.0145
41.9024
42.5411
43.0254
43.5598
44.6697
45.7257
46.2451
46.53
46.8277
47.6168
49.1158
50.4448
51.1315
52.3549
56.5917
61.4466
64.1338
64.011
61.4035
56.7459
50.0758
40.7418
27.6534
15.4702
21.5693
28.8702
31.3849
29.6534
27.0485
32.3436
40.5781
47.0061
50.8997
51.8817
50.1531
46.7555
43.0548
38.9529
33.9301
30.741
28.9502
25.5105
21.7209
19.0651
15.2092
10.7952
9.17051
8.97912
7.63546
4.45725
1.06321
-0.137935
-1.11186
-4.57835
-7.99558
-3.702
3.62332
9.53552
12.8261
13.2544
10.846
6.48166
3.93712
6.3212
8.78263
8.53976
6.28916
4.642
4.32702
3.1163
1.68854
3.00196
5.3847
6.09577
4.72416
1.72392
-1.8619
-4.12765
-3.09792
-0.672284
1.10824
3.4182
5.30232
5.26951
10.8817
8.34241
6.65564
5.72288
4.29164
1.6341
0.280752
1.30343
2.24965
1.7343
0.246057
-0.912292
0.215344
3.52368
7.73917
14.8938
24.7287
31.38
34.0669
34.3058
34.7973
36.3644
37.0302
35.5473
31.8044
27.9021
28.1179
32.4949
36.3786
38.2668
38.0556
36.7922
36.237
36.9162
35.745
34.8477
33.5057
30.941
28.6977
28.8972
28.7894
29.6362
24.8122
22.1474
24.4146
24.3928
26.1921
31.9006
38.4859
45.1759
50.7362
55.3704
57.7779
57.0943
52.6332
43.6952
29.0375
15.0097
23.0781
30.9241
34.1189
33.0316
29.1023
26.706
27.0599
27.4102
28.4431
30.1925
32.5599
33.8287
32.7589
29.2217
25.4712
23.6672
21.8301
21.2716
22.7241
23.2124
21.213
17.6337
14.7419
15.2055
16.6051
16.537
15.1727
13.2869
10.4294
4.69776
-3.65353
-7.52487
-3.72731
1.19388
5.95913
9.80312
11.6734
12.4746
13.9002
15.2439
14.487
11.0704
6.7199
4.96554
5.07169
5.45246
7.15417
9.34782
9.8966
8.74738
8.79217
11.8101
14.5166
14.8141
12.7698
9.00624
4.72628
2.18176
3.01891
3.58647
-3.53238
-0.920918
1.87772
3.17713
4.22568
5.34699
4.98905
2.06292
-2.56865
-4.71863
-3.03191
-2.3304
-3.77853
-5.53768
-4.4736
3.94325
16.8634
24.8606
28.2913
28.2756
26.4232
28.4256
33.8457
38.0506
40.3494
41.0792
40.7074
39.6239
38.0616
36.582
35.346
34.5358
34.3166
34.6048
33.6227
32.6332
31.716
31.5555
32.7607
34.9672
36.0893
35.7767
33.2802
31.9556
31.6945
30.5738
30.0482
32.6395
37.4737
40.6061
41.7533
40.9369
39.4093
37.3394
33.7904
26.7085
17.2677
10.1765
20.2843
28.6699
31.8183
30.1675
23.7851
16.8547
20.4421
25.5906
28.145
28.1799
26.797
25.0475
23.7632
23.8581
25.0749
25.6272
25.355
24.4059
21.8519
17.6626
14.4298
12.8038
10.4702
7.56009
5.15718
2.97895
0.922123
-0.0369941
-1.52113
-3.01036
-0.523568
4.05638
6.80381
6.77031
4.14106
1.25752
0.785524
1.42642
0.992279
0.402788
0.849933
1.87769
3.08807
3.45098
2.94785
2.3029
1.85116
1.81854
2.82438
3.62734
2.85115
1.63459
2.58086
4.85574
6.34761
6.17369
3.67251
-1.43129
-7.0172
-5.58833
-14.3879
-13.5306
-13.251
-14.9934
-17.5436
-18.0597
-17.8753
-19.8354
-22.1675
-21.0843
-18.7327
-16.0996
-13.2157
-12.1759
-12.2569
-4.41713
10.0401
18.1707
21.2389
22.1897
25.2432
31.5302
35.8409
36.9824
34.9285
31.1715
30.4488
34.6409
38.1853
39.6764
39.7323
38.8567
37.3781
36.0535
34.3016
32.9762
31.1574
28.1351
24.3296
20.0426
16.0262
18.4562
13.0093
12.4119
16.1922
15.4358
17.4308
18.3815
21.0928
26.444
34.0456
39.6902
42.4977
41.7696
37.2823
28.5462
13.9499
5.56622
15.1947
23.4417
26.5152
25.2265
21.2439
21.5224
26.5754
29.5264
29.333
26.9485
24.6527
23.3938
22.3826
22.4511
23.3957
23.52
22.1652
20.5149
19.2262
16.947
12.3132
5.71426
0.633553
-1.46654
-4.04001
-7.03062
-8.69363
-7.11017
-4.62645
-4.52164
-6.46302
-7.93896
-7.9979
-8.57423
-9.30977
-10.1802
-11.9953
-14.9727
-15.8474
-15.5929
-16.7042
-18.0208
-17.2561
-14.4927
-11.903
-9.89739
-8.81094
-9.14726
-11.2138
-14.4478
-17.1693
-19.4456
-21.0836
-20.386
-18.7247
-15.4826
-11.9177
-10.067
-9.71269
-10.4148
-18.2319
-20.4021
-20.6186
-21.5882
-23.3059
-24.67
-25.706
-25.9265
-23.8821
-20.7178
-19.0269
-18.588
-18.745
-18.1663
-17.2309
-16.0951
-9.53848
-0.0974642
4.7233
7.32656
5.22188
2.24485
4.73444
8.95539
15.8734
20.4438
20.7799
17.7553
11.0828
5.22334
5.6457
5.96769
4.91946
10.6689
6.44357
8.10061
9.62134
8.84646
10.0435
13.0913
13.8438
17.3513
11.5456
10.5915
14.4925
13.7272
15.0881
18.6884
22.1245
25.1847
27.0686
28.4135
27.7511
24.1675
16.2864
5.06239
-0.17765
-3.20056
8.84333
16.4698
18.8255
16.5183
9.98213
6.95553
13.7983
20.7106
25.2973
27.9837
28.672
26.97
23.0425
19.4516
18.7234
18.4734
17.1362
16.4455
16.2756
14.3182
9.64141
4.53728
1.9666
0.341936
-2.69054
-6.81415
-9.78079
-9.47691
-8.76557
-9.64526
-11.5034
-12.708
-13.5165
-15.575
-19.0487
-21.2648
-20.8203
-19.919
-19.237
-18.5174
-18.9908
-20.5618
-21.6081
-22.2313
-23.2201
-23.1989
-20.7667
-17.5105
-15.7475
-15.6383
-16.0082
-16.1778
-16.8729
-19.4499
-22.7414
-20.7607
-14.2916
-10.5922
-10.9078
-14.4463
-24.898
-24.3738
-24.7063
-25.3681
-26.1199
-28.6375
-32.5273
-33.7593
-33.4307
-33.0685
-32.3891
-31.3512
-31.5289
-30.5374
-27.2655
-20.3094
-11.9965
-5.46153
-3.94991
-0.399283
-1.73812
-0.578005
2.35777
1.6388
1.40775
4.43363
5.57966
7.8187
7.75697
7.66537
7.74093
8.48988
8.32683
11.6654
7.36578
5.80101
4.53412
0.601225
-0.45912
2.43127
-2.37283
11.403
-4.54533
-4.99691
5.40553
-0.675623
0.216409
1.57788
1.82733
3.21002
1.99998
3.53273
5.795
3.80051
-2.83794
-4.91774
-5.227
-6.58872
2.97828
9.82019
11.842
9.79457
6.4499
10.3144
17.7611
22.4639
23.7864
22.2139
18.8615
16.1959
16.6845
17.8522
16.9758
13.0268
7.22975
5.20717
6.45919
6.25446
3.28077
-1.45547
-4.67366
-5.54165
-6.58542
-9.22953
-13.7696
-15.8096
-13.6261
-13.3265
-16.7577
-22.8305
-24.3277
-22.5258
-22.9693
-26.0375
-28.5556
-27.3322
-25.1158
-24.3528
-25.3384
-27.2159
-27.9508
-26.401
-24.7354
-24.5396
-25.7942
-27.6702
-29.3635
-29.6415
-28.1133
-27.2849
-28.2113
-29.3292
-29.3938
-27.9912
-24.117
-20.278
-19.2828
-21.539
-30.4422
-32.4563
-32.0308
-31.966
-33.396
-36.2734
-40.0741
-42.8126
-42.4065
-39.1792
-36.7279
-32.3881
-26.3671
-22.0473
-20.2732
-18.3846
-11.206
-4.12019
-3.7463
-1.32751
-7.61881
-6.20868
0.332006
0.288297
0.846939
3.19673
2.4127
3.84256
2.04438
1.07505
2.17169
3.16398
0.680803
5.68186
-3.14306
-3.40954
-0.512218
-2.7393
-0.945017
2.99284
0.68642
11.2275
0.314709
0.513968
7.20365
4.05309
3.04346
1.72293
-0.290268
0.931941
-4.33208
-3.36799
2.01383
3.25691
0.134334
-4.0486
-8.88466
-4.25709
8.92691
16.319
18.7348
17.0136
12.2406
8.30012
10.2633
13.9339
16.4965
17.4527
17.2031
15.3455
11.8463
7.53378
4.16146
1.42395
-0.843326
-2.65733
-4.69927
-6.91291
-8.25354
-9.19906
-10.3409
-10.8277
-11.7179
-14.6442
-19.5607
-21.6425
-21.0318
-21.8699
-23.3795
-23.3317
-23.2513
-24.4094
-25.7144
-26.4911
-27.2446
-27.5834
-27.3379
-27.3923
-27.6966
-28.2288
-29.1898
-30.0813
-30.7972
-32.421
-34.0353
-33.2246
-31.9267
-33.2791
-36.5451
-39.8483
-40.5823
-39.9589
-37.9047
-34.698
-31.5069
-29.6162
-28.9337
-29.3658
-29.1636
-32.4665
-34.6151
-34.9867
-33.0034
-30.4803
-28.6612
-28.8482
-31.1433
-32.3316
-28.336
-24.5563
-23.4543
-24.2695
-24.9231
-22.2055
-12.99
-3.87344
-2.47281
0.424258
0.595143
3.42319
5.79011
3.54526
-0.465771
-1.37014
0.0876406
4.77152
7.7153
9.33113
10.1556
9.62115
6.70829
7.92656
1.56152
0.306646
2.04807
-2.42897
-3.26721
-2.6705
-5.88735
10.0971
-3.87295
-3.38026
4.56924
-3.14069
-4.42058
-5.378
-4.45635
1.98653
1.11737
2.98762
4.78615
2.94485
-3.91782
-8.5783
-12.5681
7.72166
24.1003
33.3811
36.9486
35.7053
29.6488
20.1873
17.9336
20.5944
21.4366
20.3991
19.0473
17.4755
14.0653
7.65485
-0.245652
-3.24794
-2.96385
-3.1988
-4.14606
-6.85025
-11.3877
-14.7713
-13.9594
-13.5029
-15.3811
-19.3581
-23.1727
-24.2798
-23.7193
-23.5619
-22.9481
-21.3146
-19.9703
-19.6726
-19.942
-20.3422
-21.0183
-22.4872
-24.5022
-26.6712
-29.0982
-29.9191
-28.8912
-28.0649
-28.866
-31.5141
-32.816
-30.1617
-26.7763
-25.0161
-25.0811
-27.1403
-31.3124
-35.7696
-36.1448
-33.0007
-29.7477
-28.5442
-29.0468
-29.4013
-29.5565
-27.2794
-27.3842
-29.1777
-31.1781
-32.7444
-33.8258
-33.9063
-32.1291
-29.372
-28.0803
-28.9839
-31.4599
-32.2607
-30.9502
-25.7739
-15.6111
-7.05476
-5.58239
-3.0608
-7.24033
-9.75761
-2.72211
0.93352
3.24232
5.74196
5.20197
4.60889
2.13526
1.0493
1.73935
3.06001
2.80448
6.74964
1.40123
0.167951
1.26645
0.930412
2.6124
5.51594
3.62267
10.496
-0.66984
-2.66793
3.4512
-3.6231
-5.51293
-5.96498
-5.61272
-2.51429
-5.4232
-6.1014
-2.54813
-3.38405
-9.67202
-12.5327
-15.6422
8.90194
25.8297
34.8854
38.1675
36.5994
30.3609
21.3012
16.2094
13.2462
11.1698
12.9007
15.7829
16.4012
13.8253
7.69999
-0.47253
-4.41526
-4.46385
-5.17106
-7.02986
-9.12368
-11.5286
-14.9772
-18.9163
-20.449
-21.7507
-22.3009
-20.7251
-18.3587
-17.367
-18.6602
-22.4497
-27.8245
-29.2284
-26.1811
-24.2329
-24.7323
-27.3919
-29.2945
-28.2818
-27.8396
-30.3269
-34.3646
-35.6876
-35.0344
-35.1024
-36.0844
-36.4239
-35.238
-33.1845
-31.2879
-30.8136
-32.5873
-33.5836
-30.9792
-28.033
-27.2084
-28.2173
-30.1008
-30.2858
-27.9471
-22.9818
-20.1611
-19.206
-19.6504
-19.4628
-18.5491
-19.1338
-21.6503
-23.5505
-21.9097
-20.0444
-20.4383
-22.4879
-23.199
-21.8538
-20.1137
-14.9854
-5.99915
-5.91408
-2.07083
-5.23585
-4.13678
0.0427017
-1.81169
-5.73104
-6.62778
-4.79207
1.29374
3.9962
6.15143
8.05253
9.08931
8.28679
9.11178
3.50867
0.192711
-0.488337
-4.38035
-4.93065
-2.40666
-8.02244
8.70521
-7.64537
-8.70725
1.37346
-6.51582
-6.30577
-8.41176
-7.73072
-0.402172
-0.0308329
3.73564
6.50094
5.11164
-0.29183
-6.5926
-14.9695
6.28135
21.5412
29.6807
32.1784
29.7285
22.4146
14.8741
15.6536
16.6131
18.0284
20.8962
22.1223
19.98
14.8912
10.613
8.97613
6.95897
4.7686
3.16415
0.700045
-4.4696
-11.0842
-14.7943
-14.6875
-15.2043
-18.732
-23.4996
-24.962
-23.998
-23.1169
-23.1612
-24.4528
-25.6343
-24.8032
-23.3474
-22.1092
-20.4554
-19.5307
-20.6307
-23.2806
-25.1228
-24.453
-23.5111
-24.4617
-27.6992
-30.615
-29.4815
-25.7292
-23.0997
-22.9484
-25.1374
-27.7438
-27.9255
-25.6188
-22.9315
-20.9036
-19.9817
-20.0643
-21.2119
-23.313
-25.0164
-17.8501
-18.6663
-19.9447
-20.984
-20.454
-19.4255
-19.0043
-19.0171
-19.3675
-21.1686
-25.0188
-27.5423
-25.3867
-21.3944
-18.4517
-15.5998
-9.08702
-1.87619
-0.858849
0.513117
-1.25223
0.790802
4.50086
3.9315
1.36838
-0.719867
-2.66149
-0.0820015
0.37412
0.551236
2.10892
3.53143
2.55973
6.39259
3.04768
3.91771
6.2515
6.22229
6.53834
6.47263
2.14125
8.73776
-7.27114
-10.5636
0.832148
-5.36277
-5.55039
-7.07776
-9.14725
-1.53403
-3.60312
0.930853
4.6245
4.03921
-1.14127
-6.46141
-10.1779
4.53554
19.2328
27.3438
29.9055
27.5974
20.6576
13.4139
14.0883
16.1086
17.1694
17.8168
17.488
15.1788
10.5777
5.45466
2.42378
0.364107
-1.27249
-3.50798
-7.97356
-12.5138
-13.608
-13.0753
-12.2436
-11.6733
-12.999
-16.6953
-19.6412
-19.5383
-19.8735
-21.6779
-23.0631
-23.1463
-23.5832
-25.5294
-27.9674
-26.7848
-22.5303
-19.3724
-18.3103
-18.8382
-19.8297
-20.8303
-22.542
-25.6419
-28.3327
-27.2259
-24.4173
-22.7103
-21.0738
-19.5335
-19.3559
-21.0717
-24.1606
-26.065
-25.2885
-23.4658
-23.1419
-24.3605
-25.7526
-25.7774
-20.0022
-21.1495
-23.5436
-22.8511
-19.3913
-17.411
-17.6031
-18.709
-18.9707
-18.5805
-18.722
-19.8
-21.0087
-21.1252
-19.3399
-11.8683
-0.274906
7.19359
9.6481
9.63815
7.63203
6.4582
6.55617
5.86394
7.50396
9.06358
7.55565
4.46289
0.661312
-0.886238
0.0784921
0.138182
-2.03211
2.21847
-1.89056
-1.43487
0.386431
-0.533589
0.467924
3.1541
2.54022
10.393
1.61638
0.51384
5.06417
2.82221
2.44019
0.46144
-1.66328
-0.713251
3.38271
9.11013
11.9141
10.3033
4.04317
-4.45096
-14.7286
-0.551284
14.0328
21.8569
24.1346
21.4986
14.156
9.06275
13.05
15.8965
15.4155
12.9534
11.5978
13.0441
14.5824
14.4022
12.55
9.65323
6.87691
3.28293
-2.55869
-9.15683
-11.8231
-12.5037
-13.8358
-13.3102
-11.5281
-9.94565
-9.44348
-10.9558
-15.2645
-22.2098
-28.2438
-27.9927
-25.1704
-23.6389
-23.2486
-22.6026
-20.383
-18.1229
-17.277
-17.8811
-18.951
-19.461
-19.5374
-19.7704
-19.5204
-17.2088
-14.6696
-13.8793
-14.8436
-16.2947
-17.4696
-18.2393
-18.2528
-17.6434
-16.6388
-15.0817
-13.5436
-13.54
-15.421
-17.5407
-24.1416
-22.5396
-20.4743
-17.6695
-15.0162
-13.2291
-12.1338
-11.3208
-11.0271
-11.7746
-13.8276
-16.5737
-18.6656
-20.346
-19.5142
-10.4049
2.05362
9.51838
11.7187
12.6389
13.6673
16.1135
18.1364
18.427
17.1671
14.9491
13.1951
14.0311
15.8855
16.4409
17.5747
18.7813
19.6094
19.8463
18.0158
15.4148
12.4129
7.96011
4.50559
3.91145
3.8803
11.031
5.35433
5.03921
7.73488
3.98688
2.78264
1.55455
1.89803
4.74633
6.8816
10.7492
12.5598
10.3866
3.79612
-4.12232
-9.67762
-1.14857
12.413
20.3774
22.886
20.5505
13.2562
3.92654
5.75963
10.3821
11.738
10.2712
7.67157
5.99208
5.24698
5.30158
5.21744
3.93423
1.70433
-0.844612
-3.65611
-6.72802
-9.55923
-11.229
-11.1995
-10.7684
-11.6438
-14.1042
-15.2172
-13.668
-13.0327
-14.9909
-18.5762
-19.6128
-17.459
-15.443
-14.8164
-14.5567
-13.3594
-12.39
-13.4699
-16.5858
-18.4178
-16.8156
-15.5291
-16.8442
-20.7981
-25.6321
-26.8904
-24.2405
-20.6035
-17.9741
-16.4173
-15.3722
-14.9107
-15.9721
-18.4342
-20.2158
-18.5869
-15.5742
-14.0733
-14.716
-19.4548
-20.9641
-21.2098
-20.6061
-19.2092
-17.1653
-14.0816
-11.6035
-11.3745
-13.3638
-16.4167
-18.5518
-19.5345
-19.0656
-15.0048
-3.87375
8.71066
16.1847
19.29
19.912
20.1096
21.19
23.8833
26.6125
28.1255
27.7797
25.6883
23.2871
21.8779
21.8369
22.8663
24.1184
24.4031
24.0135
22.9378
22.0325
21.2393
20.1106
19.6128
19.6557
18.3793
18.3362
12.9835
12.0292
13.7117
12.6968
12.4148
12.1483
11.2259
12.1461
15.3208
18.7042
18.9236
14.9166
5.96979
-4.56219
-10.3682
-2.59884
9.74705
17.2492
19.5469
17.2391
10.7298
3.89783
4.16023
7.22527
8.59223
8.37505
8.31448
8.5293
7.67282
6.17892
5.73864
6.81859
8.38846
9.22476
7.91739
3.93958
-1.06494
-3.29468
-3.02345
-3.57807
-5.42538
-5.98203
-5.20049
-5.99751
-9.44919
-14.9494
-19.0154
-18.817
-16.8592
-15.6318
-14.5337
-13.75
-14.3629
-16.1761
-16.8233
-15.7019
-14.4784
-13.2425
-11.9945
-11.6021
-12.5641
-14.3472
-16.1819
-18.1189
-20.3488
-20.4216
-18.4308
-17.8493
-19.6394
-21.8736
-18.6147
-12.8358
-9.76006
-9.63272
-10.9984
-11.8621
-8.14093
-5.52642
-5.87195
-8.77251
-13.2192
-17.0457
-18.1257
-17.7543
-18.3249
-20.3277
-21.3901
-19.1974
-16.9205
-16.3136
-13.5248
-2.18341
10.8903
18.4549
22.4447
25.9875
30.2398
33.4751
34.3941
33.3976
31.829
30.4441
29.1655
29.0797
30.8361
32.8799
34.1094
34.3676
33.6705
32.1716
30.0993
28.571
27.3338
25.3598
23.2846
22.403
21.6083
21.3266
18.2273
16.3051
15.8183
14.0178
14.6798
16.8732
19.3911
21.2989
22.6553
23.0223
21.0893
15.5689
5.37873
-5.22984
-13.4025
-4.12294
8.68619
16.345
18.6733
16.1967
8.9717
0.830854
1.40596
4.43036
6.21365
7.18867
9.02164
11.8191
13.6321
13.2304
11.1526
9.09028
7.52969
5.39419
3.0921
1.28967
-1.21404
-5.92961
-12.5689
-16.9416
-15.383
-10.3579
-6.28874
-4.97694
-6.11286
-8.18745
-9.34952
-9.87621
-10.7548
-11.9701
-13.039
-14.2225
-15.962
-16.328
-13.4761
-10.2521
-8.1385
-6.48665
-4.9149
-4.16257
-5.03975
-6.88488
-8.33638
-9.74557
-12.6934
-16.4059
-17.4498
-16.2583
-15.3757
-15.9237
-17.7401
-19.0454
-18.4249
-15.0036
-9.82041
-6.68847
-15.9338
-16.9061
-16.5792
-17.1744
-18.5528
-18.4099
-16.8496
-16.2713
-16.6231
-16.9569
-17.2797
-17.3369
-17.118
-17.2772
-14.5397
-5.56372
8.04051
17.9805
25.4765
31.9057
37.5532
41.5569
43.4173
42.9453
40.5508
37.2946
35.0053
35.009
36.3372
37.9962
39.4485
40.3292
40.6829
40.5756
39.9394
38.6878
37.0566
35.3844
33.4123
30.8541
27.7066
26.2144
23.9471
23.1376
21.9351
19.9234
19.0719
21.1601
24.261
28.0186
30.5911
30.5683
27.0064
19.1521
6.68008
-2.74713
-5.82397
0.281134
9.66002
16.6256
19.0777
17.0242
10.4531
2.14255
0.702021
2.68354
3.43493
3.27494
3.60496
4.21519
3.87394
1.73288
-1.42582
-3.24978
-2.90684
-2.792
-3.86615
-5.06924
-5.82875
-7.00737
-8.43794
-8.47336
-8.62791
-10.7525
-12.8203
-10.8718
-7.93783
-7.14205
-8.93826
-12.9031
-17.7331
-19.6785
-17.5401
-14.9554
-13.625
-13.2292
-12.902
-13.0495
-14.2045
-16.6849
-20.2113
-22.7159
-22.3669
-22.0118
-23.3234
-25.0552
-25.1323
-24.2543
-23.1678
-22.4474
-22.7279
-22.6584
-21.4268
-19.9573
-18.8397
-17.4682
-15.3336
-13.4189
-21.0919
-23.9977
-24.4854
-22.7402
-19.8968
-16.4112
-14.2685
-14.2803
-14.7017
-13.6494
-13.0103
-14.7492
-17.9821
-18.4136
-13.5713
-3.18319
10.9017
20.5868
29.9585
39.4793
46.0284
48.921
48.7354
47.0784
45.9377
45.0131
43.1287
40.5037
38.2435
38.0417
39.0463
40.0434
40.7866
41.1359
40.9905
40.2566
39.4237
39.1566
39.352
39.4205
38.6446
37.3043
35.5852
34.5487
33.5822
31.8762
30.4265
30.1641
30.9989
31.4407
30.109
26.528
19.891
9.95209
-1.8634
-5.85681
-11.4683
-0.771806
12.4903
20.9038
24.0509
22.4898
16.0579
4.63298
-5.9163
-4.02843
0.55023
2.29752
0.691585
-2.89391
-4.72382
-4.78422
-6.24163
-8.48892
-8.33126
-7.23583
-7.6147
-9.2414
-10.6238
-11.7112
-14.4538
-19.828
-24.6748
-23.3075
-18.0656
-12.6467
-9.20562
-8.50096
-9.80711
-10.9951
-11.281
-11.4537
-11.6899
-12.3583
-13.8724
-15.1761
-15.4647
-15.4195
-14.5651
-13.6677
-14.573
-17.5048
-19.7807
-19.6209
-19.2479
-19.3712
-19.1184
-18.2058
-17.5415
-18.5243
-21.4476
-24.6024
-24.5644
-21.5527
-18.5716
-16.4245
-14.5468
-13.6075
-20.4632
-22.524
-26.285
-28.6846
-27.152
-24.9618
-24.1927
-24.712
-24.7217
-24.1907
-24.9038
-26.9294
-26.5702
-23.5149
-18.0886
-4.68428
9.38598
19.4787
27.9249
37.7503
47.3297
55.0697
59.5838
60.652
58.788
55.5499
53.0393
51.591
51.0614
51.9753
53.2687
54.0822
54.2008
53.5696
52.2265
50.4247
48.1638
45.5472
43.1479
41.8522
41.2918
40.881
40.1412
39.9114
40.1368
40.8602
41.9586
42.9409
43.4939
42.9984
40.3552
34.6926
25.058
11.4085
-3.94962
-10.4979
-24.716
-7.13934
7.93428
16.5627
19.6209
17.9346
11.5062
1.46468
-5.4175
-4.70392
-0.583188
2.9403
4.38595
4.49976
3.84573
2.16951
-0.567616
-3.48838
-6.52539
-9.21938
-10.5997
-12.0139
-13.7413
-15.3398
-17.4168
-19.4218
-19.1158
-17.4112
-16.7908
-17.786
-19.9071
-21.8752
-22.736
-22.1659
-21.7073
-22.4954
-24.1529
-23.0673
-20.0894
-18.7265
-19.6676
-21.4691
-22.4619
-23.2982
-25.3408
-27.0784
-25.4008
-22.8471
-21.421
-20.8903
-21.1861
-22.9183
-26.5747
-31.1364
-33.2406
-30.2512
-28.0261
-28.6618
-31.1782
-31.1454
-27.8029
-24.5573
-25.7114
-26.2805
-28.0329
-28.9519
-28.6271
-29.3298
-31.3918
-32.9848
-33.1792
-32.9714
-33.1327
-33.5293
-33.4559
-33.1664
-26.53
-10.9628
3.14517
10.7075
17.0818
25.9314
35.1754
41.2501
44.4218
46.5219
49.5339
52.4731
53.4879
51.8984
48.3516
45.143
44.5601
45.6476
47.2171
48.53
48.9533
48.4281
47.6598
47.2901
46.9301
46.0169
44.6231
43.1893
41.4635
40.1049
38.8442
37.4391
36.3528
34.8497
32.9723
30.3332
25.7442
18.6725
9.62707
-2.90364
-13.2597
-14.575
-28.3492
-11.4899
3.20952
11.795
14.7463
12.8218
5.83427
-5.40533
-10.5957
-8.68289
-5.9703
-3.50562
-1.04816
0.766563
0.638513
-1.84239
-4.85115
-5.73582
-6.42268
-8.63794
-10.6281
-11.0059
-11.2848
-12.5833
-14.7032
-17.3388
-19.5262
-21.2259
-23.246
-25.9151
-27.695
-26.8957
-24.5855
-22.8998
-23.4634
-26.2978
-30.6703
-33.9201
-33.8382
-31.3057
-29.4927
-29.0386
-29.4073
-30.2274
-31.3369
-31.8065
-31.2074
-30.3041
-29.0365
-28.4835
-28.4914
-28.3049
-28.1176
-28.0837
-28.1543
-27.4361
-26.8749
-27.5601
-29.6341
-31.6686
-32.0216
-32.936
-36.8408
-35.9312
-35.6829
-34.2262
-32.2787
-31.8558
-33.459
-35.6443
-36.1998
-34.3867
-31.9553
-31.0933
-32.3919
-34.2239
-29.4373
-17.4047
-4.4051
3.04641
6.47368
9.25292
15.15
20.9051
24.1768
25.1619
24.905
25.5542
28.1066
32.4058
36.3368
38.746
39.909
40.8403
41.385
41.334
40.3258
38.7804
36.6072
33.1328
27.8398
21.9067
17.8527
19.0098
17.801
17.897
18.0659
16.5807
15.4569
13.9094
12.4232
10.8856
8.0346
4.47023
0.94936
-6.31978
-16.0018
-18.2023
-33.7907
-21.8403
-8.76849
0.142078
3.78372
2.88999
-1.98363
-8.66458
-11.0951
-10.3614
-8.3468
-6.49443
-5.99602
-7.2871
-9.98688
-11.6303
-10.3178
-7.89066
-6.32065
-6.23314
-7.7608
-10.4735
-12.973
-14.6321
-16.7335
-19.4102
-20.986
-20.9955
-20.5447
-21.1553
-22.4841
-21.338
-18.3517
-17.2809
-19.1666
-23.6595
-28.9931
-32.3907
-32.5445
-31.7089
-31.0754
-31.4023
-33.0834
-35.1645
-35.2121
-34.8805
-36.1463
-38.7092
-40.3513
-39.4163
-35.5491
-32.402
-30.7142
-29.2099
-28.5428
-29.6182
-31.8667
-32.8093
-32.7775
-33.3813
-34.2528
-34.3482
-32.4976
-33.6867
-35.3247
-35.8744
-36.091
-37.4682
-38.9085
-38.6209
-37.9829
-37.9753
-37.6991
-35.0056
-32.2055
-31.783
-31.7059
-24.7353
-12.6894
-4.81267
-2.9387
-1.30692
0.532088
5.47275
9.26725
10.312
8.77161
7.97615
6.52103
6.22759
6.23413
7.73693
10.4971
13.4898
13.6434
14.2266
12.1349
10.4506
8.54959
6.76645
5.47558
3.63358
-0.744052
6.32344
-6.25173
-6.97241
-0.865061
-5.26224
-3.55217
-6.03557
-5.59199
-2.48592
-6.92252
-9.35377
-8.66191
-13.7026
-20.1309
-17.7891
-27.6119
-25.0655
-20.7138
-13.7873
-10.5454
-10.7516
-12.4944
-12.9958
-10.7405
-8.25457
-7.42347
-7.42517
-7.56233
-8.6053
-11.5004
-13.835
-12.8479
-11.0801
-9.06357
-7.75428
-8.73814
-12.8424
-18.9839
-23.1041
-24.4486
-24.6024
-23.1755
-21.3459
-20.3825
-20.3126
-20.4207
-20.9511
-22.2001
-24.3445
-26.4075
-26.9539
-26.7305
-26.9159
-27.1958
-26.6196
-26.5518
-28.3874
-32.1173
-34.9819
-34.7363
-33.4014
-32.3667
-32.1725
-33.5592
-36.5284
-39.4407
-40.5597
-38.4252
-34.066
-31.1809
-30.8145
-32.0732
-32.1854
-31.8207
-32.5363
-33.5413
-32.9583
-42.4494
-44.7527
-42.8634
-41.5449
-42.1768
-43.2846
-42.7038
-42.4809
-42.6475
-41.9224
-41.9628
-43.1968
-44.667
-44.2033
-40.7767
-31.534
-19.9528
-10.3457
-8.81305
-8.08111
-7.50368
-2.25392
3.21086
4.57701
3.26733
2.19233
0.0547309
-0.449484
-2.20313
-3.4166
-2.63627
0.571718
-2.11854
1.47049
-4.44734
-6.71551
-6.7697
-8.95282
-8.99344
-7.15899
-14.7853
4.31411
-15.7668
-17.7344
-4.5565
-13.304
-12.0722
-22.1033
-22.9773
-10.1716
-15.7552
-14.6767
-12.0724
-18.75
-28.5806
-21.6979
-35.079
-26.9379
-18.7394
-8.79004
-3.97039
-3.68119
-7.56379
-14.5356
-19.2208
-17.6823
-15.8374
-15.4004
-17.3476
-21.7386
-26.6316
-29.6831
-28.6279
-26.3496
-25.8371
-28.1556
-31.3642
-32.7622
-32.5005
-31.0233
-30.7581
-32.4574
-34.651
-35.4424
-35.5279
-36.5907
-38.6765
-42.6465
-47.0485
-48.3201
-43.824
-38.5615
-35.7254
-35.2264
-35.9491
-37.2751
-38.7801
-40.0216
-40.4083
-39.9601
-40.0421
-40.9378
-40.7398
-38.3456
-36.1747
-35.6201
-36.0722
-37.284
-38.6341
-39.1312
-39.566
-40.0145
-40.7202
-39.8686
-38.4102
-37.7214
-38.2585
-39.1677
-43.8229
-46.4033
-47.4953
-48.3918
-47.4053
-45.1518
-43.0301
-42.6293
-44.5792
-46.6437
-46.4323
-44.7397
-43.2966
-41.5718
-39.5474
-35.7212
-28.4004
-15.7176
-15.8991
-13.2878
-18.5167
-13.328
-5.0747
-4.74971
-8.41134
-6.69711
-7.89016
-5.99521
-8.70674
-10.6611
-10.5866
-6.06013
-11.6168
-3.01535
-14.5773
-18.045
-15.2189
-22.0731
-22.3558
-13.5564
-28.7463
3.06873
-23.2961
-29.6761
-6.82709
-18.3616
-15.5611
-32.2804
-32.871
-12.2269
-29.9887
-33.2842
-19.015
-25.3452
-35.5846
-21.8784
-39.5286
-30.7831
-36.0764
-29.4694
-25.8049
-25.7226
-27.9897
-31.6105
-33.2751
-32.805
-34.068
-32.1136
-30.8079
-31.171
-31.7758
-34.0963
-35.7804
-40.1567
-40.0047
-37.9124
-36.6539
-38.1997
-42.0185
-45.0145
-45.749
-46.3783
-46.0574
-44.2981
-41.4747
-40.1095
-39.5615
-40.9169
-44.0917
-46.6137
-43.8149
-38.7921
-36.2331
-36.6083
-38.8209
-41.3694
-43.3937
-45.285
-46.4651
-47.6117
-49.7251
-51.0236
-49.8014
-46.0483
-41.1573
-38.2175
-37.3887
-38.662
-39.6573
-38.1834
-36.6689
-37.1409
-39.3859
-39.8089
-37.4246
-35.2522
-34.9503
-35.1715
-48.0386
-45.4295
-45.6318
-47.2106
-46.729
-45.9651
-45.5615
-45.9586
-45.8339
-44.7814
-44.3132
-45.0035
-46.0803
-45.691
-43.106
-38.9349
-31.0326
-16.4269
-17.3924
-15.1993
-25.9026
-33.0967
-12.6254
-13.9925
-26.7054
-19.7295
-25.9677
-14.9736
-16.5839
-20.402
-19.4857
-10.4697
-19.4135
-5.96534
-21.615
-24.1363
-17.1764
-23.9463
-25.4269
-15.3418
-33.6766
2.33035
-25.7007
-36.6221
-7.63383
-19.4231
-16.1189
-35.0878
-38.7873
-13.1739
-38.4217
-46.2569
-20.7765
-26.4924
-36.1359
-22.4178
-41.975
-33.0371
-38.1174
-30.9443
-28.0803
-29.5737
-34.7925
-42.36
-49.0254
-40.3512
-42.8152
-39.5866
-37.6038
-39.0296
-39.5262
-42.5194
-41.8421
-44.094
-42.5989
-41.2396
-39.3405
-37.9324
-38.9551
-42.4237
-45.7506
-46.9353
-47.4054
-47.94
-46.4864
-44.9938
-42.7068
-41.7404
-42.8359
-45.398
-47.763
-46.4982
-44.9525
-44.9983
-44.6505
-43.3505
-42.6436
-43.0374
-43.1477
-42.6718
-43.198
-44.1042
-43.7039
-42.762
-42.8259
-44.6014
-46.6776
-47.7487
-46.8419
-45.6255
-46.2589
-47.8423
-47.8481
-45.7061
-42.6835
-40.6622
-40.5526
-42.4078
-45.9326
-45.3522
-43.3893
-40.8955
-40.156
-42.0794
-44.6923
-44.0307
-41.4478
-39.5718
-38.7536
-38.4996
-38.9186
-40.4051
-42.4483
-38.6346
-26.5721
-13.5578
-14.0895
-12.3509
-20.9723
-24.896
-11.3845
-12.914
-27.8887
-23.2617
-33.6818
-15.4163
-16.7989
-19.3195
-17.6762
-9.8936
-20.5289
-6.96102
-26.1628
-28.241
-17.8504
-25.6956
-27.9789
-15.299
-32.702
2.44163
-24.8532
-36.5358
-7.85967
-19.1446
-16.5363
-37.1972
-40.4523
-13.1687
-37.9557
-51.7882
-21.2273
-27.2269
-38.4967
-22.3877
-40.2861
-32.2318
-42.9721
-35.1431
-29.8648
-28.7641
-30.8822
-35.2676
-39.9101
-35.3645
-34.9298
-32.3732
-31.8247
-33.2979
-34.7869
-36.8582
-38.0599
-40.1511
-39.9503
-41.1978
-41.6659
-42.0595
-44.2124
-47.3755
-47.7223
-46.9618
-47.2957
-47.2487
-42.5478
-39.3728
-38.6534
-40.0584
-41.5002
-41.6857
-41.9059
-41.975
-43.0344
-44.6038
-43.3667
-40.1475
-38.3629
-39.2114
-42.2377
-45.4328
-45.8642
-43.8101
-41.8063
-41.2819
-41.0345
-40.21
-39.0159
-39.459
-42.1384
-45.5279
-47.7024
-47.7542
-47.825
-46.5535
-43.0202
-40.29
-40.152
-42.1994
-43.4336
-43.9092
-42.5509
-40.1904
-39.1218
-40.173
-41.7793
-41.9638
-40.8408
-39.7903
-39.3963
-39.2655
-40.0338
-41.8412
-43.0862
-35.005
-22.1934
-11.0693
-11.427
-10.9937
-20.3882
-30.6022
-12.739
-14.2313
-30.819
-22.9751
-39.6392
-17.3458
-22.2233
-35.3451
-29.796
-13.3391
-33.9568
-8.12487
-36.5433
-36.4934
-19.0869
-28.4597
-30.9748
-15.9876
-38.5129
2.29272
-25.2087
-36.1692
-7.72071
-18.9109
-16.2942
-34.7996
-37.8282
-13.2803
-37.048
-50.5728
-21.3019
-27.0772
-38.0997
-22.2546
-39.4099
-31.0361
-38.2336
-33.5123
-30.7959
-31.3572
-34.6595
-38.702
-39.3561
-32.3553
-30.5386
-28.1387
-27.3513
-27.4995
-27.5989
-29.6075
-32.7847
-36.879
-38.2711
-38.4436
-37.7948
-37.3581
-37.355
-36.9594
-35.9981
-36.0555
-37.8259
-40.7688
-42.3955
-43.0704
-43.3648
-43.5532
-43.0013
-41.1716
-39.5403
-38.0949
-38.1428
-39.0938
-39.292
-39.2994
-39.921
-40.5844
-40.795
-41.8587
-44.1045
-43.8367
-40.4947
-37.7458
-36.5433
-37.0985
-38.4945
-39.8569
-41.1723
-42.3705
-42.1123
-39.5301
-38.4991
-39.8309
-41.0194
-37.6315
-33.6793
-32.0876
-44.0533
-46.8226
-49.3824
-47.1215
-43.3556
-42.1824
-43.0814
-43.3922
-41.938
-39.6437
-38.1809
-38.2164
-40.0112
-41.3917
-39.8434
-32.0123
-20.4854
-10.1313
-10.2921
-10.3748
-19.4783
-30.2486
-12.9132
-14.4149
-30.1606
-23.8634
-37.4209
-16.9099
-21.2519
-30.3545
-27.0182
-13.7703
-30.1405
-8.26201
-29.7403
-30.9644
-19.3981
-28.247
-32.4718
-16.3071
-39.2337
1.90971
-26.6469
-39.0463
-8.24577
-18.9582
-16.196
-31.0401
-31.0636
-12.7695
-28.2405
-32.4634
-20.4551
-26.2737
-35.6212
-22.1946
-40.0749
-32.3783
-37.4309
-31.1172
-27.5388
-27.4357
-29.9965
-31.8606
-30.3983
-24.2256
-19.3343
-15.215
-13.7023
-15.2104
-19.2576
-24.9931
-30.3262
-34.1632
-36.0406
-36.9534
-37.2179
-37.954
-39.8078
-41.8578
-42.2671
-40.9419
-38.7492
-35.9066
-34.1848
-34.8059
-36.8367
-38.4191
-38.0506
-36.2476
-35.3253
-36.3126
-39.5521
-43.1443
-44.6891
-44.677
-42.7475
-39.564
-36.3078
-34.1428
-33.4014
-33.8681
-35.1605
-36.8161
-38.6244
-40.402
-41.0931
-39.8471
-37.7304
-36.473
-37.0517
-38.7056
-40.7612
-42.9539
-44.992
-42.7588
-38.1523
-34.485
-37.9803
-40.9532
-44.7922
-44.2187
-41.6168
-40.902
-42.3924
-44.8816
-46.3627
-43.886
-40.8582
-40.0125
-42.208
-45.3962
-43.8623
-35.5579
-23.3609
-12.0953
-12.6697
-11.6993
-19.8534
-25.8397
-12.4728
-13.9296
-27.4693
-22.2454
-30.7892
-16.6697
-21.2349
-31.5756
-29.3661
-14.6588
-34.794
-9.12952
-34.2047
-34.1011
-18.9876
-26.9735
-31.6115
-16.7818
-36.3081
1.52794
-25.7711
-37.6092
-8.68615
-19.3202
-17.1707
-34.2656
-36.8911
-13.9239
-36.3398
-41.7988
-21.7393
-26.7359
-37.6872
-23.0464
-41.7984
-32.5653
-35.8971
-31.1747
-29.3593
-30.4261
-33.3272
-34.8448
-34.8963
-29.2868
-23.7209
-17.775
-14.7561
-15.0901
-18.1827
-22.256
-25.1221
-28.4977
-32.8327
-36.9833
-38.6218
-38.2309
-37.1044
-36.8261
-36.9261
-37.199
-37.391
-37.4574
-36.5486
-35.2607
-33.111
-32.3674
-34.2426
-37.841
-40.6603
-41.734
-43.6294
-45.2035
-45.4048
-45.0207
-44.1463
-43.3101
-43.5533
-43.5706
-42.7949
-41.9458
-41.6357
-41.5923
-41.6056
-42.5911
-43.4495
-43.4576
-41.9957
-39.886
-38.6955
-37.971
-37.7593
-38.5006
-39.8995
-39.6876
-36.3781
-32.4977
-40.8946
-42.9856
-45.6421
-45.6572
-43.635
-42.7002
-43.9553
-46.0878
-46.5261
-45.2476
-44.2452
-43.4917
-42.8664
-42.3584
-40.5968
-36.4514
-27.9214
-15.0684
-17.306
-14.4456
-23.0859
-28.2989
-12.451
-13.4236
-24.4817
-20.1722
-27.1329
-16.1911
-19.9795
-26.4388
-24.3311
-13.0674
-23.7904
-8.20596
-24.5922
-25.9819
-17.439
-22.725
-25.9006
-15.6179
-32.1951
1.7217
-25.5453
-37.5936
-8.60524
-19.2523
-17.1523
-35.5616
-38.7327
-13.9147
-37.5951
-44.1588
-21.7226
-26.9928
-36.5727
-22.9349
-41.1781
-32.0737
-35.3984
-29.9202
-28.0226
-30.0203
-34.5375
-35.8927
-33.9587
-29.3007
-28.5607
-26.105
-23.8257
-23.495
-25.6908
-30.3683
-34.1401
-36.2723
-35.9383
-36.8871
-36.819
-35.3589
-34.2804
-34.7518
-35.1767
-34.3591
-33.6727
-35.0134
-37.983
-41.5854
-43.5665
-45.0657
-44.9002
-41.8545
-39.6402
-39.5229
-41.4109
-43.5628
-44.467
-45.327
-46.538
-47.5237
-46.9406
-44.748
-42.4152
-40.9835
-40.9552
-41.665
-41.6461
-41.0577
-40.4019
-40.6357
-41.9994
-42.3247
-40.2521
-36.8257
-34.58
-34.0775
-34.2001
-33.7654
-33.5794
-34.3143
-37.1783
-38.9271
-41.8379
-44.1045
-44.6937
-44.3425
-44.3036
-44.0801
-43.4492
-42.5939
-41.8606
-40.7947
-40.4068
-41.5097
-42.0817
-35.4681
-24.6047
-12.7174
-14.011
-12.8749
-21.8478
-30.0235
-12.7682
-13.6848
-23.1049
-19.1685
-24.5638
-15.3078
-18.9324
-23.3465
-20.7078
-11.5893
-21.2597
-7.91681
-23.1638
-24.1359
-16.6691
-22.872
-27.2493
-15.8449
-30.3099
1.82831
-22.716
-29.9139
-8.27382
-18.4635
-16.8595
-34.2842
-37.4257
-13.931
-36.5386
-43.138
-21.5998
-26.4603
-36.3132
-22.4576
-37.6055
-31.344
-38.0213
-34.2924
-31.7578
-31.4891
-31.2178
-29.4046
-27.2507
-24.4986
-25.1713
-26.3852
-27.6575
-29.1706
-30.351
-31.6167
-30.6983
-29.65
-29.6836
-31.9413
-34.4492
-35.0051
-35.0702
-36.8274
-39.149
-40.8845
-41.3361
-40.632
-38.9381
-39.3929
-42.2144
-46.3868
-47.8113
-46.2157
-45.4998
-45.3052
-45.3108
-45.2756
-45.028
-45.1429
-45.1139
-45.7143
-47.0298
-46.3221
-43.7109
-41.3547
-39.637
-38.3232
-37.6248
-37.8173
-38.5584
-39.5624
-39.9001
-39.4902
-39.696
-41.0626
-42.6164
-43.2042
-42.6966
-42.5707
-43.3325
-44.7425
-39.3621
-39.5084
-41.3489
-43.8728
-44.6371
-43.0598
-41.3485
-41.011
-41.9336
-42.8734
-43.73
-44.9685
-46.9711
-46.7181
-39.2026
-30.9434
-20.4313
-10.4787
-10.9717
-10.7616
-19.6976
-29.1162
-13.1609
-14.0688
-23.9765
-20.4239
-26.8154
-16.0416
-19.9222
-25.8057
-23.0102
-13.058
-22.9531
-8.10015
-20.6171
-20.6155
-15.4957
-21.504
-25.9387
-15.6866
-33.2682
1.25974
-24.7649
-33.4919
-8.76733
-19.1255
-17.147
-32.6975
-34.0179
-13.8696
-34.3163
-39.6018
-21.3123
-26.2544
-35.2921
-22.749
-38.8274
-32.5514
-37.5321
-31.4316
-24.8824
-19.9798
-16.861
-15.1345
-13.6065
-11.5526
-10.9969
-12.4949
-16.4315
-20.9564
-22.6809
-22.3063
-21.6459
-21.9183
-23.3216
-26.5388
-31.0627
-34.9489
-38.2437
-41.7459
-40.7405
-37.6214
-35.9907
-35.6332
-35.1999
-35.2959
-36.6002
-38.8067
-39.9174
-39.7123
-40.8116
-42.7673
-43.9878
-42.9758
-41.1772
-40.4209
-41.2247
-43.4588
-46.0639
-45.8647
-43.1741
-41.1659
-41.1025
-42.8466
-44.1206
-43.2066
-41.2571
-40.5527
-40.9556
-41.4555
-41.9539
-42.9093
-43.7468
-42.4227
-39.8816
-38.8095
-39.4957
-40.4009
-40.3794
-40.1083
-40.2455
-40.8292
-40.8385
-39.7883
-38.7019
-39.0078
-40.6074
-41.9717
-42.813
-44.1326
-45.4843
-44.0806
-39.9318
-33.8962
-23.0962
-11.8477
-11.8233
-10.9206
-18.3739
-28.5399
-13.7448
-14.626
-22.0462
-16.3903
-16.7984
-10.9651
-11.6288
-11.99
-10.6084
-7.00583
-11.6456
-5.60887
-14.6736
-16.5693
-13.6462
-17.9689
-21.3016
-14.1225
-24.2115
1.17672
-23.5529
-33.3572
-9.1621
-19.1891
-17.4954
-32.3738
-33.3021
-13.8216
-30.1456
-33.049
-21.0094
-25.6804
-36.2769
-23.2775
-40.4512
-32.1923
-26.4204
-15.867
-9.31913
-5.99035
-4.77965
-4.47929
-4.01731
-2.68064
-1.94435
-3.18105
-6.58636
-11.0316
-14.8171
-18.6978
-21.4458
-23.2483
-24.8346
-27.4992
-30.9638
-35.1957
-38.9026
-39.303
-35.113
-31.7723
-30.376
-30.4151
-31.3536
-33.6868
-36.8677
-38.955
-38.1711
-36.9661
-36.4215
-36.1758
-36.5331
-37.0228
-36.3279
-35.1418
-35.2048
-37.4846
-41.7458
-44.9682
-45.1973
-44.8922
-44.9163
-45.7468
-46.4285
-45.6205
-42.9267
-40.041
-38.4611
-38.2396
-39.0677
-39.4914
-39.55
-39.5612
-39.4757
-39.3156
-38.1911
-35.9193
-38.8498
-37.496
-38.691
-40.5911
-40.5251
-39.0958
-38.2475
-39.0547
-41.5269
-44.048
-44.7727
-43.7725
-42.2808
-40.4323
-35.674
-24.2317
-10.5412
-1.75204
0.0842398
-0.642645
-5.48999
-9.50117
-7.11749
-9.0998
-13.168
-9.48029
-8.68557
-5.14134
-5.36857
-2.49645
0.986567
2.70435
-0.436446
-0.640686
-7.06347
-5.9251
-2.26887
-1.67697
-3.36235
-5.65352
-15.094
1.16238
-20.8104
-22.0322
-6.01379
-8.25946
-6.27612
-8.95003
-10.4972
-7.15248
-12.4109
-15.6376
-16.1455
-22.7796
-33.0338
-23.3743
-38.5577
-28.7653
-21.4622
-11.2976
-4.96092
-0.64214
2.07673
2.84651
1.80611
1.15292
2.24213
2.80289
0.766359
-4.04184
-9.4697
-11.4197
-11.0681
-10.7828
-11.5517
-14.5859
-20.5173
-26.8846
-29.5518
-30.5472
-31.3791
-31.8867
-32.5991
-34.2937
-36.0971
-37.956
-39.1816
-39.4947
-38.129
-36.7888
-37.3357
-38.5991
-38.6115
-36.8936
-35.1551
-34.9082
-36.2851
-38.4486
-40.4367
-41.4506
-41.792
-41.7162
-42.209
-43.1228
-43.9893
-44.7949
-44.7551
-43.0711
-40.9082
-39.9479
-39.9938
-39.9876
-40.2948
-40.928
-40.9008
-39.8348
-39.9975
-42.3423
-42.5981
-41.4443
-41.25
-41.034
-40.637
-40.6451
-41.6941
-43.002
-43.9192
-44.4188
-45.0033
-43.9576
-41.5348
-39.1377
-30.8371
-15.5777
-1.81914
5.59847
7.02183
4.57798
-2.05233
-7.27889
-5.00003
-7.21957
-11.6637
-11.3493
-13.4006
-10.7321
-11.5227
-10.4739
-7.18207
-4.0095
-7.79653
-4.9608
-14.652
-16.743
-12.4595
-15.0918
-16.9023
-12.7678
-22.0283
1.52116
-18.8529
-18.7798
-5.50496
-7.09026
-4.64699
-6.42184
-8.3308
-7.42703
-16.1264
-20.1264
-16.8999
-23.1209
-33.5206
-23.0108
-36.4525
-29.4413
-32.394
-24.9962
-18.0149
-12.4771
-8.21167
-5.59862
-3.42051
0.383785
4.10389
5.4512
3.60707
-1.18064
-7.03903
-11.1614
-13.1121
-15.1037
-17.0912
-19.5712
-23.3789
-28.1109
-31.8032
-32.7924
-31.367
-30.7908
-31.9016
-34.3283
-36.7247
-38.9433
-39.1473
-36.7947
-34.2181
-33.1193
-33.5991
-34.2985
-34.223
-33.9945
-35.0047
-37.5954
-39.6151
-38.9325
-38.7274
-40.6633
-43.5377
-44.3395
-44.2195
-43.9353
-42.7435
-42.5318
-42.5111
-41.108
-38.499
-36.7516
-36.7117
-37.8689
-39.2402
-38.4972
-36.1707
-34.5348
-34.3595
-34.9158
-40.6879
-41.3368
-41.5355
-41.2428
-40.3852
-40.3495
-41.6144
-42.377
-41.8732
-41.6096
-42.7901
-44.3685
-45.9625
-47.1959
-33.407
-15.0803
-1.07944
6.21105
7.4599
4.55389
-4.47877
-16.0725
-9.7084
-9.24032
-10.6619
-7.49321
-7.37
-4.98171
-4.15982
-2.29208
-0.427352
0.724057
-2.0034
-1.12641
-6.48748
-8.92405
-8.1922
-11.1874
-13.2982
-9.98983
-15.4496
2.12357
-16.7733
-20.7554
-7.35548
-15.0223
-13.6658
-21.931
-25.8708
-13.4442
-31.4287
-31.7449
-19.8785
-25.3252
-35.8921
-23.3482
-41.0849
-30.7488
-32.603
-24.6178
-17.3573
-10.5984
-5.42286
-3.10409
-3.54212
-3.41646
-1.1374
0.169248
-1.71625
-6.54376
-11.1138
-12.9036
-14.2333
-16.8936
-19.2099
-21.1622
-23.6684
-26.7109
-29.1199
-30.6578
-30.9169
-29.5487
-28.2082
-28.7876
-31.1847
-34.3135
-36.9532
-38.9644
-39.1297
-37.4065
-36.4019
-37.223
-39.7189
-42.0087
-41.7944
-41.1316
-40.3008
-39.3129
-39.0896
-40.2625
-41.56
-41.5067
-40.1983
-38.4353
-37.2284
-38.1343
-40.9868
-44.0002
-45.4701
-45.464
-45.1526
-44.3032
-43.5121
-42.0625
-40.5632
-39.5468
-38.0263
-35.8403
-39.7805
-39.6037
-39.8534
-40.4463
-40.9006
-40.7819
-40.3051
-40.3565
-40.9612
-41.2531
-42.096
-44.6701
-48.1341
-48.7665
-37.0566
-19.5134
-5.32847
2.38006
3.77811
1.53203
-5.59785
-11.974
-7.72336
-7.67383
-7.53478
-4.26872
-4.22218
-3.01438
-2.51528
-0.592899
1.60821
3.35552
2.34264
2.46228
-2.45091
-5.44853
-4.87586
-6.47782
-7.96115
-7.77616
-14.6428
1.84073
-18.3239
-20.3898
-7.0545
-13.7847
-13.9202
-24.7912
-31.3165
-14.0149
-33.5431
-35.1263
-20.9579
-26.3595
-35.9714
-23.168
-37.3929
-30.4388
-31.3247
-22.38
-13.0219
-5.37459
-0.52142
0.922292
-1.02825
-5.2799
-9.76478
-12.8025
-16.9781
-20.5739
-20.3679
-20.1283
-21.2439
-22.1541
-21.3437
-20.8776
-22.0304
-24.3816
-27.5031
-30.9489
-31.5076
-29.1792
-27.6861
-28.6378
-31.3323
-33.598
-33.9527
-34.6477
-36.1116
-36.2983
-35.6135
-35.1408
-35.4716
-36.364
-37.5931
-39.1163
-40.4774
-42.0708
-43.7276
-44.6434
-44.9902
-45.4861
-45.7786
-45.7396
-45.421
-46.8043
-48.4677
-48.1271
-44.6303
-41.2132
-39.9809
-40.2004
-41.2839
-43.0227
-45.2574
-45.7705
-43.097
-39.7553
-41.0082
-42.7415
-44.5135
-45.1442
-44.4346
-43.0391
-41.9116
-41.5873
-41.8084
-41.867
-42.5772
-43.4796
-43.5117
-42.6205
-39.5681
-30.8282
-17.9913
-8.26584
-7.82768
-5.96794
-5.65684
-3.14517
0.131625
0.376518
2.76805
6.29111
7.48793
8.50142
10.415
13.4132
14.9485
14.8497
13.3005
12.3146
9.6724
7.14053
6.24151
6.02503
6.41581
7.07477
5.60993
7.51122
-2.09729
-7.00938
-3.31049
-10.336
-13.0281
-24.9815
-29.4458
-13.2949
-25.6289
-24.5563
-17.5882
-21.1021
-28.4416
-22.5047
-37.8235
-30.9872
-28.7827
-19.5524
-11.4665
-3.96706
1.55302
3.76202
2.27934
-2.75257
-10.3898
-17.2174
-22.2437
-21.4699
-18.5161
-18.2378
-21.0807
-26.1162
-29.5661
-31.312
-33.3953
-34.4312
-34.0973
-33.2667
-32.53
-32.0726
-31.849
-32.4909
-34.1112
-36.1711
-36.3185
-35.744
-35.9354
-37.2298
-40.1094
-43.214
-45.062
-44.3063
-42.5636
-41.9766
-41.7571
-41.3057
-41.3159
-41.9274
-42.5767
-43.0846
-44.0906
-44.5138
-42.9461
-42.5761
-44.1155
-45.8748
-44.1011
-40.978
-40.2091
-41.7628
-43.9592
-43.9311
-42.586
-41.6671
-40.8372
-40.0244
-45.9887
-47.1406
-49.9047
-50.9459
-48.8147
-46.5822
-45.9317
-46.3432
-46.545
-44.7709
-43.2113
-42.4907
-42.7211
-43.3101
-41.3392
-29.5671
-16.2851
-6.81098
-4.27448
-1.24312
1.82694
4.60263
5.86247
4.40013
4.58047
7.77773
9.4998
10.5832
11.7629
14.2933
16.2215
16.8371
15.9255
15.1847
13.0213
11.0633
10.3633
11.1352
11.8825
11.6559
9.67419
10.6105
3.95405
0.492292
0.548827
-4.0062
-6.80789
-15.2286
-19.1245
-9.84734
-16.262
-14.2236
-10.2098
-12.3431
-18.3905
-20.9231
-39.3799
-30.457
-27.5756
-19.6217
-14.8525
-12.1794
-10.9242
-11.387
-14.3095
-18.6043
-24.2102
-27.5277
-28.1607
-26.2412
-23.6214
-23.4933
-25.8495
-30.2035
-33.1676
-34.3242
-35.2097
-34.5425
-33.6123
-33.3342
-33.5814
-34.7389
-36.9155
-39.6251
-41.1904
-42.8068
-42.1178
-40.6114
-40.2223
-41.4238
-43.4265
-44.2295
-44.5062
-45.0048
-44.8303
-44.5608
-44.0439
-43.9719
-44.9289
-46.181
-46.1577
-43.3378
-41.0266
-40.651
-40.9452
-41.3132
-41.9737
-44.2203
-47.3495
-47.3504
-44.5011
-41.7027
-41.2106
-42.301
-43.1991
-42.3217
-38.91
-35.0003
-44.2233
-44.2419
-46.0515
-46.1509
-44.8655
-44.6883
-45.877
-47.0889
-47.625
-46.7317
-45.4043
-43.8014
-43.6628
-45.5185
-40.0867
-23.1937
-9.00104
-0.79832
0.208574
-2.06378
-10.676
-21.7637
-12.3545
-12.4948
-17.4603
-12.4326
-12.2289
-8.74212
-9.49519
-8.53709
-4.75663
-0.382072
-0.535497
1.77382
-3.39998
-6.57711
-7.41476
-10.2163
-12.6116
-9.63816
-15.4981
2.43059
-17.4076
-23.1374
-8.37652
-17.3926
-15.5405
-30.8734
-31.7384
-12.6925
-24.6317
-26.1397
-19.3904
-24.6155
-35.2177
-23.1136
-41.3967
-30.9513
-35.5348
-29.7125
-25.9979
-25.5196
-28.0431
-31.7253
-36.7892
-34.2257
-35.3512
-32.2062
-29.3194
-28.1478
-28.703
-31.8527
-36.4965
-42.0743
-43.4165
-42.9219
-42.6348
-41.9399
-41.5068
-40.9676
-40.1821
-40.5882
-41.7353
-42.5258
-42.4131
-43.1735
-42.8847
-41.8199
-40.5784
-39.5503
-39.7034
-41.0808
-43.3359
-44.4709
-44.3735
-46.0969
-48.3018
-46.8176
-43.3103
-41.7262
-42.4892
-44.3123
-45.4061
-45.6282
-45.8478
-47.2393
-48.1246
-48.6112
-49.8325
-51.3765
-51.3301
-48.5531
-45.8133
-42.8611
-40.851
-39.5074
-37.4894
-34.7544
-51.7245
-52.2973
-51.668
-49.8708
-48.8188
-50.1643
-52.8021
-54.1763
-52.7019
-49.1028
-45.4923
-42.9698
-43.0384
-45.7338
-38.6406
-22.9315
-8.8647
-0.85622
0.0510413
-2.29982
-11.5838
-26.495
-13.856
-14.7862
-23.5777
-16.9624
-18.669
-12.7891
-12.7947
-11.9322
-9.72629
-6.83074
-13.0663
-6.54971
-19.9114
-22.6773
-15.6976
-19.9542
-22.1961
-14.3874
-23.2675
1.65974
-22.6559
-33.3629
-9.44119
-19.2837
-17.067
-31.7978
-30.5564
-12.8732
-26.3427
-29.7744
-20.8305
-26.9346
-38.5483
-23.5129
-42.903
-33.3412
-42.5168
-39.3626
-37.9928
-38.2874
-38.8314
-38.035
-36.8459
-27.5898
-23.2187
-20.895
-21.9048
-25.2998
-28.6085
-31.6819
-35.0588
-39.4226
-39.6949
-39.751
-41.6113
-43.6509
-44.519
-45.0415
-44.7618
-44.1766
-43.6969
-44.551
-45.547
-45.9128
-43.4297
-41.6077
-41.4644
-41.8401
-42.3454
-42.5756
-43.8308
-46.1469
-48.281
-51.1123
-53.5505
-53.6536
-50.8424
-47.3888
-45.6574
-45.8833
-46.7473
-46.3539
-45.4148
-47.0872
-50.2372
-51.4067
-49.5142
-47.6902
-47.5619
-47.6754
-47.5107
-46.1694
-44.4144
-43.6317
-44.1698
-44.518
-58.666
-58.4356
-58.4774
-57.9867
-56.7594
-57.0305
-55.9861
-53.6563
-51.8546
-50.3498
-50.2266
-50.5892
-51.8238
-53.2068
-46.937
-30.3121
-15.9264
-6.42089
-5.95451
-7.13609
-15.9295
-28.582
-13.6134
-15.2
-26.2556
-19.6092
-22.7486
-14.8883
-18.5312
-27.2824
-27.5207
-14.8988
-29.1335
-8.89261
-28.9755
-29.5442
-17.8479
-23.3713
-28.2037
-16.2137
-28.8003
1.44237
-24.0366
-35.4512
-9.34761
-19.419
-17.3314
-30.6119
-27.7588
-12.0126
-20.8771
-22.6375
-18.8165
-25.5235
-38.9156
-24.0711
-52.5197
-35.2026
-51.4997
-46.0953
-43.6461
-42.645
-40.2613
-36.4716
-34.7875
-28.8124
-27.0238
-26.3378
-28.7913
-34.2929
-38.3936
-40.0197
-38.7418
-40.782
-42.3587
-44.8851
-47.6128
-46.7381
-45.6221
-46.1291
-45.5912
-44.2885
-43.8822
-45.7327
-47.671
-48.743
-46.5747
-45.2607
-46.3138
-49.4239
-54.8964
-58.3077
-59.8767
-60.3546
-58.7326
-57.9785
-55.959
-54.6495
-54.5224
-54.4328
-53.8799
-53.5162
-54.5255
-56.7275
-57.1667
-58.852
-59.6633
-60.4929
-60.448
-57.3841
-56.1129
-54.5837
-53.18
-50.8258
-49.4335
-49.7373
-50.1704
-50.4092
-73.6461
-69.4236
-72.0593
-69.641
-64.7804
-64.6519
-64.5329
-63.2194
-64.3144
-63.9666
-64.2679
-62.5775
-63.2857
-64.5532
-61.8712
-44.3739
-28.7327
-13.8915
-15.3343
-13.3097
-22.0185
-37.8388
-14.6587
-16.5698
-40.1061
-26.0037
-46.9767
-18.6482
-24.1075
-59.445
-43.1101
-16.6868
-55.6708
-9.71384
-51.637
-55.5516
-20.1443
-28.9275
-45.2958
-18.1786
-52.3399
1.46152
-26.4714
-45.6857
-9.39072
-19.8379
-17.598
-37.1785
-38.1875
-13.6304
-28.9593
-29.7159
-20.2554
-26.6798
-42.2928
-23.743
-60.2708
-35.8731
-59.0791
-50.2713
-47.8411
-48.4163
-47.1953
-45.201
-48.7707
-38.1694
-41.0899
-39.1543
-38.936
-41.8638
-43.7311
-47.0893
-45.2861
-47.8661
-49.1388
-52.0195
-56.3316
-57.4453
-57.3201
-59.6184
-60.5083
-63.7339
-63.8124
-62.198
-57.8759
-60.5151
-61.3192
-61.741
-60.9958
-59.0717
-62.5933
-64.2214
-64.2377
-61.9233
-59.2048
-60.8687
-63.6302
-64.2066
-63.4374
-61.8588
-62.0225
-64.2379
-67.9653
-69.798
-65.8685
-68.9229
-68.3365
-67.3449
-68.8611
-65.387
-64.9383
-62.7171
-62.6543
-61.7895
-60.6683
-60.5927
-60.2785
-61.1518
-82.1643
-73.3158
-82.8454
-80.4918
-70.786
-73.1455
-79.7946
-77.9323
-80.1195
-73.5508
-76.3618
-75.1235
-79.0366
-80.368
-70.6149
-60.0187
-39.5453
-16.9469
-20.8584
-15.9157
-25.158
-44.4506
-14.3735
-16.5306
-42.4058
-26.1455
-49.7443
-18.4616
-23.9095
-66.7704
-43.2331
-16.4732
-59.7286
-9.57211
-53.0138
-58.7747
-19.9623
-28.9346
-46.7478
-17.9722
-53.9505
1.69901
-26.2358
-46.3721
-9.16765
-19.7141
-17.4205
-40.2941
-49.5777
-14.1771
-43.486
-58.0589
-22.2006
-28.6775
-46.4697
-23.8191
-74.8869
-35.803
-71.7708
-57.7821
-57.325
-59.3862
-53.2426
-48.7634
-61.7367
-42.2312
-56.5029
-55.8081
-53.0059
-57.2023
-52.3294
-55.632
-53.151
-60.7313
-59.0868
-59.8314
-67.1053
-69.3538
-67.3493
-72.6823
-70.1282
-76.2792
-76.7986
-78.6124
-67.0754
-79.2758
-76.7992
-79.1988
-78.4592
-68.0902
-77.2073
-77.1836
-78.3733
-78.3085
-71.1686
-76.0836
-77.8946
-74.7842
-76.4921
-76.5383
-76.963
-77.3582
-79.0329
-81.5028
-71.2139
-83.9
-82.3885
-77.0886
-78.4775
-71.4093
-74.8916
-73.8776
-76.6567
-74.7316
-73.5631
-80.6541
-80.4592
-79.8891
