80
10.032
12.7014
10.7696
5.73991
8.28992
11.3242
9.22644
7.73404
5.51632
8.32201
19.2679
25.5836
28.5363
27.0205
23.2315
19.302
19.5325
21.6653
21.9975
16.0826
11.0218
10.0368
12.4111
11.6285
9.51535
11.9852
17.8125
21.4417
22.9661
22.9726
20.3224
17.1497
16.7981
15.9686
19.0957
17.2744
13.3643
2.8123
-1.64507
-0.0354825
6.43492
9.00424
10.2504
5.8962
11.397
19.8718
21.9808
19.7457
12.3421
15.7067
23.3256
25.9636
24.5786
20.2783
14.73
10.7356
4.00453
4.02223
5.59543
5.38653
4.45413
11.3876
19.0011
25.3202
28.7161
30.2931
29.0105
24.6692
15.8754
-1.28862
1.68388
10.4157
12.3245
10.9534
16.0287
18.4856
17.6359
10.902
3.26842
3.40028
10.1776
25.3773
35.2514
41.8167
46.3917
47.2486
47.5461
53.1807
58.5927
59.1128
53.8841
44.9269
29.5523
25.3388
11.8973
20.3121
38.2207
43.6628
46.8768
54.0161
63.093
71.1348
76.0978
78.0619
76.7088
72.3546
63.718
56.3143
50.9468
48.7019
48.2808
49.6615
48.4846
45.9696
44.2949
45.732
46.5476
46.2251
29.0855
27.3052
23.0705
18.2094
17.9102
20.3332
21.5421
21.9226
21.3914
20.0306
20.275
22.0191
22.3995
24.8329
27.1764
27.1814
25.2168
22.145
17.1996
10.3505
9.2659
14.9342
17.4558
17.3716
18.9598
20.7107
20.4452
19.8465
21.2477
20.8485
19.016
20.5113
23.6016
25.495
24.6221
20.9775
16.4216
16.53
17.2206
15.1224
10.2353
17.1514
21.2237
22.3349
21.3021
22.4999
24.7476
24.4989
20.2647
16.6278
23.2456
28.5356
28.8915
25.4043
22.2587
21.7414
19.567
14.1776
13.4287
18.2713
21.1396
21.0533
19.304
18.6016
20.0622
19.4695
17.8084
17.0466
16.2971
12.7331
7.84433
12.0548
18.0584
21.3765
22.4588
23.7275
23.0626
19.4825
13.7331
14.2348
18.9083
25.6755
38.9987
49.9919
58.0892
63.6587
67.5603
70.1503
72.1283
74.2297
76.3075
77.7861
78.5659
77.9862
75.4911
70.3499
60.3858
52.5005
71.8383
83.1897
88.9646
90.2373
87.3069
80.3604
71.1859
63.6194
57.7456
58.4317
63.485
70.3011
75.088
76.625
74.2505
67.7685
59.919
57.5511
55.2823
50.9172
21.072
21.9303
20.0438
20.2299
22.8425
24.18
26.651
28.6029
27.3134
22.7987
18.2354
17.4932
20.5896
24.5903
25.0081
22.0826
18.2996
19.5216
20.5357
17.6072
11.355
10.2761
14.4433
18.3885
20.6516
20.1597
16.9727
14.9186
15.0007
15.9693
16.0671
18.2641
24.7192
27.6392
26.2197
20.7518
17.1395
19.1361
21.3604
21.9516
24.0694
26.079
28.7383
28.0255
24.3467
18.9596
18.9037
18.1459
15.418
15.7903
21.2434
25.8929
27.4806
25.7846
24.138
26.5979
28.1099
25.5049
19.5224
16.9816
17.3313
15.387
14.1251
16.1939
17.7208
17.5726
22.1231
26.336
27.1282
23.6752
17.4379
15.6863
15.7902
12.773
11.8078
14.4932
17.1513
17.7256
19.1237
22.8359
26.0802
29.7274
33.3082
37.5136
43.4404
50.4547
53.9138
53.5657
51.6526
58.5012
68.455
75.8932
81.0723
84.5741
85.9793
85.0347
82.6818
82.8434
87.5984
92.468
94.9089
94.2813
90.3161
82.8444
72.7618
65.1477
66.2212
69.8865
73.88
77.8248
80.6513
81.1066
78.9663
74.155
67.5174
63.4443
61.4181
58.2109
22.2354
20.4165
17.6745
20.519
24.9005
27.7405
29.5009
29.3127
26.5589
22.6623
22.2435
24.3458
24.5579
22.331
19.0102
16.3153
16.6825
18.0509
18.4897
18.8311
18.3187
17.6048
19.8092
22.47
21.3564
15.5768
11.6214
15.5368
18.2403
17.9588
16.6036
18.4943
22.0499
23.0293
20.5359
14.6567
9.46213
5.5831
4.92549
8.04768
11.2183
13.5196
15.3255
17.8104
16.6249
15.0804
16.2645
18.0096
19.7702
21.8639
22.1369
20.6714
20.3354
21.6995
22.5562
23.4353
24.3016
23.2886
19.512
13.2398
8.06445
9.41168
17.8619
24.5766
28.2242
29.6426
29.4545
27.4221
23.0083
19.6482
21.5123
23.1826
22.0342
18.4687
16.051
17.9536
19.6952
21.515
23.3624
23.2163
19.4617
12.4215
13.8873
28.8496
40.3111
47.4738
50.8735
51.1648
49.3616
45.0824
35.0945
35.213
48.0962
61.1348
67.6747
68.9556
66.283
65.8242
70.0529
72.2629
71.8298
71.172
71.1186
70.0743
70.179
75.0923
77.8561
76.4623
72.5516
68.6359
64.3532
63.3083
71.0601
76.9153
79.1783
78.9142
77.0565
73.203
18.0424
17.401
15.4469
12.6134
7.76715
6.4803
11.6227
14.2313
12.5198
9.71834
13.882
15.2711
11.2559
-1.49053
-3.00275
11.4617
16.7008
16.8637
14.9611
16.2364
21.4431
24.9127
27.659
27.7546
24.1375
16.6809
7.70096
9.31743
17.1303
21.0428
19.7329
13.7884
7.78609
11.8507
16.5635
18.7619
18.4651
18.3499
17.2556
18.0551
16.7603
13.362
9.65687
7.91129
10.4322
13.3398
14.8361
13.9804
13.325
16.9755
20.292
20.0001
15.766
9.86699
8.48025
10.3832
9.77063
4.86765
-4.35783
-13.7979
-6.50504
9.5903
17.7998
20.3128
19.0586
16.1701
13.3414
10.4265
10.8512
12.3867
12.451
10.4565
4.13391
-4.55546
1.75234
7.68288
11.3084
11.8482
11.5789
14.3111
17.5275
18.1693
23.8512
30.1757
37.6297
46.4389
54.7968
58.1417
56.9556
53.0225
50.8587
49.8041
49.2955
49.8595
49.3046
45.5072
40.7068
42.7576
46.964
54.9971
63.6818
70.9073
76.3657
79.6077
81.5212
81.4789
79.6728
75.8585
73.3559
75.7525
78.2448
79.0171
80.1385
81.3116
80.6439
76.9126
69.5957
61.3009
-2.24729
-0.350118
1.86776
7.31067
11.8802
15.1116
15.8175
13.2672
9.17177
14.3322
19.8937
21.5284
19.4848
16.8761
17.6549
21.3636
23.8557
23.9677
23.9976
26.7989
29.7764
30.8293
28.3146
21.898
12.5272
6.27733
11.2678
17.5711
21.2825
22.1243
20.9633
17.5345
12.4602
8.31386
7.59266
5.84452
5.86566
3.04669
6.22771
12.3785
19.3577
21.6796
19.9614
15.272
9.88109
4.10294
1.70106
8.45832
13.7292
13.6043
8.35473
3.51533
9.54318
14.7023
16.3518
14.2451
8.47118
3.56994
2.54301
3.49887
7.46441
13.9512
19.466
22.6004
24.5414
24.953
22.871
17.7231
7.76981
-1.2146
-0.237036
1.34349
1.66994
2.36684
3.51678
4.87873
8.36436
11.5809
12.7382
13.5151
16.9495
20.6952
28.6824
42.3845
55.3257
64.5847
69.2255
69.5446
66.2014
63.4923
67.2673
71.5533
73.1231
71.4414
65.6613
53.4036
34.6715
54.0652
66.67
73.3505
76.2202
75.8545
73.7792
71.5579
69.2994
69.5718
72.482
75.7686
77.7151
77.9296
76.4708
73.6552
68.4449
63.3868
61.3026
58.8286
53.0538
47.3212
8.6615
7.30086
2.75495
-0.774564
2.36652
5.19658
7.25841
9.39354
12.7249
18.6311
22.1952
21.0967
15.2483
6.69838
7.8399
9.46814
8.60888
8.16936
7.70943
10.791
15.0105
16.6672
16.83
18.7325
20.172
18.6996
15.6119
15.8574
16.0881
12.9064
5.41515
9.67411
13.5261
13.7429
11.2386
11.8305
16.9756
22.4372
24.9454
24.7832
21.7187
18.6321
17.3507
15.2934
12.0021
9.34964
7.41036
10.9171
17.7166
21.6634
21.3827
16.836
10.9475
8.69717
6.84671
1.88315
-0.635773
0.79333
3.76852
3.00893
0.510824
-1.56837
-0.483683
-0.0329694
8.23569
13.4702
15.1275
13.2487
10.8799
8.77534
8.22471
11.6712
15.2117
15.1326
10.68
6.40958
7.00764
7.96975
6.03025
6.34369
5.51905
8.75533
15.637
34.8914
54.3365
65.1201
70.2389
70.7523
67.3554
61.9294
58.9861
62.5912
69.4463
74.634
77.3435
78.4007
78.8361
79.156
78.9266
77.6142
73.5999
65.5811
54.6958
66.2628
76.9188
82.1534
83.3497
81.1321
75.4118
66.5504
55.2703
54.1999
60.1188
62.052
59.898
53.948
45.1615
37.9545
18.1019
19.8537
18.576
13.9289
6.46214
3.00565
5.71076
6.37201
6.65462
15.5327
24.5417
29.8195
31.4645
30.8086
28.3683
24.7929
21.8349
20.8246
19.455
17.8098
20.4348
24.9754
27.5622
27.1082
24.564
23.0378
23.7589
23.1442
20.5936
18.573
19.9252
19.5836
16.2418
10.7214
6.51178
5.29386
11.8236
20.0657
23.7318
22.7928
19.9461
22.1327
25.938
26.5476
23.3307
17.3718
12.6048
12.7117
16.9006
21.4429
22.8217
20.8731
16.194
10.3854
2.78997
-4.29349
-6.29633
-3.89403
2.42781
7.46248
13.9627
19.5348
22.9351
23.8019
21.6874
15.916
4.80924
-3.54828
6.66534
17.0325
23.2157
26.1826
25.7667
21.58
14.6824
11.844
13.2089
11.4411
7.35139
1.98577
1.98193
4.02609
15.0174
39.0817
50.8792
56.5132
57.8885
56.9115
55.5237
54.4259
52.9831
51.4564
51.1935
55.5285
62.9593
67.9474
68.9783
65.8216
60.3076
56.0326
58.8753
62.2177
65.2307
69.7107
73.4656
74.2722
71.1486
64.5128
59.4189
58.3716
57.7624
53.8431
49.9718
47.0818
45.5708
45.1815
45.0291
43.0133
10.0195
16.9146
18.1707
14.5483
6.0101
-4.84756
-4.71781
2.05661
8.47899
14.5978
18.6392
21.4477
24.5172
25.0481
21.3618
12.75
7.91722
11.3521
12.9721
13.1342
16.4985
18.6807
18.2939
16.3102
15.2125
16.6382
17.9828
17.0385
13.306
11.247
12.9285
15.0892
14.6406
12.9225
13.6595
13.3548
11.7581
12.6765
16.338
17.5445
17.8933
19.6503
22.0409
22.2591
19.7574
15.2256
10.2716
6.31465
11.4137
15.1281
15.6602
17.0948
18.6761
17.5102
13.0689
7.52763
5.2768
8.43009
15.0376
20.451
22.3177
21.619
20.6927
20.0985
17.5217
12.0687
9.31261
10.5627
12.0386
12.2084
12.9164
14.7328
16.4799
17.7102
17.7494
15.9036
13.0401
10.7456
10.553
12.5588
15.9079
18.9632
23.3561
39.2541
54.1123
62.9491
67.8446
69.0717
66.9997
63.2041
61.1377
60.161
57.0983
53.4316
54.7672
54.4208
48.7388
39.864
35.7361
46.9682
56.6029
60.1733
60.5332
59.9351
59.3656
56.9215
53.8178
52.8061
52.6677
49.8956
45.2623
41.957
44.5486
46.67
44.95
39.499
36.777
39.7814
10.1674
12.5634
12.8344
10.3107
6.52975
3.19765
-1.03427
-3.64695
-2.27712
-1.94315
1.63273
9.69449
15.7292
17.9893
18.179
19.0603
21.4362
22.6251
21.4778
19.6992
16.3794
10.599
1.06823
-6.62087
-4.71184
-2.92641
1.51344
7.95286
13.549
17.1882
18.7924
18.8805
17.4088
14.3716
10.8253
8.43333
6.00309
2.26978
-2.01387
-5.35944
-5.05846
1.23657
7.48572
12.7003
16.8575
18.6944
19.2938
18.6024
15.8484
12.2271
15.3387
21.4988
24.9208
25.1531
23.3614
21.5954
19.8398
16.2628
11.372
7.36451
9.12186
12.765
15.6204
16.3065
15.8413
14.0846
11.8251
12.5527
14.7625
16.1035
15.3654
13.1597
10.2738
7.15529
7.29238
12.0259
14.7882
14.0006
10.1337
7.95909
10.5638
13.1461
19.0783
34.5227
53.2557
65.235
71.8786
73.8487
71.581
67.1808
67.7939
71.4768
72.9251
71.8508
68.0353
61.0038
52.8109
52.5416
55.4531
56.9764
56.2664
53.2204
48.4941
49.8995
54.5298
57.1484
57.4882
55.7992
53.957
53.7864
56.3828
59.4278
60.2918
58.0104
52.216
44.9248
40.1578
37.6341
14.0544
16.2225
16.4053
15.3821
12.4347
8.01537
5.96065
8.24407
9.47573
7.99494
4.21707
1.67938
8.47082
14.9391
19.3046
20.7495
19.1492
15.4679
13.1163
14.2839
17.3639
18.7518
17.4592
14.1084
9.9686
7.95752
11.6514
16.6354
18.1732
16.7978
14.8208
16.2359
18.2154
17.7089
14.0986
7.15688
2.52581
5.85587
10.1451
12.1291
10.7156
7.52086
10.2315
15.6526
17.1098
14.6886
11.9785
15.8339
19.3431
19.6985
17.7059
14.4161
11.0454
8.91762
7.0741
7.50611
10.1903
11.6649
9.46924
5.9206
4.66862
6.35983
7.62857
8.32462
12.2896
15.9409
15.6792
11.4933
5.74818
3.00316
1.34005
-1.93955
-1.26429
1.88628
6.68273
10.5732
12.8316
12.6716
10.3028
6.55421
5.79155
12.4363
22.1468
30.181
39.8299
49.6179
55.642
59.513
61.0285
60.1245
58.1463
58.3427
61.6995
64.5092
65.1956
63.7112
60.9746
57.8056
54.2447
49.8798
47.8642
51.415
57.464
61.6812
62.6478
60.9509
58.6921
61.8168
66.4697
68.3273
66.7804
62.0057
56.0796
52.7841
51.4561
49.1897
45.0966
37.6303
6.75522
0.425005
-3.24086
-0.924545
1.44727
4.11372
6.71328
6.4284
3.19222
4.05573
6.42874
5.85558
0.921891
-3.84039
-0.388504
6.13126
9.04449
8.10501
8.15772
14.0435
17.5705
17.1733
12.4778
4.44331
2.86618
9.66835
14.2828
15.227
13.0745
8.62912
7.20671
8.87752
10.6276
10.7483
10.1734
9.92532
9.08659
10.6949
14.7886
16.8156
16.9018
15.405
14.5899
14.5646
13.9181
12.8675
12.2473
11.0955
9.6255
7.2549
4.8157
5.09724
5.93643
4.55897
4.00735
7.20202
8.60566
6.1694
1.68314
0.107402
6.24134
11.8019
13.6938
12.8206
11.1047
10.7359
12.6744
12.3553
9.08932
3.80541
-0.681601
0.477199
3.16
5.35408
4.12919
0.608955
-0.796836
0.321492
4.61426
9.35099
11.2424
12.5632
20.6613
28.1089
39.8583
51.4326
58.7092
62.5066
63.7445
63.7729
62.4762
60.0285
57.4398
55.9404
56.1868
55.1098
50.5837
42.6647
37.9017
44.6212
53.4483
60.3898
63.8761
63.8996
60.7429
55.3463
55.3072
59.7832
62.2693
61.3442
56.9275
53.1822
55.5336
57.3386
56.0692
50.7664
41.6585
32.6828
13.9597
13.2893
11.5854
9.8287
7.41352
4.73763
2.51285
2.34658
4.27115
8.90219
13.6113
15.0088
12.2309
5.75382
-0.985251
-3.77073
-5.18997
-5.98891
-1.59031
0.127269
0.824618
-0.376486
-1.05176
-0.614561
5.48361
11.2444
12.8882
10.9746
7.42984
5.89965
5.26339
4.13859
1.66607
0.881259
4.05823
6.34091
5.61764
0.872752
-8.11806
-8.66924
-12.1735
-4.83637
4.75391
8.59929
8.4956
7.04419
6.67064
4.3217
1.07979
0.320022
2.51816
4.09959
3.71052
3.05029
4.00912
4.69769
3.47063
0.304333
-2.41506
-2.40573
-0.600022
2.24291
4.49121
4.58153
3.94711
4.30895
4.46558
5.02192
4.54745
2.64879
1.38935
3.26866
5.46431
4.10682
-0.828133
-2.07613
1.7587
4.58914
5.99817
6.91931
7.56104
9.67706
15.7201
32.9033
47.6071
57.1804
61.308
60.7332
56.6014
50.5458
46.7555
45.168
44.3841
42.8077
37.611
33.754
32.3035
33.2545
41.8251
48.7108
51.387
49.5057
45.7584
46.2322
48.3862
48.1581
45.1517
42.8228
41.6384
43.3069
45.5312
45.2549
41.4564
39.4369
39.071
38.4904
34.105
27.7963
-1.30486
2.69964
3.73418
1.70805
0.0553685
1.8575
5.7235
8.26749
9.72392
11.7131
13.9199
14.5628
13.1855
10.3599
6.73891
2.33296
-0.34122
2.48031
5.0609
4.93044
0.702949
-6.35457
-11.3547
-3.97254
2.06529
4.50569
3.62277
0.650604
-5.25189
-9.93762
-8.67652
-3.18647
0.423707
1.17304
2.45553
2.78825
-0.0225908
-4.64008
-6.27339
-6.05486
-2.70781
2.7282
5.8925
5.91984
3.26263
0.939196
-0.189151
-0.529789
-0.0404733
2.53967
3.31395
1.64864
0.413712
1.44944
2.56138
3.19979
3.47029
3.97131
4.92327
4.66201
2.63926
-0.776175
-3.20888
-0.24868
2.34734
2.43035
-0.769028
-4.15894
-3.77244
-1.75058
-0.133837
1.84288
4.09963
4.46935
1.51196
-4.3919
-8.7876
-11.0388
-9.08408
-1.41787
4.53114
10.6046
21.8791
34.6488
44.2109
49.5135
51.2555
50.7657
48.4837
44.465
41.0911
43.5908
46.2298
45.3503
41.345
39.4555
42.8315
45.1638
44.1888
40.7346
36.899
36.0921
36.9568
38.6515
39.6517
42.6573
47.6299
50.7647
51.1962
47.6827
41.3768
34.4898
33.819
33.947
31.6377
28.0666
24.6505
23.3739
0.587876
2.29453
2.0337
-0.81863
-5.23943
-6.19484
-2.00125
1.82126
3.49053
2.51572
-0.537352
-3.32096
-2.53887
-0.854393
-2.05048
-4.64105
-6.37351
-2.25183
1.00059
1.18096
-0.838219
-5.15599
-8.89323
-8.08391
-2.29818
3.59689
5.84075
4.30461
-0.591949
-5.35323
-4.83583
-0.815972
0.269825
0.239641
2.84521
6.94721
8.58746
8.07407
5.5246
2.84303
2.31282
1.65722
-0.652874
-2.0557
-0.166542
1.2472
-0.203099
-4.92793
-5.70049
-4.16903
-2.73108
-2.59477
-0.763692
2.01219
3.0232
1.62006
-1.58286
-5.15909
-8.77441
-8.87941
-6.65511
-3.22385
-2.25097
-4.43387
-1.25092
5.47453
10.2225
11.141
9.20307
4.85769
-1.77226
-8.95443
-5.95235
-1.54538
2.43683
3.59823
2.94025
1.18505
-0.857413
-2.4147
-2.2076
0.18062
7.28931
11.0425
15.5514
25.1955
32.1839
36.4669
39.6415
42.9819
45.1325
45.0176
41.9551
37.869
39.4381
43.357
45.0813
43.9767
40.3219
34.6455
31.8345
31.2083
30.2665
25.4232
25.6984
28.0635
33.4049
36.6102
35.3478
31.8286
26.1281
23.6606
25.6437
25.8438
22.9641
21.3942
25.9634
29.541
6.35112
4.67259
2.46135
4.2885
6.26551
5.95959
3.90845
2.63347
1.83944
0.439682
-1.07091
-0.0567733
1.05981
0.351363
1.25029
3.30403
4.655
3.14608
-0.744086
-5.3883
-6.38443
-1.88853
4.94297
9.76546
11.3268
9.82019
6.80592
5.05623
5.19049
5.94024
6.11173
4.86777
3.75365
5.36605
8.43041
9.4513
8.67711
5.99136
3.61339
4.81567
7.97664
10.5567
10.8228
10.2927
11.2613
12.3554
11.8284
8.61389
2.23499
-6.48788
-8.25247
0.709086
8.98986
12.6226
12.8339
10.5104
7.08053
2.35831
-2.46262
-4.15296
-3.62704
-3.22605
-3.80606
-2.46378
0.96537
3.71519
5.10174
6.8355
8.16355
7.37792
4.30161
0.22621
-4.96602
-8.64851
-8.89693
-5.38691
-2.49806
-1.57301
-1.21334
-1.26732
0.419381
8.64554
15.9833
18.9113
19.448
20.9419
22.4994
21.9626
25.0981
31.2419
35.331
37.0403
38.0554
38.1847
35.914
30.6256
25.2599
29.0673
33.654
34.2145
30.9269
24.3419
21.2835
22.6867
26.3471
24.9029
23.4506
22.8148
21.7705
20.5287
21.5011
22.9794
23.2572
21.7597
20.3981
18.7508
19.3283
20.682
6.9876
4.82847
2.83541
4.51564
6.54358
5.88522
3.70381
3.19709
4.20566
6.49736
8.88474
10.1564
10.304
10.5972
9.87785
7.93058
6.26055
8.09813
11.3603
12.4593
11.3056
9.79288
11.0851
12.2697
11.0601
8.63683
7.49018
7.06622
6.13281
3.7652
2.01095
3.29806
6.34257
8.6944
9.98982
11.2079
11.1287
8.97254
4.39527
0.910594
0.736171
2.84984
6.1446
11.4612
14.4191
14.7506
11.984
6.62319
-1.84058
-12.7944
-9.11551
1.10645
6.7939
8.42219
6.24565
1.54397
-0.782645
3.48802
8.75068
10.8999
9.98729
5.84058
2.95476
4.45592
6.97272
5.89784
1.73411
0.479222
2.90684
4.68401
5.16906
6.51406
8.70109
10.1198
10.4607
10.2043
9.50772
8.80543
9.51801
11.3745
12.1324
12.2923
12.697
18.4594
24.1496
28.2853
28.531
25.4872
23.1344
26.026
32.4352
37.9108
41.226
41.9543
39.6864
33.9292
29.1766
34.7205
39.4982
40.8858
39.2514
35.9038
32.4518
31.8578
33.5455
36.9621
38.9263
38.6787
36.1205
30.8957
26.9476
24.0156
24.0166
22.9763
23.4472
25.4114
26.393
25.562
4.04174
6.12772
5.05502
0.551824
-2.2737
-1.7042
-1.9824
-4.99704
-5.39784
-1.58991
1.2772
2.11015
3.74477
4.86043
4.26372
2.07335
0.11334
-1.38604
-3.62819
-1.6337
1.52891
3.48919
5.15246
7.38915
9.22556
8.70218
5.26107
0.0710846
-5.37054
-4.25395
-0.329652
3.13083
4.51207
5.00923
7.11569
8.11016
6.60856
1.6607
-5.7736
-14.879
-20.0557
-20.4129
-6.16249
1.97078
7.7439
9.51183
8.2861
3.88889
-3.1813
-13.0952
-25.8817
-27.8771
-14.4841
-5.94016
-1.6811
-0.255131
-0.729226
0.0523485
0.894563
3.49533
5.78389
5.77708
2.64296
2.66156
5.27787
5.61105
3.77377
1.85077
1.15439
0.755648
2.82592
3.95601
2.02826
-1.70908
-4.19069
-2.60061
4.06885
9.95513
12.1184
9.94803
4.97075
2.95842
9.67557
21.321
33.3948
39.9627
42.2675
41.2277
38.816
37.5291
36.4774
34.4479
31.4978
31.0424
31.9403
31.1494
28.5613
28.5621
30.6351
31.5564
32.1678
31.4774
29.1428
25.9316
27.5072
28.6662
27.5549
28.0102
31.5475
33.4504
31.3245
28.3437
26.4163
24.3047
21.3543
21.3311
23.2427
24.3274
0.264485
-0.855372
-2.11165
-2.76431
-3.81183
-6.61522
-12.116
-17.2428
-12.9026
-7.91302
-3.90245
0.62811
4.2114
5.83805
4.95266
1.40246
-3.35569
-6.98983
-8.45434
-6.10002
-3.11871
-3.29358
-5.67183
-5.37672
-2.96134
-2.31915
-3.98423
-6.80096
-9.91913
-12.2414
-8.80393
-2.33057
1.37322
2.0277
0.0368709
-3.52361
-6.79914
-8.17202
-11.1159
-13.841
-14.375
-10.8785
-5.72949
-3.4487
-4.2114
-5.43497
-5.32925
-4.97689
-7.50255
-13.1524
-16.3282
-14.7991
-7.38463
2.43599
9.07187
11.1282
9.3291
4.96543
2.57445
3.40599
3.03539
0.311006
-4.03208
-6.15683
-4.16992
-1.91682
1.19402
3.01273
2.1741
0.406993
1.08998
1.89132
-0.287865
-5.72902
-9.6604
-5.89539
0.0403493
2.8157
1.46312
-3.74428
-8.74843
-7.53237
2.2671
18.5046
31.3341
39.0912
42.1553
41.0007
35.827
29.2896
28.6548
27.5672
24.3571
19.3719
16.1951
16.3001
19.8796
26.2968
31.2284
33.3869
33.063
33.9424
36.3918
37.5135
37.5449
35.633
35.2274
35.3115
34.4437
31.6593
29.4197
29.8214
30.2869
29.4265
27.766
27.5368
28.3784
28.4783
-6.59359
-10.2741
-13.4742
-7.76605
-2.36247
-0.596676
-2.07148
-5.92053
-11.8362
-15.2646
-15.4841
-11.4566
-9.16656
-8.71674
-7.69427
-4.22449
-3.63161
-6.12871
-10.1199
-10.7998
-10.2457
-9.50569
-4.51297
0.603056
2.63988
1.57162
0.0166971
-0.355915
-2.49428
-7.49454
-11.1557
-14.0671
-10.271
-8.72229
-9.58215
-9.87341
-6.50599
-3.95827
-1.03229
2.1733
3.46222
1.39669
-1.15057
-0.576692
2.30803
3.55451
2.70492
-1.86499
-9.36886
-19.0481
-20.9025
-17.3536
-9.50186
0.282742
6.06946
7.69674
5.79105
1.70707
-1.59893
-4.72763
-6.58961
-5.775
-5.32988
-5.97301
-5.48407
-3.26638
-0.554143
0.0609622
-2.38898
-5.26395
-2.52742
1.26971
2.03867
-0.845969
-4.64389
-3.35143
0.578361
2.34088
1.03377
-2.4405
-4.3036
-1.44986
6.63627
14.2675
16.2756
18.4872
20.1558
19.791
16.8135
14.2703
15.2424
17.2418
18.6557
18.7221
21.0769
26.2315
31.9472
36.5364
38.9735
37.937
33.5213
29.9617
32.2439
32.3909
27.4653
20.0442
17.8987
19.3034
19.1837
19.9405
21.9501
21.8839
21.3737
20.051
17.7806
14.318
9.30135
9.89263
-16.1413
-16.2801
-13.5475
-9.05573
-5.09111
-4.48097
-5.94024
-6.80844
-7.37464
-8.87274
-9.72317
-8.95724
-10.1445
-12.8231
-11.0236
-6.27107
-3.00907
-1.79322
-0.730255
0.0668831
-0.799422
-4.13857
-8.95493
-7.17983
-3.15708
-0.983004
-1.85468
-5.77263
-12.0866
-16.3846
-22.6451
-20.2061
-10.9533
-2.56753
4.28036
8.02187
9.31316
8.34941
6.83154
6.15084
4.90691
3.50068
3.51419
3.38062
1.41873
-1.2406
-2.93542
-4.5904
-6.83324
-11.056
-16.7521
-15.5943
-13.0861
-9.06016
-6.86859
-5.81893
-5.19169
-5.95729
-8.77448
-10.1454
-8.20325
-6.71879
-7.69226
-10.606
-11.9701
-8.47644
-4.75041
-3.82713
-5.66508
-6.66713
-4.1253
-2.18381
-3.55433
-8.5014
-19.3765
-22.6061
-16.4485
-12.058
-10.248
-10.7011
-12.9395
-10.5105
2.22273
13.6705
20.9029
26.3376
28.7592
28.7258
27.7621
27.7468
28.6548
29.6631
29.8791
31.9892
35.6198
36.7005
34.7382
31.0221
28.8502
26.7402
23.0861
20.4197
20.8273
22.3661
23.5545
25.7102
29.0311
30.6531
30.3251
28.3311
26.6887
25.903
24.8044
20.734
17.6004
18.3217
18.5552
17.9729
-2.22143
-4.66815
-4.4476
-2.65624
-2.57313
-5.10026
-8.91738
-9.05891
-7.9922
-9.70415
-13.7311
-13.5145
-10.1187
-9.71688
-12.5823
-11.8698
-7.10111
-3.16386
-0.018653
1.54607
1.04994
-1.77459
-4.95287
-6.79203
-6.23286
-5.04621
-4.9072
-6.47673
-10.8637
-15.6775
-19.5746
-18.9062
-9.95185
-0.467333
4.42346
5.64881
4.1306
1.22752
-1.93838
-6.53774
-8.66246
-3.20163
1.35498
1.84076
0.0785551
1.78192
5.64735
6.81047
4.55789
0.159255
-2.94935
-4.05456
-5.25226
-7.1592
-8.54831
-7.18617
-4.8466
-4.77273
-7.59975
-12.1612
-13.6755
-13.9098
-14.5464
-16.4776
-20.1378
-24.5949
-21.2468
-18.0768
-16.6109
-13.7654
-6.20213
0.134111
3.37702
4.32255
4.28355
3.13855
1.73919
-0.0348372
-1.56839
-1.20891
1.23462
2.29746
5.09891
18.9814
32.4473
39.169
41.7042
42.1024
41.3694
39.7951
38.4005
40.4972
44.234
46.5231
46.2865
43.5535
39.1493
36.3087
34.3255
32.8309
32.4417
31.961
31.6037
33.8551
37.5714
41.0639
42.7968
42.0449
39.1585
35.923
33.1163
31.0348
32.6307
35.1047
35.9424
35.492
34.2917
33.0566
1.95413
-1.10035
-3.93075
-6.05994
-9.45924
-14.7059
-16.5884
-14.4744
-12.7034
-13.0292
-15.6483
-15.2148
-12.9897
-13.3017
-15.8979
-16.6995
-15.9923
-14.8989
-13.2197
-10.6193
-8.5951
-9.12319
-11.4573
-11.5017
-7.64237
-4.84089
-5.27713
-9.16796
-15.7302
-21.3237
-19.3746
-14.0685
-8.6738
-5.2192
-2.98749
-3.16717
-5.7227
-8.93851
-9.98157
-8.54437
-7.42783
-5.55276
-2.52586
-1.37531
-3.00853
-5.7463
-5.79895
-4.13099
-3.62623
-3.8041
-4.59502
-6.3286
-8.69242
-10.9053
-12.4844
-9.81373
-4.18896
-1.10923
-1.91149
-6.14115
-12.3407
-14.242
-10.211
-8.02888
-8.30917
-11.2406
-13.6142
-15.7345
-18.7038
-20.5065
-15.8422
-9.01354
-5.18863
-3.1996
-2.24662
-2.05326
-3.15124
-4.87525
-5.87213
-2.75789
1.17872
2.44972
5.95197
23.8683
35.465
41.6671
43.2245
44.0694
47.7959
51.0544
50.9344
48.5696
48.6552
50.7347
50.7469
49.3566
51.8982
56.0108
58.09
58.3625
57.0364
53.6492
47.6958
41.2252
38.9601
40.9953
43.0824
43.977
44.0178
44.9339
44.7685
41.1573
36.1227
33.9696
32.5086
28.8741
25.9953
24.7455
-0.194039
-0.405186
-2.94529
-7.33161
-11.3837
-11.2385
-7.22532
-3.04509
-0.706195
0.559269
1.53479
2.50825
2.59349
0.894626
-3.34367
-8.00575
-7.43966
-5.20613
-3.95951
-3.96091
-5.56461
-8.78686
-12.0405
-12.2453
-10.1704
-6.44805
-4.1179
-4.52233
-6.51309
-5.3048
-1.31098
3.04373
5.84884
6.17489
3.75566
-0.923008
-5.45036
-6.2683
-2.35795
0.130528
0.00791915
-3.11019
-5.68592
-2.57188
-0.858819
-2.95056
-8.47555
-15.0077
-17.0525
-17.9982
-12.7924
-6.1929
-2.38222
-1.55334
-2.58107
-3.41409
-2.36234
-0.987508
-1.02668
-4.44206
-8.98913
-9.21253
-6.91544
-5.23032
-4.06034
-2.62934
-1.83006
-1.35414
-0.835236
-1.28806
-2.91488
-4.55594
-3.74879
-3.40141
-4.31227
-3.99497
-1.31171
0.483161
-0.320228
-2.8724
-5.467
-5.76441
-1.05292
16.2638
34.6119
45.844
52.9343
57.6993
60.6696
61.6921
60.6806
58.1803
56.3377
56.0568
55.7857
54.3992
51.9741
49.7871
49.9034
52.0338
55.3452
58.3577
60.0436
60.131
59.7223
59.6032
59.6198
58.801
57.981
57.0402
55.0779
52.6642
50.437
47.379
43.5135
41.01
40.4609
40.3387
-0.335335
-2.30408
-7.50836
-10.4748
-9.05182
-7.15777
-4.54091
-2.02507
0.375093
2.54824
3.25155
2.7586
3.52294
4.68788
3.96986
0.661609
-2.95974
-3.34794
-1.98176
-2.69663
-5.45491
-8.88413
-9.98191
-8.70686
-7.26243
-6.03718
-4.46976
-2.03049
1.40472
4.87057
7.05853
7.79049
7.72362
7.68249
6.55882
3.45061
-0.979108
-2.57617
-0.544026
0.0341227
-1.41039
-2.92611
-0.933029
1.62839
3.5819
3.20977
0.0302424
-6.4939
-13.1975
-17.9839
-14.9645
-10.8113
-8.94445
-8.90511
-8.693
-6.69943
-5.33615
-4.6721
-2.65162
-1.69241
-2.10552
-3.05848
-4.06663
-7.36256
-11.3574
-15.7533
-14.9619
-9.60797
-4.91349
-2.93905
-3.0912
-4.05637
-3.98573
0.216711
5.2677
7.73599
7.66536
4.99116
-0.0723977
-5.97393
-5.3215
-2.70902
0.751866
5.43617
19.4298
29.9428
36.3293
40.033
41.2619
40.603
38.2893
36.7737
38.3079
41.4963
43.3961
43.2174
41.4871
39.308
37.3925
37.5152
42.5238
47.9288
49.7495
47.9556
45.7592
49.5576
55.4023
59.413
59.9364
57.1651
52.8208
50.574
51.3761
53.0331
53.8897
53.9625
53.4038
51.3062
-1.75888
-1.45835
-3.73741
-5.78724
-6.33631
-7.48236
-10.3103
-13.1146
-11.8953
-9.6024
-10.9544
-16.3529
-24.7551
-16.9074
-10.1515
-8.45936
-11.3403
-17.1273
-16.0987
-10.0288
-5.38739
-1.70891
0.267088
0.3327
-1.35209
-4.61402
-7.33502
-6.39182
-6.12315
-5.61718
-3.64336
-1.50752
-0.0244415
1.3441
3.00072
2.82034
3.03191
5.93979
9.09682
9.75283
7.27265
3.53019
2.13024
2.72069
2.71463
2.09168
-0.0877116
-4.25493
-7.40834
-4.40936
-1.92222
-1.39525
-3.12766
-7.80638
-12.0703
-10.0286
-6.08588
-4.50348
-5.00639
-6.59344
-6.83039
-5.12502
-3.72428
-4.26991
-6.50104
-6.03883
-4.32526
-4.14852
-6.76569
-11.1391
-14.5612
-14.7865
-10.0505
-4.76188
-2.7788
-3.79559
-5.32976
-3.57676
-2.73098
-6.0899
-12.2884
-9.04827
-0.0183984
9.3345
17.6611
26.1953
32.4308
34.9752
34.0216
31.6087
32.4367
36.2484
38.8078
38.3868
34.6679
29.6547
29.0337
29.0203
28.096
27.141
28.4933
35.1082
40.6782
43.9677
46.7783
49.3752
50.9088
52.3635
53.9673
54.5467
53.9278
52.7952
52.1635
52.8949
53.9484
53.8037
53.3963
53.2195
-19.1317
-18.2655
-14.3762
-11.5728
-8.66432
-5.55516
-3.84981
-3.84575
-4.74636
-6.15175
-8.17149
-10.4374
-9.29728
-5.36958
-2.37813
-1.09687
-1.07723
-1.28904
-1.36
-0.942471
-1.08483
-2.71581
-5.3015
-6.77139
-6.88404
-7.5314
-8.3028
-5.31474
-0.243413
3.28719
4.18391
2.47293
-0.170007
-0.451868
0.323164
-0.63022
0.256796
3.95961
6.56803
6.40997
4.05622
0.316536
-1.95498
0.671644
3.65143
4.18674
2.01535
-2.10911
-6.63176
-7.56817
-4.59734
-1.24229
2.15658
5.06188
6.11208
4.64335
0.995804
-1.47715
0.363498
1.79129
0.354575
-3.5866
-7.87596
-9.27129
-6.93108
-4.49819
-1.84927
-0.532915
0.494841
1.08089
-0.0351986
-3.54578
-6.42199
-5.08267
-1.98922
-0.28411
0.301087
1.05527
1.99229
1.43404
-0.604601
2.51624
12.7924
20.3197
26.5742
34.5293
42.4612
48.1673
50.8037
50.432
47.6028
44.3151
42.677
41.3273
38.2815
36.4454
40.0037
43.6225
44.285
43.0979
43.2269
45.617
47.302
47.4708
47.9782
48.9221
50.7829
53.2071
55.2601
57.3898
59.4188
59.6882
57.3006
53.5748
51.8539
52.6217
54.3456
56.0157
-0.55887
-3.1965
-5.52145
-7.76548
-8.66086
-7.93516
-7.22945
-5.86688
-3.83826
-2.03903
-0.611857
0.70931
0.983965
-0.853485
-4.98963
-8.89896
-7.9886
-4.90895
-3.09342
-4.23965
-8.03254
-10.3589
-5.08868
0.24821
2.49244
1.61893
-1.80733
-6.65692
-10.4588
-8.72122
-2.38864
2.99048
5.00707
4.67565
4.7618
6.93513
8.90119
8.44146
5.30163
3.35796
6.38569
8.70013
7.90825
5.04043
1.93214
-0.578417
-2.99895
-5.54737
-6.68233
-3.49931
1.26108
3.96961
4.2867
3.06876
1.12848
-1.56057
-3.58341
-3.83876
-1.83607
-0.288537
-0.577913
-1.44878
-0.70341
0.229979
-1.1285
-3.8862
-6.16164
-7.04493
-5.67835
-2.42496
0.623111
2.07394
1.08928
-2.62546
-8.81179
-13.0471
-10.7897
-4.74958
-0.813583
-0.0187494
-0.415777
4.22937
12.1135
18.1743
23.6233
28.0619
32.2507
35.3766
37.8106
38.8982
38.0856
35.3204
32.5724
32.786
35.458
38.9072
40.8277
40.2175
37.1035
32.7753
31.7393
35.1183
38.1184
38.6126
37.4304
37.5767
42.3801
48.2757
51.4044
51.421
49.3591
47.7176
48.115
48.7744
48.4261
46.9613
44.9423
44.1067
-9.98705
-12.5964
-12.5104
-12.0637
-9.80798
-7.32398
-7.07668
-8.57449
-9.41256
-9.35594
-10.3499
-9.42946
-5.12268
-2.72494
-4.04261
-8.98732
-14.6033
-12.5463
-7.13025
-4.19488
-4.60453
-7.13154
-6.46877
-4.62709
-5.54774
-10.1603
-13.3343
-10.1122
-8.27766
-9.28745
-9.79936
-5.4778
-2.79584
-3.96833
-3.6569
2.10732
8.32498
10.9321
9.77839
5.60558
2.80295
3.02879
1.78147
-1.87987
-5.10186
-4.50451
-4.97902
-5.46786
-4.1447
-2.3983
-2.54328
-2.61813
-1.1023
-0.264875
-1.72212
-5.11885
-9.4227
-11.0145
-11.0427
-12.4023
-14.1848
-10.987
-6.33613
-4.34055
-4.18417
-5.1183
-4.17864
-3.23416
-2.93019
-2.42102
0.44557
2.74746
2.53077
-0.580126
-5.72534
-10.5589
-11.9112
-11.743
-12.0042
-13.8982
-15.7249
-1.60436
10.4647
16.5571
18.5991
18.9799
22.4069
26.2503
26.9382
26.1946
27.2712
28.8409
27.5621
24.2957
26.388
31.6128
35.6767
39.2522
41.1831
40.8379
39.5076
39.6608
41.0831
41.6056
41.7378
41.7007
41.3161
39.5592
36.533
32.9819
29.9775
31.8364
36.5301
38.471
37.3702
36.3001
38.0375
39.7808
-4.07523
-8.05689
-9.11056
-7.36746
-5.13218
-4.02393
-4.34634
-6.16179
-8.88189
-8.9636
-6.54112
-4.98745
-4.64106
-3.29089
-2.77897
-4.97993
-7.80527
-4.55823
-0.389534
0.1969
-3.44804
-10.1838
-12.3633
-7.2585
-2.14974
1.54228
3.47068
3.45557
1.57898
-1.082
-2.65616
-3.56629
-5.44987
-7.93972
-5.70497
0.238666
3.68503
4.46389
4.13751
2.98085
-0.201181
-4.09687
-2.11636
3.19902
6.07278
5.34917
1.54639
-3.10038
-3.56825
-3.74217
-6.54682
-8.96076
-5.53895
-1.73576
-0.128846
-0.09934
-1.26345
-3.54837
-7.18343
-11.7225
-15.2489
-17.9915
-15.721
-13.7801
-13.631
-12.4268
-10.5115
-8.89782
-7.7466
-6.16189
-5.93463
-7.55312
-10.2182
-11.8121
-10.7794
-9.58715
-8.30559
-6.25618
-5.34845
-6.12986
-4.46066
2.75751
10.147
14.894
18.6189
23.0742
26.9044
28.8667
29.3943
30.0745
31.4918
31.3396
28.4569
25.456
26.9704
32.8851
39.5762
44.0237
45.8413
45.5277
43.8777
43.0387
44.1367
45.3598
44.4311
42.2515
42.2971
43.2833
42.0469
39.0237
36.4168
35.1755
33.8012
32.4579
33.2565
36.1619
37.5905
36.7946
-6.25803
-10.359
-11.7715
-10.2449
-7.5425
-5.72434
-6.23089
-7.09187
-5.30743
-3.47518
-2.46176
-0.795817
1.44608
2.00414
0.707291
-1.28711
-2.89721
-3.66167
-3.7615
-4.65405
-7.49959
-13.3759
-18.1998
-13.9381
-8.1495
-4.29233
-2.80568
-4.23557
-7.74524
-9.12546
-6.83592
-3.91623
-1.83177
-1.67986
-2.77389
-1.91224
0.687844
1.52288
-0.76482
-4.72372
-3.95715
0.919458
4.25791
4.60459
3.33204
2.01054
1.25674
1.31184
1.48395
0.576866
-2.71274
-6.20151
-5.73299
-5.30826
-6.94691
-9.79414
-11.8611
-14.3702
-15.5595
-15.3188
-13.9271
-8.88531
-4.5475
-3.45204
-5.3894
-8.85026
-8.96043
-7.84903
-8.59744
-10.6398
-10.4954
-9.49342
-10.517
-13.9936
-14.0335
-9.55261
-6.78596
-5.89118
-5.60133
-5.95812
-4.87339
0.492969
8.43216
13.5636
16.6191
19.2209
22.5724
26.9871
29.71
30.7788
31.4822
32.4285
33.9431
36.4053
40.4952
45.6421
51.954
57.6111
60.6157
60.6732
58.6692
56.8314
57.0685
57.6655
56.6223
52.7357
46.2012
41.0234
41.6392
44.0765
45.4696
46.0959
46.8158
47.5483
47.1528
44.7274
40.7002
36.6651
-9.18556
-10.0835
-8.50386
-5.29854
-3.57424
-3.25315
-3.73558
-5.1337
-6.35307
-3.76592
0.183808
2.13078
2.68531
3.92399
5.47978
5.58158
3.28152
-0.618162
-3.64867
-3.31001
-1.91692
-2.32117
-3.69112
-4.53354
-5.47826
-7.71564
-10.4604
-12.3956
-9.83817
-3.51663
0.122469
0.902481
-1.44099
-5.06459
-3.53087
2.51766
6.58601
7.17482
4.52708
-0.471142
-2.94109
-0.979659
1.47642
2.81741
3.26798
1.91873
-0.63896
-1.48592
-1.32422
-2.10652
-3.68147
-5.33162
-7.34492
-8.77808
-8.52679
-8.60393
-9.85814
-12.3765
-15.2796
-18.0522
-20.3464
-19.9499
-16.3867
-12.3707
-9.68058
-7.71456
-5.72627
-2.8947
-0.678367
-0.316647
-2.11876
-5.38333
-8.33248
-8.74824
-7.09087
-5.54379
-3.96769
-2.76012
-1.86482
-2.09464
-3.54622
0.840561
9.53722
14.8402
16.9392
18.5344
21.9358
25.521
28.9937
33.0946
39.3647
45.1884
49.4925
52.0349
53.4251
56.1895
61.4395
66.1505
68.5544
68.8701
68.0651
67.5092
67.9674
68.6737
68.2655
66.03
61.6733
55.2622
50.2506
51.611
53.8496
54.1497
52.899
51.4515
51.3022
52.2477
52.2314
50.5352
-16.5761
-18.8106
-19.4047
-13.9476
-9.46144
-8.63701
-10.8465
-13.065
-11.8064
-8.76537
-7.33424
-7.82682
-9.20738
-11.2355
-13.9924
-14.756
-11.047
-7.9603
-6.57354
-6.41881
-7.0493
-8.01452
-9.47435
-11.493
-14.3093
-17.2362
-16.8545
-14.9053
-13.1861
-11.5877
-10.1359
-7.63119
-3.97169
-1.61984
-1.12719
-2.94439
-7.09619
-11.1356
-13.286
-14.511
-15.6471
-14.5388
-12.0927
-7.50762
-3.52177
-1.34135
-1.35451
-3.28402
-0.975265
6.09043
11.1771
12.1206
8.78882
1.27595
-8.11189
-10.8658
-10.9269
-12.3335
-14.3401
-13.0809
-8.96715
-6.63894
-6.64648
-8.22341
-10.6228
-13.0826
-12.0439
-9.9269
-9.01352
-9.55421
-9.42369
-8.58175
-8.04638
-8.35978
-8.55949
-8.78653
-8.84106
-7.43073
-5.30481
-4.83453
-5.75253
-5.27692
-0.194381
6.03987
9.48372
13.7144
18.0406
21.1158
23.2961
29.2691
38.1154
45.3471
49.7258
51.5943
52.0818
52.1245
51.1241
47.2541
39.6503
33.6778
34.7143
35.0971
35.4441
34.9042
36.256
40.689
44.5619
45.6267
45.8162
46.8339
46.8899
44.4851
42.1919
42.939
44.9002
45.6498
44.0855
41.8991
-9.40322
-9.30971
-9.50779
-8.64538
-7.42457
-6.96879
-6.90055
-6.92907
-7.68732
-9.27795
-9.16245
-7.1731
-4.96016
-1.47033
1.40636
2.24319
1.17728
-0.838795
-3.08365
-5.53194
-5.46621
-3.10734
-1.92484
-3.3766
-7.39116
-12.6653
-12.8838
-10.079
-9.00243
-9.66099
-9.5147
-7.40317
-5.71837
-5.89763
-6.983
-7.29468
-6.04634
-5.00318
-4.61728
-5.66042
-7.49372
-8.51086
-8.46209
-9.74664
-11.7801
-11.7908
-10.6423
-8.44006
-2.23192
3.46654
6.41728
6.36897
3.36791
-2.01642
-5.91434
-5.22108
-2.43855
-0.566675
-0.0860793
1.00052
2.55169
2.61302
1.15174
-0.487562
-1.16386
-1.94202
-2.51891
-1.7838
-1.46289
-2.2961
-3.83101
-4.8906
-6.1117
-8.16251
-9.94965
-10.2069
-8.31457
-4.57345
-0.727755
1.27133
1.01871
0.540231
2.80522
8.93394
20.733
31.5237
38.3084
41.7864
42.6766
41.7581
40.1523
38.5723
36.2644
32.1577
27.5749
24.6665
23.1772
22.2775
21.6115
22.245
24.0337
25.623
27.2738
28.6525
30.6403
33.0929
34.5718
34.5716
34.2294
34.1107
34.0886
34.813
36.6704
36.9617
34.9116
31.5013
30.2176
30.5461
-8.86249
-8.90499
-9.01515
-11.7261
-16.887
-19.4735
-16.7381
-13.6513
-12.3193
-11.824
-11.8547
-10.5389
-9.25246
-7.92683
-7.46519
-7.21511
-5.7648
-4.58077
-4.97195
-6.05916
-5.79882
-6.1375
-9.14806
-13.7034
-15.9248
-13.6959
-9.40685
-4.48029
-1.41829
-0.0421426
-0.361179
-2.31172
-5.40522
-7.72445
-7.97286
-10.1547
-12.7002
-14.062
-15.0468
-17.2808
-19.1949
-17.4159
-14.2518
-11.7946
-10.9007
-12.0534
-13.1329
-9.27287
0.50083
8.44955
12.6185
13.3506
11.4352
8.54125
6.6446
5.58949
4.19514
1.98901
-1.08463
-5.53286
-6.71826
-4.50947
-4.33793
-7.24902
-10.7957
-10.8986
-8.75414
-6.97358
-5.57466
-4.32442
-3.17597
-3.6997
-7.59937
-14.8308
-18.4567
-16.6684
-14.8728
-14.955
-15.1513
-14.7294
-14.249
-12.1908
-5.82352
2.17148
13.772
22.734
28.8649
33.1571
35.6869
36.2339
34.851
31.6709
27.1104
21.2373
15.1027
11.2011
10.515
10.2965
8.77672
8.2746
10.1532
11.7952
16.588
19.2584
19.911
17.7811
15.821
15.9937
17.4351
19.6272
22.8639
25.8473
27.7545
27.2407
23.9134
17.6004
13.4976
17.1009
-5.43293
-10.0149
-12.7913
-10.657
-7.99918
-6.81133
-6.46384
-6.62721
-8.0249
-9.82117
-8.16329
-3.44571
-0.98811
-1.8964
-4.57765
-3.99896
-1.46799
-1.18839
-3.61162
-8.04715
-12.6353
-15.6474
-17.8467
-20.8309
-22.354
-16.6212
-10.6487
-7.53119
-6.0864
-4.52899
-3.97206
-5.00715
-6.42251
-5.98469
-5.14475
-5.54802
-6.92319
-9.44036
-11.6466
-10.6717
-8.83057
-6.718
-5.74215
-6.24975
-7.32065
-8.17298
-9.06577
-9.51992
-2.19822
6.15924
11.042
13.3419
14.4344
14.4147
12.6562
9.32658
5.73101
2.56104
-1.48936
-5.29565
-6.469
-5.05081
-4.36892
-6.06387
-9.70289
-13.0478
-14.7437
-15.7666
-14.8041
-11.5073
-9.30772
-10.0293
-12.7301
-14.6716
-13.3624
-10.4319
-8.43051
-9.18168
-13.1665
-16.8308
-13.579
-8.58586
-3.76719
1.4818
5.26988
9.09454
12.8605
15.7416
16.8235
15.7514
12.2289
6.95383
2.6436
1.48999
2.95977
3.8596
3.76869
2.72963
3.98673
5.84646
7.31927
3.76586
1.11756
-1.12769
1.08407
3.0358
7.69294
11.9245
14.7457
14.5896
13.1264
9.60285
6.20877
3.2308
5.72244
7.4142
7.66587
6.98326
-9.44306
-11.3801
-11.9471
-12.6592
-13.0621
-11.2997
-8.83548
-7.31955
-7.04804
-7.55506
-6.88519
-4.86837
-3.7364
-4.32391
-4.66288
-2.42847
0.124757
1.48988
1.01039
-2.13859
-8.43753
-14.759
-12.6995
-8.79083
-7.1505
-7.711
-7.54582
-3.89939
-1.20013
-1.89671
-6.12022
-7.84242
-4.42417
-2.20425
-1.63236
-1.93865
-2.37023
-2.66469
-3.26289
-4.40423
-5.39268
-5.7003
-6.69708
-4.89172
0.757423
4.7509
5.4313
2.67943
-1.03345
-0.559263
2.06401
3.78552
5.01261
5.33147
3.94193
1.67684
1.44191
3.44966
4.895
4.34495
1.45707
-3.14061
-6.39237
-6.97446
-6.34926
-7.85148
-11.0759
-13.3295
-11.4365
-6.7887
-2.51545
-0.570538
-1.04442
-3.37427
-7.02924
-10.9128
-11.0359
-8.45632
-7.54535
-9.01477
-11.7829
-13.4758
-6.78434
2.32336
8.30799
12.2607
16.3702
19.6848
20.5598
18.4767
13.9997
8.71105
3.52782
0.0998865
-2.01725
-3.4686
-2.66154
-2.369
-1.13191
-1.91028
0.620218
-1.56205
0.535907
-0.065506
1.64421
1.90312
3.67392
5.02432
6.59938
8.70426
10.6976
7.78435
4.91677
4.13163
3.82528
1.57575
1.84477
2.7577
-15.3768
-16.4776
-12.3333
-8.94381
-8.43778
-11.1727
-15.988
-17.604
-16.0669
-13.7824
-12.1807
-11.4889
-11.3272
-10.6568
-9.06735
-6.87283
-4.67914
-3.77821
-4.40464
-6.34962
-8.7069
-10.5972
-10.5453
-10.1636
-11.2667
-12.0119
-8.30748
-4.21672
-3.03978
-4.74021
-8.01216
-9.81989
-9.41685
-8.43923
-7.70309
-8.42151
-10.0934
-10.4822
-8.64959
-5.68772
-3.57928
-3.07235
-3.73159
-4.24078
-4.74531
-5.96655
-8.08093
-8.72034
-4.982
0.14433
3.16206
3.0425
-0.0457725
-4.40545
-5.40435
-2.40611
-0.102941
0.485274
-0.175274
-1.91251
-5.29145
-9.81905
-12.0533
-10.8814
-9.98329
-11.2703
-12.7074
-13.2019
-12.889
-12.0079
-11.4855
-11.0081
-9.59945
-7.91849
-6.8124
-6.05175
-5.69452
-7.16293
-10.7531
-14.7184
-16.6824
-14.5429
-6.94279
0.390556
4.52659
7.0687
8.71114
9.48154
9.05214
6.56842
2.34592
-2.55975
-7.26444
-9.74614
-9.84882
-5.63903
-2.94046
-3.47365
-4.11494
-3.43689
-0.488157
-2.28471
-1.63445
-4.04998
-1.37674
-3.02997
-4.65797
-4.4658
-0.296345
1.96437
3.99676
0.468387
-3.47907
-7.80953
-6.71087
-6.5787
-3.31218
-2.14143
-16.6803
-15.7607
-14.255
-13.1304
-12.7382
-12.9503
-12.7622
-11.2443
-10.4625
-10.7767
-10.3813
-8.74088
-8.09008
-9.11912
-11.9128
-14.7772
-14.991
-13.8662
-14.6788
-16.6509
-15.7213
-13.9336
-13.7042
-14.5444
-14.2253
-11.2035
-8.14955
-5.72853
-3.38357
-1.82128
-2.91603
-6.32777
-10.0746
-12.2075
-13.256
-14.1784
-13.913
-14.0028
-13.8565
-13.4487
-12.3517
-11.1002
-9.077
-7.76418
-7.35521
-8.61191
-10.254
-12.878
-11.5742
-8.24763
-5.14625
-3.99019
-5.23815
-8.71176
-11.8267
-11.886
-10.625
-11.0753
-13.1771
-13.7038
-11.4405
-8.96548
-7.44329
-6.89285
-7.7419
-9.19024
-8.66116
-7.18436
-7.3096
-9.52866
-13.2142
-15.4506
-13.282
-10.363
-9.77518
-11.6626
-15.1287
-18.4811
-20.5945
-19.7377
-14.4083
-8.06155
-1.46834
3.66176
6.38834
6.1665
3.3379
-0.488883
-2.8388
-2.41542
-1.50276
-1.42717
-3.90625
-6.7734
-9.32244
-9.80305
-7.20332
-5.71562
-4.12764
-4.10915
-0.965527
-1.19154
-0.319932
-4.08226
-3.96997
-10.1174
-11.8054
-9.54201
-4.08045
-1.79528
2.5343
0.181455
-1.28828
-4.62667
-6.85208
-13.0922
-10.3952
-6.82933
-12.909
-8.55285
-6.5827
-6.39461
-6.98362
-7.48895
-7.42977
-7.39083
-8.62841
-10.7099
-12.7977
-12.9281
-8.86281
-4.89352
-3.57739
-5.1474
-8.82755
-12.0299
-11.7164
-10.1667
-10.0929
-10.3293
-10.1772
-11.0054
-13.1665
-15.324
-14.647
-10.6161
-6.50063
-4.01531
-3.83422
-5.6888
-9.00304
-12.3604
-14.2602
-15.2988
-14.3087
-11.1794
-9.29703
-9.54625
-9.63193
-7.69202
-5.71457
-5.21747
-5.38328
-5.74827
-6.74925
-7.61503
-6.85186
-5.89159
-6.39095
-8.15134
-8.24218
-5.90167
-4.29593
-5.40636
-9.11812
-14.4
-17.4303
-15.5572
-12.7766
-11.5787
-11.6609
-12.8855
-13.3209
-12.859
-12.7247
-15.2818
-21.4586
-27.2805
-25.2318
-19.4185
-14.5851
-11.8758
-11.545
-13.2097
-15.4889
-18.0963
-19.8748
-19.3839
-13.8478
-5.25829
3.85062
9.15406
10.6988
9.4306
7.15699
5.45901
2.59232
-1.61077
-4.44642
-2.28388
-0.502443
-1.49987
-5.76539
-10.8689
-9.33732
-7.22463
-3.80068
-2.82534
-0.560888
-2.41254
-2.48104
-6.44905
-3.21853
-6.03674
-7.86095
-5.62908
-3.52198
-3.58209
-0.676903
-0.846865
-0.793468
-3.55494
-4.11677
-5.15798
-6.06949
-7.23854
-13.8614
-9.44954
-7.59668
-7.846
-9.01307
-9.76455
-10.3358
-11.7713
-12.8579
-11.8007
-11.3336
-12.8336
-14.3464
-12.9993
-10.7587
-9.86753
-11.4216
-15.3396
-18.4227
-16.3451
-12.6669
-10.0716
-9.35259
-11.3098
-15.785
-19.5163
-17.9059
-13.1922
-9.64501
-8.51054
-10.1438
-11.422
-9.91351
-9.54099
-11.8316
-16.4123
-16.5174
-12.5412
-10.5123
-10.9002
-10.316
-6.95884
-4.28102
-3.65577
-4.43837
-5.65567
-6.95116
-8.16877
-7.84227
-6.04541
-4.66727
-3.8538
-3.67319
-4.89748
-8.44957
-13.3196
-15.2723
-15.2447
-16.1667
-16.4444
-14.1683
-12.453
-12.8678
-13.6971
-12.7486
-11.6576
-11.2248
-11.4118
-13.1559
-17.675
-23.7846
-25.3075
-24.1239
-24.3088
-21.9746
-17.1731
-12.9591
-11.0623
-11.7038
-15.3371
-17.8127
-3.92772
8.52555
14.7935
16.1073
13.3601
8.55011
6.18893
5.63636
3.00963
-1.59615
-4.84294
-6.33999
-8.16274
-12.0014
-13.8066
-9.85485
-7.26198
-5.08907
-7.04131
-6.64209
-11.6475
-7.50962
-8.07107
-3.23711
-4.1232
-4.45776
-4.43254
-3.65372
-7.81887
-7.83964
-10.3917
-6.90055
-4.70465
-2.55014
-2.98523
-3.39016
-4.44104
-12.8984
-13.8
-13.3021
-11.2375
-9.65191
-10.0903
-12.4897
-15.5773
-18.1651
-17.0581
-13.5136
-11.3681
-11.5806
-13.4731
-16.2245
-19.095
-21.9607
-25.3256
-27.9765
-25.4378
-20.8755
-18.0017
-17.5657
-17.6846
-14.9104
-9.80043
-6.7283
-7.02417
-10.7691
-16.1374
-19.4151
-18.2911
-15.0782
-12.8103
-12.5149
-14.7039
-15.3162
-12.327
-10.2314
-10.9781
-14.0437
-15.8361
-14.2508
-11.7672
-11.1179
-12.2855
-13.5094
-12.4578
-8.92836
-5.66611
-3.87666
-2.961
-2.45151
-3.19342
-5.88191
-8.57562
-8.06838
-6.42264
-5.53114
-5.97737
-6.92759
-8.02723
-9.78018
-12.7062
-16.361
-18.817
-15.8865
-12.6338
-12.7095
-16.2546
-20.8317
-20.9957
-19.6047
-18.2678
-15.2602
-10.4606
-7.44095
-7.82487
-11.3077
-15.9748
-16.6778
-8.04864
3.1622
9.7205
11.536
9.10215
3.79132
0.341277
-1.0386
-2.58689
-5.09848
-6.83964
-9.90921
-12.6779
-17.0718
-20.3755
-13.2359
-8.31563
-4.88007
-5.94888
-5.4053
-10.1469
-8.05953
-7.77649
-3.72072
-6.3182
-11.7575
-13.0918
-6.89772
-5.43633
-2.02851
-5.32538
-8.0055
-9.71987
-8.91065
-13.306
-17.2224
-19.0082
-18.3107
-19.7716
-21.2186
-22.0395
-21.7172
-20.2097
-18.1174
-16.7833
-17.6348
-18.3092
-15.2795
-11.1858
-9.3717
-10.0408
-12.3361
-13.9729
-13.6444
-12.7633
-12.4913
-14.0504
-17.0223
-19.9986
-20.216
-17.6509
-14.6991
-12.1524
-10.8864
-11.4901
-14.1046
-16.5835
-18.586
-18.7717
-18.18
-18.2721
-17.8644
-16.5039
-13.6993
-12.6831
-13.881
-17.2725
-21.9529
-23.478
-18.1824
-12.2799
-9.90782
-11.4162
-15.3837
-16.9572
-14.0826
-9.9914
-6.27651
-3.59237
-2.70748
-3.82042
-6.42437
-9.43422
-12.3941
-17.0157
-20.7694
-20.4826
-18.66
-18.4688
-20.2132
-23.2619
-24.42
-24.5186
-23.633
-21.4893
-19.0065
-16.6537
-13.8684
-11.1161
-9.6922
-10.382
-12.6083
-15.0337
-16.7603
-19.7244
-23.9167
-23.3816
-17.9551
-12.2665
-5.51803
-0.500192
0.878266
-0.843406
-4.06526
-6.15083
-7.01771
-8.91489
-9.81389
-10.6932
-13.1326
-15.9069
-18.5253
-19.4547
-14.0893
-11.5842
-10.1662
-14.071
-11.376
-16.4077
-12.0617
-14.7618
-7.58514
-9.71285
-17.2232
-19.6728
-14.1891
-15.4791
-8.53777
-12.1001
-11.1808
-11.3851
-9.46897
-10.9915
-12.8273
-12.9264
-22.4614
-24.8265
-26.2883
-27.2785
-24.6776
-19.0367
-15.0647
-14.0503
-15.5952
-16.5256
-13.6348
-10.5396
-9.68339
-10.2974
-10.7501
-10.1125
-8.46642
-7.30984
-7.93818
-10.0171
-11.3887
-11.7017
-12.5947
-14.0891
-14.5598
-13.0113
-10.9096
-10.8409
-13.2529
-15.2957
-14.9872
-12.8235
-11.5985
-11.9845
-12.2506
-11.64
-11.6678
-13.5233
-14.2122
-12.6097
-11.6237
-11.3895
-9.88402
-7.2987
-5.74017
-6.64964
-10.0947
-14.5022
-15.2111
-10.1611
-4.00082
-0.294311
0.334024
-1.21818
-2.58819
-2.95818
-4.56265
-8.12621
-11.2395
-11.395
-10.4905
-10.7514
-13.2101
-17.076
-15.9681
-12.1543
-10.3145
-11.9054
-16.4366
-19.4768
-16.8138
-13.1229
-11.7683
-13.1213
-15.7971
-17.088
-17.0957
-18.8827
-21.6504
-22.4706
-20.4815
-18.7677
-13.7849
-8.92662
-7.04056
-8.09309
-10.5947
-11.0038
-9.82536
-10.4682
-12.4845
-14.2833
-14.8396
-12.9417
-10.764
-9.31828
-7.98368
-8.65933
-9.59465
-12.4356
-8.55084
-11.8352
-8.9394
-9.58733
-4.81072
-9.43709
-18.1305
-16.7808
-10.1106
-10.3506
-7.46374
-13.211
-11.4141
-10.7876
-9.81402
-14.1495
-15.1462
-10.712
-14.6386
-15.6559
-18.5757
-22.0977
-22.7976
-19.7613
-16.4887
-15.683
-17.9615
-21.094
-21.2665
-19.6119
-19.4031
-18.9895
-17.8842
-16.6928
-15.7731
-14.8046
-14.0017
-13.6726
-13.9121
-15.4484
-18.0522
-20.4481
-21.7676
-20.0993
-16.6493
-14.4872
-14.6019
-15.1082
-13.9564
-11.0056
-8.36484
-7.89971
-8.77845
-9.52268
-8.98731
-8.22983
-7.49594
-7.36578
-8.24522
-9.61883
-10.5484
-10.0199
-7.39774
-4.9716
-3.97213
-4.79722
-6.72058
-9.74299
-12.8881
-13.0251
-10.8175
-9.1107
-8.95604
-10.4591
-12.8618
-12.6796
-9.99743
-8.52879
-9.06127
-10.4222
-11.3573
-12.4767
-13.2892
-13.4994
-14.1685
-16.2057
-18.0976
-17.3231
-16.2085
-17.1332
-19.2575
-18.5515
-15.0296
-13.3385
-14.3729
-16.7932
-17.2834
-16.1417
-15.7718
-11.8358
-2.97595
3.13265
4.7498
2.18005
-3.62874
-8.37197
-7.746
-6.55129
-6.79097
-9.30778
-13.329
-14.2735
-14.8251
-17.1371
-18.0086
-19.5485
-13.8845
-12.3614
-7.27362
-11.3131
-10.4096
-13.5723
-7.6887
-10.3028
-12.1819
-9.12327
-6.09361
-8.92485
-9.07629
-16.9966
-16.6721
-16.324
-14.1117
-16.8364
-15.611
-15.0683
-15.3625
-16.7658
-20.2239
-24.6396
-26.8292
-24.3233
-20.301
-17.3249
-16.4669
-17.8633
-21.0846
-23.8299
-22.8865
-19.1078
-16.7822
-16.4654
-17.7519
-19.6429
-21.2758
-22.8093
-22.3227
-20.6614
-19.0108
-18.7767
-20.7782
-24.7991
-27.3172
-22.874
-16.8008
-13.0108
-12.6172
-15.1496
-18.3789
-19.7516
-18.8715
-17.3523
-14.4221
-12.4999
-12.3874
-12.1518
-9.98752
-7.8976
-6.74818
-6.21377
-6.4452
-8.59588
-12.0017
-11.3133
-6.36918
-2.72281
-1.86717
-3.65556
-7.51084
-12.684
-17.5923
-20.4913
-20.9967
-20.4349
-19.5223
-19.3086
-18.965
-17.1569
-15.8824
-17.5033
-21.8196
-25.6058
-22.4082
-19.1622
-18.2089
-19.2252
-20.9232
-21.0054
-19.4272
-16.7087
-14.5895
-14.5306
-16.793
-18.6034
-16.2813
-13.8337
-14.1511
-13.9875
-8.3058
-2.97944
-1.80149
-4.28383
-8.09966
-10.03
-12.0003
-15.9308
-19.7233
-17.4204
-15.8751
-13.2806
-11.7134
-11.54
-13.0201
-17.5893
-16.4727
-16.0823
-10.149
-16.5001
-15.2356
-17.6229
-8.76655
-9.28145
-10.7703
-11.3033
-12.442
-20.3746
-13.4214
-17.6109
-15.2609
-16.3494
-15.1076
-19.4675
-20.2671
-20.1481
-20.9141
-21.7223
-22.3398
-22.3156
-21.4433
-19.3238
-16.6981
-13.7337
-12.4693
-13.4785
-15.8525
-17.0578
-15.2379
-13.2115
-13.4803
-17.1872
-24.4931
-29.3162
-25.7434
-20.961
-18.5335
-17.6968
-17.3158
-16.4588
-15.6184
-14.6584
-13.6603
-12.8521
-12.0079
-10.21
-8.51645
-7.50923
-7.5689
-9.49004
-12.5108
-14.0919
-11.4249
-8.752
-8.0632
-9.1568
-11.0256
-12.1806
-10.9285
-8.1317
-6.79907
-8.36273
-12.2124
-16.3087
-13.6782
-9.30538
-7.14313
-8.23334
-11.2764
-13.989
-15.7727
-16.2835
-15.9639
-16.5552
-19.0414
-23.1329
-26.1045
-25.3039
-23.0487
-22.1913
-21.977
-21.323
-19.198
-16.0257
-12.9575
-11.4209
-11.8388
-13.599
-15.3817
-14.849
-11.847
-10.1519
-11.3292
-14.6875
-17.3829
-19.0285
-20.4018
-18.651
-11.8596
-6.12419
-3.75886
-4.61327
-7.53345
-9.25726
-8.49517
-8.08826
-8.10961
-9.1998
-10.6848
-11.4261
-12.1584
-13.3876
-12.4786
-10.8716
-6.76942
-4.91692
-2.13289
-2.64253
-2.17019
-4.16273
-3.86381
-8.1021
-13.5412
-15.4309
-12.6412
-15.1919
-9.22573
-11.9321
-13.271
-16.4366
-15.4542
-15.375
-12.4483
-10.9202
-20.2693
-21.7831
-25.291
-28.8174
-30.354
-27.2103
-21.8698
-18.644
-17.5584
-15.6015
-13.1281
-12.3777
-13.935
-15.9567
-18.017
-20.4802
-22.816
-23.335
-22.4065
-21.0724
-20.1253
-20.3925
-19.8187
-17.2745
-15.4991
-15.5637
-16.7759
-16.9476
-14.9111
-11.2225
-8.86882
-7.97442
-8.24774
-9.88858
-12.9087
-16.131
-15.6664
-13.0118
-12.1155
-13.5375
-16.3397
-19.8365
-23.1615
-24.2892
-21.2578
-17.3108
-14.0759
-13.0683
-14.3437
-16.0864
-15.908
-13.8168
-10.2985
-7.39283
-6.8585
-9.04387
-13.3548
-18.1027
-22.1031
-24.3069
-26.2775
-28.3058
-27.7723
-22.5615
-17.2155
-15.078
-15.6842
-17.6065
-17.9748
-16.3396
-14.3739
-13.166
-12.9254
-13.1835
-13.5541
-15.0299
-18.5704
-22.3204
-21.2247
-18.7448
-17.5024
-15.3382
-10.0701
-5.52564
-3.46651
-3.23679
-4.114
-5.40216
-6.17595
-5.77391
-5.96589
-7.70649
-11.4641
-13.4833
-14.5813
-13.9335
-11.5972
-9.98227
-7.0875
-6.90747
-4.878
-8.52356
-9.51157
-12.0862
-5.99037
-7.11505
-11.7764
-12.4687
-9.39229
-11.4189
-8.75427
-13.89
-14.2903
-15.193
-11.6222
-11.5247
-10.266
-10.6943
-14.9437
-15.4222
-16.2787
-18.4828
-21.5033
-21.4201
-18.1308
-15.6676
-14.2898
-13.7269
-13.4115
-13.0637
-13.6309
-16.3461
-21.0868
-24.2567
-23.7445
-22.9122
-21.7431
-19.7822
-18.5658
-18.9807
-19.8859
-20.0412
-20.2023
-21.7194
-24.1491
-25.3815
-22.7206
-18.1432
-15.4944
-15.1696
-16.089
-17.1223
-17.0649
-17.0258
-15.8492
-13.9325
-13.2681
-14.9105
-19.0711
-24.1787
-24.0027
-22.0229
-20.8845
-22.1102
-23.2725
-24.9712
-26.4594
-27.1634
-22.8614
-17.3165
-13.7441
-12.4139
-12.5683
-13.7414
-15.4903
-16.9104
-18.3167
-21.2913
-26.2574
-29.777
-27.5763
-23.8475
-20.7691
-19.7835
-19.9144
-20.7211
-21.137
-20.4914
-18.6851
-17.2749
-17.3681
-19.394
-21.5847
-21.2966
-17.6471
-15.6385
-16.5577
-19.4453
-19.4487
-16.3189
-12.1637
-9.31932
-6.38189
-2.34244
0.464349
0.898774
-0.228484
-2.1165
-3.76524
-5.02132
-6.19822
-7.79072
-10.6882
-13.976
-15.5404
-15.4228
-9.73044
-8.42716
-6.51473
-11.6683
-13.4442
-12.7951
-3.68162
-2.8033
-4.12866
-5.51602
-4.40948
-4.12823
-3.17286
-7.75711
-11.331
-14.3476
-14.4428
-17.381
-15.7479
-14.4979
-15.202
-14.9146
-15.9491
-19.7701
-24.8952
-25.9733
-21.8565
-17.08
-14.3017
-13.643
-13.144
-11.4131
-10.1784
-10.3252
-11.9185
-14.5557
-18.2427
-20.523
-19.9949
-19.0094
-18.8648
-18.6808
-18.838
-21.0417
-25.9639
-32.172
-29.9016
-22.8085
-17.9652
-15.9166
-17.5071
-21.2346
-23.4831
-21.5155
-17.8344
-16.2336
-16.6901
-16.665
-15.6614
-15.803
-17.8428
-20.0375
-20.8419
-20.3655
-19.9474
-20.7861
-21.4766
-20.0139
-16.9102
-14.9718
-12.3834
-7.45765
-2.13657
0.827937
0.321884
-4.05317
-11.6476
-16.5477
-15.6528
-15.6498
-18.2046
-22.9381
-25.2858
-22.5919
-19.6983
-19.1795
-20.6394
-23.4499
-25.1237
-23.448
-20.1866
-17.5106
-16.862
-18.7687
-21.6696
-19.4817
-14.8238
-12.9865
-14.1241
-16.511
-17.2359
-13.3949
-7.1721
-2.77306
1.39547
8.15733
13.476
15.225
13.6046
10.1452
7.53956
5.85517
4.21585
3.34336
4.09698
4.47769
2.73255
-0.907993
-3.98205
-5.88071
-4.32833
-3.51815
-0.336564
1.70878
5.57023
6.55061
5.95829
6.19187
9.63304
11.8888
11.5573
8.77282
5.78631
2.82996
-0.710917
-3.09061
-0.583987
2.66912
-22.324
-24.246
-24.6465
-25.1019
-24.3877
-22.2866
-19.7123
-16.5577
-14.3647
-13.809
-14.4012
-13.5161
-10.2343
-7.22983
-6.9814
-9.8941
-14.59
-17.0475
-17.7043
-19.1902
-21.1348
-22.9487
-24.6664
-26.1108
-24.0451
-19.7075
-16.0554
-13.6151
-13.0117
-14.1945
-17.3908
-19.6465
-17.7921
-15.1765
-12.7819
-11.6681
-11.7548
-13.2726
-14.994
-15.2081
-14.1276
-12.8521
-11.9007
-11.865
-12.6688
-14.2536
-15.4116
-14.7378
-11.4493
-8.48588
-6.74409
-5.12021
-4.22214
-5.38488
-8.75091
-12.1701
-13.5632
-13.9851
-12.8474
-10.2991
-9.221
-10.6631
-12.575
-13.2841
-14.4776
-17.0734
-19.2055
-20.3893
-21.005
-20.4818
-20.0638
-19.9258
-18.6575
-17.2229
-17.7216
-20.0606
-20.8337
-18.9286
-17.3832
-18.0535
-19.5121
-17.8208
-12.0241
-7.63846
-5.21871
-0.19899
4.76865
6.99561
6.6122
5.9836
8.61787
12.5756
14.8314
15.087
14.5196
14.4678
13.8914
11.081
8.57558
9.03337
12.0447
13.2649
13.6217
12.5133
10.3239
6.11695
2.01831
1.17582
3.24101
3.84771
3.63827
1.63171
1.32601
2.49186
3.21145
2.35083
1.12022
-0.153646
-17.6707
-16.7143
-16.4109
-17.3752
-19.8291
-23.1818
-24.1274
-20.9695
-18.5563
-16.8599
-14.1388
-11.2975
-9.94363
-9.42472
-9.34452
-10.4203
-13.7023
-18.8085
-23.0456
-24.9144
-25.2576
-26.2816
-27.2753
-26.1131
-24.0163
-21.8596
-20.2839
-18.1522
-16.3122
-15.7765
-17.4572
-18.0518
-17.0461
-17.3214
-18.2327
-16.9034
-14.0553
-12.8765
-13.4949
-13.6976
-12.4187
-11.4084
-10.9608
-10.9282
-10.7158
-10.0172
-8.94171
-8.4995
-7.73522
-5.78108
-3.78348
-2.74982
-2.36334
-2.72429
-4.99331
-9.96778
-16.5599
-20.4052
-18.5095
-15.782
-15.0105
-16.0919
-17.579
-19.1567
-20.5691
-21.7935
-21.2961
-20.065
-19.1646
-19.3698
-18.9448
-17.6337
-17.3764
-18.1643
-18.6255
-18.82
-19.4029
-20.6569
-21.5811
-21.529
-18.8251
-12.1596
-4.33631
0.408352
1.0908
0.975748
1.96539
2.29488
0.894099
1.12924
3.5614
5.75145
6.0235
5.20833
5.5066
6.12121
4.98395
2.03503
1.03762
1.67369
1.14627
-3.19248
-7.40269
-12.6236
-8.84839
-8.75136
-13.4565
-14.4694
-9.49761
-8.33271
-5.69799
-9.96271
-12.0475
-12.6261
-10.8662
-13.2772
-14.46
-13.9419
-18.8521
-19.5124
-19.7715
-20.0522
-20.0063
-19.3745
-18.7513
-18.0271
-17.3374
-16.7914
-16.8321
-17.0436
-16.0537
-14.4995
-14.1563
-15.416
-17.9451
-19.9733
-20.112
-20.3576
-21.5862
-23.4193
-22.4104
-20.6022
-18.6802
-15.0934
-12.0187
-11.3713
-13.4146
-16.0231
-16.4808
-13.8508
-11.6839
-11.4921
-12.2554
-11.8025
-8.41297
-4.41381
-2.37175
-2.74959
-4.94785
-7.59698
-8.88879
-8.70302
-8.37173
-9.4304
-10.9603
-10.1314
-5.09952
-0.40888
1.58537
1.12005
-0.846768
-3.03901
-4.58935
-5.53736
-7.24766
-10.9479
-15.8847
-19.7279
-20.6749
-20.5066
-20.0298
-20.2234
-19.2095
-17.5362
-16.1682
-16.1071
-16.7682
-16.7453
-15.9218
-14.7732
-14.0116
-14.3716
-16.0466
-18.9258
-21.9578
-23.3358
-21.4927
-18.8975
-16.0006
-11.1053
-4.05626
-0.0131496
-0.168346
-3.09424
-5.04286
-4.08736
-3.85376
-4.70651
-5.14327
-2.91247
-0.929238
-0.730269
-2.29553
-4.70158
-6.5564
-8.59772
-8.69699
-11.4387
-10.5619
-17.0078
-13.5847
-14.7056
-9.87118
-11.6712
-17.5033
-13.0525
-7.21134
-7.1327
-8.16973
-16.3895
-19.6522
-18.8181
-16.9035
-20.0559
-17.9377
-14.2498
-21.8763
-24.6643
-25.68
-23.5449
-19.1836
-16.1167
-15.6685
-17.3974
-20.0007
-20.7962
-19.6996
-17.985
-16.7788
-16.1729
-16.6427
-18.5918
-21.0279
-21.0447
-19.3694
-18.8173
-20.0966
-22.5679
-24.4572
-25.2057
-23.2089
-20.1722
-18.679
-19.0315
-21.0302
-21.2951
-17.911
-12.0716
-9.04684
-9.51611
-12.4896
-15.1904
-15.3986
-15.6302
-16.5015
-15.8657
-12.5634
-8.77624
-7.16102
-8.21397
-11.0337
-13.9848
-14.401
-10.7558
-4.74788
-0.762851
1.22258
3.55058
5.93654
6.05275
2.6881
-3.70965
-8.74207
-9.58667
-10.7595
-13.5981
-17.0397
-19.335
-20.9737
-21.3106
-18.6767
-16.6099
-16.6294
-18.6948
-20.283
-19.7726
-19.1733
-19.2556
-19.4011
-19.4748
-19.2692
-17.7008
-15.7433
-15.8911
-18.4395
-21.0594
-19.8041
-14.3423
-7.32947
-2.49663
-1.08125
-2.26329
-5.18902
-8.1179
-8.15661
-6.9578
-7.88697
-11.5132
-17.2123
-20.0105
-20.5896
-21.212
-20.2099
-19.3661
-13.8037
-11.7701
-8.79502
-11.0888
-10.1779
-10.417
-5.67253
-6.19132
-8.81513
-11.5443
-9.90565
-10.2755
-8.83027
-15.2638
-18.74
-20.8288
-17.4164
-20.0781
-18.8023
-16.4204
-25.9804
-25.7533
-24.7456
-23.7839
-24.0104
-24.6724
-24.2939
-22.729
-20.5254
-18.9306
-18.9844
-18.8415
-16.1284
-13.9644
-14.1463
-15.9798
-16.8834
-15.5826
-14.5158
-15.1893
-16.2071
-15.5853
-14.84
-16.1845
-19.2849
-22.2131
-22.9686
-21.928
-21.929
-22.6686
-23.1501
-19.8947
-15.441
-12.9911
-12.657
-13.0147
-11.5876
-10.7019
-11.7389
-12.953
-11.3219
-9.80936
-10.2361
-11.694
-13.037
-15.2993
-18.429
-15.9843
-6.95705
-0.752998
1.94966
2.1948
1.08536
-1.09177
-4.88952
-10.0842
-14.2729
-17.8205
-20.884
-21.5049
-19.7576
-18.6581
-18.4941
-18.3116
-17.3305
-15.5371
-14.6951
-16.2312
-19.4615
-21.435
-22.0829
-24.0501
-25.9695
-24.7401
-22.1578
-21.3684
-21.9404
-22.3838
-21.9482
-21.9681
-19.8794
-11.1635
-0.632977
5.15053
6.40336
3.80109
-1.94736
-8.48578
-12.5185
-13.738
-17.5594
-21.1005
-22.5463
-17.8784
-13.8077
-11.8511
-11.5278
-13.69
-12.0049
-9.71513
-5.83007
-5.76989
-4.53963
-6.16668
-4.76988
-7.81558
-13.1336
-16.1552
-12.3411
-11.2626
-7.22022
-9.59963
-11.2664
-14.1714
-14.8736
-19.2894
-21.0555
-19.4263
-21.3541
-24.0401
-24.3892
-23.5664
-22.8854
-21.3017
-17.8418
-15.091
-15.1555
-17.8714
-20.4438
-19.9624
-17.8899
-16.2178
-16.1405
-18.0299
-20.352
-19.6331
-17.523
-17.2353
-18.6862
-18.7409
-15.9416
-14.645
-16.1686
-19.9199
-22.5337
-22.8353
-22.9304
-23.3907
-23.9267
-23.0173
-20.9002
-18.0817
-15.9114
-15.8674
-15.8372
-13.046
-10.0903
-9.43761
-10.9553
-12.8716
-14.1839
-15.2677
-16.7528
-19.2583
-20.0663
-16.8644
-11.4426
-6.83141
-4.4638
-3.48013
-2.87883
-3.27123
-5.54308
-8.4092
-9.0378
-9.00081
-10.108
-11.6753
-11.811
-11.2495
-12.046
-14.5471
-16.7448
-17.5585
-18.3655
-20.6987
-24.276
-26.9963
-26.675
-23.6199
-20.8794
-19.8267
-20.0534
-21.2219
-22.307
-23.2775
-23.3848
-23.3588
-22.2997
-14.511
-4.56757
0.96622
1.92759
-0.812946
-5.85729
-9.59402
-12.1264
-15.6421
-20.5657
-20.6247
-17.6767
-14.1032
-9.83354
-5.40452
-2.12238
-1.47683
-2.60682
-4.73776
-2.30585
0.81463
3.08723
1.77982
-1.01951
-7.15146
-15.362
-16.947
-13.8288
-13.8415
-10.3483
-12.5063
-12.0005
-12.4864
-13.7906
-18.8255
-21.8519
-19.7741
-21.193
-22.6627
-22.7376
-22.4773
-21.7726
-20.8808
-19.8249
-18.3039
-17.597
-18.6397
-20.7388
-21.3054
-20.4858
-20.0952
-20.8968
-22.207
-23.1957
-23.0947
-23.0349
-24.258
-25.7163
-24.4292
-21.3444
-19.8056
-20.3158
-21.1958
-20.0585
-17.7474
-16.3057
-15.4766
-16.0203
-17.3297
-17.9845
-18.3378
-19.358
-22.5782
-25.7878
-23.75
-16.6539
-11.736
-10.368
-11.8173
-13.1995
-12.7593
-12.8766
-15.1615
-17.2712
-17.5771
-17.275
-16.296
-10.4233
-2.10075
3.02867
4.03438
1.06067
-5.0954
-11.3064
-15.4637
-18.5771
-19.2442
-16.6264
-14.9558
-15.9723
-20.1454
-24.8707
-24.1538
-20.6895
-19.129
-20.1461
-22.4584
-23.0704
-22.3708
-22.7917
-23.4988
-22.4417
-21.843
-22.8322
-23.8353
-22.7584
-20.0075
-18.1807
-16.7676
-13.0665
-9.31668
-8.51176
-9.76043
-10.4765
-10.3364
-10.3727
-11.4827
-13.6986
-15.0538
-14.3156
-8.95561
-4.51756
-3.48242
-5.86497
-11.3425
-13.9574
-13.5336
-9.32992
-10.4505
-10.1686
-13.4634
-11.1923
-13.4153
-17.3618
-17.536
-12.1086
-9.81053
-5.6852
-7.96638
-11.1556
-15.8596
-16.5135
-19.9081
-18.3849
-16.029
-27.7613
-26.5622
-24.4858
-22.3343
-19.8565
-17.519
-15.8581
-14.536
-13.5181
-12.7675
-13.4395
-16.4272
-21.2514
-24.2457
-23.5686
-22.4935
-22.4515
-22.8699
-23.5799
-25.0181
-26.6008
-26.3386
-25.8148
-26.2633
-26.4317
-24.9791
-22.5967
-20.2395
-19.434
-19.926
-20.7631
-17.428
-12.8672
-10.8854
-12.0569
-15.8046
-18.2814
-17.7474
-16.6756
-16.4723
-17.1039
-17.7025
-17.268
-16.0609
-15.7361
-17.4097
-20.1311
-22.826
-21.8972
-17.6587
-7.57608
2.65066
8.01165
8.73935
5.24479
-1.51621
-7.51529
-11.3383
-14.062
-15.0342
-15.3817
-16.4194
-17.7948
-19.3646
-21.5663
-23.7154
-23.9913
-23.518
-22.8451
-22.312
-22.0953
-22.4319
-22.3072
-20.8494
-19.2428
-18.7733
-18.851
-19.0649
-19.3384
-19.903
-18.679
-13.115
-4.84494
-0.064499
0.708317
-1.40964
-4.25088
-6.41278
-9.03883
-11.7955
-12.7612
-11.121
-10.0258
-9.1735
-8.92593
-9.58396
-11.5469
-15.5844
-16.203
-15.7637
-10.1974
-10.6287
-8.34443
-8.72432
-7.04217
-11.0305
-17.7671
-18.5775
-13.4053
-14.2417
-11.1097
-13.0945
-12.6582
-11.7652
-10.8607
-13.0924
-14.2945
-12.174
-20.8863
-21.508
-21.5503
-21.6026
-21.007
-19.9911
-19.992
-19.9719
-17.8675
-15.1405
-14.7065
-16.952
-20.2306
-21.1256
-20.7637
-20.3707
-20.598
-21.1885
-21.153
-20.752
-20.2493
-20.9957
-22.7023
-23.5186
-21.8547
-19.8717
-19.4986
-20.9189
-23.6705
-24.0318
-22.1889
-19.6564
-19.2188
-21.0882
-21.0102
-19.1622
-16.8505
-16.1125
-16.9391
-18.8716
-20.6352
-19.7579
-17.1993
-16.0228
-16.9439
-19.488
-18.2114
-14.7603
-10.8413
-7.25497
-3.2895
0.839352
3.6904
3.9448
0.994572
-5.13064
-11.8078
-13.1008
-10.7117
-9.72586
-11.2552
-13.7892
-13.5833
-11.724
-11.5555
-13.6688
-16.7576
-18.576
-17.3361
-15.1987
-13.826
-13.8656
-15.3611
-18.0357
-20.9166
-23.0185
-23.8216
-23.6981
-23.9135
-25.7967
-25.8568
-17.3066
-6.7958
-0.631555
1.97148
2.46184
1.43948
-0.865623
-3.79882
-5.72524
-5.8296
-4.46652
-3.30392
-1.53036
0.437875
1.73119
2.20458
2.28044
2.21418
3.48995
7.58345
12.1489
15.3979
16.1599
14.5472
10.2226
4.67901
0.673608
-0.482087
-1.33823
-2.52527
-8.14969
-13.1959
-14.0087
-13.3984
-14.4416
-14.6406
-13.5752
-18.726
-19.6217
-19.7001
-20.8146
-21.6365
-20.5603
-19.7674
-19.6269
-18.5828
-16.5136
-15.4962
-16.3089
-18.6746
-21.0426
-22.4544
-23.6973
-24.8554
-25.4618
-24.7845
-24.0907
-24.0848
-24.8338
-25.2676
-24.7851
-23.933
-22.0994
-18.598
-15.4275
-14.7279
-16.3989
-19.1843
-19.2495
-17.225
-16.4466
-16.466
-16.4866
-14.7904
-13.1573
-13.1534
-15.1312
-18.284
-21.504
-24.734
-28.2864
-30.9058
-30.1454
-24.2682
-18.2128
-13.4637
-9.39271
-4.63124
0.700375
4.07596
4.19477
1.06994
-3.64587
-6.71181
-8.53313
-10.2872
-12.1822
-15.1317
-17.4774
-15.748
-13.8578
-14.0729
-15.93
-17.6515
-17.3121
-14.7863
-12.7946
-13.041
-15.299
-18.2102
-20.2941
-21.5736
-22.9622
-24.4037
-25.1278
-24.7573
-25.7432
-25.4427
-18.9203
-10.1115
-1.12047
10.9197
20.4868
25.0102
24.8195
20.1589
13.4555
14.3682
18.089
19.3251
17.7559
14.3748
11.908
11.5702
10.6561
8.98576
11.2782
17.0858
22.0945
25.5822
26.7014
25.4696
22.5231
19.2745
16.7457
15.5379
14.7234
13.293
10.4412
8.20225
5.75651
1.24953
-3.65902
-6.33208
-9.20402
-22.2824
-23.6523
-23.7983
-22.8829
-21.5551
-20.7815
-21.6163
-22.3852
-21.2429
-19.1407
-17.4609
-16.2726
-16.5287
-18.7848
-22.7695
-25.3503
-24.543
-22.5649
-21.3168
-21.4513
-22.5662
-24.576
-26.2946
-26.5372
-26.5123
-26.0123
-25.1693
-24.8249
-25.6959
-26.2223
-26.0264
-23.495
-20.9608
-20.4225
-20.639
-21.2562
-20.9899
-21.8173
-23.4201
-25.215
-23.9669
-20.936
-18.3093
-16.9573
-16.8214
-18.5933
-21.6922
-23.5536
-21.4479
-15.8522
-6.5685
2.83016
7.7296
8.04912
4.08096
-2.56856
-6.30021
-7.72803
-9.81726
-12.0249
-14.6825
-17.9765
-18.6743
-17.0777
-16.6639
-17.962
-19.5117
-20.9967
-21.9882
-21.266
-19.3623
-17.7424
-17.6054
-19.4468
-22.2334
-23.8397
-23.3564
-23.5801
-24.2633
-23.2509
-19.4131
-11.07
-1.3903
7.52642
18.3534
27.9737
32.8787
33.2127
29.1791
22.1923
19.3987
20.3613
19.478
15.9163
11.1262
6.96188
3.83177
1.91108
1.88595
3.9253
9.15496
13.7716
16.6276
17.475
17.5683
16.893
15.6556
14.8438
15.7661
16.6909
16.0213
13.5002
10.6133
6.95992
2.22837
-2.93249
-5.36769
-6.92701
-25.113
-26.5115
-27.2267
-25.7504
-21.7859
-18.0275
-16.9425
-19.0176
-23.0211
-23.1038
-18.8387
-16.2979
-16.9359
-20.2605
-23.4816
-23.0094
-21.7577
-21.3863
-21.1428
-20.7214
-20.6083
-21.2901
-22.6858
-24.9122
-26.3677
-24.2016
-21.54
-21.1027
-23.3942
-26.0448
-28.2397
-28.2188
-27.5495
-28.7105
-28.1606
-25.5963
-19.3597
-15.0537
-13.6868
-15.0678
-17.9256
-20.3684
-21.3278
-19.635
-17.6767
-17.9123
-19.3759
-17.4249
-8.78977
-1.41895
3.28774
7.19218
9.78349
9.61697
5.77367
-1.57646
-8.22226
-11.0132
-12.3928
-12.2989
-11.3256
-11.9055
-14.4847
-17.9258
-19.7934
-21.1907
-23.7809
-25.3349
-21.8425
-18.5956
-17.95
-18.9908
-19.9674
-20.4365
-19.9599
-18.9202
-18.1618
-18.4435
-19.557
-20.7734
-19.5373
-12.0491
-1.90288
5.09919
10.4761
15.5777
18.6184
18.9433
17.069
14.6927
12.6276
11.0742
10.0197
8.82443
6.37889
2.56071
-0.569261
-1.83884
-1.10316
-1.01589
-0.103459
0.834637
3.16162
4.67289
6.3409
6.75487
8.64216
12.2673
16.1957
18.7957
19.9561
19.6353
17.8437
14.1457
8.60906
2.37895
-1.66618
-2.55996
-22.919
-22.0367
-21.2811
-19.9251
-17.9843
-17.2529
-17.9793
-19.1918
-19.8406
-19.595
-18.8568
-17.4453
-16.0319
-15.7259
-17.0765
-18.5535
-19.0759
-19.8352
-20.864
-20.5766
-19.735
-20.5194
-22.9968
-24.6833
-23.5732
-21.5981
-19.5157
-17.6078
-17.0585
-17.5917
-18.1276
-17.4419
-16.7083
-17.4505
-18.9887
-21.2125
-22.7847
-20.4282
-14.6453
-10.4262
-9.45176
-11.6491
-15.7118
-18.9102
-19.5872
-18.7524
-16.4189
-13.5693
-9.27515
-4.91532
-2.23254
-1.43294
-2.17263
-4.26933
-7.90275
-12.2867
-15.2948
-15.9698
-16.1059
-16.5548
-17.8486
-19.7109
-21.646
-23.9338
-26.038
-27.3236
-27.1905
-25.7069
-23.5577
-21.5522
-20.1041
-18.7343
-17.5654
-17.2488
-17.5671
-18.3728
-19.3965
-19.9545
-19.2435
-17.7138
-15.8214
-13.3333
-9.61852
-6.26871
-3.60444
-0.0780143
3.23536
6.11772
8.3369
8.90119
7.16265
3.80321
0.896298
-1.71358
-6.35512
-11.384
-13.8273
-14.1029
-10.5236
-9.62523
-8.38151
-9.37155
-6.40616
-4.61652
-1.01198
-0.447132
-0.234041
2.81096
8.9435
13.3619
15.3512
14.9625
13.3064
11.043
8.47844
6.80718
6.218
5.84478
-24.1475
-24.0007
-22.8431
-22.107
-22.1548
-22.0988
-20.8268
-17.4137
-14.1466
-12.8852
-13.1907
-12.5497
-10.4275
-9.63564
-11.779
-16.2777
-19.2643
-18.6218
-18.0716
-18.4106
-18.8573
-19.6769
-21.2694
-22.94
-23.8123
-24.111
-22.9248
-20.623
-18.854
-18.1311
-19.154
-19.9481
-19.397
-18.8838
-18.5508
-18.891
-17.863
-14.8123
-11.738
-10.6657
-11.3878
-11.6308
-10.2159
-9.28572
-9.92508
-11.7413
-13.7784
-15.9388
-17.4443
-14.3891
-7.41061
-1.47755
1.29228
0.7531
-2.23182
-5.29915
-7.06511
-9.92497
-14.2914
-16.8655
-15.817
-14.9204
-15.4311
-16.7362
-17.801
-19.0173
-21.2613
-24.3133
-27.817
-30.5137
-28.6216
-24.1927
-21.0965
-18.9705
-16.6718
-15.6011
-16.5443
-18.9901
-20.8007
-21.1801
-19.9405
-12.6065
-3.33217
2.091
3.74707
4.74501
9.67103
16.27
20.3403
20.807
17.8296
12.805
9.41906
8.56959
7.46679
5.39363
2.27905
-0.855511
-1.34735
-1.16022
-0.494676
-0.726332
1.79763
4.98371
7.44226
7.5327
6.58477
8.96323
16.2124
21.6294
24.3718
25.066
25.0639
24.7578
23.6318
22.0616
21.4667
22.4657
-26.1819
-23.1914
-20.4063
-19.2539
-20.1628
-22.192
-21.5424
-17.6529
-15.0672
-14.9805
-16.2766
-15.0236
-11.9084
-10.4718
-11.7502
-15.066
-18.7861
-21.499
-23.2458
-24.3218
-24.5534
-22.9401
-21.4562
-21.3482
-22.5004
-23.8926
-24.318
-23.3912
-21.7147
-20.4893
-21.1219
-22.0021
-21.5342
-20.3442
-18.9617
-17.5505
-15.5386
-13.8282
-12.961
-12.6425
-13.079
-14.1733
-15.0623
-14.6749
-13.9847
-14.7342
-17.0011
-19.372
-18.8599
-15.4304
-11.2168
-7.03305
-4.44014
-4.08155
-5.47632
-7.15763
-8.20752
-9.8325
-12.1326
-13.4787
-12.6046
-11.6817
-12.3836
-14.6786
-17.3221
-18.9254
-19.6937
-20.6569
-22.4994
-24.3113
-23.6539
-20.871
-19.1889
-19.5486
-19.7547
-19.0689
-18.3965
-18.6686
-20.0169
-22.1884
-21.3242
-10.9732
1.07491
10.9346
17.9342
23.1318
27.9402
32.1964
34.6019
34.2534
30.8214
24.6249
18.0068
14.528
13.2277
12.4559
12.4646
12.4929
11.9295
10.4182
9.28565
10.8922
15.4004
19.0743
21.5071
23.0056
23.3908
22.7707
22.2669
22.639
23.542
25.3334
27.2854
27.522
25.4122
22.1155
20.4848
20.7369
-15.9597
-16.0249
-16.8516
-17.3503
-18.4194
-20.8136
-23.3086
-24.1179
-24.1626
-23.2982
-22.0465
-20.4231
-17.7563
-15.0749
-14.2043
-15.7512
-19.0875
-22.0365
-22.5533
-22.2802
-21.6312
-21.0267
-21.2733
-22.8841
-24.6617
-23.8023
-20.5488
-17.902
-17.5013
-18.5991
-19.8399
-19.1323
-18.8377
-20.7135
-23.0328
-23.6567
-22.6325
-22.8031
-21.9116
-18.1992
-14.6037
-13.0027
-13.2751
-14.2093
-14.5871
-15.0539
-15.2513
-14.0004
-9.12563
-4.19225
-0.157204
3.90097
6.40028
5.8864
2.28696
-1.90869
-3.6249
-5.34456
-7.79778
-9.3635
-10.5623
-12.5385
-15.2969
-19.1771
-23.3654
-25.1929
-24.3451
-23.7255
-24.0758
-24.2378
-23.7496
-23.3789
-22.7941
-21.4286
-19.8116
-19.5904
-20.2775
-20.7433
-20.4489
-20.3758
-17.3461
-5.81054
6.9285
16.0407
21.9009
25.738
29.0278
33.2648
37.5221
39.7267
39.0758
35.8173
31.867
30.5654
31.7388
32.2479
30.4955
26.889
25.0886
27.2659
29.5018
29.7476
28.2126
26.6294
27.0503
27.8193
27.3486
25.2298
22.2692
19.3745
17.3016
16.5054
15.7442
12.6356
6.57059
1.0146
2.80027
6.66519
-18.3529
-16.6899
-15.1242
-14.6383
-15.7864
-17.893
-19.7782
-21.2399
-22.8204
-22.4705
-21.7181
-21.9277
-22.2094
-21.2112
-20.5283
-21.1294
-22.5493
-22.3678
-18.4
-14.5131
-13.0549
-13.3934
-12.9632
-12.0531
-13.1464
-16.1641
-17.3168
-15.8583
-16.1564
-18.7784
-21.2396
-20.0413
-18.4052
-18.9286
-21.1029
-24.1536
-26.4606
-27.348
-24.6592
-20.5604
-17.4549
-15.6279
-15.187
-15.6056
-15.7659
-14.9613
-13.3476
-10.6547
-5.98446
-1.26324
2.6161
6.61241
9.49139
9.74852
7.03848
2.97183
0.637342
-1.25285
-4.92011
-9.50698
-11.9742
-12.4076
-12.0981
-12.3799
-14.2533
-17.1701
-18.8896
-20.0667
-21.6957
-20.9811
-18.2701
-17.0783
-17.949
-18.9947
-18.4411
-17.9321
-18.4736
-19.1371
-19.0667
-19.3814
-19.6669
-13.0232
-2.75897
3.9702
7.18076
8.89697
10.5428
12.8967
15.7483
17.9139
18.3672
17.3612
16.3792
17.4032
19.6669
21.0328
20.7291
19.2997
17.8489
16.1913
14.3456
13.7492
15.4324
17.6878
19.7515
19.7761
17.4853
13.4781
9.51948
6.19253
2.9179
-0.065634
1.22173
1.94885
1.72396
1.08904
2.29931
4.37174
-18.3723
-16.9335
-15.7867
-15.5365
-15.3757
-14.7658
-14.8183
-16.4759
-19.2966
-20.9115
-20.5123
-19.8611
-20.1784
-20.8579
-21.8818
-23.0594
-22.4518
-19.1881
-16.4354
-16.0308
-17.1587
-18.5074
-19.0678
-19.5374
-20.4585
-20.8603
-19.1227
-17.0815
-17.297
-19.1934
-21.2921
-21.1024
-19.5096
-18.8526
-19.5698
-22.276
-25.3486
-25.9214
-22.7085
-18.9857
-16.2209
-15.5229
-16.8063
-18.0163
-16.98
-15.9977
-16.4662
-17.6155
-14.5746
-8.59048
-3.40532
1.54066
4.80329
5.22435
2.82869
-0.788909
-3.3253
-6.1278
-10.3064
-13.5009
-12.9934
-12.4733
-13.7859
-16.3995
-18.5781
-19.8638
-19.5835
-19.1467
-19.4567
-20.8727
-22.7205
-23.7812
-21.5567
-17.5093
-14.9825
-15.2217
-17.0624
-18.0792
-17.8159
-18.1467
-17.8155
-15.5463
-11.1138
-6.98674
-5.59574
-5.20179
-4.28156
-1.79863
1.14344
3.63535
5.73777
7.54507
7.84546
6.40438
4.35946
3.66824
3.83507
3.44765
3.246
2.02727
2.2464
3.76055
6.9699
7.71017
6.58178
3.11182
-0.872721
-3.59271
-3.45892
-0.561605
4.05734
6.13041
6.57907
5.15291
2.79845
1.24632
2.22887
4.05032
-17.3435
-16.9148
-17.9755
-19.694
-20.7918
-19.2491
-16.5233
-15.7386
-17.5618
-20.1721
-21.391
-20.04
-15.6817
-12.1438
-12.1999
-15.9216
-21.1612
-21.5467
-18.8327
-17.6887
-18.4083
-19.7661
-20.4335
-20.7097
-21.4534
-22.6615
-24.4187
-25.991
-25.1917
-20.6337
-16.9839
-15.3418
-15.3493
-16.2471
-17.1268
-18.4806
-19.4072
-19.8588
-20.0725
-20.0676
-20.6291
-21.2428
-20.3697
-18.0452
-16.172
-16.418
-18.3784
-20.7455
-20.4705
-16.2252
-10.7333
-5.5455
-2.26362
-1.72987
-3.76204
-7.01535
-9.71546
-12.8464
-16.4912
-16.9371
-15.014
-14.1689
-14.602
-16.3369
-19.2511
-21.7112
-21.239
-20.5794
-20.5355
-20.215
-19.3341
-19.4096
-20.2676
-20.2508
-19.2797
-20.0565
-22.2034
-23.0291
-21.3883
-19.3975
-16.854
-11.981
-5.42207
0.635718
5.89788
10.1117
12.1229
11.8808
11.5565
13.9139
16.9197
18.563
19.0491
19.7318
21.0863
21.3339
19.0256
14.3487
11.1988
11.57
11.8699
12.0281
13.9028
15.1443
14.5403
11.432
8.30443
8.55971
11.123
12.6769
14.7659
17.6473
19.2698
17.8031
13.1211
7.7378
7.24669
8.9811
-15.7207
-16.1224
-18.4643
-20.189
-19.6512
-18.5257
-17.646
-17.1659
-17.4387
-17.9091
-17.7084
-16.8328
-16.2868
-16.5371
-18.3483
-21.9228
-25.4644
-23.81
-18.1776
-14.0809
-12.212
-12.2257
-12.9155
-13.275
-13.9749
-16.1732
-19.2908
-20.6259
-20.7146
-20.8301
-21.4534
-20.3136
-18.5078
-17.5968
-17.1876
-16.5435
-15.0925
-15.0487
-16.7732
-17.7462
-16.2171
-15.5808
-16.6214
-17.5948
-17.3898
-17.6019
-17.7753
-16.2868
-12.806
-8.42679
-2.85713
3.25604
6.99146
7.24596
3.85556
-2.01387
-5.40405
-5.6155
-6.91476
-10.2292
-13.6577
-15.5734
-16.7229
-18.0117
-19.5459
-20.3494
-20.1969
-20.9325
-23.2957
-25.6237
-25.3995
-23.3818
-20.9611
-17.3032
-13.8201
-12.9192
-14.891
-18.1017
-19.6213
-20.1745
-20.5412
-17.0171
-9.7464
-4.95291
-2.81366
-0.676053
2.59709
6.83131
11.2218
14.4128
15.2039
13.9756
12.6902
13.826
16.0212
16.7372
15.4217
13.936
14.5831
15.1792
14.3458
13.8221
15.8345
17.6622
18.376
17.4265
15.5237
14.0149
13.9243
13.7572
12.9476
12.7003
12.7617
10.4973
5.42352
-0.377835
-1.65126
-0.94795
-9.99791
-11.5568
-13.6659
-15.2406
-15.2511
-14.1516
-13.2462
-13.1641
-13.7226
-14.6739
-15.7877
-16.8209
-18.1534
-18.8981
-18.3683
-17.5775
-18.1533
-19.5772
-19.409
-17.339
-15.5982
-15.1468
-14.6899
-13.6848
-13.5617
-14.6909
-14.8413
-13.091
-12.2701
-13.6321
-15.7613
-15.0144
-12.5261
-11.508
-12.4231
-14.3157
-15.2237
-15.1898
-15.5738
-15.9805
-15.4152
-14.7692
-15.012
-16.2577
-17.3643
-17.5908
-17.2058
-15.587
-11.0639
-6.22998
-2.47851
0.516876
2.25731
1.73148
-1.45824
-5.28002
-5.06612
-2.70274
-1.80864
-3.23053
-6.65961
-10.8015
-12.875
-12.9274
-12.9455
-14.4509
-17.4457
-21.0402
-21.9163
-20.7934
-20.0537
-20.0161
-20.3199
-20.0164
-19.147
-19.0362
-19.6507
-19.9281
-19.0864
-19.1131
-20.2649
-18.2244
-11.8453
-7.51746
-6.64372
-7.5209
-8.69846
-7.48786
-2.3905
2.53867
4.24992
3.03208
0.76695
-0.309078
-0.689269
-0.895554
-0.496762
0.320161
2.04914
3.83438
5.16727
5.7938
6.26865
5.94361
6.30086
4.92869
2.35178
-0.260935
-1.35788
-1.82657
-1.74223
-4.6424
-6.33147
-8.86826
-10.544
-13.1811
-12.775
-10.8523
-15.2457
-16.5402
-18.4448
-19.2343
-18.412
-17.5401
-16.4663
-14.2098
-12.4248
-12.8877
-16.0529
-19.551
-18.981
-16.5195
-15.7352
-16.2838
-17.642
-19.5917
-22.1675
-24.3289
-24.4853
-23.9582
-23.1564
-21.6287
-20.2543
-19.2189
-17.5676
-15.5482
-14.6765
-15.4796
-17.5512
-18.4559
-17.8001
-18.16
-19.2496
-19.852
-18.8209
-17.7671
-17.9666
-19.7811
-21.7255
-21.7428
-20.1984
-19.1769
-18.9578
-19.4788
-19.0937
-15.9614
-10.5481
-5.37946
-0.694291
4.73578
9.57436
11.6167
10.1652
5.6071
0.778889
-0.859914
-2.27091
-5.85492
-11.1882
-15.2274
-15.9633
-15.5864
-14.4966
-14.1134
-15.2305
-17.3557
-18.3551
-17.5536
-16.7814
-16.6918
-16.7646
-16.7235
-16.5882
-15.8182
-14.1945
-13.1831
-13.5287
-15.2287
-16.5538
-10.4033
-0.562599
5.16163
6.32982
3.56832
-2.30429
-8.646
-13.481
-16.7841
-16.7717
-16.3447
-15.8374
-13.7235
-10.5554
-7.77501
-6.17953
-5.90109
-4.97599
-3.87975
-2.13992
-2.08392
-2.39607
-4.11059
-2.71506
-3.82701
-5.27736
-4.91261
-3.24948
-2.69029
-0.679786
0.709629
2.53278
2.95598
2.73587
1.66211
1.15435
1.7696
-17.0586
-18.437
-19.5502
-19.1787
-18.2576
-17.8794
-18.7203
-20.1333
-20.1611
-18.5424
-17.2267
-15.9658
-14.5596
-14.1027
-15.3818
-17.6673
-19.5409
-19.9462
-18.9706
-17.7333
-17.5948
-19.089
-21.2133
-23.0517
-23.9302
-23.2972
-21.5094
-19.2243
-18.2642
-18.5573
-19.3751
-18.0883
-16.6032
-17.5003
-20.0957
-22.5463
-23.0421
-22.5189
-20.364
-18.2482
-17.6932
-18.3923
-18.7612
-18.119
-17.4644
-18.1133
-18.4974
-15.6391
-10.1629
-5.74584
-1.97167
1.70663
4.28267
4.60924
2.54523
-1.11293
-5.04271
-8.55981
-11.3604
-12.4459
-11.7356
-11.4641
-11.9458
-12.1912
-12.4403
-14.1274
-17.0443
-19.812
-21.5868
-22.0448
-21.0646
-19.6688
-18.424
-17.5648
-17.2762
-17.849
-18.591
-19.4264
-19.9063
-19.9202
-15.2939
-2.66787
8.63118
14.4651
15.8454
13.6616
9.09631
4.07308
-0.637835
-4.16765
-6.21196
-7.82577
-8.5852
-7.61262
-5.0798
-2.02287
-0.536813
-1.7806
-4.34112
-7.00199
-5.86098
-6.15872
-5.74854
-6.06783
-2.24336
-0.78807
1.55947
6.99771
13.8076
19.0161
22.8949
26.5526
28.8587
28.4807
25.4525
22.3166
22.8267
24.5712
-17.1057
-18.222
-18.8994
-19.3855
-20.2012
-20.9644
-21.0741
-19.7591
-17.4892
-16.1001
-16.7806
-18.4032
-18.6182
-18.0746
-18.5697
-19.3582
-19.09
-17.9635
-17.3102
-17.7624
-19.0512
-19.5861
-18.4301
-17.2328
-17.2778
-18.9944
-22.2048
-25.7499
-28.8477
-29.2052
-27.7042
-25.6567
-24.6398
-25.0953
-24.4991
-23.2585
-22.0314
-20.3703
-17.4185
-15.655
-16.4191
-19.3511
-21.887
-21.861
-20.2018
-19.4847
-19.9563
-19.3816
-14.4495
-9.54423
-5.61869
-1.62423
1.27408
1.78147
-0.110701
-3.17235
-6.11884
-8.9205
-11.5681
-13.1265
-14.1248
-15.0338
-15.6898
-16.4304
-16.9988
-18.1146
-19.9228
-22.8533
-26.0222
-27.37
-24.8801
-21.697
-20.5121
-21.1405
-22.0337
-22.8929
-23.2987
-22.9562
-21.7966
-21.1126
-17.5391
-5.60165
5.24281
10.8742
12.1544
10.0613
6.68019
6.75347
9.82129
11.7046
10.7025
7.45558
3.71829
1.98077
3.5631
6.11678
7.19282
6.75999
6.73175
7.05478
7.38028
8.35505
11.3779
14.3611
15.5705
14.8282
15.6847
19.3404
22.9681
25.274
27.3789
30.5303
32.867
32.3852
28.5846
23.5093
22.7418
24.4262
-15.0201
-16.0422
-16.1067
-17.4887
-21.2949
-25.0094
-24.0418
-20.9914
-19.2546
-19.2984
-21.0329
-23.2137
-23.9342
-22.9853
-21.814
-20.8619
-20.6656
-20.4037
-19.2337
-18.323
-18.4306
-19.0566
-19.2412
-19.3483
-19.9203
-20.6484
-21.145
-21.2715
-22.075
-23.2998
-24.6149
-24.6176
-23.1497
-21.8282
-20.6123
-20.7273
-21.3088
-20.6863
-17.4137
-14.5629
-14.0386
-15.2005
-16.3208
-16.5014
-16.7016
-17.8587
-19.4139
-18.616
-13.3323
-8.03017
-4.29626
-1.50133
-0.136173
-0.756149
-2.4582
-3.17967
-3.64369
-5.96487
-9.5367
-11.7606
-12.4607
-13.5438
-15.301
-17.6637
-20.1774
-21.2389
-20.118
-19.867
-21.4255
-22.7793
-21.8542
-20.2283
-19.7932
-20.9307
-23.0491
-24.7385
-24.6846
-23.9529
-23.0959
-22.1783
-19.4367
-11.5229
-2.61617
2.5642
3.74795
2.08175
0.258604
2.82729
6.83185
8.8048
8.15399
5.64915
2.82493
1.59665
2.73419
4.80119
5.80351
5.31738
4.99626
5.08985
5.59961
7.10284
10.126
12.4337
13.3421
12.1406
10.3465
9.63774
10.1071
10.0847
10.2867
10.7202
11.826
12.0894
12.197
12.8058
13.6922
14.2992
-15.2766
-17.9916
-20.7205
-23.3643
-25.6122
-27.6213
-28.1647
-26.3657
-24.5548
-23.3982
-22.8496
-22.2792
-21.6279
-20.8668
-20.1766
-19.8913
-20.7682
-22.5189
-23.5458
-22.8533
-21.1242
-20.0387
-20.5515
-22.6631
-25.0399
-25.5269
-24.6637
-23.563
-23.3704
-22.0771
-20.3993
-19.7791
-20.0286
-20.1998
-18.5373
-17.5988
-17.0157
-16.6174
-16.3496
-16.5234
-16.8635
-17.2041
-18.0226
-19.2558
-19.4799
-18.6776
-18.3732
-17.8544
-14.6363
-10.6237
-8.74825
-7.54383
-2.97676
2.13646
5.06415
6.03004
5.54587
3.52685
-0.309229
-4.9638
-7.92712
-9.08641
-10.5172
-14.211
-19.0122
-21.1785
-20.4191
-20.8647
-22.8736
-24.9799
-25.6781
-25.5428
-24.9254
-23.325
-20.3812
-18.785
-19.7726
-23.3768
-26.7809
-26.1511
-22.7512
-15.08
-6.28771
-0.684684
1.36328
1.44409
0.685731
-0.42211
-1.43148
-1.32239
0.523819
2.61047
3.25349
1.95142
-1.11707
-3.34141
-3.10282
-3.14717
-3.37382
-3.08856
0.165193
3.4265
6.86377
8.3524
8.81812
7.81458
8.6466
11.3077
12.6529
11.416
10.3622
12.6229
15.4902
15.7673
13.5931
11.4529
13.7164
18.2637
-12.935
-17.7624
-21.8576
-22.1984
-20.4323
-20.3361
-22.6057
-25.4501
-26.7103
-26.0187
-24.8456
-23.3118
-21.6752
-20.5241
-20.8981
-22.8719
-25.9852
-28.8737
-29.2997
-27.6836
-26.1089
-25.6788
-25.8181
-26.7544
-29.0509
-32.0358
-33.1953
-31.5446
-30.0771
-28.3479
-27.7907
-26.4759
-25.3404
-25.9675
-26.5335
-27.2436
-25.9615
-24.5084
-23.8499
-24.411
-24.9075
-24.3172
-22.9559
-22.482
-22.6102
-23.4027
-24.4768
-23.4916
-16.5464
-8.42456
-3.19987
0.460388
3.52699
5.32017
5.12627
3.02778
0.149452
-2.51352
-5.08835
-8.08294
-10.759
-11.7629
-12.3573
-14.5235
-17.2682
-18.599
-19.8716
-23.1077
-27.2421
-29.5159
-30.4786
-30.4628
-29.7109
-28.4083
-26.4943
-25.9078
-26.9183
-28.8253
-29.9426
-29.8736
-24.5993
-12.2586
-1.48131
4.47354
6.51329
6.68362
6.46235
5.46409
2.26868
-2.44962
-6.38736
-7.65909
-6.91498
-5.88598
-6.16595
-3.81197
1.32908
4.4869
5.39116
5.15502
7.85701
12.2866
16.2036
18.4879
19.0195
17.7361
16.194
15.401
14.2298
12.0848
12.0149
14.733
17.5316
18.1697
16.3595
13.6324
14.1811
17.8477
-21.4949
-25.6914
-29.5221
-31.2357
-30.8577
-30.2852
-30.7049
-31.0086
-31.0659
-30.647
-30.4919
-29.9278
-28.8489
-27.0535
-26.5063
-27.6995
-30.5571
-33.4926
-34.8629
-36.4289
-38.4785
-39.3558
-36.3008
-33.6657
-33.6464
-34.4113
-33.6965
-32.4229
-33.3993
-33.5197
-33.2808
-31.6121
-30.505
-32.0541
-32.7792
-33.487
-31.9201
-31.0267
-30.9366
-32.0679
-32.8932
-32.7658
-30.8635
-29.43
-28.3668
-28.9279
-30.3095
-31.2319
-25.286
-16.6112
-11.4599
-9.46299
-8.9998
-8.72885
-8.72487
-9.44014
-11.0788
-14.1315
-18.3381
-22.6567
-24.0386
-23.4248
-23.3233
-25.1081
-27.7048
-30.2265
-31.3739
-32.569
-33.7971
-34.1906
-33.254
-31.8754
-31.656
-32.511
-32.4842
-32.3674
-33.2699
-35.2001
-35.933
-35.5849
-30.2502
-17.0097
-5.63895
0.403447
2.39807
2.50091
2.75121
2.77489
0.678997
-4.07097
-10.0143
-14.3856
-18.0131
-18.3078
-16.2239
-11.5583
-5.68088
-2.06636
-0.423049
-0.74291
0.704014
2.78464
4.55032
4.67616
4.62786
2.12838
-1.52744
-4.20087
-3.15891
-1.63173
-0.398193
-1.96998
-2.11723
-1.33353
-1.54454
-4.42326
-5.46469
-3.59402
-30.4043
-33.1264
-37.2336
-40.4811
-40.355
-38.7345
-36.3534
-33.8543
-33.686
-34.3423
-35.1132
-35.2651
-37.107
-38.924
-40.5443
-39.9845
-40.3529
-39.866
-38.6406
-39.6356
-42.0538
-43.8975
-41.4506
-38.033
-36.4085
-37.0173
-39.3932
-41.3146
-44.1582
-41.2604
-42.193
-40.3237
-36.8253
-37.1235
-36.0572
-37.138
-37.6006
-38.8688
-38.4345
-39.08
-40.2065
-42.0445
-41.3341
-39.8959
-36.2758
-34.5222
-34.0312
-35.9884
-36.2811
-33.305
-29.5569
-28.5222
-28.8478
-28.3191
-27.8365
-28.6016
-30.3743
-31.3419
-30.9282
-32.4304
-34.4521
-35.2352
-34.0974
-34.5561
-34.9684
-34.8627
-32.7255
-31.6294
-32.3941
-34.9553
-37.7211
-38.6276
-38.9826
-39.9194
-39.1719
-40.0685
-40.625
-41.3502
-40.2827
-39.1693
-36.1111
-30.2024
-20.4743
-14.2582
-12.6063
-12.704
-12.8273
-12.7727
-14.396
-18.6448
-24.8745
-28.1712
-30.2606
-29.4786
-31.6671
-32.7474
-27.3262
-31.0067
-24.9428
-26.0974
-22.1363
-34.6676
-26.3172
-33.05
-14.5867
-18.5169
-28.6322
-32.3918
-24.5703
-32.3767
-20.8282
-36.6768
-28.0384
-30.4055
-24.3807
-33.0895
-32.9845
-30.0652
-39.932
-42.7139
-45.0067
-44.8115
-44.0571
-43.9954
-44.6623
-42.2378
-40.5671
-38.5771
-38.9852
-40.2867
-43.3884
-43.8145
-44.7345
-43.5383
-42.855
-42.173
-40.6772
-41.1168
-41.37
-41.8447
-41.0032
-40.1558
-38.6428
-37.4811
-38.3559
-40.6468
-45.6452
-43.7569
-46.829
-46.0481
-41.2597
-41.643
-39.4834
-41.8552
-42.3503
-43.9329
-43.1005
-42.8204
-41.833
-41.1399
-40.34
-41.001
-40.8342
-42.3813
-42.1425
-44.2984
-45.0997
-47.0772
-44.9108
-43.3797
-41.9609
-41.4868
-41.1959
-39.3483
-37.2804
-37.013
-38.2509
-42.5127
-45.1101
-44.6149
-41.1966
-42.0034
-41.865
-42.5194
-41.2612
-42.0109
-42.567
-43.1732
-43.215
-42.4767
-42.5962
-43.7879
-42.7412
-43.5121
-42.9049
-42.2885
-41.298
-42.4685
-41.7837
-42.1029
-36.8575
-30.3505
-32.3034
-33.8013
-35.6075
-32.2592
-28.7507
-29.2562
-32.483
-33.5711
-36.2966
-33.1003
-34.3337
-36.8267
-31.7757
-44.1892
-28.2571
-28.2472
-22.8146
-44.212
-28.9337
-42.4413
-15.1401
-19.426
-33.1118
-37.9323
-26.2746
-37.3983
-21.6932
-44.3955
-29.5218
-31.995
-25.5531
-38.2361
-40.0573
-33.7796
