80
-2.821
-1.01149
0.701957
-0.84154
-5.90829
-11.7085
-8.59875
-3.27245
3.67225
6.6037
6.82641
3.60432
4.5816
10.2228
13.6353
14.6081
15.9883
17.04
14.7214
9.77729
5.25496
4.53234
5.75539
9.83418
11.4978
8.5042
3.02007
8.32344
12.2828
10.1448
3.01247
0.294056
-2.77439
1.49071
13.5615
21.2715
24.5621
23.3929
16.4819
6.25076
11.1608
18.1406
18.945
15.3342
12.3917
12.1233
10.5963
8.04039
8.99146
9.9217
9.35059
6.40076
32.0059
51.2833
62.9029
68.1763
68.4687
66.2037
63.4454
61.5432
61.4557
61.5146
62.5262
63.0418
63.1952
62.5207
59.5134
53.6427
45.4934
48.6672
48.3648
41.6254
37.2732
31.0593
27.5845
38.639
39.3959
42.8643
47.2509
39.7575
35.3115
35.4403
27.3548
28.0238
33.3557
58.4989
69.1141
74.1826
73.9435
68.5941
53.7523
33.8053
49.1187
53.7743
52.7549
48.06
40.6416
38.9485
34.8798
30.91
28.0817
18.8273
25.9968
32.329
39.8363
39.3347
34.9959
26.3978
15.1063
4.85649
8.59644
14.3212
16.784
18.1622
18.0596
15.2405
11.4251
5.91414
-4.02152
-2.55912
-3.69019
-6.35183
-7.00747
-0.706019
5.73719
9.53533
9.11446
6.1795
10.298
15.7865
18.0528
16.7763
14.5778
16.9519
20.3672
21.6203
22.2321
21.1708
17.4652
12.8066
13.2587
15.3289
13.7024
8.90586
9.02124
13.947
15.3813
12.6133
8.27464
9.94051
12.6714
13.7945
14.1652
13.4966
11.0521
7.34048
7.5407
8.15524
8.42814
10.0471
9.8231
5.40861
-2.72719
1.37698
9.58192
12.7576
12.0311
8.00287
-0.712982
10.3837
29.5102
47.0284
59.511
63.7866
63.0969
56.9998
48.7934
44.389
43.6785
42.3874
38.9234
33.3363
31.9797
34.5465
37.6932
37.4417
33.7411
33.4859
33.8933
26.8874
36.9996
37.2043
33.3426
38.2658
35.1283
47.3727
53.7131
60.3866
66.8795
73.5819
79.5353
85.2549
90.6578
95.8963
99.8692
101.327
99.4353
93.5966
83.7937
72.9979
69.6728
73.5485
77.3551
79.9412
81.2189
81.4708
80.837
79.2103
75.742
69.8797
61.2383
52.7835
48.3923
45.689
39.2256
28.0953
20.671
19.8247
17.6874
12.6203
5.26955
-4.20746
-6.14398
-4.37337
-5.56341
-7.65751
10.3024
12.2596
15.658
19.8569
22.3558
23.2212
22.0403
20.1695
19.9336
20.5002
20.4994
21.7591
22.4725
22.7528
25.1054
26.558
24.9717
22.3954
23.9063
26.1766
25.444
20.8181
17.5064
19.1419
20.8639
22.6901
25.001
25.0666
21.4819
16.923
15.654
16.2328
20.283
23.3952
23.6686
21.4715
18.6342
18.0474
17.082
14.7601
15.8283
19.0288
20.5572
21.7635
23.8541
25.3561
26.0695
26.1294
24.9508
22.4192
19.0804
19.2547
37.1405
51.9251
59.9563
63.6864
63.1054
59.3426
53.1057
48.3722
43.4339
40.2095
38.98
35.2687
38.2655
40.4856
41.878
38.9064
33.4028
36.6339
52.2603
65.1858
75.378
80.7686
82.8282
83.5646
84.831
91.2326
97.9604
102.459
105.485
107.781
109.586
110.883
111.656
112.09
111.815
109.769
104.927
96.4832
83.5013
66.0836
54.4927
59.5688
69.3729
76.7539
81.5444
84.8672
87.0561
87.2826
84.8651
79.1793
69.9085
57.6375
49.201
46.1654
40.287
32.0831
25.9606
24.0844
19.4814
15.2236
14.4166
14.3873
13.2712
8.93223
2.90482
0.0486412
15.3277
19.0236
24.0426
26.8799
28.0193
28.036
27.2828
25.094
23.2613
26.3185
30.6823
32.1267
30.2496
27.7986
29.9365
33.5371
34.9759
34.3333
32.4313
30.135
27.0236
23.2113
20.4263
21.0395
23.8963
26.8523
28.6843
28.0101
24.6723
21.2439
21.9468
24.4336
25.3719
25.9194
27.3557
28.8198
28.982
26.976
23.2989
19.7417
19.0863
20.8771
22.7046
25.5532
29.4473
32.1684
32.6818
31.4751
29.2944
26.4026
23.5781
21.9265
31.0406
41.2289
48.0504
50.9328
50.8808
48.3735
45.8383
42.2496
38.2845
34.2734
30.7583
32.3333
37.1292
38.7614
41.3272
38.5513
44.7878
60.861
78.7045
93.0863
103.416
109.761
112.805
113.3
112.366
110.637
108.45
105.837
102.606
99.3347
97.6056
95.6453
91.555
87.5447
87.8788
88.2778
85.4361
78.2166
65.2613
43.0621
47.1163
53.2035
54.8703
51.1817
42.6434
48.6716
58.1646
63.679
64.8628
62.0633
54.563
42.2643
31.4495
29.1445
28.5983
26.2365
24.8184
23.2778
21.4776
20.4874
20.1901
18.4482
13.75
7.26323
2.90431
2.30146
0.671055
6.66232
15.0167
19.4172
20.5485
19.5116
16.2675
10.6724
11.3919
18.7403
22.6799
22.3861
19.2688
18.5398
20.0433
18.6446
15.2597
13.8438
14.3037
13.5634
14.2914
16.2928
18.5615
21.6633
23.4951
24.024
22.6913
21.861
23.9348
26.7093
27.3415
25.7851
23.3161
21.9361
21.0281
18.5349
14.9856
13.4805
14.2616
14.064
13.3543
13.423
14.117
14.0364
12.5725
10.7444
7.58093
5.93932
10.9153
15.1576
17.4538
22.3623
28.7503
35.3333
41.4208
45.3709
46.386
43.4835
35.6539
29.1236
30.7967
37.8751
41.4576
43.4227
42.5182
39.7556
39.0556
48.1485
66.9685
85.7485
99.4348
107.944
112.064
112.216
109.047
103.904
97.8364
91.1421
82.708
74.7793
69.9499
67.7613
66.1865
62.9719
62.014
59.7453
57.5274
60.6813
60.7889
57.8314
48.0425
41.9191
31.6419
29.1242
32.9622
33.1319
31.5729
29.0133
26.7368
23.3849
22.4875
29.0469
29.4119
22.62
15.8311
10.5147
17.58
21.5226
21.8602
19.0851
13.3815
10.5671
12.1125
12.6291
10.7879
6.31696
-0.986615
-4.75863
14.7213
15.2483
14.3472
15.588
18.2755
18.4607
15.5232
12.975
13.3633
16.5869
18.9067
19.504
18.9846
16.9685
13.1263
9.27377
12.4499
14.23
11.447
5.5329
-2.85387
-5.29521
5.26555
11.9098
15.8289
18.4692
20.9466
21.3491
19.6556
18.8246
22.1504
26.4949
28.0912
25.6921
19.1124
9.9617
10.1688
13.5182
13.6695
12.1294
12.4396
17.2216
20.1713
19.6619
16.0497
9.27154
2.64993
-1.72114
3.40792
8.36084
8.51792
8.52161
17.8192
29.8666
40.577
47.8505
52.3243
52.4479
48.4191
38.9709
32.2572
36.3829
45.53
47.8912
46.8305
42.5613
51.4095
68.8332
89.0122
102.25
109.87
112.41
110.048
102.489
88.7216
73.9955
65.0988
55.9806
44.7806
44.2364
42.2236
43.0092
47.2535
49.5386
50.0718
47.9234
51.8393
56.8704
61.0986
60.362
55.9118
45.9907
35.278
36.0264
39.5853
40.9453
38.216
30.084
23.1457
17.0004
19.9043
19.0124
17.7382
15.1092
12.5867
13.8672
20.1028
24.8223
28.5706
29.2535
28.2154
25.5283
21.2156
15.8095
11.5942
11.6314
12.9923
11.7656
12.8025
14.305
12.3591
12.7002
16.6316
18.0936
15.8571
11.1213
9.88409
10.4276
9.82233
10.2904
12.5058
12.9734
10.1773
7.78679
9.71147
10.8995
9.36275
4.22159
-2.38753
-9.43535
-12.0733
-4.43618
5.47299
13.5897
18.09
18.5227
16.9984
17.3122
19.3744
19.1901
16.6348
14.1474
10.6664
6.66535
10.2501
16.5556
18.7329
16.6869
13.7069
17.9137
22.1706
22.6891
20.1216
16.8562
13.3524
8.72707
9.78661
14.291
17.2403
16.1929
17.0117
32.6989
44.1727
53.1892
55.7579
54.7482
49.887
45.4384
40.633
38.2896
39.8873
40.1215
42.9849
50.9217
70.4809
87.6562
99.68
106.911
109.914
109.184
105.115
97.8123
87.6736
74.9022
63.6626
59.9127
56.2587
51.3545
48.7969
49.8339
52.5637
50.6181
46.211
42.0621
45.2946
51.6773
53.8521
52.3678
48.7271
45.1872
42.4967
44.8702
46.8395
45.1515
39.4575
30.2139
15.4171
7.03438
9.98469
-0.731647
-11.1581
-0.0862916
9.15569
13.3467
14.1211
19.8294
25.6969
30.8919
31.9033
28.9061
22.7417
14.6702
12.4259
15.4212
17.5073
16.7236
3.79556
6.59882
9.17353
11.7112
14.12
14.0686
10.2241
3.44752
-0.927373
-1.71553
-1.42051
6.29742
11.7514
12.2394
8.4359
6.69109
6.9561
4.52797
-1.51956
-5.13792
-5.76967
-8.65073
-13.4395
-15.4729
-0.688952
10.4889
15.3056
16.7702
18.5018
22.0332
23.8093
23.2463
21.7928
20.9529
18.8731
14.4954
12.0956
16.684
20.9686
22.8257
23.6268
25.7937
28.3206
28.9697
26.9509
21.7822
13.1525
1.5616
2.3557
8.84966
10.4986
12.4682
17.2062
39.6494
56.3161
67.5876
74.0515
76.428
75.7703
74.6043
75.9663
78.6412
79.1293
76.8618
72.5977
73.1546
84.2375
93.1939
97.4659
97.571
93.8972
87.7177
83.5326
82.1346
78.6427
73.6929
69.4586
66.9287
62.2122
55.9756
50.2341
48.9939
56.4072
58.6651
62.5941
64.1355
64.9091
65.3504
62.9241
57.6547
52.13
49.7238
50.1948
46.2641
39.4847
36.1993
33.6213
25.733
14.1576
15.9866
17.9701
15.5659
11.2359
1.26468
7.20908
3.63979
7.03441
6.04353
11.5716
13.7666
13.7472
10.6299
3.3707
-1.79525
-10.2163
0.456626
11.4178
16.9866
3.13858
6.69019
6.83848
3.42171
0.000277933
2.42785
12.1196
22.0722
28.3736
30.3679
28.4214
22.9488
15.6338
13.7372
13.9008
12.3915
12.3191
16.1774
19.0086
18.6605
14.96
10.2302
12.2554
18.3569
21.055
19.9029
15.2227
14.0709
18.9361
20.3418
17.8953
15.5825
18.3156
18.8557
15.8795
13.964
17.7974
20.9046
20.1131
16.8529
14.6899
15.0162
13.7261
9.20526
7.9595
13.7196
16.1866
13.8518
10.5096
14.6799
21.2966
23.9201
24.995
39.6738
57.148
70.1592
78.8501
85.1588
89.8048
93.2144
95.2403
95.2029
92.5774
86.6204
77.3695
76.2196
83.323
87.7098
87.9264
84.7871
80.0387
79.5167
81.3898
81.2987
78.3593
70.238
60.9934
54.8192
58.8651
68.1423
72.2835
72.7245
71.1285
73.9445
77.496
79.3797
78.4945
74.8207
70.0043
63.9575
57.9682
52.4327
48.6354
43.8513
36.1698
27.7575
19.2467
13.1697
17.1768
23.7198
25.4561
23.821
22.7343
22.578
21.2328
20.9908
20.3663
16.9205
17.1459
24.1838
26.9585
25.2493
21.3965
22.5877
26.9802
28.4176
25.8039
21.0519
21.1956
23.6926
25.6633
26.046
26.3384
28.6407
32.023
35.7472
39.0368
40.5056
38.9545
34.4093
31.1137
32.6637
34.6593
35.2628
35.9474
37.121
37.8996
37.2753
35.3499
34.026
35.0401
37.2293
38.517
37.7989
35.7006
34.552
34.7981
34.1949
32.0734
30.4799
30.2733
30.762
32.3719
35.5972
38.3602
39.4503
38.9779
37.258
34.8277
31.864
28.7724
26.2222
26.4129
29.6781
33.3395
35.5316
35.7534
35.0517
34.8278
35.0138
33.6052
37.093
49.799
57.3205
60.0997
62.9251
69.0671
74.6582
78.3971
79.8919
78.3409
73.4728
66.1303
60.8913
62.3018
59.8838
57.8709
58.9938
58.834
54.8661
60.9177
72.484
79.5977
83.8084
86.6933
89.181
91.2626
91.642
89.4062
83.7656
74.2202
62.8987
65.5965
67.7703
65.8042
60.5663
52.3121
48.3215
42.502
36.1621
31.405
31.6199
29.6901
28.5669
28.2599
29.4668
30.3645
29.696
28.8918
30.7224
35.3287
39.9701
42.0425
41.4608
39.6654
38.3055
38.3519
39.8802
41.8139
42.8236
43.278
43.4841
43.3794
42.946
42.2332
41.7881
4.31497
9.75357
12.0118
9.58415
4.8362
8.97089
16.8468
22.2105
26.8693
29.5948
29.2984
25.7193
21.446
21.5963
21.9655
20.7152
19.0551
18.4541
17.955
17.3929
16.7035
16.2225
17.8924
21.8037
24.2778
23.4474
18.7793
15.1864
17.6486
18.1377
15.4277
11.7018
10.846
11.6003
17.0819
24.0737
27.8176
28.6427
26.8674
23.1021
17.4497
13.3969
12.4637
12.3415
12.6625
16.79
21.2084
22.2047
20.5391
19.4223
21.9781
23.3013
21.9764
28.8705
38.8608
44.8707
47.3972
46.5074
43.4638
42.7261
44.0149
43.446
40.2923
41.6651
38.6063
36.3278
37.8111
35.1581
39.2443
47.0068
59.1
68.9103
74.9271
77.6098
78.9088
79.907
80.2458
80.3013
80.3683
80.0578
77.7748
72.362
62.2569
50.4549
45.2138
43.1297
42.0345
40.2555
38.6547
36.449
32.9802
26.0827
19.0709
15.341
15.8058
14.263
13.9677
13.8203
14.3727
16.3289
20.0425
20.7959
23.6468
26.9017
29.1483
29.5118
28.1221
26.0891
24.8825
25.0063
25.0298
26.1188
28.5198
29.7296
28.323
25.0095
21.8728
19.6566
-2.8498
3.07593
9.40851
12.5603
13.6324
13.9555
15.5547
20.7991
24.1652
24.3014
21.8574
18.5347
15.0892
12.0101
10.259
14.9493
20.1576
21.295
18.2004
11.2084
5.16603
6.94788
14.4067
21.2684
24.3229
23.776
20.8346
17.484
14.7589
10.7581
4.50194
-1.73562
2.7709
7.52656
9.80819
17.806
26.5154
30.8241
30.6008
25.8662
17.7289
13.4631
15.7092
14.8407
11.0805
11.7211
15.2561
18.3241
21.144
23.2809
22.5119
18.7958
16.9737
21.7651
31.496
38.6219
42.4062
44.8062
43.7915
39.6053
30.9553
27.0914
29.2299
34.5251
41.6743
44.1247
42.9784
40.1235
53.9174
65.9973
75.8922
81.5962
82.8756
79.6807
72.1284
62.6109
55.7464
49.3704
42.4013
45.6642
48.8761
47.7495
42.6077
37.1056
34.2802
33.0386
33.6143
34.5463
32.585
30.0198
23.7206
24.8354
18.3352
14.8204
15.176
16.5785
16.275
14.4761
15.4624
18.9242
22.7059
26.4485
27.0442
23.8442
19.9986
20.4388
19.0017
12.8664
12.3467
20.1684
23.0001
21.8515
17.6274
13.3731
10.8386
10.1385
9.7233
11.564
-10.5285
-8.7332
0.709971
9.06177
15.7132
21.1066
24.1513
24.9441
25.9298
28.1425
29.1336
27.5402
23.5738
17.4787
12.0113
12.633
16.0854
17.8029
17.2576
16.1236
17.4651
20.031
21.136
21.0811
19.928
17.2903
12.6731
10.5199
10.0022
6.73632
4.81308
9.57901
12.7151
13.0065
16.5857
22.0277
24.5016
23.2322
21.0713
22.6295
25.3657
26.0861
24.0952
19.0723
10.7593
4.16136
10.0734
16.8642
20.8252
21.1995
18.4502
15.223
14.8063
17.4929
29.2777
37.1518
41.0503
42.309
43.4728
41.5699
36.3051
25.5108
31.7597
42.6722
46.6923
47.314
47.0421
53.7854
71.5761
83.633
89.581
90.5051
86.576
77.5721
63.0809
54.0877
53.7356
53.6945
51.2392
49.1561
47.5055
44.9178
43.51
41.7326
41.4336
38.6898
38.004
39.8144
41.3952
38.6512
33.9971
24.0409
21.7646
22.9182
26.1409
26.3215
23.1922
21.0409
24.0916
26.141
26.6545
27.4809
29.2857
28.7082
24.5682
18.3171
19.4327
22.4494
22.4723
20.2454
19.8496
21.0645
20.8428
17.6175
12.0949
8.34303
12.9184
19.5604
5.71288
-0.944451
-7.17093
-5.67957
1.94115
13.4322
20.4785
23.3929
22.8377
21.5643
22.8894
24.8588
24.6269
21.1636
14.127
4.80889
2.77273
7.458
11.4222
14.0144
17.1031
19.3697
19.1885
17.5184
19.1011
21.0863
19.9902
15.0191
10.2969
8.68337
8.6837
10.728
13.1215
14.5948
18.0599
21.8656
22.445
19.3403
14.3689
11.5035
10.4535
10.052
11.3469
13.5135
14.1185
14.6759
18.1182
22.4114
24.0856
23.0259
20.0301
16.9258
17.4636
22.4729
30.3341
38.4173
40.6643
41.1256
41.5568
38.0781
33.4689
27.9393
26.1894
34.674
38.2153
41.2836
53.2671
73.4438
84.4489
90.8736
93.2158
91.6927
86.5824
77.4618
65.4796
52.7896
51.3012
54.262
54.2824
55.2057
58.6775
60.6972
60.2843
58.0752
55.1578
52.5804
50.3352
48.4631
44.5604
38.6976
29.1541
19.5346
8.89245
12.4168
18.7341
20.7409
21.2972
20.7919
18.3837
14.5609
9.22501
16.1893
22.9096
26.1112
25.4284
21.6976
21.0919
23.4753
23.7673
19.4179
10.364
3.37575
5.40551
6.65672
3.58531
-3.87401
-3.46516
5.9207
2.17748
1.96298
3.82721
7.18843
11.8296
15.4551
18.1969
21.5605
26.5894
30.2187
30.7244
28.0335
23.0233
18.1561
14.9818
12.6497
9.39841
6.49082
10.5205
19.263
24.6014
25.4409
23.2655
23.2475
26.8015
29.3623
29.5986
28.4495
27.4874
28.0625
28.9787
28.782
26.6807
22.5178
18.4761
19.4131
22.3408
22.7598
20.3593
16.4396
14.74
16.8402
21.0062
22.7287
21.7888
22.0357
24.3263
24.2534
20.0934
14.2877
14.1928
14.1799
15.4077
40.9072
59.1659
71.0836
77.667
79.6653
77.5732
71.4759
61.5551
57.3298
59.2691
61.1119
61.274
67.5208
82.7975
92.1847
96.8279
96.7665
92.1939
83.7834
75.472
71.376
68.6796
65.8539
63.4543
65.6132
69.9033
72.0175
71.3201
67.4223
60.5848
50.0293
39.502
34.3019
34.6971
33.3698
32.4407
29.7272
26.93
20.217
11.8351
8.19771
12.7301
20.6763
24.5709
24.7001
22.2869
20.2412
22.1356
23.3124
23.747
24.627
25.1693
23.9553
24.3927
29.3467
32.0761
31.1705
27.1395
22.2922
19.103
16.6268
14.5951
14.4828
16.6304
20.9744
9.9553
0.627058
1.68122
9.30898
12.8153
14.0632
18.8158
26.0704
30.2732
30.9747
28.7208
24.1651
19.5231
20.8923
24.8333
26.1827
24.6961
21.7173
20.552
22.4181
23.19
21.4465
18.1265
16.1365
14.7974
14.472
16.117
16.9947
16.5577
17.8178
21.0346
23.4687
23.7798
21.4773
16.8329
14.5715
19.1952
24.4746
26.8471
25.5795
20.9545
15.9611
15.2418
16.9469
17.9802
19.2909
20.5052
19.7494
16.5041
15.3462
16.7274
19.1742
23.6181
49.968
70.1888
83.6281
92.1388
96.8838
98.6333
98.2563
97.1973
96.689
96.2729
94.9167
93.9921
95.8365
98.3811
99.4369
98.1506
94.4581
88.3965
80.6581
77.8173
80.9451
81.9755
79.6682
74.8045
70.8943
69.3364
66.913
61.2293
52.7907
46.3817
41.8653
34.7882
27.5096
25.3077
27.9651
28.3377
26.9288
23.0531
20.7297
16.9219
14.8321
13.737
16.8326
20.9046
23.9478
24.2732
21.264
17.4218
17.5447
21.2018
24.8728
26.1997
23.8283
19.7849
22.781
28.8082
31.9919
31.8534
29.1939
26.2549
25.9429
26.0078
24.1002
20.0816
16.1716
11.7202
4.62468
1.10629
3.04707
8.59827
12.2586
14.0073
17.1383
20.8461
22.4373
20.5505
15.7751
12.8185
13.2907
16.6835
19.637
20.4575
19.0732
17.1609
15.9581
16.815
17.4697
15.4721
9.32719
0.408413
-3.71457
0.611323
8.9174
15.3201
17.6504
17.2641
18.4775
21.2535
21.7188
20.0812
19.4623
21.9003
25.1193
25.8945
24.549
22.3121
20.1766
16.7185
10.2929
5.25074
5.12295
6.56859
7.33977
8.11463
12.0802
17.2793
20.3372
24.2012
45.6112
60.266
69.4457
74.7325
80.5513
87.5266
93.7232
98.2877
101.053
101.816
100.671
98.161
95.0216
91.1566
85.3316
76.0028
68.1591
74.0104
80.3727
82.9024
81.0133
74.5531
63.747
52.6762
48.4515
44.2827
39.2463
33.7681
31.2095
29.6257
23.6644
17.0604
17.6155
23.7292
27.0285
26.1834
20.9659
16.9087
17.2205
19.2798
19.4537
18.5836
16.9804
15.1939
11.9797
9.39556
8.45359
12.0241
15.4333
17.1018
17.0227
15.4443
12.1991
9.72378
9.17033
13.5237
18.6
21.5743
21.6697
20.1051
19.3021
19.406
18.0926
15.0756
11.8313
-1.39641
-2.45853
-1.68031
2.53162
11.8918
20.198
24.7516
26.0117
26.2429
27.1944
27.2286
24.2512
17.1291
8.04015
7.89444
14.1468
18.3552
21.57
23.4932
24.1069
23.2722
21.8825
19.5637
15.6969
10.5887
6.2415
6.11551
9.3258
15.4497
22.6265
27.0987
27.5806
24.1725
19.2401
17.1247
16.1506
14.3766
15.9648
19.3896
21.4092
21.9266
20.6346
15.9405
8.20903
5.07929
7.64249
9.95289
10.2459
11.8425
18.6738
25.4103
29.1161
29.5116
34.7043
47.1509
53.0227
54.0878
49.3783
42.3619
51.2805
60.0468
62.1668
60.0778
55.0417
51.3573
49.3578
43.1201
37.0421
59.0292
76.3198
86.4928
91.157
90.9301
85.8953
75.4199
57.6639
46.1018
42.308
36.92
30.7978
26.4946
21.3632
30.646
35.9016
38.6344
38.74
37.4032
34.9159
29.7635
22.6664
19.4068
22.0309
20.9655
18.7636
17.7862
20.3561
20.8745
18.8793
17.2684
16.8069
15.2995
13.7538
14.8377
16.7784
16.8376
14.025
9.07477
4.6315
2.47557
4.66163
7.06032
10.2154
13.1326
15.635
17.3671
17.961
17.4701
14.7263
-14.9524
-13.232
-6.47582
-0.0684153
6.38729
11.9484
15.7035
17.6098
17.8538
17.17
17.8536
19.4595
19.5683
16.2963
9.41785
2.87209
1.02646
4.85203
11.8228
14.9524
13.8442
9.80505
9.19859
12.6703
14.7053
13.9091
11.5082
11.3031
14.6215
16.6061
16.8021
16.2445
14.7072
11.0648
7.79478
5.83609
5.29193
6.03699
11.607
18.6729
22.8507
23.2848
20.4552
15.1267
9.51114
4.96828
0.810068
-2.58576
0.0310559
6.74151
11.2431
13.2564
20.1659
29.3197
38.4267
44.8526
47.4054
47.6145
43.821
39.6093
38.5347
41.3844
41.6197
39.336
38.2584
42.3404
46.947
57.9766
73.182
83.5958
89.0242
89.773
86.2068
78.7545
69.2848
61.4705
54.4408
49.4604
47.7736
48.7917
50.4318
51.0244
50.3696
48.587
46.0883
44.0874
41.2318
36.2453
28.5548
23.919
18.809
13.9764
11.5818
12.1004
12.3562
10.7001
7.25206
4.06505
5.83492
9.4718
12.0678
11.7858
9.16539
6.03486
5.41317
5.44554
7.86538
7.48506
8.75962
9.98404
11.6034
15.6339
18.5408
18.3232
15.626
12.1963
9.08523
7.53321
-16.5186
-15.9483
-11.1276
-2.62399
4.72601
9.4356
11.5833
11.9714
13.3263
17.2163
21.1559
22.9228
22.2352
19.4164
14.9724
9.10818
7.35031
10.3167
11.5774
10.1758
7.46857
4.69712
4.19551
10.1099
16.3806
18.9748
17.7526
13.5593
8.92995
6.05471
3.52218
0.160451
-3.55733
-5.55628
-6.81409
-7.46554
-5.1473
0.438733
4.36831
5.49963
4.04748
4.00275
6.91597
9.39792
9.46862
8.05963
6.69122
5.63447
6.02963
9.83695
14.2112
16.949
18.7064
20.2487
21.4157
22.4816
24.9259
30.2023
33.5194
35.1585
35.1019
34.9619
37.7831
39.1992
41.6819
44.3939
53.3849
70.6129
81.9426
87.7912
88.6112
84.6104
75.6176
66.2532
66.7521
67.7317
65.2916
62.1351
60.8808
58.7868
53.8249
46.5639
40.5167
38.2911
37.9438
34.9837
31.0825
24.7044
18.277
11.4499
9.19198
7.92738
4.00197
6.66292
7.29179
6.90831
6.83776
5.9472
6.23054
2.92873
0.776418
-2.7334
-3.1162
-2.15815
-1.1748
-5.22357
-5.63706
-6.36333
-2.56157
0.945253
3.3318
3.95689
5.07596
5.87479
4.93745
3.27959
8.21782
14.9956
-9.12114
-8.17863
-6.6196
-5.78641
-6.06438
-7.25362
-4.30784
1.35615
6.45453
11.8099
15.4605
16.119
13.5883
9.12244
6.35524
6.20098
8.09767
8.35181
6.30017
4.4435
4.95331
5.6045
5.508
6.39063
7.073
5.27226
0.141825
-6.95829
-9.48281
-7.35763
-4.09563
-0.335236
3.67449
5.04777
2.47993
-4.19848
-4.10722
3.43007
7.25093
7.23165
4.46709
1.13344
-0.243365
-0.35892
-1.83569
-5.64149
-10.9833
-11.4235
-5.01498
1.88727
5.43119
5.62385
3.38309
7.43814
19.8364
28.1404
35.7447
41.7859
42.9517
40.8713
34.4253
34.9638
39.1068
44.4448
46.8264
56.4745
72.8238
84.2541
90.3818
91.6474
88.3834
80.5577
70.2328
65.1586
65.0964
65.0806
63.5873
59.9674
54.2607
46.1849
34.7909
27.8229
28.3311
30.726
31.2396
28.5156
23.6422
19.7008
13.7818
15.1095
14.0332
10.4596
8.10263
5.18654
2.16332
0.305285
-0.598783
0.999531
3.78243
4.13242
4.03993
4.16813
3.82762
0.00772332
-3.85067
-7.43068
-1.70658
3.4496
7.25807
8.78022
6.99156
2.86677
-0.727087
-3.34961
-5.90148
-5.68305
-1.85886
5.58683
-11.3019
-9.34821
-4.53455
0.887108
3.34461
2.35787
-0.894371
-1.13136
0.793389
2.27781
4.36778
5.43109
5.20917
3.78381
1.12799
-3.87982
-9.05901
-8.20695
-6.63923
-7.1751
-9.93988
-11.9145
-8.84153
-4.59974
-1.41788
1.24223
4.07303
5.28965
3.62058
-0.524097
-1.81907
1.83402
3.94544
2.77464
-1.12513
-4.81515
-4.04822
-1.74282
-0.322518
0.321856
0.302759
-2.50448
-6.22618
-9.21981
-12.0558
-17.5347
-22.0209
-20.1672
-15.2968
-9.59299
-3.07555
2.19775
7.76808
19.0514
32.9485
43.7413
52.6549
58.8457
61.7976
61.2829
57.378
50.4985
44.7689
46.7304
58.1492
69.4238
78.4083
84.5855
87.0999
86.0964
82.1682
77.1442
73.0196
67.8596
59.2336
49.6416
42.1704
37.4011
34.5168
31.6256
25.567
24.8933
33.5106
40.9354
43.6481
42.1228
36.9164
29.7767
24.3472
16.2556
7.97282
8.9499
8.15254
7.87333
7.02114
5.59037
2.39833
-0.0448558
-0.0633533
-0.523903
0.900242
2.31038
3.79116
3.29374
0.17866
-5.19131
-7.26868
-5.34826
-2.09624
1.03668
2.48065
0.27455
-6.07768
-12.6024
-13.2586
-11.6441
-4.91611
7.3567
-1.87264
-3.5208
1.55828
5.577
5.22776
0.633297
-4.53039
-2.50421
0.651603
1.74035
0.686625
-2.45108
-3.99291
-1.65682
0.285008
-0.176109
-3.24221
-7.35022
-11.3418
-13.0815
-12.247
-9.97346
-7.1176
-2.20164
2.48907
4.18429
2.89348
0.728639
-0.679487
-0.665809
0.987504
3.62256
3.58861
-0.133481
-7.64984
-9.83786
-0.536412
6.35093
9.95823
10.1565
6.61715
1.02486
-3.98036
-6.36079
-8.63277
-9.6484
-10.5195
-11.3507
-10.8747
-10.6045
-8.45925
-4.54057
-0.850856
25.968
39.0066
48.1456
53.4194
58.7887
64.5624
69.4682
72.0869
72.1687
70.113
69.2087
72.2238
75.6659
76.644
73.9048
67.1254
59.5571
61.7475
64.5994
63.1961
57.3815
45.7425
34.2373
29.6658
22.6623
32.5412
40.2844
45.842
48.4344
49.9882
50.1843
49.4362
46.8182
41.5793
33.0951
21.9738
11.3458
8.8749
4.86257
-0.619294
-1.94554
-5.80765
-8.93349
-5.204
-5.49398
-3.04192
-0.418764
2.58989
2.06553
-2.39241
-7.93441
-8.44317
-7.92095
-9.25872
-7.67832
-3.07887
-0.633232
-1.70682
-4.84935
-5.90193
-5.81408
-6.66247
-8.44684
0.74914
12.3559
12.8129
12.6979
11.5499
10.6478
11.028
11.0524
10.1378
8.569
6.4848
4.24655
2.41825
2.17972
3.96519
5.44665
5.05574
2.43071
-0.862604
-3.97817
-6.13979
-6.2704
-4.13808
-2.02799
-1.57869
-0.271483
3.73107
7.09375
8.2822
7.19922
5.74849
6.74864
12.1781
17.2127
20.3261
22.6484
24.8723
26.1673
25.6633
23.4277
19.9327
16.2566
14.982
16.4275
17.9583
17.9673
16.1482
13.0904
9.20472
5.03938
1.08305
-1.57175
-2.62007
-2.82266
1.08093
16.9079
32.4566
40.8084
44.6089
44.7969
43.8222
48.0693
54.2453
57.1459
56.9229
53.9563
51.7046
50.1836
47.5182
44.1643
47.2976
54.2571
59.4966
61.0941
59.1451
53.8478
48.6834
44.914
42.83
44.9289
49.4748
51.8239
50.5479
45.8754
38.0797
26.2466
14.7376
16.4225
18.1109
16.1508
12.0885
6.81375
2.06374
3.78246
-0.626249
1.66095
0.229401
-2.47152
-2.77933
-2.46178
0.203422
5.72335
11.3906
13.5342
11.9568
6.73134
1.42852
-2.86524
-2.7353
-2.58628
-2.49409
-0.478036
-0.57816
-3.3924
-4.94921
-1.47927
0.782784
0.117604
-0.598193
1.98628
9.906
11.0047
9.66251
6.35102
5.11124
6.50542
5.97056
3.2147
0.509409
0.0381852
1.91346
6.34566
10.0602
10.5363
7.25713
0.474978
-6.71816
-10.1975
-11.494
-10.6358
-7.47538
-2.75205
0.313838
1.81184
3.19256
4.68932
5.70669
6.13548
5.71141
4.54082
4.48
5.53171
8.47295
14.1147
18.3946
19.3931
17.6363
15.721
16.0737
15.8667
12.6634
7.15844
3.66298
4.13841
6.00099
7.79132
7.46301
3.71091
-2.45928
-6.11136
-7.01736
-5.81002
-0.844681
11.6528
17.0832
22.8616
24.1739
24.2488
19.3798
23.3844
26.1355
27.2404
28.8989
28.871
27.9006
22.1731
20.4494
26.96
33.2347
37.5976
41.4735
44.2041
45.6858
47.1438
48.9001
49.2461
47.4365
44.392
44.3346
43.9007
41.8607
37.3675
34.3289
26.7707
18.0582
9.87857
10.4952
9.25946
6.56124
1.27881
4.44128
-1.45472
-13.0579
-6.8018
-4.49816
-5.32851
-6.46882
-7.54722
-3.1151
3.03445
8.19669
12.4077
15.5938
15.994
12.7611
4.94039
-4.40033
-9.76728
-11.9248
-8.12886
-2.95928
0.478608
1.36477
0.496622
0.229109
0.6346
0.297554
0.493696
6.06046
6.96045
9.10795
12.6052
15.0415
14.8254
11.4219
6.37812
4.04833
3.70612
2.93317
4.10065
6.72249
7.2605
4.5219
-1.59206
-9.04437
-11.0832
-11.0999
-11.0043
-6.84871
-2.38839
0.742462
2.41013
2.05574
-0.688444
-4.11273
-2.34231
3.23004
7.09575
7.17417
3.56085
-0.679158
0.562435
3.73283
5.05803
4.66926
4.8566
5.93912
5.9012
5.42609
8.59796
13.2236
15.902
16.7221
15.9063
13.0938
8.08134
2.09148
-0.437232
0.979249
2.55336
3.99777
13.1322
19.7633
34.297
41.9048
46.1435
46.1571
43.1527
37.5013
32.7468
26.5501
25.8689
31.9161
38.4799
44.5355
48.3349
49.3016
46.8698
41.7824
39.6335
39.5609
36.8509
37.8794
42.5808
43.8987
43.0542
40.0592
39.9923
41.2098
42.4574
44.1223
44.8005
42.581
36.92
30.1652
28.6486
27.3076
24.6657
19.6078
10.7639
-0.561258
-4.5086
-4.99426
-7.07403
-7.66654
-4.56597
-1.65925
-4.7371
-4.22498
-1.84999
2.1328
3.19484
1.47845
-5.19414
-10.9161
-12.4529
-7.46226
-4.17533
-1.35022
1.86803
4.18292
4.94235
5.71177
7.85938
8.90935
6.42896
-2.38349
-1.55356
-0.419651
3.21532
8.14096
13.3175
17.152
18.2677
16.8662
14.9085
13.8846
12.006
8.56354
7.90026
10.7483
12.0859
10.4655
5.73335
-0.347105
-4.73563
-6.67647
-5.75259
-1.69511
2.77153
7.62855
13.1165
17.2347
18.9826
18.6091
17.0032
15.1146
12.6031
8.86465
5.34821
4.52358
4.37771
2.1032
-2.43372
-3.02586
1.45581
4.16454
6.02726
8.6708
10.7561
11.4215
10.652
8.48798
5.85226
5.59038
6.34805
6.94274
7.48216
9.19613
29.1017
49.882
63.5935
71.1293
73.8556
72.9665
70.2318
68.1329
65.6667
60.0748
50.494
49.5492
59.0437
64.9934
67.5015
68.1901
69.4173
71.6649
73.0733
73.0149
71.7317
69.6188
66.1461
61.9116
63.0682
67.8218
70.2081
69.2667
65.1993
60.0251
55.3461
50.4333
43.7896
37.7057
32.3928
29.1225
24.2522
19.4357
10.9172
1.5517
-4.53869
-8.07934
-12.1088
-8.23577
0.168436
7.36381
10.1242
9.47534
8.92198
11.3103
12.718
11.0365
6.32324
2.2282
1.24715
3.69426
8.11028
12.3663
15.5257
16.4121
14.5863
11.702
11.7217
13.0178
12.759
-0.389099
2.5482
4.87477
8.43844
13.4618
19.8171
24.2212
25.0567
22.2145
16.6248
11.4089
7.98684
5.88444
5.49874
6.1004
6.96343
7.04228
5.15768
1.5124
-1.04775
0.00386447
2.09619
3.04719
1.69506
0.83594
7.06333
13.2705
15.5852
14.0789
9.97465
8.38446
10.787
11.653
9.63241
6.80136
6.29248
5.76256
4.31953
9.37965
16.9205
20.9503
21.3209
18.6858
14.802
12.4224
11.8097
11.9997
12.8422
13.2606
11.5879
7.30752
3.41776
7.45779
35.3845
56.2842
69.0711
76.2226
79.5659
82.0153
85.7372
88.8222
90.1073
90.1067
89.2841
87.2653
84.2255
81.8958
80.1167
77.6922
76.96
80.3776
83.4207
84.55
85.1553
86.971
89.019
89.8065
89.0684
87.1818
84.352
80.0762
74.2323
66.7768
57.37
47.1099
40.307
39.7015
40.6523
38.8191
34.3456
27.9904
21.2849
12.0631
2.85472
-8.28949
-18.7161
-8.69183
0.943522
6.85443
9.0706
10.1386
11.8077
13.6553
13.817
11.8982
7.91856
3.74824
3.79237
10.1812
15.507
17.3001
15.7398
12.3038
10.6341
11.2167
12.6297
13.6565
13.1018
-2.33616
-3.19118
-5.90752
-4.13878
4.12086
10.7042
13.2845
12.1848
7.93096
1.40279
-6.0613
-10.3377
-4.58261
1.0915
3.32505
3.07036
2.73054
3.1471
2.71339
0.565928
-1.47638
0.105423
2.3485
2.80543
2.6885
4.65353
7.15212
7.92027
6.09403
1.8881
-1.75071
-2.66092
-3.59054
-5.53045
-5.11889
-1.18822
2.62591
5.17566
6.56826
7.25048
7.26968
6.32962
4.06932
0.476769
-2.36532
-2.44693
-1.70992
-2.15648
-2.81296
-3.29576
-5.04135
-4.62272
5.64255
28.9168
42.8034
50.6489
53.3565
53.4126
60.4565
72.0405
80.8652
86.3829
89.0009
89.0264
86.5064
81.1978
72.5676
63.5213
67.1215
75.4617
79.5446
79.9009
80.0411
83.7067
87.9356
90.3168
90.5736
88.4614
83.3389
74.333
60.5403
50.8151
52.856
55.1925
56.0816
54.6012
51.2238
47.7078
43.9082
37.3567
27.3641
16.6432
9.10848
6.8333
7.54639
10.2197
11.7316
10.3608
6.1505
-0.280588
0.195651
6.71013
10.3157
9.94174
5.93121
1.29466
0.962566
1.98018
3.70002
4.55957
4.51132
3.39893
2.38402
1.46826
1.53063
1.9215
0.680427
-3.34673
-3.63213
-4.74742
-7.59525
-6.66602
-4.01691
-2.8336
-0.364098
4.28789
7.22126
6.62002
2.88553
0.0437004
3.60996
8.07416
10.1694
10.5849
9.92008
8.02696
4.0265
0.861877
4.70162
8.37032
8.603
5.71798
1.01779
-3.54854
-3.44445
1.51485
4.76112
4.55466
0.516606
-6.20537
-10.9526
-11.3052
-10.0158
-8.04912
-5.63092
-4.28721
-4.79943
-5.76506
-3.27115
1.06183
4.16679
5.46461
5.00964
3.91871
2.83764
1.03446
-0.15535
2.20044
4.05052
2.56201
3.48558
15.893
31.544
38.8712
40.6102
38.9331
38.2507
39.9913
43.8719
45.6267
45.2741
43.6973
41.3324
38.6556
42.8261
56.0555
67.9092
73.2425
74.1387
72.0373
69.4254
67.535
63.8086
58.2059
52.8288
47.969
50.255
61.9483
71.9466
79.0162
83.1941
84.151
81.604
75.1654
64.7232
53.1401
45.7309
37.7948
26.9366
19.7226
14.684
9.09367
7.27668
10.3055
12.0776
10.1429
4.7557
-1.8569
0.743803
6.23406
8.0642
6.36539
3.71735
1.69807
1.66731
-1.15653
-3.09204
-2.55661
-1.92309
-2.7125
-5.39067
-8.44697
-6.38923
-1.3252
1.3391
0.242885
-10.3135
-6.2535
-2.0598
1.3333
3.71323
5.17961
5.67073
4.33753
0.510766
-4.68971
-5.96366
-3.67681
-2.67102
-2.14051
-1.86046
-2.11632
-3.04306
-5.17018
-6.53396
-1.89446
5.56116
12.2015
16.477
17.4455
14.698
8.39828
2.25677
2.62064
4.41599
3.72048
-0.148942
-6.99998
-13.5391
-14.1024
-9.72517
-5.25542
-2.58309
-1.36982
-1.29941
-2.29699
-4.97686
-7.32099
-6.07479
-2.48882
-0.0803377
0.834072
0.723048
-0.394478
-1.84574
-1.57635
-0.411809
-1.00345
4.26467
12.2139
20.7177
27.1397
30.7067
30.6939
30.6334
33.2427
37.4123
41.58
43.7877
43.0142
40.603
40.1762
46.7034
54.7398
60.3206
63.3908
63.4236
61.5338
59.1262
57.2056
55.5141
54.5227
57.9112
64.1046
68.4444
70.9098
72.6496
74.4993
75.829
75.2763
71.8572
64.8274
53.8076
41.3467
33.5767
27.2937
18.7101
8.77683
4.59568
1.50566
0.878557
0.581889
-0.208085
-2.05468
-4.93039
-7.16392
-5.56754
-3.55497
-1.40134
0.631929
3.83352
5.66031
4.73891
-0.0647831
-7.19392
-10.201
-6.00476
-2.134
-0.397545
-0.971282
-1.34365
-0.170441
2.54405
6.5766
-15.9566
-14.0908
-9.03263
-3.64363
0.585321
3.46848
4.67105
4.16018
2.59034
0.911118
-1.39067
-5.20956
-8.38656
-6.07133
-4.00326
-4.69014
-5.63353
-4.17124
-3.40562
-3.96081
-1.43105
4.05064
7.96068
9.30607
7.85166
3.90171
2.46569
6.02513
8.28725
7.70869
4.97507
0.58142
-6.11575
-13.3624
-15.0586
-12.1901
-8.21508
-3.49699
-0.257323
1.33063
1.702
0.655139
-1.92287
-3.15304
-1.74746
-1.37439
-3.00806
-4.89536
-6.10703
-7.53045
-7.72932
-6.03817
-1.62854
7.47174
22.6381
36.6962
45.8361
51.2495
53.3636
52.2943
48.2681
43.2483
43.8449
47.728
51.1906
55.2347
59.1253
61.0115
61.9689
64.7494
68.5647
69.6454
67.9814
68.2369
73.4531
78.0558
80.085
79.184
75.0549
67.2819
55.6347
45.3215
43.5938
43.964
44.0654
43.895
44.3679
44.8395
43.2934
37.8461
28.792
16.0343
5.77411
3.74768
5.2595
5.74299
5.30516
3.00675
-0.389236
-8.94347
-8.9856
-5.85339
-3.39631
-3.52383
-4.02661
-5.13895
-4.57052
-6.50848
-6.3726
-2.6247
0.35114
0.27844
-3.04518
-7.51983
-7.84774
-3.60038
1.26232
4.63826
-10.1167
-6.82041
-1.83303
0.747013
1.03363
0.357657
-0.0833836
-1.02145
-2.77723
-4.19423
-5.8349
-8.68102
-10.0595
-7.9733
-6.16616
-6.18706
-7.20401
-8.45583
-10.1493
-11.6467
-11.4408
-7.89818
-3.64157
-1.33644
-1.28661
-1.42334
4.10116
11.6934
16.6703
17.8131
14.9756
8.06215
-1.5359
-7.23193
-6.40129
-5.6105
-7.00174
-9.03072
-8.05632
-4.89898
-2.65588
-2.31662
-3.77964
-4.9102
-4.83924
-5.42838
-5.72811
-4.57453
-4.10217
-4.41236
-4.36093
-4.94389
-6.65212
1.43614
19.0732
30.7286
39.8867
46.5751
52.3677
57.6535
61.8938
64.2087
64.5159
63.3928
62.0399
60.8332
58.8387
55.8361
54.787
57.4737
59.831
61.1161
62.5966
64.1536
64.5767
64.2835
63.4522
61.0547
56.0331
49.4584
48.2009
51.6364
54.0866
54.8596
53.9519
52.2634
50.5115
47.4582
41.1155
31.4611
18.4548
10.6331
3.25969
4.08538
8.96294
10.983
9.44956
4.9025
-1.961
-7.10582
-5.54434
-2.87263
-1.57227
-2.75149
-4.75183
-7.76531
-8.62245
-11.237
-14.1367
-13.7859
-10.8072
-9.06733
-8.37851
-6.29992
-2.21556
0.982237
1.11755
-2.35862
-10.3591
-8.00186
-4.96163
-3.14872
-3.1345
-3.64554
-1.49247
1.94818
3.01662
0.901416
-2.40356
-2.78491
-1.69308
-0.941944
1.09197
3.07564
2.36735
-2.01428
-9.12341
-14.2935
-14.1432
-8.03009
-0.671972
4.43092
6.86194
6.74918
4.33237
2.01998
3.70233
6.68597
7.11401
4.57768
0.219783
-3.86083
-7.37317
-11.08
-14.6237
-17.7108
-19.3518
-17.4854
-12.1864
-6.72715
-2.78811
-0.994076
-1.35747
-3.83962
-7.49327
-9.1265
-7.78683
-6.75003
-7.53789
-9.05942
-8.18822
-5.83703
-2.47984
1.99821
11.093
15.7329
25.2891
37.9853
48.4665
55.0669
57.6543
56.6246
52.2646
45.024
37.2181
36.2219
43.1305
48.7703
51.5048
52.41
52.4324
51.2796
47.7339
40.8357
35.2083
35.7303
44.4663
51.4432
55.2507
55.2959
51.6232
44.6472
36.294
29.2002
24.6416
21.3477
18.3262
11.4533
5.66478
2.01455
-4.2734
-3.1948
0.414527
1.37478
1.13033
-2.25627
-6.08247
-13.4313
-9.73657
-6.46091
-3.97454
-3.35927
-2.18624
-1.22591
0.00220438
-0.396777
-1.89713
-4.30651
-6.84339
-7.94743
-6.86585
-6.16835
-5.28372
-3.27064
-1.18647
-0.872676
-12.7566
-13.0495
-12.9714
-10.3707
-7.13334
-5.10284
-2.15973
1.58475
3.29958
1.86901
-1.58012
-3.02608
-0.496165
4.83432
9.33507
10.741
8.72479
3.85985
-1.83708
-6.45413
-8.83114
-7.3477
-3.47489
-1.82969
-3.23171
-4.87917
-3.07009
-1.34988
-2.2467
-5.03941
-6.78318
-5.88962
-4.83169
-5.26027
-6.52056
-7.31333
-8.07062
-10.2261
-13.4974
-15.7738
-17.2485
-15.4678
-12.3297
-10.3024
-10.4994
-13.1992
-15.3557
-11.2685
-4.92941
-1.39469
-1.18071
-2.88225
-3.34461
-2.02729
4.15295
10.1288
14.5711
14.8805
14.4701
13.1638
14.2987
14.5757
14.7924
14.6582
18.5217
23.5559
29.5002
32.8125
33.5441
30.3858
28.6195
30.4398
31.8048
32.806
32.941
30.9215
29.2215
31.8042
36.4513
38.4637
37.1116
34.895
35.9656
40.0188
43.2573
43.5981
40.7141
35.2974
30.1138
25.6951
20.5557
10.8876
-3.16685
-10.2549
-11.0991
-10.8149
-12.9289
-14.8173
-11.7074
-11.5092
-7.82423
-6.24976
-3.71156
-1.79587
-0.282238
-0.118495
-0.919921
-5.13401
-9.41368
-10.6796
-10.2221
-9.24992
-8.11943
-7.27571
-5.87514
-4.18449
-2.73693
-1.30172
-8.53497
-9.92046
-11.7712
-9.48397
-4.85355
-1.4295
2.8822
7.81997
10.655
10.4609
7.5978
5.10185
7.68261
11.4291
12.3019
9.95858
5.61613
2.00512
-0.0206088
-2.54906
-5.67681
-7.70711
-7.52565
-7.67433
-8.8295
-7.98787
-4.99565
-3.36838
-4.18882
-6.58989
-8.89731
-11.0599
-12.4126
-10.9116
-7.94464
-4.64271
-2.04552
-1.00921
-2.24994
-6.00198
-12.261
-17.0712
-17.3293
-16.366
-16.0304
-15.9785
-15.634
-11.2688
-4.50377
-0.341623
0.991481
1.20705
1.14621
5.08659
16.5859
28.6533
36.0663
39.0031
38.3323
34.833
31.6603
32.2401
34.0642
34.3642
33.0907
34.5425
39.1558
42.3796
41.9178
37.4827
30.7185
24.7181
25.1381
27.3295
28.5241
27.4995
26.3109
21.4957
16.1488
12.6346
22.2695
36.7699
46.1946
50.9944
51.9072
50.2156
47.5334
44.4385
39.3938
32.2207
25.5512
17.3372
7.63535
0.208067
-3.30393
-4.26451
-4.60413
-1.82186
2.26122
3.52795
1.24768
-4.86439
-9.68852
-10.6485
-10.0248
-10.8446
-10.1945
-10.9969
-10.624
-8.86342
-8.09001
-7.56247
-5.76387
-3.71703
-2.79796
-2.65123
-1.12673
1.44445
-22.6514
-21.7914
-14.6333
-8.40346
-5.42851
-4.43454
-2.03566
1.48416
3.66697
4.49919
5.28692
6.4751
7.02844
5.85176
1.97647
-5.09057
-13.0389
-12.6275
-10.7507
-11.2318
-12.6355
-10.9732
-8.68607
-7.96705
-6.21782
-2.81861
-1.28447
-2.66197
-6.20829
-8.71318
-9.37561
-10.9111
-15.0229
-19.5309
-16.9531
-11.2081
-6.59774
-4.2941
-4.42735
-6.59352
-8.79961
-9.20388
-9.64504
-12.1326
-16.1752
-18.9853
-19.1409
-16.8537
-14.0507
-11.5541
-8.37745
-3.3637
1.07828
8.94072
19.5064
28.3716
33.0365
34.4212
34.3046
33.9773
34.8939
38.0681
40.7496
40.9285
39.5473
39.8774
41.4407
40.7084
37.4879
32.8366
29.9592
27.0653
22.4249
19.8357
22.212
24.653
25.9683
21.2986
14.9051
7.78971
9.55066
16.4261
25.4739
31.2279
33.6086
33.2462
31.5391
29.6039
27.8229
23.3909
17.4208
10.7068
1.27139
-1.98206
-4.69297
-7.71542
-7.44899
-2.05456
5.08295
7.8765
6.62489
0.59949
-8.97647
-14.8107
-13.5549
-13.9965
-9.72657
-5.71549
-3.72628
-5.05044
-7.54886
-4.93198
0.0449027
2.87065
3.36899
1.7922
-1.17079
-2.64269
-25.1379
-25.7328
-23.1967
-17.6065
-12.3141
-9.21577
-8.34873
-9.48473
-11.0216
-9.68888
-4.24848
-0.859472
-0.680921
-2.89814
-6.10075
-10.9369
-18.8361
-25.8638
-26.7884
-25.4766
-21.4871
-15.89
-10.0739
-7.0631
-6.29133
-6.47669
-6.35254
-7.5772
-10.9377
-13.3877
-11.405
-9.96696
-10.6912
-11.8569
-9.05241
-2.33559
2.3866
3.44777
0.843767
-4.71697
-9.92733
-11.2126
-12.3861
-15.3961
-19.8503
-23.3067
-26.0411
-28.6031
-26.2946
-19.425
-12.9265
-6.90408
-0.583923
10.1945
22.1584
29.5853
33.001
33.0018
30.394
26.9594
24.9743
25.6456
25.875
24.4365
22.8657
21.363
20.2751
19.2173
18.908
15.6872
16.0306
16.9634
19.4175
23.4255
25.4384
24.9504
23.3919
17.3923
10.406
7.16172
9.21586
14.8971
19.2354
24.3888
30.8717
36.2372
38.9259
38.4877
35.7788
31.8369
28.3394
22.8061
14.9503
7.8819
1.71248
-6.18971
-15.2195
-9.86592
-1.72418
1.90759
1.61417
-3.32539
-9.96577
-13.5215
-11.5092
-11.4653
-9.31799
-8.72935
-9.41536
-12.2071
-14.7816
-11.2619
-6.66059
-3.34492
-2.1201
-3.60948
-7.54546
-11.1621
-20.8684
-19.6162
-21.1489
-24.3352
-22.4231
-16.4422
-12.6868
-11.5564
-11.7643
-10.2252
-6.84742
-4.5726
-3.56565
-3.02506
-2.98147
-4.6465
-7.81893
-10.7507
-13.7981
-18.2726
-22.8703
-24.6177
-20.3414
-12.7809
-5.42547
-0.261322
1.35682
-0.818746
-6.30744
-11.2781
-11.3872
-9.34302
-6.26978
-1.78501
2.19642
6.48514
10.4356
12.1263
10.4853
5.23783
-3.25638
-13.3365
-18.237
-15.9611
-15.1944
-18.0264
-23.3185
-26.6725
-24.327
-16.9182
-9.57534
-4.13874
4.12841
16.4653
28.0728
35.7072
38.9927
38.3667
34.496
28.8256
26.3071
25.8789
24.9286
22.8108
21.2455
19.8662
19.5798
21.355
25.0225
23.6666
21.1203
19.4927
20.391
23.4601
24.4915
22.0501
18.9832
10.1371
9.32921
14.5843
19.2685
22.2696
22.3123
21.759
26.302
32.5209
36.1759
36.63
34.0794
28.8399
21.1014
12.2645
3.83784
-2.21607
-5.48549
-10.0626
-15.261
-14.6863
-4.99125
-1.66471
-1.08715
-4.22957
-7.601
-8.82547
-7.82268
-6.64897
-4.86184
-4.97461
-4.29704
-4.12671
-6.13507
-10.7833
-16.4446
-19.8952
-20.6756
-20.967
-20.9
-20.8354
-0.453991
-2.84265
-5.03331
-4.64126
-4.16807
-5.42622
-7.20289
-6.33237
-4.38868
-4.62109
-7.92518
-13.5954
-16.1404
-11.3768
-7.48229
-6.80841
-8.76351
-11.7236
-13.9202
-12.6546
-6.72256
-2.03348
-0.860987
-2.07
-2.94497
-2.40768
-3.02178
-5.94855
-11.3508
-18.0631
-15.9783
-9.86592
-6.97803
-6.75944
-6.02475
-4.35134
-4.42819
-7.0064
-9.0306
-7.99512
-5.92321
-4.22881
-2.69698
-2.19483
-3.8307
-7.04226
-9.59635
-11.5075
-14.3187
-14.0881
-7.90195
-1.66956
6.01885
15.2231
26.7323
35.9429
41.0201
41.8395
38.9647
35.2029
35.1855
35.8887
34.9584
32.1547
28.1691
24.4747
22.5121
23.0273
25.1822
26.0444
26.9969
28.0738
29.7076
30.7329
30.0282
28.2325
27.8894
25.8743
23.1068
18.4961
13.1843
14.6204
22.365
29.1895
33.9862
37.3954
40.3725
41.8314
40.3659
34.6541
23.9462
7.91112
-10.4333
-13.6191
-15.1114
-20.0629
-20.3019
-11.6108
-4.24071
-2.57778
-4.06254
-9.2187
-13.7594
-14.8592
-12.4426
-12.9446
-12.2261
-9.91533
-6.77584
-5.52296
-6.1202
-6.93913
-7.92155
-10.6599
-13.2048
-12.3131
-8.03915
-3.56706
-6.48336
-7.29272
-9.26245
-11.1977
-11.8782
-11.4761
-10.6539
-9.84503
-7.68697
-4.77163
-3.30829
-4.08709
-6.32872
-8.76661
-11.3169
-14.0712
-14.3095
-13.406
-13.8322
-11.2099
-3.25941
1.87405
2.52255
-1.21717
-8.27281
-12.6748
-12.2526
-12.2458
-14.0265
-18.0508
-23.4692
-24.8874
-21.8801
-19.3874
-17.2488
-15.1726
-13.7299
-13.8003
-15.363
-16.7062
-16.5923
-15.7708
-15.007
-13.9954
-12.5463
-11.9371
-12.9759
-15.9696
-19.7008
-17.3305
-10.3869
-5.57706
1.51583
12.9995
22.6381
28.7792
30.9725
30.0774
30.4387
35.8484
40.5814
42.295
41.0792
38.1044
35.2234
32.2576
27.7993
21.8021
21.6802
23.2509
25.8539
26.4132
27.643
30.4518
32.2252
32.7524
32.9386
30.8363
26.367
19.4874
16.0054
22.5295
30.7527
35.6625
37.788
37.976
37.5889
36.6111
33.8397
28.1243
19.4546
7.66316
-4.07021
-12.7208
-14.0884
-16.2311
-13.1464
-3.614
4.65261
7.63769
6.56131
1.16981
-6.92653
-11.2377
-7.68165
-6.16367
-6.0664
-7.78101
-8.61067
-6.4698
-4.72857
-4.70548
-6.60519
-9.72749
-11.3981
-8.8694
-3.30922
1.17701
-28.7303
-27.4989
-26.5908
-26.2797
-25.4621
-25.1597
-24.8684
-26.038
-27.0806
-28.6704
-30.3265
-29.6076
-26.9351
-24.9976
-23.0212
-21.8931
-21.0025
-20.8307
-20.517
-18.0655
-15.3754
-15.1014
-18.4994
-26.2426
-35.7755
-36.0163
-29.5873
-24.6738
-21.6555
-19.2477
-17.8679
-18.6078
-22.4347
-25.851
-24.7092
-20.5075
-15.57
-12.3434
-12.4867
-15.9458
-20.1418
-19.8084
-18.9277
-21.1871
-26.8755
-32.6841
-32.2734
-30.5306
-27.5907
-23.5138
-21.2315
-17.3558
-5.0573
7.55918
14.8943
18.2072
18.2353
15.633
15.4598
17.8089
21.6768
25.471
27.92
27.5453
24.8656
21.0135
20.3952
23.3217
26.0564
26.7585
27.0635
26.3605
24.8087
22.5977
18.9836
14.6422
14.2261
12.7116
15.0173
15.48
12.5381
7.91021
7.45539
12.9861
18.8054
23.0483
26.5155
28.1698
27.2662
22.2465
12.9081
0.170884
-8.88691
-12.498
-14.1635
-18.393
-12.4464
0.071499
8.8144
12.1873
11.172
5.54731
-4.0747
-13.0138
-13.3089
-11.5798
-8.59157
-8.7462
-10.3223
-11.4555
-12.0448
-12.9255
-12.1671
-10.0056
-9.5764
-11.5439
-13.877
-14.6255
-23.0129
-24.4127
-27.6409
-28.4975
-25.7073
-23.9154
-23.962
-25.9805
-27.6031
-25.8148
-22.5404
-20.5611
-20.5087
-21.9972
-24.4497
-27.6738
-28.9581
-26.7011
-21.3878
-16.077
-13.4681
-14.3866
-18.8456
-25.9882
-30.3069
-27.4897
-23.1475
-20.3282
-19.081
-19.2475
-20.9264
-23.7854
-24.1228
-18.791
-13.463
-11.03
-10.6783
-11.1984
-12.4672
-14.0839
-14.0358
-12.8447
-13.8334
-18.4002
-25.3755
-27.6417
-25.3165
-24.5363
-23.4235
-20.528
-18.8294
-16.773
-7.42609
4.72638
11.9719
16.5564
19.4577
21.2104
21.2588
18.1292
13.0966
10.3305
14.5933
16.4228
15.3132
14.3004
18.6155
22.4781
24.4383
23.0622
22.4846
21.4941
19.2567
16.8411
15.7019
15.386
17.156
13.805
11.9015
8.73737
5.6218
9.76515
14.7093
19.5717
23.3374
25.6752
26.6314
25.582
22.4401
16.0128
8.1159
3.79768
1.27795
-0.947231
-4.31182
-8.58957
-7.74751
2.20482
11.5533
15.7867
15.4503
10.5671
1.68821
-6.28559
-10.253
-13.413
-13.8334
-14.75
-15.6469
-15.9604
-14.6412
-13.537
-13.7198
-14.0686
-13.6499
-14.5286
-17.9348
-23.0102
-24.5375
-25.8385
-29.7555
-33.738
-32.4323
-30.7228
-28.5414
-26.6118
-24.6801
-22.3794
-19.2349
-17.6249
-18.3468
-20.8161
-22.4552
-23.9805
-24.6487
-23.8465
-22.0333
-20.1412
-18.9834
-19.3585
-21.7454
-25.5559
-24.7238
-19.4452
-15.9908
-15.0848
-15.5492
-16.4785
-17.4708
-18.7584
-20.5947
-19.3161
-14.5018
-11.4026
-11.4236
-13.469
-14.758
-13.4144
-11.8447
-12.0357
-15.0598
-21.2538
-28.7839
-31.7898
-31.5345
-30.3979
-27.2758
-24.5128
-24.1721
-25.412
-16.8425
-7.54905
-1.2185
3.1575
10.6804
17.3304
21.4441
22.0072
19.0855
12.3306
6.16679
3.8518
9.80943
13.3589
17.4519
19.4574
19.4793
13.6622
10.7428
10.9572
9.06617
6.22809
3.48813
3.83443
10.0342
4.73417
4.91198
5.79024
5.83844
6.76425
8.59315
5.20696
1.12658
-1.15145
4.01872
6.78847
8.2928
4.44921
-0.836732
-3.29913
-6.31169
-6.97459
-8.95012
-10.2016
-9.20428
-3.09216
3.95329
6.85794
5.90647
2.03987
-0.545226
-0.721252
-2.88783
-8.4619
-15.5013
-19.9291
-17.4239
-17.0509
-19.0965
-21.267
-19.7809
-16.9008
-15.9823
-18.409
-23.0949
-26.0308
-31.6173
-31.3849
-28.287
-24.53
-22.8078
-23.8829
-26.3873
-25.8266
-23.346
-22.9665
-24.9733
-25.9672
-23.2656
-21.606
-20.7846
-21.0639
-21.7494
-23.2962
-25.2419
-26.7411
-29.621
-33.3549
-36.6485
-38.8708
-37.7864
-35.2112
-33.3536
-30.4832
-25.6267
-22.0482
-20.6828
-21.0394
-21.227
-20.0721
-17.8511
-16.5949
-17.3092
-19.7646
-23.3205
-26.8302
-29.2667
-31.1422
-30.6685
-29.6147
-29.3326
-28.4496
-25.3291
-22.6527
-22.3763
-24.2929
-25.9143
-22.1454
-15.3147
-7.3854
-3.97271
-1.83954
0.839638
2.4491
5.8909
6.88969
7.11569
5.56176
5.1652
3.78208
3.46602
-1.97226
-4.28849
1.60672
8.93678
-1.46163
-3.66816
-4.09335
-9.02271
-9.27165
-3.86646
-2.36089
8.14961
1.43911
3.11716
3.2268
-1.41783
-0.0671905
6.36771
7.19889
9.10599
10.991
12.9676
12.3333
9.78641
2.56765
-6.80216
-13.3032
-22.1498
-18.4852
-16.9149
-17.0693
-14.9884
-11.5431
-7.454
-5.80672
-4.91163
-6.98822
-10.8683
-15.9519
-18.1533
-22.659
-19.3069
-17.4511
-17.4961
-20.6408
-25.4722
-26.1399
-22.6138
-20.3882
-19.4487
-20.2727
-22.584
-25.5747
-32.5056
-33.8992
-29.7874
-23.8038
-20.7465
-21.4708
-25.1223
-29.3632
-29.6788
-29.0267
-29.3368
-28.9588
-27.406
-26.9649
-26.8317
-26.4385
-25.8927
-27.3426
-30.9094
-34.114
-34.6518
-35.1509
-35.6767
-35.8976
-34.4534
-32.7565
-31.3523
-30.1639
-26.8742
-23.3739
-21.6184
-21.4476
-19.7786
-14.7446
-10.2253
-8.0708
-8.71878
-12.0017
-16.8318
-19.5453
-19.5886
-19.2794
-20.5643
-23.9753
-29.2414
-32.447
-28.9958
-25.9366
-23.8332
-21.0208
-18.4163
-17.7147
-16.3872
-9.15805
-2.73419
3.67445
9.63763
12.1937
12.1593
8.97188
4.9471
-0.553062
0.478444
1.12077
1.98177
-5.85309
-14.5612
-3.00603
5.16166
-8.14498
-4.49186
-2.24759
-6.20029
-8.49387
-5.14576
-3.48002
5.49737
-9.06575
-5.46806
0.187916
0.432357
-1.17458
0.062114
-5.25871
-3.04428
5.03363
13.0602
17.1692
17.8527
13.904
5.79024
-6.45461
-14.9404
-16.8418
-18.074
-19.5622
-18.4088
-14.7493
-9.49023
-7.41811
-6.48416
-7.7356
-5.94747
-4.04456
-4.56065
-8.70482
-13.9907
-20.3494
-23.8993
-24.4644
-25.2836
-26.0243
-24.72
-23.9157
-23.0109
-21.0557
-18.8558
-19.2822
-35.9172
-36.9046
-36.6738
-34.8827
-29.6488
-24.0404
-20.541
-20.1289
-21.6731
-23.7842
-24.5645
-23.4093
-21.9303
-21.6347
-23.1732
-26.5532
-29.9837
-31.7609
-31.3936
-30.4183
-30.041
-30.6128
-31.0836
-31.0006
-30.2837
-30.4855
-30.2985
-30.6322
-30.7394
-30.288
-30.0829
-30.0497
-28.2592
-25.5819
-24.0029
-23.5555
-23.089
-22.5546
-22.8816
-22.9779
-22.6185
-22.7875
-25.354
-30.711
-37.134
-39.6865
-37.7124
-35.5192
-33.7476
-32.3233
-31.4756
-30.4968
-22.7043
-11.3238
-6.78907
-2.00531
2.69658
4.45872
5.18268
5.21121
6.1597
4.87095
3.04293
-0.554162
-0.285414
-6.6659
-9.82656
-3.38599
5.1796
-11.9979
-6.20547
-1.40916
-1.04306
-2.09668
-2.86656
-3.38139
5.66234
-6.33098
-3.25262
0.42319
-3.16749
-3.67129
1.91418
0.652124
2.41333
4.21484
7.55616
9.51528
10.2102
6.75746
2.66645
-2.43538
-7.5709
-11.8271
-16.0402
-20.1376
-20.5273
-17.4518
-11.213
-9.63263
-10.4821
-14.1394
-12.9714
-9.54736
-8.65404
-12.1988
-17.0879
-21.3808
-26.3598
-29.3903
-28.5259
-23.568
-19.7232
-19.2424
-21.4902
-23.4414
-18.5844
-13.7665
-30.9545
-30.7217
-32.5264
-36.2951
-40.245
-38.8309
-33.8401
-30.1404
-25.9698
-23.4255
-22.9918
-23.714
-23.8938
-22.4484
-20.3042
-19.6859
-20.2842
-21.8231
-24.3615
-28.1491
-32.435
-33.9735
-32.3196
-30.7038
-30.9095
-34.2104
-38.8947
-41.2092
-38.4353
-34.3567
-30.9015
-27.667
-25.1205
-24.2769
-26.2548
-30.263
-32.1851
-31.1911
-30.6027
-29.9772
-31.2165
-33.3021
-35.4817
-35.5528
-34.4882
-32.5534
-30.3816
-29.8459
-31.1809
-34.5726
-37.9601
-35.6114
-29.3851
-19.5786
-20.6787
-20.3129
-11.899
-9.73433
-4.67247
-0.598387
4.67219
6.71468
7.82117
5.94631
3.7554
-4.45514
-10.8638
-4.85079
4.96968
-11.184
-6.57769
-2.75804
-3.7978
-4.30253
-1.72434
-0.250598
6.37369
-5.36085
-4.88214
-1.16723
-3.28138
-6.00152
-0.137072
-5.13164
-5.72512
-6.93998
-3.047
-3.52391
0.698143
-1.62672
-3.6477
-8.4138
-18.1773
-21.2911
-22.5521
-26.4688
-25.0962
-24.8288
-16.3417
-13.85
-13.0413
-17.7667
-22.3394
-22.9542
-20.0139
-20.3463
-17.3574
-17.1392
-18.5049
-19.9668
-20.7679
-21.6847
-22.1503
-23.2119
-23.8479
-22.808
-15.9924
-10.347
-49.6343
-46.6898
-44.6309
-42.1
-38.6635
-34.2229
-28.7213
-24.0303
-21.4975
-21.7649
-24.6469
-28.975
-31.312
-31.1744
-30.9239
-32.4467
-34.6599
-36.4514
-37.7613
-38.1783
-38.3658
-36.947
-34.6839
-33.5464
-34.4134
-38.6284
-44.0619
-44.4818
-40.6591
-36.9545
-33.559
-32.0772
-32.7946
-34.8174
-35.4695
-34.9199
-34.9897
-35.9008
-35.3119
-31.7621
-29.9527
-30.6075
-33.8074
-38.2064
-41.2917
-38.0385
-32.6563
-30.1653
-31.2343
-35.0931
-38.889
-39.4996
-34.0618
-23.0658
-23.5632
-20.7419
-12.3743
-13.0643
-10.5997
-9.7842
-5.00631
-8.45716
-9.65695
-15.1325
-8.55832
-13.5677
-13.0266
-4.5546
4.1267
-13.1607
-11.2938
-8.19471
-12.1272
-11.1887
-5.74274
-4.56709
3.52846
-15.5354
-14.0348
-6.28248
-10.4629
-12.9531
-2.63045
-8.10671
-8.04388
-9.57495
-5.13188
-4.85005
-1.45272
-5.56297
-8.07815
-11.1879
-16.0591
-17.8697
-20.7855
-25.6863
-25.9514
-23.8356
-17.3469
-15.4537
-14.607
-18.2755
-22.3202
-22.8533
-20.5724
-21.473
-20.9268
-20.6892
-18.2303
-15.1684
-14.7265
-17.3922
-20.9849
-22.3002
-22.3744
-24.2688
-24.4481
-20.3937
-41.1952
-39.5212
-38.2558
-36.7517
-35.1612
-35.2706
-35.8597
-36.4895
-32.677
-29.2121
-28.4494
-30.4285
-33.2334
-34.3333
-32.7672
-32.0975
-30.4405
-29.483
-30.3995
-32.6545
-34.0004
-31.7864
-29.1838
-27.8195
-26.2254
-24.537
-23.8654
-24.4243
-24.5667
-24.2037
-24.9174
-26.9271
-29.6359
-31.4055
-32.5494
-32.5845
-29.9277
-27.0539
-26.0579
-25.4941
-25.1057
-25.6881
-28.4088
-31.5106
-31.5555
-30.9754
-31.8098
-34.424
-36.3276
-36.1265
-32.972
-29.1476
-27.046
-21.1552
-21.2352
-17.1654
-10.7188
-10.7602
-9.05709
-7.46974
-2.92608
-5.0369
-6.47297
-11.878
-6.38351
-11.8065
-10.2645
-2.97583
4.55542
-11.0989
-11.8546
-11.6726
-18.6123
-17.5886
-9.03759
-6.46604
3.82856
-13.8358
-13.5027
-5.934
-7.85942
-7.51855
-1.20605
-10.8262
-15.3712
-18.8664
-10.401
-12.4151
-5.30351
-8.73225
-10.2752
-13.6981
-25.4177
-24.7371
-22.4277
-23.9085
-23.1465
-20.2862
-13.4133
-11.6239
-11.7552
-16.033
-21.0977
-21.0389
-17.7636
-19.1797
-20.0626
-21.3519
-20.093
-19.9751
-21.9515
-25.8865
-28.1846
-27.8527
-25.0178
-22.7531
-21.2731
-20.4333
-45.1315
-43.4543
-40.9722
-38.5756
-36.5338
-36.0266
-36.6047
-38.8217
-39.1655
-38.3565
-38.0483
-37.6813
-34.9422
-32.8116
-32.0694
-33.4335
-33.6816
-31.9172
-30.2866
-30.0227
-31.1906
-30.9958
-28.1577
-26.3229
-26.1832
-26.7167
-27.5816
-30.0982
-32.5762
-31.1743
-28.8068
-28.1482
-28.1203
-26.9191
-25.9891
-27.1029
-29.7796
-31.3359
-30.6066
-28.9895
-28.9386
-29.774
-31.8005
-34.3082
-35.8577
-35.428
-35.9463
-37.681
-40.058
-42.0367
-41.9021
-37.9217
-34.4844
-23.8472
-25.94
-27.4173
-16.7695
-19.5776
-14.7418
-12.1893
-6.21705
-8.25985
-8.636
-15.9954
-8.76406
-15.6889
-13.2164
-3.73678
4.03417
-14.5307
-14.8615
-13.429
-20.4174
-20.5922
-10.0492
-7.52535
3.3782
-14.3221
-12.095
-5.40755
-9.15506
-12.4568
-4.08416
-18.9788
-23.3729
-23.1622
-11.5952
-17.8773
-8.93051
-14.0639
-13.0783
-15.6457
-27.1568
-24.2499
-22.6891
-23.8077
-23.5915
-19.3533
-12.553
-10.7414
-11.1284
-15.8501
-20.0508
-21.6807
-20.7117
-22.7844
-21.5127
-23.7627
-27.3428
-32.6839
-38.4116
-39.2979
-35.3779
-34.1627
-31.355
-29.0124
-25.5279
-22.9371
-59.6435
-58.61
-55.5821
-52.6209
-48.0691
-44.665
-41.9393
-42.27
-41.3344
-39.7759
-38.8041
-38.0319
-36.5611
-36.0376
-36.1747
-39.814
-44.0605
-42.9925
-37.9361
-34.8429
-35.6436
-39.5593
-45.6482
-51.8498
-53.0494
-53.0996
-50.4468
-50.3127
-48.3251
-42.964
-38.4692
-35.091
-33.3816
-32.1074
-32.2192
-34.1256
-37.6081
-39.5795
-37.0248
-33.1581
-32.5661
-34.3212
-36.9929
-38.6147
-38.7017
-36.4818
-35.1731
-36.5589
-39.9697
-42.0204
-41.9316
-39.9297
-37.3913
-25.5497
-29.9113
-36.0237
-20.6038
-26.8457
-22.6439
-25.4604
-14.1919
-22.9538
-18.8948
-29.9376
-12.2341
-25.8431
-22.4753
-6.29838
2.83954
-22.8649
-21.6524
-17.3505
-28.4744
-24.1649
-11.176
-8.38065
2.71691
-24.1336
-17.032
-6.86419
-10.2847
-14.9378
-4.65467
-26.4112
-32.2898
-30.7363
-13.8387
-23.8381
-10.4236
-15.5496
-13.4498
-15.4162
-23.5578
-22.3111
-23.5498
-29.0561
-27.302
-21.155
-13.3868
-12.0382
-12.4922
-18.3398
-23.8893
-24.8099
-23.5282
-25.2317
-24.1973
-27.1817
-30.138
-33.0526
-36.0632
-37.2743
-35.8422
-36.6266
-35.7646
-33.0356
-29.0454
-27.6222
-62.2754
-58.8838
-55.3484
-55.2309
-55.4977
-58.5872
-55.7108
-55.8459
-52.2784
-50.4256
-47.9671
-46.0389
-44.9955
-47.0261
-44.3754
-44.6004
-44.5709
-45.995
-48.2489
-49.9887
-52.735
-54.5604
-55.2445
-56.2101
-55.3642
-56.9427
-54.6286
-53.9982
-52.6585
-50.7957
-48.6381
-46.8781
-47.7642
-46.8727
-45.9335
-45.0917
-43.5775
-41.6876
-42.0719
-42.7888
-45.2324
-46.4346
-46.3091
-47.059
-47.4482
-45.9553
-44.4994
-45.5748
-49.232
-52.2988
-50.6262
-44.9211
-40.4426
-27.3639
-33.1419
-43.5533
-21.8956
-26.683
-21.2958
-24.1121
-13.3432
-18.9696
-15.011
-20.4839
-11.4661
-28.3104
-30.8279
-8.00033
2.18558
-24.2049
-20.9703
-17.5349
-27.4513
-25.596
-12.2628
-9.732
1.69418
-26.8194
-23.4443
-9.62917
-13.8334
-18.1774
-5.64248
-25.3449
-33.5756
-33.2216
-14.1774
-24.5419
-11.538
-16.237
-13.8124
-16.0868
-27.6099
-27.5332
-27.5422
-33.4589
-32.8336
-23.9635
-14.659
-12.6283
-13.6988
-20.9444
-29.3622
-30.9232
-28.871
-37.0081
-31.9094
-34.6295
-38.9856
-42.0397
-41.5046
-41.2677
-40.6864
-42.5803
-38.7524
-36.7127
-35.5672
-36.3253
-56.6541
-57.4666
-58.2557
-57.1847
-53.134
-52.0768
-50.9528
-56.1783
-56.9187
-53.5089
-48.2475
-45.0895
-44.3435
-48.2396
-47.549
-49.5347
-49.8111
-51.0256
-51.456
-50.0519
-51.189
-53.1984
-54.6438
-55.3161
-54.2888
-57.8796
-58.6074
-60.5227
-57.0239
-54.1444
-52.3705
-50.6577
-50.4917
-49.0263
-49.3615
-50.826
-48.0189
-42.6545
-41.326
-41.7602
-46.7545
-50.9
-50.7419
-47.6005
-47.3289
-49.6225
-52.4905
-54.7047
-55.3437
-52.8867
-48.5621
-43.2618
-40.4992
-27.4266
-34.1656
-39.9989
-22.0322
-26.492
-23.2643
-25.508
-14.4919
-20.0354
-16.5613
-23.7025
-12.7153
-32.3328
-32.6743
-8.40317
1.54894
-24.2488
-20.969
-18.1571
-27.071
-25.8305
-13.2392
-10.1422
1.2476
-34.6547
-26.4547
-10.1963
-15.0778
-19.1395
-5.92487
-25.3085
-32.8534
-31.536
-14.1145
-23.53
-11.5289
-16.9342
-15.2152
-18.7605
-39.8152
-33.5737
-29.8405
-35.638
-35.1192
-29.2823
-19.9356
-19.6095
-20.3715
-29.255
-40.0776
-41.4743
-32.9798
-43.9426
-35.6433
-39.4621
-43.5014
-48.4689
-49.1001
-49.7903
-47.4241
-47.7971
-42.7452
-42.1124
-42.5572
-45.5663
-58.1684
-59.4395
-58.7464
-57.5164
-54.5178
-54.6059
-53.0951
-52.528
-47.9528
-45.4995
-45.3939
-46.7933
-47.5443
-50.1263
-47.1282
-46.9915
-46.123
-47.7429
-51.3665
-53.1558
-56.3751
-58.0105
-57.4007
-57.0213
-55.5805
-59.7807
-59.9269
-58.9783
-55.9966
-54.6839
-54.3703
-53.0834
-55.5867
-56.6997
-58.6155
-59.7971
-55.3373
-48.3106
-45.8127
-44.7738
-50.3227
-56.3762
-56.3751
-53.9618
-53.5937
-54.3283
-54.0022
-55.1467
-55.4241
-55.5647
-54.3806
-47.5719
-42.3133
-28.1225
-32.5661
-39.0447
-22.0807
-28.2823
-25.353
-30.8411
-16.5371
-26.4465
-20.4736
-32.3616
-14.034
-36.3903
-33.4597
-8.16889
1.6238
-24.924
-22.3867
-19.6949
-32.3162
-27.9793
-12.9626
-10.2504
1.41452
-33.2603
-26.1007
-10.3929
-15.7151
-20.0734
-5.97
-26.2286
-30.4867
-27.0432
-13.0071
-21.7176
-11.6013
-17.2977
-15.4061
-18.358
-38.0804
-32.3437
-29.9992
-36.5825
-36.6959
-31.2198
-21.6679
-21.479
-21.6375
-30.2158
-36.8058
-35.89
-30.5485
-38.8385
-34.0971
-38.0528
-44.7374
-51.2521
-54.0086
-55.097
-50.7877
-57.193
-51.386
-53.0487
-50.0571
-48.5532
-52.9067
-53.0665
-53.0918
-54.4827
-56.6491
-59.7092
-58.9506
-63.7533
-58.5806
-53.8005
-50.7513
-49.8587
-50.4898
-53.9031
-49.9986
-51.7018
-51.9532
-53.8233
-54.7434
-51.5678
-49.8764
-49.5931
-51.4275
-55.1432
-56.0292
-59.8328
-58.5649
-55.8744
-51.6019
-49.4909
-49.7715
-50.1937
-54.1035
-55.6483
-57.3225
-59.8166
-60.0368
-54.7984
-53.4444
-49.151
-52.1276
-52.6865
-50.7397
-48.425
-47.0202
-46.1787
-46.2957
-48.2658
-50.739
-53.21
-53.7589
-46.5736
-40.6785
-27.4961
-31.1357
-36.977
-23.0339
-30.2716
-26.5518
-29.8236
-16.2337
-24.7189
-20.2353
-33.0842
-14.5121
-37.7556
-33.6107
-8.63475
1.16927
-26.2916
-23.566
-20.5941
-33.8538
-29.5024
-13.6879
-10.6741
0.799791
-33.6967
-23.6527
-9.76604
-14.4121
-19.1233
-6.23249
-25.8807
-28.984
-25.8858
-13.0686
-20.269
-11.6314
-17.6917
-15.6226
-18.4397
-37.7312
-31.6114
-28.7076
-34.488
-33.8187
-24.5923
-15.6617
-14.0643
-15.0729
-22.2811
-30.8913
-34.5477
-30.1962
-38.0443
-33.508
-37.298
-42.3372
-47.7336
-49.6961
-48.6418
-45.7778
-48.4476
-46.4957
-48.458
-49.7585
-51.7574
-54.2791
-52.5119
-51.0636
-51.6087
-52.2052
-53.7361
-51.7576
-53.5572
-52.4848
-51.7245
-50.1869
-47.9717
-45.1107
-43.9359
-41.5143
-41.7243
-42.0298
-43.4136
-44.6206
-43.2943
-41.675
-41.5297
-43.0207
-44.9124
-45.3346
-47.2749
-48.7935
-49.8283
-48.2918
-47.051
-47.1134
-48.1539
-49.6978
-47.4343
-45.4454
-45.5748
-46.8407
-46.5276
-46.3978
-44.1682
-44.0672
-42.0327
-40.7947
-41.8595
-45.2051
-47.1067
-46.2066
-46.2038
-47.4449
-50.29
-51.7544
-45.9138
-38.3391
-26.7279
-27.5713
-29.0201
-20.9544
-24.1424
-21.4808
-22.3003
-13.7705
-18.3821
-16.391
-23.0582
-13.4532
-29.785
-30.1264
-8.73014
0.5733
-24.5916
-22.691
-21.0736
-33.3461
-28.8723
-13.7605
-10.852
0.403089
-35.8218
-25.4579
-10.7093
-15.1892
-20.0079
-6.63129
-23.9369
-26.9185
-26.3797
-13.9101
-21.0835
-11.524
-16.3837
-14.6404
-17.9367
-30.7322
-28.112
-27.1683
-31.4428
-30.7473
-23.0928
-14.2338
-12.0843
-13.3104
-20.7694
-31.7482
-37.8958
-31.5144
-39.2527
-34.1845
-37.1362
-37.6011
-38.3895
-39.4215
-41.809
-42.1078
-43.0169
-41.3765
-42.1319
-41.7847
-41.1226
-46.5925
-41.7348
-38.7499
-38.1223
-39.7464
-43.7625
-47.3307
-50.1681
-50.5673
-49.775
-45.3708
-40.5654
-36.9471
-35.0169
-33.7459
-35.6115
-39.3796
-43.8325
-44.8114
-43.1336
-42.5341
-42.6161
-43.6768
-45.949
-48.0353
-50.6574
-51.1
-50.147
-47.5881
-45.0601
-42.5666
-41.1202
-42.037
-41.9963
-39.3491
-35.9627
-33.6228
-32.7426
-33.3746
-34.2141
-34.5997
-32.157
-30.48
-31.8369
-36.6129
-41.3972
-42.2095
-41.7696
-41.8612
-41.9773
-41.2979
-39.1101
-36.4351
-25.7832
-25.0876
-23.7297
-17.0409
-18.1559
-16.8811
-16.3144
-9.94221
-11.6072
-11.0364
-14.4724
-8.95529
-14.4112
-16.169
-7.38574
1.29754
-22.2992
-20.6142
-19.7241
-28.1232
-24.4559
-12.394
-9.75895
0.598559
-30.7674
-25.062
-10.5363
-14.6391
-19.5014
-6.11373
-23.0545
-25.7497
-24.81
-13.7744
-21.5473
-11.7994
-17.2396
-14.866
-17.7429
-30.5163
-28.5784
-28.6675
-31.9143
-30.3064
-21.9328
-13.1409
-11.0795
-11.9897
-17.9102
-24.2965
-29.0949
-28.4639
-36.3715
-32.3778
-33.3963
-34.5582
-36.6523
-40.6585
-46.1265
-44.236
-42.1946
-36.6524
-32.7518
-28.6842
-27.1049
-42.8569
-42.1812
-42.3268
-42.7799
-42.8372
-44.2023
-46.6361
-52.2244
-55.406
-57.176
-51.1702
-43.4794
-37.6688
-35.5173
-35.3391
-39.0341
-42.7271
-42.6894
-40.5023
-38.7142
-37.721
-35.8701
-34.5226
-34.9698
-37.2213
-40.8245
-43.7299
-44.9789
-45.4573
-46.357
-45.4334
-41.5169
-37.7154
-35.5267
-35.0532
-35.5659
-35.9152
-34.6377
-32.2063
-29.6845
-29.2472
-29.9997
-31.3772
-33.2432
-35.5194
-36.8555
-37.4849
-38.728
-39.6867
-38.5538
-36.1374
-34.5719
-33.9624
-25.3176
-27.1897
-27.3185
-19.1087
-20.4851
-19.9843
-21.4825
-14.5311
-18.7375
-15.1869
-16.6649
-9.85279
-16.8839
-20.0069
-7.72911
0.830941
-23.1742
-19.4333
-17.7149
-23.2576
-21.9373
-11.8078
-9.22165
0.73793
-28.327
-24.1639
-10.2803
-14.1935
-18.6313
-5.94631
-23.7231
-27.3757
-26.0823
-13.3088
-20.7447
-11.0959
-15.1483
-13.9678
-16.8015
-27.9224
-24.8053
-22.3169
-22.7018
-22.0667
-19.7296
-13.1016
-10.5665
-10.2899
-13.7234
-18.3856
-23.7322
-26.1336
-33.083
-30.4093
-31.0824
-30.7451
-30.3424
-31.483
-34.3182
-35.3003
-35.4892
-32.5438
-30.7453
-29.9546
-29.6757
-47.5273
-52.7525
-53.6522
-49.68
-45.8238
-44.6026
-44.5819
-47.2005
-48.1939
-45.8533
-43.5907
-42.7176
-40.6149
-37.3737
-34.2972
-34.545
-36.2796
-37.844
-38.4134
-38.7706
-37.9127
-32.3297
-27.4588
-26.246
-28.8699
-34.9458
-40.7883
-43.6964
-44.0154
-43.886
-41.5447
-38.5542
-37.9957
-40.2057
-43.0769
-42.9211
-40.4951
-37.7877
-36.0705
-35.4006
-36.9383
-38.2512
-37.1147
-35.5552
-35.5704
-36.9204
-38.2495
-38.8468
-37.2728
-34.6952
-33.8011
-34.3629
-35.1839
-25.7971
-27.5041
-27.6784
-20.0996
-22.4823
-20.9649
-23.3925
-15.2021
-19.1132
-14.6732
-15.754
-10.4242
-19.1955
-22.5818
-8.15628
0.602443
-20.9872
-16.1326
-14.1365
-18.497
-19.8398
-13.0136
-10.6435
0.396213
-20.9014
-15.8711
-7.51643
-10.6115
-14.3298
-5.44556
-20.2165
-25.7372
-26.5575
-13.9805
-20.341
-10.7188
-14.2714
-13.4993
-16.5252
-26.7879
-24.6842
-24.8164
-29.3933
-31.7896
-28.621
-19.1131
-16.4443
-14.901
-17.9416
-22.2557
-27.6036
-28.7135
-32.4221
-26.6892
-23.793
-20.6585
-19.2424
-20.5065
-24.7173
-29.9461
-33.1988
-31.8632
-31.4865
-32.3625
-33.8614
-46.1735
-46.5557
-45.5088
-43.54
-41.6212
-41.9028
-44.184
-48.5895
-50.211
-49.549
-48.255
-46.229
-42.5353
-38.2902
-34.8864
-34.8727
-35.5638
-36.6268
-37.8587
-38.5563
-38.0249
-37.3383
-37.1463
-37.6242
-38.5524
-40.3113
-40.6646
-39.6873
-38.5856
-38.0539
-37.1621
-35.5992
-35.5222
-37.7381
-40.7271
-38.635
-34.7398
-32.4773
-31.6323
-31.5572
-32.9677
-34.7008
-33.0167
-30.2467
-29.8611
-32.1716
-35.4091
-36.7323
-36.0643
-35.48
-36.0504
-37.199
-39.256
-28.0297
-32.4531
-36.028
-22.7765
-24.2476
-20.5628
-20.7201
-13.9278
-17.3765
-14.0145
-15.9957
-11.2255
-18.3408
-17.6518
-7.24582
0.721245
-20.849
-19.1561
-17.9171
-23.9895
-22.542
-12.0866
-8.83272
0.616536
-16.6624
-13.6682
-6.70898
-8.98457
-10.9142
-4.48087
-17.3249
-24.4979
-25.0971
-13.2514
-17.3412
-9.70937
-13.2153
-12.5404
-16.1924
-26.6684
-26.0368
-26.0682
-31.6873
-31.2531
-23.423
-12.9283
-8.99832
-8.41831
-12.395
-18.8459
-24.2951
-24.3558
-26.6034
-24.5948
-26.354
-30.0974
-31.6251
-29.9182
-27.7321
-26.7785
-28.1448
-29.5088
-30.3296
-29.2643
-28.9013
-46.1351
-45.5814
-44.4947
-43.5207
-41.5448
-38.8465
-34.6331
-31.3898
-30.2109
-31.6156
-34.6242
-36.8969
-37.1559
-37.7181
-38.1149
-39.897
-39.6053
-38.3572
-37.1348
-35.8193
-34.9022
-34.6048
-34.2559
-33.7777
-33.9892
-35.955
-37.2493
-35.6408
-33.0484
-31.6345
-31.6956
-33.0112
-34.7797
-35.6564
-35.6715
-35.724
-35.7525
-35.572
-35.9298
-35.5855
-35.4621
-34.054
-30.1875
-26.4999
-24.8815
-25.6063
-28.3464
-31.9021
-34.757
-36.7034
-37.3485
-36.8861
-36.4904
-26.9732
-28.7974
-29.4202
-21.2981
-24.4079
-22.295
-23.8386
-15.8898
-22.1396
-18.2707
-21.4875
-12.5285
-20.38
-21.2902
-8.3312
0.680884
-21.3503
-18.9763
-17.1402
-21.2616
-20.9121
-11.808
-9.30525
0.669844
-19.5952
-17.2291
-8.58504
-11.0475
-13.4405
-4.53986
-16.7108
-20.662
-21.1207
-13.0108
-19.0748
-12.1177
-17.4888
-15.5438
-17.6499
-26.9476
-23.2788
-21.2528
-22.0038
-22.7882
-21.0305
-14.1012
-10.6656
-9.31376
-11.936
-15.6477
-18.3514
-19.5234
-22.5292
-22.5803
-23.0618
-24.3115
-26.5737
-27.6158
-25.9053
-24.873
-26.7637
-29.3558
-30.4535
-29.8812
-29.7236
-43.1382
-39.9938
-38.6967
-39.0366
-39.2091
-37.2843
-34.4213
-32.7284
-31.9583
-32.3208
-33.8151
-35.7226
-36.3022
-34.704
-32.7741
-32.728
-33.3353
-33.7193
-32.6189
-29.7286
-27.278
-26.6536
-28.1163
-30.8598
-33.5907
-34.6856
-33.328
-31.8039
-31.0505
-31.5126
-32.7706
-34.072
-34.6968
-34.8075
-34.4797
-32.5804
-30.1209
-28.7253
-28.7053
-29.1867
-29.7893
-30.0371
-29.9788
-30.2531
-30.6857
-30.235
-28.8455
-27.3564
-26.7099
-27.4175
-28.7794
-28.9059
-27.4676
-22.315
-23.0415
-22.0744
-16.5178
-16.8669
-16.835
-18.1032
-12.111
-15.2493
-12.8063
-13.8729
-9.16083
-15.6477
-16.4839
-5.10636
2.97119
-5.89165
-0.117707
4.16537
5.34121
4.27141
2.34152
0.000451466
3.41782
-5.19474
-2.0934
1.50935
0.528204
-3.33625
-2.56643
-12.8
-18.0312
-18.8097
-11.1434
-16.182
-11.2782
-16.9884
-15.7143
-17.177
-24.8206
-21.0676
-18.3334
-18.8038
-19.2449
-17.1147
-9.50515
-5.29267
-4.27739
-7.62667
-13.3692
-17.84
-20.5996
-25.6337
-26.6142
-25.6648
-24.4125
-23.3128
-19.6507
-16.8027
-17.1941
-21.2788
-26.9207
-29.5114
-28.6116
-27.2579
-39.3954
-39.2324
-40.9197
-42.2486
-40.0203
-37.1524
-35.6886
-35.8194
-33.5834
-29.5639
-26.6905
-25.7807
-25.8621
-26.2478
-26.3124
-25.9817
-25.3682
-25.9919
-28.0788
-29.984
-31.3746
-33.9003
-37.2762
-39.2092
-38.1215
-37.1378
-36.5668
-36.1445
-35.6516
-36.1349
-37.3885
-37.4041
-35.1006
-31.4744
-27.2311
-24.0937
-23.1933
-23.7886
-24.7235
-25.7698
-28.3193
-31.565
-33.7569
-35.2439
-36.093
-35.5671
-33.9676
-32.7762
-32.2324
-31.6706
-31.2241
-30.3654
-28.1089
-22.0852
-22.2622
-20.7422
-13.9958
-9.87885
-4.37206
-0.113557
3.76395
6.57035
10.0888
12.2901
12.8671
10.8629
7.842
8.22556
11.7674
12.0587
14.0573
15.0343
13.9258
10.9076
8.02304
5.3773
6.95181
2.09938
3.91459
6.09185
4.50617
0.897292
0.133642
-9.36519
-15.3109
-18.5362
-11.2474
-14.4615
-8.20546
-11.709
-12.6526
-16.2775
-26.1598
-24.223
-22.4457
-24.154
-22.1597
-14.51
-6.84468
-4.29627
-5.43689
-10.8198
-16.0501
-16.7878
-17.3566
-19.9811
-20.2375
-20.5598
-21.4401
-23.2678
-24.7257
-23.8775
-21.1786
-19.8036
-20.1947
-21.7607
-22.0306
-18.4146
-38.7099
-39.9812
-40.6828
-40.5817
-38.0059
-34.8086
-31.8452
-30.1647
-29.2961
-28.9011
-28.0007
-26.5747
-25.5502
-25.5637
-26.0774
-26.5764
-26.8333
-28.0901
-30.462
-31.7037
-31.0361
-30.101
-29.4725
-29.3466
-29.9962
-32.2683
-34.0196
-32.5941
-30.2933
-29.8648
-31.1801
-31.9193
-31.2032
-30.2086
-28.2919
-25.197
-23.1673
-23.5474
-25.9475
-27.9395
-28.5557
-28.777
-29.3201
-29.5782
-30.2289
-32.5877
-36.4381
-40.0282
-39.7823
-36.1641
-31.7535
-27.8551
-25.8076
-21.5784
-21.0226
-17.0728
-11.562
-8.71834
-3.89178
1.72933
6.74671
9.22553
11.0684
11.1464
9.67178
5.55239
4.54955
11.2155
16.6487
16.8835
15.7206
15.1435
16.298
16.6542
15.0211
11.6754
10.8423
6.86143
6.86261
6.95516
4.30551
0.00790391
-1.25537
-10.1565
-13.0879
-14.0155
-9.4121
-13.1183
-8.5667
-10.9564
-10.4793
-12.8415
-17.6606
-18.8766
-18.3502
-17.3632
-14.3214
-8.73122
-1.88464
1.55434
1.79125
-0.89011
-4.21471
-6.03777
-7.88456
-10.889
-14.0022
-16.8461
-18.9086
-21.1308
-22.5991
-21.1137
-18.4199
-17.4423
-18.5906
-21.3004
-22.6422
-20.9509
-35.8399
-36.2403
-34.9315
-31.5617
-28.2039
-26.4133
-26.3493
-27.4078
-27.8531
-28.2666
-30.1202
-31.6331
-27.2813
-22.4727
-20.1755
-20.6683
-22.5097
-22.3154
-18.6421
-15.6761
-15.5165
-17.5408
-19.9479
-22.1639
-25.0504
-27.9822
-29.3301
-28.984
-26.9999
-25.1933
-24.9244
-25.6874
-25.8344
-25.0491
-24.9122
-25.6069
-26.0306
-26.3908
-27.3031
-27.4518
-26.9822
-26.6451
-26.9081
-25.7376
-23.0289
-21.46
-22.0921
-24.3036
-26.8166
-28.7752
-28.7363
-27.013
-26.4117
-23.9474
-25.8094
-24.1246
-16.5693
-13.3653
-4.57591
3.3943
8.87721
10.9807
11.8047
11.4242
10.201
6.25363
3.91282
8.13331
13.6055
14.9107
16.4422
17.838
18.4657
17.5465
15.537
14.3653
15.0724
13.0306
10.9298
9.54685
8.0121
5.2332
3.76645
-2.56986
-5.98757
-8.35683
-6.6833
-12.2916
-9.60746
-12.7295
-10.8184
-13.516
-21.4432
-20.9153
-18.37
-17.2482
-14.6781
-9.27973
-3.40489
-0.813135
-0.464937
-1.34917
-1.83465
-2.9263
-5.89659
-10.7133
-14.3111
-16.5339
-17.8888
-17.6098
-16.3876
-15.8928
-15.7299
-15.1407
-14.6707
-15.6905
-17.8698
-20.1243
-31.5418
-30.0059
-28.9726
-27.34
-25.3665
-25.0035
-26.4786
-28.2368
-27.7397
-26.8646
-26.8917
-27.923
-29.1376
-29.0484
-27.1554
-26.4992
-27.7754
-28.5501
-24.6143
-20.4824
-18.9978
-20.074
-22.8203
-25.8627
-27.8979
-29.4223
-31.3276
-32.1896
-30.4756
-28.3982
-26.8616
-26.0057
-25.9108
-26.6686
-28.6391
-31.1488
-32.2403
-30.9032
-28.4015
-25.1293
-22.3575
-20.7129
-20.7574
-21.2998
-20.9
-20.5542
-21.8775
-24.6082
-26.3486
-25.7525
-24.3822
-23.7201
-23.6871
-20.5391
-20.035
-18.7393
-13.9152
-14.3336
-13.5591
-11.8956
-4.03634
-0.339095
0.940829
-1.70954
-3.52337
-7.63142
-6.119
-0.601683
3.84052
-0.214184
2.24122
4.28124
4.58652
3.00453
1.66022
1.52843
5.2786
-0.0586715
-0.454746
0.210243
-1.31313
-2.78611
-0.245385
-7.66891
-11.2215
-13.1793
-9.85356
-13.6273
-8.27926
-9.64719
-7.93852
-9.18993
-12.603
-14.1
-15.6145
-16.0982
-13.4565
-9.59972
-5.86361
-4.27822
-3.16484
-2.37564
-2.40468
-5.06336
-10.6967
-18.0014
-18.9744
-18.676
-18.7477
-18.9914
-18.1679
-16.659
-16.0897
-17.3414
-18.3724
-17.8324
-16.9371
-16.6104
-41.2275
-42.7822
-42.0572
-37.5507
-32.516
-28.1647
-24.1263
-20.8424
-18.9762
-19.0456
-21.0808
-24.3664
-27.4419
-29.0741
-29.5502
-31.1407
-32.055
-26.2327
-17.4047
-11.8573
-9.87991
-10.6165
-12.9741
-16.1179
-19.9363
-24.0677
-27.2366
-30.1376
-32.8012
-33.9093
-33.357
-31.9336
-30.6949
-29.7738
-29.3728
-28.831
-28.196
-28.2464
-29.3343
-30.0827
-29.032
-25.8099
-23.561
-23.1626
-24.3073
-25.8735
-27.1462
-28.0429
-26.7462
-24.043
-22.699
-22.9146
-22.0927
-16.9645
-15.1295
-15.8094
-14.7
-15.6496
-14.7124
-14.5953
-9.72104
-9.38885
-7.77369
-10.228
-8.27005
-10.7794
-6.60391
-0.19763
4.49627
-2.1394
-3.73814
-6.04034
-8.1845
-8.04662
-5.95917
-4.70306
2.24885
-3.14214
-1.2137
0.471799
-0.889135
-0.988277
2.0994
-2.4236
-6.95498
-12.7305
-10.3012
-14.0429
-9.55179
-11.7298
-10.9139
-12.0452
-14.3179
-13.9852
-15.0581
-18.0547
-18.8787
-14.107
-7.48369
-4.83137
-5.21629
-8.29657
-11.4544
-13.9249
-15.9117
-18.8218
-19.8359
-21.5055
-20.0598
-16.1601
-12.5516
-10.6086
-10.9651
-13.9467
-18.4298
-21.0352
-21.3277
-21.9964
-32.0786
-31.7201
-31.1444
-29.9843
-28.7902
-26.9224
-23.9888
-21.6289
-21.0842
-22.2273
-23.9337
-24.9749
-25.4388
-25.9185
-26.7033
-28.2922
-29.5082
-26.3894
-19.3807
-14.699
-13.4991
-14.9202
-17.4511
-20.3087
-24.5752
-29.9439
-31.2834
-28.7207
-26.4662
-26.0875
-26.7996
-26.0299
-24.4194
-24.4574
-27.1456
-30.8864
-31.2887
-28.9821
-27.6566
-28.1203
-29.9434
-30.6153
-29.4385
-29.132
-30.8101
-32.851
-32.527
-30.5028
-28.3976
-26.4495
-24.3733
-21.3283
-18.5225
-15.7888
-17.2471
-20.4522
-19.3322
-23.4289
-21.8185
-20.5
-12.5822
-10.8483
-5.85061
-5.42277
-4.18218
-8.48118
-8.20239
-2.58797
2.18985
-9.84262
-11.2175
-9.84946
-7.22431
-3.45346
-0.746303
-1.42098
1.63684
-12.4107
-13.2146
-7.21621
-8.14182
-8.28485
-2.4537
-8.45524
-11.8325
-15.9148
-12.6103
-15.7469
-9.51723
-11.0575
-10.6078
-12.3559
-15.2556
-14.243
-14.5528
-15.6309
-15.9465
-15.8281
-13.5552
-11.0384
-8.73917
-9.26982
-11.2282
-14.2684
-16.8707
-21.4915
-21.7767
-20.7618
-19.8294
-19.9781
-18.8853
-16.1639
-14.5092
-15.647
-18.2033
-19.1455
-18.1867
-17.4674
-36.8412
-35.3788
-33.9537
-32.9812
-31.1947
-28.8109
-27.165
-26.0853
-24.5117
-23.0968
-22.1679
-20.4002
-18.342
-18.3264
-21.3407
-27.4538
-33.4095
-35.0598
-34.373
-33.2087
-32.4042
-32.0923
-31.9451
-31.8844
-31.9343
-31.9739
-31.4172
-30.65
-28.442
-25.5293
-23.7697
-23.6352
-24.4012
-25.2769
-25.9842
-25.2339
-23.3444
-21.943
-21.9063
-23.1922
-25.5777
-27.8564
-29.0999
-30.3924
-31.6142
-29.5521
-25.6851
-23.5576
-23.2064
-22.9401
-22.4915
-22.2333
-22.305
-20.068
-20.8279
-21.8171
-19.0798
-21.648
-18.3538
-13.2698
-6.55412
-5.70298
-4.99176
-6.19028
-4.02435
-7.02413
-7.57882
-3.08526
1.57515
-9.71831
-7.504
-3.24313
0.326832
1.64468
0.861562
-2.42333
0.555302
-15.572
-13.6124
-6.40508
-6.61334
-8.18705
-3.65174
-12.8478
-11.6269
-8.10566
-5.00707
-8.33619
-7.53888
-11.409
-12.159
-14.0897
-18.6341
-16.81
-15.6793
-16.4205
-16.5437
-16.8241
-13.4013
-9.61559
-6.91753
-7.66183
-10.5866
-14.4816
-16.7645
-19.4373
-20.4286
-22.219
-24.2808
-26.1981
-25.8107
-23.9793
-22.6203
-21.7835
-20.4979
-19.3904
-18.0381
-16.3328
-34.3515
-34.1943
-33.4756
-32.0961
-28.5921
-23.2882
-18.7461
-16.8418
-17.4721
-19.5573
-21.4982
-22.3559
-21.7773
-20.8922
-21.195
-23.1968
-26.1386
-28.8045
-30.1151
-30.5752
-31.6594
-32.2221
-31.0146
-29.9247
-29.5102
-28.476
-26.4666
-25.3567
-25.5699
-26.2009
-25.4445
-23.714
-22.9423
-23.5416
-24.1258
-22.3044
-19.8665
-18.8097
-19.5732
-21.5426
-23.4452
-23.637
-22.7472
-22.1173
-21.9997
-22.7783
-24.8315
-26.5525
-25.3331
-23.0556
-22.7146
-24.6117
-25.535
-20.5628
-16.6769
-10.9913
-3.23925
1.17952
3.32516
3.52878
2.79169
0.065741
-3.06777
-7.77089
-7.3181
-9.65901
-8.79253
-3.08322
3.02889
-1.10616
-1.02974
-3.70785
-7.44807
-7.38579
-3.86508
-2.84941
1.8633
-9.64623
-9.93095
-5.62089
-7.50964
-9.62324
-3.78613
-13.1278
-13.7626
-11.3517
-6.62208
-8.44671
-6.54069
-11.026
-12.492
-16.3133
-25.2306
-23.5591
-22.28
-23.7815
-23.6446
-22.5762
-16.5062
-13.2065
-10.3346
-10.8872
-13.2575
-16.7481
-18.3631
-20.7127
-19.9029
-20.6389
-22.8552
-25.5378
-26.1754
-25.3924
-24.593
-24.4223
-22.0726
-19.7453
-18.4654
-18.8106
-37.7123
-37.6987
-36.528
-33.8108
-30.0285
-26.2415
-23.426
-22.1669
-21.3582
-19.9406
-18.6387
-18.5247
-18.8318
-18.4444
-18.0496
-19.0371
-21.16
-22.9585
-23.1539
-22.0885
-21.2045
-21.339
-22.1739
-23.1494
-24.2053
-26.0784
-28.184
-29.5348
-29.8645
-29.6185
-28.6232
-26.2999
-23.7758
-22.7727
-23.3973
-23.3373
-21.5653
-20.1548
-20.0136
-20.5227
-21.4211
-22.173
-21.8768
-20.4435
-19.3982
-19.6329
-21.4494
-24.5592
-27.9701
-30.507
-31.9566
-31.397
-26.4628
-15.3131
-2.26918
7.66466
13.8942
17.3658
19.1619
19.633
18.4871
15.3324
10.9663
6.755
4.50659
1.7353
-0.0281723
1.31757
5.3562
4.56382
6.59004
8.09337
10.306
12.4617
13.2145
12.2749
12.0114
7.16536
2.91227
-1.17244
-5.73195
-5.06472
-0.953617
-6.14153
-5.94975
-4.45777
-2.31571
-5.31925
-5.18341
-9.54208
-10.2281
-13.2225
-17.1809
-16.1999
-17.6889
-22.2184
-26.1386
-29.1518
-24.0665
-23.5729
-20.1453
-19.6954
-17.7409
-15.2182
-12.6387
-12.7817
-14.1987
-17.5968
-20.3744
-21.0052
-20.153
-18.9297
-18.4539
-19.6866
-21.8596
-23.7426
-22.8427
-20.0297
-35.4002
-34.8994
-35.5985
-34.4004
-29.4976
-25.3953
-23.5972
-23.6831
-23.7499
-22.2951
-19.7341
-17.7343
-17.7032
-19.8087
-21.9566
-23.0084
-23.7889
-24.7322
-24.5724
-23.8211
-23.3874
-23.2887
-23.8848
-25.0583
-25.9642
-26.6161
-27.248
-27.641
-27.3395
-27.0105
-27.1525
-26.8135
-25.8644
-25.4207
-25.9232
-25.8001
-24.4121
-23.4034
-23.8776
-24.7814
-24.8533
-23.2151
-21.0567
-19.2278
-18.824
-20.4197
-23.7843
-27.3189
-29.9554
-32.0453
-32.3271
-29.4326
-23.9026
-14.6423
-3.02867
7.90348
15.4027
19.6316
22.3109
23.889
24.8157
25.3512
25.6491
24.9913
23.3748
21.8997
22.8216
25.6374
28.6778
30.8811
31.8856
30.7231
27.1643
21.8738
16.9966
14.8184
14.5972
10.395
6.2878
2.96096
-1.37167
-4.7649
-1.7097
-7.62449
-8.13099
-9.13323
-8.22339
-14.3423
-11.374
-15.1003
-13.0692
-15.6781
-21.8799
-20.7675
-21.4685
-25.3375
-25.4913
-24.6812
-20.3321
-19.9595
-17.742
-18.2756
-18.8747
-19.7604
-18.9985
-19.3654
-18.4911
-20.3786
-23.5076
-25.3548
-23.5273
-20.7782
-19.4372
-19.7208
-19.9888
-20.3439
-21.1529
-21.3008
-24.4551
-21.674
-22.2418
-26.122
-30.5233
-28.7868
-24.6418
-22.462
-21.5005
-20.8022
-20.2986
-20.4967
-21.8265
-24.4119
-27.625
-30.3042
-30.8569
-31.3701
-32.7088
-33.8633
-33.8741
-33.5809
-33.7775
-33.1213
-31.0357
-29.6659
-29.5869
-29.9502
-29.0508
-26.7013
-24.0895
-22.8309
-23.5983
-24.1455
-21.9017
-19.6882
-19.7393
-21.7858
-24.7077
-27.5766
-30.6554
-31.8029
-28.8465
-24.9179
-23.2263
-23.5364
-24.7674
-26.2989
-28.8175
-30.9595
-29.9205
-27.2247
-22.5641
-12.5711
0.562689
13.2008
22.2814
28.1317
31.0293
30.9928
28.4909
26.0577
28.096
31.8913
33.7883
33.4453
32.4749
32.6446
32.9789
31.9687
31.7431
32.6728
32.8168
31.0674
28.2332
25.6777
24.0271
20.9667
17.1347
12.4332
6.15999
1.20388
0.91525
-2.02699
-2.8036
-4.71399
-5.60709
-11.1593
-10.0259
-14.3144
-12.865
-14.3208
-20.6499
-22.5273
-24.4814
-27.3367
-26.1427
-25.1197
-19.8258
-17.8119
-16.5347
-19.1981
-22.83
-24.8974
-23.4586
-25.1085
-23.5957
-22.8507
-22.0649
-22.2407
-23.1476
-23.2602
-22.4947
-21.9775
-21.8271
-22.3996
-23.4041
-24.326
-41.7324
-42.0886
-42.5935
-40.1461
-36.1372
-34.065
-32.6138
-29.2183
-25.5299
-23.5856
-23.0286
-23.4519
-25.1857
-28.1311
-29.1955
-28.0907
-26.9335
-26.9616
-27.9691
-29.6699
-31.7607
-32.5843
-31.4648
-30.6795
-31.1935
-32.58
-33.5052
-33.9688
-33.7244
-32.3884
-30.298
-29.1291
-29.0841
-28.9713
-28.9
-30.1383
-32.3056
-32.4638
-31.2485
-30.4919
-30.5718
-30.3002
-29.4969
-28.9475
-28.9046
-28.5245
-27.2973
-26.613
-27.6539
-29.9053
-31.8573
-32.7316
-32.2085
-17.8066
-3.6828
12.178
23.6913
30.7211
33.8071
33.4561
30.6315
28.327
29.497
31.6803
32.7208
32.3613
31.3403
30.6298
30.6383
30.349
31.0584
32.7048
33.9043
33.4203
31.2346
28.565
26.9243
25.505
23.8021
21.5804
18.633
14.6008
10.2385
5.0599
3.45159
2.75834
2.36574
-0.175626
-1.9563
-7.57268
-11.0729
-15.9222
-23.2481
-21.5798
-19.8334
-20.6069
-22.6147
-26.1997
-25.2283
-28.1002
-25.8029
-27.7265
-28.7915
-29.7273
-27.5392
-30.2424
-28.6163
-29.4799
-29.215
-28.7301
-29.0829
-26.8104
-22.0714
-18.9853
-18.4487
-20.429
-23.9499
-28.3287
-46.3081
-45.8171
-44.753
-42.232
-39.8195
-39.0979
-38.2252
-35.693
-32.6533
-30.4294
-28.9009
-28.0424
-27.1108
-25.2148
-23.36
-23.3888
-24.4752
-25.0049
-25.1112
-26.3457
-28.981
-31.5649
-31.8487
-30.434
-29.3898
-30.2141
-32.6309
-35.7664
-37.2327
-37.6838
-36.4565
-33.7068
-32.3697
-33.0545
-34.3379
-33.8427
-31.7837
-29.1146
-27.4837
-27.5441
-29.5304
-31.5988
-32.747
-33.5099
-34.2788
-34.8859
-35.1979
-34.8809
-34.003
-32.6515
-31.3116
-30.2532
-30.6448
-20.48
-14.3484
-5.0097
2.85134
7.69919
12.8224
17.9267
21.8809
23.8223
23.8652
23.4585
24.4992
25.9073
26.0619
25.5112
25.6181
26.2758
27.7194
29.3867
30.6592
30.9928
30.2195
28.5793
26.7333
24.4873
22.3102
19.5994
15.8653
10.9124
7.57227
2.36004
1.05133
0.395156
0.374202
-3.16208
-4.6712
-11.3673
-13.1556
-17.615
-31.8631
-29.3528
-26.2656
-26.1442
-25.3312
-26.4271
-24.0884
-28.0457
-27.0449
-30.3579
-29.6827
-29.1935
-26.7556
-30.9299
-29.6661
-31.3345
-33.6811
-34.724
-35.0761
-34.8348
-32.7953
-30.1905
-28.0302
-28.7536
-31.3287
-33.6548
-48.0607
-48.8974
-50.3575
-51.2378
-49.4503
-47.2976
-45.7236
-46.8865
-47.3766
-46.2205
-43.2081
-40.6638
-39.5179
-40.1335
-41.2532
-44.5002
-44.24
-42.6078
-42.4695
-43.4665
-44.093
-43.6669
-43.1429
-42.9222
-42.5173
-42.1217
-40.4892
-39.9564
-40.8286
-43.1844
-44.2286
-42.5747
-42.326
-42.9541
-42.4338
-40.3739
-38.8956
-38.0543
-38.2656
-38.8757
-41.5369
-43.9523
-44.8496
-44.6219
-45.0435
-45.9145
-47.2054
-48.1658
-48.1051
-47.2746
-45.2329
-40.3067
-38.1288
-22.891
-20.209
-12.9795
-6.1209
-0.765398
6.08315
11.3292
14.2384
14.8948
14.7247
14.4753
14.3798
13.4593
12.8276
14.9015
17.5688
16.5859
17.6841
21.6572
25.2
26.4756
25.529
22.7759
19.3287
13.7926
9.98941
8.56077
6.92938
3.8637
3.69897
0.524242
-0.341005
-2.6347
-4.58849
-11.9475
-11.1825
-17.7796
-16.6169
-20.4995
-41.8412
-34.7762
-32.1554
-34.6728
-33.9304
-34.6167
-27.9048
-32.2756
-30.0767
-39.0495
-40.8669
-40.5232
-33.268
-40.9212
-34.2439
-35.8478
-38.9981
-41.5553
-40.5624
-39.1529
-37.7709
-37.9358
-36.9564
-38.2854
-39.7619
-41.2072
-57.8993
-58.8766
-58.6594
-58.6078
-58.135
-59.8034
-57.7164
-59.0912
-56.1902
-54.3815
-53.9854
-54.3769
-54.5163
-56.0677
-52.4383
-57.2131
-57.1031
-54.3653
-52.1231
-51.1408
-51.7332
-51.707
-50.9638
-51.0952
-51.2043
-52.4086
-51.0019
-51.4201
-52.4872
-54.9122
-56.2248
-54.0426
-55.9636
-56.771
-56.5438
-55.3465
-55.7453
-55.847
-57.6285
-52.3851
-53.1599
-53.7727
-54.2298
-53.0848
-52.3653
-51.6132
-51.7166
-53.4154
-55.3312
-56.4607
-55.8446
-49.1517
-45.5395
-26.4359
-27.6658
-20.4916
-10.5138
-5.03848
-0.00642627
2.70886
4.59486
4.11037
4.22291
3.84569
4.66154
4.14856
3.27108
4.69611
9.1018
7.10695
7.68947
8.54347
10.1362
10.7581
9.316
5.99019
5.87619
-3.19175
-2.70665
0.456737
-0.85725
-4.55881
-3.26296
-14.5835
-18.1464
-20.4887
-14.1065
-21.8249
-13.4821
-20.9688
-17.4694
-21.0693
-47.8285
-36.6251
-33.5709
-39.6071
-40.3322
-45.7745
-32.191
-41.1484
-34.9233
-55.1694
-54.7605
-49.2089
-36.3223
-54.4554
-39.7699
-43.5069
-50.3457
-56.5005
-56.0187
-54.3511
-48.7631
-50.127
-48.2139
-51.3215
-51.1126
-52.3707
-60.6369
-64.1763
-64.8105
-63.9712
-61.309
-61.9319
-59.3347
-61.9894
-59.075
-58.303
-58.9291
-59.4269
-58.8491
-61.0444
-55.0167
-60.6516
-62.3324
-62.6847
-61.8869
-60.8755
-62.8276
-65.0146
-64.7398
-63.8964
-60.2805
-60.4534
-57.8053
-59.7903
-60.9038
-61.7761
-61.6836
-58.5613
-62.9676
-62.8259
-62.074
-62.436
-65.5555
-64.1073
-66.0111
-56.4507
-58.0558
-59.3829
-61.5319
-60.4939
-60.8335
-59.5419
-58.5297
-58.5915
-59.1725
-59.0135
-57.6723
-49.2527
-45.8265
-28.2002
-30.1637
-26.7403
-14.9234
-10.9512
-7.26065
-7.51116
-6.8163
-12.1192
-12.2091
-14.584
-8.44979
-9.53724
-9.74833
-5.0522
1.87013
-10.912
-11.9554
-14.6283
-18.4198
-15.7087
-9.72874
-7.90572
0.561132
-20.6591
-21.1966
-10.7755
-15.01
-21.5317
-7.70563
-27.9233
-33.9271
-35.944
-16.8493
-26.8403
-13.8959
-20.9217
-17.4847
-21.1163
-48.9655
-36.7804
-33.849
-40.9437
-42.174
-49.1433
-32.3001
-41.2873
-34.9701
-59.7265
-62.0135
-52.3558
-36.6888
-61.2214
-40.4641
-44.5375
-52.0184
-59.8836
-61.1029
-60.5786
-53.3546
-59.2107
-54.4326
-61.0545
-59.7972
-62.8695
-63.1498
-63.1097
-62.318
-62.9366
-61.4091
-61.4444
-59.1409
-63.1119
-63.349
-66.2008
-67.6086
-63.9049
-61.8293
-67.5674
-58.3729
-65.2742
-65.0656
-66.3306
-66.6182
-63.7951
-65.2475
-68.8856
-69.4673
-69.1739
-64.9076
-68.2802
-62.8264
-63.2866
-60.9203
-60.867
-62.1795
-60.687
-66.8232
-66.7906
-66.0448
-65.505
-66.1178
-62.1374
-64.3003
-57.6529
-62.4176
-63.5465
-63.2257
-61.0629
-63.3207
-63.534
-62.2447
-61.5677
-62.1798
-63.6571
-62.4773
-50.6694
-47.4273
-28.6242
-35.5574
-62.7463
-26.3852
-36.3163
-29.7572
-44.4187
-17.5333
-28.9755
-22.0652
-54.9447
-18.5895
-62.0734
-54.9621
-10.5012
-0.00940385
-28.4473
-25.2755
-25.296
-47.8333
-35.0642
-15.7046
-12.0852
-0.44062
-51.5307
-31.4444
-12.2894
-16.7801
-24.3737
-7.61661
-28.9109
-36.1743
-37.4331
-16.5749
-27.1398
-13.7721
-20.7392
-17.2652
-20.7641
-47.9543
-36.4161
-33.4501
-40.359
-41.4325
-48.1842
-31.8949
-40.9799
-34.6585
-59.5052
-65.5067
-53.4722
-36.6135
-61.6784
-40.413
-45.0496
-54.0744
-63.6452
-63.3999
-62.0162
-53.7408
-62.0717
-56.107
-63.6218
-61.1765
-64.5608
