80
52.3419
57.6914
61.4268
63.0765
62.2634
59.1693
57.2372
55.6675
59.9734
63.7263
61.9449
55.4258
42.8688
19.9854
37.3479
37.9498
38.6915
39.715
19.2108
27.1604
20.3689
18.9968
9.65296
5.14128
17.0608
15.2646
21.7115
18.8481
22.4125
23.4641
22.5937
16.4164
20.7036
19.7298
29.4413
21.7581
28.0868
20.5919
23.9926
28.0053
25.0565
24.1621
20.7694
29.0716
37.5349
42.3332
42.3873
38.6668
24.9318
21.7936
3.28685
25.9079
30.8114
31.7587
30.4071
29.5053
31.6196
32.702
29.6203
18.7879
3.78082
-4.13514
-7.99611
-5.03204
-3.72798
-6.00576
-13.0589
-17.8562
-19.0781
-17.7704
-18.2835
-16.6141
-18.2568
-25.7246
-36.8031
-43.2933
-46.9859
-31.7252
-21.1621
-14.8714
-12.0272
-13.4181
-18.9183
-26.0797
-26.9423
-23.2294
-20.9545
-19.59
-18.9704
-20.3279
-23.2984
-27.3914
-34.3465
-34.9507
-31.3716
-26.2685
-23.9271
-24.1494
-27.721
-34.8521
-30.2028
-23.0317
-17.5273
-15.1718
-16.0843
-20.1254
-27.1426
-26.96
-22.2713
-20.4232
-24.3367
-32.0007
-36.2002
-26.8837
-22.4648
-20.5335
-18.0563
-21.7198
64.9723
65.2813
63.4151
59.8099
55.8508
51.9686
48.9731
56.9517
70.7905
77.1441
80.1621
79.7289
77.5757
75.947
76.089
76.5443
76.7944
75.794
73.8397
70.1308
66.3769
59.2303
56.3838
59.2538
64.8788
69.0661
71.6694
71.4872
71.4312
68.3739
67.45
64.0487
61.3454
59.9871
56.5739
55.6451
49.3459
46.1074
42.8687
42.0419
35.8282
33.6104
31.6407
40.8616
47.4143
51.756
52.0023
46.2102
38.701
31.835
31.4545
26.719
31.4652
30.9305
30.8241
32.2908
33.5976
31.6817
24.9002
18.8819
4.62081
-0.96128
-1.3578
-4.41057
-13.2883
-7.50286
-2.61199
-1.97149
-4.68433
-11.946
-16.9267
-14.0055
-11.8836
-11.1416
-14.2306
-15.1559
-16.9785
-21.7871
-28.2408
-27.5063
-21.707
-21.9367
-22.3643
-25.144
-27.0401
-32.602
-34.2745
-29.9061
-28.3698
-29.7765
-29.7349
-25.9251
-22.7401
-22.7796
-25.2678
-29.1817
-30.864
-28.1887
-27.8645
-26.5922
-22.2067
-20.6083
-22.8701
-27.1369
-25.4399
-23.4302
-22.5824
-23.4335
-24.3403
-27.234
-30.9063
-28.4441
-24.1169
-21.616
-20.767
-23.6485
-25.9294
-30.9016
42.5574
41.5241
37.3477
28.9172
18.1279
14.7672
39.85
61.8262
72.664
80.3007
82.7134
81.5071
77.3042
72.7568
70.0362
71.6771
73.6269
74.2857
73.8783
73.0717
71.1177
70.5308
71.3696
74.6739
78.1216
80.7956
82.5874
84.3528
85.1395
86.5139
86.965
87.8492
88.4605
88.865
89.4879
89.4923
89.5316
89.3158
89.1009
88.6993
88.2059
87.6922
87.092
86.4268
85.3081
82.5579
76.9685
67.9003
57.5004
54.0684
54.4055
55.9736
56.0235
53.2633
49.7444
50.5895
52.5348
51.2613
46.3833
38.4144
27.8273
18.7889
15.6849
10.3111
5.65159
3.09971
2.18006
2.99111
3.78347
1.80842
-3.40041
-11.5877
-12.6989
-13.7232
-10.688
-10.0317
-10.5006
-12.2964
-13.504
-13.3695
-15.7688
-13.9982
-16.7703
-19.6274
-24.8887
-26.4544
-23.0815
-21.2761
-23.0741
-26.6465
-25.5217
-22.4044
-22.6945
-23.5433
-20.9401
-18.1248
-17.5209
-18.6418
-18.3213
-15.7403
-12.769
-10.0175
-9.72705
-10.1054
-10.5615
-10.1283
-9.86925
-9.56646
-10.6264
-12.9558
-18.6943
-25.5661
-25.8505
-26.7077
-24.8331
-24.8
-25.2752
-20.8762
20.3754
17.1111
13.0046
6.55575
1.80715
1.86693
33.3026
57.0245
66.8896
69.064
66.5398
60.2859
51.7645
42.8779
41.9721
47.0661
49.1904
49.0454
42.7312
43.1766
38.329
27.8655
42.9751
51.097
52.055
49.5821
48.8986
49.0468
56.9667
58.7211
65.302
67.3395
70.3088
73.7491
75.5211
77.8456
79.3124
81.1861
82.7603
84.6975
87.2254
90.3692
93.7799
96.3981
97.2827
95.7683
91.4132
83.9948
74.2725
66.8126
64.5638
72.2084
81.6076
87.3317
89.4169
88.1359
83.4015
74.8886
62.1388
48.4606
40.7705
36.8311
36.6347
37.0029
34.2779
28.5101
20.7205
12.3111
5.99184
5.05264
4.87816
3.8446
0.172881
-5.48593
-10.5153
-16.4897
-21.901
-19.8449
-19.224
-22.629
-22.2718
-26.0134
-25.1006
-27.4121
-34.0497
-34.0771
-28.044
-25.5139
-26.846
-30.8576
-32.4218
-28.1716
-26.0263
-26.2784
-26.2709
-25.7271
-28.0768
-34.7387
-48.531
-48.1057
-37.533
-33.5247
-24.4922
-18.9235
-16.0494
-16.9493
-22.32
-26.9332
-23.7267
-24.6355
-24.5495
-25.4217
-28.107
-29.0417
-31.8534
-28.1443
-24.5671
-26.7477
1.94186
4.79292
5.16071
4.21651
1.16963
1.18621
41.6855
57.9857
64.0453
65.9865
63.3523
55.5415
46.0429
39.2983
45.1208
53.7932
55.9161
55.41
49.9047
36.4514
33.0698
36.781
37.6919
39.7238
39.5948
39.5663
36.8972
37.1587
35.8099
36.8578
33.8287
28.6395
36.3735
43.5627
44.8133
45.7756
40.655
35.2256
31.4838
31.5053
40.1579
52.6514
61.2812
69.5733
76.3055
79.7491
78.9603
73.3519
62.5178
45.6794
59.0531
75.9934
86.9069
92.9715
94.8041
92.6069
86.2665
75.4249
60.1876
47.718
44.2401
42.2512
40.6515
38.2051
32.7428
22.9282
9.00099
-1.36929
-4.35523
-7.35835
-7.18308
-9.4414
-14.4417
-19.8212
-30.7033
-34.7969
-34.9623
-36.7585
-35.8234
-31.0725
-29.0975
-29.1732
-31.1379
-30.3576
-30.5812
-33.3476
-38.2535
-42.037
-44.687
-46.0647
-43.0532
-38.5282
-37.0826
-39.7857
-45.0422
-47.4522
-48.7534
-52.2319
-53.4788
-49.4456
-39.9651
-31.9875
-27.3363
-24.7413
-24.8305
-28.2702
-32.4629
-35.7339
-37.7396
-40.5023
-39.7957
-31.4556
-25.7236
-22.9518
-24.2192
-29.1298
-35.2147
-35.484
30.6563
37.9736
42.8224
44.9274
43.8076
40.1881
53.157
61.0861
71.2937
73.0793
71.6108
68.3398
61.5977
49.843
57.8003
59.8449
60.933
59.1266
51.5359
50.0034
45.3208
45.0617
41.6559
41.0964
38.2767
41.4112
38.2933
43.3005
36.9008
39.4163
38.3488
36.9814
38.2064
30.0438
42.4067
43.3777
41.4604
34.4867
32.9809
25.3246
19.0855
27.1033
33.4621
42.2264
49.7077
52.6896
53.0139
50.3856
42.9968
35.5898
50.1643
64.9113
74.4566
78.2283
77.448
73.0129
66.2383
58.3794
47.6912
33.5097
27.0629
25.2055
23.6147
20.5961
18.4244
16.6696
11.1152
3.42148
-0.356571
-2.66987
-5.68674
-8.29322
-6.39586
-6.2693
-8.43484
-16.9582
-29.5409
-40.0126
-40.0759
-36.7482
-33.5154
-27.7596
-26.301
-28.1853
-35.0605
-42.7712
-43.9834
-46.1275
-48.9943
-49.6925
-47.7684
-44.1413
-38.3843
-35.9854
-37.5902
-43.1735
-51.1192
-58.3457
-56.1552
-34.2445
-24.2539
-18.3935
-17.1116
-20.6713
-28.6785
-29.2656
-33.9368
-32.8594
-38.9126
-39.2524
-40.8661
-37.2955
-29.188
-26.5
-26.7349
-26.8838
-29.2478
-32.1106
55.195
55.9656
53.9783
49.7438
45.2349
41.1884
54.961
76.3456
88.5228
94.8145
95.035
89.5454
80.6036
80.5789
85.6188
90.2262
92.4906
91.0941
86.1499
79.0654
71.3404
61.5535
58.6105
60.4273
61.8995
58.5247
52.0071
49.6445
46.9696
42.9409
46.916
42.6408
44.6722
51.7102
51.0879
54.4387
51.5696
50.5963
46.5179
44.2186
40.3668
37.7799
35.2399
29.0856
24.5109
24.5975
27.6451
23.0566
23.6339
21.2383
37.2999
48.7263
55.7985
58.4797
57.6544
53.3836
47.7445
47.5058
46.0855
41.3223
31.0922
22.6577
23.7582
27.1378
26.0685
21.829
19.3318
18.7325
15.3139
9.53551
2.91756
-1.64178
-0.70489
2.26238
1.51125
-2.60484
-10.6357
-20.1141
-26.6213
-28.8973
-25.5364
-24.8235
-25.3189
-28.4534
-34.4804
-42.6115
-48.5236
-52.4996
-53.5848
-51.0379
-48.8089
-46.6648
-44.1387
-40.4731
-39.4961
-42.8079
-46.3662
-44.8662
-36.6728
-31.7305
-26.9252
-19.4534
-14.7638
-11.7146
-11.0409
-12.1411
-13.9664
-18.4802
-22.0691
-24.5679
-25.0599
-26.1777
-30.1508
-33.3925
-35.1144
-34.9139
-29.8456
-29.1267
52.6062
48.1521
39.9923
28.516
14.4548
5.16841
55.439
83.8617
101.209
112.124
118.534
121.864
123.186
123.323
122.676
121.531
120.38
119.559
118.935
118.122
117.045
116.002
115.091
114.337
114.061
114.465
114.905
114.496
112.7
109.319
104.294
97.8254
90.8884
84.2392
77.3173
68.3266
58.346
54.7358
56.5188
56.7474
51.9951
43.0294
43.8113
42.8437
39.4077
39.8583
38.964
36.9198
27.3061
25.8367
32.5831
36.3458
35.9589
34.9722
36.659
42.687
49.6987
53.5569
53.5174
48.7247
38.4384
24.8136
22.5703
29.299
34.0687
35.7527
34.4767
30.533
24.2555
15.9884
8.33146
1.86658
-4.14911
-4.65109
-2.68335
-4.18685
-9.72706
-15.8853
-19.1569
-23.8395
-30.8449
-39.8738
-49.6321
-50.45
-53.8969
-58.3661
-56.707
-55.5524
-54.9683
-56.276
-56.4372
-52.232
-50.1997
-48.3625
-42.817
-37.834
-35.4547
-33.8124
-32.7492
-33.8536
-36.289
-38.3872
-31.7261
-28.8531
-26.8424
-21.9653
-17.4662
-15.559
-16.0524
-19.4846
-25.6365
-36.8631
-34.0175
-32.1603
-24.4394
-20.0113
-18.6155
-21.2896
25.0467
13.4593
-1.19564
-4.43332
-4.87927
3.57776
54.0295
82.2741
100.12
111.911
118.967
122.177
122.188
119.692
115.457
109.855
104.555
104.808
108.162
110.684
112.292
113.474
114.906
116.664
118.298
119.443
120.069
120.197
119.769
118.689
116.957
114.648
111.725
108.107
103.613
98.5668
94.4016
92.8867
92.6411
91.3518
88.3193
83.8167
78.1375
71.6523
65.2766
60.4228
55.1649
46.3693
38.6912
29.6098
30.1856
32.5723
33.5279
32.5836
39.1008
48.0664
53.0551
53.4658
49.3791
42.1135
35.8751
31.8511
28.6199
28.4481
31.522
31.8769
28.2959
22.6149
18.7841
14.0157
5.31521
-4.58561
-7.18123
-7.52204
-8.7915
-8.57007
-7.89232
-8.95076
-12.3939
-19.4978
-29.8883
-35.6335
-40.0655
-47.6444
-66.1727
-60.5565
-51.1882
-45.3399
-44.4859
-47.1344
-51.458
-50.3212
-48.2756
-47.9023
-43.0805
-37.4398
-35.2869
-37.6813
-41.7036
-39.5283
-39.508
-37.2823
-35.6609
-33.6952
-32.2549
-33.273
-36.2406
-34.924
-33.9866
-36.629
-44.6383
-51.8378
-41.0738
-30.7746
-26.8966
-25.883
-27.531
-30.8081
5.56715
9.13477
16.022
21.3528
23.3532
22.9527
54.1236
71.2318
82.6344
89.3421
92.6611
92.8831
90.2398
83.1143
69.9737
75.4518
78.6312
75.0835
68.8522
60.6481
50.0492
56.2025
64.2132
70.4131
72.4539
70.6159
66.2423
71.1516
77.0355
82.1791
86.6584
90.0742
92.3745
93.4519
93.6174
93.0637
92.4572
92.1958
92.3412
92.5547
92.6728
92.5794
91.9191
90.059
86.3727
80.2217
70.5511
56.8527
40.584
28.6817
28.0888
28.2759
41.1217
50.2733
55.8539
57.6559
55.2615
48.1662
38.4149
24.3898
20.0974
21.5517
24.0501
27.2246
28.6776
28.4589
26.7494
23.0317
16.0171
6.74007
-0.790885
-5.57193
-8.91678
-12.3495
-16.1702
-23.4663
-28.6445
-23.5598
-19.0465
-18.6418
-22.0504
-29.5525
-39.304
-44.5038
-52.8063
-58.5808
-54.7523
-49.3813
-41.1391
-36.9512
-36.6938
-39.2778
-43.1657
-43.5679
-40.0854
-36.2578
-35.3804
-37.5518
-40.5353
-41.0414
-41.3899
-40.6207
-42.9469
-40.5096
-35.529
-31.8206
-31.6062
-26.9334
-22.779
-20.0611
-19.3104
-20.985
-25.0006
-28.5043
-34.1895
-32.2718
-28.734
-27.8123
23.7355
32.1879
38.1755
40.9069
40.5691
37.9716
43.1831
52.4737
56.3708
55.4839
52.2566
48.1661
48.2554
50.2435
60.2945
67.4665
70.8501
70.4559
65.4588
54.5848
46.2874
44.9922
46.6083
45.8514
43.1397
42.4581
44.7586
41.9066
41.8691
38.876
31.8168
34.9247
34.5726
38.1979
38.3965
36.04
35.7294
27.684
27.0987
35.2732
45.8992
57.6559
65.6872
70.3133
71.114
68.1089
61.2958
49.8384
32.2651
20.4225
30.4941
45.8516
56.6022
63.1355
65.3039
63.3077
56.9856
46.1132
30.6348
17.8132
8.96875
13.3385
22.1933
28.4805
30.4612
28.9694
25.2587
21.7809
20.0605
18.4939
14.2165
6.34703
-1.58969
-2.26617
-3.65094
-8.44202
-18.2343
-28.9851
-31.6274
-30.5983
-31.6571
-29.4108
-26.6357
-27.5141
-31.7796
-36.9573
-41.0024
-37.9597
-29.8328
-24.8804
-24.7359
-28.6033
-34.2297
-34.8297
-31.8391
-30.151
-30.9554
-34.7855
-39.3167
-34.9385
-31.5308
-29.9116
-31.1773
-36.017
-38.1054
-37.6431
-31.8966
-28.2519
-23.2647
-20.2898
-20.3129
-23.1712
-27.5435
-35.815
-31.6039
-27.5113
-25.3098
-28.1528
38.2345
38.6202
35.5496
29.9922
24.4162
19.5248
24.0875
46.4318
57.0372
61.7138
62.951
64.461
65.8753
64.5645
66.3115
73.8585
76.0685
71.8745
61.1337
57.9693
54.2185
50.678
50.3056
49.5046
46.7667
43.1752
43.6743
40.0492
29.0573
31.4758
26.5267
28.1964
28.3089
34.0194
34.6443
34.0904
29.7731
23.5485
20.7142
21.9956
25.2212
29.6666
28.9124
28.6012
35.2682
37.2847
35.0792
25.8591
10.1896
7.75628
23.5476
39.5314
48.2933
52.2112
51.9808
47.6077
38.6314
26.3526
10.9197
10.0404
2.00456
-1.68834
14.3362
22.6695
25.5047
23.2623
15.9654
7.94025
11.7103
18.0982
21.6904
21.4821
16.986
9.95553
4.65963
1.21313
-4.98483
-14.3598
-17.9255
-15.9614
-15.6562
-18.802
-24.0427
-24.1074
-22.2197
-21.601
-21.7478
-22.7942
-23.5799
-23.1222
-22.2336
-23.2453
-26.092
-27.395
-25.1717
-23.8903
-26.0339
-30.7449
-31.3078
-27.2863
-23.8737
-23.939
-27.2009
-29.043
-29.6666
-30.2178
-31.4818
-35.5162
-38.3625
-38.097
-40.129
-45.2611
-47.5996
-40.4691
-32.0659
-25.1017
-22.7616
-25.5706
32.8771
28.7197
20.8798
9.62227
1.97373
-3.78982
35.6498
60.3289
73.2912
83.2605
90.055
95.5194
99.9177
102.928
104.709
105.406
105.227
104.267
102.494
99.8318
97.0269
94.9853
93.8147
92.7284
91.6164
91.0318
90.214
87.7285
82.2853
75.1071
68.4343
65.6609
61.9164
54.184
48.7159
37.0554
34.8469
33.5555
32.1418
28.6108
30.3892
31.5255
29.1799
28.6646
29.8351
29.1825
26.979
22.2755
11.4847
5.03766
9.8539
14.8669
20.8894
24.0823
22.044
15.2268
9.86879
13.5999
13.6485
11.7608
0.622027
1.22493
13.2604
21.8668
24.7373
23.7365
21.4937
22.3072
23.9795
24.4934
24.1726
22.6769
19.3554
13.558
5.61816
-1.8622
-5.91228
-8.30346
-9.04675
-9.13443
-11.3407
-14.895
-17.9134
-18.3511
-15.904
-14.3415
-16.5048
-22.859
-31.6563
-31.6568
-26.2441
-23.01
-23.1088
-26.564
-31.3472
-34.842
-38.0954
-39.7566
-35.7221
-30.4176
-25.8554
-21.3951
-18.2497
-17.417
-17.8116
-18.409
-19.8992
-23.0072
-26.3346
-29.077
-34.9216
-38.1489
-33.0327
-29.1774
-26.731
-24.3898
-23.4413
-23.3654
7.09881
-5.62554
-14.8105
-12.2599
-8.04704
-7.24402
38.8163
54.208
69.9166
81.6092
89.6486
94.754
96.9
96.771
95.1615
93.3155
93.2197
94.357
95.6718
96.1921
96.5347
96.9691
97.5345
98.3655
99.3095
99.6981
99.0341
97.1548
94.6459
92.3543
91.1402
90.3291
89.0971
87.6496
85.4806
83.6962
82.1858
80.6117
77.7274
72.7187
65.2143
55.9357
45.4333
37.2507
30.5852
17.3038
11.4532
9.08347
4.8334
3.39264
2.87459
7.05006
1.81962
11.6445
17.8241
25.1305
30.9227
33.3714
30.8947
25.0308
14.5009
13.2554
17.5536
24.1909
29.0491
30.5755
29.8591
27.2828
22.8442
15.1162
2.34319
-9.42755
-10.2399
-12.0281
-15.7982
-19.9134
-22.837
-24.2902
-23.3491
-20.8276
-18.4593
-17.2536
-17.3665
-19.2119
-22.027
-24.7382
-26.0203
-24.7088
-21.9446
-21.0107
-22.5558
-25.6761
-28.0777
-28.0684
-28.8453
-32.563
-37.2073
-35.959
-31.566
-29.9413
-28.695
-26.6283
-26.7192
-30.1546
-32.9972
-28.7524
-23.4489
-21.8512
-23.6227
-28.8981
-31.6248
-31.6251
-29.6789
-31.3902
-33.7487
-31.5568
-28.7663
-27.0672
-12.4614
-19.1866
-22.3598
-20.8772
-11.378
-13.0596
30.7752
35.1591
41.8402
41.0571
46.5866
54.3139
56.6581
58.9078
59.4228
61.3375
61.5505
58.0578
54.3585
53.8901
44.0949
33.1442
44.1807
53.009
54.6719
55.0589
47.2118
46.6904
49.1531
60.2435
64.6971
68.9201
73.1256
75.5778
78.0267
79.2197
80.031
80.1156
79.2607
77.3667
74.2583
69.7126
63.9196
58.2162
54.0149
50.9921
46.1052
38.7447
33.3927
32.6322
32.2685
29.1277
24.7559
25.4386
33.5444
39.2026
40.8972
38.8836
34.4832
28.3953
23.5712
18.8343
13.2743
10.333
9.22934
7.57522
2.33799
-1.97537
-4.34764
-6.4719
-11.4247
-14.6726
-14.6485
-13.8345
-16.4841
-21.1072
-23.5007
-22.7052
-21.0161
-20.2291
-21.1205
-23.5278
-28.6688
-35.818
-44.1684
-45.3073
-38.7322
-35.0603
-36.3492
-40.6184
-43.4658
-43.5283
-42.2445
-37.2209
-29.6752
-23.7072
-20.2516
-19.0346
-20.7174
-25.1795
-30.7556
-31.3177
-29.5755
-28.4459
-29.4638
-29.8557
-31.9579
-34.2598
-36.8617
-41.3096
-43.144
-32.736
-26.176
-23.4393
-24.3928
-28.183
-30.0038
-30.561
-14.3649
-16.6268
-17.2183
-16.4621
-8.26874
-9.78054
20.0682
33.2272
39.7088
43.5324
44.2226
45.169
41.4355
43.3938
52.2314
58.1522
59.641
56.0274
48.5644
47.3809
40.8748
37.1422
39.4226
38.3606
35.4741
36.1189
38.9751
36.646
37.8825
31.0927
26.994
22.5273
27.8245
28.9792
32.2663
30.5495
31.2487
26.3301
27.4419
36.2929
44.2495
50.6066
53.9761
55.2658
55.0621
52.8282
47.6531
39.773
32.7185
30.366
30.7932
33.9038
40.2706
45.5692
47.892
46.9853
43.6434
40.0129
37.3327
32.6069
25.2049
19.3155
14.7769
9.91406
5.53706
3.13671
1.94818
3.24299
3.58884
0.779017
-5.58437
-15.3652
-23.9229
-23.964
-23.2744
-20.7289
-17.9007
-15.6885
-13.8454
-12.5744
-13.2122
-16.2354
-21.2801
-25.9107
-29.4859
-32.3506
-34.3099
-33.0878
-30.8287
-30.5529
-32.8456
-36.8498
-42.7987
-44.658
-39.0596
-32.6314
-27.2597
-25.1393
-26.9311
-33.3364
-35.7839
-28.8354
-23.1448
-20.2898
-19.8054
-21.9727
-25.8148
-29.5928
-30.0151
-31.6174
-31.7628
-29.3869
-27.3168
-28.2508
-30.5653
-32.5111
-31.7787
-32.9911
-10.3105
-8.43058
-8.97851
-11.945
-13.9737
-14.6563
27.0958
39.6119
54.2982
61.0454
64.9939
69.4421
74.51
78.4907
81.474
83.5772
84.0184
82.387
79.4866
75.1106
69.0734
61.5802
54.1865
45.4574
36.6652
32.8105
38.2827
38.2656
38.9674
37.025
33.818
28.149
28.8267
26.2861
26.8569
26.2254
23.0042
12.9409
9.34905
9.1009
10.2571
5.31664
9.43327
11.1046
11.6503
15.3015
13.807
10.9287
3.35085
7.58965
15.4522
27.4962
37.4733
43.1574
45.0425
43.5131
40.3245
38.7022
37.169
33.338
27.5723
26.1781
25.699
21.7644
14.0256
4.28733
-1.75053
-1.15474
-0.171612
-2.86128
-8.78315
-14.863
-19.9961
-24.2163
-28.6166
-30.813
-31.2112
-32.5011
-35.1267
-37.6624
-36.7892
-39.0181
-39.5765
-37.1619
-34.3442
-33.7733
-33.2322
-32.2868
-33.2959
-38.2097
-45.0868
-49.1339
-47.9802
-46.2936
-41.0773
-35.1527
-31.6075
-31.516
-34.7762
-40.114
-42.1486
-37.243
-35.0402
-35.1895
-33.2389
-25.6072
-21.3301
-20.0439
-22.7396
-28.1949
-33.755
-27.5815
-20.4735
-16.8706
-16.6866
-19.0945
-24.4514
-29.6328
-21.8886
-23.7491
-25.4963
-26.3298
-15.6334
-11.1735
29.6412
43.9845
59.8111
71.2921
78.4878
82.9611
85.2505
86.1391
85.8265
84.7115
84.0543
84.7261
85.7141
86.1248
85.4393
83.5235
80.9833
78.0763
75.0685
71.8526
68.2137
64.5655
62.284
60.182
58.2361
57.4699
56.6089
54.1633
51.8657
48.055
44.9091
39.0353
31.6141
21.6135
8.2393
15.4072
18.1468
17.1888
13.9884
8.79813
6.03804
1.64084
-1.55388
-1.48494
2.64819
10.7153
11.7521
11.1572
8.60851
14.5821
22.3905
25.8483
24.9941
21.786
21.2866
22.236
20.3821
15.0463
6.56072
-1.58221
-0.31599
3.60861
5.46141
4.83205
1.06903
-6.35434
-16.1862
-25.7866
-28.2601
-25.4209
-25.7136
-29.9743
-38.6494
-44.3406
-40.3972
-38.3081
-36.3417
-33.4207
-32.4218
-33.5647
-35.8313
-38.6138
-41.5674
-41.7952
-39.3077
-38.2038
-40.0572
-41.7063
-41.3538
-42.6942
-46.8429
-51.8709
-50.0719
-41.478
-35.7683
-33.9976
-34.4561
-34.4979
-28.2725
-22.735
-20.2062
-21.5728
-24.0507
-26.4045
-28.0935
-25.4337
-17.9475
-14.7143
-15.8937
-21.1702
-27.2973
-28.8283
-11.4196
-14.7113
-14.1822
-14.0863
-10.6982
-7.67145
24.2919
35.6342
46.5233
54.2696
59.9108
60.7645
58.153
54.3366
52.8293
53.7057
53.239
52.0998
53.1929
55.5705
59.3501
63.9183
67.5983
69.8422
69.8147
67.9813
65.3046
63.6635
63.0433
63.6508
65.2071
67.4695
69.2588
70.4478
71.0683
71.2301
70.1802
68.065
65.0148
61.4271
57.9054
53.8791
49.6787
45.383
40.83
34.188
25.3731
19.6046
13.2653
11.6811
15.99
18.7709
18.3289
13.839
11.7168
18.705
24.2169
26.0238
24.5587
21.9021
22.8177
26.2758
27.255
24.4748
17.7877
8.11105
0.744507
-0.179626
1.19703
0.140211
-4.74247
-13.053
-14.5788
-11.9546
-10.6113
-12.0761
-17.126
-26.4274
-39.4772
-43.7004
-38.4286
-35.1315
-30.8833
-27.5598
-26.7621
-28.5355
-32.357
-36.7984
-41.7743
-42.8184
-36.823
-32.3099
-31.8779
-35.4646
-41.9673
-47.7061
-50.3731
-47.6542
-39.4861
-32.2203
-28.5185
-28.2098
-29.7745
-28.9002
-26.2782
-24.9957
-26.3634
-29.1075
-31.2445
-27.2993
-21.8774
-18.118
-17.0896
-18.9151
-23.0126
-27.9626
-30.0943
-30.6398
5.39091
9.03069
8.90943
5.35753
-1.1374
-5.53099
16.1895
26.6617
33.4683
37.3488
39.7545
40.2519
37.6373
39.0632
47.326
53.5936
55.2555
52.9279
46.2073
36.925
29.3269
27.7081
26.603
29.7663
27.6912
27.749
27.8082
22.9333
20.0376
19.677
27.7099
28.8589
32.848
38.7058
43.5758
46.0921
49.4352
51.8788
53.5564
54.6513
55.3853
56.422
57.0747
56.7565
54.3451
49.1747
41.0802
29.984
17.0393
12.1799
18.2851
23.5012
25.5515
26.0426
27.3029
29.3024
30.3679
29.6933
27.0698
26.0459
28.13
29.8329
28.237
23.2368
15.956
8.71389
2.55946
0.0932706
0.580947
-0.429308
-4.40324
-10.9983
-19.4759
-18.9595
-16.7315
-15.8692
-16.9511
-19.24
-22.2633
-24.2368
-25.7624
-28.4362
-32.0476
-31.4843
-29.924
-30.657
-35.0235
-41.4875
-44.2008
-44.3131
-40.3735
-36.6022
-35.3832
-36.1507
-35.4234
-32.3001
-28.2163
-24.5114
-22.3535
-22.2292
-24.3203
-28.912
-34.6339
-37.3313
-34.3376
-31.237
-30.8742
-33.9762
-34.2483
-27.9134
-21.7394
-19.4293
-20.4975
-21.8561
-21.103
-19.6606
-18.1198
-18.7269
6.10841
5.45689
5.66304
6.02907
5.86788
4.07641
24.7386
40.0378
50.7237
57.136
61.3908
65.7895
69.785
71.7159
71.6824
70.7786
69.0283
65.3494
59.9257
56.3753
54.6036
52.0818
45.9726
36.7829
31.3579
29.7613
29.367
24.496
25.5742
26.2659
25.4117
25.6509
23.3749
22.8051
19.2717
10.4138
8.07425
7.48512
3.49951
9.43138
14.3822
15.195
22.6541
27.1407
30.3779
30.203
25.6597
16.4249
2.03028
-12.0592
-1.00105
4.48264
8.45726
12.6564
15.3082
16.211
14.8983
11.3226
12.6279
16.3114
17.7884
15.7928
10.2135
3.03181
-1.78673
-5.09422
-8.28732
-10.2758
-12.5234
-15.0251
-16.4677
-16.1209
-16.0061
-10.8705
-5.9266
-3.25404
-2.45308
-2.7551
-4.22523
-7.46929
-11.7645
-15.5726
-19.4333
-23.4091
-25.6097
-26.4416
-26.2244
-23.4626
-22.0359
-23.3975
-25.1392
-24.3144
-22.97
-21.4281
-18.5746
-17.2042
-19.176
-22.0554
-21.8697
-20.3211
-17.2774
-13.8304
-12.9197
-15.4503
-19.3673
-20.9038
-21.8836
-21.9922
-18.8848
-17.4652
-19.483
-22.9319
-20.0285
-12.7557
-6.01024
-2.48196
-3.03279
-7.47324
-9.23483
-13.2947
-10.7057
-7.22137
-2.71899
-2.25988
24.6466
39.7012
54.9151
66.1178
73.0088
76.9105
77.7119
76.1001
73.2488
70.9416
68.4343
65.4386
64.9106
66.2549
67.5076
67.8823
67.3072
66.369
66.0335
65.7309
64.6797
62.9081
60.1349
56.3129
50.884
43.0267
34.4334
28.04
26.5049
23.9421
17.271
10.4995
10.9205
9.50035
7.0593
3.39816
3.25098
3.94269
0.851016
-2.75497
-4.05189
-2.81577
-5.65615
-6.84956
-1.34981
-2.58127
-5.12597
-2.81465
-2.53769
-3.4203
-3.33084
0.804821
-1.86311
-4.96498
-7.81516
-6.36337
-7.69286
-10.0311
-11.2993
-10.1211
-7.3279
-5.44817
-6.87731
-11.9762
-17.7596
-20.3482
-18.7193
-14.5924
-11.3179
-10.4386
-11.5539
-13.0953
-14.72
-16.3598
-16.0056
-15.3623
-17.2952
-21.2802
-23.6837
-23.6066
-22.526
-20.2256
-17.7227
-16.9235
-17.7876
-18.9365
-18.8794
-16.5619
-13.4811
-12.0825
-13.3401
-16.2677
-17.4272
-15.2272
-10.8776
-6.64993
-4.82105
-6.02164
-10.067
-15.5537
-18.1054
-14.8413
-10.3142
-8.2461
-9.38785
-12.5126
-14.8477
-13.7976
-9.2967
-5.29428
-3.95992
-5.90762
-20.5958
-24.7919
-27.1953
-19.6021
-11.5082
-11.7734
12.1656
28.4665
42.2192
48.8703
56.3609
59.1908
58.146
53.5628
49.2326
47.2751
46.9153
42.0939
37.7511
34.1974
37.9039
42.7765
49.6193
55.123
57.5449
58.5347
58.4538
57.8658
56.7048
53.9202
49.5388
44.3847
42.6903
45.45
48.1887
49.0846
49.3489
48.6963
47.3698
45.2411
41.9315
38.103
32.3064
23.5111
13.5324
0.179853
-5.05012
-11.0279
-19.1078
-18.2222
-7.03896
-7.00532
-15.2079
-16.691
-20.3262
-22.3107
-19.7927
-11.6865
-10.7502
-11.2964
-27.6081
-28.8772
-23.8349
-20.075
-17.6129
-13.9717
-12.5471
-13.5743
-18.7038
-29.2954
-39.6756
-35.6566
-30.9776
-28.7312
-30.7468
-33.3571
-35.9773
-35.4859
-32.5099
-29.7697
-29.2785
-29.4778
-29.2875
-30.965
-35.0503
-36.7775
-34.1285
-32.9058
-33.8697
-34.9683
-34.8645
-32.3044
-29.3812
-28.1309
-28.7179
-30.6416
-32.1149
-31.4509
-28.2694
-25.6802
-25.1275
-24.5141
-24.95
-26.7398
-29.8379
-28.723
-26.9601
-25.4041
-23.5097
-24.0999
-27.3948
-36.1412
-38.4232
-33.1569
-26.6402
-23.5214
-23.4251
-25.5079
-23.5375
-26.1293
-21.5762
-19.8287
-17.1509
-20.3263
10.4389
32.7706
43.5216
48.3367
48.7451
47.6807
46.3132
46.3258
47.7402
51.2599
50.5664
46.466
42.1266
36.2507
35.9146
34.442
31.5461
27.6503
22.1569
23.666
25.4812
14.8892
4.84052
-2.10995
1.61051
13.0292
16.2681
24.0608
30.2014
33.4051
35.427
38.3629
40.3847
41.4785
41.7945
40.6495
37.8326
33.1043
25.6197
16.2585
4.42937
-3.41907
-12.5297
-13.0145
-3.2262
-6.63405
-25.1049
-26.2819
-23.504
-23.0278
-23.2995
-11.7821
-12.3643
-13.4846
-26.3918
-23.7463
-22.3822
-22.8923
-25.1121
-26.926
-26.2817
-25.7253
-26.9999
-28.0376
-26.227
-24.5055
-25.6578
-27.6093
-31.0601
-30.8745
-32.4931
-35.3017
-35.2527
-32.399
-30.2316
-28.8347
-27.7033
-28.134
-31.5578
-35.0741
-31.1337
-27.5118
-27.1327
-29.331
-31.4045
-32.2249
-34.1503
-37.2091
-39.4521
-40.5502
-42.3053
-39.1051
-31.9518
-28.209
-28.1084
-29.9142
-28.975
-27.8569
-29.591
-34.3728
-36.2737
-35.1846
-31.5868
-28.8467
-29.5633
-33.012
-35.1255
-33.216
-30.0686
-28.0053
-27.3386
-30.5756
-30.0912
-34.697
-28.0771
-24.1124
-17.3378
-22.6795
19.3567
40.6292
59.2991
70.7948
78.4758
83.1564
84.7872
83.2769
79.2432
76.0792
77.7458
79.2688
79.5739
78.9649
77.4185
74.768
70.9169
68.0218
68.1264
68.5803
66.5564
60.6848
50.0348
37.3405
33.1425
28.862
22.0939
14.4034
14.6793
9.52512
12.9682
8.76682
6.40838
5.70688
2.6291
-1.36584
1.19752
4.6232
3.25698
-1.57941
-5.81347
-9.71516
-16.6799
-19.6308
-5.83163
-7.20955
-14.5669
-14.5409
-15.4139
-16.9011
-19.2652
-11.706
-11.8155
-12.145
-21.1073
-20.0691
-19.3043
-19.7281
-23.298
-26.4968
-29.5874
-30.0844
-30.0956
-30.9004
-33.209
-35.4194
-37.1595
-36.5486
-30.9006
-26.8005
-24.9023
-25.3167
-26.7343
-27.551
-28.7605
-30.3061
-33.5818
-33.5336
-32.046
-31.8058
-30.0441
-26.578
-24.8554
-25.0304
-25.2219
-25.5447
-28.0181
-31.1363
-32.0642
-33.6373
-38.3334
-42.816
-40.7284
-35.6737
-31.5305
-28.1073
-26.5861
-26.9817
-28.1056
-27.2201
-25.455
-24.885
-25.4887
-25.8185
-25.7749
-27.2689
-29.7428
-32.8036
-32.309
-30.9076
-30.6742
-30.7619
-34.155
-40.4898
-31.408
-25.3255
-18.9809
-18.2088
15.2603
34.7954
56.8797
73.4939
84.3566
90.8034
93.161
91.5788
86.0269
77.1434
69.3757
69.53
70.5195
69.9317
70.4813
72.897
75.4308
78.0977
80.9201
82.5087
82.0095
79.5421
75.9267
72.1029
68.2125
63.5588
57.3179
50.8713
47.0845
44.1665
39.7143
31.6473
21.5277
11.7342
8.09351
3.10467
5.33367
6.92983
2.8076
-3.34691
-5.1856
-8.28163
-18.9962
-18.0528
-7.32628
-10.3287
-10.7475
-7.84895
-8.42896
-12.0357
-16.2787
-12.7538
-10.0181
-11.2152
-20.4822
-23.0925
-26.1799
-26.8967
-26.629
-23.8214
-22.5395
-24.707
-29.4802
-34.0022
-35.6764
-36.969
-35.5062
-30.9502
-31.5817
-29.4046
-25.4575
-22.7275
-23.1904
-26.1298
-29.4944
-32.2869
-37.6997
-41.848
-41.4179
-38.4558
-32.6799
-28.3349
-27.1056
-29.1842
-34.1722
-39.3929
-37.7597
-33.7603
-33.1201
-36.1079
-40.9425
-41.731
-38.8638
-36.8497
-33.7876
-29.4257
-26.673
-26.6066
-28.3088
-27.9629
-26.3117
-26.6397
-30.3079
-31.7088
-26.9983
-24.268
-25.568
-30.3051
-34.6276
-32.8635
-30.2869
-30.9311
-22.6142
-23.3119
-23.0046
-21.6829
-14.9395
-14.2381
13.7475
20.9445
33.593
43.8863
57.1472
65.5095
69.3414
69.1877
65.6679
61.6863
60.4252
57.977
51.3865
36.8308
31.7944
33.0417
35.2502
43.2478
48.8684
53.2453
54.2086
54.4743
54.9484
56.1556
55.9536
55.2241
54.2787
53.6843
51.874
48.4643
42.4024
37.691
37.8857
39.9411
40.9847
40.9484
39.0932
34.4645
26.765
18.894
13.2881
6.73687
-1.55634
-11.3202
-4.77965
-11.6694
-17.8982
-14.0918
-11.4089
-10.6483
-12.5646
-10.5091
-8.37153
-8.92226
-10.8955
-11.0446
-11.2066
-12.4263
-15.5757
-20.5169
-26.3905
-30.0307
-30.0813
-28.4564
-27.1666
-27.0528
-26.0431
-24.2955
-24.3234
-22.7034
-21.1915
-21.2836
-23.8167
-28.1518
-31.5333
-33.48
-37.0157
-43.1536
-49.5809
-49.8738
-44.4188
-40.4364
-39.1995
-37.9677
-35.4106
-33.9587
-35.3323
-38.1987
-38.1398
-36.1844
-36.12
-38.6979
-41.0233
-40.9852
-40.7258
-39.4463
-37.8696
-37.4323
-38.2448
-39.0712
-38.9153
-39.2247
-38.8237
-37.1979
-34.7256
-33.8833
-33.8562
-30.1453
-23.022
-18.4034
-17.783
-21.4044
-28.671
-34.4791
-33.6913
-32.5868
-20.6922
-20.6475
7.63011
20.0251
35.1546
43.0962
54.1272
65.5032
74.3235
80.9364
86.3107
90.5155
92.92
93.4695
92.6805
91.289
89.3357
86.6118
82.6477
77.437
70.4559
61.0656
51.4919
47.957
46.5665
44.2244
37.5229
35.1546
26.925
29.9379
33.673
34.452
31.0056
25.9551
25.6215
30.9823
35.8451
38.878
40.213
39.3615
36.3777
31.9156
26.1602
17.5451
6.76217
-1.04217
-2.52203
-4.75563
-14.1496
-8.68577
-3.65151
-0.443685
-0.725855
-2.55228
-5.29025
-8.8969
-22.1915
-23.0693
-15.8988
-10.1953
-8.1166
-9.39432
-13.7363
-18.9123
-23.9586
-28.4814
-30.0638
-29.4583
-27.1243
-23.9292
-23.1759
-25.6309
-31.4613
-35.2603
-32.4385
-30.2573
-29.6897
-30.2602
-32.9646
-36.4787
-40.4927
-43.6279
-40.5881
-35.0924
-31.6067
-30.6431
-31.8542
-35.2088
-40.1926
-42.6292
-41.5591
-39.7598
-39.2308
-39.7477
-38.7661
-35.8208
-33.1612
-31.029
-30.6807
-32.6445
-35.7653
-35.7778
-37.3903
-40.8411
-42.7104
-38.415
-36.3675
-37.7884
-38.3036
-35.6645
-29.8934
-25.7668
-24.159
-25.2696
-19.4649
-18.6305
-20.8309
-25.9261
-22.4367
-17.7894
10.0024
22.7985
35.3864
48.1112
58.8354
67.0894
74.0079
79.6321
83.5256
85.9814
88.3128
90.8697
93.4289
95.5942
97.0803
97.7805
98.0752
97.8014
97.0357
96.4669
96.2603
95.6282
94.1037
91.7804
88.6357
84.4714
78.79
71.4557
62.1428
51.8405
44.215
39.0893
32.6704
25.9489
23.0706
21.2778
20.7385
20.1184
20.4072
20.2596
17.1767
12.8594
5.09836
0.425548
7.43715
11.2981
18.5673
23.1918
24.5994
22.7227
18.2137
12.6388
9.11949
2.87966
-0.968428
-0.109167
3.69305
6.00918
5.20812
1.76877
-2.23299
-4.12577
-4.40828
-4.08851
-4.96499
-8.19746
-13.976
-19.3915
-27.5138
-28.9958
-24.3428
-21.3464
-22.0199
-26.3343
-33.3583
-34.6628
-32.9741
-33.5528
-34.9253
-33.8332
-32.4086
-31.0615
-28.1759
-25.8716
-26.2592
-28.5269
-29.8058
-30.0937
-31.658
-33.9035
-35.4509
-37.6243
-38.4136
-35.3478
-32.2922
-31.4203
-32.6938
-34.1021
-34.4007
-32.9962
-27.3279
-22.5401
-20.973
-22.6361
-26.9687
-31.6334
-33.3001
-33.381
-28.2868
-23.2997
-20.1078
-19.2204
-18.8016
-18.6762
-20.3657
-21.7842
-17.1599
-16.8401
9.64739
13.172
11.5336
20.7955
30.4971
36.2906
38.6302
42.8912
49.3097
57.2239
60.1308
59.449
57.1297
56.7819
55.62
61.6973
71.6833
80.6714
86.2528
89.0169
89.9439
90.3531
90.8883
91.4898
91.7806
91.4845
90.3102
87.9046
84.4306
80.7269
77.5717
74.6015
72.1897
70.3843
68.0351
63.7821
57.1996
48.0643
37.2997
30.3067
27.3544
23.666
19.6765
17.6345
18.2215
18.9983
20.3184
21.7499
21.5272
20.069
18.1516
15.5756
12.4215
13.1738
12.9529
12.8945
11.8488
9.93272
6.75883
2.87917
1.5312
3.49588
5.52861
5.9753
4.77034
2.2223
-1.55423
-7.14469
-13.4438
-16.8469
-16.5157
-15.8369
-16.6474
-19.47
-23.0669
-25.6241
-24.4744
-23.6818
-24.0359
-25.9282
-28.8406
-31.4543
-32.1023
-30.9679
-28.245
-24.4252
-22.1994
-23.172
-27.762
-32.9426
-32.9171
-31.3011
-29.0976
-26.9139
-26.2551
-26.8731
-27.4287
-27.6079
-25.3602
-20.8697
-17.0082
-14.7651
-15.18
-18.6679
-24.5103
-30.2581
-33.4093
-36.0757
-36.8512
-33.8685
-30.2278
-28.3646
-18.2396
-17.8122
-17.7346
-16.3541
-9.74503
-9.14743
7.21909
22.2329
31.226
38.164
44.7606
51.8565
58.4463
63.8139
68.7578
72.9974
76.1028
77.9241
78.0194
76.161
72.6621
68.5551
66.2435
63.4549
59.1872
52.9663
50.6027
51.0683
52.5498
53.4156
53.2454
54.1402
59.1944
64.9053
68.0904
69.0532
69.3408
70.2506
71.4368
72.6356
73.004
71.8339
68.3857
62.7963
56.3928
50.8944
43.6159
32.8867
17.4993
14.9425
15.2874
15.465
15.889
15.381
14.7938
15.2696
14.9149
12.2818
10.3737
9.13743
8.85589
6.3029
2.69614
-0.565232
-3.40766
-5.44754
-8.51721
-11.7856
-12.3161
-13.2053
-12.9487
-9.62206
-5.3579
-3.53079
-5.0284
-8.73904
-9.82963
-8.34711
-8.50109
-10.913
-14.596
-17.7413
-20.7885
-23.7495
-25.4319
-23.7384
-20.0574
-17.0859
-16.2825
-18.5176
-21.1046
-16.6458
-11.5098
-10.159
-12.2732
-15.6526
-16.9177
-17.3634
-18.4277
-19.1506
-19.7791
-20.9483
-19.2726
-14.8958
-11.6284
-9.51665
-7.42586
-5.63192
-5.59665
-7.74117
-11.6936
-14.5843
-14.3343
-13.5492
-15.6453
-20.653
-22.0048
-18.5317
-8.05901
-4.5713
-3.51848
-4.69687
-6.98086
-5.8267
12.6124
18.9541
38.5126
50.1608
58.6241
63.6154
65.6901
66.4158
67.1909
70.741
76.3762
80.9809
84.0499
86.3781
88.8822
91.3445
92.7553
93.0849
93.0445
93.4117
93.7976
93.378
91.6871
88.7532
84.6704
80.2658
76.1837
72.7645
68.5378
62.2053
55.5631
50.9151
48.4584
49.0188
51.2999
53.6
55.4469
57.2143
58.5624
57.9677
53.9863
45.7099
34.7724
23.5016
23.6152
26.338
29.543
32.6968
34.1661
33.2645
30.286
28.732
29.802
30.2925
27.6549
21.668
13.6082
8.25076
7.93792
7.77437
5.01418
3.93312
5.9066
8.34554
9.98819
10.6118
9.27202
5.6494
1.29445
-0.801837
-2.06511
-3.74526
-4.34344
-4.86287
-7.20649
-12.185
-17.4699
-19.901
-18.5346
-16.6461
-16.1111
-16.343
-16.5708
-15.4898
-12.6453
-8.92677
-7.05363
-7.27457
-9.04636
-11.7396
-14.0966
-14.7196
-14.0018
-14.9727
-17.9287
-18.6465
-14.1547
-10.6951
-9.76004
-9.49872
-8.01953
-5.69122
-3.24387
-1.52769
-0.907275
-1.14919
-1.19237
-2.09954
-5.23861
-11.5048
-17.3517
-16.2326
-15.0448
-15.0438
-18.441
-21.2451
-18.403
-18.3713
9.62135
8.74645
16.1616
25.9744
34.75
39.7677
40.0206
40.5492
45.8269
52.3199
54.2762
51.9794
48.3739
50.1937
58.9602
67.4738
76.3333
82.7739
86.898
89.2149
90.4539
91.117
91.4105
91.7155
92.3909
93.4202
94.446
94.6009
93.6124
91.8078
89.2367
86.1726
83.8571
82.5197
79.6896
73.823
64.6975
54.3186
46.6316
43.0162
38.2247
33.1216
26.5441
26.3424
30.802
38.3425
44.1209
46.8674
46.3769
42.7931
36.7927
31.6539
31.1771
31.3983
29.2512
24.3352
17.607
12.7976
10.8021
9.13254
6.41191
3.11615
0.201185
-1.8943
-1.38409
0.571305
2.37037
2.39038
0.0632441
-4.77085
-11.5519
-16.789
-17.2816
-16.0113
-16.5052
-18.0646
-18.8802
-18.9065
-20.8506
-25.1401
-27.8289
-25.5983
-20.8475
-18.3522
-18.2556
-18.0624
-15.6802
-12.9374
-12.1569
-14.3047
-19.794
-25.0367
-19.392
-14.0429
-12.6653
-13.4631
-14.1231
-14.6595
-16.7086
-17.1328
-13.7095
-10.667
-10.3049
-12.378
-16.7317
-21.6952
-21.1571
-17.2129
-16.2277
-18.4309
-21.9304
-23.9874
-4.60825
-6.46441
-10.8795
-15.0381
-12.1842
-9.62768
11.8249
17.3833
31.6331
42.2837
51.0599
58.894
65.6506
71.505
75.7434
78.6088
80.986
83.3091
85.0198
85.4669
85.0103
84.314
82.9031
79.749
74.0962
67.6049
63.3043
57.9863
54.3356
55.4893
58.2393
63.3115
69.2646
75.1415
79.5555
82.0383
83.7746
85.4729
87.5946
89.899
91.5286
92.5846
93.3765
93.0409
90.1078
83.489
72.6085
58.7595
47.8522
39.9564
34.7435
35.5424
37.2139
37.3768
36.6239
39.6898
45.8827
49.6124
49.4816
45.4818
38.4999
33.0185
30.188
26.0896
20.261
14.4179
8.31637
2.72238
-1.56034
-4.03011
-5.36422
-5.09777
-5.85051
-8.55789
-11.0023
-11.9009
-12.1211
-12.6269
-12.4798
-11.8911
-12.8427
-16.0151
-19.4664
-21.2838
-22.2189
-22.6885
-22.4774
-21.318
-19.1374
-16.7926
-15.7633
-15.4023
-14.7097
-14.6559
-16.2551
-19.0329
-21.912
-22.3957
-17.0045
-12.0341
-10.0129
-9.85112
-10.2594
-11.8076
-15.8886
-21.9543
-25.0581
-23.8264
-18.6204
-13.2792
-10.6158
-9.72066
-9.81348
-10.5116
-12.2945
-14.6379
-16.8614
-18.3343
-7.65907
-6.87131
-8.33749
-11.4437
-13.7055
-13.497
12.3615
20.3822
32.7265
44.7971
54.3078
60.2511
63.3556
65.6595
67.7884
70.3053
73.4709
77.2109
81.165
84.8806
88.2551
90.9659
93.1056
94.6719
95.9502
96.972
97.5075
97.6786
97.4931
96.7177
94.8097
91.5039
86.8692
81.4636
74.8589
68.799
65.1257
63.153
62.0211
62.0218
70.6783
81.3359
88.3467
91.6538
91.6392
88.446
82.1108
72.7197
61.116
48.3174
38.9919
36.3656
39.8428
46.2718
51.2581
54.0408
55.9354
56.8394
55.7514
52.8856
50.6515
49.376
45.9465
39.3664
32.9701
31.2083
29.748
25.6737
19.5593
13.3485
8.39846
2.56633
-3.29854
-6.36379
-8.30241
-9.69779
-8.96317
-7.30449
-6.95883
-8.66355
-11.7867
-15.277
-19.256
-24.787
-28.8919
-28.7205
-24.6373
-20.7638
-19.1946
-20.1981
-23.0767
-24.9931
-23.3037
-20.6929
-19.883
-19.8476
-18.8248
-17.5719
-16.7148
-16.7083
-18.0803
-20.2614
-22.5681
-24.9461
-28.3438
-29.8466
-29.8257
-29.4083
-28.4166
-26.0281
-22.1093
-17.7417
-14.2033
-11.6135
-10.1845
-10.0316
-10.7558
-11.2779
-12.7654
-14.4154
-16.7549
-19.6672
-21.4914
-16.8051
11.0541
18.5779
26.2709
32.1649
38.7228
49.1385
57.959
65.01
70.6627
74.8985
77.7924
79.4486
79.6906
77.6984
72.8488
66.5393
65.6974
69.1744
72.5457
75.8914
80.5719
84.6753
87.8328
90.2935
92.197
93.6421
94.8153
95.3395
95.2824
94.6717
94.0067
93.3111
92.4922
91.4713
89.7111
86.1763
79.9313
71.9239
68.0329
67.1337
63.4582
55.6432
45.7316
37.0707
33.6073
41.2589
49.9452
55.1596
57.2282
56.7351
54.6042
51.6899
48.4892
44.6667
40.3663
36.1653
30.8351
27.309
26.7634
25.5166
22.0023
17.0317
12.1857
8.77635
5.99479
1.14668
-5.28698
-8.21124
-8.95039
-9.1223
-8.33558
-7.75273
-8.78736
-12.0679
-16.1328
-16.3198
-15.3931
-16.5703
-19.6457
-22.5941
-24.838
-26.5362
-26.9968
-26.5142
-26.2886
-28.0217
-30.7528
-28.3294
-21.9195
-18.0674
-17.2646
-18.7866
-19.9033
-18.9621
-18.2592
-19.4106
-22.1092
-24.7229
-24.6229
-22.6368
-21.0288
-20.1998
-18.5005
-16.1996
-15.2263
-16.769
-19.1949
-18.9905
-17.0112
-16.9326
-18.303
-17.5708
-17.6473
-22.0081
-22.37
-21.3367
-18.9483
-17.8783
14.8084
24.9113
43.831
55.326
63.8483
69.8318
73.6907
76.0982
77.8499
80.8246
85.6011
90.1338
92.664
92.8291
90.6532
86.3773
80.4618
73.5444
64.6818
53.9684
44.539
41.8789
42.5256
41.6524
41.4071
48.1437
55.0617
62.6558
68.9974
75.3531
80.324
83.888
87.1119
90.176
92.5425
93.5099
92.7476
90.2572
85.9345
79.4136
69.968
57.4526
44.0715
34.1339
31.5638
36.867
43.8271
46.919
46.3237
44.3103
44.976
46.7539
45.9615
41.6139
33.3223
23.6285
18.7996
17.9621
16.88
13.5242
6.76384
-2.91744
-10.3876
-14.2978
-18.2179
-21.6823
-20.5135
-16.4138
-13.6784
-12.8635
-14.3467
-18.4214
-24.3272
-26.0969
-21.8615
-17.7
-16.0443
-16.9567
-19.8245
-23.4515
-23.6728
-20.3374
-17.1783
-17.0223
-19.8221
-23.5878
-24.7226
-23.072
-21.546
-20.7776
-20.8
-22.0524
-23.7858
-24.0291
-23.1539
-23.259
-22.5665
-19.6366
-17.8847
-18.8005
-20.6197
-20.2936
-18.6723
-17.4229
-16.9678
-18.1284
-20.5346
-22.6137
-23.2627
-22.7477
-21.9669
-20.3548
-12.8523
-15.3351
-16.8494
-18.941
-18.5384
-16.9849
8.28846
14.5347
27.6694
43.4336
52.7272
57.0391
57.1512
56.6224
62.7923
69.9037
72.5661
70.3847
64.1684
62.1607
67.3124
69.9004
69.2805
66.0876
62.2808
59.2204
57.8789
56.2217
55.9802
56.4088
55.8131
54.8786
53.4131
50.753
47.2853
45.0121
44.3431
44.0159
41.685
44.99
54.9082
66.2092
74.863
79.9049
81.5053
79.6362
73.9919
64.1724
49.8578
37.3745
38.8547
42.9968
46.5253
48.5768
48.7533
47.0592
44.3619
42.0578
39.3271
34.2263
26.3588
19.1908
17.6486
16.6185
12.4519
4.75627
-4.40739
-10.8979
-11.4197
-10.2339
-11.0968
-12.5011
-12.1281
-11.8958
-13.4214
-15.352
-17.7554
-21.8213
-27.7938
-29.7212
-24.6751
-19.948
-18.2302
-19.0511
-19.7234
-16.2499
-9.46492
-3.32999
1.78498
6.30682
9.81196
11.5647
11.1625
8.83967
5.46864
2.18231
-1.15648
-4.97856
-8.76837
-11.5623
-13.3016
-13.8568
-10.9289
-6.09974
-2.15648
1.1505
3.38198
3.52212
0.936567
-4.26685
-10.6625
-15.1559
-16.6865
-18.5286
-19.7716
-20.4368
-21.0588
-18.3801
-3.6432
-4.75173
-6.05725
-9.00561
-13.5604
-17.097
13.0954
28.1629
41.8022
53.6068
63.543
72.3476
79.4283
84.5881
87.5043
87.737
84.9993
79.0661
70.4077
61.5419
53.9061
46.5159
40.1986
37.7694
40.5458
41.619
41.4861
39.4033
40.9014
43.3728
45.6034
46.5532
46.5875
45.674
44.8426
45.0775
47.1806
51.0483
53.9913
54.9363
54.4082
54.4386
55.4776
58.0111
62.5914
65.5809
64.8208
59.3924
48.299
34.546
34.3669
40.4162
44.4434
46.8822
47.7519
46.5236
43.293
40.0109
38.0314
34.35
27.5321
20.4974
16.8181
13.9779
10.1659
5.14468
-1.05046
-7.91555
-11.1544
-9.79222
-7.28562
-5.59688
-5.57204
-6.95799
-9.18315
-10.4325
-10.4155
-10.4028
-11.6123
-13.5721
-14.8606
-15.8335
-17.4544
-19.6677
-19.9747
-14.9307
-6.69972
-1.00034
1.90285
3.48375
5.52558
7.27299
7.12771
4.96168
1.79334
-1.25733
-4.48382
-7.26618
-7.74759
-7.24532
-7.86217
-10.1688
-12.3066
-10.8698
-7.04801
-2.90209
0.17656
1.17034
-0.0730479
-2.64507
-4.33978
-4.84541
-4.82481
-2.96281
-0.46566
-0.107938
-3.0175
-8.24551
-8.47851
-10.1578
-12.9684
-15.1589
-15.5052
-14.7205
8.48889
24.1553
42.6071
58.1787
68.5896
74.2782
76.197
75.4161
73.0813
70.0454
66.1864
62.0544
58.5297
53.9578
48.9708
46.2175
45.0142
43.5217
40.9035
37.7284
36.8177
34.5919
33.7052
29.0132
24.7551
21.0558
19.7671
17.8882
19.3433
18.4122
19.3027
23.9527
30.2889
38.6219
47.3916
55.2267
61.7745
65.8627
67.053
65.2223
60.2017
52.0394
39.7109
24.0219
10.9165
10.4666
14.377
16.5425
15.8206
11.8607
5.0578
1.95255
3.5525
4.50241
3.5982
2.28914
0.732548
-2.1183
-5.08666
-8.41444
-13.2995
-17.5982
-19.7248
-19.9283
-18.9779
-18.1967
-17.7111
-17.5235
-17.0973
-16.7991
-16.9306
-17.7243
-18.352
-18.0326
-17.8293
-19.2998
-22.1286
-23.6529
-22.1359
-19.8606
-16.9564
-13.7977
-12.1852
-12.9426
-15.6677
-19.405
-22.107
-20.9312
-17.9217
-16.984
-18.5917
-20.6684
-20.6565
-19.6304
-19.5787
-20.5697
-21.6386
-20.8104
-18.9982
-17.1157
-15.679
-13.71
-12.6571
-13.8159
-16.8695
-16.8842
-11.703
-7.73749
-6.62357
-8.17813
-11.3747
-15.0186
-17.1588
-17.0163
-18.3474
-19.6718
-17.3576
-17.5424
20.6858
41.525
56.5552
65.7515
69.8374
70.2387
68.6952
67.0867
65.248
62.1206
58.2291
53.8396
47.7825
39.7062
31.8584
22.1306
14.8804
18.6988
25.3356
24.9114
26.2857
24.8624
25.3549
18.1067
16.4899
20.4443
27.0672
29.4263
31.56
31.4641
30.0174
27.7978
25.2077
26.9135
24.3948
30.3892
41.9017
50.4788
55.1436
56.6856
55.2616
50.9607
43.1024
31.6085
20.5967
17.8738
19.2851
19.4286
16.4689
11.3153
7.69887
7.83437
6.64057
3.61214
0.313767
-2.82257
-6.59188
-9.0378
-11.3794
-12.9897
-14.4651
-16.3369
-17.9141
-19.3494
-20.8439
-20.8723
-18.8708
-18.1697
-20.6039
-25.451
-28.2005
-26.0495
-23.7844
-24.119
-26.2109
-27.2877
-26.4635
-25.5193
-25.6127
-26.5209
-25.8919
-23.1602
-21.3571
-21.6741
-22.5398
-21.638
-20.7226
-20.4219
-19.378
-18.0681
-18.8558
-21.673
-23.8832
-23.0506
-20.6404
-19.3433
-19.842
-21.8619
-23.3402
-22.1225
-19.7676
-17.9944
-16.4488
-14.4047
-12.9391
-13.4305
-15.7383
-17.3525
-15.3061
-12.9792
-13.2429
-16.1492
-30.3316
-30.7166
-27.3349
-23.8561
-19.437
-15.6435
18.0908
41.525
57.3733
66.7648
71.3436
72.3182
70.7652
67.9208
64.2963
59.6418
54.639
51.1321
48.7529
45.4958
41.5293
37.2669
33.0747
28.8746
24.8756
21.0275
22.79
23.3139
25.332
20.6008
16.3597
13.068
15.7056
10.7872
15.2675
13.349
17.3495
19.0269
21.0499
25.1943
24.855
27.4588
32.2005
37.1221
40.1171
41.1043
39.3277
35.0026
27.2377
18.3077
14.9202
14.3056
15.9838
17.5477
17.2688
17.1332
18.4201
18.8913
15.9592
9.91091
3.04221
-2.03504
-6.42871
-6.20239
-6.35286
-8.23538
-9.90345
-10.3374
-12.1854
-16.5285
-20.9872
-22.3627
-22.5846
-23.5988
-24.9696
-25.3664
-25.1705
-24.0089
-23.0416
-23.9635
-26.7315
-29.6366
-30.2607
-30.0196
-30.2609
-31.2196
-30.3813
-24.2607
-17.6243
-14.4126
-14.7261
-17.3896
-20.462
-23.4646
-27.2222
-28.4848
-27.3844
-28.3434
-30.9774
-30.1695
-26.1854
-23.2003
-22.447
-23.3386
-24.3835
-24.5147
-23.8942
-22.8625
-20.4143
-17.7075
-16.9037
-18.4427
-20.5979
-19.8322
-14.7908
-11.0273
-10.3891
-12.731
-23.4389
-25.0686
-25.6875
-25.8777
-21.2425
-13.395
4.39459
15.8924
24.1553
29.8127
35.3937
40.7685
44.281
46.1925
45.7418
43.8591
40.8104
36.5371
31.3758
26.3829
23.3965
22.9528
21.4863
21.9219
24.3545
21.4507
23.9976
25.204
27.7995
26.3723
26.1517
26.6503
28.084
25.4354
23.9741
20.0278
22.6436
25.2482
26.2701
25.7681
21.8083
23.7532
34.0829
43.6477
49.7758
52.0705
50.5636
45.1965
36.1453
27.8372
25.4614
27.487
34.4748
40.9771
44.4316
45.4594
45.5659
45.0577
43.024
38.5817
33.1923
28.5956
23.8517
18.8202
14.3292
12.2698
11.5099
9.27328
4.16445
-3.71247
-11.8973
-18.3989
-20.459
-19.8107
-19.69
-20.2717
-21.876
-24.4591
-25.8314
-25.6121
-25.867
-27.4297
-30.0487
-31.8702
-30.3521
-27.6521
-24.8754
-21.914
-18.9592
-16.6219
-15.9483
-17.6762
-21.835
-25.5784
-26.3527
-26.7738
-27.5697
-25.6286
-22.9049
-22.6141
-24.7451
-27.1723
-27.9629
-28.3935
-28.3132
-26.1155
-21.9443
-19.0459
-19.0552
-22.1428
-26.9011
-29.3826
-27.1228
-22.6013
-18.2456
-16.2326
-17.3068
-21.2284
-25.2639
-26.2708
-25.9767
-25.4548
-22.8917
-13.8332
4.1619
18.9753
29.1281
36.1041
41.182
44.8581
47.836
49.4747
48.898
45.8052
41.0865
38.0228
37.6646
35.096
30.4608
24.0296
19.1183
18.5759
21.9901
19.2923
19.979
17.4661
20.1176
11.8673
6.28089
1.9176
12.9896
10.1558
14.5556
17.0714
23.9288
29.4917
32.705
33.7621
32.247
29.8171
28.1657
28.3632
29.2378
29.1289
26.5546
24.2283
23.4372
26.8761
35.5459
44.1018
50.5005
54.7637
56.2482
54.9989
52.7005
51.7488
50.7604
47.1027
39.9666
30.226
20.9386
19.5305
19.9032
17.6116
12.5825
6.27248
-0.474025
-8.72422
-17.7736
-22.1446
-21.7804
-22.1127
-23.8592
-24.8807
-24.6086
-24.3339
-23.6041
-23.315
-25.5611
-30.1513
-34.2944
-35.4087
-35.4737
-34.1807
-31.2563
-29.4692
-30.286
-33.0957
-33.9461
-31.1641
-27.3419
-23.356
-20.9426
-21.671
-25.711
-29.5965
-28.0221
-25.8116
-25.7693
-27.258
-28.9906
-29.9862
-30.9256
-31.6754
-31.2536
-30.1084
-30.1243
-31.0478
-31.2911
-29.8214
-29.0965
-29.9414
-31.6049
-33.9379
-35.1539
-35.2125
-27.5273
-24.7554
-20.2621
-18.8434
-18.7349
-10.3227
8.37472
18.7757
25.4984
28.5242
30.7021
32.2071
32.1517
30.3377
26.9048
25.9009
25.1463
24.0961
22.2523
18.5908
15.919
15.6557
11.9895
13.035
19.938
19.2236
23.4816
24.3744
27.4235
25.1416
24.2432
23.3613
23.408
20.7843
20.3412
18.1758
17.415
14.0747
9.83309
11.8151
14.0194
20.984
28.3281
33.5862
35.8089
35.1829
31.2291
24.7805
16.1394
21.0829
32.4606
41.3496
47.2962
50.2915
50.8883
49.8254
48.1062
46.0948
43.2465
38.674
32.4222
25.7971
19.0046
17.0848
18.1591
18.3407
16.6771
13.3677
8.46076
2.43012
-3.68162
-11.1405
-19.4974
-26.0331
-31.8388
-34.3307
-34.3321
-33.728
-32.7294
-31.1201
-29.8837
-30.0609
-32.3975
-35.9908
-37.1617
-36.1007
-36.2346
-37.9256
-39.9579
-41.9226
-43.1336
-41.5047
-38.127
-34.5937
-31.9888
-30.9395
-31.426
-32.5571
-33.3423
-33.2619
-31.6569
-30.3831
-31.6026
-35.4863
-39.9237
-42.002
-44.4297
-42.913
-38.4832
-33.2438
-29.5135
-27.5839
-27.1997
-28.1077
-27.0287
-24.4711
-23.4969
-24.7089
-30.7115
-29.7999
-27.6522
-25.4832
-19.9132
-6.01061
8.65768
20.3464
28.3263
33.1206
36.0299
36.6678
35.1602
32.0211
27.8546
25.8576
25.7411
26.2618
26.0338
23.3594
19.5714
18.9183
13.9479
7.80795
12.4682
5.98028
8.61058
0.430399
12.2386
-2.76677
1.20833
6.78068
15.4848
12.7175
16.4558
14.9265
15.4291
12.6925
8.98296
11.7518
10.6499
11.3705
11.6966
13.4153
19.3105
22.3824
20.1567
14.2979
5.52367
16.8344
28.4921
34.3401
35.774
34.2104
32.3196
33.8765
37.913
40.4971
40.1451
37.137
32.5647
27.5114
22.1525
20.1851
20.8078
19.4935
15.5359
9.84515
2.7762
-6.83761
-16.3638
-23.0252
-24.9262
-23.7585
-23.5062
-25.8492
-29.6075
-30.2225
-28.7674
-28.522
-29.359
-31.1164
-34.1143
-37.8546
-39.572
-37.4623
-35.247
-35.1285
-35.8808
-35.1925
-34.0811
-34.7253
-37.2278
-39.3943
-36.7598
-32.8265
-31.269
-32.2919
-33.7095
-33.3854
-32.9916
-34.2001
-36.7128
-39.4672
-40.1673
-38.0865
-35.7436
-35.451
-36.7698
-38.8413
-38.3237
-35.3846
-31.2977
-24.7072
-15.9472
-10.1324
-8.26446
-10.0656
-29.603
-28.7591
-28.7261
-30.0514
-23.5196
-7.91947
10.2178
20.9242
25.3583
26.3338
26.5262
28.41
30.5689
31.1583
28.5315
25.2202
19.0114
14.1574
14.3287
11.0015
10.7379
11.6674
8.74572
6.13322
12.3754
9.07503
13.6658
12.4301
17.7746
11.1984
7.59518
4.15186
11.5005
2.59577
7.391
-1.32864
6.14108
4.72235
4.36928
6.98968
1.94298
1.92302
6.17914
7.88027
9.66164
10.8468
5.66717
1.87773
-4.5599
10.6961
23.7281
31.6069
35.3622
35.501
32.2534
27.3943
26.2188
27.1689
25.2274
20.4311
17.174
16.8833
14.1529
9.00681
4.55539
1.9512
-1.70324
-6.42854
-11.2978
-17.9184
-24.8634
-27.395
-24.8643
-22.9828
-23.9942
-27.8312
-32.1766
-32.3217
-31.3071
-32.4462
-34.8705
-36.9119
-37.1221
-34.0849
-30.9616
-29.9006
-29.5901
-28.4338
-27.3824
-27.4003
-27.8652
-28.6763
-30.3691
-30.8438
-27.9917
-25.6708
-25.9219
-28.2462
-29.9187
-28.241
-26.0013
-25.231
-26.3251
-27.903
-29.0215
-29.7207
-28.9531
-27.1424
-26.185
-26.2334
-26.8187
-27.8875
-29.0022
-28.372
-25.589
-22.8647
-22.6842
-26.0572
-27.7212
-26.333
-26.5563
-27.4945
-22.9134
-10.1573
6.17046
16.8725
23.0923
26.4827
30.3407
33.9955
35.4767
34.5412
30.2597
24.8485
17.2575
14.1244
19.0042
20.9228
21.0991
21.1815
18.1312
16.1733
18.9504
16.7468
15.8525
9.58294
14.9591
5.01855
2.32006
-1.3485
8.76003
-0.764983
6.60666
4.48324
12.2843
16.5562
19.0121
20.1841
16.92
12.5316
9.92066
12.7242
17.1116
18.372
14.4583
8.20443
1.75724
14.2089
25.1702
30.8699
32.0783
29.9386
26.4428
24.0766
22.6889
21.5613
19.4712
15.3845
10.5838
7.50616
5.16272
2.18632
-2.49079
-7.50269
-9.93918
-10.7953
-13.6132
-20.75
-28.7178
-31.8384
-30.7204
-29.3088
-29.137
-29.5934
-30.1238
-30.0616
-29.3744
-28.7795
-29.278
-31.004
-33.6938
-35.1075
-32.2599
-27.9817
-25.6404
-25.6802
-27.5077
-29.2554
-30.0777
-31.1587
-33.2045
-33.9964
-31.1951
-28.2795
-27.6009
-28.9366
-29.1076
-25.8221
-23.5325
-23.614
-23.939
-23.0383
-23.3339
-26.6577
-31.7164
-32.8984
-30.2346
-27.364
-25.9755
-26.5738
-27.3641
-21.7904
-12.8227
-6.87105
-5.03009
-7.20221
-23.5049
-21.8673
-20.4358
-21.0652
-19.9466
-16.5994
-0.898899
9.72745
15.8019
18.9495
20.8697
21.3806
20.6383
19.9639
14.35
12.5312
9.80633
8.99852
10.7704
8.55894
6.58214
10.0128
9.3632
11.2089
16.8613
15.5696
15.2417
13.0021
17.1572
14.4208
13.2242
9.68006
11.4999
0.744786
5.52128
-1.34803
4.58332
0.574826
-1.00496
3.73096
1.31024
4.86778
9.33411
14.7409
18.6215
19.4733
15.7646
9.9051
4.61517
16.7134
27.8278
33.621
35.0318
33.2642
29.7179
25.882
22.3232
20.1458
17.7629
11.9682
2.22789
-3.8984
0.26217
3.7169
3.68086
0.113431
-5.89703
-11.3671
-15.4759
-21.6288
-28.008
-28.6317
-25.8226
-23.3437
-23.2085
-25.9978
-31.8267
-35.8743
-33.9227
-31.4885
-30.8623
-31.7746
-34.3593
-38.3429
-41.2555
-41.0638
-39.0429
-36.899
-36.1728
-36.6415
-37.5944
-38.1367
-37.5384
-36.9659
-37.5623
-36.9807
-34.5431
-32.9958
-31.7152
-29.2601
-27.6464
-28.0403
-28.8726
-28.3789
-27.2829
-26.5247
-26.6555
-27.8819
-28.9457
-29.3134
-29.0301
-29.1699
-28.7262
-25.0222
-18.2955
-13.332
-11.9202
-14.0467
-19.4778
-21.9913
-24.4347
-26.2081
-23.1636
-19.3317
-1.72236
8.69385
16.2604
22.4024
27.1423
29.0896
27.8305
23.8122
16.127
11.2622
7.9542
8.64819
13.6168
15.0322
15.3157
15.3174
10.2297
3.93043
9.88979
5.06869
8.20994
5.80958
13.9563
7.39012
5.12307
0.969611
6.90448
-5.63273
4.36637
0.563185
7.0986
6.24841
4.5146
5.09213
-4.28757
-4.53932
0.612794
3.30063
7.28486
9.33836
4.7715
0.576646
0.483311
16.4677
28.7447
34.5064
35.1512
31.0169
22.0051
11.5754
5.34272
2.06182
-3.85297
-7.61029
-9.39549
-9.96073
-11.6119
-12.0342
-11.4974
-12.5519
-15.8657
-20.2549
-23.7752
-25.3798
-25.6144
-26.5624
-27.7952
-27.1682
-25.9198
-25.9703
-27.0884
-28.3879
-29.8658
-31.3957
-30.5063
-27.9457
-26.9551
-28.4336
-31.753
-35.1832
-36.1576
-34.9073
-34.3491
-35.2025
-35.5111
-34.0009
-33.1591
-33.0863
-33.2814
-33.0553
-31.4858
-29.3495
-28.6241
-30.1015
-32.8526
-34.9835
-35.4656
-33.1488
-30.0269
-28.6721
-29.4386
-30.6467
-30.085
-29.2149
-29.9405
-30.3667
-28.6906
-24.7518
-18.9671
-14.3787
-13.2401
-16.174
-24.7194
-27.1557
-27.6425
-24.9944
-19.474
-19.2991
-5.22226
2.89203
13.4833
22.6567
30.6501
35.949
38.5373
38.7927
36.8612
33.9609
30.3829
28.6013
29.996
30.0472
27.8039
23.6695
16.2769
9.59226
12.7049
8.78588
11.3214
9.85194
16.9058
13.9811
13.1622
10.8436
13.3948
9.59223
12.9001
9.79834
9.98259
6.89024
2.88155
3.36653
-3.8069
-1.97985
6.79792
13.4652
17.6424
18.3736
14.4525
8.26421
1.96033
16.854
29.1989
35.4236
36.6382
33.2578
25.1552
13.8963
4.83558
1.13649
-0.795463
-0.316876
-1.03313
-2.98331
-6.7397
-10.3049
-12.8441
-13.7877
-13.1973
-12.9238
-14.591
-16.785
-18.1115
-20.0386
-23.3691
-25.8489
-25.1971
-22.331
-20.0276
-19.8575
-22.0218
-24.8366
-23.946
-21.5163
-20.7354
-22.0617
-24.0509
-25.8366
-28.5531
-32.6714
-36.1035
-35.4003
-32.4438
-30.3467
-30.0557
-29.5683
-27.7061
-25.7824
-24.7036
-24.4954
-25.5427
-27.3325
-27.2233
-25.4289
-25.0516
-25.4881
-25.6298
-26.4026
-27.8271
-27.2814
-24.9672
-23.6382
-24.1383
-26.2016
-27.8458
-28.3447
-26.0588
-23.2545
-21.9166
-22.8448
-20.9157
-23.418
-25.436
-24.7135
-19.827
-18.1893
-6.2137
2.99537
15.6243
26.9784
35.5487
40.6928
42.1848
40.3748
35.402
29.0796
22.4888
22.2321
25.3191
27.25
26.2291
22.7547
18.6737
19.607
24.7874
26.4017
27.5062
26.4063
25.0672
19.4465
12.6688
4.87617
9.64484
2.88006
8.54284
4.25674
6.36535
3.0034
2.20254
5.32386
1.69024
1.75951
5.25714
8.43454
11.1303
11.7979
7.26127
2.03986
-6.29791
-3.52182
5.9274
11.9432
13.2426
10.1716
2.94467
-5.62872
-10.3532
-9.77091
-11.5969
-11.5735
-14.2848
-15.0028
-13.9539
-13.6527
-15.8225
-18.807
-17.7225
-14.3174
-12.7931
-13.8002
-15.9983
-16.6617
-15.1418
-13.217
-12.1338
-12.5507
-15.0593
-18.7287
-19.6006
-16.9407
-14.8239
-15.4091
-18.6453
-21.0248
-19.025
-16.1057
-14.5611
-15.0463
-17.3937
-19.8379
-20.4948
-21.1049
-22.2406
-19.8607
-14.8863
-10.8924
-9.10717
-9.72948
-12.3661
-14.546
-11.6807
-7.27427
-5.25936
-6.26045
-9.82713
-14.046
-15.1885
-13.2873
-11.8608
-12.1566
-13.9791
-16.5699
-18.3737
-18.6815
-19.5378
-21.4492
-21.2599
-18.2614
-20.1287
-20.7697
-20.6918
-17.7023
-13.1442
-11.0754
-1.17688
6.5899
18.088
25.1533
28.3647
29.4874
30.7822
31.9302
29.8993
24.8888
15.0619
5.04708
7.79668
9.63986
10.1508
12.6153
11.1165
10.3428
15.3292
16.6048
18.838
17.577
17.8126
9.63838
2.61492
-4.12335
6.12286
-4.50948
4.34318
2.5264
8.3142
7.18803
4.89282
5.31654
-0.777392
-0.274475
4.0481
6.06002
5.83681
4.03125
-4.63095
-3.44406
-6.51035
-0.656997
5.0052
9.11384
9.99202
7.72452
2.68688
-2.79522
-6.16893
-5.84977
-5.51043
-1.44441
1.37328
2.1892
0.682626
-1.66401
-3.81265
-6.89281
-11.0752
-13.4249
-13.5939
-14.5965
-16.835
-18.0376
-17.1547
-17.1017
-19.4095
-21.796
-20.0842
-17.0535
-14.9864
-13.234
-11.9268
-11.8735
-13.1067
-12.7137
-10.4983
-9.40616
-10.4891
-13.2517
-16.1179
-18.0247
-18.7935
-19.1118
-17.1206
-11.4755
-6.52421
-3.41401
-1.84347
-2.07671
-4.49341
-7.59736
-7.17261
-5.38046
-5.4485
-7.13812
-8.59236
-8.9642
-9.49895
-11.1293
-13.2167
-13.7934
-13.0819
-12.0372
-10.5605
-9.44052
-10.309
-14.018
-18.8346
-20.3766
-28.2098
-28.9969
-26.455
-22.2467
-17.7045
-16.0061
-5.0295
-3.03272
-2.57862
-1.28432
2.91499
3.58427
-2.67266
1.13208
-5.27181
4.91266
-5.99509
-6.73
4.25345
4.91947
4.08158
6.64239
2.18354
-2.43121
7.24536
1.45281
3.70715
-2.73075
9.4086
-3.92368
-4.11823
-3.61833
6.45918
-3.12911
1.81115
-5.87565
2.86919
2.15744
1.25869
7.74978
14.1531
20.0681
22.815
21.9571
18.0519
12.2861
3.85673
-0.200565
-5.92908
-1.34543
4.61643
9.7063
12.1067
13.0428
13.2199
12.4843
9.94634
7.31113
8.37464
12.5745
15.1067
15.4021
14.3214
13.1226
11.4334
7.84887
1.58617
-5.55456
-10.2808
-14.2274
-18.3289
-23.0149
-27.3874
-29.3262
-29.0971
-28.3622
-26.9064
-24.0774
-20.5621
-17.5464
-16.2021
-17.1861
-20.387
-23.6543
-23.7769
-22.6472
-23.5225
-26.7095
-29.5004
-28.3433
-25.8763
-23.8455
-21.2883
-16.7973
-12.3939
-9.43224
-7.92864
-8.05674
-10.4471
-15.6615
-22.8417
-26.5094
-24.0962
-19.125
-14.8956
-12.7361
-13.0164
-15.545
-19.2058
-21.4056
-21.0281
-18.8457
-16.1983
-14.8826
-16.0746
-20.1271
-25.5989
-29.3566
-22.883
-22.8569
-20.0611
-15.6856
-11.931
-12.0449
-5.71013
-4.29631
-7.53738
-13.1178
-5.05198
-3.24369
-16.4657
-1.14106
-10.0269
3.33809
-7.22676
-9.11359
3.61164
5.79147
4.57701
7.44412
4.09928
0.0531922
6.50514
-1.42421
0.121588
-15.8593
7.57849
-15.4811
-12.307
-6.69549
6.4531
-4.37771
1.89791
-8.83685
-0.431011
-5.36033
-8.90856
-1.00169
1.56228
9.13016
14.2667
15.4467
13.3257
8.31893
0.341385
-1.17678
-7.98424
-8.04514
-0.395283
8.60343
14.1386
17.1334
18.5281
18.8138
18.1008
17.2825
18.032
19.3273
18.9181
16.0561
11.3891
7.38426
4.71106
1.40555
-3.93778
-10.3895
-15.9379
-20.2768
-22.3893
-23.3936
-24.2563
-24.3247
-24.2364
-23.7911
-23.2041
-23.5012
-25.0944
-26.6945
-26.4777
-25.6968
-25.6369
-27.0974
-29.5803
-30.7286
-29.904
-30.0278
-31.6647
-32.1291
-30.1522
-28.5159
-27.4017
-23.6013
-19.305
-17.497
-18.4487
-21.4594
-25.2357
-26.2015
-22.245
-19.1143
-19.5355
-23.3249
-28.6139
-30.2566
-28.3611
-26.7036
-26.0785
-26.0241
-26.8053
-27.9223
-27.9507
-26.3317
-24.0314
-22.7241
-23.4504
-25.3341
-33.33
-32.8274
-29.1985
-25.5088
-20.8234
-20.802
-8.07658
-6.47463
-9.13649
-17.0957
-6.79181
-5.4824
-25.7382
-1.66527
-11.5429
3.10278
-7.38048
-12.9428
0.848152
0.908784
-3.19007
1.31524
-7.54516
-24.2114
3.25051
-5.80177
-1.06749
-17.5315
6.87485
-16.0413
-19.8543
-23.404
2.94565
-22.5128
-1.70508
-20.5917
-3.01635
-9.28519
-15.0106
-4.67488
-21.0754
-22.2208
-13.1556
-17.9818
-18.7735
-9.79567
-24.866
-11.891
-29.754
-29.7384
-25.09
-20.8053
-24.1293
-20.4776
-17.0451
-15.408
-15.7249
-13.8711
-14.3013
-15.3094
-18.8536
-21.9363
-23.0461
-21.9193
-20.6065
-19.7396
-19.9763
-22.6172
-27.4898
-31.688
-31.5797
-31.0554
-31.1954
-31.6092
-32.5108
-32.1678
-31.3568
-30.746
-30.3303
-30.5173
-31.7922
-33.2876
-34.1518
-33.9625
-32.2822
-27.4121
-22.5731
-20.7414
-22.4572
-26.5929
-29.3286
-29.8547
-31.6803
-34.2243
-33.6216
-29.8123
-26.3171
-25.1397
-26.0854
-27.6749
-27.5743
-26.7425
-26.9707
-28.5296
-30.6815
-32.0898
-32.7944
-34.1912
-33.6749
-31.3316
-30.3713
-31.3101
-30.272
-25.2811
-20.1881
-17.2343
-17.081
-19.4216
-31.6334
-30.0629
-26.1152
-24.0133
-22.4989
-24.1704
-8.7304
-5.70052
-8.15394
-16.3576
-7.40265
-5.76154
-23.0739
-2.15042
-12.5165
2.67036
-8.26941
-13.5421
0.578205
0.334355
-3.84745
1.06163
-7.71399
-20.9007
2.93798
-6.12215
-2.1413
-18.8914
6.1722
-16.7232
-20.4331
-21.1127
2.72179
-18.0022
-1.70872
-20.706
-3.37027
-10.2802
-14.2891
-4.6344
-19.252
-20.8961
-11.7527
-14.2825
-12.0207
-7.1687
-17.9491
-11.6972
-23.8568
-24.9048
-20.8091
-16.6136
-15.0375
-12.9779
-13.908
-17.9613
-23.2487
-18.8097
-20.3283
-18.233
-20.4417
-19.4737
-16.196
-11.3299
-7.65976
-5.73345
-5.51357
-7.08238
-10.2148
-13.8935
-17.72
-22.8903
-28.818
-32.7872
-35.0126
-36.0334
-35.4844
-33.9197
-32.3593
-32.1821
-34.2146
-36.3245
-35.7349
-33.832
-31.6531
-28.9376
-27.2007
-27.7755
-30.7186
-34.8634
-37.7114
-38.2813
-37.6141
-35.7933
-33.4806
-30.8199
-28.4162
-27.7133
-29.3273
-32.2767
-33.964
-33.6701
-32.1924
-30.4259
-30.2154
-31.9485
-34.8243
-35.8884
-35.8021
-35.2113
-34.9397
-35.258
-34.0766
-30.1885
-25.9963
-23.4596
-22.9954
-24.3034
-30.8676
-31.8038
-30.3227
-29.0865
-26.6047
-24.9783
-6.80586
-1.45515
-1.10887
-4.77755
-3.66977
-4.61605
-19.8064
-2.26863
-11.9692
3.02739
-7.10457
-12.11
0.925266
0.772038
-3.1508
1.27845
-6.86561
-18.9731
3.07859
-5.34622
-1.53683
-19.5862
6.11872
-17.4488
-21.496
-22.2839
2.57286
-22.3935
-2.25267
-21.6697
-3.22793
-8.61745
-12.546
-4.72768
-15.8073
-13.273
-7.35267
-8.58611
-10.7229
-8.74048
-24.6886
-11.7535
-27.9497
-8.72925
5.4553
12.9642
15.252
13.3348
8.41927
3.49633
-0.981605
-6.43206
-12.3061
-12.8143
-15.9473
-16.9805
-14.6554
-11.3803
-10.5165
-12.956
-18.2663
-24.0393
-26.3209
-25.915
-26.397
-28.9638
-32.5071
-34.1652
-33.4099
-32.3927
-32.9841
-34.8088
-36.3507
-37.3466
-38.8393
-39.774
-38.0463
-33.9789
-30.8248
-29.3414
-29.9282
-32.3011
-34.5508
-33.7521
-31.8758
-30.7316
-30.117
-29.5906
-30.0062
-32.1957
-35.422
-36.1763
-32.971
-29.933
-28.9655
-29.7378
-30.3487
-29.8894
-30.4054
-32.5366
-34.7267
-34.9982
-31.8208
-27.8095
-25.6746
-26.5668
-30.4014
-33.645
-32.4746
-31.5137
-32.3527
-32.1409
-35.5757
-35.403
-31.2024
-28.1229
-24.0191
-20.1596
-2.08444
4.99663
7.74023
5.84599
3.34866
0.872069
-6.44305
1.03187
-5.55289
4.28576
-5.15511
-10.1219
1.66284
1.69943
-0.768788
3.38615
-1.53815
-5.00196
5.92869
2.40117
3.93198
-4.05632
7.03568
-10.2424
-10.0638
-6.45646
5.30828
-5.59268
0.231221
-11.9736
-1.9099
-5.77022
-7.34426
-1.84519
-7.6754
-7.36083
-4.82415
-6.8115
-8.45053
-7.13385
-20.2631
-11.3389
-25.2566
-4.98994
10.9417
20.3669
24.1939
23.4394
18.5006
10.6538
3.55399
-2.90149
-7.77582
-8.12995
-9.37695
-10.1772
-8.42565
-5.36965
-4.72681
-7.33752
-12.2488
-16.8562
-21.4945
-27.9269
-32.8611
-33.7414
-32.2644
-30.4505
-29.3047
-29.8244
-31.6076
-33.1923
-33.3319
-32.9536
-33.2137
-33.8641
-33.3617
-31.2456
-28.4986
-26.3196
-26.2634
-29.0418
-32.7526
-31.9274
-28.1057
-25.6424
-25.6047
-27.9211
-31.9064
-35.8327
-37.7165
-37.6787
-36.4881
-34.9032
-33.2439
-32.182
-31.6509
-31.8768
-33.35
-36.0577
-39.0053
-39.2942
-33.9924
-28.8848
-26.5356
-26.9902
-29.5789
-32.165
-32.565
-31.3429
-30.7742
-32.1596
-28.4012
-30.9525
-33.7866
-33.9777
-26.8993
-20.0994
-3.2857
4.67863
7.84872
7.83819
8.47758
9.68281
10.4145
12.3397
9.14513
8.78269
0.782837
-3.56768
2.84382
2.40686
-1.31787
1.98658
-3.69616
-5.66579
6.76025
4.50787
8.60845
7.84251
12.2598
6.75101
7.35281
8.10562
11.1657
5.74879
7.89147
4.13543
7.13306
6.29151
7.58036
9.88078
9.08802
9.23458
8.69869
5.27394
-0.0286579
-2.31758
-11.1397
-9.23141
-21.8331
-11.7936
1.90532
11.2181
15.4202
15.6523
13.3645
11.3504
10.1568
7.59352
4.50585
3.31294
1.93342
-0.0141466
0.578462
2.46992
2.08489
-1.78496
-9.04016
-17.0527
-22.8057
-28.5556
-32.8275
-31.9557
-30.0842
-30.6769
-33.8516
-35.7071
-34.5485
-33.5257
-33.4643
-33.794
-34.7915
-36.5339
-36.6681
-33.0232
-29.1108
-27.6204
-28.7482
-30.8617
-30.6337
-28.0359
-26.1216
-25.7902
-27.0917
-29.9544
-33.8547
-37.1551
-38.2019
-38.3282
-37.6224
-34.5099
-30.4901
-28.218
-28.5189
-29.7615
-28.8101
-26.9663
-27.1737
-29.5981
-31.0173
-28.9287
-27.0011
-27.0052
-28.9185
-31.3514
-31.2788
-28.7504
-27.2274
-28.8238
-27.9204
-28.9399
-30.0932
-30.5428
-26.6612
-25.7619
-7.59816
-1.75991
1.49764
2.05198
4.4069
5.60029
4.504
6.73032
1.71193
4.97713
-3.47596
-7.43294
1.13923
0.0655325
-4.16366
-0.318836
-7.54411
-17.2092
2.70931
-2.2339
0.359699
-2.7251
9.35167
3.12233
3.65748
3.3083
7.68678
1.35068
5.43903
1.24368
5.08485
3.28512
1.75379
4.87225
6.71637
10.4061
11.3558
8.63866
3.52408
-1.25836
-10.7724
-10.1744
-20.1367
-19.492
-13.7858
-6.3611
0.855629
8.09152
15.978
22.9114
27.2241
28.4721
26.896
23.4934
19.6712
16.0144
12.7866
11.1821
9.69299
6.05321
-0.600792
-9.25745
-16.5726
-21.3571
-25.5984
-27.7371
-28.3998
-28.6451
-28.1556
-27.3819
-27.5852
-28.7538
-29.6178
-29.8647
-30.7211
-32.606
-33.5835
-32.4398
-31.3972
-31.6859
-33.0386
-33.9108
-32.6541
-29.9399
-27.4724
-26.1945
-26.5302
-28.5623
-32.0543
-36.1235
-38.0653
-37.2749
-34.5485
-30.5081
-26.8742
-24.8576
-24.1318
-24.1529
-25.242
-27.4784
-29.9451
-30.0587
-28.1051
-26.203
-25.415
-25.8064
-27.5083
-29.713
-30.0422
-28.6923
-28.5519
-30.3363
-27.4406
-26.5296
-25.1322
-23.9593
-22.512
-20.7043
-5.73306
-0.602717
0.13915
-3.45983
-3.47655
-4.56695
-14.8116
-1.50541
-9.06534
3.02091
-5.70428
-10.1209
0.24682
0.438237
-4.46
-0.240914
-9.69589
-26.2999
2.07708
-5.44538
-1.38433
-8.0363
6.97464
-0.286396
3.3356
5.313
9.09492
1.71007
3.18283
-2.52007
3.22003
1.45592
0.752088
1.68521
-2.94593
-4.87177
-5.51648
-11.5208
-15.7519
-12.5733
-24.886
-12.5406
-26.7889
-24.981
-17.8333
-13.6451
-12.5482
-9.75011
-5.67159
0.530059
7.38018
12.2947
15.3557
16.774
16.0609
13.0684
9.79839
9.80726
9.81694
6.62025
-0.886936
-11.3052
-17.167
-19.6152
-22.949
-24.7196
-24.582
-24.5956
-26.0199
-28.4059
-30.0185
-28.4998
-25.9636
-25.6903
-28.5952
-33.4009
-35.0492
-33.4316
-32.4829
-33.0715
-35.1434
-37.0995
-35.8583
-32.2331
-29.485
-28.3032
-27.8872
-28.0488
-29.3244
-31.6711
-33.158
-32.8427
-32.4729
-32.5265
-32.2533
-31.2266
-29.5613
-28.5262
-29.4038
-31.9786
-33.9641
-32.5089
-29.6161
-27.0808
-25.3402
-24.1351
-23.6003
-24.3619
-25.7509
-25.8535
-25.4091
-26.6959
-27.1674
-25.6734
-26.6696
-28.7041
-25.6526
-22.9367
-5.62529
1.49325
4.60904
3.53772
2.05874
-1.65962
-17.8423
-2.20152
-13.6801
2.26277
-6.1326
-9.06063
0.906633
0.986339
-3.27258
0.793225
-7.6506
-19.4785
2.00143
-6.34303
-2.44974
-19.5358
5.20995
-22.1288
-27.6329
-26.6283
1.46812
-21.8471
-2.51305
-19.717
-4.06608
-9.41599
-11.9899
-4.99799
-17.4473
-19.0436
-13.4251
-20.3136
-21.2822
-12.7924
-26.6237
-12.6651
-26.0717
-25.3942
-21.0067
-17.8937
-20.5207
-22.6286
-25.5185
-26.2979
-22.8662
-15.5326
-11.0207
-4.36276
2.53264
8.02929
11.5158
13.477
13.246
9.85599
2.24441
-8.93722
-16.8957
-20.4185
-22.4085
-22.8711
-23.9215
-26.3957
-29.2867
-30.5338
-31.1229
-30.9601
-30.3412
-31.1
-33.6221
-34.7659
-32.775
-31.6232
-33.07
-35.5112
-35.6156
-33.5852
-32.0783
-31.7919
-31.9627
-31.7023
-31.4418
-31.15
-30.7018
-30.7808
-31.0489
-30.0231
-28.7935
-29.1887
-31.2979
-33.3619
-34.3401
-34.3597
-34.3391
-34.2903
-33.8541
-32.6374
-30.4514
-27.9829
-25.8635
-24.1935
-23.7221
-25.2805
-28.3209
-30.3684
-29.8447
-28.6017
-30.8509
-32.4284
-32.8559
-31.2006
-25.3711
-20.1683
-5.02086
2.69667
6.31291
6.15853
4.7189
0.28697
-13.9167
-3.80826
-13.7094
1.87485
-8.16075
-14.2874
-0.594531
-0.609184
-4.91665
-0.738275
-9.65705
-23.5488
1.63342
-6.55904
-2.83689
-21.0592
4.58728
-22.6541
-26.8859
-25.8184
1.19519
-21.7737
-3.27931
-22.1196
-5.00929
-11.631
-15.2606
-6.98935
-24.3649
-24.9051
-14.9336
-23.5779
-22.5679
-13.2133
-26.3098
-13.4597
-24.77
-22.6822
-20.3948
-19.4175
-23.8402
-24.8692
-26.5974
-25.4141
-20.2427
-14.0296
-13.4287
-13.3853
-15.6516
-12.6596
-4.35015
1.87772
3.71249
1.03809
-6.17952
-15.8388
-20.8021
-23.233
-23.607
-23.0978
-24.3424
-27.763
-31.2157
-32.0127
-32.545
-34.2899
-36.1608
-36.1794
-34.8809
-33.3588
-31.3411
-29.0116
-28.2311
-29.7582
-32.8026
-35.1666
-36.1259
-35.6597
-32.9798
-30.3276
-29.8651
-31.8779
-35.5551
-38.7578
-38.5191
-35.2509
-32.7359
-31.8962
-31.6284
-31.4912
-32.5758
-34.4255
-35.3273
-33.8381
-31.1601
-28.3484
-26.7002
-26.9138
-28.9166
-31.2391
-31.0112
-29.0712
-27.4658
-25.765
-24.3102
-24.8197
-29.3804
-29.0996
-28.1957
-27.4608
-24.423
-22.9667
-9.07405
-5.74112
-6.79366
-14.3478
-7.84785
-6.36489
-24.9527
-4.18643
-15.0328
1.59586
-8.04839
-14.1513
-0.980006
-1.25901
-5.89136
-1.34644
-10.6094
-26.6135
1.11943
-7.15757
-3.57213
-21.9792
4.32013
-25.3496
-32.2338
-28.1577
0.614632
-25.4437
-3.92923
-22.54
-5.01224
-11.6114
-14.7567
-6.97503
-23.0845
-23.9332
-15.3823
-22.5935
-23.5104
-13.829
-29.8576
-14.0279
-24.9371
-20.746
-17.7653
-16.2565
-18.1182
-18.794
-20.9556
-24.1752
-26.5953
-19.9743
-22.5358
-21.3535
-25.9425
-22.8564
-17.94
-14.5128
-14.0203
-16.5034
-21.0263
-25.6349
-28.9153
-32.0292
-33.9765
-36.225
-38.1453
-38.1744
-36.5482
-34.2218
-32.8355
-33.0279
-34.9881
-36.6295
-35.025
-32.9716
-32.8881
-34.0758
-35.3585
-35.5669
-34.8923
-34.2726
-33.2916
-31.6241
-30.6613
-31.533
-34.0621
-36.7393
-37.3735
-35.8228
-34.3004
-34.1536
-34.9881
-34.4111
-31.5328
-28.7313
-27.4494
-26.67
-24.9978
-23.5974
-23.9505
-25.7923
-27.4764
-28.3214
-29.1248
-29.1626
-26.9397
-23.1945
-20.4577
-20.0225
-22.0625
-26.1821
-30.934
-32.462
-30.8428
-28.7191
-23.6628
-19.1349
-6.09323
-1.70212
-1.48166
-5.99367
-5.15182
-5.73427
-20.039
-3.70637
-14.8473
1.57754
-7.67938
-12.6553
-0.618813
-0.619479
-5.28514
-0.900449
-10.645
-27.5826
1.13527
-7.00311
-3.28741
-20.815
4.49214
-23.6683
-29.847
-26.5124
0.832895
-24.5319
-3.87321
-22.489
-4.94111
-11.4052
-14.9826
-7.10579
-22.3953
-22.5212
-14.7025
-21.9517
-24.4711
-13.7787
-29.6988
-13.9329
-27.6525
-26.0981
-21.7661
-19.0721
-20.9497
-21.8723
-24.6039
-27.3606
-27.5625
-19.2408
-21.0153
-20.2402
-24.6022
-24.6917
-24.3117
-23.4911
-23.2543
-23.8994
-25.3622
-27.3767
-28.6617
-29.5022
-30.855
-33.6768
-35.9541
-34.9377
-33.3036
-33.1975
-34.6587
-36.2149
-36.9255
-35.8061
-32.3109
-29.3872
-28.9651
-30.5419
-32.057
-32.5745
-33.4398
-35.086
-36.3626
-35.8903
-33.4294
-30.6693
-29.7035
-30.9168
-33.1131
-34.1253
-34.3287
-34.3982
-32.5061
-30.0206
-29.1604
-29.2432
-28.7615
-27.6547
-26.4381
-25.565
-25.7145
-26.7127
-27.7584
-29.0581
-31.0364
-32.0966
-30.0947
-26.1878
-23.2268
-22.6851
-24.6322
-28.5192
-32.1834
-30.117
-25.8447
-23.5917
-21.635
-21.0175
-7.73612
-3.82856
-4.04139
-10.4179
-7.09151
-6.58982
-24.373
-3.72632
-13.88
1.85064
-7.53765
-13.7651
-0.497271
-0.561913
-5.48199
-1.01945
-10.2359
-24.9888
1.04871
-6.38016
-2.82866
-18.084
4.49908
-21.5103
-26.3431
-23.9005
0.862735
-24.0357
-3.76108
-22.5089
-4.79638
-11.4522
-14.3301
-6.86682
-19.8548
-20.1847
-13.8301
-20.9191
-22.9735
-14.0369
-33.5163
-14.9463
-27.5639
-23.5122
-19.5999
-17.4963
-19.7726
-20.8999
-24.4961
-28.9876
-30.2941
-21.0101
-23.4577
-22.0414
-25.7595
-24.1013
-22.0527
-20.8833
-21.508
-23.5961
-26.1526
-28.6603
-30.0572
-30.1841
-30.0991
-30.7989
-30.9345
-28.5484
-26.4922
-26.1565
-26.6488
-27.1882
-29.0616
-33.3311
-36.7414
-35.3648
-32.7541
-31.2694
-30.8529
-31.5956
-33.8976
-37.4085
-40.6064
-40.839
-37.9385
-34.2359
-30.9748
-28.7406
-28.0676
-29.2454
-31.7524
-34.0041
-33.5031
-31.361
-30.343
-30.9712
-32.2102
-32.8091
-32.545
-32.109
-32.5432
-34.3892
-34.775
-31.8431
-29.0996
-28.4258
-29.4567
-27.7724
-20.8432
-15.695
-14.5093
-17.0531
-33.4521
-34.223
-32.7927
-30.4961
-24.6626
-18.8076
-4.69473
1.22794
2.65465
-0.693759
-2.82963
-5.45807
-22.6365
-3.77014
-13.8774
1.56249
-7.8452
-12.6317
-0.858648
-1.13013
-6.13658
-1.53825
-11.3185
-28.0339
0.722976
-6.81307
-3.34257
-19.6365
4.14722
-22.662
-27.8463
-25.9311
0.435057
-25.3187
-4.08642
-21.9285
-5.00755
-12.1631
-16.214
-7.79082
-23.2453
-21.3072
-14.7828
-22.7446
-23.7664
-13.9617
-28.5105
-14.4097
-25.2505
-23.2929
-20.635
-19.6618
-25.4813
-29.7169
-35.0027
-37.7824
-34.2079
-21.343
-23.0311
-21.1894
-23.247
-22.1528
-23.5905
-27.0939
-31.193
-33.4415
-31.8291
-29.7005
-29.1085
-29.6878
-29.8285
-29.4547
-29.3871
-29.6535
-30.7795
-32.1998
-32.8513
-32.2031
-31.7423
-32.374
-33.4329
-33.6186
-32.9208
-32.5715
-32.8025
-33.5504
-34.9848
-37.1476
-38.5648
-36.852
-32.5569
-28.1353
-25.5161
-25.3
-27.2161
-30.1596
-31.7444
-31.4916
-31.5221
-32.7448
-34.0911
-33.5856
-31.8247
-30.4301
-30.4219
-31.8585
-33.9668
-34.2998
-31.2238
-27.5908
-26.1382
-27.7076
-31.8603
-32.8568
-25.3945
-19.637
-18.1697
-20.6778
-31.0607
-30.8568
-30.9422
-31.3355
-26.3221
-10.4029
6.94884
16.0372
19.7909
18.713
13.9617
6.43168
-1.81437
-0.839674
-10.3091
1.17728
-7.60361
-12.7216
-1.06019
-1.0617
-5.57109
-1.20875
-10.1161
-24.59
0.190695
-7.28051
-3.678
-20.1777
3.68781
-24.9678
-33.2231
-27.4656
0.0578796
-23.7847
-4.42423
-24.4732
-5.74122
-12.4033
-15.5748
-7.60342
-24.8606
-26.2831
-15.9934
-23.3251
-22.1931
-13.308
-23.234
-13.4348
-23.1976
-21.9147
-19.3881
-17.6629
-20.572
-21.7118
-23.7216
-25.2782
-24.9193
-18.4294
-19.7399
-20.2677
-25.5841
-26.1241
-26.8396
-26.8192
-26.8459
-28.6024
-32.1073
-33.9197
-31.2501
-28.369
-27.0127
-27.6509
-29.9444
-32.6686
-34.3594
-32.477
-28.035
-25.0796
-25.1655
-27.3544
-28.5203
-27.6923
-28.1644
-30.9335
-34.7104
-36.0089
-34.4155
-33.3384
-34.0731
-35.645
-35.2989
-33.7344
-33.5973
-34.3163
-32.8428
-30.5555
-29.9015
-30.8716
-32.3032
-33.2152
-33.0681
-32.4309
-32.4215
-31.4007
-29.3723
-28.5424
-30.0589
-32.9254
-34.6137
-34.8515
-34.9591
-36.2942
-38.5
-38.9181
-34.2019
-29.9663
-28.7996
-30.8649
-28.7621
-27.9313
-27.2065
-27.2291
-24.2327
-7.83141
9.17835
19.2215
24.2161
25.8071
25.5208
24.2361
22.6209
21.242
17.8338
14.8287
7.73968
4.32399
5.23126
2.74385
-3.26085
-0.474479
-9.19015
-18.2201
1.3172
-5.84178
-3.20417
-17.6019
4.01303
-19.7861
-21.8882
-17.8714
1.1868
-13.2934
-2.5628
-14.8012
-4.28192
-9.64655
-13.956
-7.44958
-24.1868
-23.1203
-15.3289
-21.4344
-22.585
-14.0794
-29.3188
-15.2078
-28.3748
-24.0885
-16.5894
-9.47012
-5.22086
-1.36635
1.18317
3.2894
5.03359
6.03378
4.97113
2.49463
-2.11548
-7.63393
-9.98841
-6.36546
-4.44597
-6.58508
-12.9383
-21.6366
-26.6321
-27.3661
-26.5668
-26.0709
-26.1339
-26.6718
-27.15
-26.53
-25.583
-25.0979
-25.1424
-25.7977
-26.7437
-27.8156
-29.7426
-32.8756
-36.682
-39.5762
-40.2614
-39.672
-39.2577
-38.676
-37.4099
-35.9211
-34.8455
-34.4992
-34.836
-34.8857
-33.5055
-32.2701
-32.785
-34.0846
-32.6345
-29.0191
-26.2533
-24.4472
-23.4818
-23.2594
-23.4173
-23.393
-23.8942
-25.6899
-28.187
-30.3155
-31.9008
-31.5903
-28.7889
-26.8375
-27.2723
-29.7398
-29.0902
-29.7398
-28.3418
-26.7677
-23.6468
-11.5069
7.48425
18.8524
26.2065
30.3467
31.9964
31.6528
30.9732
31.1389
30.7912
30.1639
28.6075
26.5621
23.7358
20.423
16.6748
11.994
4.09008
-3.78402
3.54595
-0.746776
0.71212
-6.11448
6.06449
-2.98508
1.81007
6.12785
10.9571
7.19711
7.48062
3.87939
6.51377
5.81952
3.68814
2.27873
-3.84238
-5.6692
-5.19467
-9.04241
-14.145
-11.7647
-20.6022
-12.6963
-23.2834
-23.3658
-16.5233
-10.2509
-4.96347
1.84339
8.69294
16.091
22.2164
25.1467
24.3243
19.5981
10.9564
0.388808
-5.14031
-3.11813
-2.45851
-5.68152
-12.723
-20.7721
-25.7623
-28.2695
-29.5957
-31.5542
-33.9029
-34.0483
-32.6667
-31.0523
-30.3079
-29.3869
-27.6678
-26.6181
-27.3517
-29.516
-32.4635
-35.2818
-37.5836
-37.8475
-36.7096
-36.3833
-37.8352
-39.9246
-39.8589
-36.1079
-32.1621
-30.4047
-30.6395
-31.8388
-33.3812
-34.9662
-35.5596
-34.6846
-33.2993
-32.7116
-33.5088
-34.5801
-34.0273
-32.1863
-29.6719
-27.0291
-25.0608
-23.7557
-23.3791
-24.305
-26.1634
-26.906
-25.2259
-23.7243
-23.9277
-25.9458
-29.9656
-28.7549
-27.9941
-28.2319
-25.6697
-12.0018
5.63795
15.2688
19.2343
19.673
19.1871
20.3663
21.9543
23.3191
23.6448
24.4289
23.5812
22.6079
21.6777
19.1369
14.1816
9.47485
2.73464
-1.7508
4.47278
-0.875374
-0.947675
-11.9465
5.06051
-7.53037
-2.4403
1.9975
8.70639
5.06707
6.35469
0.243354
1.09
-4.18155
-6.6504
-4.58604
-12.1388
-12.0488
-9.59729
-14.2683
-17.4066
-12.4447
-26.7884
-14.4125
-28.2098
-25.2064
-18.0803
-13.4987
-8.42168
1.2951
9.8572
15.7554
19.3796
20.5847
18.9051
13.8412
5.03382
-4.93679
-6.76507
-3.07021
-2.29948
-5.68117
-13.0343
-21.1237
-24.9513
-26.2118
-27.057
-28.4539
-29.9685
-30.5925
-31.0194
-32.7003
-34.9269
-35.2484
-34.4971
-34.3477
-33.2674
-31.5258
-31.3436
-33.5036
-35.5341
-34.2504
-31.5488
-29.7961
-29.9965
-32.4287
-35.3377
-33.087
-28.123
-25.3326
-25.4764
-27.9745
-31.0106
-32.508
-32.7541
-32.7223
-31.7506
-30.3644
-29.8175
-29.7053
-29.5417
-30.3514
-33.2375
-35.9986
-34.4448
-30.3213
-27.6963
-27.7875
-29.5704
-31.1309
-29.5218
-27.0556
-26.6174
-29.227
-28.4755
-29.2745
-29.4901
-28.4787
-25.473
-22.3729
-6.01027
-0.376878
2.75279
2.73118
3.69044
2.90909
-1.90897
1.17703
-3.07761
4.75697
-1.27649
-4.56098
1.70194
1.08068
-3.84525
-0.984568
-9.41753
-16.5103
0.896124
-5.16282
-3.31365
-18.5255
3.84232
-19.6863
-23.62
-23.1302
0.327322
-22.6963
-4.03088
-19.2168
-4.64866
-11.0595
-15.2267
-8.65106
-27.9011
-24.9718
-16.1216
-23.3113
-24.1011
-14.4771
-32.5223
-15.4715
-30.6892
-28.5619
-25.1108
-25.3611
-27.4282
-18.5374
-9.46568
-2.68573
0.848522
1.2159
-2.80857
-10.3733
-18.966
-16.2383
-7.78326
-2.08613
-0.503279
-3.08383
-9.65104
-17.3083
-20.991
-23.2059
-25.2499
-26.149
-26.0976
-26.5863
-28.8398
-31.7191
-31.5708
-28.9658
-27.8681
-29.6177
-33.7728
-38.1667
-40.4263
-40.7194
-38.9616
-35.6791
-32.6562
-31.1538
-31.4175
-32.0368
-30.5022
-27.487
-25.65
-25.862
-27.973
-30.2819
-30.4191
-29.3609
-29.3714
-30.5005
-29.9366
-27.5713
-25.9629
-25.2529
-25.1983
-26.3134
-29.243
-32.8249
-34.9176
-35.0847
-34.9674
-35.3451
-35.6557
-35.6781
-35.6172
-34.4854
-33.3161
-33.7371
-28.1966
-29.43
-30.0262
-30.6854
-29.2633
-30.5675
-10.2533
-7.54905
-8.75893
-18.1039
-8.48679
-6.1491
-18.6998
-3.81483
-9.83135
2.5066
-4.43325
-9.97145
-0.604212
-0.753728
-5.32013
-2.06491
-10.5164
-21.6987
0.202245
-6.9024
-3.95226
-19.2763
3.80244
-21.7244
-26.2516
-23.5785
0.316599
-19.3481
-4.08183
-19.8901
-5.48587
-12.5295
-15.9191
-8.4399
-22.2837
-20.6489
-14.5481
-20.8265
-21.1022
-13.5418
-26.0755
-15.004
-31.4962
-28.8719
-22.4997
-21.0099
-23.8541
-22.9199
-19.705
-15.9926
-13.0896
-10.1843
-11.256
-13.8254
-19.4244
-21.4375
-15.3908
-9.73996
-8.05518
-10.3896
-15.9141
-21.1845
-23.3868
-25.062
-26.7081
-28.0898
-29.1351
-29.8641
-30.9543
-31.2109
-30.0612
-29.0022
-29.638
-31.5565
-32.8308
-33.5172
-35.1102
-36.5012
-36.3273
-35.5947
-34.7559
-33.9491
-34.3545
-35.4103
-34.634
-32.6055
-32.0282
-33.5517
-35.6864
-34.6354
-31.6404
-30.5124
-31.6323
-33.3821
-34.169
-34.6604
-34.8232
-33.901
-32.6959
-32.2933
-33.1096
-34.1382
-34.456
-34.0487
-33.4019
-32.7402
-31.7656
-30.3659
-29.296
-29.6473
-31.3752
-33.1374
-30.7567
-30.2665
-29.6385
-30.1166
-28.7717
-30.0242
-10.4126
-6.42057
-5.37837
-7.25349
-1.5044
1.79775
1.38756
5.75732
4.4957
8.24646
4.10124
0.124604
3.28684
2.89069
-1.79794
-0.892248
-9.65392
-22.4029
0.0263711
-6.8242
-4.05469
-21.9081
3.63187
-25.5732
-30.3988
-26.7336
0.0159414
-27.9498
-4.76302
-24.775
-5.61446
-12.1546
-14.8813
-7.86857
-21.1559
-21.146
-15.4361
-21.3745
-21.1307
-13.4556
-27.7624
-15.2813
-30.7757
-30.5687
-25.5008
-24.8615
-30.3528
-29.6462
-26.113
-22.3496
-20.0173
-15.9331
-18.5173
-20.4617
-26.6494
-28.6688
-29.2408
-29.015
-29.8018
-32.3356
-35.0165
-35.6786
-34.2373
-32.5275
-31.3019
-31.1153
-31.8868
-32.7558
-32.2344
-30.7046
-29.6609
-29.6169
-30.1745
-30.6292
-30.6714
-31.1589
-32.4055
-33.8766
-34.8095
-35.1125
-34.6204
-33.2629
-32.63
-33.3929
-34.3153
-33.8437
-33.3676
-34.2812
-35.9603
-36.0076
-34.9226
-34.9547
-35.6346
-35.4872
-34.868
-34.7345
-34.492
-32.7674
-30.5544
-29.6763
-30.8534
-33.3827
-35.2907
-35.6494
-34.788
-33.7431
-33.1813
-32.4304
-30.7658
-29.6001
-30.0839
-32.0231
-29.663
-28.9702
-29.5544
-31.1769
-28.8552
-27.8485
-10.1217
-5.29099
-4.64563
-5.07463
0.762775
3.25084
2.50539
6.40165
5.75273
10.3021
6.69124
3.9064
6.4078
5.92125
2.8708
3.03589
-3.56802
-10.5037
2.17945
-3.08708
-1.05904
-13.8961
4.36326
-23.5547
-30.6661
-26.8762
0.47271
-26.978
-4.3542
-24.74
-5.22396
-12.3245
-16.4089
-8.65751
-29.3874
-26.8034
-16.4614
-24.6816
-24.3451
-13.9789
-29.9283
-14.501
-28.5194
-28.1807
-24.1445
-22.8717
-27.6897
-27.2461
-26.5326
-26.7154
-27.829
-20.5531
-23.5787
-23.9945
-27.7849
-26.0379
-24.577
-24.1345
-25.2544
-27.9766
-31.3045
-33.5734
-33.0689
-31.4244
-30.3336
-30.7519
-32.3447
-33.5715
-33.8249
-32.5298
-31.3011
-31.1586
-31.4309
-30.9708
-30.9745
-32.8388
-36.2237
-37.4296
-35.2594
-33.4863
-33.3604
-34.5133
-35.848
-36.317
-35.7771
-34.8663
-33.8021
-32.4353
-31.3152
-30.8513
-31.2324
-32.7029
-34.8562
-36.7371
-38.0465
-39.6463
-39.976
-36.3614
-32.6907
-31.4654
-32.9353
-35.3851
-35.3722
-34.2859
-34.8416
-37.6366
-40.3676
-39.6731
-37.4968
-37.0975
-37.5246
-36.4902
-32.0588
-33.9164
-35.5162
-36.2372
-30.2473
-27.8577
-9.71824
-5.65457
-5.69274
-8.90669
-3.65102
-2.93659
-12.8074
-3.21761
-12.3112
2.57319
-6.56688
-12.7576
-0.610685
-0.535247
-5.27704
-1.5379
-10.4419
-22.2514
1.02615
-4.22931
-1.51218
-14.2055
4.29781
-22.2731
-31.2099
-28.6005
0.4503
-27.6639
-4.60283
-26.49
-5.53942
-13.3295
-17.2846
-8.94224
-30.231
-26.3367
-16.3618
-24.7197
-25.452
-14.5751
-34.6309
-15.4625
-33.2481
-31.6849
-26.2609
-25.263
-33.0351
-34.0261
-33.8994
-32.2692
-30.2467
-21.2917
-23.328
-24.4011
-31.8993
-33.8416
-33.696
-32.2042
-31.506
-31.7937
-32.9126
-34.5869
-35.2916
-35.308
-36.0601
-37.9593
-38.6305
-35.4534
-32.7906
-31.2441
-30.9271
-31.5246
-32.598
-33.0377
-33.3454
-34.9704
-38.3392
-39.7939
-38.7505
-37.4166
-36.5818
-37.3058
-39.934
-42.1661
-39.9158
-36.4588
-34.8784
-35.5832
-37.7646
-38.3696
-35.8739
-33.8865
-34.047
-35.7386
-37.192
-38.1418
-38.9827
-38.2979
-36.0218
-34.0116
-33.3466
-33.3814
-33.9237
-35.3045
-37.9406
-40.6891
-42.0147
-41.2754
-39.8154
-39.2073
-39.0329
-38.343
-36.0291
-40.0135
-41.2022
-39.1245
-31.3385
-30.9056
-10.6015
-7.36716
-9.56898
-21.2455
-9.3621
-7.27655
-27.8878
-4.92028
-15.4163
1.76155
-8.09012
-15.8127
-1.33751
-1.20624
-6.33944
-1.8859
-11.9525
-27.62
0.276769
-6.85184
-3.50295
-21.2099
3.8977
-26.0657
-34.4678
-29.9291
0.115917
-31.4298
-4.91665
-27.8226
-5.85141
-13.4807
-17.6344
-9.11827
-33.8152
-29.2012
-17.1135
-25.7652
-25.357
-14.4258
-32.7448
-15.5571
-33.7429
-32.7163
-26.9735
-26.4747
-37.6842
-40.8945
-41.4417
-39.5414
-37.8687
-23.4274
-27.157
-27.6882
-36.8163
-36.5068
-37.6235
-37.5246
-35.2704
-33.4836
-33.5861
-35.3538
-37.3753
-38.902
-40.1752
-40.9889
-40.1175
-37.8495
-36.3577
-34.8433
-34.0651
-34.6802
-36.2901
-36.8629
-36.4175
-37.009
-38.8228
-39.3734
-38.3336
-37.9871
-37.7706
-36.4252
-35.0647
-34.5035
-33.7708
-33.0045
-33.2536
-34.5807
-35.5713
-35.3444
-35.1226
-35.9344
-37.5841
-38.7581
-38.4055
-38.2463
-39.2711
-39.8786
-38.2421
-36.657
-36.7866
-37.4324
-37.3971
-38.0459
-39.6904
-40.0533
-39.6037
-40.6381
-42.5976
-43.7532
-42.728
-40.3712
-33.5854
-34.8269
-35.6419
-36.2741
-31.2784
-31.9721
-10.6327
-7.82341
-10.7689
-32.5649
-10.8654
-8.0652
-38.023
-4.90181
-15.767
1.98531
-7.95639
-15.3511
-1.02297
-0.794636
-6.18326
-1.73069
-12.0734
-32.3578
0.323033
-7.00255
-3.55016
-21.9728
4.02272
-27.5937
-40.8049
-31.9119
0.317975
-32.0305
-4.68028
-29.4164
-5.75585
-13.3132
-17.7195
-9.05393
-35.4086
-30.2583
-17.075
-25.6346
-24.486
-14.4688
-33.201
-15.6099
-34.3271
-32.9554
-27.2891
-26.4777
-36.2929
-35.4359
-35.0875
-35.6726
-36.6206
-23.4317
-27.4567
-27.7536
-36.2575
-36.19
-39.4699
-41.5282
-40.068
-38.4781
-38.0377
-38.5807
-39.042
-38.7808
-36.8893
-35.0869
-34.7921
-36.1151
-38.3487
-38.8012
-37.588
-36.2799
-35.9227
-36.9053
-39.1506
-41.3619
-42.3903
-42.1139
-42.3712
-43.497
-43.4132
-40.9948
-38.9435
-38.4366
-38.9859
-39.7937
-39.5106
-37.7235
-36.1313
-35.8324
-36.5071
-37.4809
-38.3649
-38.952
-38.8445
-37.7213
-36.9775
-37.8784
-39.9299
-41.5292
-42.0625
-41.9451
-41.3082
-39.9697
-37.0738
-33.9068
-32.6428
-33.7838
-36.4617
-38.5738
-38.7472
-37.9621
-32.7839
-34.814
-36.4961
-38.4339
-32.7104
-33.1045
-10.5226
-7.50041
-10.4256
-31.2559
-10.6052
-7.84133
-38.1457
-4.6827
-15.4345
2.24512
-7.53085
-15.1498
-0.8239
-0.696134
-5.98186
-1.60661
-12.0253
-36.6411
0.552701
-7.05687
-3.37091
-22.4971
4.30944
-27.1594
-39.4402
-30.5917
0.576237
-30.031
-4.43617
-29.1943
-5.59395
-13.1558
-17.6117
-8.79933
-35.1662
-29.6435
-16.8831
-25.4988
-25.3375
-14.4228
-37.0139
-15.7501
-35.7128
-33.0368
-26.2582
-25.637
-35.3091
-36.0938
-37.7594
-39.6197
-40.6268
-23.909
-27.8246
-28.6117
-40.753
-40.0177
-40.7487
-39.3477
-37.5123
-37.4742
-38.8776
-40.9291
-41.2428
-38.5142
-34.9348
-33.5849
-34.7322
-36.7003
-37.7982
-37.7916
-38.5442
-39.3422
-39.4168
-39.1816
-39.0911
-38.8585
-39.9264
-41.7351
-42.9235
-42.0695
-40.1921
-38.3967
-37.8378
-39.1428
-41.0852
-41.4802
-40.5128
-39.2089
-38.0939
-37.8603
-38.4864
-39.217
-39.7731
-40.4266
-40.6078
-39.0304
-36.552
-35.0627
-34.8949
-35.3532
-36.067
-37.1828
-38.663
-39.4841
-39.2989
-37.6182
-35.9572
-35.5774
-36.1669
-36.1599
-35.5413
-35.9097
