9.51077e-12
-0.000852908
0.000398961
-0.00346901
0.00156141
0.00315646
-0.000913992
0.000163966
-0.00208116
-0.000837894
-0.000295815
-0.000220923
-0.000857799
0.000530637
0.00164505
0.000476227
5.9747e-14
-0.000476227
-0.00164505
-0.000530637
0.000857799
0.000220923
0.000295815
0.000837894
0.00208116
-0.000163966
0.000913992
-0.00315646
-0.00156141
0.00346901
-0.000398961
0.000852908
0.801246
0.000852908
-0.000398961
0.00346901
-0.00156141
-0.00315646
0.000913992
2.2274e-12
-0.0196355
-0.00848564
-0.000588465
-0.000183023
0.00342012
-0.00164153
-0.000263439
0.000389089
-0.000902062
-0.00063292
-0.00262828
0.00318271
0.00231073
-7.60997e-06
0.00182061
3.95533e-14
-0.00182061
7.60997e-06
-0.00231073
-0.00318271
0.00262828
0.00063292
0.000902062
-0.000389089
0.000263439
0.00164153
-0.00342012
0.000183023
0.000588465
0.00848564
0.0196355
0.771374
0.0196355
0.00848564
0.000588465
0.000183023
-0.00342012
0.00164153
1.42221e-13
-0.00156051
-0.00595718
0.005381
-0.00266917
-0.000443546
-0.00478085
-0.00110996
0.00279925
0.0016213
0.00389052
-0.000388841
-0.00460952
0.00193135
-0.00114573
-7.33395e-05
-6.59832e-14
7.33395e-05
0.00114573
-0.00193135
0.00460952
0.000388841
-0.00389052
-0.0016213
-0.00279925
0.00110996
0.00478085
0.000443546
0.00266917
-0.005381
0.00595718
0.00156051
0.901668
0.00156051
0.00595718
-0.005381
0.00266917
0.000443546
0.00478085
1.14606e-13
-0.00491409
-0.00266018
-0.00356748
-0.00214714
0.00566886
0.00483651
-0.0012041
0.00446367
0.000979121
0.00196807
-0.00141981
0.00322332
-0.00397913
0.000161034
0.00227415
7.92038e-14
-0.00227415
-0.000161034
0.00397913
-0.00322332
0.00141981
-0.00196807
-0.000979121
-0.00446367
0.0012041
-0.00483651
-0.00566886
0.00214714
0.00356748
0.00266018
0.00491409
0.963373
0.00491409
0.00266018
0.00356748
0.00214714
-0.00566886
-0.00483651
1.07356e-11
-0.00175523
0.00149326
-0.00232676
0.00032598
0.00391131
-0.00202266
-0.00082994
-0.00212055
-0.000593232
-6.27256e-05
-0.000156131
-0.000377265
-2.47124e-05
0.00435201
2.6628e-05
2.15552e-14
-2.6628e-05
-0.00435201
2.47124e-05
0.000377265
0.000156131
6.27256e-05
0.000593232
0.00212055
0.00082994
0.00202266
-0.00391131
-0.00032598
0.00232676
-0.00149326
0.00175523
0.796383
0.00175523
-0.00149326
0.00232676
-0.00032598
-0.00391131
0.00202266
2.45044e-12
-0.0143487
-0.00757909
-0.00292094
-0.000356652
0.00342828
0.00034247
-6.81484e-05
-0.000631577
-0.00150877
-0.000174262
-0.00193445
0.00266784
0.00335667
-5.05389e-05
0.00169865
1.17752e-13
-0.00169865
5.05389e-05
-0.00335667
-0.00266784
0.00193445
0.000174262
0.00150877
0.000631577
6.81484e-05
-0.00034247
-0.00342828
0.000356652
0.00292094
0.00757909
0.0143487
0.764844
0.0143487
0.00757909
0.00292094
0.000356652
-0.00342828
-0.00034247
2.73991e-13
-0.00409467
-0.00254839
0.00800356
0.00265762
-0.00310182
-0.00376523
-0.000554177
0.00344527
-0.000849359
0.00144184
0.00146862
-0.00655698
0.00197865
-0.00201381
0.000209119
-1.69769e-13
-0.000209119
0.00201381
-0.00197865
0.00655698
-0.00146862
-0.00144184
0.000849359
-0.00344527
0.000554177
0.00376523
0.00310182
-0.00265762
-0.00800356
0.00254839
0.00409467
0.897942
0.00409467
0.00254839
-0.00800356
-0.00265762
0.00310182
0.00376523
1.75435e-13
-0.00304971
-0.000868684
-0.00439024
-0.00386715
0.00419844
0.00349049
-0.000553446
0.0037501
0.00205644
0.000367687
-0.00126166
0.00208498
-0.00397638
-0.000248292
0.0019629
2.09864e-14
-0.0019629
0.000248292
0.00397638
-0.00208498
0.00126166
-0.000367687
-0.00205644
-0.0037501
0.000553446
-0.00349049
-0.00419844
0.00386715
0.00439024
0.000868684
0.00304971
0.959824
0.00304971
0.000868684
0.00439024
0.00386715
-0.00419844
-0.00349049
6.88606e-12
-0.00273571
0.00212501
-0.00237919
-0.0019659
0.00396606
-0.00280379
-0.00192161
-0.00100174
-0.00184593
-0.00029407
-0.000160206
0.000273211
-0.000747086
0.0054216
-0.000457749
-1.82696e-14
0.000457749
-0.0054216
0.000747086
-0.000273211
0.000160206
0.00029407
0.00184593
0.00100174
0.00192161
0.00280379
-0.00396606
0.0019659
0.00237919
-0.00212501
0.00273571
0.793607
0.00273571
-0.00212501
0.00237919
0.0019659
-0.00396606
0.00280379
2.44043e-12
-0.0113927
-0.00664582
-0.0049887
-0.00126132
0.00277979
0.00224112
0.000249091
-0.000996124
-0.00214823
0.000522769
-0.000830165
0.00103625
0.00358265
-0.000213515
0.00216307
1.59223e-13
-0.00216307
0.000213515
-0.00358265
-0.00103625
0.000830165
-0.000522769
0.00214823
0.000996124
-0.000249091
-0.00224112
-0.00277979
0.00126132
0.0049887
0.00664582
0.0113927
0.761016
0.0113927
0.00664582
0.0049887
0.00126132
-0.00277979
-0.00224112
3.03997e-13
-0.00891212
-0.00206848
0.00842036
0.00623018
-0.00419056
-0.00376912
-0.000772369
0.00257771
-0.000628726
-0.00028928
0.000464863
-0.00541017
0.000375656
-0.000965259
0.000890718
-1.90153e-13
-0.000890718
0.000965259
-0.000375656
0.00541017
-0.000464863
0.00028928
0.000628726
-0.00257771
0.000772369
0.00376912
0.00419056
-0.00623018
-0.00842036
0.00206848
0.00891212
0.891446
0.00891212
0.00206848
-0.00842036
-0.00623018
0.00419056
0.00376912
2.46347e-13
-0.00142491
0.000620303
-0.00439079
-0.00432846
0.00174715
0.00218237
0.000294817
0.00288705
0.00183768
-0.00017892
-0.00139235
0.00148194
-0.00381663
-0.000222619
0.00136818
-9.68786e-14
-0.00136818
0.000222619
0.00381663
-0.00148194
0.00139235
0.00017892
-0.00183768
-0.00288705
-0.000294817
-0.00218237
-0.00174715
0.00432846
0.00439079
-0.000620303
0.00142491
0.960178
0.00142491
-0.000620303
0.00439079
0.00432846
-0.00174715
-0.00218237
4.30634e-12
-0.00337615
0.00202442
-0.00275503
-0.00407486
0.00294374
-0.00291018
-0.00220435
0.000552498
-0.0018697
-0.00140834
-0.000777863
0.00163869
-0.000642699
0.00471175
-0.000725418
2.6826e-14
0.000725418
-0.00471175
0.000642699
-0.00163869
0.000777863
0.00140834
0.0018697
-0.000552498
0.00220435
0.00291018
-0.00294374
0.00407486
0.00275503
-0.00202442
0.00337615
0.794864
0.00337615
-0.00202442
0.00275503
0.00407486
-0.00294374
0.00291018
2.77682e-12
-0.0118628
-0.00708357
-0.00326114
-0.00309184
0.00291021
0.00210926
0.000278067
-0.000576756
-0.00223554
9.59716e-05
0.000348331
0.00121061
0.00153085
-0.000327108
0.00299739
1.24749e-13
-0.00299739
0.000327108
-0.00153085
-0.00121061
-0.000348331
-9.59716e-05
0.00223554
0.000576756
-0.000278067
-0.00210926
-0.00291021
0.00309184
0.00326114
0.00708357
0.0118628
0.75537
0.0118628
0.00708357
0.00326114
0.00309184
-0.00291021
-0.00210926
2.57816e-13
-0.0111936
-0.00433133
0.00532382
0.0062726
-0.00334214
-0.0030267
-0.000816775
0.00167929
-0.00010406
0.000394917
-0.00124973
-0.00306668
-0.000630451
-0.000423007
0.00207864
-1.25971e-13
-0.00207864
0.000423007
0.000630451
0.00306668
0.00124973
-0.000394917
0.00010406
-0.00167929
0.000816775
0.0030267
0.00334214
-0.0062726
-0.00532382
0.00433133
0.0111936
0.885009
0.0111936
0.00433133
-0.00532382
-0.0062726
0.00334214
0.0030267
2.62804e-13
-0.00164897
0.000122677
-0.00298024
-0.00288547
-0.00140829
0.00296258
0.000953893
0.000716551
0.000822602
0.000296522
-0.000653244
0.0011978
-0.00490493
0.000617561
0.00126462
-1.88641e-13
-0.00126462
-0.000617561
0.00490493
-0.0011978
0.000653244
-0.000296522
-0.000822602
-0.000716551
-0.000953893
-0.00296258
0.00140829
0.00288547
0.00298024
-0.000122677
0.00164897
0.960682
0.00164897
-0.000122677
0.00298024
0.00288547
0.00140829
-0.00296258
3.44954e-12
-0.00240496
0.00212615
-0.00221254
-0.00612572
0.00175141
-0.0028385
-0.00257019
0.00113671
-0.000732826
-0.00262654
-0.00112897
0.00257259
-0.000318248
0.00239532
-0.00112095
1.17288e-13
0.00112095
-0.00239532
0.000318248
-0.00257259
0.00112897
0.00262654
0.000732826
-0.00113671
0.00257019
0.0028385
-0.00175141
0.00612572
0.00221254
-0.00212615
0.00240496
0.798987
0.00240496
-0.00212615
0.00221254
0.00612572
-0.00175141
0.0028385
3.53124e-12
-0.0143159
-0.00707765
0.000167619
-0.00384607
0.00359448
-0.000339303
0.000322519
-2.14328e-05
-0.00216853
-0.000506859
0.000656491
0.00149393
-0.000360994
-0.000229449
0.00255441
6.97009e-14
-0.00255441
0.000229449
0.000360994
-0.00149393
-0.000656491
0.000506859
0.00216853
2.14328e-05
-0.000322519
0.000339303
-0.00359448
0.00384607
-0.000167619
0.00707765
0.0143159
0.751224
0.0143159
0.00707765
-0.000167619
0.00384607
-0.00359448
0.000339303
2.44241e-13
-0.00922201
-0.00595223
0.00211753
0.00550641
-0.00248714
-0.00119817
-0.000258027
0.000989762
-0.00054246
0.00194672
-0.00168807
-0.00029948
-0.000471433
0.000143889
0.00279228
-4.24009e-14
-0.00279228
-0.000143889
0.000471433
0.00029948
0.00168807
-0.00194672
0.00054246
-0.000989762
0.000258027
0.00119817
0.00248714
-0.00550641
-0.00211753
0.00595223
0.00922201
0.884424
0.00922201
0.00595223
-0.00211753
-0.00550641
0.00248714
0.00119817
2.04892e-13
-0.00407555
-0.00232973
-0.0007462
-0.00160051
-0.00202829
0.00406166
0.000558809
-0.00104233
-0.00131101
0.00218411
0.00126839
0.000957694
-0.00586548
0.00264892
0.00181323
-1.01516e-13
-0.00181323
-0.00264892
0.00586548
-0.000957694
-0.00126839
-0.00218411
0.00131101
0.00104233
-0.000558809
-0.00406166
0.00202829
0.00160051
0.0007462
0.00232973
0.00407555
0.959463
0.00407555
0.00232973
0.0007462
0.00160051
0.00202829
-0.00406166
6.57471e-12
-4.87963e-05
0.00404665
0.000219859
-0.00700483
0.0021458
-0.00305459
-0.00177945
0.000937323
0.000440423
-0.00303475
-0.00068438
0.00282903
-0.000635665
-0.000100025
-0.00113573
1.73814e-13
0.00113573
0.000100025
0.000635665
-0.00282903
0.00068438
0.00303475
-0.000440423
-0.000937323
0.00177945
0.00305459
-0.0021458
0.00700483
-0.000219859
-0.00404665
4.87963e-05
0.803562
4.87963e-05
-0.00404665
-0.000219859
0.00700483
-0.0021458
0.00305459
4.88588e-12
-0.019511
-0.00460111
0.00363099
-0.0025896
0.00272924
-0.00257586
0.000624792
0.000498711
-0.000796525
-0.00109539
0.000236283
0.000586278
-0.00172758
-0.000309107
0.00198519
4.81386e-14
-0.00198519
0.000309107
0.00172758
-0.000586278
-0.000236283
0.00109539
0.000796525
-0.000498711
-0.000624792
0.00257586
-0.00272924
0.0025896
-0.00363099
0.00460111
0.019511
0.750708
0.019511
0.00460111
-0.00363099
0.0025896
-0.00272924
0.00257586
2.52062e-13
-0.00457799
-0.00532261
0.00140206
0.00524174
-0.00356526
0.00011741
0.000782459
-9.69242e-05
-0.000804163
0.00406382
-0.00202607
0.000213312
-0.00180831
-0.000428345
0.00177809
-3.9368e-14
-0.00177809
0.000428345
0.00180831
-0.000213312
0.00202607
-0.00406382
0.000804163
9.69242e-05
-0.000782459
-0.00011741
0.00356526
-0.00524174
-0.00140206
0.00532261
0.00457799
0.889805
0.00457799
0.00532261
-0.00140206
-0.00524174
0.00356526
-0.00011741
1.01941e-13
-0.00786615
-0.00594004
8.18845e-05
-0.0011961
-0.000801743
0.0040661
-0.000109676
-0.000608855
-0.00230973
0.00305678
0.00255517
0.000617039
-0.00377005
0.00322264
0.00178242
4.74815e-14
-0.00178242
-0.00322264
0.00377005
-0.000617039
-0.00255517
-0.00305678
0.00230973
0.000608855
0.000109676
-0.0040661
0.000801743
0.0011961
-8.18845e-05
0.00594004
0.00786615
0.957427
0.00786615
0.00594004
-8.18845e-05
0.0011961
0.000801743
-0.0040661
2.16602e-11
0.00204785
0.00681826
0.0035146
-0.00582392
0.00358917
-0.00320855
0.000377532
8.23944e-06
0.00112621
-0.00154538
-0.00151019
0.00253461
-0.00116857
-0.00126985
-0.000280097
2.20817e-13
0.000280097
0.00126985
0.00116857
-0.00253461
0.00151019
0.00154538
-0.00112621
-8.23944e-06
-0.000377532
0.00320855
-0.00358917
0.00582392
-0.0035146
-0.00681826
-0.00204785
0.807331
-0.00204785
-0.00681826
-0.0035146
0.00582392
-0.00358917
0.00320855
6.08001e-12
-0.025595
-0.0033376
0.00582341
-0.00121869
0.00202492
-0.00424174
0.00113879
0.000801047
0.00226669
-0.00167496
-0.000902694
-0.000808154
-0.00215522
0.000607673
0.00262176
4.73117e-14
-0.00262176
-0.000607673
0.00215522
0.000808154
0.000902694
0.00167496
-0.00226669
-0.000801047
-0.00113879
0.00424174
-0.00202492
0.00121869
-0.00582341
0.0033376
0.025595
0.752568
0.025595
0.0033376
-0.00582341
0.00121869
-0.00202492
0.00424174
2.09746e-13
-0.00188519
-0.00295053
0.00210136
0.0055854
-0.00634768
-0.000244203
0.00395775
-0.00214965
-0.000717869
0.00529581
-0.00217215
-0.00127628
-0.00262564
-0.00212399
0.00118281
-2.236e-14
-0.00118281
0.00212399
0.00262564
0.00127628
0.00217215
-0.00529581
0.000717869
0.00214965
-0.00395775
0.000244203
0.00634768
-0.0055854
-0.00210136
0.00295053
0.00188519
0.896856
0.00188519
0.00295053
-0.00210136
-0.0055854
0.00634768
0.000244203
3.275e-14
-0.0111939
-0.00910879
-0.00133598
-0.00145267
-0.00049909
0.00300627
-0.000349837
0.000566644
-0.00110018
0.00198454
0.00293233
0.00102897
-0.000869987
0.00207576
0.00115382
1.36784e-13
-0.00115382
-0.00207576
0.000869987
-0.00102897
-0.00293233
-0.00198454
0.00110018
-0.000566644
0.000349837
-0.00300627
0.00049909
0.00145267
0.00133598
0.00910879
0.0111939
0.957977
0.0111939
0.00910879
0.00133598
0.00145267
0.00049909
-0.00300627
4.55356e-11
0.00321367
0.00703699
0.00369072
-0.00210405
0.00517496
-0.00251194
0.0014631
-0.00250712
0.00216881
-0.000289782
-0.00337136
0.00267261
-0.000424095
-0.00210493
0.000909111
2.3633e-13
-0.000909111
0.00210493
0.000424095
-0.00267261
0.00337136
0.000289782
-0.00216881
0.00250712
-0.0014631
0.00251194
-0.00517496
0.00210405
-0.00369072
-0.00703699
-0.00321367
0.806238
-0.00321367
-0.00703699
-0.00369072
0.00210405
-0.00517496
0.00251194
6.08364e-12
-0.0300575
-0.0067284
0.00473979
-0.00120746
0.00449669
-0.00347675
0.00231522
0.0013336
0.00309632
-0.00197812
-0.00128543
-0.00289985
-0.00122276
0.00214858
0.00346262
5.64059e-14
-0.00346262
-0.00214858
0.00122276
0.00289985
0.00128543
0.00197812
-0.00309632
-0.0013336
-0.00231522
0.00347675
-0.00449669
0.00120746
-0.00473979
0.0067284
0.0300575
0.752608
0.0300575
0.0067284
-0.00473979
0.00120746
-0.00449669
0.00347675
1.5841e-13
-0.00215404
-0.00177989
0.00326045
0.00442897
-0.00795044
-0.000719607
0.00481382
-0.00180536
-0.000882304
0.00246938
-0.000147958
-0.00280603
-0.00213089
-0.00164988
0.000830665
-6.54484e-14
-0.000830665
0.00164988
0.00213089
0.00280603
0.000147958
-0.00246938
0.000882304
0.00180536
-0.00481382
0.000719607
0.00795044
-0.00442897
-0.00326045
0.00177989
0.00215404
0.898012
0.00215404
0.00177989
-0.00326045
-0.00442897
0.00795044
0.000719607
5.54056e-15
-0.0132733
-0.00972371
-0.00328445
-0.00322724
-0.00238806
0.000205666
-0.000948894
-9.67014e-06
-0.00118005
-0.000508952
0.00163441
0.000725587
0.000102167
0.00137318
0.000736414
1.31295e-13
-0.000736414
-0.00137318
-0.000102167
-0.000725587
-0.00163441
0.000508952
0.00118005
9.67014e-06
0.000948894
-0.000205666
0.00238806
0.00322724
0.00328445
0.00972371
0.0132733
0.960618
0.0132733
0.00972371
0.00328445
0.00322724
0.00238806
-0.000205666
5.03711e-11
0.00457814
0.00510097
0.00421489
0.00134748
0.00365361
-0.00182437
0.00156715
-0.00414434
0.00354065
-0.000331964
-0.00341012
0.00340013
0.0014053
-0.00212318
0.00112887
1.30571e-13
-0.00112887
0.00212318
-0.0014053
-0.00340013
0.00341012
0.000331964
-0.00354065
0.00414434
-0.00156715
0.00182437
-0.00365361
-0.00134748
-0.00421489
-0.00510097
-0.00457814
0.803727
-0.00457814
-0.00510097
-0.00421489
-0.00134748
-0.00365361
0.00182437
5.45601e-12
-0.0317919
-0.00983451
0.00209232
-0.00119017
0.00594189
-0.00244373
0.00353746
0.00249569
0.000962674
-0.000910182
-0.00147403
-0.00370774
-0.000125295
0.00215146
0.00360716
1.32905e-13
-0.00360716
-0.00215146
0.000125295
0.00370774
0.00147403
0.000910182
-0.000962674
-0.00249569
-0.00353746
0.00244373
-0.00594189
0.00119017
-0.00209232
0.00983451
0.0317919
0.750131
0.0317919
0.00983451
-0.00209232
0.00119017
-0.00594189
0.00244373
2.09109e-13
-0.00201238
-0.00049905
0.00260656
0.00385843
-0.00742325
0.00098184
0.00349582
-0.000988201
-0.000839074
0.000541818
0.000292834
-0.00198644
-0.000138873
-0.00184506
0.000562889
-1.46212e-13
-0.000562889
0.00184506
0.000138873
0.00198644
-0.000292834
-0.000541818
0.000839074
0.000988201
-0.00349582
-0.00098184
0.00742325
-0.00385843
-0.00260656
0.00049905
0.00201238
0.896815
0.00201238
0.00049905
-0.00260656
-0.00385843
0.00742325
-0.00098184
3.25378e-15
-0.0144268
-0.00707084
-0.0034486
-0.00433911
-0.00361744
-0.00240283
-0.000523051
-0.000292217
-0.00145414
-0.00155076
0.00113877
0.000345188
-0.000699891
0.000704897
0.0004058
1.0436e-13
-0.0004058
-0.000704897
0.000699891
-0.000345188
-0.00113877
0.00155076
0.00145414
0.000292217
0.000523051
0.00240283
0.00361744
0.00433911
0.0034486
0.00707084
0.0144268
0.962939
0.0144268
0.00707084
0.0034486
0.00433911
0.00361744
0.00240283
3.12144e-11
0.00470818
0.00238083
0.00534195
0.00380614
0.000109346
-0.00162866
-0.000127936
-0.00439056
0.00458619
-5.22704e-07
-0.00121141
0.00343526
0.00275159
-0.00174118
0.00133836
5.62665e-15
-0.00133836
0.00174118
-0.00275159
-0.00343526
0.00121141
5.22704e-07
-0.00458619
0.00439056
0.000127936
0.00162866
-0.000109346
-0.00380614
-0.00534195
-0.00238083
-0.00470818
0.803021
-0.00470818
-0.00238083
-0.00534195
-0.00380614
-0.000109346
0.00162866
4.71054e-12
-0.0316696
-0.00983333
-0.000914467
-0.000297625
0.00511971
-0.00121953
0.00520105
0.00333797
-0.00144979
0.000476123
-0.00280342
-0.00440819
-0.000968053
0.000399933
0.00264843
7.83172e-14
-0.00264843
-0.000399933
0.000968053
0.00440819
0.00280342
-0.000476123
0.00144979
-0.00333797
-0.00520105
0.00121953
-0.00511971
0.000297625
0.000914467
0.00983333
0.0316696
0.750435
0.0316696
0.00983333
0.000914467
0.000297625
-0.00511971
0.00121953
3.37168e-13
-0.00162111
0.00193861
0.0022432
0.00351003
-0.00613487
0.00367487
0.00059886
-0.000992091
0.000720849
0.000703578
-0.00179658
-0.0016202
0.000723718
-0.00170554
0.00166897
-1.12728e-13
-0.00166897
0.00170554
-0.000723718
0.0016202
0.00179658
-0.000703578
-0.000720849
0.000992091
-0.00059886
-0.00367487
0.00613487
-0.00351003
-0.0022432
-0.00193861
0.00162111
0.898233
0.00162111
-0.00193861
-0.0022432
-0.00351003
0.00613487
-0.00367487
4.38841e-15
-0.0135809
-0.00307189
-0.00115775
-0.00463795
-0.00398371
-0.00359918
0.000427806
-0.000446927
-0.00184104
-0.000531268
0.00216089
-0.000198955
-0.00213008
-0.000430218
0.000839327
7.17952e-14
-0.000839327
0.000430218
0.00213008
0.000198955
-0.00216089
0.000531268
0.00184104
0.000446927
-0.000427806
0.00359918
0.00398371
0.00463795
0.00115775
0.00307189
0.0135809
0.965561
0.0135809
0.00307189
0.00115775
0.00463795
0.00398371
0.00359918
1.16597e-11
0.000621499
0.00113153
0.00584905
0.00428761
-0.00111279
-0.00178962
-0.00232647
-0.00509473
0.00335204
0.00156675
0.000337441
0.00343183
0.00311201
-0.00198282
0.00112689
-1.24507e-13
-0.00112689
0.00198282
-0.00311201
-0.00343183
-0.000337441
-0.00156675
-0.00335204
0.00509473
0.00232647
0.00178962
0.00111279
-0.00428761
-0.00584905
-0.00113153
-0.000621499
0.803769
-0.000621499
-0.00113153
-0.00584905
-0.00428761
0.00111279
0.00178962
3.62911e-12
-0.0292589
-0.00728116
-0.00327292
-2.54266e-05
0.00277204
-0.000816851
0.00659555
0.00210393
-0.00289565
0.00171504
-0.00347929
-0.00310285
-0.000469917
-0.00123944
0.00180294
1.15527e-14
-0.00180294
0.00123944
0.000469917
0.00310285
0.00347929
-0.00171504
0.00289565
-0.00210393
-0.00659555
0.000816851
-0.00277204
2.54266e-05
0.00327292
0.00728116
0.0292589
0.756389
0.0292589
0.00728116
0.00327292
2.54266e-05
-0.00277204
0.000816851
5.3428e-13
-0.000643565
0.0034145
0.0016398
0.00334949
-0.00386853
0.00469995
-0.00188179
-0.0018325
0.00169917
0.00161032
-0.00279508
-0.00152345
-0.000769353
-0.00109209
0.00155277
-8.38749e-14
-0.00155277
0.00109209
0.000769353
0.00152345
0.00279508
-0.00161032
-0.00169917
0.0018325
0.00188179
-0.00469995
0.00386853
-0.00334949
-0.0016398
-0.0034145
0.000643565
0.899628
0.000643565
-0.0034145
-0.0016398
-0.00334949
0.00386853
-0.00469995
4.7995e-15
-0.0113082
-0.000431042
0.00203845
-0.00416253
-0.00556381
-0.00403511
0.000492715
-0.000640623
-0.00236532
0.000609047
0.00268637
-0.000485388
-0.00312399
-0.00157412
0.000655231
-9.91471e-15
-0.000655231
0.00157412
0.00312399
0.000485388
-0.00268637
-0.000609047
0.00236532
0.000640623
-0.000492715
0.00403511
0.00556381
0.00416253
-0.00203845
0.000431042
0.0113082
0.970067
0.0113082
0.000431042
-0.00203845
0.00416253
0.00556381
0.00403511
5.34008e-12
-0.00341149
0.00224913
0.00532261
0.00381264
-0.00054264
-0.000823017
-0.00410762
-0.00662225
0.000408695
0.00178454
-0.00024061
0.00152241
0.00319612
-0.0028706
0.000232997
-1.49288e-13
-0.000232997
0.0028706
-0.00319612
-0.00152241
0.00024061
-0.00178454
-0.000408695
0.00662225
0.00410762
0.000823017
0.00054264
-0.00381264
-0.00532261
-0.00224913
0.00341149
0.803677
0.00341149
-0.00224913
-0.00532261
-0.00381264
0.00054264
0.000823017
2.35422e-12
-0.0260479
-0.00403032
-0.0056598
-0.000346448
0.000822018
-0.000808843
0.00666381
0.000468511
-0.00290394
0.00160908
-0.00260424
-0.000517746
0.00220308
-0.00228737
0.000295024
-1.15127e-13
-0.000295024
0.00228737
-0.00220308
0.000517746
0.00260424
-0.00160908
0.00290394
-0.000468511
-0.00666381
0.000808843
-0.000822018
0.000346448
0.0056598
0.00403032
0.0260479
0.768165
0.0260479
0.00403032
0.0056598
0.000346448
-0.000822018
0.000808843
1.00007e-12
0.000867396
0.002763
0.00159478
0.00422166
-0.00181577
0.0030661
-0.00284666
-0.000976277
0.000900794
0.0022417
-0.00256804
-0.0013043
-0.00193086
-0.000506699
0.000335172
-4.55974e-14
-0.000335172
0.000506699
0.00193086
0.0013043
0.00256804
-0.0022417
-0.000900794
0.000976277
0.00284666
-0.0030661
0.00181577
-0.00422166
-0.00159478
-0.002763
-0.000867396
0.899486
-0.000867396
-0.002763
-0.00159478
-0.00422166
0.00181577
-0.0030661
3.0167e-15
-0.00929713
0.000196193
0.00237502
-0.00282626
-0.00918681
-0.00403544
-6.77511e-05
-0.000394684
-0.00230953
0.000358649
0.00172231
-0.000491558
-0.00329033
-0.00165365
0.000834237
-1.08279e-13
-0.000834237
0.00165365
0.00329033
0.000491558
-0.00172231
-0.000358649
0.00230953
0.000394684
6.77511e-05
0.00403544
0.00918681
0.00282626
-0.00237502
-0.000196193
0.00929713
0.974604
0.00929713
-0.000196193
-0.00237502
0.00282626
0.00918681
0.00403544
1.21241e-11
-0.00431457
0.00540948
0.00502487
0.0035963
0.00078163
0.000737576
-0.00322974
-0.0059272
-0.00152408
0.00215049
-0.000660005
5.45397e-05
0.00353309
-0.00344532
-0.000854804
-6.09131e-15
0.000854804
0.00344532
-0.00353309
-5.45397e-05
0.000660005
-0.00215049
0.00152408
0.0059272
0.00322974
-0.000737576
-0.00078163
-0.0035963
-0.00502487
-0.00540948
0.00431457
0.802221
0.00431457
-0.00540948
-0.00502487
-0.0035963
-0.00078163
-0.000737576
1.31833e-12
-0.0228845
-0.00200045
-0.00767104
-7.49341e-05
0.00106444
-0.000201177
0.00553385
0.000334216
-0.00220877
0.000340246
-0.00198718
0.000584142
0.00347893
-0.00222638
-0.00153724
-2.09741e-13
0.00153724
0.00222638
-0.00347893
-0.000584142
0.00198718
-0.000340246
0.00220877
-0.000334216
-0.00553385
0.000201177
-0.00106444
7.49341e-05
0.00767104
0.00200045
0.0228845
0.785581
0.0228845
0.00200045
0.00767104
7.49341e-05
-0.00106444
0.000201177
1.33364e-12
0.00214708
0.00122127
0.00192873
0.00448285
-0.000467044
0.000950897
-0.00253387
0.00155548
-0.000269231
0.00194465
-0.00241928
-0.00130347
-0.00167974
0.0013509
-0.000729205
2.46555e-14
0.000729205
-0.0013509
0.00167974
0.00130347
0.00241928
-0.00194465
0.000269231
-0.00155548
0.00253387
-0.000950897
0.000467044
-0.00448285
-0.00192873
-0.00122127
-0.00214708
0.899365
-0.00214708
-0.00122127
-0.00192873
-0.00448285
0.000467044
-0.000950897
1.18567e-14
-0.00711014
0.00219053
0.00161295
0.000591135
-0.0103547
-0.00222362
0.000514658
0.00182458
8.76691e-05
-0.000689166
0.000852131
-0.000817429
-0.00281092
0.000380065
0.00147635
-4.6586e-14
-0.00147635
-0.000380065
0.00281092
0.000817429
-0.000852131
0.000689166
-8.76691e-05
-0.00182458
-0.000514658
0.00222362
0.0103547
-0.000591135
-0.00161295
-0.00219053
0.00711014
0.975389
0.00711014
-0.00219053
-0.00161295
-0.000591135
0.0103547
0.00222362
3.1989e-11
-0.00364717
0.00745748
0.00458348
0.00287522
0.00275353
0.00130069
-0.000666384
-0.00417104
-0.00268296
0.00265525
-0.000231932
-0.000191458
0.00264022
-0.00347634
-0.0014229
8.39494e-14
0.0014229
0.00347634
-0.00264022
0.000191458
0.000231932
-0.00265525
0.00268296
0.00417104
0.000666384
-0.00130069
-0.00275353
-0.00287522
-0.00458348
-0.00745748
0.00364717
0.801942
0.00364717
-0.00745748
-0.00458348
-0.00287522
-0.00275353
-0.00130069
8.96355e-13
-0.0181953
-0.00134432
-0.00805014
0.00110989
0.00107979
0.000454095
0.00396913
0.00110389
-0.0016208
0.000135754
-0.00167448
0.00128665
0.00239604
-0.00146243
-0.00255295
-2.11743e-13
0.00255295
0.00146243
-0.00239604
-0.00128665
0.00167448
-0.000135754
0.0016208
-0.00110389
-0.00396913
-0.000454095
-0.00107979
-0.00110989
0.00805014
0.00134432
0.0181953
0.805496
0.0181953
0.00134432
0.00805014
-0.00110989
-0.00107979
-0.000454095
1.15687e-12
0.00304723
4.90662e-05
0.0022358
0.00292768
0.000413315
0.000796881
-0.00143914
0.00347121
3.13409e-05
0.00166892
-0.00258532
-0.000990342
-0.000342214
0.0020747
-0.000380541
9.21037e-14
0.000380541
-0.0020747
0.000342214
0.000990342
0.00258532
-0.00166892
-3.13409e-05
-0.00347121
0.00143914
-0.000796881
-0.000413315
-0.00292768
-0.0022358
-4.90662e-05
-0.00304723
0.900243
-0.00304723
-4.90662e-05
-0.0022358
-0.00292768
-0.000413315
-0.000796881
3.44984e-14
-0.00612619
0.00304895
0.00010944
0.00204457
-0.007707
-0.000817014
0.000219044
0.00247686
0.000791925
-0.000966381
0.000319033
-0.00112712
-0.00316784
0.00205349
0.00135804
-1.36124e-14
-0.00135804
-0.00205349
0.00316784
0.00112712
-0.000319033
0.000966381
-0.000791925
-0.00247686
-0.000219044
0.000817014
0.007707
-0.00204457
-0.00010944
-0.00304895
0.00612619
0.97588
0.00612619
-0.00304895
-0.00010944
-0.00204457
0.007707
0.000817014
6.08147e-11
-0.00204391
0.00643431
0.00445902
0.00265266
0.00537386
0.000456685
0.000725194
-0.00229458
-0.00199785
0.00241007
-0.000715909
0.000327912
0.00148858
-0.00329621
-0.00216982
5.4923e-14
0.00216982
0.00329621
-0.00148858
-0.000327912
0.000715909
-0.00241007
0.00199785
0.00229458
-0.000725194
-0.000456685
-0.00537386
-0.00265266
-0.00445902
-0.00643431
0.00204391
0.803435
0.00204391
-0.00643431
-0.00445902
-0.00265266
-0.00537386
-0.000456685
8.01361e-13
-0.0120488
-0.000490207
-0.0075793
0.00282397
0.000517971
0.000596595
0.00269009
0.00206107
-0.00237293
0.00158617
-0.00135961
0.000935409
0.000464137
-0.000870293
-0.0031534
-1.65968e-13
0.0031534
0.000870293
-0.000464137
-0.000935409
0.00135961
-0.00158617
0.00237293
-0.00206107
-0.00269009
-0.000596595
-0.000517971
-0.00282397
0.0075793
0.000490207
0.0120488
0.826683
0.0120488
0.000490207
0.0075793
-0.00282397
-0.000517971
-0.000596595
6.14979e-13
0.00372281
-0.000766049
0.00273959
-0.000322121
1.61098e-05
0.00166627
-0.00059556
0.00375621
0.000580375
0.00254868
-0.00260612
-0.000963218
0.0012911
0.00165557
-0.000379545
1.19145e-13
0.000379545
-0.00165557
-0.0012911
0.000963218
0.00260612
-0.00254868
-0.000580375
-0.00375621
0.00059556
-0.00166627
-1.61098e-05
0.000322121
-0.00273959
0.000766049
-0.00372281
0.905186
-0.00372281
0.000766049
-0.00273959
0.000322121
-1.61098e-05
-0.00166627
5.27519e-14
-0.00553116
0.00194027
-0.00013054
0.0011916
-0.00518903
0.00130412
0.000443436
0.000195632
-0.000340426
-0.000933892
0.000707926
-0.000568634
-0.00334946
0.00199293
0.000358373
-1.84488e-15
-0.000358373
-0.00199293
0.00334946
0.000568634
-0.000707926
0.000933892
0.000340426
-0.000195632
-0.000443436
-0.00130412
0.00518903
-0.0011916
0.00013054
-0.00194027
0.00553116
0.977084
0.00553116
-0.00194027
0.00013054
-0.0011916
0.00518903
-0.00130412
6.44805e-11
-0.000568037
0.00469308
0.00481187
-4.27886e-05
0.00608263
-0.00123702
0.00223807
0.000108374
-0.00125685
-3.08783e-05
-0.00159418
0.00141769
-0.000429181
-0.000982697
-0.00171218
1.59458e-14
0.00171218
0.000982697
0.000429181
-0.00141769
0.00159418
3.08783e-05
0.00125685
-0.000108374
-0.00223807
0.00123702
-0.00608263
4.27887e-05
-0.00481187
-0.00469308
0.000568037
0.806516
0.000568037
-0.00469308
-0.00481187
4.27886e-05
-0.00608263
0.00123702
7.7326e-13
-0.00947866
-0.000131792
-0.00552656
0.00549177
0.000278618
-0.00110334
0.00278356
0.000748505
-0.00279883
0.00278097
0.000250734
0.00087773
0.000337336
-0.00153697
-0.00266039
-4.5194e-14
0.00266039
0.00153697
-0.000337336
-0.00087773
-0.000250734
-0.00278097
0.00279883
-0.000748505
-0.00278356
0.00110334
-0.000278618
-0.00549177
0.00552656
0.000131792
0.00947866
0.84564
0.00947866
0.000131792
0.00552656
-0.00549177
-0.000278618
0.00110334
2.43183e-13
0.00395243
1.61925e-05
0.00374018
-0.00318009
-0.00240019
0.00104062
-0.000728603
0.00318443
0.000281807
0.003313
-0.00214064
-0.00100665
0.00278711
0.000975262
-0.00100514
8.60794e-14
0.00100514
-0.000975262
-0.00278711
0.00100665
0.00214064
-0.003313
-0.000281807
-0.00318443
0.000728603
-0.00104062
0.00240019
0.00318009
-0.00374018
-1.61925e-05
-0.00395243
0.912983
-0.00395243
-1.61925e-05
-0.00374018
0.00318009
0.00240019
-0.00104062
5.1228e-14
-0.00576511
6.98056e-06
0.000658142
-0.00132389
-0.00490442
0.00282938
0.00212625
-0.0033017
-0.00212973
-0.00139572
0.0015587
-0.000401691
-0.00212283
0.00140251
0.000303867
5.42637e-14
-0.000303867
-0.00140251
0.00212283
0.000401691
-0.0015587
0.00139572
0.00212973
0.0033017
-0.00212625
-0.00282938
0.00490442
0.00132389
-0.000658142
-6.98056e-06
0.00576511
0.979116
0.00576511
-6.98056e-06
-0.000658142
0.00132389
0.00490442
-0.00282938
3.83451e-11
-0.000145028
0.00501284
0.00417168
-0.00298052
0.00460474
-0.00232642
0.00329456
0.00362414
-0.00133105
-0.00341756
-0.00248597
0.00255054
-0.00168465
0.0014867
-0.00151664
1.08769e-14
0.00151664
-0.0014867
0.00168465
-0.00255054
0.00248597
0.00341756
0.00133105
-0.00362414
-0.00329456
0.00232642
-0.00460474
0.00298052
-0.00417168
-0.00501284
0.000145028
0.811649
0.000145028
-0.00501284
-0.00417168
0.00298052
-0.00460474
0.00232642
6.93507e-13
-0.0105652
-0.00151186
-0.00207395
0.00687347
0.00107677
-0.00317107
0.00220298
0.000130672
-0.00157974
0.00194757
0.00254171
0.00206428
-0.000865317
-0.00172912
-0.00234474
-6.07069e-15
0.00234474
0.00172912
0.000865317
-0.00206428
-0.00254171
-0.00194757
0.00157974
-0.000130672
-0.00220298
0.00317107
-0.00107677
-0.00687347
0.00207395
0.00151186
0.0105652
0.861708
0.0105652
0.00151186
0.00207395
-0.00687347
-0.00107677
0.00317107
2.15175e-13
0.00132774
0.00370034
0.00415425
-0.00224788
-0.00272547
-0.000921948
-0.000603237
0.00221717
-0.000311862
0.00236677
-0.000996055
-7.66327e-05
0.0028264
0.000784101
-0.00128008
3.69273e-15
0.00128008
-0.000784101
-0.0028264
7.66327e-05
0.000996055
-0.00236677
0.000311862
-0.00221717
0.000603237
0.000921948
0.00272547
0.00224788
-0.00415425
-0.00370034
-0.00132774
0.917734
-0.00132774
-0.00370034
-0.00415425
0.00224788
0.00272547
0.000921948
3.68706e-14
-0.00796668
-0.00196906
0.000772397
-0.00206247
-0.0046835
0.00260198
0.0038102
-0.00408218
-0.00324393
-0.00266523
-0.000438451
0.000106723
0.000904773
0.000484681
0.000227259
1.35963e-13
-0.000227259
-0.000484681
-0.000904773
-0.000106723
0.000438451
0.00266523
0.00324393
0.00408218
-0.0038102
-0.00260198
0.0046835
0.00206247
-0.000772397
0.00196906
0.00796668
0.978958
0.00796668
0.00196906
-0.000772397
0.00206247
0.0046835
-0.00260198
1.37308e-11
-0.000401552
0.00573903
0.00124238
-0.00285101
0.00298739
-0.00132493
0.00180129
0.00582901
-0.00147799
-0.00514906
-0.00405256
0.00289736
-0.0021651
0.00210822
-0.00155286
4.03483e-14
0.00155286
-0.00210822
0.0021651
-0.00289736
0.00405256
0.00514906
0.00147799
-0.00582901
-0.00180129
0.00132493
-0.00298739
0.00285101
-0.00124238
-0.00573903
0.000401552
0.814953
0.000401552
-0.00573903
-0.00124238
0.00285101
-0.00298739
0.00132493
4.58177e-13
-0.0117631
-0.00233437
-0.00169846
0.00597355
0.00226168
-0.0040921
0.00211614
0.00194814
-0.000718059
0.00112636
0.0022586
0.00220357
-0.000772224
-0.00174424
-2.53408e-05
-4.25962e-14
2.53408e-05
0.00174424
0.000772224
-0.00220357
-0.0022586
-0.00112636
0.000718059
-0.00194814
-0.00211614
0.0040921
-0.00226168
-0.00597355
0.00169846
0.00233437
0.0117631
0.875792
0.0117631
0.00233437
0.00169846
-0.00597355
-0.00226168
0.0040921
2.6375e-13
-0.00244941
0.00854336
0.00411195
-0.000229915
-0.000581044
-0.00368333
-0.000253249
0.000931733
-0.00110245
-0.00025842
-0.000670702
0.000749011
0.00207036
0.000891485
-0.00141648
-3.88245e-14
0.00141648
-0.000891485
-0.00207036
-0.000749011
0.000670702
0.00025842
0.00110245
-0.000931733
0.000253249
0.00368333
0.000581044
0.000229915
-0.00411195
-0.00854336
0.00244941
0.921259
0.00244941
-0.00854336
-0.00411195
0.000229915
0.000581044
0.00368333
2.04261e-14
-0.0111727
-0.00317564
0.000666772
-0.00171655
-0.00368827
0.0019782
0.00319025
-0.00475807
-0.00478826
-0.00367328
-0.00341276
0.00188297
0.00349243
-0.000150468
0.000537046
1.87209e-13
-0.000537046
0.000150468
-0.00349243
-0.00188297
0.00341276
0.00367328
0.00478826
0.00475807
-0.00319025
-0.0019782
0.00368827
0.00171655
-0.000666772
0.00317564
0.0111727
0.977435
0.0111727
0.00317564
-0.000666772
0.00171655
0.00368827
-0.0019782
8.48575e-12
3.00785e-05
0.00482038
-0.00110213
-0.000475393
0.0025141
0.000135733
-0.000990276
0.00551865
-0.000346166
-0.00409715
-0.00563448
0.00342561
-0.000792549
0.000888762
-0.000605642
2.95568e-14
0.000605642
-0.000888762
0.000792549
-0.00342561
0.00563448
0.00409715
0.000346166
-0.00551865
0.000990276
-0.000135733
-0.0025141
0.000475393
0.00110213
-0.00482038
-3.00785e-05
0.814336
-3.00785e-05
-0.00482038
0.00110213
0.000475393
-0.0025141
-0.000135733
2.13308e-13
-0.0102494
-0.00197105
-0.00440957
0.00362719
0.00353428
-0.00402078
0.00171576
0.00395913
-0.000560381
0.000837657
0.00110774
0.00250378
-0.000611883
-0.00100331
0.00075693
-5.8494e-14
-0.00075693
0.00100331
0.000611883
-0.00250378
-0.00110774
-0.000837657
0.000560381
-0.00395913
-0.00171576
0.00402078
-0.00353428
-0.00362719
0.00440957
0.00197105
0.0102494
0.889417
0.0102494
0.00197105
0.00440957
-0.00362719
-0.00353428
0.00402078
2.31959e-13
-0.00382959
0.0118741
0.0031457
0.000257575
0.000749478
-0.00657924
0.00103632
0.00079144
-0.0029503
-0.00364739
-0.00058473
0.000418371
0.000904103
0.00158898
-0.00114422
-2.19606e-14
0.00114422
-0.00158898
-0.000904103
-0.000418371
0.00058473
0.00364739
0.0029503
-0.00079144
-0.00103632
0.00657924
-0.000749478
-0.000257575
-0.0031457
-0.0118741
0.00382959
0.925067
0.00382959
-0.0118741
-0.0031457
-0.000257575
-0.000749478
0.00657924
1.52664e-14
-0.0118327
-0.00184346
0.00184078
-0.000593233
-0.0016746
0.00311741
0.00179233
-0.00601511
-0.00639904
-0.0042607
-0.00417649
0.00285144
0.00520026
-0.000277206
0.000650253
1.12413e-13
-0.000650253
0.000277206
-0.00520026
-0.00285144
0.00417649
0.0042607
0.00639904
0.00601511
-0.00179233
-0.00311741
0.0016746
0.000593233
-0.00184078
0.00184346
0.0118327
0.97404
0.0118327
0.00184346
-0.00184078
0.000593233
0.0016746
-0.00311741
7.65104e-12
0.000674142
0.0037656
-0.000603533
0.00222248
0.00113132
0.000464976
-0.00256669
0.00436769
0.0010138
-0.00375511
-0.00629727
0.00346148
0.000243475
-0.000580058
-0.000850898
2.78865e-14
0.000850898
0.000580058
-0.000243475
-0.00346148
0.00629727
0.00375511
-0.0010138
-0.00436769
0.00256669
-0.000464976
-0.00113132
-0.00222248
0.000603533
-0.0037656
-0.000674142
0.81369
-0.000674142
-0.0037656
0.000603533
-0.00222248
-0.00113132
-0.000464976
2.6704e-13
-0.00334626
0.00162653
-0.00658017
0.00187124
0.0039669
-0.00269293
0.000769915
0.00534577
-0.00161857
-0.00129347
0.000136517
0.00350191
-0.000946259
-0.000284329
0.00024808
-4.39064e-14
-0.00024808
0.000284329
0.000946259
-0.00350191
-0.000136517
0.00129347
0.00161857
-0.00534577
-0.000769915
0.00269293
-0.0039669
-0.00187124
0.00658017
-0.00162653
0.00334626
0.899886
0.00334626
-0.00162653
0.00658017
-0.00187124
-0.0039669
0.00269293
2.41451e-13
-0.00293721
0.0113645
0.00109924
0.00166049
0.00220985
-0.00724029
0.00224155
0.000625598
-0.00414459
-0.00537147
0.00101911
-0.000718136
-0.000345186
0.00295583
0.000379808
4.26108e-14
-0.000379808
-0.00295583
0.000345186
0.000718136
-0.00101911
0.00537147
0.00414459
-0.000625598
-0.00224155
0.00724029
-0.00220985
-0.00166049
-0.00109924
-0.0113645
0.00293721
0.926186
0.00293721
-0.0113645
-0.00109924
-0.00166049
-0.00220985
0.00724029
2.03657e-14
-0.0103413
-0.000248382
0.00266165
-0.00161602
-7.61786e-05
0.00446527
0.00119854
-0.00601698
-0.00571397
-0.00348559
-0.00359725
0.00128757
0.00459299
-0.00101719
-0.000104475
-2.1237e-14
0.000104475
0.00101719
-0.00459299
-0.00128757
0.00359725
0.00348559
0.00571397
0.00601698
-0.00119854
-0.00446527
7.61786e-05
0.00161602
-0.00266165
0.000248382
0.0103413
0.971545
0.0103413
0.000248382
-0.00266165
0.00161602
7.61786e-05
-0.00446527
7.50338e-12
0.00057921
0.00255681
0.00120927
0.0026558
-0.000326615
0.000300642
-0.00308327
0.00416895
0.00272385
-0.00516254
-0.00452102
0.00151479
-9.16753e-05
-0.000561608
-0.00174392
6.92315e-14
0.00174392
0.000561608
9.16753e-05
-0.00151479
0.00452102
0.00516254
-0.00272385
-0.00416895
0.00308327
-0.000300642
0.000326615
-0.0026558
-0.00120927
-0.00255681
-0.00057921
0.812958
-0.00057921
-0.00255681
-0.00120927
-0.0026558
0.000326615
-0.000300642
6.97713e-13
0.00293235
0.00400807
-0.00510513
0.000846744
0.000941924
-0.000112491
0.000670681
0.0051588
-0.00128594
-0.00192567
-0.000432389
0.0043098
-0.001889
0.000773846
0.000929509
-2.2266e-14
-0.000929509
-0.000773846
0.001889
-0.0043098
0.000432389
0.00192567
0.00128594
-0.0051588
-0.000670681
0.000112491
-0.000941924
-0.000846744
0.00510513
-0.00400807
-0.00293235
0.901709
-0.00293235
-0.00400807
0.00510513
-0.000846744
-0.000941924
0.000112491
3.23654e-13
-9.13072e-05
0.00752687
-0.000711994
0.00284465
0.00269804
-0.00463285
0.00523773
0.000275476
-0.00378195
-0.00396088
0.00234769
-0.00193296
-0.000804878
0.00353032
0.00137093
1.20705e-14
-0.00137093
-0.00353032
0.000804878
0.00193296
-0.00234769
0.00396088
0.00378195
-0.000275476
-0.00523773
0.00463285
-0.00269804
-0.00284465
0.000711994
-0.00752687
9.13072e-05
0.925905
9.13072e-05
-0.00752687
0.000711994
-0.00284465
-0.00269804
0.00463285
2.28472e-14
-0.00906556
0.000939414
0.00234641
-0.00486155
0.00104706
0.00496634
0.00160443
-0.00529071
-0.00386156
-0.00254156
-0.00315348
-0.000950401
0.00315499
-0.00168868
-0.00085192
-1.21478e-13
0.00085192
0.00168868
-0.00315499
0.000950401
0.00315348
0.00254156
0.00386156
0.00529071
-0.00160443
-0.00496634
-0.00104706
0.00486155
-0.00234641
-0.000939414
0.00906556
0.971607
0.00906556
-0.000939414
-0.00234641
0.00486155
-0.00104706
-0.00496634
9.18915e-12
0.000782523
0.00131368
0.00160598
0.000899634
-0.000933873
0.000501106
-0.00228493
0.00523627
0.00312422
-0.00656265
-0.000830746
-0.00109554
0.000720701
4.82058e-05
-0.00132212
1.34149e-13
0.00132212
-4.82058e-05
-0.000720701
0.00109554
0.000830746
0.00656265
-0.00312422
-0.00523627
0.00228493
-0.000501106
0.000933873
-0.000899634
-0.00160598
-0.00131368
-0.000782523
0.811748
-0.000782523
-0.00131368
-0.00160598
-0.000899634
0.000933873
-0.000501106
1.06644e-12
0.00434583
0.00373727
-0.00273633
-0.00107023
-0.00113887
0.00129257
0.00231165
0.00354886
0.000197604
-0.00143619
-0.00161032
0.00443642
-0.00119346
-1.70805e-05
0.0019074
5.48907e-14
-0.0019074
1.70805e-05
0.00119346
-0.00443642
0.00161032
0.00143619
-0.000197604
-0.00354886
-0.00231165
-0.00129257
0.00113887
0.00107023
0.00273633
-0.00373727
-0.00434583
0.899014
-0.00434583
-0.00373727
0.00273633
0.00107023
0.00113887
-0.00129257
3.60798e-13
0.00323752
0.00474142
-0.00347247
0.00292355
0.00369811
-0.00291773
0.00815133
0.00183164
-0.00281994
-0.00180169
0.00359339
-0.00236403
-0.00146843
0.00225545
0.00143692
-3.833e-15
-0.00143692
-0.00225545
0.00146843
0.00236403
-0.00359339
0.00180169
0.00281994
-0.00183164
-0.00815133
0.00291773
-0.00369811
-0.00292355
0.00347247
-0.00474142
-0.00323752
0.929644
-0.00323752
-0.00474142
0.00347247
-0.00292355
-0.00369811
0.00291773
3.66095e-14
-0.00852764
0.00294968
0.00136139
-0.00753096
0.00131233
0.00483393
0.00270812
-0.00323772
-0.00168086
-0.000929251
-0.00296854
-0.00184321
0.00141587
-0.0023685
-0.000932723
-1.69319e-13
0.000932723
0.0023685
-0.00141587
0.00184321
0.00296854
0.000929251
0.00168086
0.00323772
-0.00270812
-0.00483393
-0.00131233
0.00753096
-0.00136139
-0.00294968
0.00852764
0.973147
0.00852764
-0.00294968
-0.00136139
0.00753096
-0.00131233
-0.00483393
1.18673e-11
0.00107383
0.000964714
0.000373571
-0.00166318
-0.00045053
0.000258646
-0.000979909
0.00559885
0.00173428
-0.0060694
0.00298978
-0.00217238
0.00187512
0.00137632
-0.000845667
1.6295e-13
0.000845667
-0.00137632
-0.00187512
0.00217238
-0.00298978
0.0060694
-0.00173428
-0.00559885
0.000979909
-0.000258646
0.00045053
0.00166318
-0.000373571
-0.000964714
-0.00107383
0.810256
-0.00107383
-0.000964714
-0.000373571
0.00166318
0.00045053
-0.000258646
9.55785e-13
0.00294034
0.00155235
-0.00115416
-0.00254429
-0.000103007
0.001641
0.00414276
0.00277107
0.000678573
-0.00145105
-0.00276109
0.00511451
0.00103328
-0.000885429
0.000143738
7.30908e-14
-0.000143738
0.000885429
-0.00103328
-0.00511451
0.00276109
0.00145105
-0.000678573
-0.00277107
-0.00414276
-0.001641
0.000103007
0.00254429
0.00115416
-0.00155235
-0.00294034
0.896697
-0.00294034
-0.00155235
0.00115416
0.00254429
0.000103007
-0.001641
3.30328e-13
0.00440997
0.0039948
-0.00384658
0.00146437
0.00343353
-0.00207771
0.00706491
0.00239096
0.000143159
-0.00171999
0.00227648
0.000685602
-0.00234244
-4.10456e-05
0.00212348
3.86378e-14
-0.00212348
4.10456e-05
0.00234244
-0.000685602
-0.00227648
0.00171999
-0.000143159
-0.00239096
-0.00706491
0.00207771
-0.00343353
-0.00146437
0.00384658
-0.0039948
-0.00440997
0.929486
-0.00440997
-0.0039948
0.00384658
-0.00146437
-0.00343353
0.00207771
8.82105e-14
-0.00810058
0.00552111
0.000118742
-0.00653088
-6.72736e-05
0.00471903
0.00358636
0.000613635
-0.000691614
0.000283376
-0.00250565
-0.00201613
-0.000897889
-0.00215337
0.00108352
-8.56476e-14
-0.00108352
0.00215337
0.000897889
0.00201613
0.00250565
-0.000283376
0.000691614
-0.000613635
-0.00358636
-0.00471903
6.72736e-05
0.00653088
-0.000118742
-0.00552111
0.00810058
0.97211
0.00810058
-0.00552111
-0.000118742
0.00653088
6.72736e-05
-0.00471903
7.7471e-12
0.000626382
0.0012246
-0.00121169
-0.004643
0.000909742
-0.000565361
9.7806e-06
0.00346989
-0.000285118
-0.00502571
0.00419046
-0.00216213
0.002027
0.00280427
-0.00115789
1.40354e-13
0.00115789
-0.00280427
-0.002027
0.00216213
-0.00419046
0.00502571
0.000285118
-0.00346989
-9.7806e-06
0.000565361
-0.000909742
0.004643
0.00121169
-0.0012246
-0.000626382
0.810024
-0.000626382
-0.0012246
0.00121169
0.004643
-0.000909742
0.000565361
5.80406e-13
-0.00025895
-0.000641422
0.000553107
-0.00238427
0.00150015
0.0023491
0.00374745
0.0027874
-0.00062884
-0.00214965
-0.00238459
0.00466892
0.00140361
-0.000357881
-0.00180222
8.55716e-14
0.00180222
0.000357881
-0.00140361
-0.00466892
0.00238459
0.00214965
0.00062884
-0.0027874
-0.00374745
-0.0023491
-0.00150015
0.00238427
-0.000553107
0.000641422
0.00025895
0.895067
0.00025895
0.000641422
-0.000553107
0.00238427
-0.00150015
-0.0023491
2.85595e-13
0.00493704
0.00295113
-0.00110564
-0.000653232
0.00315735
-0.00216404
0.00364646
0.0015679
0.00204613
-0.00343586
0.00157489
0.00326236
-0.00304073
-0.000724206
0.00178308
1.77877e-14
-0.00178308
0.000724206
0.00304073
-0.00326236
-0.00157489
0.00343586
-0.00204613
-0.0015679
-0.00364646
0.00216404
-0.00315735
0.000653232
0.00110564
-0.00295113
-0.00493704
0.927081
-0.00493704
-0.00295113
0.00110564
0.000653232
-0.00315735
0.00216404
1.32945e-13
-0.00719493
0.00567063
-0.000717444
-0.00298568
-0.00128017
0.00270717
0.00355707
0.00388745
0.000202421
-0.000740087
-0.00278044
-0.00266583
-0.0021405
-0.00189588
0.00245583
-3.67772e-14
-0.00245583
0.00189588
0.0021405
0.00266583
0.00278044
0.000740087
-0.000202421
-0.00388745
-0.00355707
-0.00270717
0.00128017
0.00298568
0.000717444
-0.00567063
0.00719493
0.967738
0.00719493
-0.00567063
0.000717444
0.00298568
0.00128017
-0.00270717
2.69532e-12
-0.00143931
0.00152466
-0.0026579
-0.00646066
0.00230927
-0.00158825
0.000273271
0.000507228
-0.0019062
-0.00389374
0.00378425
-0.0028326
0.00202241
0.00302483
-0.00120192
1.10598e-13
0.00120192
-0.00302483
-0.00202241
0.0028326
-0.00378425
0.00389374
0.0019062
-0.000507228
-0.000273271
0.00158825
-0.00230927
0.00646066
0.0026579
-0.00152466
0.00143931
0.810699
0.00143931
-0.00152466
0.0026579
0.00646066
-0.00230927
0.00158825
2.74159e-13
-0.00305473
-0.00103686
0.00219648
-0.001653
0.00202582
0.00244599
0.0019214
0.0026905
-0.00272699
-0.00300502
-0.00156153
0.00309393
0.000784637
0.000207634
-0.00227459
1.02168e-13
0.00227459
-0.000207634
-0.000784637
-0.00309393
0.00156153
0.00300502
0.00272699
-0.0026905
-0.0019214
-0.00244599
-0.00202582
0.001653
-0.00219648
0.00103686
0.00305473
0.895742
0.00305473
0.00103686
-0.00219648
0.001653
-0.00202582
-0.00244599
2.3229e-13
0.00449734
-0.0006216
0.00295872
-0.0020406
0.00251363
-0.00181425
0.00220796
4.51372e-05
0.00144176
-0.00247123
0.00209824
0.00337209
-0.00240775
-0.00123995
0.00156253
-2.90559e-14
-0.00156253
0.00123995
0.00240775
-0.00337209
-0.00209824
0.00247123
-0.00144176
-4.51372e-05
-0.00220796
0.00181425
-0.00251363
0.0020406
-0.00295872
0.0006216
-0.00449734
0.92783
-0.00449734
0.0006216
-0.00295872
0.0020406
-0.00251363
0.00181425
1.14206e-13
-0.00665889
0.00364628
-0.00210433
2.58336e-05
-0.00126401
0.000396766
0.00305823
0.00491109
0.000926616
-0.00233811
-0.00328272
-0.00240514
-0.00218548
-0.00221687
0.00298035
-2.48384e-14
-0.00298035
0.00221687
0.00218548
0.00240514
0.00328272
0.00233811
-0.000926616
-0.00491109
-0.00305823
-0.000396766
0.00126401
-2.58336e-05
0.00210433
-0.00364628
0.00665889
0.965542
0.00665889
-0.00364628
0.00210433
-2.58336e-05
0.00126401
-0.000396766
4.97339e-13
-0.00539336
-0.000750602
-0.00464086
-0.00603288
0.00211977
-0.00377656
0.00041287
-0.00128875
-0.00287725
-0.00289232
0.00299656
-0.00334722
0.00114605
0.00234987
-0.000677827
4.00349e-14
0.000677827
-0.00234987
-0.00114605
0.00334722
-0.00299656
0.00289232
0.00287725
0.00128875
-0.00041287
0.00377656
-0.00211977
0.00603288
0.00464086
0.000750602
0.00539336
0.810335
0.00539336
0.000750602
0.00464086
0.00603288
-0.00211977
0.00377656
1.24769e-13
-0.00299657
0.00177696
0.00205514
-0.00323436
-0.000462784
0.000794048
0.000863674
0.00268545
-0.00234422
-0.00229258
-0.00151992
0.000391166
-0.000413851
-0.000828313
-0.00230184
7.68262e-14
0.00230184
0.000828313
0.000413851
-0.000391166
0.00151992
0.00229258
0.00234422
-0.00268545
-0.000863674
-0.000794048
0.000462784
0.00323436
-0.00205514
-0.00177696
0.00299657
0.895209
0.00299657
-0.00177696
-0.00205514
0.00323436
0.000462784
-0.000794048
1.69078e-13
0.00301148
-0.00439898
0.0056764
-0.00245977
0.0020849
-0.00179539
0.00205657
0.000147538
-0.00113323
-0.000684064
0.00292026
0.00194355
-0.00111201
-0.00199999
0.00265744
-6.26159e-14
-0.00265744
0.00199999
0.00111201
-0.00194355
-0.00292026
0.000684064
0.00113323
-0.000147538
-0.00205657
0.00179539
-0.0020849
0.00245977
-0.0056764
0.00439898
-0.00301148
0.930419
-0.00301148
0.00439898
-0.0056764
0.00245977
-0.0020849
0.00179539
6.77216e-14
-0.00770528
0.000325857
-0.00276471
0.00160735
-0.00114978
-0.001072
0.00233399
0.00416484
0.00171603
-0.0032981
-0.00305851
-0.00223167
-0.00131076
-0.00199123
0.00240505
1.83289e-14
-0.00240505
0.00199123
0.00131076
0.00223167
0.00305851
0.0032981
-0.00171603
-0.00416484
-0.00233399
0.001072
0.00114978
-0.00160735
0.00276471
-0.000325857
0.00770528
0.966955
0.00770528
-0.000325857
0.00276471
-0.00160735
0.00114978
0.001072
2.97041e-13
-0.00824071
-0.00424431
-0.00406676
-0.00383578
0.00280197
-0.00395502
0.00111252
-0.00121896
-0.00295214
-0.00305032
0.00144163
-0.00328025
0.000624668
0.000116673
-0.000590234
-3.06631e-14
0.000590234
-0.000116673
-0.000624668
0.00328025
-0.00144163
0.00305032
0.00295214
0.00121896
-0.00111252
0.00395502
-0.00280197
0.00383578
0.00406676
0.00424431
0.00824071
0.809988
0.00824071
0.00424431
0.00406676
0.00383578
-0.00280197
0.00395502
1.03296e-13
-0.000653795
0.00500753
0.00133567
-0.00383802
-0.00205343
-0.00103439
0.0012857
0.00238509
-0.00123424
-0.00136964
-0.00278831
-0.001964
0.000936954
-0.00157809
-0.00274582
-3.57402e-14
0.00274582
0.00157809
-0.000936954
0.001964
0.00278831
0.00136964
0.00123424
-0.00238509
-0.0012857
0.00103439
0.00205343
0.00383802
-0.00133567
-0.00500753
0.000653795
0.893345
0.000653795
-0.00500753
-0.00133567
0.00383802
0.00205343
0.00103439
1.0659e-13
0.00157281
-0.00688975
0.00375267
-0.00149985
0.00227548
-0.00107072
0.00220139
0.00247549
-0.00324216
-0.00056061
0.0014567
0.00109533
0.000635922
-0.00148857
0.00326356
-5.89049e-14
-0.00326356
0.00148857
-0.000635922
-0.00109533
-0.0014567
0.00056061
0.00324216
-0.00247549
-0.00220139
0.00107072
-0.00227548
0.00149985
-0.00375267
0.00688975
-0.00157281
0.929038
-0.00157281
0.00688975
-0.00375267
0.00149985
-0.00227548
0.00107072
5.60436e-14
-0.00978248
-0.00233592
-0.00180891
0.00213789
-0.000151797
-0.00160953
0.00166062
0.00247814
0.0022597
-0.00171047
-0.00119047
-0.00235659
0.000839396
-0.00115362
0.000737286
5.7255e-14
-0.000737286
0.00115362
-0.000839396
0.00235659
0.00119047
0.00171047
-0.0022597
-0.00247814
-0.00166062
0.00160953
0.000151797
-0.00213789
0.00180891
0.00233592
0.00978248
0.968141
0.00978248
0.00233592
0.00180891
-0.00213789
0.000151797
0.00160953
5.3091e-10
0.0039293
0.00282815
0.00235808
0.000841574
0.000119872
-0.000945013
0.00106372
-0.000143121
-0.000242299
-0.000227273
-0.000471422
0.000376672
0.000947484
-0.00088121
0.000269653
1.01254e-13
-0.000269653
0.00088121
-0.000947484
-0.000376672
0.000471422
0.000227273
0.000242299
0.000143121
-0.00106372
0.000945013
-0.000119872
-0.000841574
-0.00235808
-0.00282815
-0.0039293
0.745022
-0.0039293
-0.00282815
-0.00235808
-0.000841574
-0.000119872
0.000945013
1.66282e-12
0.000891272
0.000667975
-0.000209833
-1.74546e-05
-0.000196758
-0.000699832
0.000511783
0.000943081
-0.00095613
-1.67097e-05
-0.000599761
1.24514e-05
0.00114317
-0.00206288
-7.69219e-05
3.96248e-14
7.69218e-05
0.00206288
-0.00114317
-1.24514e-05
0.000599761
1.67097e-05
0.00095613
-0.000943081
-0.000511783
0.000699832
0.000196758
1.74546e-05
0.000209833
-0.000667975
-0.000891272
0.835942
-0.000891272
-0.000667975
0.000209833
1.74546e-05
0.000196758
0.000699832
8.76614e-13
0.000152338
-0.000799416
0.000711192
9.55828e-05
0.0010275
0.000243556
0.000450149
0.000747359
-0.0013602
-0.000707075
-0.000668596
0.000155448
-0.000440467
0.000599056
0.00122001
-2.4562e-15
-0.00122001
-0.000599056
0.000440467
-0.000155448
0.000668596
0.000707075
0.0013602
-0.000747359
-0.000450149
-0.000243556
-0.0010275
-9.55828e-05
-0.000711192
0.000799416
-0.000152338
0.863073
-0.000152338
0.000799416
-0.000711192
-9.55828e-05
-0.0010275
-0.000243556
3.19228e-13
-0.000869857
0.00011167
-0.000726604
-0.000524926
0.000736253
-0.000385319
-0.000283325
-0.000382175
-0.000910415
0.00067648
-0.000670511
-0.000585826
0.000436103
0.000195178
-0.00088541
-2.57362e-14
0.00088541
-0.000195178
-0.000436103
0.000585826
0.000670511
-0.00067648
0.000910415
0.000382175
0.000283325
0.000385319
-0.000736253
0.000524926
0.000726604
-0.00011167
0.000869857
0.878515
0.000869857
-0.00011167
0.000726604
0.000524926
-0.000736253
0.000385319
2.26252e-08
0.0173838
0.00566738
0.00742758
0.00725898
0.00599025
-0.00296135
-0.000804294
0.000597447
-0.000423547
-0.00217709
0.00047326
-0.000214304
-0.000324201
-0.000239737
-0.000850591
1.70158e-13
0.000850591
0.000239737
0.000324201
0.000214304
-0.00047326
0.00217709
0.000423547
-0.000597447
0.000804294
0.00296135
-0.00599025
-0.00725898
-0.00742758
-0.00566738
-0.0173838
0.759104
-0.0173838
-0.00566738
-0.00742758
-0.00725898
-0.00599025
0.00296135
3.39724e-13
0.000171413
-0.00403632
0.00391745
0.00194532
-0.00195557
-0.00225937
0.00242191
0.000711133
-0.000323018
0.00116637
-0.00335845
-0.000571052
0.000174083
-0.000234385
0.000911081
-1.05737e-13
-0.000911081
0.000234385
-0.000174083
0.000571052
0.00335845
-0.00116637
0.000323018
-0.000711133
-0.00242191
0.00225937
0.00195557
-0.00194532
-0.00391745
0.00403632
-0.000171413
0.870376
-0.000171413
0.00403632
-0.00391745
-0.00194532
0.00195557
0.00225937
3.81752e-14
-8.22434e-06
-0.00707123
0.00111501
-0.00161014
-0.000823916
0.000364258
-0.0033094
0.00240257
-0.00127694
-0.00192393
-0.000193616
0.000483864
0.00201473
0.000571361
0.00207584
-1.61745e-13
-0.00207584
-0.000571361
-0.00201473
-0.000483864
0.000193616
0.00192393
0.00127694
-0.00240257
0.0033094
-0.000364258
0.000823916
0.00161014
-0.00111501
0.00707123
8.22434e-06
0.908627
8.22434e-06
0.00707123
-0.00111501
0.00161014
0.000823916
-0.000364258
1.57985e-13
-0.0069247
-0.0069411
0.00377127
0.000790232
0.000853311
-0.00194891
0.00523542
-0.00224732
-0.00154135
0.00120192
-0.000103175
0.000451763
0.000420206
-0.00139447
0.000596242
5.27299e-14
-0.000596242
0.00139447
-0.000420206
-0.000451763
0.000103175
-0.00120192
0.00154135
0.00224732
-0.00523542
0.00194891
-0.000853311
-0.000790232
-0.00377127
0.0069411
0.0069247
0.923676
0.0069247
0.0069411
-0.00377127
-0.000790232
-0.000853311
0.00194891
2.25519e-07
0.0213838
0.00401175
0.00255053
0.00739606
0.00604295
0.000497311
0.000882328
-0.00209024
-0.00245844
-0.000374409
-0.00118411
-0.000432558
0.000660336
-0.000396717
0.00118747
2.89759e-13
-0.00118747
0.000396717
-0.000660336
0.000432558
0.00118411
0.000374409
0.00245844
0.00209024
-0.000882328
-0.000497311
-0.00604295
-0.00739606
-0.00255053
-0.00401175
-0.0213838
0.700316
-0.0213838
-0.00401175
-0.00255053
-0.00739606
-0.00604295
-0.000497311
3.25958e-12
-0.000882566
-0.00532967
0.00649723
-0.00292312
0.00176361
-0.00352032
0.00354309
-0.0021166
0.00126992
0.000663405
-0.00257987
-0.00143619
0.00153349
-0.0011814
-0.000551591
-8.729e-14
0.000551591
0.0011814
-0.00153349
0.00143619
0.00257987
-0.000663405
-0.00126992
0.0021166
-0.00354309
0.00352032
-0.00176361
0.00292312
-0.00649723
0.00532967
0.000882566
0.816511
0.000882566
0.00532967
-0.00649723
0.00292312
-0.00176361
0.00352032
